3.641,1.0126,2
-3.4221,1.9595,2
-2.1968,3.0721,1
-1.926,-0.68993,2
-1.1435,-4.6578,2
0.062943,5.8528,2
2.5854,-4.9297,2
-2.9718,-1.4292,2
3.4624,-0.45695,2
-3.0999,-5.3219,2
3.4606,1.6354,2
0.33218,1.5413,1
-0.45575,-0.33039,2
-0.68425,0.4949,2
0.85679,-0.41664,2
-6.7215,3.1597,2
3.6478,0.17412,2
2.8545,0.48648,2
-1.9327,0.2297,2
-0.18243,-4.2715,2
2.1412,-1.3379,3
-2.6323,-2.3707,2
-1.8273,0.98677,2
-0.67176,2.6389,2
3.9812,0.080448,3
2.4818,0.83906,2
3.6723,1.3543,2
4.5312,-1.4199,3
-5.3639,-2.2777,1
-0.94387,-0.10829,1
2.8125,1.9917,3
-3.6336,-1.8609,2
-1.8176,-4.3809,2
3.6313,2.5987,3
-3.388,-2.9213,1
1.8638,2.2115,3
-1.4654,2.1671,1
1.0486,1.1346,1
0.17841,2.2063,2
2.848,-1.4749,3
2.5978,0.12175,2
-0.41024,4.0896,2
-0.66768,-2.3563,1
-2.1459,0.13983,3
4.1235,4.1482,2
3.9879,-1.8356,2
0.87615,-3.6494,1
2.2143,1.7991,3
-1.0288,2.9524,3
-5.64,-0.79645,2
-0.68421,0.50025,3
-0.44539,-1.2669,2
-1.5184,-4.707,2
0.60415,1.4847,1
1.4065,1.5133,3
0.061327,1.0081,2
0.27075,0.30875,3
-3.2961,-1.7569,1
1.0793,-0.58293,3
-5.8108,-0.18786,2
0.31807,2.5763,2
1.1056,-4.0993,1
1.2575,-1.7468,1
1.5938,0.24448,2
3.0124,3.8569,3
-2.2619,0.014226,2
-0.34841,0.18868,1
1.4548,-0.27269,2
-2.1398,-0.42817,2
-2.7566,0.51505,2
-1.7753,-2.5604,2
0.19856,-1.0579,2
-1.9443,0.28204,2
1.5037,6.1012,3
-1.2143,-5.0306,1
-1.7944,-1.4789,2
5.0072,6.0087,3
-2.2738,0.051754,2
-0.1413,0.58841,3
1.4297,4.7164,3
2.6999,-0.5947,2
0.40941,-1.4628,3
2.8211,0.76019,1
-1.9669,6.3412,2
-3.7294,0.1444,2
-3.9034,-2.6902,1
3.8553,3.7402,2
-0.0050121,-1.5232,2
1.5588,0.93929,2
-0.11216,0.63264,2
-0.85365,-1.5088,2
-1.0704,-1.2821,2
-0.6384,1.6136,2
1.8368,-2.6856,3
0.27071,3.201,3
2.0312,2.6422,3
-1.293,0.05258,1
-3.108,-6.8785,3
-3.2309,0.46477,2
-1.3325,1.0129,2
-4.4937,-2.525,2
-2.303,-1.3619,1
4.7364,2.313,3
4.853,1.4399,3
2.4876,0.94719,2
0.052481,-2.1724,1
3.2393,0.75853,2
-2.3718,0.29196,2
-1.0758,0.50935,3
1.7895,3.241,3
-4.2736,0.37008,3
3.9749,4.7876,3
-2.7826,-1.8048,1
-0.36802,-0.44739,3
-1.4148,-3.0623,1
3.3243,-0.95282,3
-0.56188,3.1825,2
0.87862,-1.5677,2
-0.66741,1.0718,3
0.36008,0.63927,3
-0.72703,-0.57303,2
-0.074402,-1.8291,2
2.4024,1.0894,3
-2.469,-2.7913,1
-0.88517,5.9848,3
0.72156,-0.68966,2
-2.5969,0.038828,2
-0.20372,1.2252,1
1.4454,0.33448,1
1.1608,2.4783,3
1.4865,-2.7015,2
0.98942,-0.77681,2
-0.26476,-0.18819,2
-1.4389,-1.0869,3
0.96028,1.8524,1
3.022,2.6174,1
1.8102,0.32906,2
1.5427,2.6187,3
-0.54798,5.2974,1
-0.38317,-0.86195,2
-1.0881,2.6466,3
0.62847,3.6763,2
-1.2702,-2.2448,1
2.261,-2.9328,2
2.1385,-1.3511,3
1.0288,-0.93781,3
0.797,0.035012,2
-3.1124,-0.30172,2
2.2217,-2.7138,1
-1.1418,-1.4655,2
-3.289,0.1456,2
0.41947,1.2118,1
5.1558,4.9138,2
-2.1445,1.0362,1
0.14576,-0.31341,3
-1.9764,-0.58455,2
-2.4291,2.1816,1
-0.0050805,-1.2977,2
0.58312,-3.2293,3
-0.14198,1.5417,2
-1.0207,-2.0542,1
-0.087485,3.6675,2
-0.45225,4.7355,3
-1.8909,-0.94523,1
-2.5087,-3.277,2
3.9629,3.5831,2
-1.7544,-2.1697,1
1.9714,-0.47798,1
0.76213,-3.287,2
-5.6779,-4.736,1
-1.3524,-3.2308,3
5.3541,-1.1713,2
5.4511,0.86756,3
0.054386,2.6453,3
-1.1344,3.2621,1
1.2161,-0.21631,2
2.6496,2.8002,1
4.0438,1.3407,3
2.8366,0.86044,2
0.091092,0.13182,2
-2.4694,-2.7893,2
-1.6038,-0.37992,2
2.8968,-0.87381,2
2.1336,-0.36811,2
0.42113,-1.9385,2
3.4385,-1.9851,2
-0.26332,-0.1799,3
0.94809,-2.6274,2
0.62065,-2.8239,2
0.59372,-0.72193,3
-4.3424,-1.7201,2
-0.025448,5.5678,3
-1.9142,0.5745,2
-0.73481,1.248,3
0.49836,-0.74308,3
3.0969,0.78276,2
0.76182,-1.4341,1
2.9657,3.8928,2
-0.92703,0.036036,2
0.75184,1.4836,2
2.2084,2.5568,2
-1.561,-0.61572,1
1.0781,1.9502,2
-0.82721,-2.881,1
0.063773,-0.61947,2
-0.37468,-2.4225,3
-1.1848,-0.75141,1
3.3288,2.2548,2
-0.90894,-1.0708,1
0.31875,-0.96777,2
-1.1774,0.12314,3
0.62522,-2.1338,1
-0.22409,3.6334,2
-3.1409,-0.49969,2
-0.32619,1.4581,2
-3.5105,1.3816,2
-1.2003,-3.0615,2
-0.47177,-1.872,2
-0.7107,-5.7787,2
-0.5475,1.8365,2
-4.5166,0.28811,1
-3.3586,6.136,2
2.3509,-4.0111,1
1.4592,-1.0361,2
2.3859,-1.5005,2
2.7286,-1.0351,1
0.059759,0.025938,3
-0.10013,0.38362,2
3.3701,1.0243,3
-2.8441,-2.6301,1
-2.2193,-4.4167,3
1.4167,1.7635,2
0.090886,-1.6523,2
-0.04556,0.89777,3
0.71495,2.9872,1
-2.2851,2.6554,3
1.3739,-1.2531,2
0.85838,0.10791,2
-1.137,-2.2718,2
-1.0863,3.0105,2
1.1929,1.2103,2
-3.5218,3.5459,2
1.204,1.6045,1
0.03941,-0.1584,2
-0.43633,-4.2606,1
-2.3415,3.3334,2
0.4263,-1.215,3
-0.19311,1.4224,3
-3.8387,-3.6189,1
1.133,1.2367,3
-1.4048,0.50359,2
0.24118,-0.42626,1
3.0879,-0.77634,2
-1.0513,-1.362,2
1.6245,3.5735,2
-1.2456,-4.5467,1
-0.24296,1.2058,3
0.67596,4.6364,2
1.0815,3.1724,1
0.27262,-1.2401,2
3.1356,3.3693,3
0.15579,3.6478,1
-0.084911,-0.3402,2
-0.098794,-1.7415,1
-0.24665,-1.1665,3
-0.42674,3.7343,3
-0.90254,1.2146,2
-0.80667,2.1511,1
-0.21691,-2.839,2
4.1842,-0.28857,2
-1.7721,1.5821,3
0.77442,0.4348,2
-5.7122,-2.0245,1
0.80341,2.1347,2
-1.5729,1.0665,1
1.3236,-1.2653,3
-1.2972,-0.434,3
3.9113,-0.4035,3
2.5059,-3.9861,1
1.3643,3.3254,3
2.2892,6.6626,2
-3.1167,2.4801,2
-2.4705,2.8983,2
0.3456,-1.2418,3
0.2895,1.8328,1
-1.5965,-2.2873,2
-0.92847,0.70979,1
1.6623,0.87826,2
3.3735,3.249,1
-1.7887,1.2035,2
0.55984,-0.96176,3
0.53304,0.45382,2
-1.1318,-1.4389,2
3.099,-2.3664,2
-0.45399,3.3719,3
-0.83916,1.2516,3
1.3002,-0.29317,2
-2.119,-0.68565,2
-0.61349,1.7305,2
0.29481,-1.0893,2
0.10153,-0.322,3
3.0497,0.89724,3
-0.62076,-0.22791,2
0.46012,-2.9696,2
1.9121,0.16228,3
-0.97487,-1.1545,2
-1.1721,-2.2829,2
2.2736,-2.9479,2
1.5368,-1.4637,1
1.5517,1.949,3
0.69271,0.80952,2
-1.2649,-3.225,1
1.2976,0.27689,3
-4.4143,-2.4276,2
0.53823,-7.0336,1
0.76322,-0.62422,2
-4.6324,2.5468,1
-0.43085,-0.75118,1
-0.94378,2.1338,3
0.36888,3.3656,2
-5.4796,-2.6298,1
-2.1906,0.40772,1
-0.15305,3.6799,3
-1.8615,-0.066571,3
-1.1678,2.4188,1
3.3653,2.9103,3
-2.7292,-0.19979,2
-0.43278,1.8509,1
0.24529,0.92588,1
-2.4221,1.0285,3
3.0159,2.4361,3
2.1938,7.5689,3
2.7116,-0.4398,2
-2.614,-2.6825,2
1.8296,-1.2937,2
-1.7774,-0.19969,3
3.4033,3.6867,3
-0.76531,2.2987,2
-0.55531,2.1515,2
4.1705,2.9137,3
1.2718,-2.0981,3
-2.7378,-5.5878,3
-1.3929,-0.9455,2
0.048806,4.8821,2
-2.6512,-3.874,1
-1.2365,0.17192,2
4.4054,-0.010558,2
1.4537,-3.3469,3
-3.4599,-1.2271,1
-3.6588,-4.3708,1
-3.3761,3.8092,2
3.5687,0.23676,3
-1.4055,-0.61811,2
0.52624,-2.1277,1
-2.625,-4.9016,2
-0.66523,-2.5585,1
-4.333,-0.64007,3
-4.0398,2.2742,1
1.2965,0.39713,2
-1.3444,0.8535,2
-0.21124,1.0767,3
-4.4016,-0.0013584,1
-2.2315,3.9204,2
-4.0494,0.10751,2
-2.6526,1.827,1
-0.58207,-0.74889,1
-1.371,0.84812,2
-1.3064,-0.0096413,2
-2.0886,4.3835,3
0.21124,-2.0877,1
3.8834,3.6032,2
0.03228,0.45683,3
3.3435,3.8089,2
-0.87087,-0.98157,2
-1.6737,-1.5504,2
1.5231,-1.3002,2
-4.3062,-0.50465,1
1.1134,-1.4698,2
0.81371,0.69109,2
-3.248,0.17505,1
-5.4563,-2.3953,1
1.0403,-1.9629,3
1.7252,-0.90566,2
-1.3955,0.52082,1
2.6441,4.5947,2
0.68267,3.4147,2
0.9139,-0.3948,1
0.81571,-2.4107,1
0.9897,0.85358,1
0.70749,-1.3013,2
-0.35372,-0.93868,3
-2.2028,-0.36649,3
1.4466,-0.64675,2
1.24,-6.1997,1
2.2379,-0.6464,2
-0.78122,0.78769,2
-2.092,-0.53869,1
3.2757,3.0899,3
1.9405,-1.8871,3
1.018,2.2818,2
2.5656,-2.3772,2
-1.5151,3.8032,2
4.4812,3.1382,2
-1.5923,-1.7752,2
-1.6676,-0.83192,3
1.996,0.81663,2
0.045323,1.4451,2
1.7476,-0.55416,2
2.1533,-0.26927,2
-1.6911,-0.86333,2
-1.8868,-0.47266,2
-3.0445,-0.38445,1
-3.1127,0.89912,2
-0.34258,-1.2472,3
-2.4777,-0.19765,2
1.4966,0.078707,2
0.68356,1.3699,2
3.5488,4.0697,3
-6.4721,-2.8053,1
-0.85907,-2.0976,2
-1.5475,-2.3787,1
-0.74944,-0.4382,1
-2.4057,-1.3959,1
3.3494,1.7587,3
1.6514,0.22935,2
-2.6562,0.07078,1
-3.2206,0.91623,1
-1.1419,3.1117,2
-3.64,0.613,1
2.1509,-0.13198,3
1.3738,2.1948,3
-1.6702,1.9702,2
-0.62077,3.3616,3
4.1556,2.563,3
1.8795,4.8519,3
-5.3263,-6.8325,1
-2.2757,-1.9247,1
-3.2108,-1.0279,1
-2.4867,-0.37865,3
3.2153,-0.83183,2
2.7026,1.4728,2
-1.3087,0.36772,3
1.0585,3.9615,3
1.2376,-1.3798,2
-0.51246,-0.95898,2
0.15353,-2.0596,1
1.5079,1.2045,2
-1.5931,3.1048,1
0.3032,-3.1359,1
1.4825,-2.3684,3
1.3483,-1.7536,2
1.5664,-1.0417,2
-1.5035,1.2369,3
1.0956,-1.1281,2
-0.28982,0.39023,1
1.226,0.54988,1
0.082928,-2.8018,1
1.0061,1.8825,1
-3.604,-2.9883,1
1.2325,0.7937,3
0.22124,-2.3162,2
-0.83735,-1.4436,1
2.7609,-0.86189,2
-0.47369,-0.056135,2
7.306,8.1656,3
1.0931,-2.4475,2
-2.3597,-1.8767,2
-0.51787,-1.6646,3
0.42912,-0.52868,3
2.5589,-1.4075,2
-6.7509,-5.1582,1
-0.64083,0.91819,2
0.66922,-0.77883,2
0.85272,0.010027,3
0.28698,0.56249,3
5.2704,0.062439,3
-0.71061,-0.25273,3
1.7192,-1.8511,2
-0.019221,0.90293,2
1.0352,2.5389,2
0.22011,0.78276,2
0.95254,0.095541,2
3.0624,1.7602,2
0.092086,-2.4581,1
0.016211,3.0223,3
4.6107,2.2124,2
-4.5914,-1.7518,2
1.2714,-0.86524,1
-2.5032,0.19034,2
-1.6664,0.53931,2
2.2297,-1.8082,3
-1.5084,1.2309,1
0.65153,-1.4746,1
-5.7462,-3.4297,1
3.7847,2.6109,3
-1.2383,0.61682,1
-1.2868,0.97941,2
-0.4079,2.8048,2
0.92071,2.5384,2
2.4879,0.48197,3
-0.26216,1.8695,2
1.3666,-2.4961,2
0.51218,2.6548,3
0.60074,-1.043,2
-1.7315,-1.4,2
-2.0522,0.36609,2
3.2275,0.74956,3
2.2628,1.9428,2
0.43787,-1.4896,1
-1.9252,-3.0321,1
1.7164,1.6038,2
-1.6588,-1.2152,2
1.0703,-0.10171,2
-0.85175,-5.0643,2
-1.1443,-1.6359,1
-1.0157,-2.1163,2
3.4652,2.1422,2
2.2065,0.30416,2
3.6334,5.1112,2
0.24838,-0.64308,2
2.1156,1.4813,3
7.1149,0.20552,2
2.0253,1.7524,3
0.83393,-2.6888,1
-2.8072,-1.012,2
-2.3046,2.7966,2
-1.0597,-3.0361,2
-0.13701,-3.4173,2
-0.13212,-4.7863,2
2.2896,-0.67845,1
2.7238,-1.2295,2
3.5978,2.8308,3
-2.0022,-3.7611,1
3.7285,1.2654,2
0.84731,1.4156,2
3.9422,0.98781,2
-3.5591,3.594,2
3.5667,-0.72938,1
3.25,2.3286,3
-1.1547,1.0911,2
-0.35677,-1.1322,1
0.93961,2.8526,2
-0.73473,-2.3181,3
-1.3668,1.2264,2
4.8622,0.32737,3
-2.4147,-7.7228,1
5.8759,6.7437,3
2.3887,0.87741,2
0.80397,3.6936,3
-1.5635,-3.0138,2
2.5459,0.76357,2
1.2229,-2.6843,1
0.58343,1.7063,2
0.8886,-0.98576,2
-0.11084,1.2808,2
0.41945,2.6398,2
-0.56698,-1.6332,2
-3.6899,-0.28672,2
-3.3869,-1.7801,2
-2.1509,2.0036,2
-0.5757,-0.43205,1
-1.6058,0.41861,2
1.4007,-4.4384,2
-2.2263,-1.124,2
4.9638,-0.096164,3
-0.5516,-0.38265,1
1.3166,2.1694,2
-2.0796,1.4535,1
-0.66335,-0.55314,3
0.13895,0.61766,2
-0.025416,1.3731,2
2.4931,-1.6122,2
0.38614,1.3999,2
-0.68099,-1.2181,2
-2.203,1.3207,3
-0.25573,4.1459,3
0.85054,-4.0193,1
2.1459,-0.3593,3
0.62569,1.8605,3
3.2038,2.8253,2
-3.2373,-1.6905,1
-0.8729,3.8765,3
-1.1417,1.0982,2
3.4285,-4.3946,1
-1.6697,-0.44693,1
0.47639,-1.1717,3
-0.86388,-0.44991,3
-2.9776,-0.58199,3
-0.88644,-1.7973,2
1.4584,-1.951,2
-0.14171,2.4727,2
-3.1548,-2.8602,3
0.56292,-0.7194,2
-1.8207,2.3379,2
-1.5396,3.4436,1
-0.66966,-0.83857,2
-5.2705,-3.9839,2
2.4478,0.013564,2
-1.9527,0.53163,1
5.8396,5.8473,2
3.6616,1.9354,3
2.8161,0.24044,3
3.8457,-2.3358,1
0.5865,-0.36954,3
1.209,-1.4501,2
-0.58984,-6.0022,1
0.18811,-0.36173,2
-2.4946,-3.455,1
1.484,-1.2597,2
0.38959,1.7425,3
-0.28998,4.8017,2
2.0677,1.2736,3
1.7025,-0.35603,2
0.19066,0.50406,3
0.06897,2.3187,2
0.65471,1.608,2
-2.5424,-1.1117,2
-1.3183,-2.9124,2
-2.4457,-4.5474,2
-4.1148,-0.069834,1
-0.0261,0.61732,2
1.1865,2.1812,3
-0.27362,-3.6512,1
0.39272,5.585,3
-0.40649,2.7713,2
-3.9154,-4.8469,3
-0.78429,-1.2855,1
-2.1168,-0.28152,1
2.7576,-0.55729,3
-3.9367,0.94183,2
-0.1282,1.8049,3
3.2509,-0.11688,3
-1.2037,-0.88748,2
-2.7626,3.3782,1
0.055803,1.3694,2
-1.2697,-1.1446,1
0.94476,-2.0666,3
0.9963,2.6202,2
0.14941,0.086574,2
-1.2469,-0.5635,3
0.081157,-2.5632,2
-2.4919,-3.3682,1
-1.1371,-1.557,2
-3.2791,-1.4107,2
2.915,-5.4948,2
-0.035104,-2.5935,2
0.73181,2.2105,2
-1.4219,4.5872,2
3.3882,2.9415,3
-0.1374,2.2559,2
5.0395,0.69252,3
-0.15851,-3.1805,1
2.1735,0.46465,2
1.1041,0.078923,1
1.7322,0.58954,2
-2.5405,-5.1099,2
1.2557,4.512,3
2.9691,2.4633,2
3.1007,1.446,3
-3.805,2.3301,1
2.5028,2.9547,1
-1.9411,-2.6301,1
-3.4076,2.4774,1
1.0001,2.7525,1
0.71047,-0.27287,3
-1.8414,-2.294,3
6.7343,0.39734,2
-0.93678,-0.0015181,1
1.7406,1.0896,3
0.30007,1.1576,3
1.8258,1.5003,2
2.5784,2.6698,2
0.33838,-1.6289,1
2.3553,1.9772,2
-0.074703,-0.79892,2
0.39252,0.75963,2
-2.6587,-2.0443,2
0.58161,-4.9624,2
0.93223,1.7749,2
1.3411,-2.0819,2
-2.7295,-0.88357,1
0.72406,3.9815,2
-2.3749,-0.51687,1
0.43632,1.0023,2
-2.9097,-1.9697,2
1.8322,-0.82847,2
-5.0814,0.96976,1
2.678,2.3879,2
-0.0048639,3.4951,1
-3.3957,-0.18879,2
2.1945,2.7684,2
1.0869,-5.0702,2
-1.8277,-5.5043,2
-3.3792,-0.34181,2
1.8409,-1.4252,2
-4.1715,-3.0901,2
-1.496,-0.88446,2
2.6203,-1.3824,2
5.0508,3.7884,3
-2.0616,-0.31795,2
-3.5608,-3.6172,1
1.0639,1.3972,3
4.0755,1.4683,1
-1.3744,-0.44943,1
-1.7943,-1.3056,2
0.26975,-1.4034,2
1.3999,-0.37263,2
-1.1343,-3.4396,1
2.9658,-0.61755,2
-0.81152,0.69628,1
-0.33596,-2.2862,2
4.6436,1.1033,3
-0.33728,-3.1017,1
3.6184,1.4325,3
2.5775,3.1137,2
2.5502,3.9621,2
0.1448,-1.1283,1
-2.7392,-1.0354,2
2.2573,1.9217,2
-3.7549,-2.3339,1
-1.1309,1.2414,2
-0.20549,0.53705,1
3.2477,1.1908,3
-0.81999,-2.508,2
-0.92973,-0.89257,1
-1.3966,0.13976,2
-1.2949,-4.3808,2
2.542,3.1011,3
-1.0446,1.7065,2
-1.1011,-1.0624,1
-2.1734,-2.4168,1
1.6646,2.5006,2
-1.4907,1.024,2
2.9254,-0.54044,1
-2.8547,-1.3181,2
-1.2073,-1.5028,1
1.7413,-1.7248,2
-1.0519,1.3285,2
-3.7179,0.43386,2
-2.5989,-1.1756,2
1.3466,1.7379,3
0.92245,-0.665,1
0.0089687,-3.0802,2
-1.1329,0.55569,2
1.7434,-1.953,2
0.90217,3.5116,3
-2.1804,-0.3888,2
2.0953,-2.6069,2
2.8055,-5.4701,1
-1.0216,-0.37396,3
-1.5921,-0.94298,2
4.8384,-2.6452,2
1.7099,-1.0406,1
-0.68724,1.4977,1
0.56335,-4.8479,1
0.44724,-1.0187,2
-2.3282,3.2991,2
0.4081,0.82925,3
-0.090958,0.54255,1
0.7145,-1.7646,2
-1.9768,-0.27924,2
-1.5223,-0.13831,1
-1.148,-1.5239,2
0.037055,2.0407,1
5.7453,1.0352,3
2.5324,1.3494,3
4.282,0.65266,3
-1.4691,-6.0434,2
-2.4235,3.5847,2
2.6541,3.3661,2
-0.43805,0.48535,3
-1.7375,-0.18536,1
-2.2372,-5.1247,1
2.7594,2.367,2
-2.1577,-3.2957,1
3.7846,-0.73295,2
-4.559,-2.3318,1
-0.4415,1.7842,2
-1.3757,-1.8982,2
-1.1387,-1.9474,2
4.2457,-2.0478,1
1.4584,2.9178,2
-1.5092,-2.6552,2
-3.0729,-4.258,1
-0.85588,5.012,3
2.0585,2.356,2
-0.56287,-0.65927,1
-4.2869,0.5952,1
1.3488,-3.5141,2
3.4496,2.3728,3
-1.4939,-0.012094,2
-1.1622,-3.5568,1
0.017232,0.078436,2
2.6698,-1.3236,2
1.9132,-1.1635,3
0.54826,-2.5544,2
4.2194,4.6993,3
2.6134,5.3679,2
-0.21139,-1.3929,2
2.6585,-0.25469,2
0.99413,-2.0506,2
0.043251,1.4273,3
1.0107,0.71933,2
0.63311,-5.0728,1
-0.8055,-4.1636,1
-0.008737,-2.1041,2
1.7122,3.1922,2
-3.5285,4.5663,2
-1.1948,-2.5819,2
-1.1485,-0.86372,2
-0.93979,-2.0039,1
-1.881,0.82971,2
-4.8053,0.97881,2
0.34144,-2.1484,2
-0.0058827,0.73769,3
1.5928,1.7118,2
-5.6896,-7.3168,1
0.37508,-2.6582,1
-1.5319,0.78495,2
3.6337,1.1336,2
2.0361,1.446,3
-0.98721,-2.7162,2
1.8103,0.073178,2
-2.6921,1.9932,1
-0.089104,0.41463,1
-1.7021,-4.1934,1
-3.342,0.46451,2
0.75306,-3.9881,2
-3.0192,-4.509,1
-0.7746,1.6575,2
-2.7754,1.1203,2
-1.211,-4.5486,1
-2.4598,-0.11111,1
-0.8972,0.20487,2
-3.2465,-1.7561,1
4.2159,-1.5193,2
-1.7714,-1.4611,1
-0.88986,3.8577,2
0.91332,2.9909,2
-2.2132,0.27527,2
-1.0255,-1.3672,3
-2.5882,-1.1754,2
1.0556,-2.5567,2
1.4151,-1.1431,3
-2.9246,-1.64,1
-1.9963,-2.7959,2
-4.3206,-1.654,2
0.28966,-0.99,1
-1.9915,2.0264,2
-4.2855,-1.1073,2
-0.18055,3.4321,3
-2.1912,2.4896,1
2.4674,-1.2193,2
4.1336,0.17832,1
1.9488,0.99153,2
-4.1611,-1.8476,2
-0.9418,0.99635,2
0.78104,0.10302,2
0.30602,1.635,3
-1.9469,-0.40263,2
-1.9197,-7.9336,1
0.16426,1.2986,2
1.2462,-2.7342,2
-0.93487,-0.27513,1
-0.92045,0.078727,2
-0.38602,-0.81853,3
-2.2709,2.3212,3
0.24376,0.99731,3
-3.653,-1.9735,1
-2.9186,0.2191,2
1.9297,1.7498,2
-2.5295,-3.7935,2
3.6717,0.58158,2
-0.85044,1.5322,2
1.1686,-3.9681,1
0.75518,-0.39005,2
0.42019,0.74759,1
1.383,1.4874,2
1.1217,-0.47363,1
-1.9916,0.78924,2
-1.6347,-2.0591,2
-4.2666,1.069,2
-0.71563,-4.7249,1
-0.68203,0.96318,2
0.31857,-5.313,2
1.3095,1.7265,1
1.5678,-2.6212,1
1.0817,-2.0192,1
1.2048,-0.98428,1
2.4717,0.65603,3
1.5053,0.60097,2
-0.63526,0.99397,2
1.2012,-0.38141,1
-1.8234,-3.5517,1
2.4923,0.30291,1
1.5206,0.29772,2
0.13594,-3.4588,2
2.0713,5.2209,3
2.4724,1.0743,2
-0.77137,-6.2811,2
-3.1713,-2.9333,1
-0.52518,1.1175,2
-0.71058,-2.3512,2
1.4471,3.399,2
-2.6294,0.34943,2
2.5046,6.7901,3
-2.3196,2.2356,3
0.71174,-0.11218,2
4.0415,2.1005,1
3.3408,0.22654,3
1.1392,1.4828,1
2.304,3.9384,2
-0.056287,-1.7876,1
-2.2797,0.49334,2
-2.579,-6.5111,1
3.2,2.5238,3
0.9096,3.6522,2
0.76871,0.65541,1
1.8096,-2.2588,2
0.88645,4.3145,2
-1.5329,1.4857,2
-2.9795,-2.1957,2
0.091195,0.093539,2
2.4948,0.90788,3
1.0216,-1.6363,2
1.6683,1.7426,2
-2.7147,0.88596,2
3.0121,-1.7883,2
4.8976,0.16993,2
-1.6911,-0.57616,1
0.32121,3.1151,2
0.17131,9.3632,3
0.74993,-4.7741,2
-0.37338,1.6016,2
-3.5955,2.9973,1
0.079011,3.2109,3
-2.8688,-1.3263,2
-2.1593,-0.52032,1
0.51741,-3.514,2
-3.645,-5.8981,2
1.2459,2.9291,2
1.9847,-1.3205,3
-2.9899,-1.8195,2
-1.1181,-0.39546,1
2.1734,4.2008,2
3.5416,2.4718,3
-1.3844,-0.36745,2
-3.4397,-3.1163,2
-1.2689,-2.2549,2
3.2474,1.1581,1
-0.32082,-2.5711,1
-0.60298,1.796,2
2.7517,-1.7043,3
1.1817,1.5838,3
0.47519,-2.1796,1
-0.26289,-0.25108,2
0.49473,-3.1005,3
-1.7036,1.6631,2
-3.0183,-2.8279,2
-1.7764,-1.8414,2
2.7952,-4.2636,2
0.80931,-0.88714,3
-0.21543,0.90294,2
-2.0277,-2.7023,1
-2.1323,-1.4866,2
-1.4896,1.1067,2
-1.072,-2.3265,2
-1.9434,-0.12383,3
-3.3531,-4.2079,1
-1.7463,0.0091402,2
3.5067,-0.48421,2
3.2138,-3.4186,3
4.4606,4.6692,3
-0.29098,-2.0654,2
0.47037,-1.1509,3
2.5594,3.6573,3
-2.634,-0.61869,3
-0.25972,-0.35071,1
0.14932,-0.50852,2
-0.98694,3.1925,1
1.7882,3.2181,2
1.0273,-3.2306,2
1.4155,-2.1094,2
5.1608,2.0342,2
3.734,0.085865,2
-1.2432,-1.4669,1
0.62171,-0.076073,1
4.5291,5.5695,3
-1.7073,0.39224,1
-0.063365,-1.8442,2
-1.6159,-0.17341,2
1.3053,2.0105,2
-1.7998,0.58568,2
-0.0448,-1.1355,3
-0.3735,0.18874,2
-0.72445,0.19035,3
1.0486,0.36387,2
-0.89919,2.1673,3
-0.39467,-0.99126,2
3.6143,-0.17678,1
2.4391,0.74379,3
1.7161,-0.55554,3
-1.3751,-3.7693,2
3.4156,0.78207,1
3.2583,0.83465,2
0.39435,-1.4486,3
-4.3331,-1.2878,2
2.2396,-2.3231,3
0.45683,-1.2736,1
0.93754,3.3313,1
-1.2303,-1.2464,2
-3.0311,-4.3124,3
0.21748,0.92406,3
0.62253,-3.6464,2
-0.91374,0.66097,1
-1.2567,-0.96103,3
0.99266,-1.3946,1
-0.47721,0.91054,3
2.5659,1.8362,2
-1.246,-0.12195,1
-5.2079,-2.1191,1
-3.3064,-5.1289,1
-1.0546,-1.2427,3
-0.16596,-4.4001,3
0.86175,0.17732,2
2.4109,-2.8609,2
-0.61196,-2.5724,2
1.5887,-2.6455,3
-0.34111,-1.7482,2
-1.4686,-2.6689,1
0.54318,0.36586,2
0.10249,-2.1073,1
4.4812,4.0616,2
0.33083,0.48995,3
-0.41106,0.63984,1
-1.2429,1.0047,2
-0.36826,0.73522,2
1.5811,4.1387,3
-3.5404,-2.7125,3
-1.6861,-1.0772,2
-3.3957,0.17929,2
3.3477,-0.16106,3
-1.1169,-2.1796,1
0.43815,-1.4023,2
3.4217,4.0501,1
-1.1974,0.56225,1
1.7535,2.2144,3
-2.927,-5.4076,1
0.28186,-1.33,2
-2.1821,0.756,2
-0.49856,-0.20693,1
2.1006,5.6818,3
2.0183,0.50912,2
2.0288,1.0963,1
1.5726,-0.028937,3
-0.4119,0.24108,2
-1.2976,-2.9824,1
2.4075,0.38772,2
-1.8893,-2.9505,3
-1.8594,-1.1498,2
1.2641,-1.8118,1
-0.48007,0.722,3
-0.082256,-0.098608,2
0.21265,-0.42135,2
-0.49837,0.52036,3
-1.5273,-0.89208,1
1.5852,1.3202,3
0.58681,-1.6445,3
2.3326,-2.9012,2
4.1739,2.0804,2
-2.397,-0.88388,1
-2.5478,-1.0123,3
0.20161,1.1067,2
-2.7504,-1.1866,1
0.26097,1.4965,2
-0.58382,-2.7354,2
-5.0831,-3.9854,1
0.24362,3.3439,2
-3.3033,2.8692,2
-3.3266,-2.8292,2
1.3737,-0.28759,2
-0.73894,-0.45794,3
1.8782,0.16687,1
1.38,0.12415,2
-3.5755,-1.955,1
2.3738,1.0329,3
-2.7409,-0.83218,1
-2.0293,2.2207,2
-0.94198,-2.5334,2
2.6431,3.0227,2
1.7963,0.16945,2
-0.87906,-2.2923,3
0.79086,2.6033,1
1.3407,-1.1425,3
3.9449,2.5617,3
-2.1617,0.38756,2
-0.68777,2.4908,3
-1.4025,1.5652,2
-1.1056,0.76044,2
-2.0166,-0.82615,2
-4.3262,-3.4338,2
1.3288,-2.2029,2
-1.8218,-0.32373,1
0.43963,3.3062,3
1.0469,-2.4361,2
2.1524,5.2453,2
2.1475,0.011209,3
-2.6963,-2.8512,2
0.46185,-0.76717,2
0.42556,1.3915,2
-0.84077,-4.522,2
0.78412,-0.63254,1
-2.0626,5.5616,3
-0.59693,-1.9469,1
6.6077,3.1949,3
1.0878,-0.56907,3
-4.0059,-1.9113,2
-1.1821,1.542,2
0.33902,-3.795,2
-0.19206,2.2002,2
-1.4911,-2.9046,2
1.4556,-1.274,3
2.2631,3.3129,2
-2.5638,-2.4902,1
2.0463,-0.11381,2
-1.8799,4.4277,2
1.6145,2.4079,2
-1.06,-1.0824,3
0.59575,4.333,3
0.35517,2.1086,3
-2.2792,2.476,2
-0.82448,1.463,3
-1.5128,-3.009,3
5.6195,-0.58526,3
0.53062,-1.2594,2
-3.5475,0.34709,1
0.092025,-2.0883,2
-0.12122,-0.14255,1
2.0202,-1.8644,2
-2.3278,0.58815,1
-0.31866,1.899,3
-1.28,-6.4953,1
2.529,2.2352,2
-0.7354,-0.50385,3
0.93985,2.1877,3
3.0743,2.5625,1
-0.66775,-2.2419,2
-3.8947,1.3889,2
1.9333,-2.2305,1
4.9491,0.39139,2
-3.9726,0.224,2
-1.6785,1.57,2
-1.5008,-2.7308,2
0.7481,2.109,3
3.48,-0.067409,1
-0.82732,-1.9704,2
-3.8714,-1.4249,1
-3.1031,-2.9678,1
0.32076,3.0245,3
-2.1189,-1.7966,1
-0.14118,4.1966,1
-1.9275,-1.8048,2
0.73558,4.5251,3
-1.8044,3.4583,3
-5.5744,-0.11148,1
-1.8198,0.96989,2
0.30034,-5.2984,1
1.949,0.20494,3
-2.1612,-5.0438,1
2.0564,-0.26533,2
2.0435,-1.9774,2
0.25501,-1.0094,2
-2.1619,1.5309,3
1.9707,0.82814,2
3.4673,3.0295,3
1.2517,0.42919,2
0.40476,-2.484,2
-4.137,-0.079001,1
0.025831,-3.9854,2
0.2647,3.2548,3
3.9901,5.8331,2
1.9715,-2.3353,2
-0.89561,-1.986,1
0.3944,-0.26287,3
0.77812,2.4573,2
-5.4116,-1.3593,1
-1.2885,2.9341,3
-0.6148,0.12355,2
2.9638,2.1001,3
-0.57283,-2.5778,2
0.24918,-4.0179,2
1.1751,-3.2164,3
-3.1862,-1.4753,2
0.40546,3.032,2
1.8392,-0.49337,1
-2.5297,2.0636,2
-2.375,0.43889,1
-2.1025,-2.1119,1
1.4565,-0.69746,3
-2.1616,-2.8006,2
-1.6112,-1.9583,2
0.34588,0.38222,3
1.5784,-1.6237,2
2.3094,3.1348,2
-1.241,-2.3844,2
-1.2295,-1.0111,2
-1.6853,-3.2681,1
0.23655,5.1873,3
-1.5595,1.6913,3
0.77667,4.0775,2
3.0772,1.2475,2
1.8684,3.2487,3
0.75009,1.6459,3
-1.125,-1.46,2
1.8848,-0.15012,2
0.37375,3.7376,3
0.77639,5.8281,3
-1.2976,1.3636,2
-0.87366,-0.78923,1
3.1169,0.13424,2
-3.2033,-1.3436,2
-3.2431,-3.0625,2
-1.2824,-0.027439,2
-0.83895,0.46462,3
2.3558,0.93537,3
-1.7026,-1.2546,2
5.4588,4.5028,3
-0.5895,-0.26417,2
0.7482,1.0092,2
-0.82381,-1.4418,3
-1.0317,3.4299,2
1.7179,3.6508,3
1.901,0.14109,3
-4.5723,-2.2804,2
-0.66165,0.83619,2
2.4632,2.106,3
0.99782,3.8014,2
0.33193,-0.31816,2
1.4164,0.22629,2
1.1457,2.0505,3
3.9083,4.7526,2
-2.394,-2.5207,1
-0.40194,-1.6359,2
0.84627,0.94576,1
-1.5285,1.7801,1
4.7537,0.15255,2
-1.4195,0.4399,2
2.7501,0.97783,2
3.5108,3.6608,3
-3.8359,-3.2285,2
0.37934,-2.7111,2
-1.4862,0.66766,1
2.3231,3.4861,2
-1.929,1.619,1
0.72176,1.3051,2
1.5444,-1.8168,2
-3.0814,1.114,2
1.5341,-1.0674,2
-3.4658,-0.9467,1
-1.1368,-4.2372,2
1.0001,1.2984,3
0.82657,1.6797,3
-1.685,4.2711,2
-0.010284,-1.084,3
2.4292,2.251,2
0.99353,3.713,2
2.0847,0.72403,2
-2.4185,-1.918,2
4.4382,-3.4305,2
1.0249,-1.9609,2
0.77307,-1.4024,1
-3.6544,0.92894,2
0.61903,2.2148,1
0.74342,-0.28995,2
-3.7319,-1.0185,2
0.26226,-1.4669,2
-4.5788,-2.2338,1
1.3712,2.6459,3
-0.17708,2.3957,1
-1.8004,0.13547,3
-1.0092,-1.4407,2
0.50831,-0.78624,1
1.1051,2.5008,2
-1.4321,-2.059,3
3.5454,3.6791,2
0.16135,-1.7575,3
2.5715,1.1461,3
2.8362,0.9527,1
4.0031,4.103,3
0.0089569,1.0119,1
-2.2071,-2.9887,1
-0.61691,-0.58892,1
-4.1409,-1.9537,1
-0.20812,-0.26722,1
-0.59559,-4.4265,1
1.3098,-0.88161,2
3.1483,0.22082,2
-6.8102,-0.73843,1
-1.1772,-0.65923,3
-0.21718,-0.60166,2
1.1223,0.40816,2
-1.7299,-3.0504,1
-0.030078,-4.8142,2
2.6873,1.2438,3
-0.94163,-0.096598,1
-0.61708,1.2547,2
-0.51383,0.64677,2
-2.9596,-3.5524,1
-1.6086,-0.92223,2
1.8473,1.6212,2
1.7595,1.2962,2
-2.1362,-2.0806,1
-4.2781,1.2057,3
-0.92402,0.10289,2
-0.035643,1.0682,2
-0.81332,1.7228,2
2.8094,0.55337,2
-0.70213,-2.7007,2
1.035,2.9252,1
2.9811,-0.60043,2
2.3481,3.0042,2
3.1289,4.8378,3
-1.5574,0.25005,1
-1.5064,-0.1367,2
-1.3094,-0.47622,1
2.1464,2.1205,3
-3.2942,-1.9963,1
-0.3557,-0.17235,2
2.9433,-1.4941,2
-0.25795,0.22263,2
-3.1,-1.307,1
0.64749,-2.1041,3
-1.91,0.44901,1
-1.6927,-2.1216,2
2.1289,0.16604,2
1.2216,0.61998,3
0.80394,2.6656,2
-0.98726,-0.73821,3
-2.2913,3.0792,2
-1.5264,0.35147,2
-2.7298,-1.7516,1
3.6875,2.0858,1
1.793,-4.5091,2
1.1509,-2.5222,1
-0.64284,3.8609,2
-1.6189,-0.39079,1
0.051863,-3.5932,2
-0.1274,0.2303,2
-3.8076,-4.6538,2
-2.6512,-4.7756,2
6.6354,1.5492,3
2.1842,0.6068,3
-0.10007,2.082,1
0.26985,2.7685,3
-0.10521,0.20055,2
-3.1715,-6.0764,2
-2.2171,-3.3382,1
-2.315,0.15645,2
0.40705,0.30091,2
-0.80897,-1.348,2
4.432,1.09,3
1.2764,0.76044,3
-2.4403,-2.4969,2
-0.97828,-3.5156,2
0.97307,3.5941,3
-1.4488,-4.9776,1
0.75175,-0.63056,2
-0.013324,-2.9916,2
-2.42,3.133,3
-2.2331,-0.35468,2
2.0439,2.774,3
-0.56643,-0.71451,2
0.52616,-1.4032,2
1.228,2.6866,2
3.9664,2.6202,2
0.46508,1.3546,1
-2.545,-2.3485,2
4.3217,2.3887,1
-2.8849,-0.25056,1
-2.0854,0.55856,3
-1.2019,-0.95776,3
-0.69593,-3.9587,3
0.45058,1.3865,2
-3.0878,-3.6603,1
-2.3769,-1.11,2
0.2365,-2.1028,1
-1.8325,-1.4258,2
1.3137,-5.4626,2
4.4863,1.3982,3
-0.64334,2.3265,3
-1.2692,-1.8934,1
2.4712,1.7026,1
-1.359,-2.5998,1
-1.1927,0.13007,2
1.3117,0.48854,2
1.657,1.6692,3
-0.95823,2.7117,2
5.4078,2.17,3
-0.63565,0.28251,2
-0.15976,-1.2303,2
1.7786,-0.4618,2
4.5932,-0.67241,3
-5.2251,-3.1414,2
0.73149,-0.16717,2
2.7333,0.43753,3
-1.4135,1.4331,3
3.185,1.8204,3
2.4186,0.52385,3
5.1851,-1.4923,2
-1.7176,-0.80654,2
1.8996,1.8584,2
-0.43133,-0.38219,3
-1.0288,0.84365,2
2.1542,0.80676,2
-1.1385,0.91293,2
-0.78643,-2.8344,1
0.16792,-2.9642,1
-0.52399,1.1583,2
0.95143,-4.7105,3
-1.4151,-0.47209,2
-2.0317,-1.2408,2
-4.5898,0.037787,2
1.011,0.1137,2
1.3182,-0.43761,2
0.45193,1.7969,2
4.1646,0.67769,3
-0.027581,0.1818,2
0.66031,-3.036,2
-0.64961,1.9823,2
2.0151,-0.91312,2
5.3289,-0.44963,2
1.3674,-1.4806,2
-3.3838,-2.5441,1
0.32929,4.1182,3
0.97911,2.7695,2
2.7072,1.0994,2
2.2438,6.3713,2
3.5019,2.9505,2
5.0059,-3.0365,1
-1.9504,-1.9654,2
-1.9151,2.4635,2
-0.50776,-2.2307,1
0.62711,0.60471,2
4.527,2.3332,2
-1.0915,2.5405,3
-0.90436,-0.74301,1
-1.2712,-0.64814,1
-1.9813,0.9546,2
-0.34329,-2.327,1
-0.35361,-0.04186,2
0.64886,5.906,3
-0.17551,-0.97423,1
0.90392,2.6878,3
2.0382,-2.4104,2
0.57825,0.69559,2
0.90525,-1.1339,3
-0.54338,-1.5241,1
3.1152,3.2246,3
2.1994,1.0632,2
-0.37348,-0.50083,1
-0.61069,1.671,3
-2.9209,-2.6281,1
-1.0362,0.022022,2
-0.11931,-0.38035,2
0.72393,-0.71217,2
1.1904,1.3497,2
-0.20892,-0.47512,1
-0.14081,-4.6442,3
-2.3011,-5.0291,2
3.5332,4.3471,2
1.5327,-0.16579,2
-2.1729,4.0451,3
-1.1588,-0.4476,2
-3.0339,-0.15904,1
0.37629,2.8321,2
-1.1093,0.1935,3
0.36441,1.4629,1
1.8668,3.4056,3
-0.28408,0.48848,2
1.8107,-3.8332,2
0.077459,-1.2132,2
2.8232,2.3402,3
0.64733,4.096,3
-0.67017,-0.35828,2
-2.9949,-3.2272,1
0.99984,-1.4925,2
3.0079,5.8946,3
1.4312,-0.29769,2
1.131,-3.285,2
-0.95826,1.603,2
1.0537,4.241,3
-2.5757,0.37029,2
1.5993,1.1304,1
4.2143,8.5351,3
-0.45826,0.48318,2
4.1089,4.8761,2
0.89513,-1.3365,2
-0.98744,-0.93794,3
0.29342,-1.5615,2
1.8457,1.0658,2
5.578,0.92159,2
0.57939,2.5301,2
1.3729,0.98087,2
1.4584,2.9594,2
3.4077,2.3177,3
-0.97235,-1.3963,1
2.1873,-0.42144,3
1.1311,2.1937,2
2.2043,-0.13553,3
-2.4347,-4.9715,2
0.87423,6.1273,3
1.933,1.4328,3
-3.365,-0.59589,1
3.8278,2.3483,3
-4.2562,-2.326,1
-4.7573,-0.81533,2
-2.8839,3.8741,2
1.6344,1.5242,2
0.053878,-0.47801,3
-0.16567,-2.5264,2
1.186,1.2645,3
-2.8715,-3.1047,2
4.5492,-1.0599,2
-0.75092,0.50683,1
-1.4907,-2.5026,1
1.0932,-3.9104,1
0.61136,-2.2305,1
-5.6092,-0.67643,1
0.35893,-0.70746,1
-3.2348,0.54134,1
-1.8251,-3.8401,1
1.2819,-0.84368,2
0.1696,-0.81387,2
3.8124,3.315,2
0.35265,-1.0626,3
-2.2298,0.5261,2
0.66052,-0.90417,2
-4.0471,-1.3026,2
0.25402,1.1583,2
2.6116,0.08487,2
4.95,3.8215,1
-1.0525,-1.6639,1
0.3801,3.5162,2
-0.34602,1.1863,2
-3.4306,4.6736,1
0.65324,-0.35802,2
-4.5783,-0.64126,3
-2.0212,-0.55936,2
0.31674,2.3204,3
1.4244,-3.9012,2
1.2847,-0.29358,3
-1.2557,-1.4893,1
3.3009,1.2872,3
0.51025,0.75705,3
-1.3343,-1.2668,1
1.9623,-2.7454,1
1.1312,-0.61986,2
-1.4219,2.6626,2
3.2232,0.27684,1
-3.9253,1.67,2
-2.8916,-0.96777,2
-2.1239,-0.78488,3
-0.6098,-2.9885,1
-0.66714,2.2837,2
0.62897,-0.26402,3
-1.9841,-2.4027,2
-5.0181,-0.22744,2
1.0077,-3.0794,2
0.033975,-3.2043,1
-4.8402,0.22738,1
-1.9364,-3.3544,2
1.3836,-1.2066,2
-2.7754,-1.3133,1
-0.58326,2.5688,2
0.39115,0.55734,2
1.6058,-2.5198,2
-3.2861,-1.7877,1
-0.2294,0.37238,2
2.7846,1.1027,3
0.23596,-2.3652,1
-1.6762,-0.3041,1
-1.3881,-5.1199,2
-0.75062,-2.4767,1
1.9597,4.1628,1
2.1893,-2.0976,2
-0.17416,-0.75579,2
-5.6558,-1.3887,1
1.8781,0.50032,3
2.8677,0.92,2
-0.33928,-2.8269,3
0.42416,0.82637,2
-1.2454,1.0018,3
4.6267,-1.4204,2
2.7822,3.3473,2
-3.1644,0.57551,1
-5.4089,-1.5523,2
1.9224,-2.5705,1
-5.7503,-0.70337,2
0.13412,2.1748,2
-0.975,0.099385,1
-1.9614,-0.61237,1
0.43413,2.0694,2
0.45123,1.7143,3
-1.8587,-2.1276,2
-0.73979,1.7246,2
2.2889,3.543,2
0.42821,-2.888,1
0.77604,2.6546,3
3.4216,-1.4584,1
4.3476,3.0854,3
-0.53381,1.3571,2
-0.6189,0.76902,3
-1.527,2.5278,2
-2.5703,-2.7699,1
2.1666,1.1897,2
1.0554,2.7725,2
2.3133,1.8085,2
-1.2477,0.67628,3
-0.25339,1.7286,2
-0.81956,1.3656,3
-1.5178,-0.25289,1
2.4256,-1.3935,2
-0.92669,-3.3979,2
-0.64864,0.76698,3
-0.73217,-0.21679,3
2.368,3.9829,2
2.2267,-0.029112,3
-3.8025,1.7207,2
-2.0877,-2.1758,1
2.169,-3.8669,3
0.95516,2.949,2
3.5409,5.885,3
-1.0035,-0.64992,3
-4.6874,0.62291,2
-2.9601,-3.8268,1
-2.696,2.7336,2
-1.7253,2.642,2
-1.441,0.071598,1
-5.4155,0.013116,1
1.4721,2.6292,2
-1.6592,-1.4709,2
-0.2066,0.033539,1
-1.1837,-0.88778,1
1.1796,-7.9779,1
3.6612,0.28911,2
0.54852,0.85533,3
-1.5721,-2.0092,2
-1.1233,3.4461,2
0.54453,-0.83604,3
1.3702,-1.2506,1
-1.5793,1.6924,3
1.3985,0.31979,3
-4.0701,1.8903,2
5.65,6.2315,3
-3.6226,0.75651,3
-2.2909,-0.71907,1
-0.63108,-0.60542,1
2.5424,0.53005,3
-3.2652,-5.3524,1
-2.3143,-5.3237,1
-3.8305,-1.701,2
1.9077,-2.869,1
-3.8908,-0.50613,2
0.56779,-1.2794,3
0.85581,0.96802,2
3.2748,1.9656,1
2.0305,2.6831,1
4.7495,-0.61334,2
-1.5447,-1.3007,3
1.0483,-1.1545,2
-1.3063,-1.3299,2
-3.9989,-0.88641,2
-1.203,-1.3508,1
-2.9435,0.263,2
-0.25173,2.0759,1
3.6534,-2.1768,3
-1.4792,-2.723,3
2.714,-1.0052,2
-0.8491,0.283,2
-2.6774,-0.84785,2
-0.74072,-0.93102,3
1.9051,-3.0684,2
-2.9497,0.67681,1
3.5016,2.3981,2
-4.8384,-2.2525,1
0.51926,-1.0162,2
0.72027,-0.00079982,3
0.34206,1.899,2
-1.7592,0.73129,2
5.1689,1.2663,2
1.5313,-3.2506,2
0.45888,4.0578,3
-1.8397,-4.1498,1
-4.5975,1.3898,1
-0.14122,-1.947,1
-1.5075,-0.56039,1
1.033,-3.6939,2
4.0885,-0.31681,3
-2.0085,0.38307,2
2.5696,0.37941,2
1.1653,3.0968,2
4.3924,3.6448,2
-3.2758,-1.304,1
3.0311,-3.7826,1
-6.6365,1.6587,1
-4.8189,-1.3535,1
2.2595,-0.014954,2
0.25649,0.10377,1
-1.082,-0.87014,2
3.6354,-0.46546,2
-0.72593,4.5381,3
0.87312,3.3258,2
1.2325,-3.0018,2
-0.12396,-1.7953,2
-4.7707,-4.391,2
-0.58145,0.56613,3
-2.623,4.2351,3
-1.2622,1.6534,3
-1.4828,2.4258,2
1.9743,1.1574,2
3.5551,2.4845,2
-0.027907,1.7832,3
-3.0996,0.67672,3
0.36323,-1.6675,2
1.1099,4.0552,2
0.50422,1.9272,2
-0.49053,-0.32399,2
3.3334,1.0699,3
-0.68328,-0.35297,3
-1.4051,-0.42238,2
-1.4272,-2.3189,1
-3.2115,-0.91728,2
3.0225,3.2598,3
3.004,2.8865,3
2.9175,0.0056156,3
1.6247,-0.087224,2
2.7568,0.46145,3
0.99912,1.9994,3
4.1036,1.5222,3
3.7715,-1.4424,2
0.98999,-0.20985,1
1.1384,-1.4902,1
2.725,0.95781,2
2.2875,0.55574,2
1.6637,3.1352,2
-3.0258,1.1744,1
-1.5234,-3.7743,2
1.9146,0.26502,3
-0.85336,2.2304,3
0.9749,-3.7685,1
2.574,4.6775,2
4.3351,-2.8678,3
0.87541,-1.2734,2
4.0385,-1.0903,2
1.3962,0.98471,3
0.084535,-2.013,1
-0.85269,1.066,2
-2.6805,-1.8884,2
-0.48156,-4.8036,2
-3.642,-2.92,2
0.063181,0.89311,2
0.52571,0.65088,2
2.1294,3.6746,3
-0.49205,-6.9092,3
-0.931,-4.5967,1
3.0609,-1.2365,2
-1.3084,0.7468,3
-1.427,-2.3155,1
0.36789,1.3253,3
1.9449,2.2657,2
-1.0731,-1.3508,2
2.8981,3.2288,2
2.1338,2.066,2
2.3696,4.5149,3
5.0092,2.2344,1
1.1952,4.3077,3
-2.0553,-0.049055,2
-0.19776,1.1366,1
-2.2255,-0.79456,2
-1.9802,-4.9458,1
2.6987,-1.2457,3
2.9105,3.1981,2
-1.4089,-2.5306,1
-0.024374,1.6017,2
-1.8276,-2.6561,1
-0.24221,-3.3829,2
0.8948,3.1496,2
-1.6448,-0.56742,2
1.0616,2.4927,1
3.5964,1.9428,3
4.0489,0.77054,2
-4.7754,-1.419,1
1.3548,0.3014,3
1.154,4.1364,3
0.46107,1.7584,2
2.4873,1.6878,3
2.3652,2.9668,2
2.3366,3.1435,3
-0.78572,-3.2103,1
3.0075,-1.1652,2
-1.4227,-2.1358,2
-0.71943,1.0193,2
0.66229,0.86963,3
0.92754,4.8393,2
-0.46816,-2.1465,2
3.2476,1.6528,2
-2.8318,-3.1935,1
-1.8015,4.4172,1
0.52555,-2.3845,2
2.1548,-1.8823,2
1.3745,-4.2647,2
0.54661,4.8144,2
-0.058124,-1.645,3
-3.3608,0.066515,2
1.2715,-1.2093,2
0.26329,1.5135,3
-0.51794,-2.379,3
-0.79462,0.58092,1
1.8586,-1.4818,1
-2.1998,-1.0351,2
-1.9671,-1.5361,2
0.71048,-5.5948,2
-0.81725,4.5772,3
3.0973,-1.7954,2
1.3062,0.98267,1
1.351,2.631,2
-1.1387,1.8262,2
-1.1608,-2.5658,2
0.53722,1.4965,2
-5.702,-5.2051,1
1.7815,0.1331,2
0.41607,0.53483,2
-2.1745,-3.9949,3
-0.42667,1.921,2
1.646,-2.4343,2
2.1953,-0.2823,1
2.8004,0.12346,3
0.63529,2.8052,2
-0.52594,-3.2522,1
-4.9859,-2.5407,1
1.8897,3.1606,2
0.87857,-1.9367,3
3.2407,1.7827,2
0.96195,-3.57,1
-2.1741,0.69563,2
-1.7557,0.4176,2
-0.13159,-1.9914,3
-2.9546,2.2451,3
0.075674,-0.092821,3
-2.0776,-2.116,2
-3.6123,-2.8432,3
-1.9816,0.040706,3
-3.3258,0.91582,3
1.4696,4.6363,2
-2.5014,-0.35576,2
1.1351,2.1998,3
1.4964,-0.22033,2
-1.8337,1.6841,1
-1.9902,-4.9718,2
-5.4412,-3.566,1
1.4591,0.33594,2
2.514,2.4302,3
0.69517,-2.9058,1
1.7389,-2.8065,2
0.69384,0.86151,3
1.5515,-0.77499,1
1.928,2.1285,3
1.7125,2.7539,3
0.46568,1.3838,2
3.1352,-0.26178,3
-4.5384,1.9284,2
3.2093,1.6657,2
-2.4051,-2.3083,1
-1.4741,-1.8324,2
4.8943,4.3795,3
-1.0246,0.48232,2
-2.4449,-3.0138,1
-4.3872,0.3051,1
0.6901,-1.1835,3
1.3491,-2.4502,2
0.49322,1.0241,3
3.2031,4.1902,2
4.7827,0.8566,1
0.60022,-0.20594,3
-1.9945,2.6262,2
-4.9728,0.19581,2
-2.0408,0.51218,1
-2.6927,1.5191,3
-0.30686,-1.3252,2
4.7698,-4.33,3
-1.8517,-3.285,1
2.1715,1.1384,2
2.1508,-2.6146,2
3.2053,2.0447,2
0.688,1.2706,2
2.981,2.1756,2
3.5121,-1.714,3
-1.9062,1.3336,1
-2.929,0.021199,1
0.28043,1.1777,2
1.2165,1.8845,2
1.2902,-1.8318,2
0.48695,2.1597,2
-1.2374,-0.85103,3
-4.3128,-1.5367,2
0.87271,-2.4042,1
0.12028,-2.8694,3
0.36461,2.1046,3
-3.4722,-6.3397,1
-1.9978,-1.9948,3
0.45976,1.4116,3
2.5143,2.3696,2
-1.8452,0.82892,2
-1.3042,0.76452,2
0.7316,-1.7353,2
6.0106,5.1066,2
0.13678,-4.3985,1
6.4387,0.015882,2
2.199,-0.97146,2
0.90559,-1.9129,2
-1.4663,4.1495,3
-1.1165,0.076269,1
-1.138,0.090694,1
-3.9979,-1.0009,2
-0.27462,-3.7218,1
0.27393,0.69559,2
1.3104,1.683,2
-3.5742,-0.24462,2
-1.1653,0.82453,1
-4.8822,-1.9346,1
1.5492,-0.54722,3
0.65035,1.6456,3
0.18532,0.65458,2
0.27354,0.28946,2
3.3468,4.8683,3
-1.44,2.1474,3
1.292,-2.1899,1
-1.6797,0.27414,1
1.1779,1.4634,2
-1.0328,-0.92013,2
0.19934,0.60403,3
0.56202,2.9501,3
1.3662,-0.87772,2
1.5513,-1.8406,3
-0.4993,1.9322,2
-1.3838,-2.6799,1
-1.0295,3.0475,2
-3.9847,2.5928,1
1.6202,2.5035,1
0.54145,1.3253,3
1.5613,1.666,2
0.39177,-1.6832,1
-2.063,1.1062,1
-0.81559,1.2827,2
2.0095,0.80203,3
0.53675,3.3329,3
1.6715,6.4736,3
-1.6585,-1.1114,1
2.8425,3.2563,2
-0.042568,2.1542,2
1.654,-0.12805,3
4.6592,-3.6367,1
0.43583,0.47279,2
-1.3546,-3.688,1
1.5173,2.0526,2
4.9882,-2.3924,1
-1.0137,1.92,3
-0.92563,-0.5933,3
0.21182,2.9534,2
-2.8804,0.40225,1
0.31591,-4.5063,2
4.2984,0.13645,2
1.1625,-3.4579,2
0.10527,-1.0596,2
-1.5733,-0.58919,2
-1.6548,0.15826,1
-1.423,-1.9167,2
-0.10261,4.6278,2
6.1771,-0.030926,2
3.9123,1.6964,2
3.4307,3.8923,3
3.0315,-1.8396,1
-1.3775,-0.24264,2
1.4021,2.5979,1
1.4636,2.2069,2
-0.36097,-2.7424,1
-0.8451,2.1703,2
3.8084,2.979,3
-3.5329,-0.67152,1
-1.3721,0.1208,1
1.3874,-2.0238,2
1.5312,4.9144,3
4.9208,0.94664,3
-0.34029,0.80161,2
-0.67822,-3.2279,2
-0.69823,-0.44744,3
-0.26917,1.121,3
1.9187,4.2191,3
-0.38651,0.15871,2
1.033,2.3616,1
0.13425,0.76567,2
-0.12815,-2.2605,2
1.6762,-2.0462,3
-1.2386,3.6634,3
-2.1273,1.7493,1
1.4678,-0.17103,2
5.3913,-1.1065,2
-1.5759,2.5749,2
1.9387,0.59247,2
-2.1933,-0.92807,2
2.6109,3.2685,3
-3.3316,1.0895,1
1.9611,0.35156,2
1.1887,-0.42225,1
3.8464,1.9847,2
-2.0923,0.98486,1
-0.42061,3.2963,2
-2.4438,1.5305,1
4.2557,2.9959,2
3.9434,-1.8537,2
2.6232,-4.7505,2
-0.5403,-1.3981,2
-0.016782,0.25335,3
4.1528,2.0676,3
-0.87173,2.038,2
1.881,1.8711,3
2.3486,-1.0244,3
-2.6605,-0.11199,1
-3.1748,-0.88558,2
-2.2603,1.4798,3
-0.86803,-0.10963,2
1.8143,-3.5281,3
-0.10708,-0.6612,2
1.9137,3.8278,3
0.53784,2.2682,2
-0.92153,-3.0205,2
2.9102,-3.0898,3
-4.1168,2.5416,3
2.975,-2.1957,1
-0.59107,-2.8238,1
-0.58438,-1.1476,2
3.5805,1.6374,2
-2.8386,-4.1841,1
0.10076,1.7286,3
-2.0504,-3.57,1
-0.87787,1.0591,3
1.1324,-1.0168,1
-0.079878,5.921,3
2.6662,2.725,3
-0.93829,-1.9657,2
-1.9748,-0.02888,3
-3.4816,3.0814,2
2.8101,0.96932,1
-0.090259,-3.8143,1
-2.9379,0.22698,2
-1.5043,-2.0701,2
1.7411,-1.1286,2
4.8089,1.8259,3
-1.0804,-1.2659,2
-2.1333,-1.5651,2
-1.8431,-0.77556,1
0.1052,-1.4128,2
-0.078893,3.7701,2
2.5831,2.4441,2
3.6912,0.051751,3
6.1207,6.1186,3
0.31722,-0.30204,2
1.0495,0.11376,2
-2.8926,1.049,2
-0.084598,1.1262,2
-0.87342,1.9058,2
4.0429,1.9625,2
1.4743,-0.36657,2
4.2023,0.88721,3
-4.754,0.67925,2
-3.7964,-3.7466,1
3.4663,2.1448,2
-1.8053,-2.057,1
-3.7023,-0.018033,2
-7.3895,-1.9347,2
1.2913,0.51645,2
-0.20999,-1.074,2
-1.2343,-1.1592,3
2.7614,0.31067,2
-2.0732,0.54612,1
2.4522,2.6761,3
-1.582,1.5978,1
4.8482,-0.81889,2
2.7801,-0.36314,3
0.90207,-1.0412,3
0.42934,-2.0146,2
-0.037935,-2.5733,3
-2.0403,3.8439,2
-4.57,-3.1785,1
0.18578,1.4377,3
0.6332,-2.6376,1
-3.572,-0.73357,3
4.4314,5.2489,3
3.3261,2.1947,3
-2.4635,-1.1815,2
-0.29465,0.71331,2
0.69999,0.016613,2
1.3635,-1.6171,2
-1.5653,-2.5296,1
-0.084947,2.2935,3
-1.3418,0.59333,2
2.5603,-1.3085,3
1.7563,-2.2427,2
-1.034,2.2111,2
-2.9654,-3.4839,2
1.2052,-0.44807,3
-1.2892,1.542,1
1.7107,2.7703,2
-2.3063,1.1802,3
-0.13726,2.5093,2
-3.9691,-2.423,1
-2.9188,1.4033,2
-1.1376,-1.451,2
1.2633,0.80716,2
-1.0925,-3.3528,2
-0.78525,-0.89976,2
-6.7388,-0.1314,2
3.7768,0.72693,3
-1.9772,0.65485,3
1.258,-0.37364,3
4.254,2.2987,3
-1.4714,1.2563,2
2.4765,-2.511,1
-0.72047,-4.3966,2
-1.6581,-0.013821,2
2.1699,3.5976,3
0.45538,1.1688,2
-2.1281,0.74058,3
-3.6822,0.28737,1
2.3209,-1.9899,1
4.6629,2.1068,3
0.041725,-0.79822,2
-1.1094,-1.7278,3
2.1518,-1.2512,2
-0.11867,-1.9454,2
-3.337,0.67247,3
-4.6903,0.045629,1
0.4554,2.3751,3
-3.5345,-3.8799,1
3.1641,-2.182,1
3.5793,0.77709,3
4.2877,2.7834,3
-0.5155,-4.7787,1
-2.6983,1.097,2
0.16694,0.60826,2
-1.1069,-2.0199,1
-0.35202,-2.8324,2
-1.9714,0.69458,2
-2.1764,2.3719,2
1.5409,5.7859,2
-2.4477,-1.9118,2
0.36221,2.6165,2
-0.28541,-4.163,2
-0.31761,-0.94109,2
2.4964,-4.3043,3
-3.118,-2.1374,1
-0.14604,-0.48038,1
-0.97582,-1.0783,1
-1.3075,-2.5684,1
-3.53,1.3359,2
1.2658,0.81122,2
2.0648,1.0129,2
2.0828,-1.3703,2
-1.7761,-4.1504,2
-2.228,-6.0206,1
-1.0339,-3.4698,1
6.2178,1.1959,3
-2.4416,1.2829,2
3.0399,2.5239,3
-2.1286,2.7404,3
0.34694,-1.8896,1
-4.4549,-2.8639,1
2.9363,0.69265,3
3.1123,2.442,2
-0.73267,-2.3679,1
-2.7038,3.3616,2
-0.96642,1.0007,2
1.4169,-0.33348,3
-1.6798,-0.38197,2
-2.4161,-3.74,2
-4.8081,-5.6788,2
-2.8441,-0.4142,3
-1.0476,0.94719,2
4.0625,0.62284,2
2.2715,-3.6101,1
-0.6094,1.411,3
0.20185,6.0038,3
-7.0488,-2.0467,1
1.2245,1.4547,3
-1.7847,-5.5623,1
-1.3713,1.2198,2
-1.2891,-4.2495,2
-3.3138,2.319,2
1.1527,-4.1532,2
0.11392,-5.0187,1
-3.6713,-5.5206,1
-0.16281,0.31981,2
0.98311,1.9003,2
-2.2235,-0.47946,1
-0.56137,6.7784,2
0.32721,-4.3867,1
3.3395,2.3011,2
-1.7955,-1.7162,2
0.76011,1.8457,1
4.489,1.1031,2
-1.7045,-2.7543,2
-0.88983,-0.79504,2
2.4293,1.6338,2
-0.99254,-1.3776,3
-4.2665,0.47428,2
2.3079,-2.0642,2
-0.91803,-0.020447,1
-1.2421,0.046545,1
0.5311,0.94997,2
0.96004,1.6283,2
-1.7757,1.2109,2
-0.14955,2.6016,1
3.2216,2.9942,2
1.1103,-2.5037,2
1.7829,0.96213,2
-3.4805,-3.441,2
0.92202,0.69992,2
-0.74758,-1.4918,1
-0.050695,-0.22969,2
0.70386,-0.95787,1
2.1501,1.5874,2
-2.5805,5.2278,2
-0.23926,-2.3208,3
-0.10757,0.26271,1
-0.85614,0.20229,2
4.5935,1.8981,2
-0.059219,-2.3564,1
2.3822,2.4725,3
0.74367,1.3458,3
-0.50559,-1.0549,1
-6.4196,-1.5976,2
-0.4751,-2.5042,3
0.79414,0.77467,1
-1.3728,1.4917,3
-3.9499,-0.067653,2
-3.0531,-2.866,2
2.1163,4.2006,3
-3.5659,1.0454,2
-2.4101,1.8921,3
0.85506,2.2066,3
-4.6112,-1.1229,2
-2.5929,-4.3294,1
1.311,0.61854,2
0.00068032,-3.0028,3
3.6911,1.9658,2
1.9045,-1.0919,1
3.2572,2.269,2
1.1197,0.6043,3
-1.0755,-5.171,2
-4.1272,0.32088,3
2.9958,-1.0872,3
1.0512,1.2268,2
-3.6534,-2.8138,1
-2.5011,2.0255,2
-0.77287,1.11,3
-2.2013,-1.4319,2
-0.47608,0.35487,2
-1.0766,2.2836,2
0.40384,-3.4817,3
3.6562,-0.23971,3
0.02503,-0.84525,2
-0.5723,1.175,2
-0.85182,-0.74181,3
-1.138,1.9768,1
0.93347,-0.10201,1
-1.5596,-0.9735,3
0.36302,4.3382,1
2,4.7149,3
2.3883,-1.439,2
-3.9031,-1.4957,2
3.8915,4.6836,3
-1.8366,-2.5847,3
0.57951,0.40803,2
0.0463,0.083527,2
-0.0164,4.6439,1
-2.5758,-3.0135,1
0.81566,2.0446,3
-2.979,-0.58369,3
2.622,-1.0207,3
-0.92888,2.1526,3
-1.3501,-4.0365,2
2.5792,-0.17573,2
-0.90581,-1.4416,1
3.6866,-0.24232,2
0.46619,1.6407,3
1.9882,0.19465,1
2.3382,-1.5361,3
-0.39734,-0.017191,2
0.13597,3.5672,2
-0.70084,2.0112,3
-2.0128,-3.6044,1
-1.426,1.2767,1
0.77864,-0.44076,2
3.0053,1.4161,2
1.2252,0.5464,3
0.19388,-4.5308,1
2.0107,0.23799,2
-5.0067,-2.5393,1
-2.5967,2.7712,3
-1.4597,-0.42735,2
1.5683,0.3719,2
2.8475,-1.4533,2
3.1984,4.8746,1
-1.0463,-0.78875,2
1.749,3.0413,3
-4.0383,-8.49,1
-0.48044,3.541,3
1.9131,-2.6385,2
-4.6585,0.68985,2
-1.7645,0.39688,2
-0.13559,5.4138,3
5.6124,1.047,3
-3.2133,-3.2956,2
2.6738,1.3671,2
-5.4639,-0.38074,1
-0.035712,2.2332,3
0.22408,-1.9973,2
-0.817,1.7528,1
-2.5336,1.1315,2
-0.45889,0.10296,2
-1.962,-2.489,1
0.7077,-1.7245,1
0.64457,1.5044,3
0.4882,1.7565,2
1.5527,1.5657,3
0.35591,0.81287,2
0.45422,5.13,2
0.66771,-2.9281,2
0.91177,-1.5708,2
2.914,5.0173,2
1.7023,-2.33,2
-5.3445,-2.4974,1
0.86119,-1.63,2
-2.7391,4.5895,1
-0.87006,2.0046,2
1.9503,-3.0898,2
1.3966,-1.3518,3
-0.97879,0.63544,1
1.349,-4.7274,1
-1.0159,0.070092,2
1.6834,-0.96727,2
-1.4364,-0.8598,2
-0.82622,1.8842,3
3.426,-1.6833,2
0.15488,3.1336,3
-1.2291,2.7764,3
2.6308,2.4352,2
-2.959,0.77596,3
-4.099,-5.6299,1
2.5111,2.0073,2
2.5709,-0.52802,3
-1.504,-3.0248,3
1.6919,1.3544,3
1.8366,-2.5631,2
0.26983,-1.376,2
-0.33777,-0.90367,2
-3.329,-1.0139,2
2.3147,1.3176,3
-0.40512,-1.2973,2
2.4116,0.79323,1
3.4146,-0.17435,3
-1.4497,-3.181,1
1.9689,1.4554,1
3.3527,-0.23347,3
1.0988,0.52716,1
-2.8966,-2.0051,2
2.1519,5.9229,2
0.36588,-5.8895,2
-4.2874,-1.1296,1
3.3704,0.059865,3
0.61601,-1.8307,2
1.5483,-2.5305,3
1.5544,0.99235,2
-1.792,-2.7852,1
0.10667,-0.36072,2
0.10924,-1.6251,1
-2.2715,1.4002,1
2.7787,2.0384,3
2.7855,-4.1776,1
-0.0010151,-0.48716,3
-0.5774,0.29095,2
-3.4727,-0.86481,1
1.182,-0.54267,2
1.0004,2.6372,3
-3.4228,-4.4603,1
2.4811,1.4128,2
4.289,-5.8531,2
2.3033,2.8903,2
-2.5744,-0.68218,1
2.679,0.098435,2
0.66075,2.4857,2
1.1195,5.4807,1
-0.2529,-1.2681,3
2.9113,0.38713,3
-2.5468,-0.95242,2
-0.8351,1.818,3
-2.2619,-1.3886,2
0.092033,-2.4042,1
-2.6578,-1.3137,2
-1.8871,0.061078,2
0.24389,-0.91275,2
-0.090411,0.98866,2
1.3783,-3.0247,1
-4.4501,0.99799,2
-0.22219,1.2477,1
0.18212,-3.4848,3
0.76248,0.92372,3
-2.1948,0.24908,1
3.4679,3.7898,2
0.037359,0.88965,1
-3.7638,1.6364,3
1.2236,0.57341,2
0.24728,3.6621,3
1.4808,1.9717,2
-0.97454,3.2679,3
1.2354,-2.7183,2
-1.0427,-3.9225,1
2.2134,1.4829,3
3.5405,2.6834,2
-1.2576,-1.6658,3
1.004,-1.0309,2
5.6148,2.2083,2
1.955,-1.9857,2
-0.95575,-1.1765,1
-4.5089,-1.2914,1
2.2722,0.67744,3
0.13817,-1.4179,2
4.8499,1.2594,2
-1.0985,0.73283,2
2.1591,-4.3266,1
1.2305,0.46757,3
-2.475,-1.697,2
1.8985,-1.464,1
1.8584,0.21645,2
1.2368,5.1756,3
-0.79571,1.9493,2
3.8465,1.4053,2
-4.3063,-1.6242,2
0.25572,2.7402,3
-1.9105,-1.1844,1
-0.69231,-1.3161,2
-1.2827,-0.25819,2
2.0472,-3.519,1
-2.6177,0.59061,2
1.5453,5.0951,2
3.3656,0.65786,3
-1.1807,3.7697,3
0.71949,1.8935,2
4.077,5.5793,2
-2.8271,-0.38293,1
2.3565,-2.2233,3
0.049124,4.3738,2
0.57826,1.6064,3
2.554,0.69443,2
0.40135,-0.77906,3
-9.2209,0.087029,1
0.76779,4.371,2
-3.6293,-2.6386,2
5.2547,3.9786,2
3.3484,1.5236,2
1.7362,-1.246,2
-1.586,-1.6006,1
-2.5805,-1.6789,2
0.21131,6.2877,2
-0.21576,-2.019,2
3.1673,-2.0547,1
-0.35564,-0.16953,1
-0.45207,-2.5356,2
0.70994,1.8787,2
-2.2747,-0.24307,2
-1.0217,-0.78411,1
-0.64681,-1.4345,2
-0.27651,-0.16517,2
-2.3602,-0.28322,2
-0.1474,3.0018,1
4.0761,-0.052474,3
-1.8429,-0.95529,1
4.3468,1.1653,2
-0.4649,3.2256,3
1.0596,-1.4727,2
-3.0427,-2.3601,1
3.9328,-0.68512,3
1.181,2.6253,1
-1.2157,0.037432,2
-0.76006,1.675,2
2.5181,1.092,2
0.2298,3.8207,2
2.7633,-0.4602,3
-4.2059,3.0557,1
-0.7249,1.6287,2
-2.3734,-0.23013,3
-1.1765,-2.4321,1
-1.7978,-0.26442,2
0.0080994,0.17821,1
3.4152,2.3091,3
2.2705,0.40265,3
1.3008,2.6569,2
4.4292,1.2256,2
-3.1724,-1.1551,2
-2.735,0.20759,2
-1.96,-0.31369,3
-1.5498,-4.3202,2
-4.0553,-0.41539,2
-6.793,-3.212,1
0.29656,0.21996,2
-0.55999,-1.8955,2
4.7338,-0.73741,2
-4.2354,-4.1444,1
-1.8266,0.26201,2
3.0451,2.1444,3
-1.2655,0.7957,3
-1.682,-1.4899,1
-5.1011,-3.1199,2
-1.5746,4.448,1
-0.81411,0.20864,1
-1.2026,-3.1044,2
1.0104,0.91737,2
2.8592,2.2471,2
-0.52745,-4.2168,1
1.5571,1.4541,3
1.0223,4.5471,3
-2.4275,-0.81806,2
0.44947,3.201,1
0.44812,3.2312,3
1.5132,0.96725,3
-3.2846,0.61896,1
-5.2898,-0.36346,2
-2.2879,-4.5463,2
-1.2504,-1.7721,2
-0.2161,0.91726,2
0.84543,1.1994,2
0.92642,2.3033,3
-1.631,-2.4368,2
0.040316,-1.9635,2
2.3018,0.80741,3
2.1796,-0.45223,1
-1.5299,-3.8552,2
0.99324,-0.59863,1
2.3207,0.93665,2
1.5056,0.56178,3
4.2023,1.7537,2
7.4857,-0.79509,2
-0.40973,-0.53222,1
-2.19,2.1601,2
1.9441,-3.8836,2
-4.0578,-2.3363,2
-3.9504,0.66859,2
0.54743,-4.7838,1
4.9092,0.1483,2
2.15,-0.93543,2
-6.2579,-2.5479,2
1.5569,1.6274,3
-2.3185,0.0077782,3
0.6139,2.6814,2
-3.2878,-0.72302,1
-1.2285,1.6143,2
-0.30412,1.616,1
-1.3608,-1.157,2
0.020646,-2.5195,2
0.97262,1.6759,2
-1.4032,-2.5366,1
-1.6422,0.32362,2
1.3855,2.9374,3
-0.78535,4.1396,2
-0.65554,2.7219,2
-4.2375,-1.0833,2
-2.6638,0.32151,2
0.16487,-2.2025,2
-2.8754,-3.5721,2
-0.41736,0.19172,3
-1.827,-6.1347,1
1.0909,-2.8625,2
0.35534,4.3395,3
-1.2572,-1.8149,1
1.5898,-3.6001,2
0.83445,1.8439,2
0.57768,3.1441,1
-0.26945,-0.18778,2
2.9598,2.9474,3
0.47835,4.3593,2
1.8141,1.1542,3
-4.0744,0.30331,2
2.9913,0.72823,2
0.20862,-2.7696,2
0.13233,-4.3513,1
-1.2041,-3.6652,2
-0.64192,0.73902,2
-0.16803,-2.1175,1
-2.2434,4.8303,2
0.71703,1.7832,3
4.2232,-3.8856,3
0.019413,0.39446,2
-0.22189,6.2788,2
2.9869,0.12752,3
0.10044,-2.2779,3
-2.4398,-1.2573,2
-0.39312,-0.80846,1
1.774,-2.5072,3
-2.2386,0.79748,1
0.388,-2.2234,1
-2.8519,-4.5496,1
2.1696,-1.6615,2
-1.1408,0.18823,2
0.69062,1.7626,2
-1.7764,-1.1668,1
-2.5704,-0.47942,2
-0.19352,1.5796,2
-3.8104,1.2548,3
-1.8723,-0.25989,2
0.27524,0.090721,2
2.0087,0.22629,2
-2.0203,-2.0861,2
3.7557,-2.5849,2
0.96451,0.40003,2
0.87771,-0.88228,1
-0.10511,-0.20588,2
0.041135,2.0882,2
2.0887,-6.1801,1
-3.1881,-3.9634,1
1.5988,-4.1695,1
-4.1699,-1.9804,1
0.18955,3.4295,3
-1.2279,-1.17,2
2.1047,0.34364,2
-0.022463,0.93702,3
4.0214,1.4025,2
-3.2178,-6.1906,1
-1.6326,1.6126,2
-0.57007,0.66431,1
-1.2802,-4.823,1
-1.2063,-1.827,2
-6.9462,-3.2161,2
-0.15392,-1.3943,3
-0.9096,-1.0141,2
3.7936,0.7615,3
1.5953,-1.8736,1
1.89,1.0383,1
-4.3594,-2.698,1
-2.1504,0.064591,2
-1.5866,-1.2587,1
-0.37965,-0.78571,1
-0.088783,-0.45992,3
-0.5691,2.1306,1
-1.4353,1.459,2
-5.3394,-0.88767,3
-0.074434,2.648,2
2.8272,2.2981,3
-2.7776,-0.11446,2
3.2701,2.0456,3
0.42227,0.63103,3
3.0789,1.0604,3
0.62608,0.40335,3
-1.849,-1.3527,2
2.9007,1.4129,3
2.8421,-0.90502,1
-4.1724,-3.2429,3
-0.2331,2.4271,2
-3.0146,-2.7024,1
-0.85723,-2.0151,3
4.3816,2.7844,3
-0.66576,0.82618,1
2.3288,2.9218,3
4.6941,0.80203,2
-2.0054,-1.6325,2
-2.4174,-4.8531,2
-2.5837,-1.2658,3
1.9532,1.8685,3
2.0687,-3.9787,2
1.9274,-2.2771,2
2.2604,-2.1156,3
0.30103,-0.59016,2
-3.4244,-0.95988,2
0.8475,-1.7117,2
2.0448,-1.1039,3
-0.11908,2.2747,1
-2.0486,0.83904,2
-1.878,0.53674,2
1.3749,-0.49727,2
0.64336,2.1592,2
3.242,-1.5661,3
-1.0211,0.4491,2
-3.8495,3.195,3
2.3073,-0.8858,3
1.3753,2.0997,1
1.4013,1.9278,2
4.0504,0.24344,2
-0.082576,-1.0511,2
-0.098741,0.63454,3
-0.11051,0.575,1
0.70669,4.3829,2
1.2638,2.8718,2
-1.2925,1.4204,3
0.38477,-2.2539,1
-3.3375,-0.44374,2
2.478,-0.022936,2
-3.052,-1.4751,2
1.5017,2.7106,2
0.26777,-2.3413,2
2.9402,-0.43212,3
-2.6448,-4.4215,1
-9.9858,-2.7637,1
4.244,2.3841,3
-1.0387,1.4743,1
0.79948,-3.6311,2
3.8464,2.9405,3
-0.12349,-0.10979,2
2.67,0.16929,3
5.4007,0.84756,3
0.18793,0.2845,1
-0.052274,-0.17457,1
3.8297,5.8782,3
2.1602,-1.6087,2
3.0565,-0.42327,2
-2.1023,2.0043,3
-2.6608,-5.3889,1
2.0204,2.4144,2
-0.95789,1.3371,2
-0.42715,-2.9783,2
-4.4572,-3.7546,1
-1.5059,-2.2949,2
0.085796,-0.50886,2
-1.3481,0.99701,1
2.0166,-0.39562,3
-0.55724,3.1473,2
-0.62337,2.3318,3
-1.1685,1.471,3
-0.43539,-0.40313,2
-2.7385,-1.9503,3
-4.255,1.8289,1
1.847,1.6099,2
0.53585,-2.9039,2
1.4687,2.7452,1
2.2658,1.7012,1
1.4074,-0.10302,1
0.32262,2.3099,3
-2.3528,-6.0942,1
-4.7025,-1.649,2
-1.3084,-2.7325,2
2.5149,2.2766,2
-0.85497,-0.94266,2
0.008598,-1.516,3
0.16577,1.0856,3
-0.85532,4.3726,2
1.2785,3.6343,3
-5.6963,-0.60855,2
3.3974,-0.7124,3
2.2417,-0.6568,3
-5.198,2.2779,3
-4.9403,-0.8306,1
-0.51501,0.17811,3
-3.0674,-1.9716,2
-0.55854,1.6798,3
2.3043,1.6836,2
5.4742,1.0236,3
-1.5728,-2.5099,1
4.5273,0.038437,2
4.2246,-1.4681,2
1.2345,-0.82085,2
-1.4345,0.5885,3
-1.1932,-2.1175,2
0.13151,0.68791,2
2.7366,-1.4471,3
-3.1227,0.36759,1
0.23265,-1.0225,2
4.0229,3.4113,3
4.9702,-1.5075,3
-4.3887,1.6229,3
3.9952,0.6752,3
-5.0384,1.6143,1
0.29096,0.15697,2
-1.9932,1.8264,3
-0.1693,2.5728,2
5.5048,2.4751,2
-0.34283,-1.4899,1
0.65764,1.9413,2
0.055255,0.82828,3
-6.4406,-1.0111,2
-0.16389,-0.06167,1
0.96319,-6.3482,2
0.4857,2.9009,3
0.79451,0.8908,2
-1.3889,2.8005,2
-2.1878,-1.8415,2
1.6224,4.1447,2
-2.0367,-1.7998,2
-5.5491,-0.47316,2
2.3729,-0.65457,2
-1.3023,0.45997,2
-0.053884,1.3298,3
0.053045,-3.415,1
-0.76296,1.0404,2
0.43778,-3.387,2
-2.2792,-4.2335,2
-1.3765,-2.6427,1
1.7508,0.011518,2
0.57124,1.1074,2
-4.9412,0.92999,2
1.4647,3.4178,3
2.4232,0.97399,3
0.069101,0.82314,2
3.5863,1.8895,3
0.6996,1.108,2
-0.7356,-1.4236,2
0.35774,0.62811,2
-2.5127,-3.6194,2
2.5228,4.2931,3
0.5093,-0.24196,3
-3.9962,-1.5573,2
-2.1584,1.367,2
-0.94549,-0.3431,1
-2.8106,-4.2869,2
-4.026,2.8407,2
-1.7029,2.2551,2
-5.3628,-4.4217,1
-0.1298,-2.2162,2
-2.8866,3.5475,2
3.5457,2.7395,3
4.0071,3.6705,3
-0.61808,-3.169,3
2.8593,2.3054,3
-1.0521,0.70178,2
-1.1842,1.3134,2
-1.7734,-4.7707,1
-2.4341,0.94286,2
-0.93109,0.17617,1
5.0032,0.43095,3
-1.3273,-0.73888,2
1.8736,-1.5476,2
-2.1615,3.2453,2
1.545,1.7349,3
1.1768,3.0889,3
-1.121,0.0036083,2
1.8705,1.0857,2
-4.9667,0.078055,2
-0.8239,3.9176,3
1.0857,-0.96202,3
-1.4601,-4.0375,3
2.2431,4.4107,2
-2.7144,1.411,1
-3.4192,0.89565,1
-2.117,-4.1909,2
0.20559,-1.3317,2
-0.90835,-3.465,3
0.22429,0.082899,1
-3.7557,-2.8841,1
-0.25345,1.4529,2
0.072609,-4.3785,1
3.3302,0.16914,3
2.1487,0.53136,1
-1.5133,2.453,1
0.20125,1.3445,2
-0.14273,1.7661,3
2.226,0.71824,3
0.01393,0.44397,3
-1.2734,-2.3106,2
-4.7373,-3.9323,1
-0.602,-0.14694,2
3.3746,-3.7886,1
-1.819,2.4804,3
-2.7407,3.0439,1
2.0336,-0.85672,3
3.7889,2.1155,2
-3.5138,2.1544,3
-3.0252,0.090356,2
3.3314,2.2279,1
3.0259,2.6728,2
3.2738,2.2086,3
-0.49897,-0.86405,2
1.8695,-0.17832,2
3.0253,4.1467,2
0.31103,2.5856,3
-0.79795,2.8818,1
-1.791,-1.282,1
0.3541,-0.47507,3
-0.64229,-1.7298,2
-0.76074,-0.79632,2
3.4908,2.1187,3
-0.74877,-0.56435,2
-0.9524,-3.7089,2
-5.5603,0.075227,1
0.6976,0.58705,3
0.61006,-0.57792,1
0.24512,1.1414,2
-0.53996,1.4996,2
1.9245,1.1282,3
-0.98273,-0.46642,3
-4.4739,-0.7465,2
-0.24805,1.6991,1
-0.29746,-3.3913,2
-2.7325,-1.7187,2
-0.052638,-0.46076,2
1.3889,2.728,2
-2.6334,0.55146,3
-1.8971,1.0915,2
-3.9516,-1.7065,2
2.5143,0.96175,3
-2.2423,3.4398,3
0.54978,2.1231,2
3.9026,4.3421,2
-2.0582,-0.57612,1
-0.84239,-3.2886,2
-1.7766,-1.6531,2
-0.55851,-0.71587,2
0.89668,2.1286,3
1.2958,-2.0014,2
-1.9878,-4.9771,2
-1.4094,-3.4359,2
0.59716,4.266,2
-2.8061,-2.5749,1
2.7615,0.51141,2
-1.8757,-0.86181,1
0.48771,-2.3386,3
-1.0348,-0.83979,2
2.6675,0.19192,2
-2.0854,-1.5085,1
-0.24924,-2.3586,1
1.6967,-0.62249,1
5.7514,1.8489,2
1.7445,3.8934,3
-0.19996,-0.43624,2
-1.6377,2.6926,2
-0.74123,3.3244,2
-1.4515,0.68889,2
3.5508,3.3782,2
-0.25803,1.0424,1
-0.32243,-0.76692,2
-1.6795,-0.67012,2
3.0151,-0.55855,3
-2.7012,-2.7275,1
-2.5616,-0.28098,1
0.66491,-0.99552,3
2.7644,-1.4802,1
2.184,-1.4355,2
-0.80257,3.1548,3
-3.322,-1.6278,1
0.38188,2.1909,2
-1.7373,2.2962,2
-2.1466,-2.3042,1
-3.314,-2.2836,3
2.7477,1.121,3
0.021339,-0.3108,3
1.361,4.9229,1
3.3039,1.0503,3
1.7497,0.24449,2
0.80335,3.3117,3
-6.0406,-0.56856,1
-0.061104,0.70014,3
0.46204,0.18087,1
3.3209,0.048748,3
-5.2373,2.8923,2
0.72938,1.8965,3
-2.1432,-3.3178,2
-1.9054,-2.4471,2
-3.3724,-0.74864,2
0.073405,3.6287,3
-4.0029,0.84935,1
-2.2628,-1.0899,2
3.4055,2.6327,2
1.342,-3.8122,2
-1.5456,2.6691,1
-0.1057,-0.97295,2
-0.73603,2.0098,1
1.0769,-3.419,2
-1.1252,-4.4196,2
-0.43695,-1.6914,2
0.55092,2.2001,2
-0.21331,-1.1995,1
-2.1718,2.4256,3
2.4935,-1.1981,2
3.2526,-0.094323,2
-2.7206,-0.44945,3
-3.9885,-0.84974,1
-0.53234,0.17652,2
3.8042,2.9203,3
1.3454,-2.6455,3
1.7185,1.9808,1
0.12569,-1.4496,2
0.28058,-0.241,3
0.40683,-0.43717,2
2.1261,1.4347,3
1.7267,-2.5799,2
1.1904,2.6991,3
-4.8494,2.0853,3
-0.009043,2.5508,2
3.1583,1.4411,2
2.103,-2.4078,3
1.4952,0.18022,3
2.2094,1.2712,3
2.4622,0.010322,2
1.1485,-0.054618,2
