0.18431,-0.67702,2
-2.5365,-0.14565,2
-1.7161,-3.309,1
-1.4185,3.11,3
0.75701,0.67598,3
0.72038,-1.0988,3
-2.6337,-1.9102,1
-1.2795,0.14275,1
-2.5672,-1.2044,1
1.721,-0.8376,1
-1.1428,2.6307,3
-1.2226,-0.63843,2
-1.6435,0.32709,1
5.7163,3.5254,3
-2.3711,1.257,1
2.6969,5.0577,3
-2.7089,-3.841,2
1.7072,-2.3576,3
1.6664,0.18624,1
0.98213,0.23727,2
3.021,-1.6951,1
-1.8737,-3.1633,3
-1.9446,0.92508,3
7.4921,0.92961,3
1.9749,-1.4925,2
2.2718,-1.2564,3
2.0949,1.2746,1
-2.1302,0.75329,1
2.9811,4.998,3
3.3576,2.0073,3
-3.738,-0.59072,1
-0.42644,0.8394,1
2.1309,1.1789,1
3.4358,-0.51104,2
-0.835,1.344,2
-1.6494,0.3211,3
-0.80867,-0.032679,3
-7.0354,-1.7468,1
-0.75592,1.8982,3
-0.54701,-4.1535,3
1.3488,-0.39316,2
-2.0898,-7.2929,1
4.0295,2.2552,1
-0.85023,2.2545,1
-1.3857,0.0034836,3
-2.9765,0.73357,1
1.2203,0.97621,2
-1.7991,-3.6735,1
2.637,1.7795,1
-1.9494,-1.2998,3
3.6309,7.3706,3
0.69623,-1.2663,1
1.8792,3.5811,3
-2.152,1.1302,1
-4.1009,2.8413,1
1.388,4.4537,3
0.77849,-1.0158,3
-2.489,-0.76157,2
-0.56291,1.9175,3
-4.4392,3.3174,3
-0.47812,1.4477,1
-0.57489,-2.275,1
-0.56843,0.74043,2
-1.4217,2.3991,3
-3.336,-1.386,1
-1.676,0.44556,3
0.11488,1.3465,2
-3.6521,-0.87487,3
1.9567,0.79812,3
-0.14253,-2.5586,3
-0.051986,0.00084868,1
1.5313,-1.413,2
1.7583,-2.1739,2
-0.9409,-0.58477,2
1.1669,-1.5082,1
2.6835,-0.68624,3
2.2636,4.5605,3
-3.5786,-3.2807,1
0.68902,-0.39357,1
0.64431,-2.7677,1
4.266,-1.1973,3
5.3723,3.4741,3
-3.7492,0.041951,1
1.264,0.14711,1
1.4324,-0.034887,3
1.099,-1.275,1
-1.5007,0.19568,1
-1.1783,-2.577,1
2.8448,1.2702,2
0.00037499,-0.48962,3
-6.727,-4.0861,1
2.1236,-0.5822,3
-0.55049,0.88459,1
-1.669,-0.54292,3
8.2304,-2.0267,1
-1.1598,-2.8853,3
-1.2234,-1.0693,1
-0.58949,-7.4972,1
-2.2827,-0.47657,1
0.47322,3.1355,3
-6.3197,-0.93644,1
0.34016,2.2868,1
-1.6914,-0.74906,1
0.032362,0.10724,1
-1.3258,-0.29227,1
-0.12974,0.57851,3
2.9844,0.98917,2
2.2601,0.46137,3
0.39663,0.7016,1
0.88101,-0.22348,2
0.4686,0.32984,1
1.7953,-0.22412,1
0.75743,-2.3518,1
3.7369,-0.9554,3
4.0568,0.17619,1
-2.5977,0.23895,1
1.5521,-0.57626,1
-1.8199,-0.12481,3
2.5812,-0.17694,3
1.0234,-2.3963,1
0.2523,0.8692,3
0.4377,0.064642,1
4.8144,1.3088,3
0.31361,3.6714,3
0.76177,0.50173,1
-1.5236,-0.72766,2
-1.9658,1.3877,1
-1.8883,-4.5316,1
-1.7389,0.91328,3
5.6606,-1.2332,3
4.6588,-2.2575,3
-0.26894,-0.49629,2
-2.685,3.8051,1
0.64555,-4.114,1
-2.7724,-2.8066,1
0.49932,-0.78481,2
2.1434,-0.12422,1
-4.7011,-2.7033,1
1.7805,1.1251,3
1.6779,3.7632,2
1.0125,0.30319,2
3.9504,3.6594,3
-0.66069,-0.51121,2
3.1918,1.8794,1
0.20653,-0.35214,1
-0.72323,-0.7887,1
-5.5298,-1.0081,1
0.52371,2.2288,1
-1.1346,-1.68,1
-1.0814,1.929,3
-1.9701,-2.7944,2
-6.3151,-5.047,1
-2.8349,-1.425,1
-1.4836,0.2864,1
6.3239,3.0643,3
0.81928,-1.9795,1
1.4228,0.57917,2
4.9248,2.9447,3
1.4675,8.2737,3
-0.16024,-2.6717,3
0.89783,3.0498,2
-2.8886,-0.90091,1
1.5176,3.7291,2
1.7704,0.48709,2
0.77997,1.3385,3
-2.4868,-1.6647,1
0.59747,3.5916,1
-0.84356,1.0659,3
-2.1723,-0.99222,1
2.543,0.4987,3
-1.2573,1.3005,2
0.83846,3.7548,3
-2.5311,-1.8955,1
-2.0558,-3.3089,1
0.9007,3.5308,2
0.29867,-0.21613,1
-5.0075,0.45722,2
1.1813,4.1864,3
5.8751,3.2452,3
1.7766,-1.6017,3
2.7954,-0.87161,3
-0.10467,-0.4585,1
2.6048,-0.52346,3
0.22848,-1.0063,3
-1.2159,2.1603,3
4.0389,1.6584,3
0.23516,0.25441,2
2.4491,0.87088,3
-4.7949,-2.4984,1
-1.2012,-0.54479,1
0.21982,1.0088,2
1.3419,-0.99202,1
3.0746,-0.84811,3
2.0197,4.8321,3
2.2997,1.8712,3
-2.4471,1.1073,2
-0.32663,1.476,1
0.87891,-1.231,3
3.0445,-0.2097,1
0.7054,2.6735,3
0.21772,-2.2351,3
-0.86486,-1.3066,1
-2.0987,-0.1744,1
1.1974,-0.26312,3
1.9015,3.9413,3
-0.6961,0.54269,1
0.52984,2.8014,1
-2.7727,2.6631,2
-1.6583,-2.2088,1
-2.3054,3.0966,1
1.6608,1.5072,2
-0.84173,0.26124,1
-6.1963,-1.5179,1
2.1105,3.4236,3
1.0018,0.36316,1
-1.1989,5.2368,3
1.0205,-0.77718,1
1.7059,0.6535,3
-4.1868,-1.0768,2
-2.0001,2.6788,1
-0.033536,3.2763,2
-4.0857,-4.3594,1
-1.5952,-2.7375,1
2.0075,1.2527,3
2.3915,-1.0682,2
3.3701,-1.9378,1
-1.3263,-1.6753,1
-1.7412,-1.9632,1
1.3598,4.2071,2
-0.34898,-3.6405,2
1.0281,2.9495,3
-1.2068,0.46234,1
-1.2697,6.6063,3
1.6675,-2.7809,3
1.3873,-4.5138,3
1.3192,1.334,3
2.6282,0.87037,3
-3.9386,0.046522,1
1.0334,1.6836,3
-3.7593,2.8146,1
-0.10026,-2.2114,2
1.7285,0.56318,2
2.531,2.0014,3
-0.51639,-2.8616,1
-1.509,-0.37062,1
2.0757,4.6888,3
-2.3121,0.79417,3
4.7525,2.5065,3
2.1686,-0.8939,3
-1.3178,2.706,1
1.0598,0.092067,1
1.6835,1.852,3
2.3793,-3.3588,1
-1.1662,1.3825,1
0.6771,3.2185,3
0.72342,-1.5723,3
2.8111,1.9976,3
-1.8274,0.65051,2
-0.74185,1.9531,3
-3.7909,-2.5954,1
-3.451,-4.6915,1
-6.8643,-6.2216,1
2.1303,-0.69307,1
1.1191,4.0468,3
-2.1536,1.1945,2
1.6039,2.6656,3
1.6646,0.89064,2
-1.8336,-3.8711,1
-2.1019,-1.805,1
0.033734,-3.8144,3
-1.1405,-4.0975,1
-4.4648,0.31052,1
-0.78393,-0.76279,1
1.481,-2.3667,1
0.93685,-2.0517,3
-2.8212,-0.60966,3
2.9311,3.6305,3
7.3546,1.8569,3
-4.5312,-2.7472,1
1.6105,0.49456,2
-3.7119,-1.5183,1
-1.0684,-2.4865,1
1.663,-0.57207,3
0.30586,-1.8655,3
4.2566,1.7175,3
2.9985,0.15812,3
-2.1374,0.70831,2
1.3923,2.6713,3
2.3901,-1.2195,2
2.2322,-1.8406,1
4.7486,2.8451,3
0.76678,4.4943,3
3.2616,-2.0303,3
2.155,1.0732,3
2.4654,-1.5289,2
-0.59717,3.2219,3
-1.9071,0.35993,1
-2.0373,-2.3687,1
-4.2536,0.17788,1
2.1424,0.19132,2
1.9268,-0.21051,1
2.9376,4.2166,3
-2.6697,2.3217,2
3.4908,0.29651,3
2.4557,-3.3598,1
-3.9615,-1.1164,1
0.4797,3.6427,1
-2.7833,0.39482,3
1.6048,3.7477,3
1.2265,0.98625,3
0.53309,0.54818,3
-0.066333,-1.3278,1
0.32722,-1.2758,1
-1.4824,-3.9197,1
-5.1511,-0.42393,1
-1.2331,-1.8936,1
-0.2629,2.2027,2
-2.1003,-0.039761,2
0.56562,2.3182,3
-0.1905,-3.4909,2
-1.2372,-2.6269,2
0.92763,4.2863,3
-3.8527,1.2608,3
-4.9891,-1.4614,1
-0.073447,-0.046315,2
-0.48701,3.1562,3
3.0963,4.7252,3
3.2044,-2.4925,2
-4.0981,-1.0205,1
-2.1264,-1.4394,1
4.9088,2.0106,3
-0.38679,1.9689,3
-0.54937,3.8207,3
-0.83312,-0.60728,1
-1.0134,-1.5027,1
-1.6499,-0.63695,1
2.6922,1.2625,3
-1.5681,0.31679,2
1.0388,4.3666,3
2.7714,-1.806,3
1.0302,0.73291,2
-3.5579,-0.83673,1
2.7004,4.6003,2
1.7363,1.1614,3
2.6122,-1.9413,1
-2.2896,-3.0124,1
3.0166,-2.2778,1
-3.7534,-0.49156,1
3.6945,2.162,3
0.68348,4.4515,2
-1.309,-0.90462,1
0.54037,1.4105,1
1.1122,-0.97649,1
-0.72903,-0.24784,1
-0.0054601,-1.3255,3
0.044946,-0.93349,1
1.4071,6.1505,3
1.6822,1.4623,2
1.3996,0.81399,1
-0.78909,-3.3651,1
-0.47523,-0.081224,3
5.017,-0.94638,3
-2.0292,0.7132,1
-0.1647,-1.0979,2
-2.2396,-4.2711,1
2.0046,-2.3717,3
-0.43544,4.3597,2
-2.7333,-3.4044,1
7.4156,1.801,2
-0.23396,-0.5962,3
0.17458,1.2025,3
0.68883,-0.79724,3
0.67799,-1.3501,2
-2.2719,2.0077,3
1.8127,1.6264,1
3.2535,0.23324,3
-2.5046,-3.0586,3
2.6874,2.5423,1
4.2132,3.8624,3
1.0131,-0.79322,3
0.52156,-3.4478,3
-1.2542,-1.6332,1
1.6115,0.60483,3
0.95687,0.70597,3
2.4605,3.1928,3
0.65748,0.84812,3
0.025381,-2.2802,1
0.62266,0.094248,1
0.6897,-1.6388,1
-1.2689,-1.9011,1
-0.81864,3.0229,3
0.63747,0.90782,3
-6.1499,-1.4236,1
0.055935,3.3111,3
-1.1478,5.0808,3
-0.18519,-1.0842,2
3.9292,-0.14213,2
-0.13533,-0.37891,1
-5.187,2.3823,3
-1.7562,-2.0938,1
0.5618,3.4244,3
-1.3262,-2.8773,1
-4.6469,1.7029,3
2.8032,-2.883,2
4.0386,-1.0183,1
-1.6236,0.30721,1
1.7504,0.95301,3
-3.4468,-4.2514,1
3.0902,-0.21152,3
1.0135,0.64936,3
0.81252,1.7244,3
-1.3397,-2.2752,1
-1.9215,1.3241,3
0.67519,0.94042,2
-0.0027895,-4.2881,2
2.3035,-0.067238,3
0.06329,-1.7996,1
0.46357,-3.7918,2
2.1975,-2.1323,1
-1.4798,-1.9612,3
5.6344,-3.3432,3
-1.4539,-4.4984,2
-0.15605,2.0452,3
3.6353,-1.6135,3
0.47014,0.52191,3
1.4644,-2.1543,1
-3.6074,-1.4758,1
0.2266,0.54537,2
3.4015,3.9524,3
1.8233,3.3641,3
-1.5892,1.3853,2
-1.8731,-0.29194,1
-1.0639,-1.6089,1
-0.3736,-0.565,1
1.8663,0.017712,1
-0.65479,1.6817,3
0.046357,-0.85811,2
-2.8711,-2.1077,1
-0.26086,1.9088,3
-1.4723,3.7981,1
-0.74396,4.9875,1
-2.5904,2.0327,1
0.0369,2.0117,3
0.1663,0.0084773,3
-0.096056,-0.02521,3
-1.1691,-1.6515,3
-2.116,-1.384,1
2.3545,2.9968,3
-3.5481,-0.57232,1
0.078433,-1.5981,3
1.8863,-2.5613,3
-1.0883,0.59357,1
-0.90029,2.9033,2
1.9975,1.9988,2
0.52666,0.17455,3
3.1197,1.4784,2
0.90861,2.007,1
0.28602,-3.6102,1
2.6874,1.8758,3
-5.3033,-1.2605,1
2.7334,0.80568,3
-0.37139,-1.6194,1
-2.2064,0.4877,2
2.3518,0.83864,3
3.3484,3.0365,3
3.4195,1.2437,3
-1.164,5.0808,1
2.4563,-0.092947,3
2.163,-1.8658,2
-4.2608,-8.3569,1
-1.7675,-0.699,1
1.2178,1.0249,3
-0.17948,0.22695,1
3.7322,-1.3916,1
1.5718,1.9606,3
0.56312,-3.1507,2
-0.37178,3.0428,3
-1.9244,1.132,2
-0.30872,0.08801,3
1.0809,-0.6058,1
-2.4083,1.9532,1
-2.077,-2.0721,1
-1.1238,0.87076,2
-1.8692,2.435,3
0.64076,-0.88325,3
2.8182,-0.50714,1
3.3935,-0.77728,3
2.5436,-0.2787,3
2.7171,-2.1491,2
0.3282,-1.1749,3
-4.1679,1.6652,1
-0.058646,2.5337,3
6.1578,1.0787,3
-3.2981,-0.72608,3
0.048689,1.7021,2
-1.5722,-3.8499,2
4.2191,0.72714,3
2.88,1.4212,3
3.6204,6.073,3
-0.3377,-2.0696,3
-2.4877,-3.0157,3
-1.6937,-1.2631,2
-2.1034,2.3065,1
-1.5602,0.14681,1
-3.7618,-6.0117,3
1.2837,3.9668,3
-5.2895,-0.52891,2
0.46057,-1.193,2
1.9323,-0.57311,3
-2.1715,-0.72698,3
-4.1208,-5.4625,1
1.1907,-0.62955,2
0.14405,-2.5453,1
-3.7915,-1.6156,1
0.27288,1.1432,1
2.546,-0.3507,3
-0.19235,-3.282,3
1.2195,2.7242,3
-0.33025,-3.9349,1
-1.4002,2.6559,1
2.6331,-1.9293,2
2.5243,-1.3166,3
-1.6367,0.53446,3
-8.0134,0.27831,1
-2.6166,1.11,3
-4.5203,-1.6728,1
2.2328,0.62281,3
-0.40509,-1.1464,2
1.2051,-0.11477,3
-0.18659,-2.5778,1
0.50152,-2.0392,2
-4.5204,-4.5936,3
-2.059,-0.80536,3
-0.26707,2.9524,1
-3.9677,-0.27117,3
-0.77065,-3.7672,1
2.9052,-1.798,3
-0.54099,-1.6045,1
0.020743,1.3476,3
1.9613,0.94766,2
-2.0442,4.9179,3
-0.90363,1.1398,2
-0.13197,-0.48148,3
1.5145,0.64358,1
-1.0621,-0.14696,2
0.094945,0.67015,3
-3.3443,-1.0021,1
0.46731,0.27539,1
-3.8633,0.45358,1
-0.23393,2.7238,3
0.5229,-0.99366,3
-2.5503,0.45744,3
2.8666,-1.3814,1
3.27,0.93782,3
2.3179,-2.5795,3
1.6182,-1.5042,3
-2.3265,2.5382,1
-4.668,0.76214,1
-2.4839,1.7491,3
2.3449,-2.0185,1
1.5641,3.2697,3
-2.5598,-2.8982,1
-1.5962,-1.5118,2
4.3811,1.648,3
-0.71878,-3.5393,2
-0.35558,4.0098,3
0.35157,-2.4225,1
1.5338,-1.4331,2
0.16339,-0.56204,1
1.0365,-0.52306,2
0.38306,3.1305,3
2.5018,1.1874,3
3.3667,0.96136,2
5.2336,0.99955,3
0.6531,-0.062022,3
-3.3705,-0.83737,1
0.05246,-3.6426,1
4.8208,5.4262,3
-1.6463,0.8148,2
-0.29579,0.42456,1
3.0641,4.5379,3
1.3901,1.9833,3
-0.3645,2.5699,3
2.3914,0.63898,2
-0.20232,-0.9898,3
-1.546,1.8042,1
3.4254,-0.27034,3
-1.4976,3.4843,2
-2.5125,2.6979,1
2.4161,-0.4853,2
-0.35679,4.7142,3
-1.5576,-5.3098,1
-2.3062,-0.85432,2
2.5591,-0.37807,3
-1.0818,-4.8336,1
-0.41607,1.8258,3
-3.593,-4.046,1
-0.683,-5.9446,1
-0.49783,-1.5081,1
-2.5359,-2.1975,1
-1.3954,-0.50427,1
-4.6871,-0.075579,1
-2.4288,-2.7328,3
-1.6664,-1.2035,1
-0.4252,0.68128,2
-3.3585,-2.4543,2
3.5169,1.1878,3
2.5367,-0.025472,3
-1.5287,-3.7236,1
1.8221,4.9993,1
-0.56377,-0.123,3
-1.3588,4.3293,3
-0.86501,-0.073802,1
-3.4932,-1.263,2
1.7902,4.6522,3
1.4877,-0.04266,3
4.2171,1.5734,3
2.9478,1.7921,1
-0.49128,1.553,3
-0.89792,-1.7192,1
-2.3891,1.0976,3
-1.8073,0.47901,1
-2.2467,-1.7832,1
0.96317,1.7049,1
0.0017007,-0.092453,3
4.7305,-1.6945,3
-2.0588,0.36368,3
2.1465,1.2344,3
-2.0279,0.96506,3
-0.41108,-1.2339,1
-1.8254,-4.2017,1
-0.61777,-1.9097,1
2.114,1.4292,3
-2.9648,-0.78941,2
-4.4001,0.35661,2
-1.9958,1.4406,3
-1.9127,3.8228,3
5.8314,3.5529,3
-0.20066,0.60672,3
1.353,0.1445,3
-1.3541,3.0355,2
-4.1976,0.20315,3
-2.1045,-3.1329,1
0.29205,-1.0244,1
-1.4175,3.9208,3
-0.56661,1.8004,3
2.0038,-0.78069,3
-0.97991,2.2019,1
1.1202,-0.98912,2
-1.1004,1.9323,2
-0.33208,-2.9224,2
-0.479,-1.6781,3
-2.4049,-6.3499,1
0.9058,3.743,3
1.0366,3.4313,3
1.0463,2.5657,1
-1.9816,0.95556,3
0.93503,3.9019,3
-0.90355,2.9732,3
-0.079044,0.88702,3
-2.5221,3.4699,1
-1.5462,-0.16743,1
3.9914,3.7166,3
5.435,1.2011,3
1.2844,1.9636,1
0.077917,-1.2367,1
-1.2667,-0.11253,1
-1.7933,-6.0949,1
1.421,5.2425,2
3.1561,-1.2787,2
2.0452,4.7754,2
-3.1637,0.63278,1
3.485,0.42449,2
1.9121,3.6804,3
-3.1934,3.0605,3
-1.4474,-2.2972,2
0.14715,0.4231,3
-1.0655,0.57749,1
-0.56309,0.79723,3
3.0739,6.122,3
0.18181,0.99482,1
-0.15402,-4.3338,3
2.1675,-5.3634,1
-4.4249,0.89577,1
4.1566,1.8537,3
-3.0633,0.25108,2
-1.0454,-1.5188,3
3.458,4.6395,3
-0.17904,-1.6767,1
2.4384,1.0195,3
3.4431,1.6447,2
0.91352,0.38998,3
1.1231,2.7059,3
3.3822,3.739,3
5.9764,-0.52559,3
0.56118,3.8073,3
-3.8194,1.533,3
-1.037,1.8188,3
-1.5786,1.9146,1
2.7993,-0.019199,3
-2.8041,-4.0351,1
-3.6151,1.782,1
-4.0494,-0.47086,2
-0.53913,0.88136,1
-0.43678,0.67887,1
2.5273,1.2697,1
0.5112,-3.8926,2
0.79586,0.3134,3
0.077003,-1.1813,1
3.6716,0.50803,3
0.95208,-1.8037,1
-4.8104,-3.1661,2
1.6797,-1.8113,2
-2.9868,-0.72537,1
0.2392,-0.11346,2
0.40401,-4.4782,1
-0.1776,-1.5333,2
4.6582,2.3877,3
2.5672,-2.1305,1
-0.47736,-0.27011,1
-1.1822,1.0967,1
1.8171,-1.3891,2
3.131,-0.43447,3
-2.9613,0.13246,1
-2.8157,-4.8974,1
-1.5976,-5.4236,1
-2.2867,1.4997,2
-1.7712,1.2777,3
-0.39903,0.71648,1
-3.2632,2.8741,1
2.521,4.7527,3
-1.8527,-0.4563,1
-2.0554,-1.2028,3
-2.0956,1.5937,2
2.509,1.1986,1
-0.7158,-1.0168,1
1.2125,0.91544,3
2.2828,0.83147,2
-2.0881,0.33571,1
-2.4263,3.7522,3
-0.31633,-2.6099,1
-0.32254,-3.2246,3
3.9903,-0.15791,3
-0.216,0.47171,2
-3.2372,-4.7191,1
-1.164,-0.39671,1
-1.709,-4.5602,1
-3.7386,-6.239,1
1.6241,-1.691,3
-3.1946,-3.7227,1
1.1043,-0.98603,3
1.34,-1.0537,1
-1.1858,1.6848,1
-2.6228,-1.399,1
3.9111,2.0689,1
-0.65893,0.22284,3
1.6658,0.3807,2
-4.3134,-1.504,1
-2.7242,-2.5948,2
1.2043,-4.342,1
0.90094,-0.93838,1
3.7581,-1.0812,2
-4.1085,-0.35502,3
-6.0137,-3.8727,1
3.3526,0.37835,3
3.9458,0.69711,3
-5.4648,-0.48553,1
-1.4052,-1.5225,1
0.45386,-2.0492,3
1.2664,3.8152,3
1.467,-3.4347,1
1.8955,0.51049,2
1.405,2.6361,3
-5.5616,-1.9959,1
0.20419,1.7748,2
-3.1073,-0.10881,3
-1.8356,-0.97169,1
0.41327,-5.2304,1
2.6205,5.4908,1
-0.1777,2.5078,1
3.9891,-2.6963,3
2.0652,-3.018,3
-2.2006,-2.3587,3
-0.77568,-2.9034,2
2.6381,0.34693,1
2.0315,6.5537,3
1.1678,2.5301,3
1.0586,1.0338,1
-0.48082,-2.2769,1
-1.1156,-1.7239,1
0.44187,-0.66494,1
-0.02755,-1.2622,3
-5.817,-4.1505,1
2.1277,-1.6504,1
-1.7417,-3.762,1
0.076664,2.2669,3
-0.95157,4.7444,3
0.91147,-3.9156,1
2.5744,-0.17591,2
0.17768,-1.5753,2
-4.0297,2.8295,2
-0.92354,-2.6805,2
-0.80302,-2.9311,2
-1.2553,-2.3675,1
-0.16309,-1.004,2
3.2908,0.32604,3
1.0606,-0.74708,3
-2.3997,-1.2327,2
-0.19668,1.7973,3
0.44631,-1.32,3
-0.17169,-1.7215,3
-0.962,-1.409,1
3.4927,2.6461,3
3.7636,0.75114,3
-1.2349,5.4663,3
-1.5244,-1.3782,1
-1.5391,1.6117,3
-0.42767,3.1196,3
-5.5802,-4.2771,1
-2.9824,-0.4622,1
2.3915,-3.1937,2
-4.538,-1.5172,1
0.19116,0.97058,3
2.3355,-3.8029,3
-1.6409,-3.405,1
1.2545,4.3981,3
-1.1552,1.5141,1
-0.10925,4.0467,3
3.6279,-2.0324,3
-0.79205,0.70623,3
0.27064,-3.6537,2
0.11435,2.6324,3
-2.223,-0.86503,1
-2.4537,-3.2472,1
1.6237,3.2194,3
-0.31591,1.9847,3
0.021145,1.6642,2
0.06771,1.9692,1
-2.1555,0.69682,3
3.3837,-5.0974,1
-4.3431,-2.7739,1
4.1889,3.0338,3
5.6968,5.2032,3
0.80343,-5.016,1
-0.060349,-0.24209,2
0.17875,0.19497,2
0.73972,-1.6851,1
2.5407,-0.85176,3
-2.5077,-1.2569,1
-1.0456,2.6303,1
-6.8144,-4.3891,1
-0.59326,0.62515,1
0.42024,-0.28952,3
2.8721,3.2989,3
-0.75005,-0.83824,1
-1.3985,-0.98211,3
3.173,0.71544,3
-1.8197,-5.02,1
1.9285,1.5008,3
-0.46602,2.7984,3
3.5376,0.81319,3
-2.6914,-1.7575,1
-3.3037,-0.43732,2
1.4302,1.4806,2
-1.4563,-0.67966,1
0.2497,0.57282,1
0.5689,-1.13,3
0.37535,-0.82039,1
0.017595,2.3127,1
-3.5376,0.73175,2
2.3366,-2.065,3
-1.7596,3.4577,3
-2.5027,-2.3728,1
-2.6114,3.1931,3
-1.2276,2.117,3
3.9386,3.1174,2
-1.4316,-4.8562,1
-0.83834,-1.0156,1
3.138,5.2941,3
-1.7061,0.42704,1
2.0511,1.0396,2
-0.98547,-2.2805,1
-2.0892,-0.87408,2
-4.2,-0.5889,1
4.338,4.9416,3
0.71232,3.3492,3
5.0405,2.1235,3
0.63672,-0.95365,2
-4.4909,1.6032,1
-1.0669,2.5344,3
2.0489,-0.87656,3
-1.3233,-3.9966,1
0.28723,0.73529,3
-4.0897,-1.42,1
3.1476,-2.8589,2
-3.625,-2.2724,1
1.9923,-0.85307,3
0.60826,-1.6951,1
0.26323,-1.0717,1
5.2802,0.28214,2
-1.1002,-1.2545,3
0.40668,3.609,3
-4.099,2.7784,1
-2.241,-4.0473,1
3.9044,-2.405,3
-2.4,-3.2115,3
2.803,2.4274,3
-1.0577,-0.67798,3
-0.44183,-2.495,3
0.32795,-1.4189,2
1.2049,4.1793,2
0.16484,-0.33135,2
4.0092,-2.4072,3
1.3505,1.325,3
-0.96579,0.43804,1
1.1308,0.67851,2
-3.178,-4.8562,1
-1.0743,0.38685,1
1.6178,-1.544,3
-2.0373,-3.0125,1
-2.8475,-4.1596,1
1.4696,2.4384,2
0.40079,-3.2529,3
-0.32873,-1.817,1
-0.9951,1.7476,3
0.78013,-2.8316,1
-0.46396,-0.70736,1
1.1899,3.4492,3
-1.3039,-0.61362,3
0.94491,1.2408,3
-1.1401,3.2933,3
0.56641,-3.189,2
-2.2766,-0.62386,2
-0.037648,3.5345,1
1.6718,0.15223,1
1.7486,3.526,2
1.5924,-2.5853,1
-3.0716,-2.0516,1
-0.1362,3.1012,2
1.7702,-3.9624,1
1.0344,-2.723,1
3.1592,-0.99365,1
0.062689,-4.5373,1
0.9008,4.0869,3
-2.1435,1.9094,1
2.6358,-1.0239,3
3.3257,1.0371,3
-0.78012,-0.055521,1
1.3588,-2.248,1
-1.3871,-2.6326,2
1.8208,3.1102,3
-0.23824,-2.684,1
0.92174,-2.6649,1
-2.1254,2.5225,1
-0.88709,-4.845,1
-2.9495,-0.83254,1
2.5975,2.1423,3
2.5885,-3.2268,2
-0.80124,0.94522,2
3.3417,-3.5953,1
0.37161,1.3239,3
0.08548,-3.195,1
-4.9797,-3.957,1
3.2611,-2.6792,1
-0.68947,-2.7282,1
-2.3713,1.2938,3
0.36273,-3.1284,2
-1.511,-0.28104,2
3.9668,-0.48283,3
2.8685,0.80035,2
2.9904,2.5084,3
-0.020693,3.2228,3
1.2874,-0.17159,3
0.30805,-2.5838,3
3.0582,1.3849,3
4.316,1.9529,1
-2.5175,-0.32227,3
-1.6409,-1.1694,3
-1.846,1.0926,1
2.7418,3.2249,3
0.018895,0.69773,1
-0.78085,0.085565,3
2.7724,0.27819,3
0.31924,0.0513,2
0.14162,0.68249,3
-0.65542,-3.0983,2
-2.5557,-0.77991,3
-0.97861,-2.6956,1
2.9429,-0.44952,2
2.8876,-1.3751,3
-1.775,0.095351,1
-1.139,-2.0831,1
-1.6601,-1.5025,1
-3.3938,-2.6641,2
2.2514,-2.4174,1
1.9305,3.8571,3
1.0395,-0.85849,2
-1.7328,-1.3842,1
1.08,-0.59304,3
3.7397,2.8316,2
0.25054,3.8267,3
2.9271,-1.3854,1
1.8046,-3.5972,1
-1.7337,1.5025,2
-0.82194,-2.3119,2
-3.886,0.92825,1
0.9384,0.5898,2
-1.7418,-2.1405,1
-1.6323,-1.1196,1
2.4717,2.7824,3
3.3046,1.9903,1
0.20566,1.2889,2
-1.0254,-0.16087,3
-2.0757,-0.49753,1
-2.9693,-1.8447,1
-3.1318,-0.79897,3
2.3321,-1.2562,3
0.3643,2.3532,3
-0.88105,-1.2123,2
3.3641,3.7602,3
-0.648,-0.67885,1
-4.4067,-1.428,1
0.1907,-3.4321,1
-1.776,-0.75093,2
-4.1745,-0.81143,1
0.095651,-1.3062,2
-1.0989,3.3213,3
-2.0257,-1.6406,3
-4.4975,-2.011,3
-0.20668,-3.5892,1
-0.42206,3.5465,1
0.97667,0.047208,3
5.0543,-0.27743,3
-2.568,0.79838,1
3.8868,2.5529,3
0.8845,0.20391,3
2.1656,1.0168,3
2.9005,0.76616,3
3.234,0.42796,1
-1.0133,1.0303,1
0.44129,-2.1518,2
-0.27897,-0.37327,1
2.3116,3.2141,2
2.9269,2.3411,3
1.1082,-3.0454,1
-0.38319,0.12863,1
1.3379,0.03462,3
0.46493,0.41946,3
0.058942,1.124,3
0.71148,-0.13592,3
-2.5315,1.8409,3
-2.0025,-1.3713,2
3.8149,-1.4935,3
-2.1633,-2.2531,1
-1.1491,-3.0656,1
-1.6343,-2.2291,3
-2.0381,-2.2808,1
2.3256,0.89316,1
-5.8855,-2.6885,1
0.33573,-1.2512,1
3.3058,-2.2467,3
-4.4889,-0.31111,1
-0.65099,-2.0014,3
-4.9282,-2.7516,1
1.0729,3.8199,2
5.2386,3.4057,2
-0.027961,-0.3145,2
0.69674,0.2914,2
1.9644,1.9301,3
-5.2597,-5.4479,1
-2.0778,-2.2809,1
1.7143,2.9902,3
0.23906,-0.52763,3
2.5258,-1.0781,2
0.80379,-0.56372,2
-2.5533,-1.402,1
7.5549,-0.29827,3
-5.628,-0.14355,2
-0.44783,1.0159,1
-3.0248,3.7375,3
-0.91435,-0.39757,3
-0.63653,2.9815,3
0.36029,1.9055,3
0.31311,5.9133,2
0.53303,3.5073,2
2.9209,0.84274,1
-1.8413,-1.9818,1
-3.2112,-6.3045,1
3.6471,2.7301,3
2.0745,-1.59,2
1.4064,0.14175,3
2.5275,1.9558,3
1.4905,-0.75989,1
2.3214,0.33947,2
-0.41706,-2.1071,3
-3.243,-0.35987,1
0.82325,-1.548,2
1.1688,4.2585,1
-4.5835,-0.89643,2
4.049,1.8589,3
-1.5237,-4.8215,1
-0.77119,-0.70434,3
1.0444,1.2332,2
-2.5182,-2.2266,1
0.55925,-0.62362,1
-0.36652,-3.9456,1
-3.4424,0.64058,2
0.038207,2.9591,3
2.6479,-2.476,1
3.0561,3.0271,3
2.676,-1.7079,3
-1.33,-0.93159,3
1.6406,-2.2151,3
-3.0725,2.5038,3
2.3843,1.4039,3
-1.3137,-2.6719,1
-0.89512,0.082384,3
-0.579,-0.041223,3
-0.025699,-0.9549,1
2.275,2.093,2
-1.3764,-0.85587,1
0.7618,2.1675,3
-2.0778,3.5803,1
-0.37362,-3.4798,1
1.1363,-0.16808,3
0.88911,1.7764,3
-0.87281,-3.3979,3
-4.3406,-5.3298,2
-1.6438,-0.035624,1
-2.6377,3.3674,1
-0.45351,0.92232,2
1.5663,-2.3498,1
0.22809,-0.1132,1
0.0047812,-1.5501,3
2.375,0.42016,3
2.1941,-2.3416,2
3.3675,0.22236,2
-0.694,0.5199,3
2.12,0.79358,3
3.1815,2.1481,1
-2.3642,2.7609,3
-1.1625,-0.8083,1
-1.0104,-1.0049,1
2.4278,-1.1235,2
0.17464,2.8012,1
1.2186,-0.68484,3
-2.5693,-2.9604,2
-1.9826,2.0853,1
-2.5918,1.5752,2
1.1861,-1.6612,3
-0.24558,0.74153,2
-3.2919,3.7382,1
1.9365,1.4029,3
-1.9713,-2.8849,1
0.83813,-1.3574,2
-0.26293,-1.9028,1
1.3962,2.2848,2
1.9687,1.0376,3
2.5012,0.33628,2
0.71178,-1.2829,3
1.8784,1.9873,3
-0.3237,0.19887,2
0.87105,3.8195,3
-0.57207,-1.5335,1
-3.1061,-5.1336,1
-3.1364,0.38831,1
4.163,-2.8379,2
-2.2964,-3.4738,1
-2.3716,-1.7098,1
-2.8812,-1.485,1
-5.1662,-5.6487,1
3.4163,-1.5961,2
-3.1751,-0.20715,1
-1.1004,-0.70235,3
2.6376,0.86339,1
2.2367,1.3308,3
1.6702,0.89125,1
0.23728,-3.1038,1
-0.81216,0.17809,2
1.5327,3.6078,3
-1.0846,4.0455,3
2.0429,1.6555,1
-0.10871,-0.26394,2
-1.357,-0.18553,3
-0.029456,-5.9016,1
1.578,4.182,3
0.78344,-0.17595,1
-3.4874,-4.6735,1
-1.9876,1.528,1
-0.95025,-1.2745,1
0.36797,0.84922,1
-1.0698,1.8408,3
3.0121,0.0086447,3
-3.941,0.65419,1
1.9035,1.7588,3
0.93589,-1.0084,3
-2.0362,-2.1752,1
1.1234,0.84329,1
1.618,-3.9214,3
1.1227,-0.72743,1
-0.85651,-0.58904,3
0.52568,1.6471,2
0.020251,-2.3556,3
-1.5469,2.795,3
0.15095,-2.6258,2
-0.29183,0.63165,1
-1.9093,0.24292,2
-0.0024111,-0.06653,3
0.73833,0.47697,3
-3.1319,-2.9941,1
3.609,1.3481,3
1.2266,-1.8734,1
-1.8015,-3.0441,2
-2.3053,-4.1788,1
-0.061194,2.3753,3
2.0273,-0.6702,1
2.5785,0.59218,3
-1.8941,-0.5682,1
0.82594,0.37832,3
0.48321,0.12723,1
-3.0822,4.4878,2
1.3938,5.0925,3
3.0708,-0.82823,1
-0.35803,-3.7004,1
0.49187,-2.8054,1
2.2103,-0.75899,2
-1.2033,2.5632,3
-0.98908,-1.6774,1
-4.0092,2.3504,1
2.2239,1.5247,3
1.2389,1.1565,3
-1.484,-4.2412,1
-2.2747,4.8796,1
0.9801,-5.0724,2
3.4242,-2.3664,1
-2.2508,2.12,1
-0.29735,4.1852,3
2.9784,2.5353,3
0.17254,0.83261,3
-4.1626,2.5816,3
2.0464,4.1083,3
0.46265,1.3935,3
1.5197,0.26126,2
-1.2614,-2.7178,1
2.1474,0.065211,3
2.6896,-5.1875,3
-2.0131,-0.17331,3
-0.30028,3.5167,3
0.47752,0.67617,1
-1.1695,-1.5477,1
-1.6294,1.8527,2
-4.673,-3.9398,2
-3.6463,0.13862,1
-2.2329,-0.59057,1
1.8169,3.6397,3
-1.0385,-0.35515,3
3.4977,1.812,3
-1.656,-1.8187,1
-2.7562,0.46856,1
5.2139,2.9379,3
-2.425,-0.75556,3
0.87044,4.0268,3
-0.93903,-1.4487,1
2.0159,2.5896,3
0.83178,-0.20219,3
-1.9745,-3.5529,1
-2.9114,-5.205,1
0.14124,-1.6611,1
-0.98382,-0.24661,1
3.2852,3.9796,2
-0.18209,2.2485,3
0.089537,-0.8734,2
-3.8925,-3.7604,1
-1.6657,-3.5272,1
-1.0992,-1.9416,3
-1.0733,-0.44472,1
-0.6366,-3.1219,3
1.7707,-0.46354,3
0.64983,-1.1872,1
0.87159,1.5973,3
-3.5217,-2.973,1
1.4582,3.7615,2
0.40502,0.44194,1
-1.2969,-5.4187,1
-1.9249,-0.76634,1
1.0478,1.6867,2
-0.53551,0.47842,3
0.0075126,4.3892,3
-2.0688,0.042677,2
-2.1579,-0.58978,1
-3.978,-2.8641,1
-2.8576,-4.7958,1
-1.8347,-2.3898,2
0.79388,2.362,3
-0.15286,-4.4857,1
-2.9329,-0.73441,1
-0.91917,-2.9154,3
0.52193,1.4113,2
3.6355,3.0118,3
4.9862,1.6673,1
-1.4945,-0.25819,3
0.069106,0.17735,1
1.318,0.73062,3
1.1455,4.5514,3
-1.0133,-0.10737,3
-3.4828,0.44478,3
-0.2294,-3.3388,1
-1.4438,0.87861,1
4.4302,6.0972,3
0.081648,-1.7509,1
-2.7584,1.8836,2
0.57797,-2.429,1
-0.081896,-2.9124,1
-0.040867,-3.4071,1
-0.36812,0.34447,1
-0.68398,0.29907,3
2.8949,1.0266,1
1.3562,0.71578,1
0.78607,-0.079418,2
-3.5794,1.4776,2
-0.096064,2.6768,1
1.2765,0.88288,1
-0.35252,-1.2272,3
-1.7762,-1.5795,1
2.7175,1.4052,3
-5.5772,0.59378,1
-1.2008,-1.6428,1
3.7769,-0.23822,1
-1.1732,3.5633,3
-2.4228,2.7268,1
-1.1493,-1.5933,2
-0.88313,-1.0269,3
-0.32819,-1.9105,3
-1.7633,-1.9447,1
-0.31919,0.099009,2
-1.5414,1.1516,1
-4.1303,-0.35893,1
1.9992,-1.2154,3
1.277,-0.30714,3
2.8027,-2.8403,1
2.4557,3.2754,3
-2.6667,1.5472,2
-2.0899,-1.089,1
-1.5016,-4.0581,1
0.24986,1.3234,2
-1.682,0.17147,1
-3.3493,2.4833,3
0.84743,0.031188,1
1.0987,5.8762,3
-0.70384,-1.8044,1
1.2701,1.3493,3
-0.69879,0.50421,3
1.8576,0.048751,3
-1.7413,-1.2169,3
-4.4269,-2.5173,1
-1.4867,-1.4313,1
1.1269,-5.5872,2
-0.55329,2.8285,1
-2.9419,2.4302,1
-2.1594,-2.912,1
-1.4247,2.3055,1
3.9542,3.3059,2
5.4817,2.0041,3
0.62582,2.0807,2
-6.9166,1.544,1
-3.9812,0.89013,1
-5.2822,-0.84401,1
-1.6846,-3.9937,3
-2.2588,6.7567,3
-1.5641,0.20888,3
-1.7215,-0.35414,1
2.4248,-0.82225,3
0.86449,1.2965,2
4.5839,3.6418,3
-4.4814,-2.3061,1
3.6008,-0.22182,2
0.15334,0.66828,1
-3.7517,4.5625,1
0.49173,0.97482,1
-1.1041,1.6231,1
1.3301,-3.7055,3
2.0264,3.7456,3
-0.93313,2.2003,3
3.1321,-0.53814,3
-0.65613,-0.95808,2
-1.8958,0.90794,1
-1.1129,-0.66493,3
0.97736,1.883,2
-3.4429,-2.4346,1
4.4107,1.6172,3
2.4511,-0.14753,1
-0.60316,0.68582,3
0.16795,-1.2134,3
-1.5401,-0.77389,1
-0.59943,1.7349,3
-0.62616,-0.31436,1
0.50626,1.7633,3
3.7427,3.1479,3
-4.6749,-6.6465,1
-2.1666,-1.8889,1
-3.8152,-2.1782,1
-1.8135,-1.6034,3
0.17524,3.0412,2
3.5548,2.4674,3
-0.17077,1.7382,1
4.9432,0.77526,3
-1.6424,-2.6899,2
-2.8807,-0.096991,2
0.63789,2.2274,1
4.2148,2.1577,3
0.14971,-2.9716,1
-1.4035,0.025965,1
3.48,-2.1022,3
-1.9555,2.3258,3
-1.5542,-0.62528,3
0.60587,1.206,1
1.8598,-1.3387,2
-2.2192,1.3066,1
3.1427,4.6849,2
2.7479,3.0482,3
-2.6775,-5.5387,1
-0.166,-0.33621,1
-5.8955,2.0376,3
-2.549,-0.91047,1
-3.8929,-4.0052,1
2.8226,0.054075,3
4.3888,-1.2284,3
-0.23469,-2.4594,1
-2.2863,-0.76778,1
-0.97219,0.21649,1
4.3192,-0.35108,2
3.8194,2.8622,2
-0.62688,-1.202,1
-0.56899,1.0744,2
-0.63964,-0.69798,1
1.2277,-0.70498,3
1.1945,3.4519,3
-2.3755,-1.8953,1
1.1461,2.2883,3
0.62515,3.6841,2
0.68918,0.75406,2
-3.2974,1.1915,2
-3.2117,-2.0882,1
5.4134,0.65033,3
3.1107,1.5829,3
2.6531,1.4106,2
0.14801,-2.6581,2
0.6098,-2.9921,2
-4.6378,0.92937,1
-0.23457,-0.52759,1
-1.3149,-1.9838,1
-2.0215,0.69451,1
-0.072475,-1.9776,1
0.66443,1.4843,1
1.7371,-0.83928,3
-0.72411,5.4222,3
-0.55196,-1.005,3
-2.6856,-1.7834,1
-0.86872,0.089244,1
-3.0649,3.5293,3
3.2541,-0.56735,1
2.0996,4.5031,2
-1.3885,-0.31,2
-1.7837,0.55985,2
1.6055,0.48172,3
-1.0782,-2.2828,3
-2.9917,2.759,3
0.17836,-1.833,3
0.79354,1.128,3
0.97227,-4.9547,1
-4.4403,-1.1467,1
0.26845,1.8768,1
1.5576,0.46374,1
1.0033,0.7508,1
-2.7013,0.95651,1
-3.6544,-5.0443,2
1.309,0.67728,1
-2.3229,-4.4321,1
0.31748,-2.1578,1
2.5955,1.0405,1
0.97625,0.43335,3
-1.5057,0.058406,2
-0.5759,-1.793,3
-1.1685,1.2252,3
1.7166,-1.7921,2
-4.8971,1.8706,1
4.1605,-3.0207,2
-5.8047,-2.3943,3
-1.8928,-1.5322,1
3.7175,1.5741,3
-0.56299,5.5466,1
-0.90944,0.8255,1
-3.7315,-2.4363,1
-0.55638,1.2845,1
0.82318,-1.5689,3
-6.9515,1.6501,1
0.79847,0.99515,2
2.6514,0.68838,2
-1.9714,-1.6822,1
-0.16226,-0.59673,1
-0.71976,-0.95765,1
-0.22618,0.88023,3
-0.24934,0.52118,1
0.23259,0.058474,1
0.58778,1.8051,1
-1.0926,1.422,3
0.1541,0.23097,3
-2.1829,1.9635,1
-4.3981,-0.47043,1
-1.7922,1.4586,3
-1.1928,0.36187,1
0.88993,2.26,2
0.36168,-0.29396,1
-2.1699,-3.0982,1
0.60872,-6.8404,1
-2.725,-1.352,1
-1.4976,-0.10469,3
-1.1966,1.7074,3
0.099905,-3.6262,3
-3.9994,-0.9994,3
1.1078,1.7697,3
6.1008,-0.74554,3
0.35523,2.1181,3
-0.79548,0.36851,1
-1.5748,1.9947,1
-1.1793,-3.6063,1
-0.61208,0.8408,3
-4.6193,0.37587,1
-3.1407,-2.5548,1
-2.665,0.75104,2
0.60282,-3.4765,1
-0.038901,-0.18968,3
-1.6615,-1.5377,3
-4.0097,-0.20237,1
-3.8714,-5.1768,1
-1.5014,-1.4787,1
0.85452,-2.4412,1
-0.69589,1.5466,2
1.8606,2.5482,3
3.0256,0.16082,3
-1.6806,-0.43404,3
0.76811,0.77162,1
-0.73597,-3.4012,1
0.79428,-0.18232,1
0.13488,3.6614,3
2.837,-2.4872,2
-5.5069,-5.8905,1
4.1851,2.1613,3
-2.9951,-1.0758,2
2.1951,4.708,3
-0.69659,1.2839,3
0.77393,-1.3733,2
1.3655,3.2451,3
0.70499,-2.0901,1
-0.12841,4.2568,3
1.3563,-1.1464,3
-2.6644,0.35678,1
-0.46869,-2.8845,2
-0.63201,-0.68115,3
0.077357,-1.915,2
-2.824,-3.6571,1
0.98281,1.2997,1
-0.88884,-2.3631,1
-4.0765,1.1206,1
1.2999,2.3548,3
2.1262,-1.1764,3
-2.2756,0.62934,3
-0.082335,3.8368,1
1.0215,2.8293,1
-0.0048326,1.564,2
-0.75188,-3.1536,1
-0.63954,2.6316,3
3.6057,-0.63616,3
-4.3174,-1.1105,1
-2.9291,0.71707,1
-1.8941,-1.5683,1
-1.8544,2.5327,2
3.7879,0.15128,3
0.91893,-0.88336,2
0.69757,-1.4101,1
0.61812,-0.82743,3
0.044453,0.76092,2
2.462,3.3558,3
2.8779,1.1187,2
-2.067,0.68667,3
0.3706,-0.36694,1
3.6696,-0.88564,3
1.4677,-1.5158,3
2.6821,1.0368,1
-2.8617,-1.0891,2
0.19928,2.3126,3
2.8587,-2.7483,3
-0.26513,2.2646,3
-4.5497,-1.6631,1
-2.107,4.4141,3
-0.52287,-1.3606,1
-2.3288,-3.1866,1
-0.58697,-2.5418,1
-0.023619,-0.54131,1
1.0962,-0.91573,1
-0.26147,1.0297,3
2.1308,4.0232,1
1.9568,3.2748,1
3.2352,0.22061,1
-4.3777,-4.7545,2
-0.77713,-0.81875,1
-1.1304,1.6005,1
-0.45117,-1.3892,2
2.0323,4.3433,3
-1.0643,-1.4655,1
1.4107,1.7015,3
2.3864,1.3995,3
2.1679,-2.8152,2
-2.5616,-0.3775,1
-0.82181,1.6893,1
-2.3849,3.085,3
-1.9856,-0.21207,2
-5.7429,1.782,1
2.6875,-0.99714,3
-1.1565,-1.0845,1
-1.019,-2.9083,2
1.6118,1.5877,3
-2.5041,1.308,3
-0.76356,0.57333,2
-1.6758,-2.3635,2
-1.5647,1.5297,3
-0.72108,0.37407,3
2.7443,-0.33455,2
-0.80618,0.41484,3
0.52092,1.0868,1
-0.79729,-1.5729,1
-1.3205,-1.2943,3
-3.8834,2.0128,3
-3.7342,-3.8905,1
-4.6999,-3.2271,1
0.40648,-1.0856,1
-3.0284,-2.8528,1
0.44803,3.7675,3
1.0727,0.42176,3
3.328,4.9179,2
-1.1064,-3.3475,3
-1.5763,-1.5751,1
-0.60562,-4.1577,1
-1.2697,-5.1271,1
4.2645,3.0132,3
-3.2001,-2.0831,2
3.0086,2.916,3
-1.1132,-0.97955,3
0.49481,5.7331,3
0.6961,-1.2833,3
-0.66729,-0.60815,3
0.13901,-4.5106,1
0.86548,1.0864,1
1.332,1.841,3
-1.3264,0.26251,2
-5.1414,-3.646,1
2.1973,-0.50412,3
-3.3104,-4.3277,1
1.5338,-0.14826,3
-3.5497,-1.7284,2
1.8211,-0.095399,2
1.9864,4.8834,3
-0.44479,1.4861,3
2.5776,2.7623,3
-1.7424,0.42685,2
-0.25621,-2.6546,1
1.5466,1.3866,2
-2.5928,5.4808,1
-0.39374,2.4767,3
1.0847,-3.0729,2
-1.0134,2.4145,2
-1.4539,-1.9894,1
-1.4247,-2.9283,3
-3.1887,3.2909,3
3.919,-0.30097,3
1.2736,-1.477,1
2.8656,0.89838,3
1.1162,-1.2566,3
0.12766,0.4185,1
-0.21525,-2.9438,1
0.058463,-0.60087,2
-3.8639,-3.444,1
-1.7334,1.1201,3
0.64937,-3.0003,1
1.1228,-2.096,1
-2.978,-0.10502,1
0.70579,3.9955,3
-1.9378,0.34491,1
0.71602,-1.2451,1
-2.2411,2.1935,1
0.33164,-2.3507,1
-3.4113,-1.2279,1
-1.775,-0.96861,2
-3.8945,-1.5981,1
2.7746,2.3036,2
-3.2169,-3.5623,2
1.3174,4.7164,3
0.17888,1.6546,2
-0.5238,-1.2437,1
-1.5891,0.42772,1
1.1065,1.9098,3
4.2463,-0.068326,3
-2.128,-3.4309,2
-1.1618,-4.0793,1
1.0248,1.0924,3
-4.321,0.82412,1
2.3017,-5.437,1
1.2612,-0.55627,2
-0.16845,-7.352,1
2.5575,2.2853,3
-3.1065,2.4496,3
3.2734,4.1874,3
-0.95748,-0.57238,1
-1.938,0.0085799,3
0.71596,1.3122,3
0.42142,3.4912,3
4.0427,2.8761,3
-3.5214,-0.69353,1
0.072768,2.6755,2
-2.6079,-1.2241,1
3.384,1.0529,2
0.13732,-1.529,2
1.2098,0.2692,1
-0.27425,-1.5951,2
-1.9638,3.0586,2
1.4144,1.1338,3
-2.072,-0.8386,3
-1.2104,-3.7951,1
5.4394,-0.44795,2
1.8956,-1.9159,3
-0.97035,-0.89412,1
1.6307,3.7501,3
-0.70377,3.5037,2
0.89327,1.2631,3
-5.1994,-1.0053,1
-0.88685,-0.98535,2
-3.2156,1.0281,1
-1.2991,-1.1716,1
3.4862,1.2195,1
1.376,-3.9396,2
-4.5517,-8.4106,1
-5.4177,-2.6447,1
-1.4131,-0.77982,3
3.3931,-0.28069,3
3.2891,-1.4494,3
0.33234,2.0289,1
-3.0752,2.0061,2
0.10378,-4.0534,3
3.3796,1.9024,3
-1.1727,-2.5307,2
1.0388,-5.8864,1
-4.2358,-0.21135,1
3.8622,-0.48388,1
-2.7603,0.64278,2
0.059596,-3.3978,1
-2.8689,0.084226,1
1.8646,1.1055,3
-0.1717,-0.22802,1
3.0787,4.3241,3
0.093917,-1.9971,1
0.78928,0.40975,3
1.2373,0.62179,1
5.9,1.2807,3
-1.8888,-0.60401,3
-1.9253,1.2656,1
-5.5863,-1.8724,3
-4.8189,1.7598,2
5.1905,-0.19959,1
0.42991,-2.2275,1
-0.95193,-4.4058,1
-0.4596,-0.83786,3
-4.2865,1.8649,1
3.7149,-4.7834,1
-2.4461,2.964,3
-2.4846,-0.13645,2
-2.3217,1.5655,1
0.27996,2.9496,3
-1.0637,1.4375,1
-0.47003,-0.922,1
-1.4127,-3.0223,1
1.1561,-0.56645,3
-1.6202,3.345,3
-3.0255,1.4823,2
-4.0651,-2.6023,1
1.8305,1.0764,3
0.98967,0.86749,3
1.0928,-1.2612,3
-1.7099,0.70787,1
-0.33363,-1.279,1
-4.0544,-0.9159,1
3.4269,3.941,3
-2.4588,-0.20447,3
2.1826,1.19,1
-1.8816,-6.2733,2
1.8645,1.231,2
-0.064564,-0.53834,3
-0.30376,-1.5333,1
-1.1048,0.37617,1
2.7089,-0.89784,2
3.9255,1.9797,1
2.526,0.014744,2
-0.75687,5.1745,2
2.9584,1.8365,3
0.58772,-2.0194,2
-0.53279,2.0252,1
1.8359,1.9025,2
3.5201,4.2968,2
3.4462,-0.37224,2
-0.61798,-2.62,2
-2.7744,-1.1864,1
-3.0877,-3.324,1
-3.9785,-1.9586,1
-0.031845,3.2321,1
1.9795,1.4379,3
5.878,4.4589,3
1.0312,-0.39977,2
-1.2422,1.7432,3
0.70182,0.86486,2
1.7283,-0.70174,2
-3.0774,-1.8862,2
3.4237,-1.5123,3
-0.73564,-4.2186,1
-2.3289,-2.2202,1
-2.2973,0.23271,3
-0.58197,2.5396,1
0.53372,2.5528,2
-0.14826,1.2007,2
-0.058237,1.822,2
0.48633,1.048,1
-0.89162,-1.2011,1
5.8409,1.3058,3
-1.8072,2.8915,3
-0.84966,-4.065,1
-0.97087,-0.87582,1
-3.446,1.4061,1
1.8097,-2.5307,1
0.9827,-0.047869,1
0.42508,-3.0225,1
0.65172,1.8959,3
0.079398,0.27949,3
2.8202,1.8203,3
-3.7187,-2.8168,1
0.24546,0.38262,1
-5.3043,-1.6758,1
1.347,0.85369,3
0.40138,2.7893,2
1.4085,-3.1448,1
0.878,-1.9147,1
-3.9836,-3.5691,2
0.77834,-0.4719,2
4.4095,-0.20593,2
-1.145,-5.4514,1
2.6311,0.8019,3
-1.2533,-3.6841,1
-0.50588,-4.1267,1
1.259,-0.83293,2
-1.8757,-1.7534,1
-3.0408,1.5595,2
-1.6691,-1.8013,1
0.56447,-0.88323,1
1.9831,-1.2854,3
-3.9307,0.065079,1
1.7129,-0.61495,1
7.4706,0.56996,3
2.327,5.7467,3
-2.6873,5.1864,2
-1.0535,-2.9237,1
0.28569,2.3679,3
-2.47,0.030028,1
1.5402,-1.6856,1
-0.81571,-0.28317,3
-1.2494,1.9577,3
2.3803,4.3466,2
-2.8037,-0.3691,2
-3.3575,-2.9274,1
-3.1399,-3.4219,1
1.5903,0.80264,3
3.5601,0.97545,3
0.42197,0.42867,1
-1.9222,-2.2148,1
-2.2586,2.6672,2
-2.0044,-1.506,2
-7.3586,-0.7702,2
0.43433,2.6045,2
-1.1859,3.8243,3
-2.22,-0.67841,1
1.2398,2.3894,3
2.6143,2.4787,3
0.66631,-2.9479,1
-2.0081,1.6794,1
1.2002,-0.10236,2
-3.6923,-0.061663,1
2.2911,5.8541,3
0.58648,-0.29758,3
0.6327,-0.21113,3
-0.68316,-1.7845,1
-1.7785,-0.42336,2
-1.9551,-0.71452,1
-2.247,-2.068,1
3.9541,4.6246,3
1.7214,-5.2506,2
-7.2328,-3.2161,1
-2.3386,1.2879,3
1.9052,2.6482,1
1.36,-0.85361,3
3.1639,0.0076663,2
-4.0686,-4.4046,1
-1.5943,4.9516,3
-0.31881,-0.87427,3
0.47049,5.9533,2
3.0261,0.22106,3
-2.768,-2.8378,2
-0.57231,-0.16238,2
2.067,-1.7767,3
-0.94862,1.4199,3
-0.217,-1.5226,1
1.1634,-3.1095,2
3.0159,2.0873,1
-2.1896,-0.15787,1
0.57455,0.47526,2
1.7695,0.60468,2
-1.4878,-6.1915,1
-1.7931,5.7955,3
-4.6366,-3.9753,1
1.7132,-0.19492,1
-4.4163,-4.0562,1
3.0875,-2.2069,1
-1.3482,-5.4412,1
2.0207,2.9976,3
-2.7217,-0.35117,1
4.0343,3.0078,3
-0.77932,0.28149,2
1.0728,-6.6968,1
-2.3487,-1.8841,1
-2.6787,-0.099596,3
0.87841,0.45744,3
-0.50687,-0.73583,1
2.231,0.086741,3
0.63174,1.8601,3
0.54292,0.26265,1
4.6292,1.6729,1
1.4434,1.6858,3
1.0763,-1.6847,1
-0.38558,0.045567,1
-4.475,-2.091,1
-2.3979,-2.2823,3
-1.0721,-3.7857,1
4.0924,3.2729,3
-3.5955,-7.8908,1
2.7774,3.9569,3
-1.6293,0.31894,1
-0.29308,1.3271,1
5.9009,0.54002,3
-2.0479,-2.5556,1
-2.0029,0.70962,3
-1.047,-0.1671,2
1.7749,0.68223,3
4.4099,-1.5057,3
1.6967,-1.2975,3
1.7863,-2.2736,1
0.69597,2.0873,2
-2.7902,-0.87055,1
0.22892,-0.30412,3
7.2973,1.6374,3
-0.22516,1.5313,1
-4.6894,-1.1153,1
-6.2398,-3.2304,1
2.5596,0.91842,3
1.0273,2.6976,3
0.35743,-1.9,2
-5.4137,1.3127,3
-1.2438,-2.5433,1
1.0569,-0.47622,1
-0.84019,-1.4799,2
5.2578,5.2656,3
-1.8267,0.3057,3
2.2646,-1.7514,1
-0.46436,1.1166,1
-0.067548,-0.18779,2
-2.0022,-2.0635,1
-1.6134,-0.94205,3
0.36173,-1.594,1
-3.1609,-5.1961,1
-0.13619,-0.88225,1
-2.3111,-3.1069,1
-0.91499,-1.6791,3
-1.6195,1.6623,2
0.12176,1.4911,1
-1.8078,-0.76946,2
0.40616,-2.6421,3
0.13651,-1.2188,1
0.39164,6.8634,3
-3.376,-4.1694,1
-1.8421,-0.76292,1
-2.7457,2.4455,2
-1.5188,-0.53569,3
-0.25368,2.1096,1
-0.71871,-1.7962,2
2.2854,4.384,3
3.5087,-1.1957,3
-0.9329,2.4482,2
6.1837,-0.67824,3
-3.1144,-0.32832,3
0.049097,-0.93264,3
0.22448,-0.51244,2
1.889,-1.7726,1
-3.5458,-2.2323,3
-1.3363,-3.6911,3
0.16769,0.091323,3
1.9328,1.3793,3
-0.67169,3.607,3
2.4403,0.45382,2
2.0809,2.0723,3
3.0922,1.9726,3
0.60576,-1.467,1
-1.0248,2.1252,2
0.60093,-1.4304,1
1.5836,1.8227,3
-0.35822,-1.4015,1
0.34615,-0.83948,1
-2.3608,0.80357,2
-3.7832,1.4667,1
3.05,-0.097232,3
-0.54333,2.1333,3
-2.5446,0.67509,1
-2.3057,-3.4675,1
-0.99082,-0.25353,3
6.0861,1.2893,3
0.85879,2.1502,3
-0.563,3.3751,3
6.3875,2.9762,3
0.30426,0.44848,3
1.5812,5.1575,3
-3.0868,-3.0901,1
-2.2905,-0.74243,3
4.0135,0.2518,3
2.5525,1.821,3
0.47726,0.90134,1
-2.044,-0.76519,2
1.3686,0.18479,3
3.1285,-2.4315,3
0.25208,-0.97229,3
1.6916,0.56535,1
2.2006,3.2249,1
0.11096,1.8601,3
-0.96839,1.5957,3
5.2778,1.2509,2
2.6388,-1.7063,2
-1.4322,1.7336,3
1.4394,5.1396,3
2.3611,2.409,3
-1.6063,-1.1575,1
1.4267,-2.5953,2
-3.6786,-1.5754,2
0.15749,0.11294,3
0.095534,2.5017,3
-0.038851,0.39313,1
-2.8556,2.4907,2
3.5271,5.992,3
3.373,-1.7976,3
-5.0816,-1.3383,1
1.083,0.49723,1
1.5054,1.473,3
-3.4079,-0.43191,1
-1.3142,0.13826,1
6.7744,-0.85561,3
-0.19322,-0.97128,1
1.4107,-3.2232,1
-1.7687,-4.4801,1
1.2658,-1.4171,1
-2.5601,-0.56612,1
2.5397,1.8798,3
2.4703,0.53856,3
0.12611,-3.3454,3
1.3054,1.906,3
2.6717,-0.21328,3
-1.4313,-2.2183,1
-4.2201,-0.01123,3
-0.16882,0.73041,3
-0.69555,-3.0651,1
1.8432,-3.1567,1
-1.2163,-0.99042,3
-0.22744,-2.7996,1
1.188,-1.4168,1
-1.8063,-1.738,2
-3.2629,-2.7828,1
0.4607,2.2357,2
1.5829,1.4601,2
-0.66286,-0.55407,1
-0.17886,-2.2253,1
-1.6866,-0.31462,1
1.1291,2.6277,1
2.7402,-0.84597,3
0.23844,-1.4033,3
3.6898,3.7769,3
0.33383,-1.1277,1
0.2397,1.5617,3
0.65399,-0.5722,1
2.1978,2.8847,2
-3.9144,-1.9564,1
0.37931,-0.57059,1
-0.93373,1.3395,1
0.92674,1.0935,2
2.0839,0.11755,2
1.6637,0.9684,3
-1.0806,-0.049481,1
-2.6425,0.25562,2
-0.10791,0.33114,3
-2.8115,-1.3631,1
0.21733,1.3512,2
-1.1403,3.4685,3
4.5084,3.7141,3
-1.7874,-3.2443,1
-2.5458,-2.5361,2
0.32688,2.2741,2
1.0962,5.3286,3
-2.9016,-2.9864,1
-2.0584,-3.5826,2
-1.474,1.0261,3
-0.43257,-0.37073,2
-2.7005,1.9004,1
-2.2758,-1.946,2
-1.9862,-0.799,1
2.0855,-0.54285,2
-0.23072,-0.38169,2
3.3793,-2.1713,3
0.21927,-0.089855,2
-0.60484,-0.54817,3
-1.4635,-0.28414,3
-0.75444,0.5946,3
-1.0934,-2.4147,2
0.093528,4.6425,2
1.9246,-1.6666,3
0.74373,0.67386,1
1.3843,-4.6394,1
2.5869,3.5068,1
-0.19974,-4.8561,1
0.96604,1.0526,3
-4.2263,-0.35492,2
-1.5104,-1.2966,2
0.62191,-0.23946,2
-1.4536,-3.4411,1
4.0081,-1.321,3
-6.2165,-2.8024,1
-0.62204,-3.4371,1
1.9965,2.677,3
0.32678,-2.1103,2
-1.1257,2.1468,1
0.70089,1.2393,3
0.98108,2.5407,3
2.9278,3.554,3
-3.319,2.0766,2
-2.8072,1.2543,1
0.85397,1.7635,2
-2.8784,-0.26829,3
-0.1081,4.2999,3
0.69762,-1.3755,3
0.98724,-0.44331,2
-1.8187,0.094575,1
-0.16007,-0.84496,3
-2.0588,1.4993,1
-0.35471,-0.11187,2
2.9348,1.5833,2
-3.1388,-0.64878,3
3.079,-2.3462,1
-2.3982,-3.9005,1
-1.1262,0.1825,3
0.50296,1.6644,3
-1.7898,-0.51646,3
2.8527,2.7902,3
5.5156,4.1686,2
4.9941,1.5661,1
-1.9603,2.2814,1
3.5477,3.4124,3
0.63707,-2.409,3
-1.5754,1.7061,3
-2.9873,-2.659,1
-2.9651,-2.4862,1
3.2675,0.53655,3
-2.1151,-2.0454,2
2.4897,-1.6855,3
-0.87845,-0.22165,1
-2.8319,3.2616,3
0.82818,2.284,3
-1.3387,-0.39631,2
-1.4864,-5.1428,1
1.6403,-1.0001,3
-2.3376,-2.1994,3
-1.1271,0.55956,1
-0.96853,-0.54505,3
1.6169,4.4783,2
-0.9119,-2.2569,2
-1.339,-0.46831,3
-0.011747,4.1856,2
2.5415,2.4407,1
0.7443,-1.3535,1
0.31235,2.7093,1
-2.1283,1.6947,1
-3.4561,1.8582,2
1.5995,-3.5971,1
2.0134,3.0143,3
-0.4047,0.45947,1
0.38366,-0.19469,3
-3.0307,2.5343,1
-1.2718,2.8563,2
-3.7384,1.702,1
0.65051,1.6225,3
0.7421,-1.4159,2
1.2581,-2.0871,1
2.9354,5.4015,1
3.5566,-0.26056,3
-2.4298,3.3326,3
3.5534,2.3757,2
5.6605,4.1018,3
-3.0544,-1.5932,1
3.1039,0.22538,3
-1.5646,2.3177,1
-0.42601,-6.3806,3
1.0466,6.49,3
0.66051,-2.2759,1
-0.96371,5.5287,1
-1.4592,-3.9318,1
5.1822,2.8485,1
-0.63088,-2.0144,1
3.2272,1.6279,3
-1.4685,1.6864,3
-1.6594,-1.9866,1
-4.567,-0.27351,1
-3.7155,-1.7562,1
-4.6432,-0.98085,1
-0.63146,-0.62742,3
1.5032,0.39092,2
-0.64506,-2.5037,1
-0.3398,-1.6637,1
3.4023,1.4692,3
4.5464,-0.86701,3
1.8634,1.3896,3
0.029258,-1.2303,1
0.001168,-2.4061,1
1.4713,0.37202,2
3.0375,0.692,1
-2.8803,-1.0046,1
-3.4437,-2.0085,1
0.19976,-4.3973,1
-1.2742,2.4718,3
4.9961,-0.04409,1
1.7364,1.434,2
-0.73365,0.6465,3
7.7096,3.7965,3
-0.076869,-3.4535,2
0.83678,2.669,1
1.003,-1.1546,2
0.19309,3.0594,3
0.53248,4.6774,3
0.71157,1.4925,1
5.2272,-1.161,1
5.7965,1.5491,3
-0.71559,2.9841,1
2.2389,-1.5666,3
-1.7486,-0.83722,2
0.56735,1.0857,3
4.7714,1.5463,1
-2.0149,-0.40929,2
2.8349,1.3109,1
2.1738,-0.52011,3
2.127,-2.141,2
-0.11369,-0.13864,1
4.5224,3.0389,3
0.49253,0.58944,2
0.53103,-2.1594,2
2.054,1.6826,1
-3.9174,-2.4428,2
1.4865,2.6185,1
-0.065018,-1.4477,1
3.2438,-6.1649,2
-0.23923,1.3774,2
2.6587,-0.77256,3
0.25428,-0.97634,3
2.9561,0.96269,3
-3.0692,-2.0979,1
0.42157,-1.8974,2
-1.3478,2.0283,1
1.339,2.0913,3
-0.091329,0.88325,1
-0.62841,-0.96295,3
1.3728,0.88897,3
0.71557,1.9897,3
0.92782,-0.49907,3
1.23,-2.368,3
3.3452,1.2756,3
0.76389,1.8003,3
-1.6396,2.1027,3
-6.2008,-1.0406,2
-0.62682,2.7044,3
-3.4488,-2.8124,1
0.49708,1.463,1
1.7251,-0.53341,3
4.037,4.1226,2
0.05514,2.8381,3
0.52427,-0.28045,3
5.0381,0.96869,3
-5.7014,-2.5584,1
-3.1162,-3.364,2
-0.80068,-3.3346,3
0.38257,0.34219,1
1.4235,2.7261,2
2.9093,0.29253,1
-0.53297,-3.5654,2
-2.1168,-0.16014,1
-4.5771,-1.8013,3
-0.14831,-5.7481,2
2.2161,2.1138,3
-4.0005,1.8776,1
1.3924,4.605,3
-1.3054,-3.6499,3
3.1645,-1.4179,1
4.2172,5.2469,2
0.43074,-4.0593,1
-2.6616,-2.9007,3
-4.6538,-1.4062,1
2.8006,1.0565,2
4.083,4.2555,3
-0.89295,1.1977,3
-0.97121,-2.1472,2
2.5331,-0.22208,3
-1.2023,-1.5131,3
-1.3545,0.27508,2
1.7268,-4.742,1
2.0663,-1.0542,2
3.2855,4.6446,3
-1.8711,-1.627,2
1.0245,0.43043,3
-4.6293,-5.7451,1
1.0318,-2.8578,2
1.1945,1.462,1
0.62928,4.1711,2
-1.7837,-1.3582,3
-1.3571,2.2997,3
-0.22727,1.9366,3
-0.34306,0.69994,1
-1.3576,-3.1313,1
-0.59754,2.581,3
-2.0999,-0.9025,1
0.33448,1.0503,3
-0.022184,-1.234,1
1.5628,-0.38675,3
-1.9622,2.6343,2
0.74852,2.7149,2
1.7431,2.8936,3
0.50852,-3.2008,3
-1.5562,2.3096,1
-0.98822,1.1731,3
1.7353,0.14435,3
1.2814,0.70621,3
-0.21251,-2.0292,3
1.1819,-0.15092,1
-1.2672,-2.9188,1
3.8163,4.0314,3
-0.42432,-3.544,1
3.2979,3.0135,3
1.055,-1.2321,1
-1.2071,-1.9507,1
2.2576,1.1834,3
-1.4703,-2.7646,1
-2.4606,-2.5884,3
1.4946,-1.3539,3
2.2536,5.2694,2
1.9012,-3.1426,1
-4.2897,-2.6264,1
0.90051,-2.0713,2
-0.0079576,3.2561,2
1.3504,1.8318,3
0.90804,-1.7958,1
1.5007,0.93512,3
0.50973,-0.40868,3
-1.6794,5.3462,3
-0.31017,5.6351,2
-0.050209,1.9272,3
1.1014,1.7729,3
1.8707,0.97517,1
1.9546,-4.0425,1
-2.8926,2.7735,1
2.072,-0.48148,2
4.9635,4.7959,3
-2.8576,-3.297,2
2.0148,-0.60755,3
0.28991,-2.7595,3
0.26211,1.317,3
1.1965,-0.27624,1
0.79381,1.1724,3
4.3871,0.35295,2
-2.3957,0.63026,1
0.23955,0.52663,3
2.1015,4.569,3
-0.71632,-2.4462,1
-0.084403,3.8408,3
3.935,3.1832,2
0.18157,1.6197,1
0.29648,4.647,3
-0.53226,0.76115,2
-1.3998,1.2729,1
5.3132,8.0568,3
1.6255,1.8722,2
1.0856,4.7306,3
-0.66401,0.15921,3
0.58663,2.1843,3
5.7415,-0.035097,1
1.3734,-1.3838,1
-1.2701,1.6897,3
4.5481,4.3851,1
-0.41648,0.062261,3
2.0132,6.041,3
0.051133,-4.3364,1
-4.4617,-0.98773,2
0.74284,-1.839,3
0.59843,-1.9869,2
0.31786,0.96781,3
-1.3799,-2.6318,1
-4.3584,-5.5211,2
-2.1885,0.81513,1
-1.4121,-1.6868,1
-1.3672,-0.50003,3
0.42575,4.0249,3
3.2838,1.5551,3
3.8762,0.82243,1
3.2703,-0.065791,3
1.3776,-2.5166,1
-0.92977,0.070786,3
-2.7925,-2.7114,1
-3.796,-2.9644,1
-2.4883,0.12672,3
2.1115,2.3574,3
-0.89983,1.3002,2
0.52101,2.5472,2
-1.9005,2.7882,3
-2.2098,3.2355,1
1.0946,0.95078,3
-1.1394,0.65067,3
1.2237,3.131,3
3.0235,-0.3495,2
-0.070583,2.599,3
2.0705,-1.4802,1
1.3135,0.89428,3
-3.858,-5.8344,1
2.3433,2.3012,2
-4.6718,-2.0644,1
-0.43475,1.1347,2
-0.88147,0.24389,1
-0.8117,-1.5814,1
0.64495,-3.3136,1
2.5174,2.8069,3
-2.6941,-0.87842,1
-1.1375,1.0024,3
-2.0398,0.14045,2
-0.79058,-1.5834,2
2.3315,4.0962,2
-0.15323,-2.9898,3
-1.7398,-2.11,1
2.0925,-0.090449,1
-1.8152,-3.4728,3
2.1093,-1.055,2
-1.6874,-3.8147,1
2.2866,0.69979,3
3.1529,3.2599,3
3.5375,3.4169,3
1.9169,0.7502,1
2.3192,3.6035,2
-5.1347,-0.066627,1
0.68829,1.4916,3
-3.334,-1.4189,1
0.43888,3.1618,2
4.3465,3.8362,3
-0.28101,3.4787,2
0.25273,0.42091,1
3.1037,-2.4279,1
3.1043,0.51986,1
-1.5997,0.93598,2
-1.4124,2.4007,2
0.60898,-0.93707,1
-2.6876,-0.41526,1
4.0029,2.1329,2
1.0017,3.4966,3
2.8774,-0.69505,3
-3.4705,3.4761,1
-1.884,0.24199,3
1.0739,-0.12316,3
0.36999,2.2849,1
-0.011077,6.334,3
0.8487,0.96039,1
0.69148,3.6096,3
-1.9363,-0.012838,1
-0.35029,-1.9675,1
-0.42613,-3.4608,1
-1.5399,-0.35565,1
0.14429,0.63044,1
1.7592,2.0149,3
-3.4738,-0.92529,1
-2.7617,-1.7653,3
1.1256,0.94729,3
4.7258,5.1854,3
0.61244,-0.99423,3
4.917,2.4623,3
-0.30794,-2.1804,2
-1.0565,-2.3068,1
-0.21944,0.22205,3
4.0212,-0.22644,1
-3.4694,-3.243,1
-2.257,-1.1174,3
-0.42832,0.36101,1
-4.1481,-2.5134,1
-1.1205,-1.2945,3
0.38035,-0.62105,1
1.2459,-0.95829,1
-1.8518,3.0084,2
1.0491,1.7619,3
3.341,3.29,3
0.033264,-0.42204,2
-1.0343,-1.9923,2
-1.9419,3.7337,1
1.8769,1.8892,1
1.6737,2.7873,2
-0.62953,3.2022,1
-0.11851,-0.61176,2
-2.2028,1.1078,1
0.11543,0.37504,1
0.20256,-3.4374,1
0.93008,0.073183,3
2.9984,1.1949,3
1.3381,2.8459,3
2.2715,1.5386,3
-3.0211,-2.2287,1
6.5845,0.46802,3
1.929,0.12935,2
-2.6998,-1.9918,1
-0.42197,-0.27625,1
2.5811,-2.0845,1
-2.8139,0.26395,3
1.0416,0.9547,2
0.07368,-1.3457,3
1.0709,1.7611,1
4.186,1.1662,3
-0.30785,3.1891,2
-3.9907,-3.8708,1
-3.9165,-0.84135,1
-3.8268,1.4736,3
1.6746,1.091,1
-0.9832,3.2982,3
-2.5015,-1.9801,1
-4.1629,-1.3694,2
3.2527,-2.0319,1
-2.9071,-2.6187,1
0.62551,0.23284,1
2.8291,-2.0245,2
0.99703,2.361,3
-0.13891,-0.39021,2
-2.7156,0.084247,2
-3.1898,-2.3738,1
-2.5257,-5.1571,1
-2.6734,1.8954,2
-1.982,-4.5476,2
2.39,-0.42601,2
3.3935,1.1238,3
-4.8011,-1.9711,1
4.8182,3.579,3
0.099389,5.3776,2
0.82671,0.29357,1
1.9069,-1.1527,2
1.8374,3.9326,3
0.69548,2.5574,3
1.4389,0.16459,3
-0.49079,-1.818,3
-1.749,-2.1118,1
-3.3,0.31088,3
3.5313,-3.8484,3
2.7091,-0.98301,3
-0.87838,-3.727,1
-5.2917,-2.55,2
-0.89539,-1.7437,1
0.7401,3.041,3
-1.4697,-0.072597,3
-0.56788,-5.3932,1
6.479,4.8693,3
-2.13,-0.7531,1
4.5484,0.84004,2
0.075805,0.92867,1
2.05,0.22871,3
1.0908,0.036821,1
3.0336,-0.56005,3
-2.857,1.4252,3
-3.167,1.4174,2
-1.2971,-5.2688,3
3.4274,4.6181,3
2.7028,1.9034,3
2.1175,-7.1465,1
0.92689,0.7695,3
3.4498,0.21295,2
-2.0194,1.13,3
0.75284,1.0973,2
-4.2489,-3.7677,1
-2.0046,-0.73677,2
1.7976,-1.4744,3
2.7919,1.7831,3
0.59199,-2.4436,2
-0.49186,-0.51184,2
0.85355,-1.8531,2
-0.71688,2.0237,3
-0.10807,-0.92034,1
-2.0688,-0.74897,1
3.0662,0.36119,3
-1.386,-5.72,1
-1.3218,-1.9173,1
-0.67378,-0.62915,3
-1.8664,-2.8681,2
1.7443,2.9402,3
-4.9515,-3.4487,1
-1.0372,-1.5293,1
-0.70313,2.8046,3
-2.5662,-0.37638,3
-0.88865,0.94256,2
-1.5604,-2.3414,1
-1.9098,4.0301,3
1.9335,0.2534,1
-0.85828,2.4271,2
-0.83656,6.2744,3
1.5002,0.13368,1
3.5624,-0.66361,3
-1.7846,-2.2173,1
-0.56534,-1.2395,2
0.20564,3.7697,2
-6.2871,-4.7745,1
-1.3217,-1.8948,3
3.1568,0.40703,3
-3.1491,0.94801,1
0.77462,0.77229,1
0.84165,2.6111,2
-2.2456,-0.52066,1
7.9761,2.3789,3
-3.0082,-1.3068,1
-0.90422,0.25034,3
0.8735,2.9709,1
-1.0265,-2.0455,1
4.638,2.469,3
-0.69347,2.2922,3
1.2337,-4.6991,1
2.3015,-1.2329,2
-0.99499,3.7538,3
-5.8926,-3.6415,1
3.9878,1.2841,3
-3.8373,3.8144,2
2.0185,-1.1609,3
-4.73,-0.53602,2
3.3715,0.0083951,3
1.5563,1.0497,3
7.1204,0.38694,3
4.4245,3.4418,3
-0.39381,-4.4301,1
0.3846,0.21386,3
2.8271,3.926,3
-1.9759,-1.1533,1
-5.4798,-3.0155,1
0.88777,1.8238,3
-2.0779,-2.084,1
-0.57671,-3.3309,1
-0.069891,1.5888,3
0.26696,-3.0004,2
0.37014,-1.787,3
0.28135,-2.4778,2
3.289,3.2444,3
5.9656,0.3496,3
8.0336,3.4551,3
-2.7168,-0.40595,2
-0.56987,-1.3425,1
-1.7031,-1.3953,2
1.1243,-0.39812,2
-0.77026,1.6067,1
1.3713,0.8113,1
1.5356,0.88037,1
-1.7545,-0.91216,2
-0.27878,-1.6156,3
-4.2562,0.50365,1
0.4773,-0.69651,3
-0.11526,-0.51447,3
2.7765,-1.0353,3
0.24454,-3.5092,1
-3.6802,-1.4037,2
-4.5068,1.1127,1
3.9363,1.0799,1
-1.5826,0.96348,3
-3.1504,0.39524,1
-1.4511,0.26723,1
-1.2659,0.83462,3
-0.6181,2.6497,3
-0.27131,-1.6366,1
0.51586,1.1616,3
1.9203,-0.79209,3
1.1046,-4.1562,3
-4.4773,-4.8876,1
-1.6011,1.7635,3
2.3033,-1.9219,1
1.3197,0.944,1
-0.56624,1.3369,1
1.6204,1.5113,3
1.3895,-0.85035,1
1.605,5.9274,3
-2.1461,0.72711,1
1.5631,-1.6917,1
4.9062,4.5664,3
-0.90256,-0.8224,3
3.0426,2.0427,3
-0.44509,-0.87726,3
-0.22638,-1.5082,1
2.9203,-0.62003,1
-1.0923,1.683,3
3.5169,2.1613,2
2.8051,2.2288,3
4.4666,1.9927,3
5.1169,1.1171,3
-5.2447,-1.6757,1
4.8273,0.36993,3
-1.8572,0.92884,2
6.659,3.0448,3
1.1349,0.91592,1
2.5621,0.96977,3
1.5664,2.1253,3
0.98468,0.46584,3
-1.3639,0.61563,1
1.4548,-1.7613,2
-2.4646,-0.58724,1
4.4121,6.7181,1
-1.8579,-1.9145,3
0.54573,-2.0525,1
1.0525,-2.4851,1
0.6068,1.2728,3
-0.23497,3.6909,1
0.69667,-4.3345,2
-0.61449,2.6406,3
3.4569,1.806,3
-1.8527,-0.056717,2
1.6976,3.6015,3
-2.1729,2.0881,1
-2.2134,-4.1117,2
-0.76596,3.8734,3
-3.0351,-2.8926,1
-3.3218,-1.5912,1
-3.0989,1.2447,1
1.4399,2.0322,3
-1.2027,-2.2315,1
0.7279,2.3977,3
-1.6727,-1.0288,3
-2.059,-0.87811,2
-1.5272,0.086364,1
0.68784,0.13642,1
1.5874,2.8788,2
1.869,2.9303,3
-0.19349,3.1976,3
-1.7777,-3.2059,3
0.26806,3.9561,3
0.40011,1.8856,3
-5.6517,-2.1502,1
-0.36509,2.9258,3
-0.85166,-0.37368,2
1.6841,2.5822,3
-4.7312,1.4487,1
-1.8974,-1.7544,1
5.2764,1.2296,3
-0.57306,3.4472,3
-0.033311,-0.03152,3
3.5419,0.66353,3
1.8984,3.6366,3
-0.5371,-1.368,2
0.64615,-1.8548,3
-1.9783,-4.0794,1
2.3567,1.7373,2
2.5548,0.6651,3
1.8854,-1.6338,3
1.3999,-2.2246,1
2.8046,-0.42349,3
-0.74384,1.133,3
-1.6008,-2.7435,1
-1.6658,-1.9172,2
-2.4091,0.60555,3
6.9162,4.5676,3
3.4392,1.7111,1
1.1615,2.621,3
-3.1736,-4.0039,1
4.0242,-1.1406,3
-2.0684,0.4991,1
2.052,0.020429,3
-4.3728,-6.8731,1
-3.146,-0.66657,1
0.8498,0.81583,3
1.3433,3.1124,1
-0.21123,3.5717,2
-2.7516,3.2337,3
-0.8926,1.3181,1
-1.4315,-1.8545,1
-5.4069,-2.715,1
-2.7438,-0.092636,1
2.369,2.8963,3
-5.4688,1.4542,1
0.3145,-2.6803,2
3.8221,-2.4363,2
-3.2212,2.314,1
-0.95377,-0.01476,1
0.17433,1.4796,3
2.4567,-1.6547,2
2.7642,2.927,3
-1.9277,-0.96828,1
-4.1383,2.6511,3
-1.5179,2.092,1
3.695,-0.51426,3
-0.20841,-4.844,1
2.062,2.1309,2
-1.3874,-1.3045,1
1.0461,1.4112,3
2.1545,0.98192,2
0.35523,-3.9739,2
-2.2359,-1.9276,3
-0.75671,2.3799,1
3.4595,-0.47623,2
-0.53555,-5.2294,1
-2.6779,2.6811,2
-2.1383,1.9268,2
1.8415,-0.65456,3
2.973,0.81955,3
-0.20213,-1.5941,3
-3.2358,-1.7671,3
-1.4158,-1.6319,2
3.5388,2.6236,3
3.3516,2.5312,3
1.8655,1.6715,3
0.65292,-1.9666,2
1.2844,-2.9379,1
0.51749,2.2717,2
0.60762,-3.5412,1
3.8514,-3.8289,2
-1.2239,-0.18685,2
2.846,-1.3961,3
-3.0445,2.2847,3
-0.25346,0.10639,3
3.2314,2.8572,1
-2.1984,-0.028473,2
-4.4829,-0.66347,2
-0.26205,-2.4419,1
0.87219,1.8986,3
1.9749,0.25441,3
-3.7579,-5.063,1
-1.8264,-1.2032,2
-1.8963,0.23199,2
0.2755,0.84534,3
2.6356,-0.44598,1
1.6629,2.8221,3
-0.5579,0.84064,2
2.1582,2.2007,1
0.7878,-2.9187,1
-1.2168,-5.2671,1
-2.8994,0.29827,2
-3.1763,1.9384,3
1.4995,-2.4792,3
0.64502,-0.11284,3
-1.4301,2.3126,2
-1.6359,-2.3318,1
3.918,4.7572,1
0.93991,4.6056,3
0.72582,-0.92037,1
0.63918,2.5797,3
0.091343,-2.3105,1
-1.991,-2.3894,1
0.64678,1.4468,3
0.78114,-2.7889,3
2.0006,-2.8729,1
-0.29979,2.3854,1
-1.3685,-3.8568,1
-1.4103,4.5139,2
-0.19632,0.098685,3
3.3428,-0.93213,3
-2.237,4.1541,3
1.8446,2.5799,3
-2.2093,2.8563,3
1.3663,-1.0146,3
2.226,-2.4008,3
-1.9097,0.092852,1
1.3099,3.1268,3
1.918,-3.6396,1
3.0154,1.1094,3
2.1231,-1.8815,1
-0.97326,2.2156,1
0.62254,-1.1385,3
-3.5208,0.88064,3
-0.55621,-1.2066,3
-5.0606,-0.57603,1
0.97722,-0.72534,2
0.61604,1.8107,3
-3.4885,-2.3527,1
1.3852,1.8829,3
-2.6374,-2.7512,1
0.19146,0.67378,3
3.5289,-0.2524,3
2.9703,4.419,3
0.17994,-0.85655,2
3.2627,1.2455,2
-0.63724,-0.56363,1
-0.96272,-3.2178,1
-3.6803,-0.45166,1
-2.8724,-1.1421,1
-0.23921,-0.5626,3
-1.6939,-1.3081,1
-0.48805,-2.0665,1
1.2076,0.27956,1
-0.38634,3.2055,3
1.1742,1.9683,1
1.7676,2.4432,3
1.121,-0.43427,1
-3.143,-0.10722,2
-0.93876,-3.127,1
-3.1126,-0.025212,1
-1.3235,-3.6942,3
-0.43069,-0.53687,2
3.7601,2.6947,3
-5.3283,0.54453,1
-2.3121,-0.3565,1
-2.2834,-2.4065,1
-2.0666,-1.9187,2
-0.10414,-2.6197,1
1.2874,-0.39972,2
2.4647,1.6512,3
1.6149,-4.2756,2
1.7021,0.91954,3
-0.96763,-0.416,2
3.2909,0.72296,2
-1.6187,1.7309,2
1.6571,2.6737,3
-1.4848,0.41343,3
2.4151,-0.36506,3
1.3225,0.72384,2
0.16501,-2.4611,1
0.48989,-3.1379,3
-0.51579,4.3334,2
1.5757,-0.75528,3
-0.57538,-0.40279,1
-2.5273,1.1211,1
-1.5881,1.0024,2
-1.9591,1.8914,2
-1.5669,-3.7558,3
-1.497,-4.3401,1
2.1037,1.4918,2
0.95488,0.28603,3
0.84752,0.26533,3
3.6745,2.0461,2
3.5107,3.2601,3
-4.1939,0.70052,1
-0.41832,3.368,3
-0.91168,2.3338,2
-3.5301,-0.88854,1
-2.8605,-2.5339,1
-0.50894,-0.5428,3
-0.63083,-1.5265,3
-0.5134,2.575,3
-3.8095,1.2356,1
1.4207,1.4058,1
2.2045,-0.24132,1
2.5,3.7132,3
-2.9024,-0.60547,2
-0.87908,-2.763,1
-0.81407,-0.15012,1
2.4804,3.1698,3
1.2811,3.8102,3
-3.3349,0.34387,1
-1.5113,-1.3248,3
3.1885,1.8096,3
-0.63316,-1.099,2
0.39898,0.4276,2
-0.49399,0.75246,1
-3.5328,-2.7415,1
-1.4943,-2.3878,3
-0.50779,-0.061678,3
-3.9595,-3.0326,1
2.4866,0.056878,1
2.1606,8.0435,3
0.85666,-1.1204,1
-2.4396,2.5636,1
1.8896,0.62829,3
1.5726,-0.18658,3
3.9399,-1.6148,3
1.6795,4.1086,1
-0.39172,-1.9295,3
-1.4314,-1.2059,2
2.7365,2.5826,3
-0.35682,-0.8333,1
-1.437,2.0522,2
5.55,5.3855,3
-0.1281,1.584,3
0.97363,-5.2859,1
-3.831,-0.80332,1
-4.3666,-2.9959,1
1.2888,-1.5823,3
2.58,-0.21608,2
-3.0027,0.43303,1
-1.0195,0.57433,2
2.1043,3.0649,2
