0.46265,4.2646,3
2.6479,1.4401,3
-2.446,1.9172,1
-5.0221,1.0935,3
2.8268,4.3842,3
-2.9999,-1.1827,1
-2.674,2.5989,1
0.34993,2.3019,3
-3.2,-2.2808,1
-0.21238,1.9063,3
1.6094,0.26838,2
3.862,1.6072,3
2.8538,0.85527,1
-0.98998,-1.1128,3
-2.3167,-2.4212,2
-2.7063,-3.2722,1
-5.8558,-3.5236,1
-0.87422,-1.5631,1
2.5945,-0.56805,3
-4.1374,3.1123,1
-0.91626,1.7346,3
-4.9071,3.8657,1
1.4693,2.236,3
-1.8238,1.7479,1
-1.9592,1.339,3
-0.30816,0.98418,1
3.761,1.6824,3
-2.0572,-1.3882,1
2.2789,2.0756,3
1.5906,2.6802,2
0.49669,-0.89032,1
-1.7994,-2.8002,2
0.68798,1.5311,3
-0.081633,-3.0093,1
-0.99892,2.2128,1
-2.3925,0.031032,2
-0.32956,1.4797,3
3.4403,4.8551,3
2.5043,0.49201,2
0.5992,5.4259,3
2.5618,4.0964,3
-2.9028,5.3391,3
2.2801,2.2785,3
-0.082071,2.5371,1
-1.5403,-2.5114,1
-1.4121,-1.615,3
-0.052028,2.4683,1
-1.717,3.1044,3
3.3118,3.2569,3
-1.25,0.24272,3
2.6641,1.2419,3
0.66561,1.5673,1
-2.4887,-5.7106,1
-1.8064,-3.6947,1
-3.1448,-1.1255,1
1.154,1.6994,2
-3.6716,4.0584,1
-2.3163,-2.7155,1
-0.48714,-2.2281,1
-0.24355,-1.2922,1
-1.8349,3.9483,3
1.9524,-0.59827,1
2.3153,2.2976,3
0.2447,-0.8996,1
-1.5854,0.26227,1
0.39001,-3.4468,1
-4.7302,2.01,1
-2.1732,-0.97511,1
0.026026,-0.31484,2
0.59421,5.4266,3
2.679,2.5669,3
-1.2165,-5.1354,2
-0.22258,1.7957,2
-0.52226,-0.52185,3
2.552,-3.759,1
-1.8292,-7.7568,1
4.0751,0.83679,3
-3.534,1.1137,3
0.4372,-1.0157,1
-1.6082,-1.2557,1
-1.1702,1.0409,3
0.30041,0.4499,1
-0.13278,-2.2426,1
-2.2206,-6.3458,1
-2.1315,-1.401,1
-0.62374,2.4955,3
2.5174,0.89502,2
2.6802,2.1447,1
-5.6084,-4.3898,1
0.56473,-3.9273,3
-0.72233,4.0502,3
0.56716,0.51929,3
-2.214,-0.47604,3
-0.62795,-2.2795,1
4.199,5.9114,3
2.7476,3.0548,3
-0.50453,-3.0498,1
-5.3854,-1.421,1
-2.1877,3.0987,2
1.4157,-3.0843,1
1.2714,-1.6231,3
-2.7847,1.4108,3
-1.501,-1.1283,2
2.6722,-2.1599,2
1.4523,2.5032,3
-0.080481,1.7517,2
0.36741,2.4698,3
0.93566,-4.8468,1
1.7527,2.3955,3
-2.4623,-0.28121,3
1.8119,-0.37978,1
-1.5506,-2.8232,1
-4.5885,-0.6199,1
2.4893,2.0498,3
2.0762,4.4361,3
-4.6983,-1.8805,1
2.1168,1.4186,3
-1.4827,1.4713,1
-0.28694,-0.46999,1
-0.86884,-2.076,1
-0.58394,-0.68987,1
0.77889,1.3284,3
-3.6298,-4.9712,3
0.1732,-2.474,1
1.0078,1.8017,3
0.76483,-2.0414,2
-0.76561,2.4002,1
3.3808,2.2447,3
0.87364,2.3173,3
-0.81807,-0.69148,1
0.63465,0.67184,3
3.6896,-0.18121,3
3.6655,1.6133,3
-0.13617,-1.1771,3
1.7792,-0.39917,1
0.54164,-3.4589,1
-2.067,-2.4549,1
5.094,1.2583,3
-4.7354,-3.2515,1
-2.9762,-3.0479,1
-0.90439,-1.4149,3
-1.8096,0.57572,3
2.1035,1.6029,3
-2.1192,-0.47582,1
-1.3509,0.16421,3
-3.0889,0.17393,3
1.5491,0.59476,3
6.1311,2.597,3
-0.34159,4.1361,3
-0.41237,5.469,3
-2.644,1.2433,1
2.1195,-3.5958,3
-0.74803,-2.2873,1
-4.3132,3.6381,1
-3.114,-0.35485,1
3.7702,4.6647,3
-2.8571,-0.83205,1
-2.1729,-1.1978,1
0.99824,1.6032,3
0.060098,1.654,3
-2.2781,0.52085,1
4.6342,0.20699,3
-0.84781,-4.2582,1
2.5115,0.53659,2
-5.4697,-2.9781,1
-0.091788,0.45188,2
1.4531,-1.8007,3
-0.93206,2.5175,3
-2.6537,-1.2085,1
-4.9498,-3.7038,1
0.10377,-1.3749,3
1.8102,1.7464,3
2.19,0.84735,3
-1.6676,-1.0768,1
-2.5584,3.5609,3
0.13965,1.9429,1
3.4656,1.1322,3
0.46843,-0.48465,3
4.8756,-0.45072,3
5.2627,0.71773,3
-0.26116,-0.36018,1
1.8627,-1.7509,1
-1.2535,-3.2443,3
-0.24465,-4.053,3
0.92693,0.42697,3
2.0225,-2.9975,3
1.6759,1.0226,3
-4.0277,-0.79322,1
-2.4492,1.828,2
4.5045,3.3475,1
0.7266,-1.5909,1
-1.963,-1.5561,1
1.2443,-0.73591,1
-0.83238,-2.2651,2
-1.8654,-0.20085,1
0.87985,-0.88809,2
-1.1299,1.2959,3
2.1717,0.2772,1
-0.4003,5.3928,1
-2.3003,-2.1156,1
-0.22553,-0.092862,1
1.9367,1.7004,3
-3.995,-3.2663,1
1.6097,2.3309,3
-1.7082,-3.8951,1
-1.0185,0.92188,1
-2.4971,-1.2009,1
-5.0465,-2.5948,1
0.18096,-1.3641,3
0.97385,-0.78741,3
-0.75197,0.060169,1
-0.18811,2.7198,3
3.6256,2.6767,3
-0.74775,-2.5256,1
0.33416,-4.1376,1
-3.2227,-2.8139,1
-0.10127,2.4897,2
-0.96052,1.3421,1
0.9276,6.8279,3
-0.035623,-1.8704,3
1.7249,0.84118,3
1.4322,-1.9291,1
2.8266,0.78832,3
-1.9265,2.0358,3
-3.5115,1.6677,1
-2.2114,2.2927,3
1.0731,1.1582,1
-1.2261,2.1262,3
1.2245,-0.42524,1
4.392,-0.59224,3
-0.089525,-2.0012,1
-1.3323,2.3216,1
2.1393,2.7955,3
-1.42,-2.0496,2
-3.9838,0.67968,3
-0.44827,2.7293,3
0.37182,0.67868,2
-1.6145,1.6971,1
-4.7987,-1.2769,1
0.59471,-1.3383,1
-1.6402,3.8673,1
-0.26772,1.4007,1
5.6984,1.8027,3
-1.9046,0.32728,1
-2.1601,-4.8347,1
-0.53546,-3.378,3
3.2014,2.3238,3
1.5998,-2.6445,2
3.8109,-1.8304,3
3.8769,0.99492,3
-0.96354,-2.9691,1
-3.017,1.3285,1
1.7982,-0.85851,2
-2.7778,2.4647,1
-0.83079,0.31181,1
1.1378,2.3715,3
1.419,1.9153,2
0.49447,2.3858,2
3.4824,1.1892,1
-2.5575,2.1864,3
-0.47436,-1.2267,2
-0.92828,-1.832,1
0.043048,0.29624,3
2.3102,-3.2278,1
2.3735,-0.098777,2
-1.3681,0.34541,3
-4.1098,-3.9909,1
-2.1701,-2.4682,1
1.4511,0.96309,3
4.7883,4.0819,2
0.70143,1.9297,3
-2.4356,-0.14826,3
-2.856,-2.155,3
-0.65514,3.6371,3
0.46634,2.9177,3
3.2083,2.5852,3
0.084303,0.59481,3
-1.5702,-3.4715,1
1.5297,2.56,3
2.4694,1.3716,1
3.581,-1.4084,1
-5.1949,-0.95399,1
2.3067,3.061,3
2.3311,1.3104,1
-1.7574,-0.36254,3
0.42768,-0.84118,1
-0.91073,0.80421,1
-3.3466,-4.5905,1
-1.1231,-0.88,1
-1.8961,0.38682,1
-2.171,-1.8597,3
0.19605,-2.2983,1
-0.35916,-0.6225,3
7.0505,0.31123,3
3.812,4.6209,2
-2.6345,-2.4729,1
1.2195,-1.3216,3
-1.3124,-2.7584,1
1.8979,0.33337,1
-4.6266,1.4507,1
-2.8495,-1.972,3
1.2587,0.054237,1
-2.9912,0.86875,2
1.2506,-0.78344,3
0.69176,-0.43499,3
2.7302,8.5313,3
-3.0358,-3.6573,1
3.4822,-1.955,3
-3.6244,2.694,3
1.3031,-3.1337,3
-2.166,0.35149,1
-0.14729,2.4951,3
0.33622,-0.045485,3
1.8138,1.692,3
-3.2543,1.7506,1
-1.1659,-4.4792,1
4.2095,0.82059,3
-4.242,-0.72995,1
-0.8489,-0.16941,3
0.3013,-0.17491,3
4.7159,1.3749,3
-0.45496,-0.32178,3
1.7764,-2.9959,3
1.2218,-1.6571,3
4.1324,1.9105,3
-0.6704,1.8232,1
-2.3607,-2.1067,1
3.4043,0.13774,3
0.8896,5.3381,3
0.20154,1.0619,1
2.3279,2.935,3
0.31465,0.095644,3
-0.032092,0.18641,3
-0.084853,-4.4829,1
2.3192,2.4111,3
2.204,1.4387,3
0.63934,6.1905,3
0.20394,1.5707,2
0.88136,2.4098,3
4.7063,1.4388,3
-1.8165,-3.4931,1
1.2348,-0.76324,1
2.0359,-0.50614,3
0.053477,0.67113,3
-0.8171,-0.288,1
0.019871,-0.20554,1
4.1614,0.5196,3
-0.88202,-0.66833,2
-5.5001,-0.74327,1
-1.9052,-3.814,1
0.93142,-4.7758,3
3.6841,-0.87885,3
-0.64823,2.0497,3
1.3278,4.0957,3
1.1063,2.2112,1
-5.1701,-0.76312,1
1.3108,-1.2241,1
1.9828,0.92653,3
0.66313,3.8263,3
0.36837,3.0089,3
-1.0472,4.0196,1
-1.4225,0.46672,3
0.37157,3.5313,3
1.1959,-0.31735,3
-0.57301,0.64114,1
2.1725,0.73566,3
5.3538,3.0439,1
1.4745,3.274,3
3.1007,-0.66791,3
-0.33537,1.2549,1
5.0466,-0.23801,3
1.181,-0.76364,3
-4.0193,-0.66534,1
0.48151,-0.55662,1
0.082892,0.40612,1
-2.4071,0.58621,3
-2.0011,0.09562,2
-1.709,-3.1477,1
-1.7904,1.2274,3
-3.9648,0.18347,1
1.7861,4.2048,2
0.33471,1.5431,3
-1.7354,1.1371,1
0.26119,1.958,3
0.065393,2.0242,1
2.4574,5.0112,3
-0.33769,3.5645,1
-1.0841,-3.4376,1
-3.8312,3.6338,3
-4.3385,-2.5073,1
4.0764,4.1708,3
2.3118,-0.24241,3
1.764,1.3666,3
0.20575,1.3843,3
0.079696,2.1919,1
-0.33764,-3.7384,1
-1.9953,0.66984,1
-3.6964,-4.34,1
-0.8301,2.5674,1
-6.6898,-1.9068,1
1.0829,0.84808,2
-0.54093,0.87253,1
3.8193,0.90433,3
1.7339,-0.98033,1
0.083624,-0.50481,1
2.1046,0.13194,1
-2.0345,1.2998,1
-0.68542,-1.5317,1
3.5268,-0.63952,1
-2.2764,1.4763,1
-0.90518,-0.59106,3
-0.78974,2.7694,3
0.096364,-1.2521,1
0.61936,-3.6922,3
-1.8966,-3.2875,3
-2.0824,0.17865,1
-2.022,-2.1607,2
-0.82985,-0.11012,3
0.9656,-0.88334,1
-0.02271,5.3806,1
-1.0466,-1.5602,3
-0.76647,0.67685,3
-0.051772,3.3576,3
-3.5474,-5.117,1
-2.5821,-1.039,1
-3.501,-1.735,2
0.52714,-0.14386,3
4.4037,2.7264,3
1.8989,-0.23092,3
2.4722,-3.7536,2
-2.0022,-3.9631,3
0.87592,-0.69245,3
3.1157,-0.082035,3
-4.0976,-3.7281,3
-0.11817,0.20793,1
7.1602,-0.81377,3
-0.078221,0.9843,3
-1.4003,-1.292,1
-0.47363,-1.4326,1
-3.957,-0.26008,1
-2.5115,-2.7681,1
-4.657,4.0306,1
-3.0546,-2.5849,1
1.4999,-0.19377,3
-2.242,0.81142,3
7.5317,-0.076832,3
1.0674,2.963,1
2.4676,-0.17397,3
-0.43679,-2.943,1
3.8645,2.0365,3
-2.2597,-1.3249,1
-1.3716,1.8756,1
-1.5673,2.6524,1
-2.0523,-3.5407,3
2.5369,-3.3435,3
-1.4186,-2.0779,1
1.1668,2.042,3
-1.3413,-2.2221,1
1.707,4.2517,3
0.86624,-2.8478,3
-0.14523,-3.0778,1
-3.2704,-3.2311,1
-4.3454,0.19485,2
1.6047,0.15428,2
0.71103,0.78621,1
2.2461,2.3483,3
-1.8,-2.184,1
4.0359,4.0832,3
-1.0584,2.0701,1
-2.8087,0.60331,1
-4.2819,-0.8068,1
4.8876,-2.3201,3
5.1208,1.3202,3
0.8194,-2.6053,1
-0.42605,1.981,1
-1.9904,1.2674,3
-1.5276,-2.0835,1
0.34177,-4.7006,1
-0.31841,3.455,1
1.9296,1.1133,1
-1.2341,-0.79164,1
2.7508,1.0478,3
-0.82744,-0.9028,1
-1.3731,1.5395,3
-0.87619,-1.454,1
5.2155,0.25182,3
4.912,5.2249,3
-0.7995,-1.9115,1
-1.7671,3.5614,3
-1.5332,0.80361,3
4.0966,1.0222,3
2.9789,-1.6278,1
-1.8911,-4.8533,1
-0.52555,4.8017,3
0.17095,1.0412,1
2.6114,1.7125,3
-4.7174,-2.2823,1
-1.2644,3.2555,3
0.84304,0.83752,1
4.1347,1.7395,3
0.79824,0.39955,1
-2.4361,2.2199,1
-2.2326,0.63308,1
1.1416,4.368,2
-4.2986,-3.2508,1
2.9759,-1.5067,3
-3.2037,0.16796,3
-2.1678,1.281,3
1.0268,-0.32586,3
1.4346,-1.4051,1
1.0901,0.9697,1
2.6553,0.4377,3
-0.465,0.18834,1
-0.59774,1.5426,3
3.9362,2.0022,3
2.4081,-0.24458,1
1.8115,3.4398,2
-0.4583,1.4183,1
-2.4971,-3.2456,1
-0.29769,-0.82307,3
-2.1365,-0.17985,1
2.088,-2.4793,1
-1.4075,0.61192,2
-1.3042,2.1651,3
-1.3593,-0.65177,1
-1.9401,1.1632,3
1.8915,1.9008,3
0.72068,-5.1182,1
-1.4084,0.45801,3
2.4936,0.73112,3
-3.3582,-4.4534,1
-1.3899,0.62059,1
-3.2612,-2.5033,1
0.71734,-0.66647,1
0.62957,-1.7352,1
-0.3764,-1.7011,3
-2.6015,0.23453,3
-0.11696,-3.6345,3
-0.38814,3.6498,1
-1.4371,0.47709,3
-2.3242,-4.2245,3
-3.6444,-5.2541,1
-5.0081,-4.009,1
2.9245,2.3224,3
0.64535,0.68387,1
-0.50349,3.2462,3
-1.092,-1.3313,1
-0.59349,0.69864,2
-0.70593,-2.4005,1
-0.11176,-1.7919,1
-2.0492,2.5848,3
2.7497,-0.91263,1
4.8043,2.1648,3
-2.5197,-3.1163,1
-3.9436,1.4356,1
0.33438,0.84124,3
0.35699,4.4426,3
-1.0455,-2.2795,1
2.5347,-4.5004,3
-1.0813,0.49987,1
-3.1752,1.4229,1
7.112,5.9456,3
1.8612,-2.6629,1
0.77503,-1.3664,1
0.20226,0.89862,3
-4.4095,-1.5561,3
4.7242,-0.35514,3
1.8466,-1.5067,3
-4.8955,-5.5392,3
-1.1713,-1.8585,1
-2.8503,0.18733,2
0.65829,-0.40035,1
2.2311,0.52682,3
-2.2094,2.5902,3
0.68943,2.1265,2
0.14916,0.16556,2
1.122,-1.6745,3
-2.9056,0.47663,1
1.4081,-0.084152,3
1.2491,0.68732,3
-1.8126,5.9661,3
2.3083,-0.092038,3
3.1147,4.5836,3
1.7323,7.3411,3
1.7179,3.2372,3
-1.9354,1.7271,1
-1.3823,-2.2573,1
-0.57253,-0.82449,2
-2.1183,0.31092,1
-2.0743,-3.6915,1
-0.69861,2.9589,3
-0.76188,-5.9983,1
2.3167,1.7165,3
0.05661,-1.1793,3
0.94471,-3.5939,2
1.7481,-1.0284,2
-1.9811,-3.4913,1
-2.1275,-1.8651,1
1.3429,-0.71171,3
-0.24476,0.86431,3
-2.1485,3.3596,3
-1.1416,0.054481,1
-1.1879,-0.055735,3
2.4488,-2.966,3
-2.8181,1.3602,3
-0.67084,-0.67038,1
1.2007,-1.044,3
-1.0543,-0.63459,2
2.472,2.0851,3
-0.84649,1.4155,3
-0.24006,-2.6156,2
-1.1959,0.73053,1
-3.6351,0.49954,3
-1.6967,-2.9813,1
-1.1166,-3.2994,1
-4.0638,-0.72566,1
-0.96142,0.66618,3
1.3212,-1.3604,1
-2.9408,-2.1255,1
0.01384,3.1107,3
-0.6742,0.94104,1
-1.3153,-2.8175,1
-4.1937,1.7846,1
6.0298,2.6361,3
0.43772,2.5547,2
4.1007,0.051851,3
-0.33585,0.52986,3
-2.192,3.1871,3
1.6721,-1.9064,3
-0.39351,-3.0173,1
-7.1154,-3.7671,1
-2.7178,-1.1769,1
1.7088,2.2739,1
-1.6153,2.9987,1
0.38367,0.058263,1
0.17468,1.1429,1
-0.91853,0.089954,1
-1.4488,-2.9681,1
-2.0842,-2.275,1
1.3977,-0.66357,1
-0.9182,-0.33321,3
0.34102,-2.209,1
-3.9616,-1.9965,1
-1.6276,3.9899,2
-2.434,-0.095758,3
-0.76004,0.14616,2
-3.3018,0.78711,1
3.0574,2.8005,2
-0.77638,-0.24942,1
2.414,-2.3369,3
5.3625,-0.43198,1
-1.3883,1.5282,3
0.29295,5.0477,3
-1.4491,-2.9672,3
-4.7534,-1.9613,1
-3.0019,-1.1486,1
0.56944,2.8608,3
-4.8301,-1.3718,2
-0.46291,0.42794,3
2.6923,2.6205,3
1.8054,-2.2381,1
-1.4835,-1.9439,1
2.7906,2.1426,3
-1.8714,0.11377,3
-0.1294,-0.86579,1
2.5723,2.1119,1
-0.15946,1.5144,1
-2.0585,-0.8808,1
2.2327,-0.98869,1
3.0565,-1.9425,3
-1.4697,-1.8085,1
0.3723,3.9377,3
0.71709,4.0494,3
1.6708,-0.10556,3
2.7097,4.089,3
7.1382,1.1539,1
-2.0404,1.1734,1
4.0136,-3.1954,3
0.32376,0.12326,1
-2.0195,-2.5825,1
3.2257,0.36924,3
2.1004,-2.6382,2
-1.6115,-0.88592,3
-0.45303,3.3815,3
-5.2942,0.61323,1
-0.71969,-1.5971,3
2.6596,-1.5117,1
-1.3926,-4.5168,1
-1.8324,-2.1331,1
2.2532,4.9894,3
1.2459,-1.2978,2
2.182,0.72725,1
0.84156,-4.0945,1
-4.1996,-1.2224,1
0.35854,0.9648,3
1.3559,-1.631,3
0.015683,2.6873,1
-4.1527,1.8518,3
3.0661,-0.17114,1
0.061488,1.216,2
3.827,1.6031,3
2.4001,-0.24336,1
-3.4276,1.2885,1
-0.689,-1.5637,1
-0.62259,2.1509,3
0.047297,-0.47068,3
-2.7583,0.40424,1
-1.6221,1.9276,3
2.29,2.223,3
2.977,0.79941,3
-1.023,0.8038,1
2.7786,1.2197,2
0.076163,-1.3963,3
-2.86,-0.29944,1
-0.9888,0.66544,1
1.1169,0.38254,3
-5.2668,-4.5641,1
4.1602,3.3224,3
1.7841,2.3998,3
1.1923,-2.2095,1
3.9182,-0.79159,3
-0.3691,-0.66731,2
1.0165,2.3444,3
1.3406,0.40714,2
2.5432,-0.23324,3
-1.1362,-0.33486,1
-1.3241,-2.6105,3
1.7224,0.091461,1
-0.4622,-0.97273,2
1.299,1.6635,3
1.524,-0.57431,3
-2.5737,-2.6045,1
0.1772,-0.29778,1
-2.8125,-1.0452,3
-1.8863,-1.3164,1
-0.73096,-1.0286,1
-1.6849,-2.087,1
0.030336,1.4375,3
0.37349,4.1721,3
2.1513,-1.4971,1
-0.96397,-1.4296,3
0.28988,2.0691,3
-1.2258,-2.6102,1
-1.3518,0.53531,1
1.0758,1.9523,3
5.9295,-0.69601,3
2.0465,3.2134,2
1.6008,1.8649,1
0.59445,2.1216,3
-2.8378,-0.040215,1
0.49919,-1.2328,3
-1.8246,-1.139,1
5.6789,-0.011082,3
-3.4646,0.32853,1
-3.0149,-0.92626,1
-1.9044,0.93204,1
2.4516,3.4287,3
-2.21,-2.8135,2
-2.0194,-3.4455,1
0.78344,-2.5349,1
-1.2229,-3.224,2
-1.9642,0.55228,1
0.81407,-1.0745,3
-0.50452,-1.8387,3
3.2105,0.40684,3
-2.0664,-0.67433,3
-1.5231,-5.2636,1
4.3755,1.9941,3
-0.85954,-0.25051,3
1.5057,-1.4119,3
1.0398,3.8971,3
2.0963,0.9175,3
-1.9361,-1.6149,1
2.8062,-1.5992,1
1.8746,2.3762,3
0.55117,5.6454,3
-2.6891,-1.0001,1
-1.0092,-3.335,1
1.9661,-4.8454,1
-0.20549,-0.65641,3
-0.36759,1.661,3
-6.4439,0.45432,1
1.5943,-3.3042,1
2.1604,2.7771,3
-1.0817,0.40866,3
2.1452,-1.4471,3
1.5393,4.3347,3
1.9115,-0.61809,3
-1.9979,0.71177,1
-0.074561,3.7717,3
-0.25951,0.26528,1
-0.55105,2.1467,1
4.7643,-0.30384,1
0.56452,-1.4431,3
0.39937,-1.1259,1
-0.64639,2.458,3
0.43035,-1.3666,3
1.1873,1.9129,3
2.4699,-0.055826,3
-0.89149,1.6947,2
0.91611,3.0147,3
-1.8995,-1.2725,1
3.3084,2.7931,3
0.31913,0.55832,3
-0.97538,-1.7252,1
2.5716,2.2467,3
-2.802,2.1937,1
1.4861,-1.2167,1
-2.682,-1.9811,1
-3.2989,-3.2687,1
-2.2341,-2.4733,2
0.28622,-0.11648,1
2.0451,-2.3029,1
0.082484,1.0659,3
-3.2862,0.67127,1
-0.044883,1.0267,3
1.4325,-3.1594,3
1.9809,-3.6896,1
-0.43101,2.0721,3
0.88118,-1.4277,1
1.6386,2.7476,3
-1.2016,-0.29614,3
2.562,1.8083,3
2.0869,-0.69674,1
-0.80274,-1.1862,2
1.8063,1.6217,3
0.49029,2.7468,2
1.7398,2.0543,3
-1.67,-1.8407,3
0.38438,1.1946,1
6.4649,4.3017,3
-2.0046,2.0718,3
3.4962,-0.092861,3
0.88402,-1.9922,3
3.6188,0.74801,3
-0.44306,4.2788,2
4.5659,0.2414,3
-3.4414,-0.14316,1
-0.33063,-0.39937,3
0.60725,0.4013,1
-0.91561,2.0558,1
2.6517,2.7503,3
1.3352,-0.59049,3
2.134,4.0282,3
6.3306,0.093596,1
-1.4528,-0.091538,2
0.88086,2.1761,3
-0.5319,-0.14588,2
2.8284,0.80462,3
1.0388,3.5514,3
-3.1627,-3.1365,1
-1.1677,-1.8992,1
-2.3714,-1.5516,1
-3.1592,-0.31178,3
0.2713,2.2671,2
1.9839,-0.43655,3
0.66164,0.31524,1
-2.2336,-2.1482,1
-2.505,2.9643,3
2.995,0.028125,1
-0.39258,0.54279,1
7.1747,1.2061,3
-0.58323,-4.5549,1
-3.3994,-0.67097,3
-0.1229,0.9544,1
0.18312,1.4254,1
-0.89418,-0.40302,1
2.4946,0.88305,3
-1.9922,1.6418,1
-0.9074,2.6221,1
3.8509,4.8575,3
0.94278,0.86468,3
-0.081587,1.9713,3
4.1622,-0.77592,3
-4.2064,1.8192,1
1.654,-0.41211,3
-4.3741,-3.9572,2
-2.5193,-0.85682,3
-3.8947,4.0047,3
-1.5814,2.6338,1
-4.1016,-0.87533,1
1.7002,3.601,3
0.6661,1.5097,3
-2.059,-2.987,1
0.053875,-2.5509,3
-1.4364,0.71622,1
2.2036,0.58096,3
-4.014,0.16917,1
0.14792,-0.25114,3
1.3693,-4.8855,1
0.28937,1.8532,1
2.6302,0.45816,3
-0.43888,-0.55715,1
0.50396,-0.48068,1
-2.326,-0.68393,1
-3.8856,-0.92674,1
3.8698,-0.75545,3
-0.70832,-5.4905,1
-2.0347,1.6083,3
-0.68182,2.3344,3
2.0971,0.97214,3
0.2156,-6.6597,1
-2.9154,-2.0723,1
-1.8029,1.4635,1
0.2838,-5.1804,1
2.2602,-1.1432,2
-2.726,0.77336,1
2.623,-0.24422,3
-0.29145,-1.035,1
-0.33128,-1.0142,3
-2.3592,0.084238,1
1.4001,0.88612,2
3.3104,2.3197,1
-1.492,-0.14181,1
0.80251,2.1488,3
-0.10479,0.48381,1
-1.1849,-3.2552,1
2.9625,-0.69886,3
-2.304,2.1457,1
1.3565,1.2877,3
1.7908,-2.6787,1
-1.5518,1.4088,2
3.0255,4.1456,3
4.2046,-1.6646,3
-2.8049,-1.0171,3
-4.0445,1.7585,2
-1.0926,-1.8156,1
3.7415,0.6471,3
-0.4769,-0.30684,1
1.5026,1.7766,3
3.5948,-0.87057,3
1.0465,2.803,1
6.4956,1.1713,3
-0.57595,2.1222,1
-0.7542,-0.043398,1
1.516,-0.28844,1
1.9089,3.3985,3
-3.6932,1.0963,1
-0.062729,-2.7952,1
-2.2694,-2.6848,1
-3.0656,-0.061867,1
-0.085536,0.74266,3
3.4243,1.3639,3
-0.80689,-3.2445,1
-1.2657,3.2862,3
1.686,1.6591,3
0.77327,0.6751,3
1.2107,3.5953,2
1.2706,-0.29877,1
2.8778,-1.1172,1
-1.3835,-0.44937,1
3.1677,-3.0003,1
1.6669,5.4712,3
-0.31315,-0.16414,1
-1.8452,0.975,1
-1.9887,-3.2569,1
-3.4721,0.53417,3
-1.324,-1.3963,3
-3.1563,-3.9077,3
1.0189,2.9349,3
2.5727,-3.0214,3
2.0657,0.27102,3
-3.2529,-2.5286,1
-1.5345,-0.29957,1
-1.9078,-2.4668,3
-4.2101,0.68504,1
-2.5276,-2.5283,1
-1.6324,2.0583,3
-4.8782,-2.6335,1
-2.8587,4.138,3
-2.9668,-2.907,1
-1.0256,-2.97,3
-1.2134,1.252,2
-0.44285,-0.31307,1
-3.4683,1.2224,1
0.2431,-0.51569,3
3.0532,1.8816,3
-1.3926,-3.9436,1
0.73861,-0.24393,3
-3.131,-5.2203,1
1.4076,1.9687,2
3.5913,1.8618,3
-4.4624,-4.7243,1
0.52871,0.46191,3
-2.0668,-3.0693,1
-0.92208,2.8476,1
-1.7329,-4.1253,1
-3.7455,1.201,1
-2.99,-0.16135,1
0.56987,-1.6914,1
-4.4615,-0.29136,1
0.07318,2.7519,3
-5.5228,1.2982,1
-4.2767,0.62234,1
-0.19948,0.31929,2
-0.40503,3.3606,3
-1.7409,1.9489,1
0.44185,-1.8789,2
-0.61696,-0.34613,1
1.4465,0.40621,3
-5.0586,-2.2041,2
-2.0497,-0.095047,2
-0.78736,-0.97163,1
2.6868,3.5835,3
-1.2495,0.06812,1
-1.0688,2.2778,1
0.80154,0.98416,1
-1.165,-2.1563,2
-0.84731,5.0569,3
-0.57428,1.2661,1
-2.2655,-0.49469,1
3.4999,1.4129,3
-2.2811,3.9728,3
-2.2251,-1.999,1
0.30515,2.7942,3
1.8561,2.1591,1
3.0303,-0.52353,1
-3.742,-2.111,1
0.6116,1.4185,3
4.1623,0.92007,3
-3.7713,-5.4177,1
2.2071,-2.1816,1
3.7298,1.3665,1
-1.5727,1.3349,3
-1.0591,-3.2423,1
-0.2105,3.5373,3
0.71282,4.6314,3
-0.20369,-2.4563,1
-4.4851,3.6008,1
2.6366,0.64602,3
3.9085,1.4872,3
-2.9754,5.2247,1
-0.11017,2.3691,2
-2.4402,-0.46879,2
0.24442,0.88225,3
-2.0086,-1.6665,3
1.502,1.6171,3
-4.786,1.3452,1
-3.5194,0.28756,1
2.0693,1.9122,3
-2.0392,-2.411,3
1.1634,-1.7963,2
5.6058,2.0989,3
-0.85439,3.4236,1
5.5619,0.96092,3
3.8709,2.2144,3
1.6274,-1.5104,3
2.537,3.6522,3
-1.3806,-1.2126,1
2.9582,-3.1489,1
1.1296,-2.8695,1
0.92646,1.5541,1
-1.2679,2.3698,1
2.1449,2.049,3
-1.4057,-2.1221,3
0.3133,1.4074,3
-2.0371,1.1689,1
2.7244,1.444,3
-2.0332,-3.1881,1
0.74096,-1.4698,2
-2.3145,-2.0284,1
-4.6733,0.67882,3
2.4296,-0.83514,3
-3.271,-1.2618,1
-1.7642,-1.3255,1
0.11196,-0.026465,3
-2.178,-2.0491,1
-3.4268,-4.0008,1
-0.14156,0.26579,1
0.42934,-6.0301,3
0.020374,-2.5566,3
-4.1307,-3.9456,1
-1.4189,-0.33943,2
3.6612,2.5354,3
-3.1464,-1.6644,3
0.44108,1.5144,1
-1.5545,-2.574,1
-1.342,1.7105,3
2.0468,2.2319,3
-4.4727,-0.7556,1
4.1738,-0.80609,3
1.4724,-0.17134,3
-1.7233,-4.6345,1
4.7311,1.8879,3
-0.80306,0.67844,1
1.482,-0.40518,3
1.7189,2.4134,1
0.38037,-0.065878,2
-0.83162,1.9808,2
-1.1032,0.31915,1
4.4091,2.4979,3
-1.628,-2.2524,1
-0.21634,0.60912,1
-2.6882,0.93698,2
2.7902,1.638,3
2.2234,-2.5626,1
-0.82271,-1.029,1
-2.2459,-2.1253,1
-2.1227,-5.0422,1
1.6273,4.1015,2
0.84295,5.2595,3
-1.0509,-1.1414,1
5.2372,-0.79016,3
1.7714,-2.0781,3
-0.18595,-0.86503,1
1.394,6.0857,3
-3.5901,-3.3926,1
-1.9929,-0.6336,1
-0.044788,-3.5478,1
-0.42735,-1.8327,3
0.21269,-0.82087,3
-2.5539,-0.78188,3
-2.285,-2.1186,1
0.91171,0.33177,1
2.3413,2.4834,3
-8.0637,-0.42599,1
1.6389,-1.5256,1
0.24358,-2.2272,3
-2.6483,-1.2291,1
5.5693,2.6529,3
-0.45832,-1.9237,1
4.3682,0.44336,3
0.01514,-2.9421,2
-3.7549,-0.98353,3
2.3924,-0.13244,3
-2.3555,-1.7199,3
-1.5851,-5.5947,1
-2.5998,-0.6012,1
-1.2082,-0.17227,2
-2.4838,-3.8187,1
1.9957,0.45457,3
3.7174,3.0691,1
1.0048,-5.4798,1
-1.9293,-1.3512,1
0.16241,0.48639,1
2.447,0.42609,2
-1.8206,-2.5641,3
-0.55021,-1.287,1
-2.9533,-0.20302,1
-6.5569,-0.33483,1
1.9723,-0.93872,1
0.31685,-1.6962,1
1.9407,0.96218,1
-2.0445,-0.21878,3
-3.5584,-4.6033,1
-0.48485,-2.0143,1
1.2547,-1.8086,1
4.2593,0.29174,3
-2.2835,0.67681,2
-2.6167,-1.2982,1
0.86326,0.95665,2
0.928,3.7128,1
1.5024,-0.12038,3
-1.4962,-3.2259,1
0.71653,1.4205,3
-2.4853,-2.856,1
-2.2895,-3.1285,1
0.12457,0.84985,3
-2.4972,-5.6161,1
-3.5879,-0.72095,1
-1.0542,-1.0532,1
2.7677,-3.0651,1
-0.43536,-1.9479,1
1.7677,2.1164,3
2.5062,-4.5367,1
0.88749,5.1022,3
-2.1708,1.6878,2
2.6541,2.4315,2
-1.272,-0.052285,1
1.0617,-0.81722,1
-4.131,-1.1013,1
1.7453,6.4041,3
-0.53227,-1.6429,1
-0.963,-2.0559,1
-1.2253,-0.266,1
-0.9671,-0.75926,2
1.9835,0.5905,3
-1.1017,-0.16771,1
0.18125,-3.3615,3
-0.26105,1.5595,3
-1.1118,-1.4076,3
1.1706,-0.5706,1
-3.654,-0.041598,1
2.3608,0.89639,1
-4.9079,-3.039,1
0.60409,1.1622,1
-2.3131,-0.066549,1
0.68958,2.8142,3
1.2236,0.49531,3
1.5357,1.7813,3
3.5954,3.1575,2
1.959,1.6594,3
2.7398,2.9379,1
4.6082,-0.20595,2
2.4193,-0.23512,1
3.0081,-3.5263,3
-1.0607,-1.4148,1
-0.049012,0.32949,3
-0.22859,-0.12804,3
2.9656,2.6385,3
0.67972,2.7455,1
-1.8592,-2.8256,1
-2.306,1.8266,3
-1.6717,1.0363,3
-0.84543,0.63181,3
0.54605,1.5237,3
-5.699,-0.84273,1
2.0506,1.3728,3
-1.9791,-2.6975,1
-2.1239,-2.955,1
2.1132,-1.8246,3
-1.8867,-3.5761,3
-1.3002,2.6941,3
-1.3382,-1.709,1
-3.8819,0.0078898,1
-0.66628,-3.4923,1
-2.458,1.7217,1
-0.422,-1.6511,3
6.332,-1.421,1
5.4293,2.8054,2
-2.9539,-2.3599,1
-3.5172,-0.12999,1
1.0532,3.9147,1
1.9371,0.43005,2
-0.71068,4.1823,1
3.4277,-0.3076,3
3.0764,1.4139,1
-1.2617,-5.1273,1
-2.0951,-1.4459,1
1.9579,-0.28729,3
3.4077,7.0129,3
0.16895,-0.7436,1
1.4254,-0.017606,3
4.4694,0.52601,1
-4.7658,1.4677,3
-0.54775,-3.2869,3
-3.3786,2.6314,3
1.6035,5.4592,3
4.1704,2.9878,3
-2.0998,-1.2767,1
-1.6806,0.59986,2
2.8229,1.1707,3
-0.15283,-4.2186,1
-4.0086,1.0624,3
0.066994,-2.8568,1
0.42056,-0.53728,3
-0.40948,-0.55029,3
-3.5741,-1.835,3
0.79783,1.2174,1
3.2534,1.5563,3
0.40239,1.2962,2
-2.6652,-2.2576,2
-4.8781,2.0051,2
-2.2674,-5.7929,1
1.5497,2.2878,1
4.8124,0.7361,3
1.0108,2.9238,3
-1.943,-1.5149,1
0.029552,5.4398,3
-0.42553,2.1019,2
-3.3775,-2.9156,1
3.62,3.2948,3
1.3892,1.0802,3
3.7767,1.7785,3
-1.7274,2.539,1
-1.9847,-5.9532,1
-4.709,3.5507,3
1.3282,0.16507,2
2.833,1.9786,3
1.3459,1.0043,3
1.2531,-3.593,3
0.57241,-0.067559,1
0.91086,0.28879,2
-1.9065,-1.798,3
-1.2925,-0.87569,3
-4.0209,-1.2733,1
2.5061,1.3608,1
0.088075,-3.5934,1
-0.2818,1.6882,3
2.39,2.5542,3
3.7847,5.7693,3
-1.8786,1.4499,1
1.5296,5.2485,3
-2.4434,-0.28542,3
0.04218,-0.196,3
-2.4881,3.3588,3
-0.3642,-0.3953,3
1.5387,0.59505,3
-3.1198,-0.69826,3
-4.97,0.24149,1
2.7488,-2.0179,2
-2.0125,-5.4898,1
2.3579,2.0615,3
-0.44243,-0.21062,2
-0.59767,-5.1071,1
5.1263,1.8646,3
2.7446,0.42147,1
0.96159,3.7354,3
-0.35683,-0.52809,1
-0.71056,0.071743,3
-0.8376,-1.4569,3
2.6188,-1.5755,1
-0.97825,1.6313,1
-0.79492,-1.3837,1
-0.057756,-2.4856,3
1.1004,1.9208,1
-4.2161,0.31004,1
3.9378,-1.0906,1
1.8535,0.34102,1
-1.0797,1.3109,1
-0.0064756,-1.176,3
1.8832,0.17166,1
2.4806,-0.82011,1
2.0807,1.4577,3
-1.0198,0.70891,1
2.973,-5.8509,2
-3.8071,-0.94241,1
-0.34736,0.37819,2
-2.4785,-3.0038,1
2.639,3.5542,3
3.0355,2.1775,3
2.0367,0.0093651,3
-0.33719,-0.3691,3
-2.3689,2.9545,3
-0.69691,-1.7905,1
-2.3618,-0.14244,3
2.7362,-0.65086,3
-4.337,-4.7894,1
2.5369,1.9878,1
-3.4532,2.7146,1
-0.2403,-4.1995,1
-1.5301,3.7211,3
-2.2749,-2.5521,1
1.7528,-0.51358,3
-3.2278,-0.33203,1
-3.8904,-0.84528,3
3.3251,-2.6101,3
-1.9427,2.0802,3
-1.0914,-1.6698,2
2.7225,0.73725,3
2.5441,-1.0718,1
2.3116,0.046039,2
-0.43283,-4.7625,1
0.63137,-1.9252,3
-1.2009,1.2985,3
-1.3733,-4.3038,1
-5.9975,-2.9123,1
-2.0932,0.81652,1
-0.85597,-4.9748,1
-1.6441,-0.85435,1
-3.1122,2.4171,2
3.8063,1.0737,1
-5.1066,-2.2135,1
0.39703,-1.3653,2
2.426,2.8223,3
-1.3863,-0.10901,1
0.62025,1.2806,3
0.12765,2.8069,3
-3.645,-0.24353,1
1.9382,3.8715,3
-2.3555,-3.5527,1
2.3148,-1.9783,3
-0.70187,-1.836,2
1.2728,-2.8343,3
-0.35097,-0.41575,1
0.53883,4.5173,1
-0.85118,-1.5069,1
0.45999,-2.0188,3
0.41707,-0.72723,1
3.5305,0.95288,1
1.855,0.6727,3
2.913,0.29894,3
0.17861,1.7406,1
-0.68967,0.64846,3
1.4039,5.5052,3
0.75437,-1.6966,1
-2.7146,-0.77638,1
0.89607,4.4346,3
0.52547,0.20116,3
-0.95631,-2.8228,1
0.21733,1.5681,3
1.9658,-1.089,3
0.28596,-2.5418,3
1.0207,-2.1565,3
0.22783,-0.46593,1
-0.38373,0.54219,1
2.6115,3.556,3
1.8597,-1.081,2
4.4621,0.2448,3
-0.84322,-5.4269,1
-1.1573,-2.0179,3
1.9836,-0.23109,3
4.1399,0.26797,1
0.76541,1.2377,3
-2.5442,-1.6009,2
-1.9266,2.3144,1
-2.3431,1.281,3
1.4814,3.3469,3
2.573,-3.4156,1
-1.4288,-1.9293,2
-0.41002,1.2934,3
2.6617,2.7451,3
4.3057,3.9994,3
-4.4695,0.1202,1
-0.62763,1.9843,3
-3.0853,-2.9119,1
-0.41025,1.5974,3
-1.184,0.013881,1
-1.9166,0.39993,1
0.15815,3.1167,1
3.0377,-0.24196,1
0.9309,0.31518,3
-2.4829,-0.92173,1
-2.997,-0.64167,1
1.7589,2.4834,2
0.16403,5.6136,3
-0.41631,1.7518,3
0.59537,0.94737,3
1.1442,0.51196,1
-8.1398,-2.3316,1
0.8954,-2.2776,1
0.049816,2.913,3
1.6444,2.533,3
-4.4605,5.1642,1
0.84431,0.15059,3
1.9476,1.647,3
0.33866,3.0686,3
-0.97506,3.0039,3
0.24206,-2.2002,1
-1.6495,-1.5012,3
2.4657,4.5421,3
0.30661,-0.025245,1
-2.0119,-0.90062,1
-1.2178,2.2816,3
1.3954,2.7696,2
3.8564,3.1628,3
2.4702,1.8574,3
-1.3458,3.003,3
-3.4617,0.17609,1
5.1079,2.318,3
-1.3177,-1.658,3
-0.74161,1.7137,3
0.24791,-0.36663,1
-1.1802,0.82844,1
2.1441,-1.6003,1
-0.88278,1.0709,1
-1.2135,-0.76404,1
2.5959,-1.7367,3
0.36315,-2.3113,1
-3.2016,-1.0326,1
3.3353,2.4489,3
0.32367,3.021,3
-1.7942,1.4999,1
1.5145,1.4855,3
1.4512,-0.50406,2
2.8064,2.5817,3
-1.9908,-1.1373,1
-0.34256,5.337,2
0.85279,0.061144,3
-3.6342,-3.5131,1
-0.15573,-1.3145,3
-2.134,1.5877,3
0.94492,4.431,3
-2.1528,-1.55,1
0.21504,1.5862,3
1.0489,-2.94,1
0.84813,0.24641,1
-2.6138,-4.1033,1
0.94319,-0.77441,3
-2.3171,0.63097,1
0.95246,-0.39524,3
1.4922,-3.4624,1
-0.22343,0.96174,3
-0.5915,0.99885,1
3.5539,2.3898,3
-1.1741,-0.39558,1
-1.8835,-0.013762,3
1.5195,-1.1857,2
-2.0349,-1.695,1
-0.1396,-0.69991,1
-5.4391,-3.8569,1
1.455,3.6108,1
-0.079194,1.6835,1
-4.9716,-3.8624,1
-4.891,-2.276,1
4.0999,1.8512,3
1.1747,0.69318,1
3.6539,0.5765,1
-0.86511,1.3955,3
-1.1401,-1.2834,1
1.071,1.4956,1
0.32157,-1.286,2
-3.9732,-0.41787,3
-2.583,0.55326,1
-0.10343,4.1952,3
1.608,5.0221,3
0.31185,-0.68093,1
4.7931,-0.96162,1
-0.23713,8.6107,3
-2.1412,-1.6908,1
1.9558,-0.12629,3
0.62589,-1.1562,1
-2.0792,-3.7226,1
-0.74632,-0.9532,3
0.22364,1.0261,1
2.1471,0.58545,3
1.5487,0.92207,1
-3.1329,-3.0309,1
2.7578,-0.87105,3
-0.64707,-0.25148,1
3.9475,4.5686,2
-1.904,-1.0862,1
-1.6228,2.7678,3
-1.3796,-4.1265,3
-1.4163,1.7318,3
-6.5717,-0.69784,2
-1.2598,0.11857,3
0.2262,1.5877,1
-4.1784,-4.7766,1
1.4177,3.5722,3
-0.35175,-1.8497,3
-3.7206,-1.4225,3
-0.21502,1.0525,3
1.7742,0.38043,3
-1.1139,0.48901,1
3.3099,-6.3365,3
2.0262,7.9665,3
-4.8708,3.5863,1
0.69188,1.6533,1
3.6912,2.0583,2
1.6862,-1.7153,1
3.7078,3.415,3
4.2106,-0.9948,3
-0.0083971,3.867,3
-3.9401,0.12693,1
0.16877,-1.4907,1
-2.2822,-3.8796,1
4.8686,2.7061,3
1.4057,1.4847,3
-2.8117,2.8496,2
1.9661,-0.87144,3
1.2292,1.7857,3
1.3443,-1.5817,1
3.6574,3.6449,3
0.80739,-0.10889,3
2.8787,0.075607,3
2.6755,-0.27356,3
1.6972,0.38037,3
-1.5742,-2.6159,3
3.4472,1.605,3
-3.9974,-1.3801,1
2.1682,0.56813,3
0.91554,1.1131,3
0.050146,2.039,3
0.3163,0.95117,1
-1.8598,1.2788,1
2.9692,1.9243,3
-0.53946,1.6504,3
-2.2631,-2.9086,1
-0.83938,-3.1864,1
0.77245,-2.8082,3
0.34673,-1.8624,1
-3.609,-0.99581,1
5.2367,2.1287,3
-0.26792,-5.8602,1
0.76765,0.54227,3
-2.2772,0.33853,3
-2.5918,-1.3668,1
-1.1213,1.3194,3
0.28632,-0.35109,1
-3.4466,0.75926,3
-1.7762,0.12826,1
2.8966,0.32458,3
5.0332,-1.3829,3
-2.4308,0.30434,1
0.95352,1.2751,3
3.6636,0.95739,3
-1.6223,0.85781,1
2.5119,1.0478,3
-1.4272,-3.186,1
-0.4783,1.6391,3
-0.32619,0.16137,3
2.1158,1.7053,3
-2.4654,-7.3295,1
2.0361,4.1391,3
4.5501,3.9863,3
-0.78848,-1.4043,3
-2.5804,0.63588,1
2.8122,-4.4707,3
-3.3591,0.058173,2
-2.4477,-4.2068,1
-1.6864,0.42223,3
-1.3327,-1.3498,1
-1.4795,-1.6479,1
2.4601,-0.26261,1
-1.9425,-0.48331,3
0.6769,0.58514,3
-0.63021,4.1464,1
2.4012,-2.0301,1
-1.959,-4.4318,1
-1.9538,-1.2219,1
0.53312,1.4674,3
3.8173,3.4486,3
1.9926,-2.4401,2
1.1182,1.1338,1
-1.0608,-4.9574,1
1.2268,0.94385,3
-0.94248,0.37868,1
-0.11312,-2.5033,3
-1.8396,2.2687,2
5.148,1.0982,1
5.009,-1.993,3
0.23772,-3.8258,1
1.0299,-2.2213,3
0.44152,0.012502,2
2.4614,4.1353,3
3.3594,3.6408,3
-1.5968,-1.1966,1
2.8671,2.1857,3
-1.2486,-1.9619,1
0.13672,0.88032,3
-0.30359,-1.5581,1
1.2946,0.19374,3
-6.1717,-4.5881,1
-0.51238,1.087,1
1.9317,-2.6282,1
0.083822,-3.2384,1
-3.1353,-5.1241,1
-6.5984,0.26397,1
0.97941,5.0496,3
-0.60922,0.60062,3
0.2967,-5.6109,1
0.3679,0.40249,1
0.8759,0.2899,1
-2.6578,1.4001,1
-2.6021,1.2483,2
1.3336,-1.7772,3
0.031747,2.6853,3
0.21446,1.6189,3
1.5968,-0.60321,3
3.8142,-0.031494,1
0.88724,3.1077,3
-0.13434,0.27154,3
-1.382,-1.081,1
6.7291,2.0408,3
0.25036,2.0399,3
-2.645,0.11098,3
-0.084438,2.6217,3
1.2459,-0.59619,3
2.6439,-3.8541,1
-1.5861,1.8655,3
2.1179,0.033556,3
-0.86499,-0.45535,3
-1.8206,-0.95123,3
-0.33248,-2.449,1
-0.57293,-0.49819,1
-3.2532,-3.3838,1
0.030969,1.8884,3
-1.92,-0.69141,1
-2.2085,-2.5285,1
-2.3644,-0.19578,1
1.0466,-1.6277,1
-2.9569,-2.7505,1
2.6089,-1.4213,3
0.51622,-1.9104,1
2.9774,-5.9091,3
-0.3582,-0.24566,1
1.5187,-1.4941,3
-1.9709,1.2619,1
-0.14517,1.707,2
-2.0799,2.2381,3
-2.4709,0.40268,3
1.3859,-1.4429,3
0.21282,0.24434,1
-2.5001,-1.5022,1
-2.1973,1.3006,1
3.943,0.4956,3
0.43195,5.9501,2
-3.7061,2.3522,3
2.3014,1.1032,1
3.1068,2.5904,3
-3.6407,-3.857,1
0.42578,1.9895,3
-1.6028,-1.138,3
2.6339,1.8996,3
-6.9005,-2.6569,1
-0.78252,0.47941,1
0.55712,0.24107,1
2.4988,0.83378,3
-3.3068,3.0368,3
2.3679,1.4895,3
2.5914,-5.6221,1
-1.8313,-1.0022,1
0.314,0.1649,1
-0.34588,-1.5462,1
-0.58797,-0.73119,1
1.6348,1.8713,3
0.12987,0.46283,2
3.0377,-0.052583,3
-0.55199,0.76068,1
0.20057,-1.3864,2
-2.599,0.9723,3
3.6083,2.4888,3
4.2792,0.19737,1
1.2151,3.2254,3
1.9282,0.68809,3
-2.3065,-2.2166,1
-1.5673,-0.26696,1
-2.8807,-3.7004,1
1.4108,-1.6693,3
4.5117,1.4522,1
0.27618,-0.58965,1
-1.7905,-2.821,1
-0.4014,-2.3078,3
-3.856,2.0017,1
3.646,6.2594,3
-0.49707,-1.4905,2
-0.47406,2.0923,2
0.37947,2.843,3
-0.30657,1.142,1
2.1787,2.8404,3
0.092691,3.7686,3
2.704,1.7009,3
-0.60756,-3.0893,1
-0.10642,-0.012437,3
1.984,-0.48381,3
-1.2499,1.1189,3
-0.36568,-2.3575,2
3.1375,1.1051,3
3.4239,0.87512,3
0.34542,1.0014,3
-2.6502,0.59806,1
-0.86005,1.4607,2
-1.1347,-1.4735,3
0.026521,-2.1661,1
1.2569,-1.1792,1
2.8915,-3.2323,1
1.9611,-1.7819,1
2.0766,-0.74659,1
2.7493,7.5885,1
-0.44261,-2.3119,1
-0.79932,-5.2569,1
-2.2576,1.415,1
-0.68367,2.93,1
1.1655,-0.67956,1
0.94003,3.8608,3
-2.8838,-3.8358,1
-2.5726,1.236,3
0.54737,-2.1031,1
-1.7786,-2.7617,1
-0.08482,0.48533,3
1.7906,-1.9576,3
2.8769,-0.065624,3
-0.54006,-2.6923,1
-1.2409,3.0497,3
3.1503,1.3355,1
1.8329,0.72355,1
1.0286,-0.054264,3
0.99432,4.0972,3
1.0826,3.5157,3
2.2081,-2.0131,1
0.99017,-1.9605,3
0.19152,0.46368,3
0.27268,2.6451,3
0.37265,-0.67336,3
5.2109,-0.87882,3
2.1525,0.3661,3
0.80875,2.501,3
5.3651,-1.4123,3
-0.8088,1.0636,1
0.75786,-2.6128,1
-0.073154,-4.918,1
1.3285,0.44059,1
1.6899,1.686,3
-2.8492,-1.6946,1
-2.4319,1.3675,1
1.041,2.0118,3
-1.4961,-1.24,3
-0.0018674,-3.3826,2
0.20474,-0.79352,1
0.97887,5.4113,3
-0.9662,-2.7467,2
-0.40843,-5.0764,3
-3.3833,-0.86081,1
1.6609,-2.0593,1
-0.025552,1.2572,3
-1.5726,-3.0739,1
-6.0906,-4.6984,2
1.2028,-2.8749,1
1.638,0.512,1
-0.20615,-3.3532,1
2.0808,4.3646,1
-1.9225,2.2693,1
1.6398,0.11301,3
-2.9166,2.2841,3
-1.3651,0.21963,3
-0.86376,1.47,1
3.2727,-1.6221,1
-1.9504,0.63925,1
1.7958,-3.0764,1
-0.69965,1.731,3
2.88,3.5472,3
1.6735,2.6892,1
1.131,-2.1295,1
-2.7148,2.1264,3
-2.3684,-4.842,3
-2.733,0.56392,1
1.9618,1.812,3
1.228,1.2433,3
2.1967,0.7633,3
-3.7305,-3.5665,3
-1.0178,3.018,3
-3.3804,-1.8196,2
0.022416,-0.54964,3
-0.50486,-2.9644,3
2.9929,1.9614,1
-0.19067,0.054174,3
-0.088867,0.33859,3
-0.68094,-3.9476,1
-1.0991,0.18221,3
3.7885,0.2279,3
0.12307,0.13983,2
5.1193,3.5713,3
0.075877,-0.54068,2
4.0462,-4.0163,3
-0.17026,0.082919,3
0.78132,1.4543,3
-3.429,-3.601,1
1.6319,-1.3827,3
-2.8723,-1.6615,1
1.3108,2.2497,3
6.0507,-4.8442,3
5.3476,3.2604,3
-1.8435,0.32502,1
0.59058,3.5134,3
2.6073,-0.33379,3
-2.118,-1.4128,1
0.9745,0.066637,3
-1.3824,-2.5169,1
-3.8979,-0.77555,1
-6.8616,-6.3973,1
-0.24803,-2.5712,1
-4.4676,-2.9361,2
-2.6731,-3.8419,1
-3.1634,1.592,3
-1.3822,-4.8101,1
-3.0475,-2.4052,1
-3.3959,-4.7779,3
1.6205,2.0399,3
-0.18118,-4.246,1
-0.85419,5.0446,1
4.3872,4.4898,3
-1.0662,3.4315,1
0.018898,-0.47599,1
-1.1253,-1.4081,1
-0.77242,-0.388,1
-3.1522,2.6639,1
0.19612,3.3339,1
1.5746,-2.2147,2
0.82795,-2.0275,2
0.58395,-2.3534,3
-1.6996,-0.1517,1
2.1848,-0.28556,2
-2.8333,0.50246,2
3.324,3.4057,3
-2.2549,-0.67656,3
0.11321,0.36948,1
3.3221,4.6482,3
1.5359,-3.14,1
3.8752,2.5741,2
-6.6428,2.7411,3
-1.4328,3.9471,3
-2.927,-4.7041,1
-1.0024,2.9585,3
0.94006,-1.8162,1
0.058079,1.3025,1
1.7244,0.059742,1
3.086,1.0159,1
-0.42219,-0.23085,1
3.1084,-1.0726,3
3.0473,-0.42276,1
-1.9024,1.5123,1
3.3748,5.1645,3
0.96841,4.0809,3
0.97031,-2.5136,3
-1.9488,0.64911,1
0.61264,-5.1716,1
-0.60032,-1.3157,3
-0.64235,-0.44529,1
0.44551,-3.7667,1
-2.6147,-2.1681,1
-0.37605,-0.89611,1
-2.741,3.2825,3
-4.4416,-1.6353,1
-0.39712,-0.87933,1
-4.8162,0.092408,1
1.8259,-1.3601,1
2.6819,1.8645,3
1.005,0.67652,3
-0.52572,-2.3434,1
-2.5028,1.102,2
-1.7246,2.7802,1
-1.7654,-0.39472,1
1.274,-0.22039,3
-0.43526,0.26972,1
1.5482,0.43137,1
0.21501,4.1037,3
-3.5569,-1.8923,1
0.70825,-0.17299,2
-3.0377,-1.4934,1
2.823,1.4952,3
-0.9222,1.3229,3
4.6002,5.3113,3
-0.56215,1.1741,2
-0.83808,-3.4851,1
-3.0809,-5.5406,1
-1.671,1.3473,3
0.41232,-1.8096,3
-1.0134,-0.29648,3
-1.6926,-0.41812,1
0.62402,-0.17087,3
0.85108,-0.28318,3
1.5844,3.2478,3
-2.5672,-3.7924,3
1.6764,3.4825,3
1.1442,0.75273,3
0.17936,4.0728,2
3.551,0.86237,1
-6.7816,0.45156,1
0.74258,-2.3287,1
-2.4161,-0.73308,1
4.1932,3.3751,3
3.6503,3.933,3
-2.318,-0.4832,3
-1.4117,0.33972,3
0.94612,1.6733,3
-0.27835,-0.66883,1
0.38519,-1.1799,1
1.4657,-2.1405,1
0.32636,0.84535,1
-1.2377,-1.1656,1
0.47083,0.7873,1
-3.8791,2.858,1
-0.60218,-3.2642,1
-1.7,-2.4651,1
-2.1894,1.2543,1
-4.4448,-0.75713,1
2.1343,0.88616,3
-0.23538,-0.8323,1
4.3221,-1.7876,3
-2.3022,-0.20527,2
1.9481,3.5166,3
-0.57557,1.3699,3
2.0568,1.3082,1
0.10004,-0.043371,3
2.5308,1.8516,3
-2.8849,-3.3861,1
2.0782,0.92254,1
-0.23445,0.20226,3
3.6824,-1.1631,3
3.0205,2.0761,2
-4.3666,0.87726,3
-2.3742,1.5519,1
0.18897,1.3674,3
1.533,2.1092,2
-3.1859,-2.3903,1
0.70705,3.582,1
0.5264,-1.9821,1
-0.48233,-1.382,1
2.5165,0.27171,3
-0.058806,0.03821,1
-1.1269,0.67501,3
2.4975,2.0589,3
-0.38751,-2.249,3
2.8087,-0.10397,3
0.43142,2.7221,3
0.80489,1.3047,1
-1.1547,1.218,1
2.6125,4.983,3
3.01,-1.5578,3
6.3046,-3.1997,3
-2.2559,-4.2298,1
2.085,0.72542,2
-5.5098,-1.8583,1
3.9769,1.2081,3
1.1812,2.2314,3
-0.92627,-3.1049,1
1.4225,-0.58965,1
3.499,0.25991,2
-0.76086,-1.3909,2
-1.0403,-3.2641,3
-2.3524,-3.4685,1
-1.6227,-0.13816,3
0.40631,1.4875,3
6.0297,0.78159,1
-4.5558,-5.86,1
2.0859,-0.76103,1
-2.9533,1.6716,1
-2.759,-4.3829,1
0.35048,2.4244,3
3.5013,1.645,3
2.0613,-0.3835,3
-1.6149,-2.4116,1
1.7732,0.82586,1
-1.1786,-2.2453,3
-0.019891,-0.29442,1
0.082895,1.4876,1
1.7986,1.731,3
4.0776,1.3143,2
-1.5377,-3.0873,1
-1.7203,-0.41537,3
1.5795,1.3703,2
-1.063,-0.76686,3
-2.5139,-2.8623,1
0.95633,1.8337,3
-0.9888,8.8654,3
0.51464,-2.5203,3
-1.9716,0.80346,3
-2.2849,-4.1377,3
0.55263,0.72687,3
-2.8592,-4.7095,1
-1.4126,0.70638,1
-2.4743,-1.4367,1
0.79383,-3.1375,1
-1.295,-0.23552,1
2.1452,2.5578,3
2.3865,-1.7472,1
-1.8583,-2.3906,3
-0.052382,2.6921,3
2.0803,4.7768,3
-0.77624,-1.7781,2
0.7622,-0.1378,1
-7.1017,-2.4868,1
0.79408,1.0213,3
1.6222,2.3593,3
2.9578,-1.083,1
2.8719,5.008,3
1.7498,-1.2402,1
-4.1216,-4.633,1
-0.44163,-1.8747,1
-1.0121,-3.6972,1
-0.15334,1.278,1
3.6045,-1.3981,3
3.93,1.3015,3
2.2914,3.3471,3
5.342,2.0524,2
-0.23757,-1.464,1
5.4947,0.11059,3
-2.4041,0.077936,1
-2.6346,-0.52922,2
3.5344,1.3158,3
4.5572,2.7397,3
-1.2131,0.46077,2
2.4939,0.50614,3
1.6644,-0.50938,3
3.7274,1.8097,3
-0.051377,-1.0064,3
1.3107,-2.1447,1
2.8104,-1.96,1
-5.2798,-3.8354,1
5.4054,2.4363,3
2.2138,1.1378,3
0.23617,-1.2419,3
-6.7643,-6.0928,1
0.95642,-0.19284,3
-1.9029,-1.772,3
1.4483,-2.5014,3
1.4747,3.438,3
-2.8271,0.63139,1
3.853,-4.7904,3
4.717,1.8709,2
-2.2629,4.0864,3
-5.5964,0.17986,3
2.5206,-0.2462,3
0.90255,-0.94853,3
3.3097,2.4714,3
4.0596,3.018,3
4.2735,1.1773,3
-0.67011,-4.0085,2
-2.0837,-0.37643,3
0.30237,-1.4896,3
-2.2257,-3.0936,1
-1.2117,-0.4464,3
0.43857,-1.4919,3
0.53686,1.6789,3
1.949,-0.27832,3
3.9694,0.49853,3
1.4628,-1.0007,3
-0.521,-2.5193,1
-2.0194,-1.0305,1
-1.6083,-0.55035,1
0.2219,-1.3313,1
-0.74934,-3.5509,1
4.1339,1.9879,2
0.64254,-0.4346,2
3.5757,2.4458,3
3.7458,0.51964,3
0.092773,2.0714,1
-2.2102,-0.58686,3
-1.3562,-0.13012,1
0.94118,1.4117,2
0.066304,1.4246,3
-1.4539,-1.4472,1
-0.72582,-2.7574,1
-0.28116,-1.8901,3
2.175,0.71613,2
0.36219,2.7431,3
-4.088,0.040444,1
0.14955,2.4551,1
2.4909,1.4455,3
-4.4276,1.3629,1
-3.341,-3.7364,1
-0.17647,-2.3616,1
-0.2696,-0.55098,3
1.5308,4.7371,3
-1.6247,2.115,3
-1.7732,-2.0452,1
-4.0271,-0.60693,3
-2.1985,-1.5657,3
-0.7273,1.1103,2
0.88598,2.2575,2
4.4051,1.2712,1
0.13142,-2.4532,1
2.2475,-1.6418,3
3.0967,2.4734,1
-0.91532,1.4905,2
1.0278,2.2634,1
0.10233,2.1432,3
-0.84098,2.6581,1
0.68426,0.63571,3
-0.46411,1.3227,2
-1.1755,-5.1709,1
0.011935,-0.83842,1
-2.5517,-3.5027,1
1.9755,4.8908,3
0.61244,-1.1049,3
-0.9583,-0.090796,3
3.512,1.4893,3
2.1705,3.4098,1
1.971,1.8095,2
-0.47008,-7.0201,1
0.57958,-3.7317,1
1.83,1.1947,1
2.9731,-0.9397,1
0.63023,0.16254,1
-1.189,1.4951,3
2.5764,2.2592,1
2.6954,0.83018,3
1.8931,-5.1277,1
3.5552,-0.95346,3
-2.7492,1.8597,1
0.64605,1.7712,1
-1.2069,-1.8229,3
-2.1601,-3.9837,1
-1.6236,0.27077,3
0.64177,-3.4085,1
-0.4849,0.55207,1
-0.96528,-2.1284,1
2.1466,0.41323,3
1.8204,-0.15551,3
-5.0793,1.2851,1
-1.8619,1.2771,3
1.1409,-2.4074,1
0.41167,0.01862,3
1.9372,4.8972,3
-3.6175,2.014,3
0.35065,-2.2773,3
-4.4515,-3.7281,2
-0.85164,0.2229,3
2.1808,0.60665,1
-1.0143,1.32,1
1.4441,-4.6287,2
-0.28133,4.3421,2
-1.3759,-1.8929,3
0.68604,3.0404,3
-2.799,-0.99292,1
0.039688,0.88816,1
-1.2853,-0.051986,1
-1.1378,0.82744,3
3.6508,3.2854,3
4.7162,2.0147,3
-2.2382,-1.7712,1
-1.02,1.5914,1
-0.5787,-1.9174,1
-1.4097,-1.5345,1
-2.4082,-4.4106,1
1.477,-0.13881,1
4.5557,-2.0014,1
1.5649,3.4776,3
2.4155,2.108,3
1.3023,1.4085,2
-5.5238,-2.9808,1
-0.91764,1.0659,3
0.71435,0.45601,3
1.7006,5.9707,3
1.5963,1.2857,3
2.209,-1.2338,3
0.90142,1.4319,1
-2.8297,-2.4719,1
3.9509,-3.223,3
-3.5759,-5.8199,1
0.50661,-0.14466,1
2.8714,-2.0503,1
-3.8012,-2.6051,1
-0.52921,-0.53419,1
-0.79794,-1.4015,1
0.5635,-0.53549,2
2.3278,-1.2777,2
0.48875,0.88786,1
-1.1111,-1.1825,2
0.33685,0.038379,1
-1.4896,0.88358,1
-3.1797,0.92145,1
-0.28572,2.1368,3
2.6522,2.4118,1
-0.39051,-1.5516,3
-1.5704,-2.7342,1
1.7727,1.3505,1
-0.71466,-0.97375,3
-0.59323,-0.45437,3
-1.4015,-0.002181,1
0.50149,0.58778,3
-3.5736,-2.7671,1
-0.4323,-0.38668,3
0.69595,-1.8538,1
0.093575,2.4677,3
-1.6799,-0.184,1
-4.6834,1.4267,1
-2.1865,-3.0577,1
0.67442,2.5075,3
1.1102,-2.1089,3
2.2617,1.173,3
1.0306,-1.2528,1
-0.58573,0.91768,1
-1.3303,0.13519,2
-1.6018,1.7615,1
-3.0584,-3.2217,2
-1.5104,2.1027,3
0.25996,5.3442,3
1.9539,0.070916,2
-1.1062,-3.5191,1
-0.96141,-3.6722,1
1.2959,1.3151,1
5.5352,1.1249,3
1.1692,0.85387,1
0.67792,0.27094,1
4.8708,-0.58296,3
0.69899,-2.0561,2
0.343,-1.5101,1
0.15761,-4.1404,1
5.1203,5.668,3
-2.2658,3.6713,1
-0.79344,2.0983,2
1.1937,-4.2604,3
-0.10275,-2.0983,2
1.9703,0.14997,3
-2.0528,-3.7239,1
-1.0219,3.7274,3
3.4305,1.4301,3
-0.62602,0.019389,3
2.715,-0.23174,3
-0.40656,2.8874,3
0.83881,1.8335,3
-2.3043,0.34126,3
0.97736,-0.1982,1
-1.2696,0.83765,3
-3.7602,-2.1745,2
-4.7824,-2.2516,1
5.4986,1.0798,3
6.0803,5.3724,3
2.4585,2.9473,3
2.1043,2.7466,3
-0.29167,1.0967,1
-2.5577,-0.14038,2
2.1317,3.6118,3
2.6042,0.464,1
-1.8666,-0.88441,1
0.082911,2.73,3
-2.0495,-1.4026,1
2.7146,0.81107,3
-2.3065,1.4569,1
-1.9452,-2.2254,1
5.0706,5.2684,3
-3.3715,-1.1447,3
1.1166,2.4838,1
0.91204,4.0137,3
0.23332,-0.56473,3
1.7589,-0.96612,3
1.7041,0.95033,3
2.4363,-1.3303,1
-0.44207,-2.5281,1
1.8152,-0.2403,3
0.80322,-0.66841,3
-0.12981,1.7574,1
0.99366,-0.6398,3
-4.4316,-2.1292,1
-3.9245,-3.2566,1
0.16947,0.89006,1
1.3275,0.26597,3
-1.8015,2.3335,3
-1.5266,-1.349,1
5.7427,-1.5999,3
2.1263,1.6874,2
1.3552,-0.13622,2
2.5583,5.016,3
0.2176,1.5502,1
-4.2719,3.534,1
-6.2914,-3.2376,1
2.3438,-0.19093,1
1.8716,1.5869,2
-3.5934,0.62736,1
0.70978,2.0677,2
0.32744,-0.94681,3
-1.363,0.64243,1
-4.4047,-1.2458,1
1.5128,-0.99989,1
-1.8195,-0.53073,1
2.501,0.014292,3
2.3242,0.85943,2
0.57079,1.054,2
-5.6826,-3.0704,1
2.179,2.2565,1
0.032816,-4.5509,1
1.9791,2.384,3
4.0894,-2.616,3
-3.326,-7.1445,1
3.5114,0.46265,2
2.3306,4.2325,2
-0.65758,4.2681,1
-2.4478,0.44173,1
-0.14908,-4.4753,1
0.64274,2.6432,2
1.8747,0.69436,3
-2.9256,-2.0476,2
3.042,-2.2954,3
3.0422,-0.93316,3
1.3033,2.4364,3
-0.55954,-0.85383,3
-0.2641,-1.4126,3
-3.7292,-0.24401,1
0.60198,-2.2721,1
0.33935,-1.5133,3
-4.3003,-1.4718,1
-0.16929,0.71546,3
-2.0858,2.1505,1
-0.20706,-0.36069,3
6.0166,4.183,3
1.8826,0.62281,3
-0.37191,-3.4119,1
-0.26995,2.3026,1
2.0596,-0.36533,1
-3.6983,-1.3025,1
-2.0298,-3.8844,1
-1.7944,-1.5283,2
5.0766,3.5941,3
-0.93471,-0.26326,3
2.6444,6.7857,3
-2.2911,2.4971,1
1.4198,-3.7131,1
1.4453,1.5712,3
4.2187,1.412,3
2.5503,-0.6353,1
-3.359,-1.216,1
1.9782,1.7236,1
-1.9566,-3.6712,3
1.783,0.91885,3
0.11964,2.5591,3
2.6917,-3.413,3
-1.988,2.0169,1
-1.3206,-0.79859,1
-1.0914,-1.542,1
-1.158,0.71081,2
0.53123,5.0514,3
3.6042,3.2042,3
-1.9965,0.78649,1
2.7609,0.60122,3
1.039,1.4837,3
3.8163,2.8751,3
3.409,-1.6363,1
-5.6316,-2.5113,1
2.0043,3.177,3
-1.1298,1.0495,3
3.8429,-0.42459,3
-0.076778,-2.9225,1
0.50765,-1.2104,3
-1.4135,2.7148,1
5.465,2.6878,1
-0.11266,0.26355,1
-0.17715,0.74084,1
0.77477,1.4244,3
5.1342,0.99569,3
-5.6081,-3.0749,1
0.75138,-2.2888,1
1.5782,-0.12054,3
-2.0809,-3.2567,1
-0.46795,-3.5014,2
1.1725,-1.4203,2
-1.1886,1.1467,3
-1.2567,2.2592,2
-2.1147,-4.5706,2
-1.3,-1.6338,2
1.1111,1.8211,2
-2.1531,1.4493,3
2.5376,0.95543,3
2.0632,2.9478,3
2.8262,7.5415,2
-0.62333,2.0449,3
1.06,4.9968,3
-0.32014,4.7477,3
-4.4769,-5.1445,1
-1.5916,-1.6348,1
0.027273,-3.274,1
2.5465,2.802,3
-3.222,-2.154,1
-3.2957,-3.0883,1
-1.7282,0.070063,1
-2.5723,0.21859,2
-2.7539,-1.0426,1
1.4783,-0.99711,1
-0.65157,0.3005,2
-1.9643,-1.9055,3
2.4093,-2.0446,3
-0.19414,5.9999,3
-3.0247,-3.7425,1
-4.2313,-3.1057,3
3.2563,1.8803,3
1.0977,-2.9743,2
-1.833,-2.5649,1
1.7529,-1.2219,3
-4.2294,-2.886,1
-1.9851,1.2691,1
2.3132,1.5742,3
-1.0512,-3.7616,1
2.6245,-3.5522,3
-1.1708,-0.30072,1
-3.3203,0.57916,1
1.7962,-0.41812,2
1.4945,-3.2915,3
0.7821,-1.4589,1
1.8141,2.9903,3
2.7852,-1.8962,2
0.68755,0.65899,1
-0.76691,4.0198,3
-5.3261,-2.4158,1
-0.48282,-1.1985,3
-0.42876,-1.9116,1
0.44452,6.5821,3
1.568,4.4958,2
1.0707,2.8892,3
-4.0762,-3.1266,1
2.2675,4.9582,3
0.96285,0.42634,2
2.4157,3.2569,3
-5.1763,2.0087,3
-4.8618,-4.1047,1
-4.3955,2.2627,1
-3.1975,-1.0808,1
1.698,2.3841,3
-3.1979,-0.35061,3
-2.445,-3.6003,1
-1.2019,2.4672,3
2.147,3.3013,3
-0.19707,3.5062,3
-3.6725,-0.90475,1
-0.76581,1.2045,1
-0.78648,0.73088,3
0.018383,4.8784,1
-2.72,0.080237,2
0.14847,0.45271,3
-1.073,-1.4938,2
-2.3123,3.6608,3
-0.75793,-0.49322,1
-0.094793,-1.6407,2
2.3322,1.6903,1
2.0025,-3.9102,1
0.099285,3.3063,2
-0.31355,-0.66812,1
-6.1137,-0.87709,1
1.6724,2.394,3
1.025,0.42503,1
-3.0549,-4.0734,3
4.2139,0.7477,3
1.7017,0.93396,3
-0.28582,-0.47584,2
2.043,4.4897,3
4.3002,2.3735,3
1.4581,-1.4662,3
-0.47551,-3.416,1
-2.9971,0.26315,1
1.8118,2.0734,3
-2.2459,-0.96954,3
1.543,-0.10844,3
0.84622,0.98314,2
-1.6358,-0.26882,1
-0.53011,0.88925,1
-2.7612,-1.7891,3
2.1539,1.3221,3
-2.3125,-2.3188,1
-1.5727,1.2137,1
1.877,-0.94614,1
-1.4275,-0.1981,3
-2.6373,0.87819,2
0.75479,0.1204,1
-3.3568,-3.9125,1
1.6089,-3.5258,1
-0.56269,1.6841,2
1.23,-1.6374,2
-0.53696,-0.44426,1
-1.2821,-2.0259,1
0.57042,1.3155,3
-4.7444,1.122,3
1.3614,2.2217,3
-0.27614,0.55087,3
2.7589,0.48771,3
2.5612,0.92834,1
3.3915,-0.85082,3
-0.84112,2.0883,2
4.0683,-1.0596,3
-0.35518,2.2944,3
3.7097,-0.52832,1
1.5366,2.2862,3
0.31151,-2.2902,1
4.3528,1.2488,3
-0.41985,4.7364,1
5.8329,2.1641,3
2.4725,2.3862,3
2.6041,-2.9765,3
0.68358,2.19,3
-0.19584,-0.077091,3
1.4783,0.020784,3
3.3475,-2.8037,1
-1.7875,1.1219,1
-0.96381,3.7867,3
-1.5926,-1.1829,1
-2.1868,-4.5309,1
1.234,2.4777,3
1.5675,-0.12327,1
2.8896,4.7818,3
2.5188,1.3496,1
-1.2007,1.9121,3
-4.062,0.56265,1
2.6497,0.69012,3
-0.48044,-2.2205,1
-1.2234,-0.59196,3
0.38321,0.48007,1
2.0737,-3.9603,1
-4.8374,-2.1807,1
-2.1664,-4.6257,1
0.94173,0.99087,3
-1.6774,-1.4823,2
1.1028,-4.3441,3
0.18826,5.3674,3
5.1369,0.26648,3
-2.2283,-0.0296,1
-1.5878,-0.9378,1
2.6997,5.145,3
1.8837,-1.5116,1
2.7741,-2.7196,3
0.17965,-3.9106,1
2.3915,-0.23328,3
-0.31906,-1.2426,1
-0.4982,-1.1209,3
-2.9837,-0.16346,1
4.6197,-0.060058,3
-4.1622,0.025753,1
-0.17066,-0.83836,3
4.8271,-0.012354,3
0.99722,1.7644,1
-4.6328,-4.0052,1
2.298,1.6603,3
-1.112,0.075389,1
0.62052,0.40476,1
3.1621,-6.2855,3
-0.33079,2.9389,1
0.48172,0.8714,2
-6.7487,-4.4079,1
0.63047,1.5249,1
1.6319,-3.8826,1
-1.2142,-2.1282,1
1.5575,1.5316,1
3.2203,2.5809,3
2.5666,1.3985,3
-0.061355,-1.9041,1
-0.41569,4.0694,3
-3.8274,-2.701,1
-1.5311,-1.5029,3
0.59417,-3.6236,3
-2.8787,-3.4269,3
-3.4464,-4.2624,1
-4.397,-5.2908,1
-0.077462,2.1427,3
-5.1404,-3.3544,1
-5.1077,-2.3626,1
2.5464,1.6775,3
-3.8743,1.0595,2
2.2616,3.5814,3
-5.4739,-2.611,1
-1.6083,0.31528,1
2.0956,-0.8319,2
-0.53667,-2.1657,1
-1.2717,-2.6245,1
1.4816,0.052048,3
0.060868,0.29016,3
-2.9573,-6.266,1
1.1587,-0.24827,3
2.9128,0.76818,3
1.9275,-2.8065,1
0.98736,-2.0774,2
-1.5837,-3.4299,1
-0.26772,-1.2887,3
-3.9228,-1.0272,1
-2.3796,-2.5847,1
1.1584,-2.7286,1
-2.2345,-0.41114,1
1.9219,1.0806,3
0.34936,0.11215,3
-2.1122,0.54225,3
-3.7287,-0.78549,1
1.1428,1.2838,3
2.6306,0.84204,1
-1.799,-2.7656,3
-2.6086,-1.9149,2
-0.86533,1.908,3
1.0312,4.059,3
0.22791,3.0829,2
-1.6451,-0.011195,3
0.16944,-1.2948,3
0.84747,1.7071,1
4.0827,1.4255,1
1.1748,0.82821,2
3.2049,-1.341,1
-1.2616,3.5095,3
-0.54634,-2.972,3
0.39323,-1.8488,1
-1.3678,-0.73738,1
-3.0861,-1.3247,3
3.3968,3.5812,3
2.3876,-2.1471,3
0.61533,0.43404,3
4.6871,-1.0458,3
0.9642,1.2799,2
-4.2368,-6.0607,1
-2.701,2.3252,1
2.7957,-0.67444,1
-2.297,1.3872,1
-0.73558,3.3815,3
-0.93762,-2.4901,1
-0.039135,1.9348,2
-0.96264,1.7529,1
1.0733,5.6255,3
-2.9792,-1.8077,1
0.49776,-0.31023,3
-2.3039,-1.3539,3
1.3948,-0.24742,3
1.3104,0.13735,3
1.3489,0.3858,1
-2.0013,1.018,3
-0.33296,-5.5107,2
0.50276,-3.3557,3
0.94106,2.6543,3
1.4544,2.0094,1
-1.4471,-4.1023,2
3.1654,-0.90466,3
-1.3709,-0.29414,2
0.96588,-2.4032,1
1.3713,-2.9993,1
-0.91733,3.4759,3
-2.0924,-3.8388,1
0.78639,0.92201,3
1.1662,1.3835,3
4.5126,-0.041767,3
2.6397,1.6038,3
0.81129,3.0781,3
1.0945,-3.923,3
-1.5678,0.044708,1
-0.7308,-4.2267,3
-0.69743,1.1825,3
-3.2983,4.2711,3
-2.2066,0.074005,1
2.3859,1.3562,1
0.38541,1.1241,3
-0.24841,3.7786,3
0.3435,3.3219,3
3.1323,-0.22696,2
0.1875,-2.378,1
-0.089093,-1.3073,3
1.4872,-0.45264,3
1.1229,0.66051,3
1.3292,3.5454,3
2.1688,4.8926,3
-3.9206,0.9635,3
0.12503,-0.73038,3
2.4567,3.2464,1
-2.8588,-1.4895,1
0.55589,2.8053,3
1.718,2.5429,3
-0.307,1.5688,3
-0.36831,1.3093,1
0.64972,2.4675,3
0.6811,-0.41349,2
1.2649,2.1724,1
-0.25277,0.40969,1
-0.81479,-0.55023,3
2.1516,1.1878,3
3.9043,3.2845,3
1.9057,1.4015,1
0.70505,0.2271,3
3.2601,-0.61022,2
0.52008,-0.067834,1
-1.9546,-2.4121,1
2.268,0.9828,3
4.6027,1.1486,3
1.3822,0.19185,1
-4.096,0.63155,1
-0.55671,-0.2808,2
0.88572,-1.2865,3
2.1254,5.05,3
1.4607,-0.23269,1
4.0771,-3.8347,3
-0.33099,0.039973,1
-2.7343,1.6516,3
1.7052,-1.3883,1
4.5987,1.5909,3
0.60927,-1.3198,3
1.0822,0.25264,3
-4.2574,-3.4562,1
0.34848,0.56813,3
2.7183,2.1902,3
0.39268,-3.0542,2
1.2775,-0.87208,3
2.7637,0.15939,3
4.5158,2.0951,3
-0.20167,-0.40148,1
-3.4508,-2.76,1
-1.7298,1.6801,2
-2.4754,2.1679,3
1.2655,1.5246,3
-3.2227,-2.6904,1
0.18357,-1.183,1
-0.9684,2.7153,3
2.4627,-7.1817,1
0.64802,2.2519,1
-0.81034,-1.4018,3
-0.39098,3.2156,3
1.5849,3.9951,2
-2.5704,4.066,3
2.311,3.1304,3
-4.2677,-0.88874,2
-0.80906,-5.2356,1
-2.436,-0.80033,2
0.79016,-0.7601,3
-0.2976,0.1591,1
1.8875,3.3733,1
0.29177,-2.1665,3
3.908,1.3728,1
5.8116,6.6146,3
1.3948,-0.80333,1
2.8467,2.2404,2
1.1102,-1.5782,3
0.48184,-0.39319,3
0.18007,-0.11748,1
7.2787,3.4658,2
-1.8905,-2.0285,1
-2.5199,2.5055,3
3.6917,1.6085,3
-4.2109,-1.5949,1
-1.0631,1.1808,3
1.7482,2.247,3
2.8603,-0.61742,1
3.0872,-0.53386,3
-2.6531,-1.7461,2
-2.2124,-0.54382,3
1.5226,5.149,3
3.0371,-2.8521,1
2.072,3.668,3
-0.46359,3.4468,1
-1.1286,0.26212,3
1.8242,-3.5519,2
1.6235,1.5285,1
-0.61875,-0.014626,1
-0.12136,-2.0297,1
-3.1962,0.59368,1
-2.5908,-5.8721,1
-0.31887,-3.0538,1
-2.0017,-4.212,1
3.8739,1.5959,3
1.7971,-0.9498,3
3.6472,-2.5924,2
-1.093,2.2775,1
-1.0765,0.64063,3
0.89482,0.14009,3
-0.5057,2.1072,3
-3.1147,-2.2141,3
-0.85696,0.93121,1
-1.5847,0.7517,1
-0.08593,-1.139,2
-0.59483,2.1088,3
0.90755,2.0089,2
-0.79216,1.6977,1
-2.8056,-1.1578,3
4.6016,0.1756,1
0.14072,3.1238,2
-0.6227,-0.04433,3
2.6126,1.4989,2
1.6282,-0.97394,1
-1.0455,-0.38894,2
0.61732,-0.54961,3
2.4744,-0.51861,3
2.2965,2.4636,3
-0.86711,-7.388,1
2.031,0.73392,3
0.69173,2.6169,3
-0.66116,-1.1155,3
-0.61559,-0.081696,1
-2.108,0.42731,3
3.1282,0.19052,3
5.3035,0.60371,1
-3.848,-2.1183,1
2.1445,2.7003,3
-1.1097,-0.53375,2
-2.4283,-0.98379,1
-1.866,0.098435,1
1.4202,-4.4036,1
4.7855,1.098,3
1.5994,0.30184,3
0.6153,-0.70387,3
2.6666,-3.2138,1
-0.18721,0.11768,1
0.25129,2.454,3
-0.21575,4.3538,3
3.0442,-1.9303,1
1.5922,1.7584,1
1.3692,1.9593,3
1.5636,-0.85711,3
-3.4995,-2.3122,1
-0.39953,-1.1129,1
1.1356,-1.3072,3
1.6404,2.7335,3
-2.4526,4.0359,2
-4.7829,-3.5888,1
3.849,-0.43614,3
-0.63316,-0.86549,2
0.69683,1.0376,1
-1.113,-6.8657,3
-1.317,1.8041,1
0.84136,4.6416,3
3.5317,4.2503,3
-2.719,1.4077,1
-0.53842,-0.055208,1
2.5956,2.8886,3
-1.1045,-1.5947,3
0.41616,1.4558,1
-1.585,-0.48232,1
1.1815,1.9454,3
-0.0062728,0.92665,3
-1.7619,-1.8461,1
-1.978,5.7299,3
-1.0538,-5.2511,1
-0.95797,2.3177,1
-0.19908,2.3723,1
-2.4485,7.1357,3
-2.1967,-0.51495,1
1.0402,1.2661,3
-0.72654,-2.1963,1
1.1462,2.2578,1
0.13026,0.86222,1
-0.96874,-0.24044,3
-0.058885,-1.8702,1
-0.75738,-6.563,1
0.21665,2.0558,1
1.7163,2.8611,1
7.3731,-0.078334,3
-1.3065,-1.4762,2
0.098927,4.7959,3
0.70672,0.19105,3
-4.1757,2.9663,1
1.0977,-1.132,2
1.525,2.2698,2
-1.4691,1.0026,3
0.51986,-2.0139,1
-3.2682,-2.8117,1
1.9456,-2.7191,3
1.7469,-0.88902,3
1.3441,2.1212,2
-0.29898,-3.0623,3
2.2209,1.3926,3
0.72042,2.8901,2
-0.068813,-1.9458,3
2.1806,-1.33,1
-5.3497,-4.3144,1
-0.032582,0.26989,2
0.9295,2.656,3
0.76528,4.8104,3
1.4421,-0.29583,3
-0.40179,-1.3248,1
-0.37243,-0.57339,3
-0.86501,0.017626,3
2.6631,1.1326,1
2.6065,-0.43891,1
1.7674,-3.3971,2
-0.90422,-1.2931,3
2.7463,0.46512,3
2.6758,5.3293,3
-3.629,-0.21278,1
-2.4869,-0.53,1
-0.75431,0.011419,3
-2.2846,-0.57695,1
-0.59208,-0.43066,3
-0.081282,-2.2371,1
0.97811,-1.2772,3
-1.3261,2.771,1
-3.9023,-3.3164,1
-2.124,-3.1026,1
-3.919,-5.4139,1
-0.2649,-1.3556,2
-0.59845,1.9513,3
1.3747,3.4655,3
0.33191,0.50532,1
3.9384,4.0894,1
-2.562,-1.5425,1
-2.3153,-0.28106,3
2.2952,-4.1638,1
-4.9181,-0.049476,1
1.4105,2.158,1
-6.0645,1.6591,1
-0.69497,-1.8005,3
-5.5232,-0.82227,1
-3.1717,-3.2858,1
-0.24462,-0.40438,1
0.5817,3.6823,2
-1.3408,1.8006,1
0.28677,0.60086,3
-4.3123,-3.3724,1
4.1174,0.39287,3
-1.4656,-4.1432,1
-0.59069,0.13003,1
0.90546,-0.19815,1
3.4528,-2.1634,2
2.0591,0.43618,2
-1.5907,-0.068948,1
2.301,-1.6594,1
4.2867,2.2097,3
1.1114,0.32751,1
0.78666,2.0531,3
1.7295,1.2628,1
2.7242,-1.125,1
0.33618,-0.29671,3
0.69527,0.038316,2
-0.30891,1.4595,3
-0.71993,-2.9278,1
3.4161,-0.78658,1
1.6361,0.24306,1
-1.4933,1.4927,1
0.66653,2.012,2
-0.021675,2.876,3
-1.6293,-5.8998,1
0.52386,1.7309,3
-0.16067,-0.51479,1
2.8081,0.94263,3
-5.3971,-6.5744,1
1.781,2.985,1
0.40577,-3.5237,1
-0.65638,-2.8795,2
-2.3317,-0.6054,1
3.7392,1.7899,3
2.1021,-1.5146,2
-2.318,-1.1867,1
-1.6493,1.0245,1
-2.0169,-0.56519,2
0.007229,2.0422,1
-1.8006,-2.6494,1
2.8532,-4.0405,2
2.173,-2.1069,3
0.076693,0.049497,3
0.84982,4.3502,3
3.8814,5.4242,3
4.2403,-0.41882,3
-2.4202,1.4036,3
1.2335,4.2286,3
0.40705,-1.8408,1
-1.0595,-1.9277,3
-4.0963,-0.61374,1
0.30425,-0.059688,3
4.1418,0.62999,3
-0.13829,0.20023,1
3.5228,2.9896,3
-3.434,-3.326,1
0.093585,2.3177,3
-0.47891,2.0007,2
-1.3503,2.1119,1
-0.84558,0.081475,1
-2.625,-2.5632,3
0.019969,-1.7598,1
-1.0608,-1.7669,3
-0.58605,0.61146,1
4.8215,2.4981,3
1.7404,2.5305,3
-1.2624,-0.90602,3
0.40735,4.0612,2
-2.4516,-0.34596,1
