-1.5068,-3.6403,1
1.0017,1.5802,3
-0.59628,7.4785,3
4.9033,3.0009,3
5.4774,5.3456,3
3.9963,-2.5105,3
5.1021,4.2493,3
-1.8405,2.8873,3
0.056161,0.061895,2
-0.13339,2.1914,3
2.5284,4.4321,3
2.0034,2.9274,3
4.1277,5.6043,3
5.041,1.3845,3
0.97053,1.4904,3
3.6367,4.3719,3
1.5985,-2.0167,2
-1.4307,3.0402,3
-1.9531,-1.4012,2
-2.5342,-2.2443,1
1.4153,3.2821,3
7.497,1.8339,2
-1.8741,5.4302,3
0.67821,2.6732,3
3.3479,6.168,3
4.0727,4.6644,3
4.8088,3.1274,3
2.8475,3.6719,3
2.3171,4.9994,3
2.2704,2.9175,3
1.5421,4.7235,3
2.1774,-0.44686,3
0.21014,-4.3079,2
3.9346,1.7932,3
2.4815,0.8058,3
4.0302,3.385,3
3.7599,0.44489,3
-3.865,7.11,3
1.2617,1.6133,2
2.6491,2.6038,3
5.4719,4.3905,3
0.57558,5.2674,3
-0.58181,2.4602,3
1.944,1.9219,3
2.0819,4.0281,3
-2.0006,2.1447,2
-0.90031,3.1163,3
3.9021,4.9813,3
1.5792,2.658,3
6.5422,2.461,3
1.8699,2.3833,3
-4.0586,2.1614,1
6.2454,1.5802,3
0.80674,-0.45801,2
-0.73306,2.8017,3
3.778,-0.87517,2
1.0423,-0.070654,3
2.6461,2.2202,3
3.3157,7.3337,3
3.5305,2.8755,3
3.0318,3.2609,3
1.7583,1.7795,2
2.6356,0.60929,3
0.6372,4.6898,3
0.90978,3.4346,3
2.9924,5.6284,3
-2.1851,4.0711,3
3.3527,3.9775,3
3.2126,0.62448,2
1.3522,2.4286,3
1.5253,-1.8191,3
3.5441,4.1565,3
3.8183,4.2141,3
0.79438,1.8683,3
-3.4763,0.91838,2
3.5057,3.5384,3
3.4856,1.6526,3
2.604,-0.19165,3
-1.9718,-2.3954,2
6.1771,2.0472,3
-3.1837,0.28943,2
0.86323,2.2497,3
-0.66667,4.5128,3
3.7933,3.0067,3
-3.3927,-2.0272,1
4.8764,0.99684,3
4.1069,3.8812,3
0.31115,5.3178,3
-3.0363,3.154,2
1.2469,2.7183,3
4.7934,2.1228,3
2.8651,2.5897,3
5.1068,4.6532,3
1.9229,4.7345,3
4.3757,2.3686,3
-2.0343,-4.6304,1
4.8369,4.7955,3
3.2052,0.5535,3
1.6211,5.8314,3
2.0037,2.7591,3
0.94026,2.4692,3
1.0218,3.0933,3
-1.3852,-0.33516,2
3.139,1.3283,3
1.3402,1.5619,3
2.3261,3.9777,3
2.811,6.5937,3
3.6489,0.81299,3
0.96183,3.2355,2
5.493,2.5992,3
3.097,3.4789,3
1.3444,1.8486,3
-0.14075,2.2705,3
-0.074023,1.917,2
2.4075,4.8035,3
3.4866,-0.71923,3
-1.7128,1.7972,3
1.3979,2.6883,3
-0.49625,-1.3799,3
4.6648,4.9111,3
0.66026,-2.7534,3
5.0622,3.2543,3
6.0047,3.7092,3
2.0671,-0.35598,3
8.9694,6.3381,3
4.1781,2.3054,3
4.0564,1.27,3
3.8265,-0.51412,3
7.7798,2.0561,3
3.4533,4.3416,3
0.95172,3.2736,3
4.9066,2.3575,3
4.7005,2.2384,3
4.999,5.0404,3
2.4477,-1.6229,3
0.70885,0.0055012,3
4.8031,2.6111,3
0.55979,3.2139,3
-0.35459,7.7305,3
-3.4176,-3.2813,2
-1.7019,1.3361,3
3.6653,2.4708,3
2.3696,5.1117,3
5.3268,3.7213,3
5.6392,4.6657,3
0.36172,0.15712,3
2.936,3.1991,3
2.5981,4.2411,3
-3.798,2.0558,3
6.0193,7.0173,3
5.1293,-1.2494,3
-3.4919,-2.4268,1
8.4038,2.6432,3
0.77417,3.6097,3
-0.91035,-0.21346,3
7.9269,3.6217,3
-3.141,-6.9529,1
7.0444,-2.132,3
3.9278,-1.4413,3
2.1829,2.4818,3
0.088978,5.5088,3
-3.5512,1.5714,2
2.0206,3.5658,3
2.6855,0.50863,3
4.2145,0.5023,3
-0.20469,2.638,3
4.7239,0.37063,3
2.2818,2.201,3
4.7374,3.4842,3
-2.9282,1.4243,3
5.2823,4.4506,3
3.47,7.1404,3
-2.6237,-3.6053,2
5.5872,3.3914,3
5.6671,3.6936,3
4.3728,5.5726,3
1.5274,1.0834,3
-2.736,-4.5691,1
4.3452,4.5185,3
3.0071,5.6452,3
-2.3867,-1.8834,2
0.83622,4.5178,3
0.5444,0.65818,2
4.682,3.386,3
3.6623,4.9209,3
0.31754,1.3882,3
2.8296,3.6785,3
5.8429,5.923,3
-5.5522,-2.5011,1
2.0351,1.7968,3
-1.0706,-1.4412,2
3.8694,5.2219,3
1.6374,3.9425,3
4.4863,3.0458,3
1.145,1.2703,3
3.2337,4.1343,3
3.9695,5.7919,3
-3.482,3.582,1
-1.439,0.79085,3
4.4135,1.6074,3
2.3401,0.82742,2
3.3219,2.2841,3
0.7658,0.57796,3
3.3678,-0.90179,3
-0.83681,-0.71663,1
2.6449,5.5714,3
3.8386,3.6707,3
7.2382,4.985,3
6.7475,0.0066263,3
4.3827,1.1089,3
4.5254,3.7438,3
2.7151,1.6239,3
4.5898,1.4342,3
0.59388,3.9522,3
1.5299,0.83614,2
4.3664,6.281,3
1.3745,0.13316,3
3.0809,-2.7408,2
2.0762,3.0663,3
2.3511,3.7384,3
4.5075,4.1619,3
2.2363,0.14153,2
1.1491,1.6929,2
3.9406,1.8792,3
4.5494,1.4129,3
1.4591,4.0553,3
6.1828,3.9025,3
3.7065,1.1429,3
-2.8315,-2.5341,2
4.062,3.6808,3
-0.57219,1.0983,3
-0.52132,-0.21914,2
5.7629,1.7208,3
4.5032,-1.2939,3
-2.6779,1.9526,2
1.5871,-0.37351,3
1.3309,3.4176,3
0.0033096,5.4463,3
-0.052696,-0.35858,3
4.3665,5.5686,3
0.99372,1.2012,3
2.9229,1.1009,3
4.0398,1.3582,3
0.23743,1.8454,3
-0.15272,0.31218,3
-3.4324,-2.2843,2
2.2028,0.82562,3
5.0044,4.5201,3
2.7245,7.0367,3
2.5752,1.0766,3
2.3814,4.4732,3
2.472,2.3842,3
7.3117,2.8515,3
0.97997,-0.32181,3
-0.056824,3.8953,2
-0.91819,-1.695,2
4.2584,4.4942,3
-0.5892,2.1594,3
2.6442,2.6193,3
-1.1749,2.9688,2
5.3955,5.2772,3
4.871,4.3276,3
2.7514,2.0127,3
5.1032,3.2051,3
0.85066,6.2433,3
5.2033,4.148,3
0.9948,0.79424,3
5.0625,2.6149,3
1.375,4.2429,3
0.50421,3.2805,3
6.2416,1.1355,3
0.94833,4.0651,3
4.7328,2.0475,3
3.859,1.5797,3
0.33412,5.1596,3
4.1814,3.8611,3
0.78959,0.53612,3
1.7218,1.352,3
3.5968,2.4779,3
2.1198,2.7791,2
5.4129,0.6855,3
3.1124,1.1382,3
1.0057,-0.073839,2
0.94832,0.28642,2
6.4971,3.5674,3
3.2511,4.5138,3
1.0508,0.73636,3
-0.48053,4.0372,2
0.05272,1.3887,3
4.4734,3.6668,3
1.8039,-1.6394,3
0.9702,-0.33828,3
0.46048,6.8202,3
2.1368,4.9164,3
5.1942,-2.0913,3
-5.5925,-4.4279,1
4.4189,9.1774,3
3.4237,3.2788,2
0.66832,2.5845,3
3.8118,4.8337,3
0.80631,3.143,3
3.5159,2.9979,3
2.7641,5.0553,3
5.2175,1.1746,3
1.9217,2.6154,3
3.1952,0.18424,3
3.6887,0.81515,3
7.6715,4.4002,3
1.762,2.7648,3
-3.3068,1.6545,2
1.2423,2.6702,3
3.9083,0.42663,3
1.9541,6.8493,3
0.33851,4.6427,3
2.7216,3.5583,3
4.0039,1.8,3
6.3974,4.5236,3
0.57892,2.9301,3
-2.2633,-4.4906,1
6.5495,7.173,3
1.5721,1.6807,3
2.1193,7.1139,3
-0.44912,0.76383,3
-2.1144,-2.1225,2
2.6632,2.1792,3
-0.0097699,0.61919,2
-0.38868,5.0803,3
0.7985,-1.6161,2
3.2175,6.2397,3
0.82867,-0.31387,3
1.8291,-3.7007,3
6.2449,2.3837,3
0.08997,-0.39257,3
3.7479,2.3312,3
1.9108,2.3349,2
1.2612,3.9098,3
2.4462,1.9013,3
5.2499,6.0494,3
1.3029,1.7941,3
2.6266,3.8759,3
5.4412,-0.24895,3
4.7144,1.5248,2
1.5784,1.9074,3
1.0166,3.7644,3
4.8112,2.7013,3
3.9334,2.2918,3
5.3914,6.7885,3
-4.7695,-0.97097,1
-3.333,-2.0212,2
-0.61617,-0.029387,3
2.0003,7.6738,3
4.6521,-0.64356,3
5.1656,5.106,3
5.6431,1.3414,3
-1.3338,2.0315,2
-2.7098,0.71814,3
2.6575,1.6806,3
2.9379,1.3163,3
5.6237,8.5307,3
-0.89047,0.18468,2
-0.038065,-0.67446,3
-4.6618,-3.3267,3
1.8109,1.6269,3
-1.2636,0.14116,3
5.2628,5.6391,3
6.8506,4.4335,3
4.5486,6.2865,3
3.3131,-0.12269,3
2.7069,3.3756,3
5.1804,0.86085,2
-2.289,-1.7824,2
2.7671,0.77795,3
2.1944,3.1602,3
4.1011,3.7955,3
2.7881,0.021344,3
4.4284,7.9084,3
5.7504,5.6061,3
1.2949,-3.286,2
6.6135,2.6812,3
1.8756,1.0961,3
-0.18935,1.5795,2
-5.8859,-2.7509,1
8.7333,2.1775,3
1.2394,4.5136,3
1.8398,-2.5986,3
3.5742,3.8965,3
5.1061,4.3014,3
4.2553,4.3285,3
0.57443,0.69968,3
1.888,3.9623,3
5.0363,1.2437,3
7.459,0.39882,3
-0.89973,5.8862,3
-0.025009,-1.4729,1
0.99874,2.4702,3
4.0774,2.3737,3
1.1531,3.4886,3
-0.37752,1.1404,3
-0.32976,-0.78834,1
-0.85555,-0.81287,3
4.1223,0.97546,2
-2.9657,0.27134,2
3.1856,0.75348,3
1.8679,-0.2985,2
3.5338,2.5994,3
4.955,3.9715,3
2.6063,4.835,3
0.927,2.0985,3
4.9948,3.8745,3
4.9354,4.1657,3
4.223,5.93,3
-6.0386,-0.7034,1
5.1932,3.647,3
5.1787,-0.60329,3
1.7828,5.1678,3
1.5694,2.4909,3
3.1334,4.3436,3
5.5573,3.2646,3
3.1017,1.7385,3
7.0597,2.5943,3
7.1941,1.0974,3
2.0735,1.6208,3
0.51537,3.6133,3
1.4035,1.1574,3
2.4386,1.0548,3
1.9586,-1.1991,2
3.208,2.7992,3
1.449,3.1176,3
-5.1549,-0.9675,1
1.1711,4.165,3
3.6145,1.1132,3
3.5565,-0.44609,3
2.869,4.2446,3
1.3434,1.9931,3
2.3667,3.8149,3
0.42029,-1.8254,3
3.1383,3.994,3
4.8101,-0.49262,3
1.3924,3.7677,3
2.9687,4.0172,3
3.8741,-3.1445,3
5.6061,1.7659,3
3.5942,1.2556,3
3.8282,1.9772,3
7.8685,1.0872,3
1.6609,-0.032141,3
3.9485,4.712,3
3.1411,4.1935,3
3.9829,1.8197,3
4.8781,2.6217,3
2.3325,-0.30793,3
2.286,5.3086,3
1.3207,3.7582,3
2.8132,4.1223,3
5.1953,4.2486,3
0.25632,0.96708,3
0.032659,5.8043,3
6.1501,7.2542,3
-0.41798,3.6631,3
3.6213,4.9887,3
3.1074,-1.9691,2
0.38789,3.0321,2
4.9111,3.3203,3
2.6279,4.9015,3
0.30437,0.67481,3
1.3947,2.4439,3
1.8688,-1.0025,3
1.5222,1.7058,2
1.3739,-0.40549,3
0.16817,-0.697,2
2.0969,5.0325,2
0.85197,0.95363,1
-4.7411,-3.1518,1
1.25,0.35268,3
3.8948,4.1301,3
-3.1388,-3.3915,2
2.1901,0.38621,3
3.5723,4.3001,3
6.5975,-0.26931,3
2.9361,2.1044,3
2.6353,0.2855,3
5.0816,4.5604,3
1.6927,3.4711,3
0.64282,0.91374,2
3.0153,-0.76395,2
4.0713,4.0759,3
4.2669,6.0508,3
2.4385,2.5844,3
5.8735,5.3728,3
-2.1835,-2.2413,1
-0.98883,0.87279,2
3.593,3.7794,3
3.6113,5.2258,3
4.3162,0.57414,3
2.1074,4.0421,3
4.0099,2.453,3
0.35454,-1.0664,3
0.55207,2.2165,3
-1.7169,0.1691,1
4.9875,3.569,3
-0.36351,6.7169,3
0.80173,2.7093,3
1.995,1.6979,2
4.5131,1.5945,3
2.8389,2.7927,3
8.9823,1.7441,3
5.1893,2.9167,3
0.279,3.4929,3
-2.4297,-3.1602,1
8.6357,4.5345,3
4.4412,4.2186,3
5.0662,4.9754,3
-1.5253,-1.2005,3
2.251,4.1481,3
2.3337,7.434,3
3.8229,5.2719,3
-3.6227,-2.2863,1
-0.90732,-3.0623,1
0.73016,2.6043,3
0.14441,0.62459,2
3.8899,2.1834,3
5.4093,1.5616,3
3.128,7.0826,3
1.9238,0.68768,3
-5.3137,-3.104,1
4.0516,1.5048,3
6.8438,7.4404,3
5.5391,3.2857,3
2.9913,2.2879,3
2.6382,1.5003,3
4.8731,3.6894,3
-3.0612,-1.348,1
1.2416,1.5448,3
0.65834,-2.0283,2
-2.1194,0.95151,3
0.39324,-2.0724,2
2.3519,2.4758,3
-0.18063,3.54,3
1.4675,4.0886,3
0.45768,1.1126,2
2.1832,5.3128,3
4.7149,-3.1515,2
0.84249,-0.63362,2
3.0367,4.3905,3
5.5556,0.3746,3
1.3325,-0.85609,2
2.578,1.6396,3
4.4707,1.1646,3
0.65302,1.416,3
5.6872,2.301,3
1.5035,1.9222,3
6.6655,1.424,3
4.3826,3.3945,3
5.1862,4.5975,3
-1.1262,-2.6377,1
-4.1499,-6.4384,1
2.0521,4.7763,3
-1.4287,-1.8855,3
0.6586,1.4763,3
7.7237,7.9293,3
-0.9501,-2.7901,1
-1.871,4.1226,3
3.1675,1.743,3
-2.333,-1.9074,1
1.4319,3.0326,3
0.81392,2.6601,3
4.1384,5.0119,3
6.9171,0.29848,3
3.4943,-0.81816,3
0.57011,2.6125,3
2.011,0.091783,3
5.7411,5.5527,3
-0.6731,1.6269,3
3.1888,7.6833,3
1.0767,3.1506,3
-2.7451,-2.2067,1
-0.85677,1.0445,2
2.4469,6.1095,3
3.1707,3.3011,3
5.8507,-1.2268,3
5.2846,-0.90481,3
0.53263,6.4529,3
6.2801,1.319,3
3.9768,0.83676,3
2.3461,1.4765,3
2.3888,3.5099,3
1.1116,2.5313,3
2.3074,6.3693,3
6.5454,5.997,3
-3.5101,-1.1531,1
3.9608,1.8365,3
3.4142,3.6722,3
4.2787,-2.2778,3
0.8922,3.7637,3
-2.8567,-2.1602,2
1.4358,4.5145,3
1.7524,-0.76655,3
1.3671,0.64367,3
-0.2493,-2.1289,3
-2.5501,1.0763,2
0.46976,1.2797,3
4.6991,4.3542,3
0.66394,1.6657,3
4.637,2.1103,3
5.7859,0.85965,3
4.9529,0.90524,3
2.6336,0.6643,3
2.6498,2.0273,3
0.47162,0.56139,3
-0.7576,-0.54554,1
-0.59722,1.4788,3
1.774,-1.5701,3
2.8265,3.2604,3
-0.45686,2.0535,3
-3.5419,-0.37059,2
1.3834,2.2605,2
3.7542,0.98593,3
5.2171,5.1333,3
2.4663,-2.437,2
4.1123,3.3549,3
0.30108,-0.46999,3
-1.8688,1.1925,3
2.1695,3.9971,3
-0.34728,2.6085,3
2.7255,0.63407,3
4.4573,1.4298,3
1.4933,5.2046,3
0.4751,2.8597,3
4.1357,2.3116,3
2.8111,1.5,3
0.98558,5.7725,3
3.1372,3.0534,3
-0.19802,2.9995,3
0.11348,6.4935,3
2.4084,0.8456,3
3.5472,4.0606,3
0.9415,2.628,3
2.8666,5.739,3
1.7954,1.0751,3
1.3092,4.331,3
6.3086,2.333,3
3.9893,4.4786,3
-0.6541,1.0143,3
1.5886,2.8961,3
1.7935,3.7707,3
0.51188,2.5426,3
3.9266,5.1845,3
1.3255,0.99034,3
2.4096,0.7823,3
4.3283,-2.367,3
2.5309,0.94523,3
-0.92975,6.5038,3
-0.45419,-1.1737,3
-0.88413,3.3776,3
4.7513,-1.5653,3
5.0589,6.8513,3
2.7448,2.1027,3
0.52887,1.4757,2
0.47754,4.5627,3
-3.9964,2.9589,3
4.8448,5.5599,3
7.6931,4.0244,3
0.63307,2.0589,3
2.8101,3.7875,3
4.1636,-0.42527,3
0.70838,1.4503,3
2.2651,3.8401,3
1.9875,1.0147,3
2.5943,3.1525,3
4.9418,3.0188,3
4.9832,6.8001,3
2.8059,0.97168,3
2.8129,4.0245,3
4.9358,7.4958,3
3.1712,0.26418,3
-2.0879,0.71272,3
1.7227,4.2019,3
4.5418,2.7935,3
1.8887,2.8974,3
-0.91745,0.93483,3
5.0015,2.979,3
5.1631,2.4009,3
6.9401,5.4889,3
3.9724,2.1303,3
2.3309,1.5353,3
2.7231,2.2574,3
-0.51703,1.6977,3
2.8203,3.3547,3
2.4947,0.41244,2
-5.3235,-2.2506,1
2.9386,5.8691,3
1.6915,0.55415,3
-0.28139,-2.7793,1
2.2287,4.6008,3
4.1383,0.99057,3
5.2955,1.0369,3
2.3254,2.1136,3
-3.7445,-2.158,1
0.28192,-2.5062,2
3.2538,7.4595,3
2.1591,4.9561,3
7.159,4.013,3
3.6874,1.3659,3
5.5804,4.9107,3
1.6549,-0.27082,2
2.0011,9.4789,3
0.28768,-0.1671,2
-5.7006,-0.83833,1
2.5957,3.0362,3
1.5622,9.3966,3
0.70349,3.6723,3
3.9242,6.5189,3
7.6156,6.7458,3
0.21029,0.046792,2
4.8633,-0.55014,3
-2.4364,-1.5608,1
-2.2802,-1.3411,2
-2.5148,-0.53333,2
5.8205,2.6445,3
6.5278,5.6698,3
5.613,6.0484,3
2.4292,4.5523,3
-1.5984,2.3629,3
3.879,2.9741,3
6.6334,5.9318,3
-1.6847,2.6105,3
1.595,-0.16236,3
4.0759,-0.050979,3
2.4568,3.2363,3
0.28135,1.2948,2
1.0338,3.2527,3
-3.5808,-1.8822,1
5.8866,3.1441,3
2.6511,4.0272,3
-0.38737,-3.4928,1
2.6757,7.9381,3
-1.9583,-1.7777,2
3.8276,-1.0376,3
2.4569,1.8883,3
3.1368,6.0287,3
2.3427,0.25705,2
3.3493,2.571,3
4.9909,2.7791,3
-0.097266,0.23029,3
2.9723,5.4774,3
3.1815,5.7655,3
-0.51012,-5.0728,1
4.9417,4.4088,3
2.247,2.5059,3
0.8324,3.4299,3
1.4795,1.2645,3
-5.2885,0.1483,2
6.3476,-0.63597,3
3.1121,5.8571,3
1.6304,6.4155,3
2.6523,-1.6092,3
3.5026,2.6892,3
3.3008,-1.5711,3
4.9833,4.0692,3
3.9206,1.865,3
1.5901,2.0817,3
0.018529,3.1747,3
1.3055,6.13,3
5.659,2.5762,3
1.3909,5.3845,3
3.6043,6.5416,3
-1.4268,-2.0187,1
2.3364,4.4124,3
0.52669,-1.7478,3
2.9612,0.3749,3
1.9062,-0.092341,3
3.8159,3.394,3
3.3491,3.5017,3
5.5644,0.65251,3
5.0662,4.3782,3
-1.0327,5.3597,3
0.58299,0.59684,3
0.80206,3.9275,3
3.0806,-0.95385,3
0.2077,0.45942,3
4.998,1.1012,3
3.0656,3.7309,3
-4.4151,-5.4845,1
5.2248,6.564,3
6.9223,4.8289,3
0.94809,-0.11192,3
1.8865,2.9872,3
1.3919,2.4486,3
2.6979,1.4297,3
4.1207,3.99,3
-0.11452,-0.4951,2
0.93024,1.599,3
0.67346,5.3941,3
-0.34879,-0.30497,3
5.2381,0.49881,3
2.7391,-1.4162,3
-1.2639,-4.3982,1
2.6985,0.79578,3
0.42915,1.9237,3
0.2557,-0.49665,2
7.4512,4.6684,3
2.622,2.8028,3
5.5231,3.266,3
5.2982,4.5753,3
1.644,6.9819,3
2.2603,-2.9794,2
3.5276,4.421,3
-3.705,-3.6824,1
-3.3437,0.56147,3
1.7457,6.3585,3
2.1793,0.53464,3
1.8372,2.3674,3
5.6336,2.5799,3
1.0728,1.3154,3
1.1502,-1.0818,3
-1.1663,3.4527,2
2.4856,3.1032,3
0.87288,1.363,3
-2.4253,-0.43411,2
5.0322,4.9704,3
-3.1048,-1.9746,2
5.0316,6.9292,3
-0.59185,5.5233,3
5.4774,4.7851,3
1.1887,1.5118,3
-0.11826,4.0702,3
7.8799,0.52013,3
0.55161,-6.0813,1
5.2128,4.7983,3
1.9048,1.2482,3
4.9924,6.6144,3
6.6717,5.8964,3
5.0449,4.2964,3
1.5931,2.7208,3
1.1468,0.094174,2
0.1752,0.73841,3
-1.2435,1.4077,2
2.8688,3.7284,3
4.3637,4.4087,3
2.6139,1.7651,3
-2.2945,6.4512,3
1.9168,4.4546,3
-2.8035,1.2427,2
0.56388,2.6806,3
4.2092,0.53546,3
-1.4019,0.66771,3
5.0758,-0.28057,3
2.6365,2.3977,3
2.188,2.8922,3
-0.22008,2.7446,3
5.0294,2.6554,3
0.55142,1.0832,3
2.9001,1.2159,3
-0.0091149,1.9429,2
0.23023,3.9109,3
4.4015,-0.31918,3
3.8995,5.2496,3
-2.6611,-6.4813,1
5.2252,2.7207,3
5.4803,0.38408,3
1.7838,4.2736,3
4.1328,4.8772,3
2.1264,3.9871,3
3.3486,3.6386,3
6.6831,4.2868,3
4.1287,4.1594,3
-1.0125,0.47435,3
0.86408,1.8797,3
4.3926,0.30908,3
3.1127,2.659,2
-3.7861,-3.4377,1
2.4478,1.9448,3
4.0476,2.4254,3
0.086485,1.2657,3
4.456,6.3991,3
-0.51291,2.7019,3
4.9084,2.2674,3
3.4143,0.9301,3
0.74176,1.4465,3
2.7081,3.4382,3
-7.1812,-6.0076,1
2.8015,3.8629,3
2.1509,4.4916,3
4.5868,3.2248,3
4.5787,-0.55628,3
2.7005,3.4248,3
3.189,8.2005,3
2.9247,6.5507,3
2.9812,0.29564,3
2.2764,-0.64469,3
3.7765,1.5193,3
3.1475,5.3376,3
1.9915,0.42332,3
9.1044,3.7664,3
4.0481,2.5358,3
-1.4161,1.5173,2
1.4658,1.8489,3
0.25036,0.91857,3
2.3123,3.688,3
-6.2139,-0.4372,1
6.2148,3.8827,3
-0.75657,2.7638,3
5.4266,4.2942,3
2.0258,3.6,3
2.5278,4.0023,3
5.1207,6.0016,3
1.2534,-0.20928,3
1.7756,1.084,3
0.67531,-2.7043,2
1.2923,3.7398,3
4.214,1.1155,3
4.804,2.9149,3
3.1374,2.7239,3
1.8834,3.8063,3
4.7936,4.6832,3
3.0043,0.69708,2
2.325,8.1675,3
3.0747,2.6792,3
3.9034,3.5761,3
1.8588,5.0406,3
-2.2745,0.050995,2
1.7655,3.7752,3
5.5894,4.2882,3
1.8954,3.9845,3
3.9685,4.2524,3
1.1746,0.91631,3
1.6916,5.6876,3
4.4768,2.2712,3
0.69474,4.3043,3
2.4075,0.11734,3
0.34363,0.49541,1
-0.040823,6.272,2
0.36669,3.8885,3
1.4369,2.3923,3
0.86025,-2.5165,2
0.19775,-2.0619,1
3.7116,4.9566,3
-0.99298,1.9066,3
3.041,0.56276,3
4.7872,-0.27496,3
6.7009,-1.1573,3
6.1163,2.4182,3
1.8963,0.52142,3
6.9138,2.2606,3
2.4223,5.6928,3
0.20696,0.062495,3
-1.2406,-2.6915,2
3.4903,0.13697,3
-0.30743,6.1409,3
1.6531,3.001,3
-0.36214,2.016,3
5.1461,1.6523,3
0.68742,2.3911,3
1.6076,1.2813,3
5.3539,5.0338,3
4.7188,3.4776,3
4.6348,1.2872,3
1.8746,2.6254,3
1.1731,0.87422,2
3.6425,4.5563,3
4.1968,1.0513,3
2.2165,2.4809,3
1.2045,-2.7412,2
0.90071,4.3303,3
2.245,0.54525,3
5.3468,4.1427,3
1.5643,1.2974,3
-1.8314,-5.1334,1
2.2611,2.3252,3
4.9871,4.4823,3
-2.4758,-6.5758,1
2.1367,1.8812,3
6.8632,-0.69364,3
0.80635,2.8187,3
4.4966,-0.39233,3
-1.4972,2.6623,3
-1.0662,-3.9633,1
5.8004,4.9526,3
2.0124,4.726,3
0.30364,4.4225,3
1.3879,3.6399,3
1.3728,0.23492,1
1.0764,2.8693,3
2.3073,3.0058,3
5.7876,3.0864,3
-1.0934,2.7582,3
3.5243,3.8401,3
1.6806,3.1335,3
2.6542,3.6325,3
6.0195,1.4215,3
2.2679,0.44481,3
-2.3327,-4.0337,1
0.17697,3.3677,2
3.4117,0.89739,3
9.0558,2.7033,3
5.2964,4.4757,3
2.4835,-2.7229,2
4.2184,5.6214,3
0.32194,1.7148,3
2.8102,0.81349,3
3.2934,6.8502,3
1.6492,2.8101,3
1.7587,0.20195,3
-0.4216,3.757,3
0.97576,-1.0285,1
6.4434,5.6696,3
3.8966,8.6668,3
4.483,5.2411,3
2.2688,3.6893,3
5.0588,3.5018,2
6.6507,4.0176,3
2.9403,5.3729,3
-2.2699,-4.039,3
0.92132,0.92988,2
2.0882,1.3183,3
5.4556,-0.38317,3
-1.0787,1.2514,3
1.9132,1.0766,3
0.75538,1.8386,3
2.9903,0.67985,3
0.69153,0.13838,3
1.8275,1.3651,3
4.6224,2.2148,3
0.44515,-0.10556,3
1.3191,0.011942,3
1.2686,3.3713,3
3.4005,4.5809,3
3.4848,4.5547,3
2.3714,5.6841,3
0.10943,1.0577,3
3.8511,-0.0025557,3
8.2038,-0.018579,3
3.7215,7.4577,3
4.5112,1.1003,3
3,0.85668,3
3.1902,7.4614,3
2.7196,2.4546,3
-3.9135,-6.0847,1
2.757,2.9865,3
4.9192,6.0806,3
1.3537,4.4753,3
3.0853,0.94917,3
1.8562,-1.4606,3
2.865,5.1615,3
2.9024,0.4252,3
6.1564,2.3213,3
-0.66679,-3.7985,1
4.0152,0.4661,2
1.9578,4.1477,3
5.0758,3.5894,3
-1.2097,0.99204,3
2.5121,-2.0726,3
-4.283,0.57548,2
3.2674,5.0116,3
0.12676,3.866,3
3.2776,4.8053,3
1.7276,-3.3665,3
3.1462,1.0749,3
0.078534,1.5126,3
-0.45217,1.6109,2
7.1274,3.7214,3
2.3415,-0.075245,3
6.4952,3.7399,3
-0.2658,-5.5125,1
6.2551,4.3574,3
4.4929,5.6051,3
5.4998,0.61845,3
1.955,2.3977,3
3.9114,5.4427,3
5.9207,2.0689,3
4.3959,6.7907,3
1.2622,4.8076,3
2.427,0.43052,3
3.0919,0.43119,3
6.0599,6.3638,3
0.46194,0.12218,2
2.7605,4.6515,3
4.6173,3.575,3
2.4444,-0.73631,3
-1.4702,-0.17379,2
3.9967,1.0617,3
6.1033,4.1271,3
2.152,4.22,3
4.2848,4.788,3
1.7059,3.4984,3
-2.3441,1.9669,3
4.2974,5.664,3
1.5336,3.6072,3
1.8324,0.15973,3
3.7263,1.2727,3
3.0772,4.3038,3
0.14145,5.4919,3
-2.312,-0.27259,2
5.3518,4.0608,3
4.5897,4.1393,3
4.7201,3.9895,3
2.5775,-0.48544,3
1.9072,2.9035,3
3.6501,1.5846,3
2.1721,1.7826,3
4.1135,2.1046,3
0.033816,1.1256,3
1.3715,6.6508,3
1.8458,4.8563,2
0.49694,4.6921,3
4.5123,5.6923,3
0.8912,-0.58862,2
6.2615,3.1012,3
-4.6863,-1.4585,2
1.6227,5.4015,3
5.0738,4.2353,3
3.4767,4.7505,3
3.8188,6.2064,3
0.82885,4.5584,3
5.3966,4.523,3
-0.032107,0.73183,3
0.78948,2.0038,3
0.92114,1.9936,3
4.5698,5.8073,3
2.8706,1.4494,3
2.3184,1.8915,3
3.6697,2.407,3
5.6289,3.2345,3
-0.76186,-1.1936,3
0.19424,2.3544,3
2.3149,3.9591,3
1.3119,1.5335,2
5.3454,3.3133,3
5.8822,3.6504,3
2.5841,2.2356,3
6.8352,5.726,3
4.5465,2.0344,3
-5.8109,-6.7889,1
-0.69501,-0.076166,2
3.2292,4.2903,3
1.7118,1.8172,3
4.9114,2.2823,3
0.76181,-1.1185,2
1.3065,-1.9845,2
4.0781,2.5445,3
6.7198,2.9231,3
2.6425,0.48813,3
-1.496,2.2393,3
4.9458,3.3364,3
0.67977,1.6547,3
1.9754,3.886,3
5.4879,5.1367,3
2.931,5.4079,3
3.6181,2.7922,3
1.6946,4.369,3
-0.11754,-0.27382,2
4.8201,2.4289,3
0.46801,2.6552,2
9.8968,5.4484,3
-1.4834,2.874,2
2.9399,4.8267,3
3.9005,2.8994,3
0.47811,3.4384,3
4.4578,3.5257,3
4.673,0.10352,3
2.4944,2.3302,3
-1.2168,4.5393,3
2.2361,5.5283,3
2.0814,5.0857,3
3.606,2.2116,3
2.874,3.5298,3
2.5883,5.7868,3
1.207,1.067,2
8.2602,5.1482,3
5.3485,6.3816,3
2.2867,-2.2524,2
-3.9629,-7.1929,1
-0.28519,0.77776,3
3.5689,-0.055656,3
-3.9362,0.049463,1
-0.27024,-0.38945,3
0.73669,2.9666,3
4.4565,2.2869,3
2.1776,-1.3336,3
6.0013,2.7599,3
3.2433,6.2215,3
7.5189,4.7934,3
1.7297,0.67814,3
4.1665,1.2395,3
3.9188,4.8145,3
2.3252,4.1628,3
1.7046,6.1686,3
6.5088,2.097,3
3.4051,2.385,3
1.7487,4.4507,3
3.9647,2.5535,3
0.19703,-0.12409,3
3.1784,4.6809,3
4.745,4.7611,3
1.3796,1.0289,3
-0.44535,1.1511,2
0.36948,-1.5001,3
1.9053,2.9799,3
3.0863,3.0007,3
0.70319,2.2919,3
3.4341,1.0511,3
2.7474,4.0771,3
3.5187,5.4929,3
9.1852,3.3119,3
3.6528,2.0019,3
-1.0015,5.77,3
6.919,7.7311,3
2.6305,-3.5071,3
3.2128,1.9398,3
2.1736,-1.7897,3
4.2711,2.2218,3
2.7591,4.6241,3
3.2996,1.3046,3
2.5814,4.0067,3
-0.66996,1.1956,3
3.7541,2.7582,3
6.9478,4.9277,3
0.67154,3.459,3
0.88242,1.9154,3
4.6225,3.9365,3
1.6681,0.989,3
0.70304,3.7861,3
4.1382,0.80654,3
1.1862,2.7529,2
0.81747,6.6913,3
4.7513,1.3216,3
2.5625,0.32836,3
5.2118,6.1571,3
3.3798,0.2512,2
4.2851,2.3938,3
4.6927,0.78585,3
6.2461,1.1108,3
1.8669,2.8571,3
-3.8105,-2.8457,1
6.235,3.7511,3
-0.52656,0.023732,2
2.5992,7.0299,3
2.5834,1.0823,3
0.25877,6.636,3
1.4475,1.9271,3
3.5067,4.2333,3
4.7659,-0.59593,3
0.21188,0.33245,3
7.7988,5.809,3
5.5142,5.9035,3
-0.3282,-1.7201,3
-2.2861,2.431,2
-0.081041,4.2841,3
8.1394,2.9244,3
4.3379,6.9801,3
8.2624,2.957,3
-0.56914,2.3817,2
7.8294,3.3079,3
4.4973,2.1779,3
3.2277,1.8391,3
-1.0449,0.55185,3
6.3151,5.0437,3
3.4496,2.9758,3
2.11,1.068,3
-2.9972,-2.4205,2
1.6811,-2.0965,3
10.849,3.7243,3
8.5535,4.7801,3
-2.3802,1.3416,3
0.79111,2.8191,3
2.0693,3.4616,3
2.1169,3.3686,3
1.407,5.2872,3
3.8219,0.43235,3
3.7982,4.5351,3
6.2017,2.4921,3
2.23,8.5172,3
4.8701,5.8337,3
-0.91587,1.8976,3
2.6635,-1.1344,3
3.5202,-0.13403,3
4.4008,1.3648,3
1.8186,0.96805,3
0.42959,-0.35852,2
0.94754,4.3647,3
-0.44714,5.029,3
0.35077,6.8727,3
0.34844,5.311,3
-2.5496,-1.9676,2
3.4906,4.2846,3
3.8909,3.261,3
6.7344,7.5242,3
3.0723,5.4373,3
5.5411,4.896,3
7.6943,1.8411,3
-0.81835,0.32532,2
4.6088,0.053625,3
5.6513,6.2078,3
4.8652,2.7758,3
0.35871,4.9844,3
-0.53563,1.1354,2
0.49622,3.8592,3
1.8029,6.3777,3
4.3387,5.8077,3
5.3486,-2.119,3
3.0239,3.2143,3
2.1654,3.6579,3
4.0201,6.7217,3
5.9284,1.2851,3
3.4285,5.2296,3
-4.1208,-5.8616,1
-0.51148,-2.8241,2
3.3696,0.82279,3
-0.24721,4.5685,3
-0.19029,-1.8415,2
1.9312,3.5895,3
3.2092,5.0077,3
4.7798,-0.30787,3
-3.7404,-5.2234,1
4.1763,2.7685,3
6.5308,1.2538,3
-2.6758,1.3661,2
4.4296,1.7255,3
1.9588,2.8079,3
4.9625,1.0652,3
1.4051,-1.1406,2
2.7655,5.2995,3
1.5678,6.0121,3
1.1196,3.0983,3
1.9462,5.3904,3
7.0639,4.2776,3
3.01,2.9591,3
-2.5411,-0.14204,2
0.46696,1.4,2
7.8812,3.7376,3
6.0437,3.0976,3
1.9766,-0.66856,3
2.6172,-0.4189,3
8.5843,-1.668,3
4.177,2.7575,3
1.9081,1.5568,3
0.029276,2.9323,3
4.2128,2.3317,3
4.5447,5.3553,3
-3.781,-4.0564,1
2.6907,7.737,3
4.6378,5.7877,3
5.8231,1.583,3
5.1195,1.4155,2
7.3974,2.7772,3
5.9153,3.39,3
2.7965,0.4949,3
2.7617,5.4403,3
6.7673,5.2653,3
-0.33172,4.4921,3
1.3103,2.6278,3
1.5572,1.5666,3
-3.7224,3.6573,3
4.6331,1.6769,3
2.0961,6.5027,3
0.21722,1.9026,3
1.097,5.893,3
6.2592,3.1773,3
-1.165,1.7919,2
-0.39495,-1.0054,3
8.6142,2.8812,3
3.0798,1.9933,3
4.607,1.1283,3
0.63049,-1.8205,3
9.2117,5.6274,3
2.9274,4.4515,3
0.97335,0.54554,3
0.73289,0.31411,3
3.7956,2.8144,3
2.8445,2.9463,3
5.8257,0.38513,3
0.90081,3.2418,3
2.5893,3.0158,3
6.6678,5.9147,3
2.9314,5.0725,3
1.361,4.0646,3
6.1846,2.9447,3
0.80911,2.3127,3
2.7719,-5.2214,3
5.2663,3.3947,3
5.9095,4.7885,3
5.2329,4.6075,3
-0.0613,5.3359,3
4.7037,4.8803,3
-0.23873,0.52105,3
2.3876,4.9279,3
3.5,5.6072,3
2.4215,2.8827,3
4.9027,3.6769,3
3.0509,3.0936,3
5.424,3.7072,3
4.6143,3.1616,3
4.2316,2.9836,2
1.2655,-0.9034,3
4.5196,1.876,3
4.2577,2.8668,3
4.7768,-0.71589,3
0.64595,6.7511,3
1.1413,2.7433,2
-1.8166,2.5111,3
-0.80245,5.4176,3
3.7511,4.5509,3
2.4703,4.1134,3
0.81214,2.9891,3
0.49112,-1.3212,3
2.767,2.8481,3
8.7864,5.2537,3
5.3236,1.6412,3
2.8889,5.3401,3
3.1585,4.8938,3
4.3644,1.9563,3
3.1189,4.4019,3
-1.6808,3.5574,3
3.0602,4.031,3
-2.0577,-4.0151,1
6.0905,1.4039,3
1.9199,4.888,3
-0.64921,1.9577,3
5.6663,4.3207,3
0.051314,-0.64627,3
2.8049,5.8154,3
0.24377,1.123,3
-0.99526,3.0043,3
2.3242,9.3748,3
4.9423,1.5999,3
5.4303,2.9986,3
3.1339,0.21581,3
2.4964,4.1001,3
0.60338,2.1165,3
3.3461,1.7199,2
4.1533,2.6148,3
3.1454,5.8323,3
-1.9649,-4.3515,1
-1.7077,5.782,3
0.13967,0.049108,3
-0.97332,1.7111,3
3.9716,2.659,3
0.56101,4.4924,3
4.1692,4.1186,3
-0.0060644,2.2886,3
2.8547,5.7512,3
0.63095,2.1798,3
-0.22885,3.3858,3
4.1913,3.8493,3
1.1937,-2.1673,2
6.374,3.6523,3
-1.0189,-4.071,2
3.5955,-2.3208,3
4.0647,4.9519,3
0.50051,2.4783,3
4.9007,1.5381,3
-1.3185,-2.2079,2
-2.0673,-4.2454,1
2.5455,1.2219,2
2.096,4.2527,3
3.7008,5.3418,3
2.9258,2.0543,3
-3.0227,1.0748,2
3.6044,5.8084,3
-3.3013,-2.5851,1
5.0641,0.95914,3
-2.4416,-7.4469,1
5.5732,5.9768,3
-2.059,-0.46151,2
-1.8437,-0.43739,3
3.5731,3.1702,3
5.6077,4.8921,3
3.3245,6.3043,3
3.7546,4.4403,3
-0.56443,3.3862,3
4.4672,0.80173,3
4.1626,2.1045,3
0.58813,-0.80275,3
7.1289,3.8434,3
-1.1457,1.6258,3
1.3571,3.5505,3
2.1852,0.77585,3
3.1372,5.4591,3
-3.6397,-3.1901,2
0.61401,3.3177,2
3.0215,5.385,3
3.5578,3.0477,3
4.2192,2.6493,3
4.4437,4.6736,3
2.2351,1.5769,2
-5.9217,-5.5126,1
-2.1221,-6.1854,1
5.2149,5.5857,3
2.2735,4.4825,3
1.9911,6.48,3
3.3714,3.9593,3
2.8713,-1.8046,3
2.4782,4.493,3
-4.2705,-1.5411,1
0.91133,3.6489,2
4.689,1.9946,3
2.7151,5.1286,3
3.4423,2.3593,3
6.0105,2.3672,3
0.98042,4.4088,3
2.1464,0.72574,3
3.6222,2.8816,3
1.8992,1.7921,3
5.0549,0.31837,3
3.6949,3.9416,3
5.734,1.5783,3
4.8852,3.693,3
4.1441,3.0536,3
1.9388,5.2607,3
1.4152,5.4543,3
1.2174,3.1005,3
0.66723,1.564,3
5.3659,0.60531,2
3.6283,4.9401,3
5.1021,3.3175,3
4.0467,3.2993,3
3.1326,3.4793,3
2.8184,3.4385,3
6.2844,5.9871,3
3.8405,4.3019,3
-4.6179,-1.992,1
5.9893,5.9349,3
5.4364,2.9251,3
7.1335,0.38304,3
6.7876,3.8402,3
2.9291,4.3537,3
-0.71231,0.72622,3
1.1822,0.48412,3
-3.3689,-1.7494,1
-2.7962,0.23841,3
1.3128,4.0519,3
2.5095,3.6207,3
3.2278,1.8243,3
3.6623,1.941,3
3.2622,2.8067,3
7.794,0.97741,3
6.1134,5.0848,3
3.9283,-0.96714,3
5.7878,5.0833,3
-2.3827,0.22725,2
4.2217,3.5563,3
-2.1271,3.2995,2
6.4193,3.2674,3
1.7532,4.0028,3
4.9297,4.3177,3
0.079752,5.5102,2
3.1175,1.4983,3
0.56536,4.0241,3
2.455,-2.039,3
6.3982,1.2623,2
1.7558,3.1627,3
3.2166,5.6045,3
3.0272,4.0456,3
1.6407,-0.65119,2
-2.2228,0.34801,3
4.1528,-0.65031,3
3.797,6.9781,3
4.155,1.4594,3
3.2158,1.1437,3
3.0265,5.9233,3
1.9404,3.3076,3
0.16861,3.0156,3
-1.8194,-2.1101,2
1.6892,1.5409,3
2.6797,3.1391,3
2.9473,2.4258,3
5.7745,4.0896,3
2.0686,-0.08829,3
2.6023,4.7473,3
-1.2082,-1.0961,2
3.1232,-1.7163,3
1.6837,0.24967,3
0.041223,0.803,3
-4.6781,-3.2025,1
0.44688,0.14008,2
5.8187,6.9111,3
2.0001,2.4208,3
6.1261,3.749,3
-1.3727,-1.4301,1
3.784,-1.6567,3
6.1592,4.5299,3
-0.54041,3.2304,3
1.4667,3.4453,3
3.1819,4.3859,3
-1.2796,4.8234,3
3.5921,5.1621,3
-0.82667,1.1552,3
3.1607,1.3795,3
3.9712,3.8422,3
2.5022,7.0902,3
9.1396,4.0655,3
2.0352,5.8127,3
2.2225,5.3702,3
3.5325,5.4397,3
6.7029,3.1387,3
-4.1025,5.024,2
1.8003,3.1333,3
2.3055,-1.2281,2
2.9312,-0.26221,3
0.89204,4.0569,3
5.4587,6.2598,3
4.0397,7.6369,3
-3.0944,-6.3076,1
5.0847,2.227,3
5.5977,5.5592,3
1.4253,2.471,3
2.5132,1.1345,3
2.8548,4.1625,3
1.0158,4.329,3
3.5224,2.0009,3
2.8302,7.4645,3
3.5552,2.6018,3
1.1731,-1.9952,2
0.69242,2.6158,3
4.6059,3.087,3
3.0353,2.8257,3
4.9348,4.3476,3
3.9632,5.6239,3
4.2642,6.2476,3
5.3754,4.5733,3
1.9396,1.7938,3
6.3381,4.464,3
0.12497,3.9762,3
2.4294,1.9553,3
-1.7912,0.25305,3
1.4641,3.9922,3
4.0232,3.6634,3
1.8611,1.6054,3
1.9865,1.1851,3
2.912,4.2413,3
4.3553,4.7081,3
4.6192,5.1893,3
2.6445,2.676,3
1.5616,3.3938,3
0.35043,3.5763,3
2.7513,4.3084,3
9.2031,3.1971,3
-3.9196,-2.879,1
4.2236,0.67228,3
1.1285,1.9125,3
3.7169,4.802,3
2.8362,5.4839,3
2.7096,2.2844,3
0.82396,6.7474,3
1.8992,3.2688,3
6.2432,4.7946,3
2.8535,-3.2871,2
5.0144,0.91226,3
3.0363,2.7367,3
-2.8263,-1.1434,2
4.8156,3.9902,3
2.1077,-0.016897,2
-4.3216,-1.1072,3
5.0138,5.066,3
-2.0312,-5.1865,1
1.8903,4.5494,3
5.1414,1.853,3
3.6541,3.5467,3
5.1238,3.6451,3
2.0614,0.41059,3
5.5038,2.9471,3
-3.2759,1.1141,2
1.2569,1.3075,3
0.11121,4.6133,3
-0.5923,4.482,3
1.5631,1.9147,3
2.2259,3.3297,3
9.4357,5.4491,3
2.2835,0.53009,3
-3.1279,-2.1151,1
0.79392,0.61131,1
2.5893,3.643,3
1.4744,-1.2888,3
1.5165,2.4817,3
4.4614,4.9277,3
7.5803,6.4582,3
0.67742,3.7058,3
0.94904,3.7085,3
3.0344,3.6394,3
5.3132,6.8168,3
3.6871,1.2455,3
4.9639,4.4535,3
-0.77714,3.122,3
8.4505,8.0535,3
4.296,4.7141,3
3.9631,5.6311,3
2.7968,4.2243,3
2.8929,2.4516,3
-2.334,0.2236,3
-4.0665,-2.3551,1
3.9765,4.4872,3
1.3862,5.0054,3
-0.73194,0.79808,3
3.3649,-3.7569,2
4.1853,-0.046772,3
3.2192,1.7738,3
-3.0122,-1.5695,2
6.378,3.4687,3
5.9573,1.0011,3
3.6916,-1.9571,3
1.284,2.2634,3
5.3339,1.7989,3
2.1401,2.3445,3
3.5011,4.2343,3
0.44072,0.61217,3
6.5103,1.61,3
5.1063,4.3425,3
-0.051869,0.46578,3
5.7287,0.46342,3
4.2187,-0.99147,3
0.35228,1.7524,3
0.66222,3.3204,3
4.8641,4.667,3
-2.1512,-4.8439,2
2.7713,4.3943,3
-1.5009,0.2882,3
3.9015,2.0651,3
2.7358,0.06266,3
-1.5473,1.2366,3
8.9409,3.5444,3
1.9014,2.622,3
2.8538,2.8681,3
-1.6492,-1.6533,1
4.3422,1.648,3
8.4976,4.9133,3
3.7606,2.5362,3
-6.1241,1.3892,1
2.0621,4.7868,3
1.9915,2.7785,3
0.28379,0.69779,2
0.6449,3.3504,3
5.6153,7.2929,3
0.29984,0.99727,3
3.3028,4.1302,3
4.7666,5.7624,3
-2.699,-5.6786,3
6.3258,5.5987,3
1.8438,2.1344,3
2.865,2.3791,3
5.8706,-0.50225,3
4.7611,3.7652,3
5.0507,2.533,3
5.1127,-0.37974,3
1.6619,2.3806,3
4.0131,2.9727,3
8.0941,0.166,3
1.679,3.4519,3
-0.22316,-3.3812,2
1.1455,5.9198,3
-0.008885,0.45618,2
0.68221,-4.5563,2
2.8725,4.812,3
1.897,0.037529,3
-4.0194,-2.2765,2
-3.9329,-4.6681,1
4.6216,8.0592,3
9.0481,3.5795,3
3.2372,4.0666,3
4.9724,4.7487,3
4.5466,4.3958,3
4.042,1.2344,3
2.043,4.2828,3
3.8063,3.9727,3
5.9982,5.1238,3
3.8605,3.8478,3
4.2579,2.9056,3
0.12674,2.1932,3
2.074,4.9379,3
6.4633,2.9618,3
4.7195,6.064,3
4.4272,4.0084,3
4.0077,2.1586,3
-1.1259,0.89615,2
5.5155,3.3004,3
3.7256,3.6514,3
1.6654,-0.30237,3
2.9619,5.7129,3
0.19679,0.16752,3
3.223,2.8955,3
5.4013,5.2087,3
5.2772,-0.58646,3
3.2351,2.517,3
3.0401,2.8321,3
2.6485,2.1006,3
2.4909,0.4471,3
6.853,5.1554,3
0.22118,0.29848,2
-0.5828,1.039,3
4.3399,3.3198,3
4.0884,4.8087,3
-1.2009,-1.6795,2
1.3522,-2.8682,3
1.7883,5.1575,3
1.2849,2.1828,3
-1.5979,-4.776,1
0.95932,7.3055,3
-2.7168,2.8778,1
-0.013929,1.9899,3
3.3173,3.818,3
5.8615,6.3247,3
-2.7086,-4.1255,1
0.38656,-1.9691,3
2.7835,2.7525,3
0.34077,-1.6962,3
3.6618,2.8561,3
5.3918,0.78052,3
4.746,0.91255,3
5.9177,2.3831,3
2.411,-1.4149,3
5.8614,2.9847,3
3.0354,3.7917,3
3.791,2.4781,3
6.5385,4.8435,3
5.7934,2.2851,3
3.6521,0.77497,3
5.07,4.83,3
3.0833,3.0788,3
-0.79289,0.15759,3
2.1547,1.9491,3
2.7554,4.3272,3
3.7355,3.1332,3
4.4585,4.0694,3
-0.98743,3.4745,3
4.9758,5.1305,3
3.2146,1.5621,3
3.3663,1.7321,3
0.13278,1.6921,3
4.9275,3.7872,3
4.2036,4.3976,3
-0.66634,2.9711,3
0.27502,2.0606,3
6.5714,4.6949,3
3.1457,-0.30069,3
-1.3457,0.012756,2
0.83561,0.70113,3
4.4075,4.6452,3
2.9686,3.081,3
4.6956,0.013406,3
6.6732,4.5683,3
2.0613,2.994,3
3.0652,2.0245,3
2.5281,-0.18001,3
1.7571,2.8458,3
1.0146,4.4292,3
2.261,2.9803,3
1.1474,1.8397,2
0.84808,1.7061,2
6.7124,4.8595,3
4.0877,-2.4825,3
-0.13462,3.8283,3
2.9995,0.73943,3
-1.0324,4.4926,3
1.4147,3.2663,3
5.8435,2.3898,3
3.8226,0.19549,3
8.3264,6.4498,3
2.0658,4.2841,3
-3.6565,3.525,3
2.7829,1.4134,3
5.2488,2.6306,3
-0.82298,2.4646,3
-2.9058,-0.66529,3
3.9637,2.1777,3
2.5595,5.3338,3
-2.1009,-4.1195,1
4.0399,-0.086544,2
6.5784,1.9616,3
5.0598,0.70254,3
8.898,5.6178,3
2.1973,-2.2326,2
2.7907,2.3293,3
5.2063,2.1117,3
2.4334,6.5693,3
1.8982,4.8316,3
0.69296,-0.78347,3
1.3314,0.019926,3
4.7373,3.6555,3
3.5089,3.2913,3
-5.3096,-1.2986,1
2.7093,4.105,3
2.4605,2.2674,2
1.8829,0.82318,3
4.1001,5.4589,3
2.5757,1.1201,3
0.67853,3.7965,3
2.559,2.7839,3
5.1149,1.1196,3
3.1332,3.2515,3
-0.50657,3.2143,3
2.781,3.4298,3
-4.7301,-5.2338,1
3.4564,2.4646,3
6.6601,2.0769,3
3.7984,4.0907,3
-0.1026,2.9224,3
-0.35364,-1.3078,3
-0.06519,2.919,3
0.58089,0.097318,3
4.9769,3.9025,3
-0.33119,3.5109,3
1.4007,3.9494,3
4.0394,4.3483,3
0.29627,-5.2427,1
-2.393,-0.70921,1
-0.74953,-3.3886,2
1.8001,-1.7284,3
4.5807,8.6855,3
1.2365,0.73778,3
0.67841,2.6723,3
6.1969,3.9172,3
3.7018,0.61485,3
-2.6552,1.1683,3
3.6951,3.7562,3
-0.2123,1.9571,3
4.1016,0.76651,3
3.9763,2.909,3
5.0126,1.7143,3
6.1362,3.0281,3
3.0715,0.49262,3
3.5534,4.2079,3
2.9257,5.752,3
0.9157,6.3884,3
3.8917,4.2282,3
5.4059,4.7693,3
3.8166,3.2954,3
0.40808,3.601,3
1.8081,0.22216,3
0.85478,1.8248,3
0.81845,1.0671,3
4.8639,4.4511,3
4.8348,2.8448,3
1.2068,-2.5609,2
0.083938,3.0917,3
-0.3055,1.3962,2
-0.75139,4.5725,3
3.1423,5.2396,3
5.0374,2.6841,3
2.4232,4.6168,3
1.582,7.3951,3
0.92351,4.0297,3
2.4741,4.0015,3
2.6857,4.686,3
3.7975,4.7058,3
0.847,3.3877,3
-3.4461,-0.34546,2
4.9547,3.8353,3
2.5341,4.8526,3
5.8671,5.3115,3
6.0037,-0.85493,3
2.6232,-0.1885,3
3.4332,3.5438,3
5.966,7.7609,3
2.4939,0.92899,3
2.1109,7.5177,3
1.0916,1.1174,3
1.9945,5.9275,3
1.2697,2.0991,2
2.9285,3.1055,3
4.4036,1.7726,3
4.2967,7.5072,3
3.9574,6.4004,3
2.3032,6.9694,3
2.1763,-0.97861,3
-3.2072,-2.1426,1
4.5564,6.8713,3
2.329,5.316,3
5.0664,7.6226,3
4.4209,9.0991,3
1.1913,-4.1992,3
4.7131,2.7096,3
5.3721,2.5577,3
3.0702,2.7104,3
-5.1089,-0.88544,2
4.4699,2.8083,3
1.8365,0.95169,3
4.339,6.3994,3
0.15797,2.7491,3
1.9276,-0.59551,2
5.0505,4.8002,3
3.244,2.4141,3
2.616,2.9357,3
2.6901,4.3823,3
3.6654,0.34094,3
1.1058,0.28404,3
1.6004,1.7818,3
7.676,4.9073,3
-0.5606,0.020397,3
4.2739,3.0376,3
1.5277,0.88581,3
3.6443,2.997,3
2.5191,8.5345,3
1.8551,5.2491,3
0.46837,-0.11311,2
3.7793,1.9972,3
4.8833,4.4353,3
1.6338,3.1741,3
1.8951,1.4086,3
2.9556,1.8568,3
3.2973,4.4926,3
3.3774,0.6187,3
-0.90385,3.7524,3
2.131,4.378,2
10.29,3.5187,3
5.7982,5.3052,3
4.4103,-0.35263,3
3.613,6.6576,3
1.5347,-0.56451,3
-0.49965,-0.8539,2
3.2779,3.6886,3
5.8452,-0.46564,3
4.5808,3.9613,3
3.5088,4.6476,3
2.5953,6.183,3
-0.28215,-0.20532,3
3.4842,6.4934,3
0.37724,1.0032,3
3.2523,6.1898,3
3.0248,4.7739,3
2.3144,-2.4711,2
1.388,4.27,3
1.9915,1.7408,3
4.0252,6.4426,3
4.83,3.7013,3
-2.5527,-4.6954,1
0.55662,1.5357,3
5.6882,4.1172,3
5.77,6.4756,3
3.5703,4.1184,3
3.3008,-1.7932,3
0.58867,3.4684,3
1.4843,3.3813,3
4.198,2.4386,3
2.8538,0.26087,3
4.5978,2.7248,3
4.1184,4.3757,3
2.7851,5.8897,3
-1.5709,2.7099,3
2.9957,3.5558,3
1.3943,5.7075,3
-1.8745,2.1329,3
1.8938,0.99648,3
4.4114,-0.061423,3
6.7857,6.6087,3
3.8609,8.3767,3
1.6867,2.3402,3
4.3746,3.4498,3
0.94708,-1.6143,3
5.1319,1.3223,3
0.79953,-0.22488,2
0.042801,1.4564,3
3.0974,5.0958,3
-3.0613,0.41381,2
2.3268,3.7381,3
-2.1831,-4.4406,1
6.8552,5.4965,3
4.3147,4.8823,3
-0.44478,-0.8581,2
2.0089,4.6696,3
0.36684,-0.95436,2
4.7716,-2.2686,3
1.2171,3.3778,3
2.3434,4.7376,3
6.0137,1.8763,3
5.0462,-0.44444,3
5.1375,7.2711,3
3.9618,2.3492,3
4.9695,3.0588,3
2.8679,0.72683,3
-3.8753,-3.3826,1
-1.6446,0.39562,2
4.388,0.75182,3
4.8626,4.407,3
7.414,6.9455,3
2.277,4.6073,3
4.9943,-2.3065,3
2.4792,3.0556,3
-0.56433,6.0189,3
-0.05893,-1.5066,2
-1.1734,-2.8075,2
5.4769,3.1289,3
3.9362,2.2619,3
3.628,1.3885,2
4.928,5.6518,3
1.3993,4.9826,3
3.5461,1.5166,3
3.4444,3.2583,3
2.4321,1.1688,3
3.126,4.0674,3
1.4533,7.552,3
1.1684,6.5854,2
2.0786,3.1681,3
2.9265,3.7023,3
3.5117,-0.035555,2
1.7553,4.2493,3
1.4408,3.0359,3
-4.0425,-0.66833,3
0.14911,3.7482,3
2.9335,2.44,3
4.2377,3.0625,3
-0.85788,4.6301,3
5.5168,-0.070727,3
4.7973,1.9075,3
6.4989,5.7009,3
2.8332,-3.2435,3
10.084,1.6358,3
-3.387,-0.46251,2
6.6425,-0.17193,3
3.1602,3.0639,3
5.8482,4.412,3
2.4362,2.9681,3
1.4789,6.0674,3
-1.8243,1.3769,3
4.6308,5.5474,3
0.96201,2.3926,3
3.1984,1.4538,3
8.1001,4.6577,3
-2.7327,0.62494,3
-0.77796,1.1381,3
5.4758,7.3343,3
1.6095,4.9532,3
2.9521,2.227,3
-2.6857,-3.55,1
2.3453,3.0136,3
1.9445,-2.6291,3
-5.0411,-4.7532,1
-1.1415,-0.46382,3
3.2401,3.1246,3
0.28319,1.7184,3
2.3203,4.3179,3
1.718,-0.36296,3
3.6527,5.9668,3
5.577,1.5774,3
3.5782,3.1932,3
-5.0124,-2.8471,2
4.6327,3.4366,3
2.1921,2.66,3
4.1565,-2.9051,3
1.8902,0.39035,3
5.6357,1.5622,2
6.1089,-0.94481,3
-0.53038,1.342,3
-0.95641,4.9884,3
-1.003,6.5248,3
2.1483,6.985,3
3.3358,-2.4559,3
2.6552,5.8683,3
3.9016,3.332,3
1.2382,0.061511,3
3.8158,4.993,3
0.10008,-0.68071,3
1.1258,4.8719,3
2.8162,5.5851,3
4.2876,0.75649,3
-0.025791,-4.9327,1
-2.5719,2.448,3
1.1774,0.18381,3
0.41254,-2.2709,3
3.8144,5.452,3
-0.70208,1.8923,3
10.325,4.8262,3
-0.30878,1.4706,3
3.487,2.8695,3
-1.2682,-1.4115,3
3.4938,2.7298,3
1.8048,5.6715,3
1.981,-1.0833,2
1.5985,2.0271,2
4.3937,-0.68379,3
0.75725,2.3283,3
5.0111,4.3524,3
2.089,-3.4194,2
-1.8087,4.9346,2
6.9935,5.426,3
0.63103,3.7306,3
4.3856,1.9451,3
3.5295,-1.2235,3
2.4861,2.1185,3
-0.13982,-4.2909,2
-0.17565,0.36682,2
2.3336,3.691,3
3.1467,5.6717,3
3.0361,0.10421,3
1.9862,-0.16859,3
4.8427,5.4,3
-0.98764,0.18265,2
0.33496,2.1561,3
3.0318,1.7565,3
2.1471,5.2141,3
5.3275,4.4657,3
2.4457,4.8499,3
-1.5179,3.5028,3
-2.6043,-1.1599,2
-2.1418,-5.0828,1
3.6904,7.4375,3
-0.95555,-2.7533,2
0.021806,1.1018,2
1.6179,3.0853,3
1.5175,5.6739,3
4.8149,3.8345,3
8.8563,3.0488,3
4.2511,5.1291,3
5.1391,6.4611,3
1.1688,-2.4403,2
2.9798,2.1769,3
6.8339,1.4273,3
1.3984,6.4282,3
-2.0129,0.56336,3
6.3104,2.5528,3
1.4747,-0.23805,2
-1.5699,0.64645,3
2.7558,3.4463,3
4.7973,-1.251,3
5.1077,4.0207,3
4.3628,1.9646,3
4.5284,0.9458,3
1.3358,0.12957,3
1.4657,1.9519,3
2.4559,0.76075,3
-1.2077,1.1382,2
3.3876,5.5846,3
2.1652,-0.69403,2
0.91378,1.692,3
7.4377,2.6542,3
2.564,5.2896,3
4.407,2.5498,3
1.5283,1.0772,3
5.874,3.4991,3
3.6446,2.5753,3
5.5412,3.1062,3
3.2847,3.0229,3
4.3523,3.5771,3
1.9881,1.6697,3
1.5159,1.4269,3
-2.1579,3.2714,2
5.7547,5.5152,3
-0.25497,4.6819,3
2.0228,0.36907,3
0.37456,2.7197,2
-0.30279,0.04157,3
5.2251,0.9176,3
5.5117,2.7414,3
1.5908,8.8489,3
-0.85594,-2.2167,2
5.3838,2.5537,3
-1.2767,-4.0182,1
1.1777,1.0996,3
1.3229,0.83307,3
5.0456,1.7138,3
3.0741,4.1841,3
4.5492,5.7507,3
5.772,5.7938,3
-1.0933,3.8137,3
5.2804,6.3839,3
-0.42307,-0.6674,2
5.3581,2.0661,3
0.0096958,-0.2657,3
4.7869,1.6785,3
5.0534,1.4615,3
6.2685,4.8916,3
-1.1121,1.2276,3
5.4422,2.6362,3
0.96928,4.6044,3
3.9563,-0.32763,3
4.7386,1.3701,3
1.0138,1.8859,3
5.4206,4.5752,3
6.6821,2.8306,3
3.0783,1.3752,3
3.5451,0.99176,3
-7.1554,-2.961,1
-0.43225,-4.3017,1
3.5801,4.8898,3
-2.7443,-5.8654,1
1.6744,2.4024,2
-1.7496,0.35553,1
4.9432,0.88744,3
0.61014,8.4856,3
1.2736,4.8818,3
0.12609,1.11,3
4.1265,1.0947,3
1.5044,-0.49234,3
7.5543,1.7588,3
4.4596,3.238,3
3.8259,2.8729,3
4.8559,4.6274,3
1.863,0.049522,3
4.0584,3.2352,3
-0.091472,1.039,2
0.73531,2.4677,3
-1.0751,4.9216,3
1.6316,0.61874,3
4.6858,2.4318,3
4.2609,3.5125,3
0.70518,2.6148,3
2.7669,3.0309,3
6.4664,0.11628,3
5.0878,3.9367,3
2.9248,-1.2293,3
2.9148,3.5256,3
4.8338,2.8295,3
3.1255,3.5263,3
1.5544,2.2471,3
6.8391,6.4813,3
7.2281,5.812,3
4.5961,1.6957,3
-1.8195,-1.6104,1
-2.2275,1.9186,3
-2.5168,-4.6327,1
3.4699,4.6405,3
1.7904,-0.091405,3
-1.5674,-3.195,1
2.4376,6.297,3
6.2891,7.8776,3
4.5193,-0.28555,3
2.1198,1.3515,3
1.3375,3.1544,3
2.4709,-1.2235,3
0.36142,5.0949,3
1.7839,2.168,3
2.2132,0.76416,2
-0.020847,3.5861,3
2.8694,3.6911,3
3.1528,-1.8606,3
3.3597,2.0361,3
3.2058,-2.3382,3
-4.8937,-3.7579,1
8.1414,1.9254,3
1.1371,4.524,3
4.4359,5.7488,3
2.0083,-0.12344,3
0.23565,-0.31848,2
2.3198,4.6145,3
0.49047,3.1192,3
7.0639,1.8841,3
6.13,2.9022,3
3.2975,3.6984,3
5.3296,4.1145,3
0.24808,-1.4221,2
-1.0057,0.64976,2
4.1301,5.8864,3
1.7357,5.9236,3
3.7234,2.7343,3
3.7021,0.45606,3
2.9017,1.0026,3
0.16036,2.6682,3
3.4993,4.6295,3
5.4054,3.5027,3
8.0673,5.243,3
0.34297,2.3724,3
-0.7402,0.75743,3
1.659,8.2782,3
4.3266,4.8438,3
0.095468,0.34376,2
0.4632,-0.095382,2
-0.68966,1.6082,1
2.3667,3.5323,3
3.4042,2.2777,3
2.9611,6.1494,3
2.8186,0.088403,3
-5.0149,-6.3928,1
0.48851,3.1975,3
-1.465,-0.011319,2
5.4383,5.0561,3
7.8241,3.3655,3
6.3511,2.0442,3
2.6859,3.6195,3
-0.8241,-0.8446,2
2.7458,4.7028,3
-5.2547,0.054581,2
3.413,0.4383,3
-2.3132,-2.724,1
2.2884,4.6184,3
0.65548,6.1188,3
1.0446,3.0418,3
-0.088697,0.77228,3
9.8662,5.897,3
-3.4438,4.3063,2
5.9265,2.8316,3
3.3483,2.9229,3
4.6522,3.7275,3
2.7955,-0.19813,3
1.96,0.91288,3
0.79759,1.7117,3
3.0437,0.89368,3
4.919,3.7707,3
-0.41482,-0.06563,3
-3.7887,-0.10933,2
1.4019,-1.3809,2
4.5789,3.8823,3
0.80581,-5.219,1
4.469,0.32363,3
-0.72094,-3.0629,3
5.0654,3.8127,3
4.8502,1.8287,3
5.1853,4.8291,3
1.961,2.2021,3
-0.81243,0.2735,2
-4.0107,2.9818,2
1.0571,0.042661,3
3.9657,0.72923,3
4.1279,1.6124,3
3.17,5.3528,3
4.8594,1.8871,3
4.672,2.6099,3
1.9876,-1.382,2
4.5199,0.92905,3
-0.63677,-3.4473,2
4.9395,6.7781,3
-0.039309,3.7777,3
4.7342,3.0951,3
0.70889,5.2138,3
1.347,0.56391,3
0.28827,0.67545,3
-1.0881,6.1396,3
5.281,1.6546,3
4.3283,1.0633,3
-1.9305,-3.855,1
4.4709,4.8525,3
5.2478,0.91793,3
0.5098,-0.70719,3
3.5935,1.1244,3
6.1686,5.3846,2
1.9122,5.4984,3
3.1351,2.1248,3
5.0033,2.0801,2
0.41564,-0.1757,2
2.7948,4.8957,3
1.8866,4.6053,3
5.8061,0.69408,3
-0.23075,4.3107,3
2.1943,4.2237,3
2.01,2.776,3
0.97032,4.5376,3
2.4979,0.86185,3
0.83971,4.3424,3
0.56635,2.0907,3
3.9899,3.0943,3
6.5672,3.9589,3
7.1255,3.4894,3
2.1206,1.707,3
-0.001926,3.0963,3
4.3733,-0.74991,3
3.5859,2.7133,3
4.1458,2.6928,3
6.1098,1.1705,3
3.0859,2.5403,3
3.4812,2.5674,3
1.3375,1.2963,3
4.7067,3.5018,3
6.0645,8,3
2.7309,0.68603,3
4.2792,3.767,3
2.9028,4.3864,3
4.0476,2.4711,3
1.1769,2.9878,3
-0.47408,1.9838,3
-1.8074,-2.795,2
-2.8008,5.3786,3
2.8534,1.6131,3
1.354,4.2274,3
6.0636,5.0866,3
3.0083,2.9295,3
6.246,6.1754,3
3.1434,5.5557,3
4.6492,2.6194,3
6.9496,2.3663,3
3.626,-0.8259,3
4.1511,2.7579,3
2.8959,4.5453,3
6.0511,2.4147,3
0.32708,1.2574,3
2.9843,4.8182,3
2.2997,2.7307,3
7.9829,1.5874,3
-1.0607,-1.1498,2
1.0405,4.998,3
3.6728,4.126,3
3.7821,3.1549,3
6.5137,6.0648,3
0.52929,2.05,2
5.1817,3.2854,3
3.9562,1.4998,3
1.8859,7.9098,3
2.1131,8.6688,3
1.7621,3.2477,3
0.28465,-3.7092,2
2.5405,4.4932,3
-3.9509,-0.98148,1
3.644,4.9966,3
6.6284,4.121,3
5.8758,2.099,3
1.9554,5.0784,3
3.3157,6.5381,3
4.4173,2.9549,3
1.5389,3.9033,3
0.33936,-0.71862,3
-0.10362,-2.73,2
4.2781,-0.19234,3
-0.48363,1.0881,3
-2.7608,-4.435,2
4.4587,1.1141,3
4.0332,2.2845,3
0.6742,1.6715,2
6.1113,2.9072,3
3.1459,3.7525,3
2.1641,0.439,3
1.1791,3.2412,3
5.1663,2.4482,3
1.198,2.0985,3
5.1546,2.8588,3
3.8965,0.81445,3
0.047805,1.0909,3
2.9339,0.78713,2
4.7456,3.6186,3
3.9808,4.302,3
2.1188,3.2596,3
2.7497,0.81195,3
3.1199,1.351,3
2.8697,1.2713,3
-2.0978,-3.1453,1
2.315,1.8953,3
2.5943,2.299,3
2.3978,2.8303,3
1.3301,2.1614,3
3.2073,6.5939,3
3.3877,5.014,3
1.2749,0.30704,3
0.7983,0.38494,3
-0.5496,5.7899,3
5.1472,3.1558,3
-2.6115,-1.3685,1
1.6628,2.6836,3
3.4293,6.3801,3
3.0807,4.9781,3
5.1637,4.656,3
2.0235,-1.1782,3
1.7699,5.2229,3
3.7194,5.8191,3
5.7953,6.2071,3
5.2496,2.7645,3
-0.10347,-1.8932,2
2.0503,1.2569,3
2.7357,4.9373,3
4.3846,-0.65907,3
3.9198,0.84566,2
4.7179,5.4639,3
3.3271,4.2274,3
5.0316,2.4755,3
3.1243,4.5181,3
4.4274,3.8993,3
5.2186,4.3554,3
0.63259,3.8694,3
6.1934,6.3369,3
3.6528,3.3682,3
5.7664,2.8147,3
1.6903,-0.68525,3
2.7036,3.2417,3
0.72568,-1.166,3
3.9016,5.0146,3
5.1828,2.3071,3
-1.6345,2.9935,3
3.2841,1.2722,3
0.78769,3.1794,3
3.3257,1.0177,3
2.2844,1.3712,3
1.3637,1.5645,2
1.6667,1.6544,3
1.6028,0.90202,3
3.5703,5.1782,3
1.8766,4.4787,3
6.2702,5.9091,3
6.9274,2.3984,3
2.7587,1.7119,3
1.0632,-5.5691,1
-0.19037,2.2899,3
2.8991,2.3966,3
8.1724,1.3379,3
3.0813,6.4512,3
0.9024,1.3939,3
-0.96337,-0.34502,2
2.5188,2.7802,2
1.4077,2.8706,3
4.5875,0.95824,3
3.5456,2.4707,3
9.8921,0.92312,3
5.5967,2.0323,3
3.8846,4.2401,3
2.2235,6.4146,3
1.2635,3.7827,3
3.2949,0.27303,3
2.6235,4.4302,3
0.64919,2.7453,3
2.291,5.0163,3
-2.9339,-4.4085,1
3.4912,5.5037,3
8.0137,-0.3484,3
-2.7043,-0.3654,3
3.9044,0.58731,3
0.92171,-2.7562,3
2.5606,-1.2389,3
2.3212,4.9322,3
0.38637,-0.35504,3
2.8888,5.2227,3
3.3152,3.8277,3
0.39849,0.80817,3
3.0534,2.3249,3
-3.3969,-5.5714,1
2.0648,3.4875,3
3.2789,3.8369,3
2.3686,5.5255,3
-0.78657,4.1576,2
-0.16043,1.4406,3
2.4569,0.48064,3
3.374,3.5698,3
1.7538,5.6153,3
3.6497,1.5013,3
2.4363,1.8827,3
4.0458,1.9933,3
4.4422,4.3767,3
0.18169,2.2465,3
2.731,2.6088,3
0.45853,1.3142,3
2.0302,0.73411,2
3.9377,2.6834,3
4.4995,2.3688,3
-3.7542,-3.2954,1
0.56142,1.7051,3
4.9893,4.7233,3
2.9186,2.8534,3
1.8384,5.066,3
-5.3271,-1.6893,2
2.6515,-0.89588,3
-5.5128,-6.9026,1
0.087305,-0.24171,3
0.9846,1.8738,3
4.5719,0.70865,3
4.318,0.87478,3
-2.5993,0.81884,2
3.8661,5.7164,3
2.8222,4.2667,3
-3.5113,-6.3753,1
-1.5183,2.0704,3
4.9345,3.6093,3
1.5098,3.4,2
4.622,2.6699,3
5.5778,0.98588,3
-1.4024,3.3029,3
1.4322,1.5423,3
3.0538,3.339,3
3.3079,4.158,3
2.9778,2.4509,3
-1.9228,2.7606,3
3.9554,0.56563,3
1.3704,-0.34252,2
-0.77122,-2.1887,3
4.9256,3.7908,3
-3.9148,-2.9698,1
5.5971,1.9734,3
0.98233,1.7464,3
0.31411,2.7354,2
2.1187,6.9944,3
2.5297,7.3035,3
0.88628,0.61663,3
6.6149,5.2658,3
4.4439,4.6982,3
0.39825,2.4458,3
3.2564,4.2228,3
-4.1695,-0.29127,2
-3.6799,-4.4346,1
2.2539,3.7531,3
0.36656,2.2743,3
3.9022,2.3098,3
4.799,3.394,3
-0.84063,3.9523,3
5.9458,3.4105,3
4.6828,5.4262,3
3.8469,4.1763,3
4.6145,7.2595,3
-3.0101,0.13553,2
4.5144,6.5708,3
5.6755,3.2799,3
6.241,6.4027,3
3.4681,6.3079,3
4.1726,0.91451,3
-0.77519,5.1453,3
4.6653,1.7275,3
3.8942,7.2697,3
0.30115,-1.1331,2
4.8304,6.1785,3
4.2786,4.3853,3
7.1383,5.6091,3
8.3961,2.796,3
-1.2328,1.9877,2
2.5746,4.2923,3
5.7529,5.0599,3
3.8644,-1.8995,3
-0.17994,1.5844,3
-1.0429,-2.1351,1
3.9157,1.756,3
2.2378,4.8124,3
-0.36664,-0.94592,2
0.77374,3.1203,3
-0.32351,4.4882,3
5.3014,4.243,3
-3.183,-5.5171,1
0.6587,-1.4688,2
-0.41549,2.2431,3
5.0701,6.5813,3
2.7724,1.9411,3
4.3839,2.0188,3
3.8797,1.123,3
3.0303,1.9584,3
-3.8634,-5.317,1
4.7052,3.5228,3
0.2642,3.8045,3
2.0619,-1.4227,3
1.16,3.3391,3
3.1867,-0.15529,3
5.8878,1.697,3
3.2194,5.4993,3
-1.9712,2.1502,3
8.8481,4.4997,3
2.7901,5.0957,3
4.268,3.8387,3
3.093,0.41827,3
3.726,0.64135,3
2.6912,5.634,3
4.9074,1.4346,3
4.8733,1.4336,3
3.1579,3.0491,3
0.4037,0.47462,3
4.2718,2.0876,3
-1.0679,-0.44343,2
6.3544,7.5863,3
2.2284,0.31299,3
2.9211,2.4318,3
3.3511,5.8695,3
3.1424,2.4565,3
1.8683,-0.001295,3
2.5326,3.0095,3
4.1131,2.7967,3
0.25975,2.918,3
0.94693,3.1638,3
4.9226,0.53262,3
1.8095,-0.4487,3
5.6679,5.3746,3
4.8712,5.1737,3
0.70554,4.4181,3
2.9193,3.4766,3
4.6732,-0.10892,3
-1.0421,5.0181,3
2.3653,-0.26369,3
1.2303,1.393,3
3.1241,4.1482,3
0.24714,0.60648,3
-2.898,0.33623,2
1.2995,5.2115,3
3.8981,4.0351,3
3.9972,1.1843,3
1.634,-1.6147,2
2.7699,4.2815,3
5.1225,1.1844,3
-5.2336,-4.7671,1
3.8839,1.9695,3
2.07,4.0542,3
4.1868,1.7864,3
4.8092,6.4596,3
1.674,3.096,3
8.1636,0.97251,3
1.7279,1.312,3
3.5069,2.0061,3
0.035086,2.8617,3
-0.34672,1.8939,3
4.0707,0.73454,3
5.8446,4.0019,3
3.0651,2.0486,3
4.877,5.1064,3
5.3797,3.5539,3
-2.2118,0.31413,1
4.1084,5.2787,3
4.2978,2.3232,3
4.6265,0.032821,3
1.6558,3.0242,3
-1.4018,-5.0768,2
3.8681,5.7099,3
1.1852,3.4391,3
5.6474,1.1048,3
4.6735,7.2054,3
4.8912,2.209,3
3.75,0.40304,3
4.4075,2.8102,3
4.4035,2.8974,3
4.0585,-0.2128,3
4.0584,2.8198,3
4.7236,1.9311,3
-0.50105,1.9915,3
0.86499,0.13802,3
-6.6451,-7.8443,1
2.5423,2.443,3
1.596,3.5874,2
-2.4447,-1.11,1
2.0381,-2.3493,3
1.665,2.3457,3
4.5113,4.4031,3
-0.44359,5.7505,3
-3.0499,-7.9098,1
3.4132,3.5777,3
5.1656,-0.18888,3
4.6344,5.6899,3
5.8522,1.8384,3
-0.88258,-0.80817,2
1.0434,8.522,3
-2.0517,-1.8059,1
7.0686,4.8193,3
6.8709,-0.95044,3
7.0981,6.1382,3
5.1725,1.5304,3
4.028,2.9059,3
-6.3004,-3.8879,2
6.3047,4.8606,3
0.36971,-1.065,3
3.1631,1.7948,3
4.7916,3.0295,3
2.3019,2.8087,3
1.0867,2.6971,3
4.5,6.6262,3
0.78121,-0.35533,3
1.3133,7.9646,3
4.9132,1.4282,2
3.4072,3.8374,3
2.6739,3.7095,3
0.37955,0.51498,2
0.71782,3.8748,3
2.1325,2.1342,3
-4.8672,-0.72471,1
1.6715,2.8468,3
1.5672,-2.9909,2
5.7452,4.7225,3
0.02994,3.4649,3
3.8159,6.807,3
3.1726,5.8939,3
2.0577,-3.3224,3
2.1069,1.8581,2
5.9206,4.5114,3
4.4842,6.9565,3
3.058,5.1029,3
7.1905,1.1013,3
-0.60549,0.15087,2
5.2253,3.6149,3
1.3787,8.3352,3
0.96927,2.2677,3
4.1377,6.5055,3
4.0859,3.5367,3
7.2997,3.134,3
4.4256,4.5103,3
-6.2315,-1.3437,1
0.7331,3.8732,3
6.2533,6.6653,3
1.7117,3.5309,3
-3.6489,-6.6495,1
1.7648,3.4749,3
7.07,5.0403,3
1.2185,1.5245,3
1.4774,3.1902,2
0.11362,3.2817,3
1.575,4.2304,3
3.7088,1.0745,3
2.3818,0.37375,3
4.1799,4.6717,3
3.1924,1.662,3
0.18569,2.1566,3
-1.7706,-3.285,2
3.9989,4.3624,3
1.4669,3.3737,3
5.8017,1.4739,3
2.0259,2.5636,3
0.45017,0.24312,3
6.0279,6.5271,3
-3.2062,3.9217,2
4.5597,4.5595,3
-3.2979,-1.395,1
2.9039,5.2039,3
2.6547,5.7405,3
-0.0011589,-0.74606,2
3.1655,2.3987,3
0.16535,2.7229,3
0.1768,1.5448,2
3.3949,0.56702,3
-1.0642,1.9938,2
0.45403,3.7334,3
1.6106,2.7461,2
2.4561,1.6275,3
5.0686,-1.2578,3
4.5063,5.3663,3
4.9773,3.9953,3
-0.64796,0.69948,3
2.4166,1.9806,3
-5.3812,-0.25131,1
5.4353,-1.2662,3
0.94395,1.4209,3
0.27317,2.0466,3
5.5579,4.8702,3
1.9633,4.2483,3
3.0727,3.4681,3
4.286,3.7155,3
5.5982,5.8712,3
3.2994,2.1313,3
0.9974,1.5198,2
1.0216,-4.2086,3
2.3084,4.1844,3
2.3162,0.41226,3
-4.8628,-4.7334,1
3.1845,0.093224,3
1.6127,7.9717,3
4.4964,2.7043,3
4.7135,2.9502,3
-3.9893,-2.7999,2
-0.40888,4.1961,3
1.3517,4.2067,3
-0.042849,3.6526,3
0.27604,1.6394,3
-1.0989,-4.5522,1
2.1352,1.7218,3
6.1825,2.0727,3
2.7039,3.9889,3
3.7449,6.3892,3
2.3964,-1.5026,2
3.9891,3.0931,3
5.8558,0.5181,3
5.1671,2.1018,3
2.9306,3.5342,3
-0.66384,2.3454,2
2.4408,1.308,3
1.202,3.7538,3
5.0925,4.4176,3
-1.7495,0.80521,1
1.2556,0.73431,3
1.5832,3.3625,3
1.5206,5.5752,3
2.9266,3.7517,3
1.9646,7.9882,3
5.023,2.7129,3
0.81212,3.964,3
1.5481,-0.70342,3
-0.98922,2.8413,3
6.1947,1.6859,3
8.8586,3.5546,3
5.221,1.9789,3
1.138,6.8846,3
3.6921,3.6706,3
2.9427,2.0298,3
1.3913,0.74638,3
3.1023,6.8599,3
4.1608,3.7364,3
4.2862,4.2929,3
-1.9826,-3.7203,2
-0.3975,1.2642,3
2.0394,3.6705,3
1.9722,1.9541,3
1.6437,6.8136,3
5.0849,2.3949,3
-0.29899,2.125,3
0.46467,6.4074,3
1.2236,0.95101,3
1.2291,-0.47819,3
0.67188,1.2079,3
1.637,1.6619,3
1.9343,1.0884,3
0.059163,0.22994,3
2.6202,0.80313,3
0.3359,3.6373,3
5.0268,5.4115,3
-0.53982,-2.1434,2
1.3232,1.757,3
4.9984,6.0554,3
6.7132,5.3306,3
0.74052,5.9786,3
-0.55084,-1.7206,1
6.169,0.48788,3
2.961,3.0593,3
7.5248,3.6997,3
3.3484,3.2156,3
-1.13,-1.7922,2
3.2028,0.86719,3
3.2078,8.8317,3
5.3741,5.399,3
1.0363,-0.92079,3
3.2213,2.939,3
1.4973,1.1023,2
2.9078,-0.84741,3
-6.3726,-1.3696,2
1.2844,3.5693,3
-3.864,4.1937,3
4.3585,1.1771,3
1.6448,-1.4308,3
-1.4881,4.0661,3
2.9704,0.81555,3
5.9602,1.8269,3
-0.84268,1.9094,3
7.2273,0.81605,3
