2.3984,1.6587,3
2.9035,-1.4477,3
-0.72592,0.58498,2
1.1588,-0.065953,3
3.2395,0.89418,3
-3.1099,-1.6344,2
-0.44277,1.2177,3
5.0001,1.1701,3
0.25057,0.078816,3
-0.026537,2.8655,3
1.1128,-3.2967,1
-1.741,-3.0064,2
1.0063,1.4113,3
3.0191,1.0497,3
1.0319,-0.84712,3
-3.6915,-3.9214,3
-3.1552,-0.47124,3
3.6529,-0.66489,3
1.5641,-2.1839,3
1.542,2.3303,3
1.3216,3.1349,3
-1.5583,-4.2685,1
1.987,-0.78768,3
2.502,3.7449,3
-0.67432,-0.60779,3
0.17577,1.7666,3
-2.9743,1.6595,3
-1.4203,1.6579,3
-0.97925,1.7989,3
0.45147,1.2828,3
0.42645,-1.1857,3
4.0046,2.8154,2
1.9567,2.8537,3
0.15381,1.5373,3
-0.33753,1.2729,3
1.9479,3.4684,3
2.0164,1.1763,3
0.65374,0.02664,3
0.74856,-1.1913,3
2.3606,2.0905,3
-2.5456,-1.4833,3
1.2497,-3.6698,3
-0.49725,4.7997,3
0.55,-0.65421,3
2.5901,-2.4794,2
3.2762,0.96654,3
-4.0247,-2.6716,2
2.2853,-1.8189,3
0.69936,1.8747,3
2.8008,0.091163,3
0.24459,-1.0846,3
4.6333,0.48665,3
1.092,-0.51045,3
1.7714,0.28611,3
4.9128,-0.27628,3
2.296,-0.18342,3
2.2462,0.26617,3
1.2922,-0.89624,3
2.3376,1.5692,3
0.33702,5.1769,3
-0.082206,-1.092,3
-3.1251,-2.3542,3
-0.71876,-2.7468,3
-0.11364,1.3584,3
0.18917,1.5444,3
-0.4618,-3.6723,2
0.46229,1.449,3
-4.4598,-3.1636,1
-0.42033,1.641,3
1.0619,-0.44216,3
-2.0403,1.3553,3
1.477,-0.50886,3
0.3123,3.3699,3
5.7089,-0.18721,3
2.6499,0.35781,2
1.8897,2.9681,3
2.4025,4.4593,3
1.8533,0.80396,3
-2.39,-0.77781,3
-3.3889,2.0042,3
-0.47253,0.061248,3
0.65224,-1.2244,1
-0.82345,-1.1877,3
0.11389,-3.0491,3
1.4579,-0.12269,3
1.7664,0.49984,3
1.133,-1.506,3
1.9861,4.261,3
0.27377,0.52318,3
3.3333,2.4616,3
3.4558,-0.04216,3
-1.0799,-1.9012,3
1.3942,3.44,3
-0.9311,-1.9909,3
-0.3683,-0.17223,3
3.8364,0.87533,3
0.032624,-1.9083,3
2.4805,0.15846,3
1.9161,-2.2528,3
2.3224,0.81216,3
0.7557,3.4395,3
1.5103,0.78369,3
-0.98935,-4.0216,1
0.93452,2.7419,3
-1.2062,-2.6194,3
2.9727,1.058,3
2.0145,-3.7283,2
1.4199,0.3723,3
-0.29205,-0.51487,3
-1.502,1.6676,2
1.0594,1.6295,3
1.1753,2.6951,3
6.0802,1.2862,3
0.30836,6.4588,3
5.0577,0.13795,3
-3.1408,-0.86142,3
0.70371,-0.0011986,3
1.7884,2.8785,3
1.0497,2.9223,2
1.707,3.3332,3
2.0145,3.1877,3
-2.7878,0.98558,3
-0.22845,-2.7534,1
-0.61821,0.041239,3
1.4051,1.3873,3
-3.7357,-2.7324,2
-3.7873,-0.62634,2
1.9105,2.914,3
1.736,1.9286,3
2.8933,-0.74245,3
-2.1117,1.8176,3
2.8485,-0.14389,3
-2.8646,-3.1779,3
1.5561,1.1586,3
-2.658,-0.69237,2
-0.51507,-3.2525,3
0.14868,2.7672,3
-2.0693,2.4606,3
2.5537,6.6174,3
2.8502,3.4597,3
1.8537,4.7254,3
-5.8744,2.6615,3
-1.6331,2.2352,3
-1.4745,0.97546,3
1.4586,-0.39083,3
1.7566,4.694,3
2.4616,3.205,3
2.8078,-0.70502,3
1.7621,0.096969,3
3.0712,1.981,3
-2.7312,1.0542,3
-1.2608,-1.1589,3
1.1613,-1.2369,2
2.9879,-1.5085,3
0.093118,6.4905,3
0.89272,3.1424,2
3.3785,3.533,3
-1.0777,-1.7246,3
-2.7362,-3.1038,3
0.74256,2.3513,3
0.92258,3.9402,3
2.4873,1.3318,3
4.7627,5.27,3
1.3895,-1.3189,3
2.2027,1.0848,3
3.9138,3.6967,3
0.54561,1.7202,3
-1.681,4.0406,3
5.4916,2.224,3
-0.66702,-2.8034,3
0.3085,-0.62907,3
0.36721,3.0272,2
-6.4167,1.7823,1
1.6497,-1.0694,3
1.3178,1.5113,3
-1.1455,-2.7526,3
3.9594,0.53537,3
0.43772,2.5953,3
0.12927,-2.5377,3
-2.3155,5.389,3
-1.7015,2.0579,3
3.4248,4.7804,3
0.73104,5.0008,3
2.3691,2.3132,3
-3.3907,6.7872,3
-2.4002,-0.21951,3
-0.1772,-2.1185,3
5.8581,2.7098,3
0.79459,1.1227,3
2.4063,4.4284,3
-0.36055,2.5621,3
-1.1762,1.7805,3
-0.73867,-2.3809,3
1.9844,0.13057,3
3.8395,-0.87098,3
5.827,4.1772,3
-2.8177,-2.8729,1
1.9276,-1.2589,3
4.4153,-0.8129,3
0.047561,0.33907,3
3.0461,3.8577,3
0.6311,-0.098039,3
0.020514,1.7858,3
1.4026,1.6448,3
-1.7892,4.4098,3
-0.30004,-3.5149,3
2.1328,3.4718,3
-2.7435,-3.5962,3
0.33346,-1.2905,3
-3.3876,1.8883,3
3.112,3.5898,3
1.704,2.0683,2
3.8662,-1.4863,3
1.4471,2.6663,2
4.679,2.8469,3
-0.93025,-0.20935,1
6.71,6.0577,3
-0.23727,3.7189,3
1.9323,4.8908,2
3.4355,0.91347,2
0.3318,-0.10861,3
2.6614,0.099655,3
1.6843,0.78432,3
-1.3109,4.237,3
0.64317,-1.0841,3
3.3313,2.8683,3
-1.5135,0.072155,2
-0.18254,3.0158,3
-2.3877,-0.27376,3
-0.40242,0.41389,3
6.406,2.1696,3
0.42538,2.6582,2
-0.55426,-1.3156,3
2.0534,3.7575,3
1.7307,1.1247,3
3.0645,1.5046,3
-1.7064,-4.4921,3
2.3407,2.5578,3
2.4826,-0.77114,1
2.3067,0.19138,3
3.4351,2.3605,3
-0.18051,1.8535,3
1.6437,1.2408,3
2.2801,1.8796,2
1.2846,1.5073,3
0.60954,4.0694,3
0.087241,-1.5776,3
1.1022,4.3645,3
3.3397,-1.09,3
1.7616,1.1737,3
0.3807,1.0659,3
-2.4054,0.44686,3
-1.8459,1.0794,3
-0.07795,3.059,3
4.1532,0.39631,2
2.4889,3.0835,3
-3.7569,-4.0343,1
2.8057,-2.0733,3
1.8274,0.55201,3
1.363,0.037998,3
-1.6579,2.145,3
0.60918,1.5697,3
6.3479,5.3577,3
0.39973,1.8319,2
-1.3029,-0.60341,3
3.0743,0.33808,3
-1.831,-2.1399,3
1.9037,3.07,3
1.102,0.13774,3
3.3308,0.44243,3
2.2572,-0.23243,2
-1.3147,0.78314,3
3.1713,0.35631,1
0.11026,-0.86683,2
2.2546,2.0476,3
3.0111,0.8033,3
1.1235,-2.3316,3
2.5508,4.3648,3
-1.5341,2.2936,3
-4.0853,-2.2682,3
1.7383,2.48,3
0.3938,3.8273,3
2.1663,1.6976,3
0.30813,1.7347,3
-0.50626,-2.9685,1
0.41546,-0.82412,3
2.3195,0.82267,3
4.9732,-0.17114,3
2.3456,-2.078,2
-1.2718,0.69102,3
-2.0482,-4.9898,2
-2.2267,-4.185,3
3.1298,-0.54478,3
0.24541,3.2887,3
1.9625,1.3631,3
1.1143,1.3795,3
0.91633,3.3804,3
4.2754,2.0893,3
1.8872,0.064911,3
-4.0386,0.43999,3
1.4002,0.45743,3
5.2729,2.2953,3
0.75011,1.1844,3
-3.5338,1.7671,2
1.6396,1.5383,3
-1.1345,1.1488,3
-2.4817,3.7226,3
-0.85666,1.2262,3
2.9437,0.47761,3
0.38096,0.56347,3
-2.2111,-1.7973,2
3.7133,-0.40745,3
2.6613,-1.0538,3
-4.1639,0.26889,2
-1.0828,-0.93057,3
-4.6169,-6.0859,2
1.1066,-1.9729,3
5.1426,3.7581,3
-3.5836,-1.4448,3
-1.2751,-1.1425,3
0.3805,3.167,3
4.9229,1.5502,3
-0.29479,3.1096,3
-0.98245,1.3293,3
3.1703,2.1751,3
-0.59574,-1.7901,2
2.8163,-1.9453,3
-0.23397,2.5722,3
1.9126,1.5134,3
3.1654,3.0769,3
-2.6515,3.3969,3
0.72657,-3.6335,3
1.122,-0.066605,3
6.3314,0.37085,3
0.048788,-3.1332,3
0.51608,0.39341,3
2.862,-0.32966,3
3.9478,0.012406,3
2.6632,-1.9235,3
1.2165,1.7981,3
2.4854,1.339,3
2.3535,4.7131,3
1.1841,0.25985,2
1.7672,2.7175,3
0.32823,3.2097,3
2.6168,0.20264,3
0.1119,1.8903,3
-1.2382,-0.28486,2
0.772,3.8937,3
2.8847,0.4779,3
1.3056,2.1929,3
1.0386,-1.0658,1
4.6722,2.9198,3
-0.41155,-0.50142,3
1.5255,4.5401,3
2.8522,0.99918,3
-0.67582,-1.8017,3
-2.7528,2.5851,3
-3.9992,-1.4681,3
-1.217,-1.7783,2
-3.4201,0.48302,1
0.97243,1.7083,3
1.969,4.3205,3
2.4681,1.5368,3
0.4252,-1.8424,3
3.8255,-1.7251,3
1.5188,1.0245,3
-1.1594,-1.606,2
-1.0118,3.4746,3
-0.37448,2.0429,3
-5.1836,-4.0802,2
0.069765,-3.2956,3
0.67029,2.0762,3
-3.371,-0.53585,1
0.25789,0.71455,3
-3.515,-0.025771,3
-2.7957,1.2702,3
-0.71012,-2.22,3
1.3595,3.7435,3
5.1389,1.4995,3
0.68142,0.38622,3
0.94491,-2.7202,2
-4.1708,0.62367,3
1.4503,1.6454,3
0.076316,-3.1327,2
-2.4097,-0.4529,3
2.3613,2.2398,3
4.8146,4.42,3
0.28505,2.8751,3
1.4955,0.53168,3
-1.2379,-1.9766,3
4.0951,1.1326,3
-0.1744,1.7363,3
1.2254,7.1889,3
0.17443,1.0639,3
4.1857,5.2815,3
2.3485,2.8886,3
1.7008,0.36536,3
2.0342,2.5488,2
0.94632,1.9771,3
-1.2091,0.69809,3
1.209,-0.36195,3
-1.1526,1.78,3
0.14023,3.6819,3
3.3064,3.1154,3
-0.10299,1.6881,3
2.9371,-3.3975,3
3.2568,0.047697,3
-2.3779,-2.7371,3
-2.2602,-2.758,3
1.6873,2.5929,3
1.1879,0.33214,3
-0.7333,3.9755,3
0.23289,4.0547,1
1.3281,-0.50279,2
-0.87363,-2.7352,1
-0.81239,-2.0892,2
3.0423,-0.90715,3
1.4545,-1.4197,3
-4.226,3.0572,3
3.1977,3.6726,3
-0.57126,-1.29,3
-1.2045,-0.55135,3
-1.9041,-0.17738,2
-1.5665,-0.59808,3
3.1329,1.1493,3
1.4938,3.3,3
1.5829,0.61408,3
1.479,-0.8311,3
-2.8341,3.6649,3
1.4145,1.979,2
-1.3096,3.8242,1
-2.3842,-0.19559,3
0.31222,3.208,3
3.2113,-0.34097,3
-0.6764,3.0841,3
-3.4122,-1.9711,3
0.60517,-0.39632,3
-2.4652,2.4254,3
5.181,1.8486,3
-0.78732,2.404,3
-1.169,-3.5464,3
1.247,-1.1834,3
-3.4314,-1.2128,3
-4.3667,1.8593,3
1.7312,-0.81194,2
2.0945,1.7844,3
-0.41877,0.77951,3
-0.28143,0.3285,3
-4.1511,1.055,3
1.6937,5.0168,3
-3.6983,-3.1744,1
-0.13151,3.6754,3
-0.6381,-0.80018,3
1.0036,-3.7837,2
0.10365,-2.8116,3
2.8136,5.1142,3
2.4106,2.6243,3
-0.20278,0.31972,3
2.92,0.28091,3
2.8479,-1.9928,3
2.81,0.101,3
3.7117,1.1617,3
-0.79546,-0.4468,3
3.1338,3.9258,3
2.3337,-0.53282,3
-0.71123,3.4713,3
0.82197,2.0777,3
0.85249,-2.8036,3
2.9432,5.1292,3
1.01,-0.060421,3
-0.37299,1.0091,3
0.9938,1.5659,3
4.7942,5.4235,3
1.3222,1.248,3
-1.1797,-4.9207,3
2.6757,-0.61768,3
2.6445,-1.921,1
1.1737,-2.9082,2
0.56795,-1.0363,3
-0.55043,0.10862,3
-4.6093,-4.8528,3
1.6321,-1.209,3
4.0265,0.54274,3
2.2036,1.4501,3
4.8993,-1.0851,3
0.6338,0.61299,1
-0.045568,-0.29419,3
2.8852,-1.4549,2
2.4171,1.213,3
2.2966,1.8598,3
-1.6095,1.5295,3
3.3133,4.4222,3
3.2732,-0.51849,3
2.6904,2.8549,3
2.6959,1.2342,3
-0.16085,2.0342,3
0.093633,-1.5933,3
-1.3608,2.7677,3
-0.14999,-0.94155,3
0.054262,0.23843,3
-1.8411,0.6545,3
3.1714,1.0402,3
3.7053,1.4456,3
0.075532,2.2231,3
1.291,3.0686,3
-2.9938,-0.39671,3
-1.4517,0.64361,3
0.23972,2.8918,3
4.119,1.4241,3
1.8189,0.77605,3
-0.26404,3.7137,3
4.4723,-1.4032,3
3.6741,3.1457,3
0.28959,4.5007,3
3.0606,1.1273,3
1.8221,0.15316,3
4.0374,-2.1226,3
3.2987,2.4509,3
1.6002,5.3579,3
-1.7437,-0.5739,3
-0.26265,-4.0233,3
5.5696,-0.42823,3
-0.0132,2.5293,3
3.0516,0.13217,3
1.9324,0.55382,3
0.35981,5.4202,3
2.0281,-0.35846,3
-0.27791,1.4545,2
-0.61895,2.3072,3
-1.6157,1.041,3
0.07357,0.3557,3
2.1464,0.23611,3
-0.49754,0.87924,3
-0.11573,1.9663,3
0.30364,-1.1049,3
-1.7386,0.48307,3
1.2885,2.2612,3
-1.1691,2.9734,3
-2.8056,4.4004,3
-1.0397,0.4979,3
-1.0428,3.2694,3
-1.4788,2.297,3
7.842,0.27809,2
-0.70891,0.94474,3
1.802,2.0391,3
-3.0254,2.3205,3
2.0849,0.68101,3
-2.1798,3.3985,3
3.1724,2.1295,3
3.666,1.0935,3
0.35436,2.5589,3
-0.55149,0.90637,3
-0.95835,-0.89659,3
-1.547,-0.22946,3
-3.7272,-2.7224,3
2.9159,0.83814,3
-0.35427,-0.19721,3
-2.051,-4.5597,3
0.69664,-0.91887,3
-0.0989,-0.58261,2
-0.74062,-1.5138,3
3.537,1.3232,3
-0.52135,-3.2734,3
3.9516,3.0556,3
2.2007,6.518,3
1.2369,2.879,3
-1.4003,1.888,2
-0.0044069,-0.059743,3
2.5642,1.5182,3
0.21052,1.8007,3
3.0726,2.4822,3
3.1075,3.9349,3
1.29,3.3102,3
-2.9929,-1.7454,3
0.81688,2.3029,3
3.1581,2.452,3
-1.4898,-1.6109,3
3.6164,0.34587,3
3.4247,0.32506,3
-4.4471,2.0451,3
-0.70144,2.0158,3
2.005,-0.3997,3
1.4877,0.049447,3
-0.68152,-0.73121,3
-2.0487,2.9323,3
-1.9072,1.106,3
2.486,0.47357,3
0.37354,1.9939,2
3.6717,0.91496,3
-2.5116,0.21969,3
1.1973,1.7702,3
2.7094,-1.0462,3
2.5469,1.3045,3
2.45,1.5919,3
0.97117,-2.2499,3
3.3983,-0.03789,3
-0.32254,-1.0686,3
-3.2166,-3.0504,3
-0.66806,-1.2123,3
4.6529,0.38871,3
-3.4072,-1.4087,1
-1.0004,-0.32668,3
-0.99233,1.1098,2
0.29559,3.2789,3
-1.0574,0.87376,3
1.0714,1.2153,3
1.8157,2.3632,3
-1.0703,0.74942,3
-2.339,-2.0571,3
1.1898,3.3312,3
1.7795,-2.1821,2
4.0817,-1.403,1
-2.3695,1.2971,3
4.5721,1.2119,3
1.0957,2.6515,3
7.2568,-2.5051,3
1.3172,0.41169,3
0.0098691,0.95177,3
2.1288,0.27086,3
2.2497,-0.90402,3
-0.96151,-1.8855,3
-0.63554,5.5413,3
1.3329,-4.0146,1
3.6764,-1.5605,3
0.56303,-2.9867,3
-2.0705,1.9986,3
2.8781,-0.47648,3
1.7261,2.5304,3
-4.8565,5.6872,3
0.91519,1.5206,3
-3.3003,0.031568,1
4.7022,-0.31983,3
0.56965,2.6477,3
3.3766,5.2394,3
5.3166,3.8691,3
1.4728,2.9872,2
2.8435,0.25334,3
2.7177,-1.3703,3
3.5761,-1.73,3
-2.0911,-0.82103,3
-1.4411,0.19397,3
-0.45046,1.7256,3
2.6087,-1.6974,3
-0.60266,-0.9707,3
-0.73877,-2.3098,3
0.42459,-0.61265,2
-0.44578,-3.5693,2
0.15739,-1.1653,1
4.0037,-0.3398,3
2.1346,-0.30787,3
-4.5377,2.3782,3
0.12321,1.8849,3
4.8765,3.3712,3
-0.055406,1.805,3
-0.82976,-1.5235,3
-3.3465,1.5717,3
-0.45097,0.37149,3
-2.8656,0.03674,3
4.0484,1.1235,3
1.3359,-1.32,3
3.4033,3.9063,3
3.5235,-0.18481,3
-1.2434,2.7504,3
0.009411,0.3824,3
1.3179,2.8141,2
-1.9423,4.3085,2
4.4607,0.30955,3
-3.5605,1.8153,3
3.2688,2.0503,3
1.969,3.3306,3
0.44636,-0.84379,3
3.7906,0.60289,3
2.1224,4.3725,3
3.6784,1.1559,3
0.30039,-0.14639,1
0.033155,0.94609,2
-0.71781,-0.49929,3
-1.6799,-2.3446,3
-1.2243,-1.0587,1
-2.0734,-1.3411,3
4.9988,-0.9002,3
3.1554,0.6448,3
-0.75694,3.8115,3
-2.036,-4.8209,3
0.41644,5.7661,3
0.24579,-3.5839,3
3.7843,-0.12504,3
4.0287,1.7065,3
0.78634,2.5562,3
-1.7535,1.5967,3
-0.45807,2.0086,3
-2.203,0.23082,3
1.2373,-0.34592,3
3.7812,3.2868,3
5.244,1.9519,3
-0.070482,-0.81857,1
2.1969,-2.0018,2
4.8555,-3.3127,3
-3.5295,2.7874,3
3.7023,1.2364,3
0.58845,-1.7006,3
1.1285,2.7848,3
0.71821,1.8691,3
0.71965,-2.4656,3
-2.1667,1.574,3
-0.88275,2.2969,3
2.065,1.7621,3
-2.21,2.457,1
-5.32,5.7373,3
1.6216,0.48304,3
0.52606,-4.7619,3
2.4133,-0.52372,3
-0.62904,-1.3312,2
0.49381,3.8135,3
-2.6653,-1.0718,3
3.3019,-1.3492,3
0.96591,2.1457,3
4.0807,1.6922,2
2.7712,1.6575,3
-1.1692,2.7251,3
0.92833,3.4187,3
-0.37296,2.3627,3
-0.47388,-1.5103,1
2.2243,0.48112,3
1.0439,4.6226,3
2.7993,1.9035,3
1.798,3.7121,3
-2.0544,1.3993,3
-0.24096,-4.0645,2
-0.56049,-2.6986,3
-1.6532,-1.9542,2
-0.67595,3.2703,3
1.6779,3.6314,3
2.5889,1.2098,2
0.54981,-2.1304,3
0.1444,0.64659,1
-4.5794,1.3527,3
3.5391,-1.219,3
-0.010504,0.34667,3
-3.5822,-1.4214,3
2.025,2.6106,3
-0.72166,0.066797,3
0.75993,-0.29668,3
-0.069704,1.3518,3
1.8374,3.1292,3
2.1311,6.5633,3
-0.42154,-0.42759,3
5.2901,-1.7459,3
-2.9528,-0.74515,2
2.241,-2.0916,3
0.19173,-0.85085,3
1.6349,-1.5977,3
-0.60209,-0.3525,2
-1.0192,-2.182,1
1.8114,1.1292,3
3.7811,5.2139,3
2.89,3.5006,3
-0.69152,-0.87192,3
6.8287,2.5933,3
1.8837,-1.1685,3
1.8699,2.0181,3
2.546,0.030626,3
-3.5325,2.9425,3
1.4221,2.7373,3
-3.6942,-3.1631,3
0.93926,-2.3158,2
1.7054,-1.1648,3
5.2983,-0.87245,3
4.6635,2.1647,3
1.9162,-0.45546,3
0.031553,2.7874,3
1.9286,3.9675,3
-2.0862,-0.57943,2
0.74276,2.9281,3
-0.71103,4.0074,3
-1.5966,-1.8434,3
2.6848,-0.74461,3
3.1489,2.436,3
3.8799,1.3818,3
-0.28955,-4.6466,2
-1.1605,0.83125,3
0.72183,-0.87291,2
-1.0662,4.0973,3
0.29438,0.44818,3
1.2485,-0.099346,3
2.9014,0.61764,3
6.0062,3.5157,3
-1.7333,0.49343,2
0.41229,-2.059,3
-1.5264,1.0093,3
2.9931,3.0841,3
-3.0933,0.86833,3
-0.69593,0.83566,3
3.5579,3.4111,3
-2.1033,0.97587,3
-0.40013,6.7384,3
3.1233,1.3427,3
-0.11382,1.7337,3
0.59063,1.4847,3
3.3132,3.6196,3
4.3492,2.2635,3
0.41932,0.68923,3
-4.9379,1.651,3
-1.9464,1.5233,3
2.2016,-3.8343,3
-1.5897,-0.7038,3
0.41395,0.76662,1
3.9148,1.5347,3
1.8595,1.1016,3
3.1124,0.9281,3
-1.7591,1.4855,3
0.44667,-0.55786,3
0.46721,-2.5588,3
-1.7816,2.0765,3
1.8415,-1.1597,3
1.4087,-1.0589,3
0.015528,1.2544,2
3.7407,1.0898,3
0.51307,-0.47641,3
-1.501,2.1604,3
-5.1313,-2.1442,3
-2.1437,1.3856,3
2.6507,1.8079,3
1.8195,-1.8401,3
-0.94432,-2.223,3
2.5537,7.1664,3
1.8295,0.50209,3
1.3777,-0.23455,3
2.1247,-0.29968,3
4.2344,1.9179,3
-2.9857,-0.70662,3
-3.8375,-2.6042,3
-2.6139,-1.9064,3
-1.1587,-2.6957,2
-0.38734,-0.26947,3
1.136,2.4954,2
-3.158,-1.1758,3
-2.3419,-1.4326,2
0.47022,2.6048,3
3.9284,-1.206,3
1.0361,0.96245,3
3.1212,0.30977,3
-2.2414,-1.2928,3
-1.4569,-1.152,3
1.1261,1.533,3
1.5279,4.6526,3
0.71952,6.5311,3
0.80832,-1.2221,1
0.55656,-0.88347,3
1.789,0.55043,3
-1.8919,-1.1033,1
-1.5968,-1.2416,1
3.2873,-0.14857,1
-5.2962,2.1585,3
0.039312,3.5774,3
0.032315,0.7241,3
6.008,3.959,3
0.41573,4.0149,3
2.3335,0.3498,3
0.44027,-0.82981,3
1.1185,-2.2027,3
3.263,7.0508,3
1.6253,0.40478,3
3.2445,3.0644,3
-3.2736,-0.15603,3
3.3759,1.4335,3
-1.4769,1.5399,3
0.49342,-0.10503,3
-0.48234,2.4239,3
-1.9755,0.25292,3
0.76145,0.98104,3
0.6992,-0.64662,3
2.4088,0.5045,3
3.6874,5.5672,3
-5.1713,-0.87767,2
-0.22623,-1.1859,2
-1.1571,4.0609,3
0.35493,0.17599,3
-1.96,4.7423,3
0.20059,0.19329,3
2.5424,3.8458,2
3.4934,4.9784,3
-0.74867,3.9645,3
0.13174,1.3546,3
3.1134,2.8274,3
1.7146,0.95098,3
-3.3865,-3.0411,3
2.2731,2.7963,3
1.6556,4.1465,3
-0.095989,1.7598,3
-0.64034,-1.3617,3
1.4976,2.3779,3
3.6301,0.097153,3
-2.0362,3.759,3
1.9859,-0.4958,3
2.0042,-0.80062,3
1.2607,3.6531,3
-0.85894,3.7652,2
1.1108,-2.0481,3
2.4743,-3.3531,3
1.9355,0.63208,3
0.48205,-0.9075,1
-1.6909,-0.071678,3
2.2581,3.2549,3
-2.9964,-2.1819,1
1.4248,1.333,3
2.1889,0.55028,3
-0.91385,-0.29174,3
0.8957,1.8082,3
-2.2703,-0.82283,3
0.97489,-2.0469,3
3.5417,2.7856,3
-5.083,-2.3215,1
0.11204,1.2705,3
-0.97138,-3.3443,3
-1.4094,-4.7395,3
0.49209,0.79201,3
3.8983,-0.098129,3
0.13195,2.6744,3
0.92142,-1.6548,3
-0.057,-2.8217,1
3.8263,-3.7934,3
5.3003,-0.79261,3
1.3138,1.3398,3
0.53392,-2.1513,3
-0.022207,2.3815,3
1.8349,0.67703,3
1.0117,3.0659,3
1.417,-0.038808,3
0.12432,1.0174,3
0.6187,-0.63223,3
0.60858,-0.44598,3
-0.49047,0.78184,3
-1.0281,-1.7942,3
-3.2093,-0.53307,3
-3.6045,1.0901,3
0.021231,-1.3803,3
-1.4157,-0.23023,3
-0.24836,-0.12599,3
-0.82267,1.2319,3
-4.2233,-0.75159,3
-4.2965,1.5307,3
1.5393,5.5481,3
-3.2439,-1.1061,2
2.1884,1.3656,3
2.0622,6.333,3
0.63269,0.85342,3
-1.7896,-0.050466,3
-2.2471,0.45869,3
5.9313,2.087,3
2.259,0.62539,3
4.4398,-1.1866,3
2.5189,1.5445,3
0.10677,0.65691,3
-1.4033,2.7511,3
1.8171,-1.5526,3
-1.8364,2.548,3
2.9749,-1.4767,3
3.9992,0.78326,2
-3.5577,-2.3895,2
0.93881,-0.75396,2
1.0328,-0.076533,3
4.0627,3.6232,3
0.98353,-0.7206,3
-0.59949,2.2618,2
1.1269,-0.96309,1
-1.8082,-1.6,3
1.3682,-2.7245,3
-1.4496,0.91527,3
1.2591,2.1655,3
5.0556,3.6664,3
0.44509,-1.9653,3
0.93046,1.3845,3
-1.4255,5.3849,3
1.2619,-0.038579,3
1.773,-0.69648,3
1.8153,5.5983,3
-0.30115,4.5442,3
2.4702,2.6346,3
0.68395,1.094,3
0.96699,2.1186,3
2.9745,1.6516,3
2.0855,-1.6633,3
1.9614,3.3641,3
0.25438,3.0342,3
2.9494,6.4914,3
-0.28088,-3.0712,3
-1.1932,0.059155,2
-3.2998,-3.2021,3
3.104,-1.385,3
0.39667,1.3651,2
-1.864,-2.5586,3
4.7954,-2.896,1
4.2216,0.78907,3
0.86058,0.8541,3
4.5145,1.6624,3
1.897,3.1714,3
0.86466,2.3699,2
2.1949,3.3773,3
1.2985,2.5178,3
-2.6397,1.5043,3
1.6382,-1.2664,3
0.94809,1.6427,2
0.19457,-0.69149,2
1.059,0.5421,1
-0.58103,0.84226,3
-0.42125,0.46679,3
0.28389,3.8248,3
1.0495,2.3517,3
0.96557,-1.0168,1
-3.301,-0.82056,3
0.87087,-0.90434,2
4.0852,1.8911,3
2.7591,2.541,3
-0.17993,5.3706,3
-1.5998,-2.9709,2
1.8401,2.8426,3
1.9575,-1.3157,3
4.2991,2.3499,3
4.3461,-1.5608,3
-3.0024,0.45991,3
-1.5275,0.32712,3
-0.35606,-4.0346,3
0.55559,0.27254,3
-0.62182,0.1316,3
0.362,5.7095,3
-0.5411,0.73821,3
1.8011,2.0889,3
2.2292,-0.29255,3
0.97671,4.4409,3
-0.58225,0.7803,3
1.1536,-1.2205,3
2.4894,2.664,3
-0.93411,-0.85213,3
4.632,1.4567,2
0.75142,-1.0202,3
3.6413,2.4827,3
0.40253,4.1333,3
6.1992,-0.075046,3
-0.054745,2.4092,3
4.6622,3.3312,2
1.6905,-0.36767,3
3.5105,1.0177,1
2.6259,-1.4252,3
3.1237,-1.4935,3
3.865,1.5277,2
6.3322,3.6297,3
-1.9059,-0.7809,2
0.24369,-3.7221,3
6.4182,1.9714,3
3.0172,2.617,3
2.9579,1.2391,3
-0.052741,2.7874,3
-1.2949,0.61602,3
-1.8133,-3.3189,2
2.5219,4.5444,3
-1.877,4.6881,3
-0.43143,0.59444,2
-0.21892,-0.15094,3
0.21684,3.256,3
-1.3828,4.2895,3
0.70679,2.4108,3
-2.7464,-2.1208,3
-0.6761,3.693,3
0.16636,1.4905,3
1.7215,3.6606,3
0.011557,0.1455,3
1.5894,1.824,2
-1.0223,-0.56108,3
-0.82385,1.1712,3
0.089689,0.60709,3
-1.1675,1.8997,3
1.8759,3.5525,3
-2.6546,-1.5879,3
0.79456,-0.30927,3
4.9219,-2.4123,3
-1.242,-6.5383,3
1.9596,4.8375,3
1.483,-0.10991,3
2.2838,3.4821,3
-0.673,-0.037466,3
-0.29405,-1.9781,3
1.4614,4.8176,3
-1.9143,2.6529,2
3.7713,-0.73115,1
2.5281,-0.25271,3
3.19,-0.81121,2
0.94027,5.2473,3
-1.9189,-0.86462,1
1.0887,-1.3129,3
-1.3284,-1.0748,3
6.3204,-0.51119,3
-0.22575,1.6468,3
-1.7801,-2.9545,3
0.56462,0.33608,3
0.062545,5.1036,3
4.3152,-0.042708,3
-2.3496,-1.5762,3
2.0534,0.58387,3
1.2989,0.8594,2
-2.3181,-1.4444,3
2.2612,6.1012,3
3.5659,3.2092,3
0.83903,-1.0197,3
1.891,0.65266,3
-1.0701,0.307,2
3.9081,4.1807,3
1.5786,-3.6885,1
3.3003,-2.0042,3
0.51682,3.3258,2
3.2412,1.5699,3
0.67173,-1.0674,3
0.93403,-1.3128,3
2.5256,-2.8206,3
3.8743,0.6928,3
0.32702,2.8002,3
4.4536,-0.24155,3
2.7773,2.0777,3
0.56902,-1.2212,3
2.7822,4.2672,3
0.49181,-0.20566,1
2.1701,3.3511,3
1.5166,0.084153,2
0.37689,-0.27372,3
-2.0638,-1.4572,2
1.0314,0.95984,3
1.1397,-0.58389,3
1.8303,1.6675,3
4.0911,0.10947,3
0.66683,-1.4617,1
2.4339,4.748,3
-0.67756,-1.7078,3
3.0906,3.5514,3
2.561,-0.21943,3
0.70306,-0.015153,3
1.4443,1.951,3
5.2454,2.9872,3
2.3725,-1.0629,3
1.5638,3.6266,3
2.0008,3.5992,3
3.3753,-0.9771,3
2.5869,-0.9323,3
-3.4384,-2.896,3
0.2188,1.675,3
2.5544,-0.058774,3
3.668,-1.5145,1
1.3779,0.23442,3
1.1677,2.7517,3
-2.3318,1.6181,1
4.049,0.78024,3
-2.5723,-2.1157,1
-2.2401,3.2847,3
3.2483,-1.2442,3
5.2259,3.1472,3
-0.89451,-0.71145,3
3.1632,3.0141,3
1.9173,-0.75303,3
1.2861,3.5312,3
-1.0174,0.15888,3
0.98544,0.27864,2
3.3592,4.3022,3
3.713,0.65921,1
-2.4403,1.3674,3
4.751,1.0193,3
-1.3994,1.4466,1
0.72788,-0.21755,3
-2.6826,-1.5798,3
3.278,0.48546,3
0.60054,1.1043,3
0.12675,-2.7125,2
2.3799,5.9559,3
3.4528,2.0156,3
-1.6873,-0.45679,1
-0.30859,0.21159,3
-2.1242,-0.1577,3
-2.6839,-1.327,2
3.4799,0.42437,3
-0.7944,1.425,3
-1.6203,1.1797,3
1.0036,-2.8653,3
1.5905,-2.6336,3
-0.38146,0.22944,3
0.55278,-2.1506,3
0.63994,1.14,3
3.8943,-0.17564,3
-3.0494,1.9888,3
-2.8193,-2.4615,1
-1.942,1.114,3
0.69018,-2.0807,3
-0.2358,1.0805,2
-0.77397,0.95139,3
2.7906,2.9827,3
1.0829,-0.59298,3
-2.8217,-1.8926,2
1.4165,-1.5992,3
1.6791,-1.4698,1
-1.0083,3.4967,3
-4.8325,-4.3929,1
-1.7894,2.3401,1
2.6201,0.81222,3
2.2453,0.721,3
2.641,1.8458,1
2.4858,-1.6779,3
2.425,-1.5464,2
1.8709,0.41576,3
-0.46983,0.61509,3
1.6812,-0.56266,3
-1.4457,1.4179,3
3.5376,-3.1229,3
-3.6092,-2.5597,1
5.5783,0.35279,3
2.4972,0.45319,3
-1.3101,-0.69806,3
4.1095,2.4054,3
-1.8076,0.90177,3
-0.64486,-0.58948,3
-0.47643,3.0989,3
0.6168,0.62786,3
1.9194,0.51032,3
1.5285,3.6245,3
3.6609,4.4727,3
-0.90184,3.7344,3
-1.381,1.8164,3
-0.62847,1.7002,3
0.60102,5.5514,3
1.6674,0.88381,3
-0.23616,-0.70512,3
-0.55367,2.3151,3
0.70263,-1.8453,3
0.79894,-0.1515,3
5.7123,1.0147,3
-0.1594,-0.74443,3
1.1468,-0.42954,3
0.60444,-2.2649,3
-0.36814,1.7701,3
-1.6264,1.7356,3
-0.26604,3.5245,3
0.85105,0.44536,3
0.42467,-1.2491,3
-1.2558,-1.6818,1
1.4098,-3.0329,3
0.29465,-1.8276,3
-3.1272,-1.4769,1
0.17312,-0.76032,3
-2.7168,0.94918,3
5.5831,-1.7069,3
1.3953,-0.36272,3
5.3305,3.3019,3
-0.14394,3.3364,3
1.4097,3.778,3
-0.86415,-2.7414,1
0.57798,-1.3895,2
3.4718,4.2508,3
1.6261,3.758,3
1.5058,4.2309,3
5.4498,-0.47732,3
0.20653,-1.4831,3
-1.3147,0.36308,3
0.070102,-0.82503,3
2.0163,1.7406,3
1.3595,-3.46,3
2.3325,1.4822,3
-2.004,-1.6964,2
3.699,-0.1167,2
0.35599,2.8367,3
1.6354,6.0522,3
2.691,2.0973,3
1.3824,-1.8675,3
-2.0916,0.023743,1
1.1977,-4.1219,3
4.5207,-0.75128,3
-0.3116,2.8739,3
1.7192,4.0465,3
1.2735,-0.14035,3
4.5304,0.13977,3
1.3487,-1.9959,3
1.7767,0.25178,3
-0.3373,-1.1015,3
0.3862,0.049057,3
1.4788,1.0933,3
-1.7887,2.0807,3
0.19301,5.0888,3
1.7084,3.0081,3
-0.68714,-0.44798,2
3.0445,2.1866,3
2.7041,1.065,3
2.955,3.2127,3
4.1063,-5.48,1
1.8198,2.869,3
1.6626,-1.373,3
-1.0041,2.0591,3
-1.4019,-6.025,2
4.0825,2.3421,3
2.3806,1.0093,3
-1.4472,-1.8052,3
1.9625,4.2653,3
-1.8578,-2.1047,3
0.68254,3.3925,3
4.8361,5.0918,3
-0.92102,-0.61794,3
3.5296,1.3115,3
-1.2129,0.8504,3
-2.5533,0.70614,3
-0.14497,-5.074,2
0.65707,2.2394,3
0.53104,5.0038,3
0.38735,0.29599,3
0.47972,1.7068,3
2.6145,2.3517,3
2.2138,-1.3583,3
7.0518,2.2935,3
-0.45361,-0.31612,2
0.91542,-2.0654,3
-6.3047,-0.96804,1
2.698,-0.45432,3
0.62105,2.1471,3
0.89271,5.4925,2
5.1634,1.053,3
1.9452,2.2566,3
1.7168,-0.16089,2
2.02,1.8542,3
-3.7481,-0.87215,3
2.6224,2.328,3
4.0531,-3.2864,3
0.41639,-1.8628,3
2.883,1.3001,3
1.9099,4.144,3
2.0833,-4.2151,3
-1.3119,2.4021,3
-1.4594,0.011087,3
-1.858,-0.52234,2
4.2106,-1.3522,3
3.3673,2.5102,3
0.67009,2.0285,3
2.0665,5.9043,3
0.65748,1.8907,2
2.0671,-1.0613,3
5.2915,3.3071,3
4.0166,-0.62739,2
1.4528,1.4042,3
0.24446,3.8429,3
2.8775,1.3922,2
4.3168,2.181,3
5.367,2.68,3
-1.1099,1.9689,3
-1.631,-1.6778,3
6.3656,-0.57016,3
1.4701,-2.3273,3
-1.8672,0.011104,2
0.40596,1.5792,3
-2.0867,-2.8009,3
-1.3086,-2.2745,3
4.9321,-0.78954,3
-1.6924,-1.1019,2
2.8431,0.59608,3
2.0564,-1.5376,3
-2.0176,1.3589,3
2.3877,-0.32595,3
-1.0269,0.050534,3
-3.1136,-1.2414,3
2.2991,-0.16721,3
-2.0025,-0.64085,3
6.5363,1.6188,3
1.9324,0.32247,3
2.2239,1.1376,3
-0.51741,3.4616,2
0.88008,0.94388,3
-0.18097,-0.85946,3
0.80563,1.3426,3
0.0089336,1.0146,3
1.8897,-2.8494,2
0.74553,-4.0803,3
-0.66801,1.9059,3
4.11,0.40574,3
2.7869,5.0078,3
2.7191,-1.8234,2
1.2289,0.96982,3
3.3469,6.3121,3
-2.2648,1.4456,2
-0.52644,-0.42371,3
-1.7637,0.68559,3
2.2856,-1.1011,2
1.6633,3.8093,3
4.52,2.0083,3
-0.24455,-1.0897,3
0.91096,3.6303,3
3.3509,3.4877,3
-2.4949,3.4379,3
2.2521,-1.8915,3
0.96137,-0.27608,3
2.8181,1.8091,3
2.1531,2.3686,3
-4.0871,-0.8943,3
-3.2867,-1.9909,1
0.72993,-2.8607,2
-1.4442,-1.1062,3
-3.0839,2.0199,3
2.1725,0.20061,3
-2.4155,-2.0709,3
1.2667,3.3629,3
-0.46399,-0.88388,3
0.87634,-2.1698,3
0.79294,1.5625,3
4.8507,-0.24791,3
0.58612,-2.1823,2
-0.58387,1.0251,3
-3.5297,-0.62565,3
3.252,5.1128,3
1.2655,-0.017349,2
-1.4652,-1.4363,2
4.1837,3.5471,3
2.4342,1.4247,3
-2.2196,-2.8032,3
3.9571,0.67637,3
-3.0582,-0.60551,3
-0.47014,1.4429,3
-0.050916,2.6772,3
-1.1478,-0.28281,3
-0.20194,0.9051,3
-0.30984,4.6559,3
2.2441,3.2816,3
2.5821,-1.3674,3
3.8972,3.4563,3
-0.053795,1.9483,3
1.3645,0.44701,2
0.30114,4.8173,3
2.0913,0.32044,3
-1.108,-0.30195,3
-0.33484,0.24429,3
-1.0175,-4.9872,2
4.4009,0.26354,2
-0.94046,1.1499,3
1.3068,-0.74174,3
2.9058,0.14347,3
-0.09408,-0.47578,2
-0.93678,1.8693,3
-2.5418,-1.9655,1
3.4018,4.4066,3
1.5742,3.7086,3
0.51982,0.0041396,3
6.0675,4.6783,3
1.0148,2.5084,3
4.2818,-0.95611,3
-0.74019,-1.5654,1
-4.3337,4.3229,3
4.2714,-1.0326,3
-2.6081,-3.1502,1
-0.37501,2.4196,3
2.1905,0.27257,3
-1.5779,-0.44594,2
0.19409,-2.9353,3
-2.5731,-3.4037,3
3.159,0.52918,3
-4.4619,0.712,1
-2.4702,-1.46,3
-4.3212,-2.1103,3
0.58092,-2.0101,3
-2.2848,0.20233,2
0.34443,1.0713,3
5.1236,-2.9645,3
1.8504,-0.13646,3
-0.75282,0.78658,3
4.2628,0.72941,3
1.0988,0.46042,2
-1.2837,1.2018,3
-4.2516,3.0486,3
-1.5604,0.52729,3
3.7642,-2.0929,2
6.5664,2.0183,3
3.4581,1.7803,3
3.2108,3.0674,3
0.32271,1.8489,2
0.4081,-0.75344,3
4.6309,4.6306,3
2.3223,-0.37729,3
-1.6577,3.7888,3
2.4,-1.4764,3
2.5294,-0.18826,3
3.9977,2.4944,3
0.82869,2.4216,3
0.77853,0.88851,3
0.45015,-0.85478,3
0.59793,0.606,3
4.6103,-0.54885,3
0.50241,0.93923,3
0.061305,-0.25904,3
-1.9231,1.0499,3
2.3462,0.43876,3
2.3305,1.2509,3
5.8886,3.1389,3
-0.72824,3.3021,3
-1.1155,3.9772,2
-3.6626,0.85417,3
0.072258,-0.16556,3
1.4594,3.1674,3
3.9847,-1.3822,3
-3.8642,4.1905,2
1.5192,-1.4788,2
0.19005,-0.88361,3
-2.1596,-1.0591,2
-3.1453,0.24775,3
0.70774,2.9371,3
-0.30519,0.13735,3
2.1378,0.40445,3
1.8535,-4.4542,1
-2.5965,2.5017,3
-3.2384,-0.75993,3
-1.6638,2.2193,2
1.0364,-0.17994,3
1.0908,-2.0327,3
0.70395,-1.0719,3
-0.80013,-1.0759,3
1.8127,1.8851,3
-1.5509,-4.3862,1
2.2294,-3.5639,3
3.6667,-0.26991,3
4.1543,-0.39068,3
-3.0035,0.31054,3
0.11193,-2.4887,1
1.1627,1.8237,2
-0.88563,-2.4045,3
-1.725,2.2203,3
2.758,3.0743,3
0.34403,1.9908,3
-1.0826,-0.87663,3
-2.3575,-0.20616,3
1.2406,0.26166,3
0.48473,-1.2994,3
-0.49612,0.88782,3
-0.45163,-0.44826,3
-1.3023,-1.9224,3
0.95326,2.8456,3
-3.3761,-1.6016,2
2.8509,2.5659,3
-0.65956,-0.4727,3
4.4225,-1.4185,3
-1.0576,2.0847,3
1.4651,1.236,3
0.18448,2.5169,3
0.60424,2.1059,3
-2.9073,2.2388,2
4.2949,1.631,3
0.31646,-3.2599,3
4.0065,2.15,3
0.014871,-0.49726,3
0.60373,-1.8566,2
3.6839,2.7504,3
-2.6845,-2.7044,3
1.4629,1.3737,3
2.9131,1.3996,3
1.0154,-2.8947,3
-2.1885,-2.6978,3
2.4036,-0.11754,2
-0.07754,0.89535,3
1.9258,4.1415,3
-5.5896,-2.2713,1
0.12776,-1.2074,3
-2.9633,-2.6299,3
-2.1911,-0.45708,3
3.2507,0.30819,2
1.0843,-2.0646,3
2.3812,-3.343,3
1.0395,1.2369,3
1.7857,0.12388,2
0.47453,0.8501,3
-0.30888,-0.73176,3
1.8915,6.0215,3
0.44774,1.055,3
1.6956,0.32816,3
-0.26038,-1.6252,3
-2.7152,-0.048209,2
0.014324,-1.624,3
2.2764,3.824,3
0.22172,2.1071,3
-1.854,-0.72409,3
-1.3515,-0.74221,3
0.53009,0.98463,3
2.5421,-1.6257,2
2.6163,-0.42112,3
1.1278,0.061025,3
-0.11658,0.65257,3
-0.039095,-0.73061,2
-3.6251,-1.2305,3
-0.01458,-1.4456,3
1.5218,-0.2469,3
-1.5646,-1.7548,3
-2.2843,-2.5498,3
0.04855,2.7994,3
2.4644,-1.4536,3
2.6549,-0.98187,3
0.13156,2.5181,3
3.7849,0.47561,3
1.6396,3.8162,3
-0.35221,-0.35105,3
3.8649,3.3654,3
-2.172,-5.4111,1
5.4864,3.2779,3
2.4265,-0.38857,3
5.0348,7.8713,3
-1.8939,1.1401,3
-1.8804,2.0835,3
2.1187,3.6028,3
1.5422,1.6799,1
5.6799,3.3081,3
0.61464,0.42561,3
3.9399,-0.48746,1
0.61678,-0.34457,3
0.96908,-2.5331,3
-2.0592,3.989,3
5.8428,0.88507,3
-2.8839,0.46728,3
-0.78924,-0.04916,3
-0.65101,3.2319,3
1.793,-0.15544,3
-0.54775,0.73435,1
6.4237,5.3236,3
0.51938,3.0907,3
-0.84008,-1.2741,3
2.5092,-0.83499,3
1.7141,-5.5284,3
-2.0813,0.22466,3
-0.73496,-2.6784,2
-0.72469,1.6512,3
-0.17372,-0.18517,3
-0.63802,-0.67109,3
0.91515,-0.0062625,3
0.498,4.0824,2
-0.19478,-1.5181,3
0.85649,1.4174,3
0.26285,2.504,3
0.61426,2.1904,3
4.8657,0.95491,3
3.5178,4.6152,3
0.58756,1.8496,3
-2.211,-0.98119,3
2.2158,4.3061,3
1.9037,-0.8576,3
2.1777,0.70824,3
0.44518,3.4625,3
-1.2747,3.8781,3
1.5828,1.0019,2
-0.67824,1.9311,3
2.531,-1.2417,1
5.6569,-0.60102,3
1.8985,-1.781,2
-5.3156,-0.78756,3
-0.44433,0.6683,3
-0.78497,1.6991,3
3.4688,-0.01923,2
0.074484,-1.7919,2
3.6423,-1.4142,3
-2.8054,-0.35527,1
1.5542,-0.85565,3
-4.2484,-0.36448,3
3.8444,0.41927,3
-0.35882,0.33056,1
1.3058,4.4838,3
2.796,1.7577,3
-0.7413,-0.73231,3
0.87319,0.88404,3
4.6271,0.088238,3
2.2625,2.1097,3
0.99715,1.0912,3
4.0544,4.4004,3
-1.2365,-2.8731,1
-2.378,-2.131,3
-0.12112,-0.65395,2
-0.15475,2.6149,3
-2.6162,2.7115,3
0.25167,2.0795,3
3.3999,3.6384,3
3.0805,-0.45936,3
2.2048,0.74226,3
-2.6599,-0.11093,3
2.1344,2.2086,3
5.4991,-0.17295,3
0.88271,-0.93749,3
2.8666,1.9406,3
-0.20286,1.622,3
-0.95187,4.8684,3
-2.9144,3.9722,3
1.0599,0.95268,3
0.052491,1.2142,3
1.4252,2.7757,3
-0.25814,2.5114,3
2.7529,3.4878,3
2.1832,1.6698,3
0.46517,-2.464,3
-1.404,-5.33,3
-1.0243,-0.060704,3
3.09,-1.1314,3
1.1107,0.41592,3
1.487,2.2015,3
0.43241,-0.3079,1
-2.3444,0.8853,2
2.7735,0.22021,3
2.0433,0.23407,3
-0.77195,-0.2436,2
1.8637,-1.0054,3
1.0253,-1.4212,3
1.4615,-2.4502,3
0.70328,-1.9167,3
4.8048,-0.45353,3
1.6667,1.7296,3
1.3133,2.5511,3
4.8518,0.48322,3
-1.3658,0.45772,3
1.6488,0.73005,3
-7.0343,-1.3181,3
0.20798,0.15974,3
1.6354,3.8075,3
-3.1037,0.65644,3
1.5201,2.0723,3
2.2298,0.50121,3
-2.4009,0.39734,3
-1.9101,-0.51751,3
1.258,1.8554,3
-2.279,-0.5049,3
0.44694,0.94992,3
2.7045,1.7259,3
2.3137,3.2134,3
0.037936,6.106,3
-0.42233,4.04,3
1.187,-2.4866,3
-0.61429,1.4376,3
0.06376,-1.8982,2
-1.1336,1.6188,3
0.22442,0.21323,3
-1.038,1.4584,3
4.8162,0.88267,3
2.4995,-0.95507,3
-2.9737,-2.2041,3
3.3287,3.9276,3
0.42856,0.45486,1
0.3845,3.7688,3
-0.51507,-0.99751,3
1.791,0.66749,3
0.2961,0.33835,2
-0.80076,-0.96444,3
0.15565,2.1316,2
2.8913,1.9106,3
2.9579,3.2564,3
0.051369,0.24365,3
0.049854,-0.23613,3
0.2745,0.70451,3
2.8703,0.31484,3
-1.8547,-0.96057,1
-0.63342,-0.58518,3
1.407,2.0167,3
3.6373,0.1717,3
-0.34087,0.57346,3
-1.6272,2.7204,3
4.7479,0.98392,3
-3.8489,0.76956,3
2.0819,2.3487,3
-2.2165,2.6054,3
0.3505,3.0998,3
3.806,1.7404,3
-2.6294,1.0847,3
1.8619,-0.99362,3
1.7519,0.022213,3
0.17361,-3.3275,3
0.19915,4.8104,3
-0.084281,0.51411,3
0.252,0.95818,3
-0.5079,-3.0875,3
4.5978,2.8479,3
3.3918,7.1069,3
-0.7967,0.61892,3
2.1049,5.102,3
0.20572,-0.38168,3
1.2071,2.4029,3
1.5847,4.7004,3
-0.67746,0.029832,3
0.37939,2.2681,3
-1.4281,-0.62886,2
1.7872,-3.417,3
0.46136,-3.1131,3
3.8801,1.0101,3
0.99352,0.75466,3
1.6342,2.0776,3
-1.4246,0.91063,3
0.61383,-0.34366,3
-0.90165,-0.8081,3
0.45727,-0.67787,1
2.3877,2.4804,3
0.43554,1.6522,3
2.4911,-2.5064,3
4.4777,-1.6233,3
-2.7067,0.96734,3
3.0648,2.275,3
-1.683,3.4339,3
-0.85721,4.4705,3
0.13483,-2.3627,3
-0.32439,1.031,3
2.826,2.8106,3
-1.5148,-3.6621,3
-0.23904,-0.40494,3
-0.86671,-0.83845,3
2.7258,2.1254,3
-1.3323,5.4238,3
-0.002896,-0.22425,2
2.4909,-0.25054,3
-0.6343,-3.583,3
2.122,-1.517,3
-4.5647,1.0119,2
0.34804,-1.1968,3
-0.30887,-1.901,3
-3.8716,0.99588,3
0.81207,0.20902,3
0.49212,0.83906,3
-0.80197,-1.6422,3
2.8526,0.56367,3
0.46923,-0.80847,3
2.0301,1.464,3
2.1641,-0.97027,2
-1.331,3.9794,3
0.0015154,1.061,1
1.5086,-0.58393,2
0.22292,3.3487,3
3.0101,3.9172,3
2.2944,4.2022,3
0.20442,-0.30717,2
-1.4018,-1.0699,3
1.2374,3.997,3
0.35387,-2.7114,3
-1.1092,-4.274,2
3.0389,-2.3218,2
0.09878,1.4285,3
-0.91721,-1.9638,3
-1.8834,-0.54163,1
-0.34906,-3.1203,2
-0.052139,0.010928,3
2.9166,-1.3622,3
-5.485,3.3856,3
1.7903,0.64094,3
1.851,-1.6226,2
3.0295,-0.26009,3
0.81944,3.0171,3
1.3873,-2.9192,3
4.4679,1.2136,3
-0.46912,-1.8342,3
0.58391,2.8881,3
-4.2378,-4.075,1
1.3269,1.7153,3
-0.57753,3.1517,3
2.3576,2.9356,3
-0.18804,4.2744,1
-0.24986,-2.3454,2
4.2385,3.0065,3
1.346,0.9803,3
4.5232,4.2275,3
0.085342,4.894,3
0.6105,1.803,3
-2.6687,-0.24355,3
1.2935,-0.16593,3
2.2052,1.1567,3
-1.4289,2.1099,3
-2.0478,1.4944,3
0.27534,0.60364,3
-1.0985,0.92434,3
-0.57872,1.4694,3
3.5025,1.8592,3
2.3426,1.9781,3
1.1526,2.877,3
-2.9101,-2.11,3
-2.3227,0.3215,2
0.17308,0.44824,3
-0.081492,0.12841,3
-0.11413,1.5451,3
3.5227,-2.0612,3
-4.0673,0.44528,2
3.8015,-0.35225,2
3.2502,-0.71745,3
1.2496,-0.35545,2
-1.6793,-0.56737,3
-3.6172,0.44606,3
-0.79003,-0.0033991,2
0.83692,4.2116,3
2.3907,1.651,3
3.867,-2.2671,3
2.1036,0.80933,3
0.6138,0.50408,3
0.2714,3.2622,3
0.50266,4.2863,2
-3.1175,-3.9863,1
0.75893,-1.3801,3
-1.2715,0.43335,3
2.2081,0.053708,3
0.21368,7.1276,3
0.73129,3.8187,3
1.5073,0.18573,3
0.14224,-0.083518,2
-0.16425,1.4154,3
1.4439,2.5627,3
-1.5674,2.8031,3
-2.2192,-1.2766,3
1.5108,-0.59517,3
0.17472,-0.30492,3
2.0196,2.5652,2
-1.8483,1.5285,3
1.0936,-0.58375,2
4.4146,4.6716,3
-0.25074,0.15217,3
-2.1903,1.0365,3
-0.38149,3.7441,3
3.6938,0.032503,3
-1.0319,2.067,3
1.7454,-0.087016,3
4.1786,2.9319,3
2.1104,2.6772,3
-0.62246,2.0493,3
-0.43382,-1.0017,3
1.9171,0.36048,3
1.5517,0.53815,3
-0.46798,-1.8829,3
-0.37413,1.8317,3
-1.0865,1.114,3
1.6935,0.52697,3
-2.1095,2.4917,3
1.0389,2.3239,3
-1.298,2.8426,3
2.0375,0.82961,3
-3.1563,3.7475,2
-3.6678,-2.2068,3
-0.42037,-0.62282,1
1.3878,-0.088078,3
-0.42694,-4.0853,3
3.895,1.4213,3
5.6313,-0.46749,3
1.8375,3.4472,3
-0.4578,4.3259,3
-2.8486,-2.3419,1
1.2654,1.1034,2
0.72092,0.2482,3
1.0038,2.1987,3
1.6663,3.0943,3
2.539,1.2889,3
2.0348,2.9097,3
-0.40366,2.3792,3
2.0613,3.8925,3
0.88386,0.19603,3
2.7592,-0.45714,3
0.62863,1.5485,2
-0.84737,2.9463,3
-3.8064,-2.3122,3
1.4608,1.6471,3
1.4123,3.9558,3
1.0683,0.42536,3
3.3678,0.59767,3
-0.72726,0.37192,3
-0.16217,-3.4707,2
0.37399,1.7508,3
1.5372,3.0945,3
2.4579,4.751,3
5.6898,2.1613,3
0.50523,2.9271,2
1.4016,4.0237,3
4.4117,1.0086,3
0.61708,0.99205,3
-2.2516,-0.26604,3
-1.3986,-0.062003,3
0.54173,5.1565,3
-3.6002,-1.0099,2
1.1557,3.804,3
-1.0918,-2.0385,3
3.9769,-0.27137,3
0.0036639,3.7083,3
1.1293,0.41252,3
-0.48383,2.6922,3
2.4255,4.1611,3
2.5957,-1.8301,3
6.453,1.2958,3
-0.94957,3.5882,3
1.7684,3.4792,2
0.85214,-5.8089,3
-3.6931,0.30526,2
1.4424,-1.4384,3
3.1626,2.4062,3
0.19229,-0.87257,3
5.2982,3.3699,3
2.6608,-0.20932,3
2.607,5.5594,3
-2.3313,-1.3906,3
3.7495,2.5152,2
5.3849,1.6926,3
1.8107,2.32,3
0.57448,-2.2992,3
3.4409,0.87947,3
0.83179,-1.9602,3
-2.5188,0.03309,3
2.1324,-0.92299,3
0.10325,0.09317,3
-0.27602,1.9859,3
1.8957,4.3736,3
-1.1265,-2.2376,2
3.6663,1.4054,3
1.5417,1.1041,3
3.4415,0.70898,3
2.555,1.769,3
1.3039,2.258,3
4.4192,1.1847,3
-2.4839,0.76798,3
0.975,0.59881,3
1.2515,0.48666,3
-0.63514,0.25075,3
2.0837,-1.9686,3
4.2359,1.9215,3
3.2296,-1.9451,1
-1.1323,1.5382,3
1.6854,-1.0351,3
-0.56782,-0.50779,3
-0.89351,0.28529,3
0.90056,0.093593,3
-1.4211,-4.0935,1
3.0287,0.18002,3
0.14902,-2.7425,3
2.8556,1.9719,2
2.4095,-0.80331,3
-0.98925,2.5076,3
-0.99193,0.15756,3
0.56126,-1.509,3
-2.4191,0.35294,1
-0.069601,1.8626,3
0.90945,0.090824,3
2.4992,5.7479,3
-0.35035,-0.81068,3
2.335,-0.52924,3
1.7397,-2.3417,3
-0.21657,0.030364,3
2.9441,3.3331,3
1.9119,-1.969,1
-1.2531,-2.2415,3
-0.69288,2.0863,3
-0.40692,6.0112,3
0.14976,3.5167,3
3.6154,2.5138,3
0.6777,0.019924,3
-3.0376,-1.6386,2
-4.6893,-3.8825,3
1.0615,-1.2754,3
1.1121,2.4854,3
-1.3157,-0.57268,3
0.7953,-2.2608,3
-0.64768,-1.1714,3
0.95063,1.9641,3
5.5151,0.53602,3
2.1984,-2.3536,3
0.57987,0.90853,3
4.8221,2.9493,2
0.50949,0.26935,3
2.42,1.8934,3
-2.3271,1.3489,3
-3.2196,1.2027,3
-4.7649,0.96711,3
-2.3186,2.7316,3
5.8267,-1.8547,3
0.88411,2.7393,3
0.55475,-0.80642,3
4.6891,-0.64903,3
2.119,3.3087,3
3.8442,2.566,3
1.4188,-2.9483,3
0.26803,-0.34572,3
2.0128,3.0817,3
1.5073,-0.39354,3
-1.8363,0.20538,3
1.2152,3.4335,3
4.7824,0.31877,3
-1.5046,4.0395,3
2.1064,4.9852,3
4.5205,1.7751,2
0.48733,2.6354,3
-0.44791,0.91234,3
-0.087991,0.28688,3
4.4055,-1.0969,3
4.0029,4.1072,3
4.629,3.1589,3
-0.053366,-4.8511,3
-0.61907,-1.2764,3
-0.19788,-3.5424,2
2.6094,0.99788,3
4.8797,5.6544,3
0.90123,0.84243,3
0.45896,0.66483,3
2.0338,3.1997,3
1.7912,4.7824,3
-1.2143,0.67702,3
-0.0079283,-3.9213,2
-0.32253,-1.0978,1
3.1005,1.2786,3
2.5988,1.1102,3
0.89055,4.2602,3
3.9274,2.8225,3
-0.439,6.1179,3
2.0695,-1.7407,3
1.3035,1.1437,3
4.3349,1.1509,3
-0.77432,0.86847,3
1.6973,3.7443,3
-0.15853,-0.60604,3
-0.11709,-1.6747,3
1.4833,3.9417,3
-1.9481,0.99756,2
2.6336,0.48873,3
-4.2411,1.0054,3
-1.57,-0.99861,3
2.155,0.44607,3
-3.4157,-2.0728,3
-2.3922,-1.0024,3
0.47141,0.17766,2
1.0313,4.3285,3
-2.1229,-1.3536,3
1.9688,2.4683,3
0.38596,0.88105,3
-1.2989,2.6493,3
0.045978,-0.91477,2
1.284,-0.3021,3
0.13841,0.36618,3
-2.3696,7.6868,3
3.3448,2.7126,3
-1.1773,3.4999,3
-2.7977,-1.8331,2
-0.88386,-3.4922,3
3.219,1.8438,1
-1.1019,-0.098942,3
3.9075,3.7882,3
1.2032,0.052429,3
-1.0757,0.68231,3
-3.1031,2.5035,3
2.9277,-1.6288,3
-1.0055,3.2878,3
-2.232,-1.0662,3
3.5215,2.2813,3
-0.45513,3.8311,3
0.22206,3.3108,3
3.1024,2.2378,3
3.1024,1.4918,3
3.188,-0.41642,3
2.9418,2.0459,3
-2.3801,-1.4232,1
1.2414,2.3642,3
-3.4331,0.92149,3
0.50475,-0.27265,3
0.70872,2.7015,3
1.7705,4.273,2
2.0417,-0.41616,3
2.6882,2.3025,3
0.33956,0.5373,3
-2.1807,2.7068,3
0.88023,3.976,3
0.16201,0.68049,3
-0.49021,-1.2616,3
-2.13,-0.0855,3
4.074,-2.693,3
0.59066,-2.8172,3
0.096898,0.64304,3
-0.593,-1.2851,2
3.9805,-1.408,3
0.73172,-3.4078,2
1.4709,0.95726,3
-2.3663,-1.0368,2
0.076892,2.164,3
2.3414,2.1005,3
4.526,-0.35122,2
4.3193,4.9846,3
-1.2223,-0.32813,3
-1.59,-2.8524,3
1.6715,0.38586,3
2.0961,1.577,3
2.1732,2.0638,3
3.846,1.737,3
1.3731,1.5083,3
-2.3587,-0.71387,3
3.4039,1.219,3
0.66249,3.1511,3
2.0845,-0.45797,3
0.63656,2.9794,2
-2.9101,-1.4863,1
0.90247,-0.64134,3
3.7865,2.1003,3
1.4449,-0.66598,3
3.0457,0.80849,3
1.4304,0.057058,2
0.8247,2.2404,3
4.3357,0.66611,3
-1.4217,0.13682,3
0.83404,1.3802,3
-2.043,0.55367,3
-0.51538,-2.7151,2
5.795,2.6036,3
-5.4718,0.4534,3
-0.50395,3.5749,3
2.4804,0.59254,3
-2.5764,-1.8554,2
2.0455,2.1399,2
1.7641,0.56586,2
-1.0401,0.70527,3
-0.77026,-2.0105,3
2.0189,-0.16665,3
-0.66965,3.293,3
3.8286,0.5485,3
3.6434,2.3473,3
0.33765,3.0947,3
-0.69889,0.74603,3
1.6593,3.8726,3
1.8531,5.1571,3
2.244,3.5959,3
0.2269,1.2493,3
0.50483,-0.12525,3
1.6167,0.71603,3
-0.28091,-2.9451,2
-1.752,1.1148,3
-0.47421,2.2304,3
-0.18826,-0.76414,3
0.78453,1.7813,3
3.3298,-0.86532,3
-1.7808,-3.9837,3
-1.0097,-1.9668,2
3.1783,-2.972,3
-1.7394,4.2662,3
1.209,-0.89181,3
3.4727,3.3899,3
-1.7486,-0.82392,3
0.33062,1.328,3
-2.0097,-3.0359,1
2.4422,-0.97962,3
0.86804,0.17715,3
-2.1546,-1.0849,2
-2.0197,-0.90927,2
-1.3244,-3.5544,3
1.2749,5.2203,3
1.0232,0.98676,3
1.7729,2.0021,3
1.384,5.2719,3
-2.9655,-1.1838,3
4.6935,-0.55389,3
2.7299,6.484,3
0.68103,5.2546,3
-2.5723,-0.3273,3
0.60591,-0.89938,3
2.3502,1.4422,3
0.061519,-1.2392,3
0.20669,6.6962,3
-0.049209,0.5145,2
-1.0187,-4.6416,2
-3.8377,2.5578,3
2.0555,3.5957,3
1.728,2.9206,3
5.0248,2.3653,3
3.2963,1.0072,3
2.4396,1.1124,3
-1.7486,3.208,3
-1.5523,-1.3183,2
-2.9887,0.96084,3
6.5334,4.4178,3
-1.8471,1.1896,3
-2.8871,-0.87005,1
4.2296,2.3793,3
4.6704,1.377,3
0.11628,-1.437,3
-0.55989,-2.1282,3
-2.9495,2.1952,3
-1.5427,3.9296,2
1.5565,4.1217,3
-0.010552,-2.4243,3
0.50303,-0.21496,3
1.8719,3.7134,3
1.9317,-0.12172,3
4.2193,5.6504,3
0.49826,-0.53541,3
-2.0682,-4.1795,3
2.4928,5.9279,3
-0.57059,1.1753,3
1.0332,-2.0805,3
-1.6839,1.8167,3
1.2475,1.7146,3
3.0688,0.19623,3
2.9095,4.5165,3
6.0441,3.0763,3
2.8164,-0.40945,3
3.2125,0.52346,3
3.2047,-0.75865,3
3.0827,1.1631,3
-2.5732,-1.0464,1
2.554,0.76602,3
-2.0967,-0.93811,3
-3.607,1.1709,3
-0.68786,-0.32337,3
-1.7578,-1.177,3
5.9446,3.1854,3
-2.7802,0.99424,3
2.6368,1.653,3
-1.3307,-2.3453,3
-1.0299,0.23826,3
-0.26844,1.4852,3
5.8559,0.30563,3
1.1138,1.7306,3
0.1823,4.4631,3
-1.2565,1.5838,3
2.3472,2.504,3
0.63711,2.8387,2
-0.66251,3.6347,3
5.5453,1.7301,3
0.89654,6.1188,3
0.92655,1.0238,2
-1.07,-0.61869,3
3.0984,-1.7009,3
-0.96581,-5.1566,1
2.311,1.0901,3
1.209,1.2515,3
3.555,6.5035,3
-1.1199,0.88682,3
-4.1017,2.1564,2
-0.97157,1.5385,3
1.7755,1.7674,3
0.19709,1.0502,3
0.11691,3.6178,3
1.7537,-0.096468,3
0.30972,-0.65472,3
-1.7307,-3.4903,3
2.5352,3.0704,3
0.96915,1.7877,3
-1.001,0.34865,1
0.71639,0.74917,2
3.5486,0.45638,3
0.50557,1.2505,3
-1.2872,0.0086459,3
2.3089,-0.23572,3
-2.0106,-2.5388,2
1.703,-1.2511,3
-1.316,0.37023,3
-0.11749,4.1457,3
-2.8983,2.1458,3
0.64228,-0.73934,3
0.36299,3.9717,3
2.9768,1.8118,3
4.2029,1.3533,3
-4.3562,-1.078,2
-0.39293,1.0875,3
3.9496,-0.76338,3
1.4839,4.5168,3
1.1613,4.8623,3
-0.7842,2.6018,3
5.5066,1.2345,3
0.15374,2.1413,3
-0.71085,-1.3425,2
-5.1336,0.38322,3
-1.2678,-0.23725,3
0.2913,0.25522,3
1.4904,0.070532,3
-3.726,-3.5275,3
-2.5011,-1.0049,2
5.0333,-0.25957,3
2.917,3.0409,3
1.7373,3.2748,3
-0.94913,-0.62002,2
3.0094,2.8403,3
0.26309,2.1736,3
2.8743,-1.5269,2
2.0546,2.0551,3
-1.2021,1.1588,3
-0.49896,2.7794,3
1.2732,1.9122,3
0.49069,0.19424,3
-1.2027,1.4756,3
4.3464,-0.4294,3
0.016059,1.9222,3
0.26014,0.90198,3
0.030929,1.1614,2
-1.1678,-3.3738,3
-1.915,-1.8575,3
1.4672,1.4789,3
2.6561,2.0466,3
-1.4302,0.96745,3
0.95019,0.036231,3
-0.93403,1.6501,3
0.9185,1.0571,3
-1.4891,2.9929,2
-3.1421,3.601,2
0.2438,-1.4646,3
-0.81153,1.5646,1
-0.33875,3.9263,3
-2.7914,-0.15164,3
0.97869,1.1987,3
0.17441,-1.4565,3
0.57887,5.4228,3
2.7318,3.4923,3
-1.6667,-2.4793,2
1.4,6.0634,3
3.47,1.5934,3
-5.1049,3.0743,3
-0.64632,-0.09087,2
-0.089044,4.523,3
-1.891,1.2045,3
1.3616,3.1336,3
0.69961,0.85235,3
3.2162,-1.5521,3
-2.0133,2.605,3
0.69656,0.90638,3
3.6224,-1.3932,3
0.3966,3.4337,2
2.8442,7.78,3
0.00034492,-1.4408,3
1.0334,-1.3632,3
6.4336,2.8378,3
5.6521,1.8143,3
4.6277,6.2179,3
-3.0115,1.2887,3
-3.5251,0.71083,3
1.2874,-2.7406,2
-0.3247,-1.9996,3
2.5728,-1.6201,3
0.81483,2.7171,2
1.6015,-2.6237,3
2.1533,-3.5404,3
1.1877,1.5435,3
-1.4771,2.6248,3
-1.6397,3.2462,3
-4.8781,-2.0663,1
4.6393,-3.4761,3
3.8439,4.7974,3
-3.5539,0.53741,3
3.1389,-0.99077,3
1.3832,2.2539,3
0.98588,-1.3,3
2.4097,-1.4762,2
1.7102,-3.1711,3
-2.6417,0.12852,3
0.69923,-3.482,3
2.4778,0.98006,3
1.009,3.7353,3
1.7827,-2.1529,3
0.40788,-3.2372,3
5.5581,1.7004,3
-0.91586,1.6031,3
-3.0679,0.80651,3
2.4053,-1.176,3
-0.43418,-1.1395,1
-1.0494,-3.4621,2
0.86558,0.45966,3
2.0285,-0.3776,3
1.6722,-3.4764,1
3.4547,-2.335,3
1.9922,2.9964,3
-0.20786,0.79043,2
3.7307,1.3118,3
5.4156,0.20305,3
-1.2673,0.81689,3
1.1819,-0.10063,3
-1.3661,1.8795,3
4.9232,1.1315,3
-0.78804,2.4042,3
-1.7491,0.48794,3
2.5872,-2.226,3
0.49552,0.9109,3
-4.7561,-0.5852,2
-4.6956,1.2255,3
0.65432,2.7991,3
0.3271,3.2581,3
-4.52,-1.1519,3
3.0971,2.6721,3
-0.55891,1.4101,3
-3.0447,-0.7278,3
3.0077,4.4545,3
1.2039,0.26171,3
5.5033,5.1007,3
-0.47927,-0.89578,3
0.72174,-0.31253,3
7.5203,5.2012,3
1.0153,-0.16553,3
0.30815,-2.0706,3
-1.982,-0.41944,3
-0.040167,0.60407,3
3.9132,-1.536,3
4.2147,4.586,3
-1.2067,1.1816,3
0.82526,3.0345,3
-2.468,-0.2614,3
3.331,0.19472,3
1.2544,-3.1943,3
2.1966,3.7397,3
-0.37689,0.11554,3
0.31786,2.1665,3
-0.51897,3.8859,3
-0.28279,-1.7077,3
2.8356,4.0614,3
4.2207,0.64816,3
-3.229,1.1179,2
2.7642,-2.7764,3
-1.5769,-1.9883,1
0.56173,0.091297,3
0.55704,0.31622,1
1.4448,0.81589,2
-0.27301,-1.9758,3
1.3145,3.1223,3
-1.619,-1.7887,3
-0.89791,-2.6587,3
2.488,2.3251,3
-3.2653,0.057888,3
-3.7923,-2.2667,3
2.9356,2.2188,3
3.1841,1.6012,3
2.2443,-2.4664,3
-2.4226,0.012058,2
-0.91298,-2.799,1
-0.8358,0.47393,2
3.758,-0.93429,3
-3.4897,1.7385,3
1.0118,0.64081,3
-1.0265,-2.0484,3
3.5719,-2.7601,2
3.064,-0.19383,3
3.5372,-1.4751,3
1.2568,1.5846,3
1.9017,2.6705,3
1.7684,1.8708,3
-1.5132,-0.076207,3
0.46201,0.2087,3
1.7814,-0.63045,3
-2.4176,1.1564,2
2.5954,5.8024,3
2.9403,1.1211,3
3.9779,1.9608,3
0.263,0.72866,3
2.1587,3.8978,3
4.5726,2.809,3
1.075,2.9683,3
5.4384,4.9982,3
5.444,3.8429,3
2.0593,3.1264,3
-3.9348,-0.17806,3
4.4272,2.8772,3
-2.4404,-0.042917,1
2.7537,0.20393,3
-3.9338,1.4445,3
-1.2199,0.61421,1
1.689,0.071403,3
-1.1927,1.3338,3
-1.6497,-0.10088,1
-0.059814,1.0727,2
-0.58513,0.67928,3
-1.1942,-1.5178,3
0.79036,-2.723,3
-1.6108,1.9483,3
2.6926,-2.1631,3
1.1661,1.3045,3
3.0386,0.37746,3
-0.91869,0.81434,3
2.2616,2.6656,3
-0.46445,3.0672,3
1.7735,1.849,3
-1.4332,2.3403,2
0.36705,-2.1335,2
1.7787,0.97273,3
2.7085,4.1858,3
-0.2705,1.0392,3
1.9521,0.044703,3
-0.90259,1.7128,3
2.7131,1.7112,2
-1.1512,-0.80488,1
0.74983,3.7308,3
-1.0203,-0.60417,3
-0.10429,1.7142,3
-2.4469,-0.0058954,3
1.7154,1.5319,3
0.054233,0.12965,3
-2.5438,-3.1895,3
3.4197,3.8264,3
-0.19997,2.4863,3
5.1185,1.1963,3
0.10832,3.985,3
0.29378,3.3289,3
1.6899,-0.424,3
-1.2145,1.4211,2
-0.5016,2.6067,3
-0.60506,0.42402,3
5.5683,-1.6011,3
3.1881,-1.2286,3
0.6826,-3.0833,3
-1.0562,1.8085,3
-2.9981,-2.7078,2
1.2497,3.5863,3
-4.2371,0.11964,1
3.5047,1.9629,3
1.2859,-2.2402,3
1.7597,0.63846,3
0.55447,0.057867,3
0.53296,0.58819,3
2.7811,-0.021861,3
3.2125,2.8112,3
0.52518,-3.0737,3
3.7979,2.1834,3
-1.4372,-1.3349,3
0.75889,2.4653,3
-0.69314,4.8459,3
2.2322,2.0106,3
5.8049,2.2151,3
1.3508,0.65955,3
0.83321,2.7103,3
-0.1277,-2.7058,3
-0.75241,0.52633,3
-1.2307,1.1893,2
-0.29659,-1.405,3
6.7463,-0.41005,3
4.3079,2.1396,3
1.8931,1.7896,3
0.081471,3.4465,3
5.3743,0.70959,3
5.2996,3.4449,3
2.3946,3.4515,3
4.4968,-0.72106,3
0.52242,2.4346,3
1.5462,2.9249,2
-3.0789,0.035232,3
0.95883,0.42642,3
-1.9109,1.5288,3
-0.83889,-2.7335,3
2.7423,2.1945,3
2.0448,-4.5202,3
1.1392,-0.52952,3
-1.2413,1.1282,3
2.0183,0.472,3
0.1288,2.3384,3
4.2363,-0.10486,3
-1.9631,-0.21497,3
2.364,2.41,3
2.5387,0.77153,3
-1.5284,2.7378,3
-1.0114,-3.6051,2
1.7908,-0.94278,3
3.8023,0.98166,3
1.4942,-0.43643,3
-0.35527,0.56023,3
-1.0359,1.6818,3
1.9118,4.2308,3
-2.0117,-0.060532,3
1.8685,-0.61528,3
-1.4648,-0.6411,3
2.3921,2.9002,3
-0.46443,-1.3349,3
-0.99908,0.57501,2
3.4367,3.1119,3
2.9236,1.1253,3
4.3383,2.1659,3
1.5142,-0.70233,2
-0.46725,-1.9402,3
1.1972,3.5129,1
-0.62902,-2.2922,3
2.9624,-0.47818,3
-1.5437,0.68216,3
0.113,1.5865,3
-0.95177,-2.8535,3
0.34868,-5.2906,3
3.6594,4.5871,3
0.77785,2.806,3
-4.8335,-1.5381,3
1.3289,3.1226,3
-1.1816,-2.5303,1
2.3146,2.1247,2
-1.2119,-0.017748,3
2.5193,2.5001,3
4.0573,4.8478,3
-0.52877,-0.25419,3
0.67205,2.863,3
-0.23822,3.1043,3
-2.8224,-3.0222,3
0.84999,3.1694,1
-1.3554,-2.1468,3
0.9019,-2.2017,3
3.1131,-0.41292,3
0.80133,4.0365,3
1.134,2.5173,3
4.4734,0.38307,3
-0.14663,2.5249,3
1.1657,2.5861,3
-0.79009,2.2347,3
-3.5912,-2.2429,3
2.9348,2.0094,3
-1.7021,-0.73607,3
0.56609,2.1124,3
2.2485,1.613,3
1.6352,0.48593,3
-1.4803,-1.4547,3
5.1199,2.0465,3
-0.72202,-1.6457,3
5.2565,-2.5561,3
2.499,1.9942,3
-0.41553,0.88654,3
-1.2543,1.0802,2
2.2658,-0.45076,3
3.4457,-1.7576,3
0.046176,4.3679,3
-0.033425,2.1088,3
-0.95384,-1.9418,3
1.2546,1.1234,3
0.58832,-0.26291,3
-2.4297,-1.0606,3
0.76045,1.151,3
2.7758,4.8619,3
1.4801,2.8524,3
0.60814,1.6944,2
-0.41332,-1.5033,3
-0.8679,1.3544,3
-0.027185,2.0756,3
4.9017,3.2207,3
0.42224,2.0822,3
-2.1799,-1.7276,2
3.8985,2.0699,3
0.67141,0.38873,3
-1.2532,2.0598,3
0.5394,1.7264,2
1.5081,-0.58859,3
-0.59269,7.0116,3
2.8167,-2.5119,3
-1.5478,-0.44708,3
1.0413,-0.56133,2
-2.6809,3.1048,3
1.0466,2.3947,3
2.103,0.59007,3
4.6644,1.8658,3
1.1276,2.1991,3
-1.323,-1.5807,3
-0.51402,2.4113,2
1.0367,0.16983,3
-1.4137,0.60543,3
0.85423,0.14963,3
3.0941,4.6456,3
2.4521,3.4072,3
-0.50493,2.7929,3
-2.2986,-0.063128,1
0.47454,0.73702,3
-0.87708,-1.2328,3
-0.41663,0.9978,3
-4.1845,2.7188,3
-4.4835,4.4766,2
2.7603,0.67651,3
0.32767,-1.6381,3
3.543,2.8335,3
3.1573,3.3584,3
-0.28759,-3.435,3
-0.39189,2.8267,3
-6.3873,-4.4621,3
2.762,2.8366,3
4.6128,1.9454,3
-0.45582,0.6089,3
-5.7679,-5.2604,2
0.90422,1.8506,3
-2.0221,-5.3965,3
1.9728,0.5379,3
2.8119,1.73,2
0.66773,0.93539,3
-5.7646,-3.7499,1
-0.27301,3.8435,3
3.1732,4.4806,3
0.53006,0.99845,3
1.5037,-2.1194,3
0.11638,-5.849,1
0.13282,2.1111,3
4.2439,-2.0936,3
0.73159,-4.1343,2
1.2507,1.3937,3
-0.10224,-1.3754,3
-3.1437,-2.232,1
-1.1347,0.86099,3
1.5231,-0.85751,3
-3.8113,-0.56542,3
-0.4207,3.4971,3
-2.5523,-0.63862,3
-1.7163,1.5053,2
3.0323,0.51057,3
0.3153,-1.7369,2
3.0414,1.0373,3
-3.4229,0.5988,3
0.53361,-1.5413,3
1.3614,4.9008,3
3.1045,-0.64635,2
0.00040839,0.62835,3
-2.0989,2.5192,3
2.1143,3.7973,3
4.3942,2.8255,3
0.68652,3.5418,2
-0.51304,3.4042,3
2.5211,0.19853,3
0.69794,4.1855,3
0.32709,-3.6016,3
1.8266,2.2448,3
-0.16335,-0.091047,3
-1.0027,0.10381,3
0.66415,0.99001,3
1.0248,3.8274,3
3.8935,2.9402,3
1.8468,1.9994,3
1.0014,2.7379,3
2.032,0.0894,3
2.7938,0.24244,3
0.66936,-0.34046,3
1.0963,2.8332,1
2.2011,-0.90349,3
2.4028,-3.4679,3
1.3604,1.4468,3
-2.174,-2.6355,3
-1.1946,3.2654,3
2.8647,0.79885,3
3.9667,3.6211,3
2.8234,2.6467,3
1.7091,0.16665,3
-5.6026,2.3602,3
-1.019,-1.4346,3
-0.44764,-0.96515,2
0.94042,1.3508,3
1.3785,0.077039,3
0.48472,-0.09385,3
3.8193,-0.85491,3
-0.098837,-1.4735,1
2.6872,-0.43649,3
1.6449,1.1429,3
1.393,-0.91312,3
5.5938,1.6494,3
2.4825,-4.4705,3
4.1686,0.74352,3
3.6138,3.2565,3
0.20418,1.2609,3
-0.30109,-1.1465,3
3.0176,0.4979,3
1.7998,2.1531,3
0.37094,0.57637,3
1.2707,1.1065,3
0.091956,4.4338,3
-1.9543,1.0565,2
-0.90395,3.8523,3
1.3581,3.1515,3
2.1235,3.1562,3
2.2435,-0.53765,3
-2.4338,0.8481,3
1.1989,1.4917,3
1.777,3.8701,3
1.957,-2.8842,3
0.61123,2.4183,3
-1.2447,-0.3284,3
4.6577,-0.54441,3
2.6423,-0.39748,3
-0.42381,1.5365,3
2.8867,-0.2013,3
3.7978,1.615,3
4.0658,3.4881,3
2.9581,1.1273,3
-1.06,0.8939,3
-1.8811,-2.7526,3
-2.5051,2.3744,3
1.112,0.3421,3
3.0862,3.0192,3
0.69601,4.1137,3
0.40943,3.4618,3
-0.95287,-2.9416,3
0.66715,-3.2775,2
-0.22078,-1.4367,3
-0.27548,6.0553,3
-2.2804,-3.077,2
1.6728,-1.7411,3
2.5226,0.060037,3
-0.075004,-0.9277,3
2.8664,1.2048,3
1.6774,-4.708,3
2.4353,2.1678,3
3.6909,0.05485,3
1.4797,0.3494,3
-3.6673,-0.48116,3
-0.060677,-1.3012,3
-0.76329,-4.2505,3
3.8039,1.0282,3
0.91835,1.883,3
4.3634,-1.5043,3
0.55834,-1.2957,2
-0.57807,0.054305,3
0.58795,2.034,2
2.0534,4.768,3
-0.38595,0.82076,3
0.17536,-0.44449,3
-0.68941,-3.763,3
-3.5023,2.0179,2
0.89615,0.60837,3
-1.5735,3.5715,3
-3.0807,-1.8024,1
1.4636,1.8353,3
-0.33829,2.4541,3
0.22083,3.1254,3
1.3298,1.4618,3
3.2651,-4.1869,3
2.3315,1.9715,3
0.3848,2.787,3
4.2031,0.38005,2
-0.68808,-2.742,3
5.5618,2.1405,3
0.93248,3.2489,3
1.9463,1.5607,3
-3.0707,0.40002,3
0.069492,-1.3914,3
3.0358,1.3545,3
0.63135,-3.1635,2
-1.0766,1.1034,3
1.6885,0.46543,2
-3.7614,0.61742,1
2.2018,-2.9515,3
2.3265,6.5467,3
-3.3764,-2.0231,3
2.5183,1.6127,3
-1.1089,1.3253,3
1.0214,1.5244,3
3.7055,-1.3125,3
2.7904,2.4796,3
-2.3611,-1.8469,3
1.5027,2.7245,3
2.1556,-3.3292,3
1.1547,1.3301,3
-0.49737,1.5161,3
2.3174,-0.2612,3
5.4671,3.0716,3
-1.9366,-0.18524,3
4.1217,-0.12414,3
-1.0897,-1.7139,3
1.3226,4.4546,3
3.9208,0.022362,3
-0.76685,0.45363,2
2.7802,2.4155,3
2.7246,2.6223,3
6.1853,5.3964,3
-0.039584,-1.4969,2
1.6864,0.041864,3
-0.15075,0.57658,3
-0.58548,-0.8054,3
2.3173,2.9191,3
-0.50888,-1.913,3
-1.2158,3.0338,3
-1.9748,-2.9748,2
-1.6795,1.3822,3
7.0981,-2.6314,3
0.1877,-5.6511,3
4.2685,1.8811,3
1.369,7.1089,3
1.6027,1.532,3
2.6063,0.22767,3
-1.257,1.2748,1
-0.64244,1.255,3
4.0742,4.0418,1
1.5227,1.4216,3
1.7901,0.98025,3
3.1663,2.2809,3
1.8621,-0.13975,2
-1.1764,-2.3446,3
4.7973,1.2308,3
1.476,1.049,3
0.57566,-2.8905,3
-0.41833,-0.68285,3
-1.4485,-0.90945,2
-2.175,2.175,3
-1.3503,3.0415,2
0.11482,0.79854,3
-2.1613,-0.78733,3
3.1869,-2.0834,3
-3.5935,1.0911,3
2.8484,1.2576,3
-2.3623,-0.47652,3
-0.068081,3.0048,3
-2.5748,0.48578,1
-1.0605,-0.11593,3
-0.60969,2.2579,3
1.4421,-1.5751,2
-0.99817,0.34373,3
-2.7676,-3.1146,2
1.1903,-0.085317,3
-2.8111,-1.0618,2
0.35749,4.2787,3
0.71174,-2.9994,3
-1.1174,0.57524,3
5.9346,2.999,3
1.4457,-3.877,3
5.0977,1.9318,3
-2.3352,4.7815,3
2.041,-0.35741,3
2.4822,1.6056,3
-3.5337,-1.573,3
-4.0036,-0.97495,3
1.7262,-0.47667,2
0.71557,2.7071,3
1.9511,0.7226,3
0.33268,-1.8988,3
-0.67516,0.98219,3
4.0952,2.3217,3
0.41133,-0.38025,3
3.3083,1.7594,3
0.14894,-0.53206,3
1.0467,1.9503,3
2.9318,-2.853,3
-1.5149,4.266,3
3.1126,-0.76962,3
2.435,-1.271,3
0.29028,3.2587,3
2.5127,2.3823,3
