4.953,5.6545,3
0.77352,-2.0448,2
4.0575,-1.3469,3
5.9279,5.3324,3
3.2307,2.4294,3
5.7713,6.3881,3
3.2729,1.2483,3
-0.40279,2.609,2
5.003,0.77422,3
6.0552,1.3493,3
2.4565,1.2202,3
-0.67976,2.0947,3
-3.7236,-4.2191,1
4.9899,2.2873,3
2.2786,5.8503,3
7.8742,1.5378,3
2.72,3.7682,3
1.957,5.5576,3
5.0152,4.5778,3
-1.8197,-1.3507,2
3.1144,10.081,3
5.8133,1.6475,3
3.7455,3.5958,3
-5.219,-6.52,1
4.7516,0.41741,3
5.5665,5.5581,3
3.8351,2.5842,3
0.43705,7.2017,3
3.5998,2.0257,3
4.0597,3.0962,3
5.9563,5.222,3
6.6548,5.3506,3
-1.4311,-3.1332,1
-4.8815,-3.0791,1
-3.4511,0.64904,2
2.5082,2.8305,3
5.7951,6.9234,3
3.6989,2.2505,3
7.8333,6.5878,3
3.0162,3.8982,3
1.6683,2.005,3
1.5288,5.8611,3
5.5252,4.6224,3
2.7418,5.6315,3
5.7912,3.5416,3
6.7033,0.739,3
0.3747,4.4838,3
-2.0727,1.1365,2
1.5223,4.4778,3
4.0828,1.5995,3
-1.8105,3.4682,3
5.0204,4.3329,3
4.2807,4.1054,3
4.62,2.8107,3
1.7578,3.2204,2
3.1894,5.7506,3
6.2038,0.77288,3
4.3307,5.2346,3
3.5477,0.073735,3
0.9256,3.5454,3
5.465,6.753,3
10.098,2.9883,3
2.5574,3.0233,3
5.5304,6.3455,3
3.8323,5.1936,3
0.75967,1.5727,3
1.2436,6.3914,3
4.0059,-0.14846,3
5.8171,6.0305,3
3.1179,3.0116,3
-1.0408,0.041322,2
4.9825,5.8095,3
-0.69525,1.6457,2
1.2685,5.2196,3
3.3513,2.9133,3
5.2629,2.7697,3
6.2456,4.6054,3
2.4442,5.1245,3
2.917,3.0646,3
3.8338,4.8157,3
8.1777,1.7119,3
6.5755,6.3985,3
-5.1534,-5.2412,1
6.9265,4.0644,3
6.883,5.6284,3
1.104,-0.98609,2
-0.78341,3.1263,3
3.5301,1.295,3
-2.6022,1.1297,2
6.5972,4.2696,3
3.7969,6.3111,3
3.795,4.5867,3
-2.0452,-4.6381,1
6.3891,3.7175,3
3.3128,3.8801,3
7.5434,6.3385,3
-0.93157,4.0911,3
5.1208,4.4804,3
3.0783,4.893,3
-3.5522,-2.3855,1
2.7011,6.44,3
7.6782,3.2032,3
4.0614,2.5566,3
5.8693,4.7053,3
4.9589,7.235,3
1.8137,5.1637,3
4.0755,-0.37163,3
1.4777,6.084,3
-1.4302,-1.9746,2
0.29436,0.38754,2
4.5748,5.9761,3
3.759,5.8244,3
2.0736,-0.4058,3
-7.1765,-4.4216,1
3.6507,6.1864,3
1.427,7.4113,3
7.7147,2.9132,3
2.256,-0.46528,3
-4.8759,-5.4207,1
8.6177,6.9681,3
5.725,4.7404,3
4.9055,3.5075,3
6.2542,4.5529,3
3.8497,6.5328,3
4.1644,3.4095,3
5.6188,3.5094,3
2.7762,2.9479,3
1.8482,1.7981,3
4.7435,6.1611,3
4.0835,3.3113,3
0.85251,2.6026,3
4.1678,5.4051,3
1.4495,3.6968,3
1.4389,0.29467,2
1.7233,8.826,3
4.9801,1.744,3
3.577,6.8767,3
6.5022,6.1434,3
2.3554,1.7394,3
0.92481,6.5492,3
4.2785,3.4871,3
0.95404,4.2877,3
0.66824,4.6535,3
3.5729,0.91321,3
-6.5459,-8.9621,1
-5.0636,-4.5241,1
6.5458,6.9368,3
5.1268,4.2609,3
4.8263,5.1364,3
9.4928,5.0159,3
1.6349,0.4717,2
1.4333,2.1639,3
4.5622,-0.91141,3
2.76,6.2036,3
8.4019,5.205,3
4.5579,10.075,3
-0.3528,-4.1807,1
5.9946,3.154,3
1.9251,2.8617,3
0.91963,8.1504,3
2.673,8.1795,3
1.6983,2.237,3
6.014,4.1783,3
4.9662,-4.157,3
-5.4839,-3.814,1
2.7821,4.1419,3
-0.36133,1.9566,2
2.1978,5.1969,3
-1.6713,0.13411,2
-2.9916,-5.8754,1
-4.8766,-5.564,1
2.4617,6.8807,3
-6.7902,-4.3854,1
3.701,2.065,3
-0.029792,0.12469,3
5.3922,7.3035,3
5.4962,3.8664,3
2.1225,8.3919,3
1.9926,3.5292,3
2.6392,5.0101,3
10.061,7.5472,3
-0.67723,5.8516,3
2.957,3.1726,3
-2.7142,-6.1198,1
-8.3726,-1.4067,1
2.0544,-0.16325,3
5.9111,5.6252,3
4.6827,4.2082,3
2.5439,-0.4398,3
4.5805,3.7133,3
3.6221,2.8597,3
3.1885,4.6138,3
6.388,1.1333,3
1.3968,1.6669,3
6.2807,3.4511,3
2.3595,1.8531,3
3.2669,8.3437,3
2.1117,-2.3666,2
4.1968,4.6481,3
5.6214,0.80589,3
4.0819,2.3492,3
5.6662,4.5223,3
0.70601,2.4809,2
2.2872,2.9866,2
2.9854,5.8851,3
5.4916,2.0738,3
9.952,2.5989,3
3.641,5.2029,3
2.4869,2.521,3
-0.23623,-3.4295,2
1.9047,3.4558,3
4.6501,2.2412,3
7.5911,6.076,3
0.7169,2.964,3
4.9495,4.9987,3
5.0509,4.9713,3
8.2228,4.1531,3
3.4742,7.6946,3
2.6489,5.9877,3
-2.8203,-0.024591,2
4.3492,1.1575,3
5.5872,5.7397,3
3.4869,2.9273,3
3.7767,1.4733,3
4.3062,4.8953,3
0.69869,1.9496,3
5.2638,1.5596,3
4.0136,-1.6172,3
0.70785,2.208,3
-4.8612,0.74054,2
2.3157,0.61244,3
3.4723,2.7075,3
3.3969,5.3302,3
5.569,4.0271,3
3.1622,6.7253,3
2.8136,3.1561,3
6.2096,2.4688,3
3.38,1.199,3
4.7435,4.913,3
-2.1834,0.10234,2
4.761,9.6336,3
4.3095,4.2688,3
4.6713,2.6132,3
2.094,-1.6094,2
3.4207,4.4559,3
3.07,1.8562,2
0.49656,7.3774,3
2.5503,1.4109,3
3.4825,5.0677,3
-2.7573,1.823,3
-7.6041,-4.7637,1
2.1798,2.7357,3
8.1086,2.4449,3
4.2874,2.5361,3
4.7093,4.9509,3
7.6135,6.1985,3
7.9649,4.0347,3
2.9409,6.2239,3
1.2332,2.8045,3
3.3572,2.8521,3
7.3326,6.3032,3
4.5198,6.4975,3
1.7937,4.9188,3
2.9408,2.124,3
3.8303,5.2705,3
-0.37068,0.77461,3
5.5288,9.0656,3
4.3667,3.1633,3
1.5329,5.5317,3
4.0044,2.0328,3
-0.18401,5.6856,3
-1.0839,1.2157,3
-2.0232,-3.6088,1
4.0928,4.7874,3
5.1115,7.3237,3
4.9851,3.4337,3
4.2208,0.8554,3
4.9539,5.2951,3
4.6472,6.6591,3
-0.91856,-0.75533,2
-4.3921,2.6951,2
1.316,1.6776,2
4.0838,3.3392,3
2.1857,1.084,3
-3.3192,-2.8072,1
5.5725,6.2742,3
4.1945,-0.49053,2
1.2352,-0.23891,3
2.1841,4.3125,3
2.2841,2.5952,3
4.3179,2.2212,3
5.3182,7.1639,3
2.2538,5.0775,3
9.1394,3.1124,3
2.9609,5.1142,3
6.0085,6.1266,3
4.3472,9.9463,3
5.2581,4.1875,3
-0.46543,2.5233,3
-1.5739,-1.1173,2
3.9118,1.8604,3
3.8743,0.4799,3
5.0195,5.8982,3
1.0477,2.7905,3
2.7177,0.54726,2
4.793,2.1874,3
6.5047,6.3579,3
5.4902,2.6142,3
2.0217,5.437,2
3.0736,4.4383,3
3.5858,2.6585,3
5.7567,3.6944,3
7.8002,4.0839,3
6.7841,8.3203,3
7.7276,2.8055,3
5.6094,2.4673,3
1.6791,3.7287,3
3.2179,7.1767,3
4.9258,5.159,3
9.4211,4.8445,3
4.3539,5.3401,3
4.0681,6.1396,3
0.54003,-2.7286,2
4.5509,6.4799,3
5.0661,6.5179,3
2.0352,0.27085,2
2.0658,2.9655,3
1.1516,8.5235,3
4.8836,3.5891,3
6.0054,2.3483,3
0.83148,4.6716,3
7.852,9.4363,3
3.0649,5.1572,3
4.0959,4.0722,3
3.2733,4.7748,3
6.6303,4.4297,3
0.97742,1.178,2
3.8641,7.5188,3
3.657,5.8607,3
6.3785,7.874,3
-0.95563,-0.44424,2
3.8301,3.4933,3
3.0702,5.8046,3
6.7944,2.1391,3
4.6795,1.7504,3
4.4738,3.7316,3
0.6924,2.9853,3
3.1077,2.1439,2
8.3043,4.694,3
-4.366,-3.9654,1
-0.11166,-6.9716,1
5.2083,5.8669,3
3.8727,4.1875,3
-1.3229,4.3741,3
8.5849,1.1371,3
8.4061,7.6173,3
5.8131,8.413,3
6.8789,3.1293,3
1.5547,1.1884,3
7.0495,3.3353,3
-6.513,-1.8377,1
6.1439,4.1489,3
-1.3356,-0.32738,2
7.986,6.7264,3
4.3343,0.40315,3
4.8602,4.7453,3
0.84429,2.4243,3
-2.5776,3.6155,3
1.5907,4.9328,3
5.1519,4.448,3
1.7176,2.3162,3
4.7648,1.9909,3
6.4071,3.8624,3
-1.376,-9.028,1
2.9604,4.7589,3
0.3162,1.2032,3
1.2706,6.7773,3
2.2633,2.2065,3
6.4289,4.0311,3
5.2808,6.5841,3
2.8531,4.0809,3
-0.71155,5.1235,3
4.3451,2.5256,3
-1.2906,-1.7778,3
-3.0695,-4.4173,1
2.0878,3.1166,3
-0.11729,3.484,3
1.4255,1.1705,2
4.7428,1.1269,3
2.0304,4.5573,3
2.5115,1.2696,3
1.3148,2.5577,3
5.8264,5.9664,3
0.44544,1.5477,2
4.4916,3.3972,3
2.6467,4.3259,3
4.7135,3.3681,3
2.9969,6.6492,3
9.7511,10.963,3
-4.1307,-2.101,1
0.043433,-1.7337,2
5.8782,2.1474,3
-3.6277,-2.2372,1
4.164,1.3205,3
3.1313,5.1565,3
1.5897,2.0229,3
6.0475,2.6794,3
3.4738,2.5612,3
4.466,4.2125,3
0.96158,9.8927,3
0.87192,3.5038,3
4.3201,2.9255,3
5.1183,4.8162,3
9.0123,7.0017,3
2.1105,4.4454,3
5.4985,-1.0883,3
4.6137,6.3972,3
6.9222,2.0195,3
7.9648,5.0304,3
-1.1989,0.087511,3
5.1232,5.6249,3
0.96961,3.7722,3
5.8352,2.8334,3
1.953,0.94319,3
4.0137,5.7491,3
5.0784,7.893,3
-1.3056,-0.41407,2
1.4805,4.8789,3
2.2963,-2.1783,2
4.9514,4.5648,3
2.1952,1.9326,2
-8.2003,-4.1433,1
5.5111,3.8518,3
3.2727,3.7673,3
3.2381,3.3299,3
-2.7423,-1.807,1
3.2269,0.66569,3
1.8665,3.2567,3
2.7003,2.9941,3
2.1296,1.3543,3
4.774,0.1185,3
1.0679,1.9047,3
-1.9283,3.96,3
1.2963,-4.3696,2
-3.4284,1.0828,2
5.4709,2.2073,3
2.3498,-1.1341,3
6.2406,2.7745,3
4.2747,1.8036,3
1.0775,5.3609,3
3.0471,5.7975,3
1.8462,7.2776,3
5.0896,2.8914,3
3.913,3.9058,3
5.542,4.9294,3
5.896,3.3207,3
1.5984,3.5495,3
1.0058,1.5805,2
3.8799,4.3377,3
2.2492,4.5,3
3.7271,5.7978,3
-0.041154,9.2741,3
7.0733,7.742,3
7.2256,0.9015,3
6.7992,7.2438,3
0.5657,-0.12386,2
6.9869,6.5343,3
-0.24645,1.2217,2
3.4719,-0.11069,3
-3.8953,-2.6603,1
6.4534,2.0262,3
-0.77598,3.6671,2
-2.3162,-1.9738,2
4.5761,3.8437,3
4.7421,-0.29888,3
5.1491,3.1475,3
-1.8689,0.46615,2
4.9498,5.3612,3
1.8829,8.3533,3
1.245,3.1399,3
2.5466,6.7399,3
7.3582,1.546,3
4.5079,0.86641,3
0.91213,0.81236,3
2.6588,1.2909,3
-5.4627,-3.8412,1
2.2314,-0.73833,2
6.0171,6.1888,3
1.5379,3.8311,3
-4.7035,-5.8352,1
4.8248,3.8026,3
3.9999,2.7657,3
2.1036,3.4563,3
3.0878,2.8524,3
3.0048,5.3238,3
1.0916,5.1045,3
2.5567,1.7094,3
6.5698,7.1426,3
3.986,5.9765,3
1.919,3.8255,3
9.7886,4.0345,3
0.40563,2.7816,2
1.9641,3.8877,3
5.9822,5.033,3
2.876,1.2798,3
5.36,0.4616,3
8.1177,5.9582,3
4.2978,2.9619,3
6.221,3.9448,3
-0.41398,2.668,2
9.3719,5.3881,3
3.9845,3.6207,3
6.845,5.4209,3
1.0069,6.4992,3
5.0939,3.0305,3
-0.69577,3.1717,3
1.689,4.6742,3
-1.9647,2.9653,3
5.917,8.2946,3
7.552,2.3488,3
1.2251,-0.56155,2
5.8938,2.0989,3
2.4207,5.6784,3
3.8178,1.4388,3
0.61612,5.6194,3
4.0954,6.5111,3
5.8053,6.1519,3
1.4644,3.7118,3
5.7443,1.9387,3
9.5774,3.2684,3
1.4432,6.8295,3
5.4247,5.5544,3
3.1704,3.1407,3
-5.3451,-5.5606,1
1.4558,6.4028,3
3.882,3.0826,3
5.7345,4.0578,3
-0.30535,9.3065,3
5.8882,4.7274,3
4.9372,5.7043,3
7.1333,5.8079,3
5.1881,4.6103,3
-7.4877,-6.1855,1
1.3316,1.6871,3
8.3927,6.2444,3
4.547,5.3658,3
1.5189,4.7712,3
5.5476,7.0521,3
0.72441,-0.9779,3
5.6852,2.4013,3
-3.9732,3.4557,2
3.0377,2.4771,3
7.0625,2.658,3
6.676,2.6122,3
-2.8199,4.455,3
5.8153,1.8756,3
7.9118,5.5178,3
6.0147,2.1085,3
4.3853,3.2188,3
1.8135,5.4862,3
6.1428,4.4836,3
2.6853,2.4439,3
4.8501,4.9195,3
0.080008,1.2688,2
4.7242,2.5847,3
4.3953,3.3593,3
3.1811,0.25992,3
4.6676,4.5129,3
1.2634,1.1369,3
2.8293,4.0381,3
3.2217,6.424,3
-5.1602,-4.2865,1
4.0689,3.7105,3
4.5763,4.5866,3
3.7622,4.5517,3
9.082,2.8374,3
2.6759,3.586,3
6.5504,5.683,3
6.0037,7.544,3
0.10229,0.00067104,3
3.7182,4.7393,3
3.1606,2.0708,3
3.5864,7.0391,3
4.6699,2.5476,3
3.9395,2.5766,3
-1.2665,1.8918,2
3.8645,1.8326,2
5.6522,6.1369,3
5.6058,5.59,3
1.9706,4.9463,3
-6.0292,1.4706,2
1.057,4.8524,3
5.2304,2.1146,3
1.8882,2.8181,2
5.8049,7.4068,3
3.9941,2.6978,3
0.66898,2.8738,3
2.6383,2.5376,3
9.5647,3.3042,3
6.3973,3.6581,3
1.653,6.5428,3
4.4528,6.5525,3
4.4927,3.2471,3
-2.5266,0.22935,1
4.3636,2.1327,3
1.4921,3.6357,3
2.4048,0.6105,3
5.5537,4.3358,3
2.8109,2.2869,3
2.1241,4.6393,3
3.6231,7.0534,3
1.9594,7.0577,3
-4.7198,-3.9257,1
2.8843,5.6617,3
-1.0983,-1.0668,2
7.8217,4.9239,3
3.902,0.61355,3
2.4027,2.9132,3
-4.8878,-5.3281,1
1.0895,2.6658,3
6.0581,6.9795,3
6.6606,1.4732,3
4.3153,5.1619,3
7.767,5.0707,3
0.40996,2.1105,3
3.1034,3.8826,3
3.9273,4.8804,3
-1.1657,2.6267,2
7.2463,3.4974,3
7.3671,4.5773,3
-3.0753,-3.0192,2
2.6436,1.4721,3
2.389,5.7743,3
-0.59598,1.9394,3
4.9748,2.9966,3
4.2737,1.8934,3
7.5205,3.5826,3
-0.92744,-0.31067,2
3.2649,4.113,3
1.6787,4.5249,3
3.7523,-0.041404,3
-1.3065,-3.8634,2
4.9109,8.1805,3
7.1166,1.798,3
0.39069,5.5327,3
2.9637,8.3627,3
5.314,2.3006,3
2.1614,2.1745,3
6.9385,6.0822,3
5.4787,4.0729,3
3.7026,2.8239,3
3.9598,1.8442,2
4.0023,4.0775,3
3.5457,4.6372,3
0.7873,4.3855,3
6.8737,5.8156,3
4.4398,3.9298,3
3.6015,8.2232,3
2.9306,4.1525,3
2.2508,0.78011,3
3.9145,3.1206,3
3.5185,3.2837,3
0.51625,-0.26877,2
5.2243,1.5824,3
5.6839,4.6022,3
8.6865,6.7213,3
6.6434,5.873,3
5.7,4.961,3
0.68312,1.2966,2
7.5747,3.5247,3
0.22259,3.615,2
7.5076,9.9487,3
4.2792,8.1993,3
2.8063,7.2285,3
4.7754,9.0782,3
4.169,4.2303,3
2.217,5.0078,3
7.8533,4.7435,3
3.103,2.1115,3
2.3253,1.1162,3
2.5189,5.0137,3
4.7143,1.915,3
1.6558,0.026896,3
-3.0948,-0.67983,2
-2.2262,-3.8746,1
3.6259,3.0053,3
4.0365,7.6857,3
1.391,2.0625,3
1.4813,1.2136,3
3.8499,1.7968,3
2.4842,2.3471,3
0.6253,3.2583,3
5.3287,2.1103,3
2.9033,4.9646,3
5.2916,5.1809,3
5.684,4.1418,3
5.6016,6.9005,3
-2.0061,-2.615,2
5.3274,4.5934,3
1.2919,5.7885,3
4.5542,4.123,3
-4.229,-3.0984,1
4.3272,5.0362,3
-2.3044,-1.7543,2
6.6849,2.9567,3
3.2379,2.1557,3
6.0427,2.3422,3
-1.3301,-0.9919,2
2.0298,1.3137,3
0.68308,5.1529,3
6.1294,0.75251,3
0.94283,0.43024,3
6.1584,3.9785,3
0.54189,2.6514,2
4.7535,7.1475,3
4.3663,4.9092,3
2.0503,8.9806,3
6.1858,2.7035,3
4.8489,3.9514,3
5.3659,2.6455,3
6.3276,4.152,3
8.7311,5.1889,3
2.7803,4.8208,3
6.1735,7.1039,3
4.6534,6.5756,3
0.62502,-4.3441,1
5.8087,3.6827,3
-2.3217,-1.3874,2
5.7293,4.495,3
3.0491,1.2287,3
1.3084,5.7854,3
6.0217,5.5718,3
-0.23643,3.5404,3
-5.3747,-4.4685,1
6.4763,2.2083,3
5.9331,4.3912,3
7.2321,5.3706,3
5.9211,4.304,3
0.49334,0.063502,3
4.629,1.1075,3
6.2932,1.3549,3
5.9324,-1.4649,3
3.8508,-0.14653,3
3.8726,9.5597,3
2.1288,7.1357,3
2.7176,2.3953,3
5.3504,4.8547,3
1.4693,3.2149,3
6.7247,4.6239,3
2.24,1.6464,2
4.2033,2.8212,3
-2.871,-1.2521,2
-3.0644,-7.773,1
-4.8206,-3.6035,1
5.1944,5.9095,3
2.8022,0.90873,3
7.1141,2.7645,3
3.53,9.3852,3
4.9,0.99151,3
5.8689,4.0608,3
5.8365,0.89165,3
3.827,2.2186,3
7.8622,7.7947,3
-0.2121,-3.5089,2
0.33542,0.97931,3
6.686,6.101,3
6.7353,6.4913,3
0.90705,7.3997,3
4.661,5.4654,3
8.4977,5.2798,3
3.0446,2.0505,3
4.413,2.9691,3
6.2295,2.275,3
4.6317,3.6705,3
2.8115,4.6918,3
1.1125,5.5355,3
5.4211,3.8044,3
5.2618,0.77989,3
2.2244,5.4199,3
5.187,3.8791,3
5.2249,5.521,3
2.8561,7.0172,3
5.2141,2.5671,3
3.7106,8.0396,3
4.4477,1.4274,3
3.8048,4.7879,3
6.6538,4.1676,3
2.2166,5.3394,3
5.0668,2.7417,3
4.3861,6.0185,3
2.8601,5.0275,3
1.3502,3.2791,3
2.7934,1.086,3
6.4351,6.0529,3
1.0942,1.7856,3
3.3109,1.9822,3
-1.4438,0.39345,2
0.54775,-0.22318,3
0.60562,7.0306,3
4.1808,4.5012,3
-5.9694,-5.9864,1
2.8459,3.7802,3
-3.3296,1.5988,2
2.1398,3.799,3
2.8589,4.0788,3
2.9591,4.3356,3
7.5566,7.0411,3
5.8413,3.8509,3
3.5206,6.8578,3
4.7526,9.7313,3
2.7564,5.4663,3
0.98064,4.9818,3
4.603,4.4089,3
1.1078,6.2028,3
2.575,4.0273,3
4.4553,6.0367,3
5.7163,0.70463,3
1.8014,2.6816,3
2.7293,4.8263,3
1.0214,4.7056,3
6.0242,3.5464,3
4.4158,4.3102,3
7.4917,4.5134,3
1.2157,4.1569,3
5.198,4.5255,3
5.9127,0.21538,3
2.8793,0.42289,3
4.388,5.2752,3
2.1393,7.6079,3
3.711,1.1432,3
6.9923,2.8592,3
-2.8615,-2.1671,1
4.1801,5.9573,3
3.1103,3.0183,3
4.2786,2.957,3
2.686,5.4575,3
0.80775,5.0395,3
5.3243,5.7778,3
4.9067,0.65862,3
3.1183,4.7505,3
5.928,2.6853,3
0.7984,1.1223,2
7.0903,2.1811,3
0.9248,3.8806,3
1.227,4.7108,3
6.2993,6.4364,3
-0.13574,3.0528,3
2.3587,-1.7013,3
4.5687,-0.26376,3
-2.0091,-2.1946,1
2.752,4.2983,3
-3.3895,-0.91587,2
3.6758,3.3609,3
2.6523,2.3793,3
0.32329,0.0077464,2
3.3391,0.67798,3
2.7523,1.5713,3
8.5363,6.0208,3
3.5457,4.8077,3
5.8885,1.6317,3
4.5035,3.4163,3
4.2944,7.5509,3
-0.37171,-4.3954,2
8.3181,6.3688,3
3.446,8.1827,3
1.8886,5.8423,3
2.6681,8.0542,3
3.1051,2.5957,3
-6.522,-7.0832,1
2.044,1.0051,3
5.9189,5.6625,3
2.9129,4.0764,3
7.6173,5.4224,3
0.70288,4.1483,3
2.4425,4.3013,3
-5.9159,-5.0025,1
1.1245,7.4394,3
0.35778,3.0217,2
4.5324,3.8138,3
1.9655,0.90503,3
-5.2716,-6.5483,1
1.6765,2.9172,3
0.30965,-1.0533,2
-0.59541,6.2195,3
6.1574,7.1401,3
4.2194,5.348,3
6.9267,4.4754,3
4.7653,4.2991,3
3.4563,1.3446,3
5.4108,4.0554,3
7.5105,6.4766,3
7.0172,-0.030396,2
3.9258,5.7471,3
0.81518,-1.2025,2
4.0476,4.2977,3
2.0378,4.992,3
1.4188,1.5501,3
5.9656,2.0601,3
8.5025,9.2392,3
4.0785,4.6309,3
5.7108,3.4977,3
3.9299,6.2092,3
-5.702,-0.42138,1
1.3047,1.0329,2
4.3639,3.5088,3
1.5617,0.47385,2
9.5687,4.5483,3
-3.5568,0.016459,1
0.1123,0.63601,2
-1.1378,-0.55161,3
7.141,4.2636,3
4.7906,7.9989,3
-1.7526,-4.5683,1
2.981,3.2335,3
5.3166,3.6881,3
1.0557,3.464,3
2.1979,5.5238,3
4.9597,6.0025,3
5.1127,7.3373,3
0.096089,0.7009,2
6.532,2.1053,3
5.9868,-0.20399,3
1.7485,6.1534,3
2.9351,8.6838,3
2.2324,1.1011,3
4.0432,2.1675,3
4.0746,2.0594,3
0.52374,3.938,3
1.1075,2.2566,3
3.2153,6.1942,3
1.2147,-0.857,2
2.9906,2.0423,3
-4.6703,-2.772,1
4.7736,5.3421,3
3.0287,4.9707,3
8.7614,1.8916,3
6.4591,2.1102,3
3.9485,7.401,3
-4.5182,-0.29986,2
8.5112,3.5332,3
-6.2334,-2.1415,1
9.0267,4.1432,3
4.8424,4.2467,3
0.20796,1.2824,3
1.5788,-0.13019,3
6.0754,5.4399,3
3.2242,5.6659,3
1.9263,0.97485,3
3.7102,1.5248,3
1.2011,1.961,2
3.4607,4.0236,3
5.4336,0.68202,3
4.6279,4.6583,3
3.7974,2.9052,3
6.9921,7.1132,3
0.29668,4.1745,2
4.1358,2.4503,2
2.8778,2.8175,3
-5.4522,-2.9198,1
3.7849,4.9847,3
3.5817,-0.0061995,3
1.6358,2.8744,3
5.7148,2.0042,3
6.1021,5.3964,3
2.0888,3.8488,3
2.8445,2.6431,3
4.5022,-0.034693,3
3.0211,2.3763,3
6.0986,2.6146,3
0.25929,4.3857,3
1.6547,2.6102,3
4.0638,0.85141,3
5.7575,7.0973,3
2.501,4.9298,3
2.5958,3.7606,3
1.9753,4.9199,3
-2.1964,4.2049,3
-1.6043,-2.9633,1
4.7861,2.2589,3
2.7048,4.6713,3
3.2382,3.9276,3
1.8734,0.93682,3
4.1345,6.3106,3
3.0208,4.7917,3
0.69747,1.0812,2
3.8095,5.9376,3
2.3627,6.6589,3
-0.22223,1.1362,3
7.5392,5.7113,3
4.1873,4.6651,3
-0.22259,5.5323,3
1.7468,1.7534,3
5.0402,6.2682,3
4.339,3.6528,3
1.6832,5.4034,3
4.4042,3.7425,3
6.9447,2.2407,3
2.6986,5.8692,3
5.5547,3.9703,2
1.2324,-3.6305,1
3.4928,1.481,3
4.4134,6.088,3
4.8131,4.7464,3
2.586,6.2828,3
4.4047,2.4519,3
3.9289,5.9247,3
-1.313,3.8064,3
2.7908,-0.42495,3
3.2674,4.8996,3
6.2193,3.4105,3
1.4707,4.0927,3
3.4806,-0.45853,3
3.7997,4.9801,3
5.1147,4.7236,3
-6.9229,-5.5869,1
3.6834,5.9864,3
3.9735,1.7074,3
2.8082,5.9666,3
6.4069,0.71594,3
5.5598,6.8203,3
1.527,0.67163,3
5.5771,4.3538,3
1.099,0.12819,3
6.2612,5.0571,3
3.8651,2.5023,3
3.3946,7.1884,3
4.3557,2.8664,3
3.4552,2.6852,3
3.1725,6.17,3
5.5516,5.1073,3
7.7575,3.0817,3
1.9151,5.6341,3
2.6392,4.7213,3
-6.6076,-4.285,1
2.2079,4.414,3
1.4535,2.1611,3
1.7402,4.8184,3
5.5827,6.2596,3
2.295,-0.59136,3
2.4051,4.1568,3
3.4332,1.2056,3
4.9244,5.1014,3
6.9359,4.3114,3
6.3461,2.906,2
1.651,4.0732,3
1.1175,2.3927,3
1.5859,-2.2252,2
0.58102,4.6707,3
3.9437,3.4614,3
4.9151,5.1422,3
1.0015,0.75123,3
1.6114,3.3949,3
-8.2624,-7.9896,1
8.1395,5.4261,3
3.5635,4.3479,3
-4.0592,-2.9297,1
3.0865,3.7706,3
4.2719,4.5423,3
2.364,3,3
0.71533,4.6504,3
3.392,8.5395,3
6.0053,3.4508,3
3.4236,3.0679,3
5.8737,3.9908,3
3.2597,3.9075,3
-2.255,2.5504,2
5.2687,1.2713,3
2.9182,3.5371,3
1.0809,3.0109,3
7.2465,1.8935,3
2.7101,4.4865,3
3.4263,4.505,3
-0.58371,0.10531,2
-5.2884,-2.3261,1
5.5777,7.8084,3
6.1368,4.5257,3
0.56373,5.588,3
1.1666,3.1265,3
3.5383,4.6139,3
3.2459,7.6687,3
-2.6389,-2.4061,2
-3.1266,-5.3485,2
6.3467,3.3864,2
7.8667,4.0077,3
1.7871,2.083,3
1.0599,1.9984,3
6.0957,5.0948,3
6.0571,4.3544,3
4.7172,4.1603,3
0.82754,3.1747,3
6.5936,1.7066,3
4.0561,2.3657,3
3.3536,-0.46443,3
6.3787,3.4174,3
5.1207,2.1086,3
4.5429,3.2573,3
2.3725,6.0034,3
7.1159,6.1679,3
2.0805,7.7639,3
4.729,6.082,3
1.2497,0.51438,3
4.5773,4.2938,3
-0.4705,0.38112,3
-0.049312,3.4884,3
5.8578,1.1743,3
1.889,-3.2097,1
7.5315,3.6795,3
5.4976,-1.2176,3
2.7961,3.7683,3
3.0296,3.2413,3
3.2405,3.4199,3
4.4334,1.7564,3
1.9556,4.4652,3
0.40247,6.1151,3
3.9884,3.8714,3
6.6317,2.9666,3
-1.2214,-0.1093,3
1.91,4.5886,3
0.46448,3.6444,3
-0.015776,-0.00037603,2
5.4091,5.3217,3
3.0951,6.3647,3
9.084,4.3286,3
1.476,5.7286,3
2.3626,7.4392,3
4.4495,2.8991,3
5.4765,4.8438,3
-6.9167,-4.1235,1
5.9752,1.7108,3
3.8507,5.8475,3
3.5843,-0.050869,3
3.3098,4.1776,3
0.77918,2.5651,3
5.6208,5.0915,3
-1.9148,0.42903,3
3.7616,6.1713,3
3.0578,1.6037,3
2.8685,6.4637,3
4.4334,3.6862,3
4.5973,6.1268,3
-0.33346,3.0659,3
5.2037,5.12,3
-0.49269,2.9424,2
-1.0485,0.98233,2
4.7061,4.9553,3
3.7426,1.7621,3
2.8237,4.712,3
3.5745,2.8779,3
3.555,2.8628,3
8.4241,8.4977,3
9.5635,4.3355,3
3.4334,3.6102,2
2.4755,6.1351,3
3.5085,5.1057,3
2.2882,3.6782,3
7.1913,7.3681,3
11.031,5.6644,3
6.6685,5.7346,3
5.4662,6.0371,3
4.191,5.5425,3
7.4054,3.5733,3
5.2373,4.1626,3
3.2767,1.1773,3
3.277,2.3295,3
3.534,1.6065,3
-6.6677,-3.4426,1
4.3412,4.5188,3
6.7525,2.6742,3
3.3852,1.28,3
4.5914,-1.2278,3
5.8196,3.4296,3
8.1563,6.9589,3
3.6093,6.6206,3
-1.8129,-0.018019,2
3.2932,4.3611,3
-0.20992,8.4325,3
-0.39305,5.5013,3
8.9251,4.2215,3
-0.5719,5.7892,3
1.249,4.7712,3
1.9973,8.7578,3
5.4564,4.4529,3
-0.66262,4.1191,3
7.4639,8.0207,3
7.094,6.5444,3
4.907,6.8496,3
5.3402,5.3139,3
4.9146,5.1995,3
1.1654,1.5049,3
6.1432,8.2734,3
7.1436,6.8615,3
6.8625,3.7238,3
-0.58243,4.3588,3
2.6803,6.2982,3
9.2515,4.291,3
2.3423,2.0449,3
3.1681,1.4816,3
2.9738,4.5394,3
2.6931,2.9351,3
3.5674,2.5106,3
1.2462,-0.88589,2
6.6857,4.1721,3
5.6839,6.5859,3
5.7052,2.671,3
4.0716,7.6549,3
4.3357,7.2061,3
3.5676,7.2507,3
4.797,6.7672,3
5.4351,8.7342,3
1.5288,6.6547,3
1.4166,4.6962,3
3.8663,4.4394,3
0.97811,3.8292,3
5.5638,5.0137,3
-0.6957,0.88122,3
2.7226,7.2315,3
0.37001,4.7675,3
8.0105,1.4332,3
2.0058,2.4917,3
3.1114,2.6964,3
0.56132,0.85157,2
2.0437,-1.4706,3
-1.2814,3.6247,3
6.7677,5.9499,3
6.4188,2.7545,3
4.7202,3.9681,3
0.47047,4.744,3
-3.6722,-2.2303,1
3.0858,0.61143,3
1.667,5.2024,3
2.3118,3.7854,3
2.4279,3.3551,3
7.3281,10.318,3
2.8484,6.8874,3
1.0202,1.0177,2
6.553,5.8612,3
-5.7894,-3.0564,1
3.8781,-0.23687,3
4.3301,6.2052,3
2.5519,0.20576,3
2.7105,1.4121,3
3.2749,1.8493,3
-2.3037,-4.8009,1
1.9984,3.5908,3
2.9703,6.1463,3
4.9594,10.76,3
5.4303,6.63,3
3.35,5.1051,3
2.7636,2.0932,3
4.5343,5.469,3
-3.9138,-4.275,1
6.2827,3.0122,3
3.3441,3.2489,3
3.0387,5.9676,3
-3.5039,-4.656,1
4.6198,1.3265,3
-0.016819,3.4798,3
4.3876,2.0258,3
3.9854,5.475,3
6.836,7.1235,3
5.631,5.4755,3
3.364,1.3806,3
2.7736,4.5114,3
0.62337,4.5611,3
5.9205,3.7717,3
-0.54179,0.61682,2
-4.3904,-4.6281,1
3.7917,3.6947,3
5.4341,4.5651,3
0.84252,-4.5542,2
0.63445,5.0649,3
0.62197,7.3968,3
6.4558,2.8865,2
3.9639,4.1068,3
0.95752,4.1488,3
7.7782,6.5849,3
2.9335,5.4602,3
8.6256,4.7601,3
5.0689,2.1357,3
3.5083,1.1622,2
5.081,3.9897,3
1.9176,1.2439,3
2.5937,5.7074,3
-0.16225,-3.957,2
5.2325,2.999,3
3.6647,4.2246,3
0.46818,3.3999,3
3.5903,7.324,3
4.6387,4.457,3
5.1488,1.0519,3
5.5226,6.0505,3
-5.9496,-6.7003,1
5.7052,7.0119,3
8.0988,2.7577,3
4.553,2.7567,3
2.9711,1.6982,3
3.1562,6.1134,3
7.1683,8.89,3
5.6394,4.9397,3
0.38366,2.274,3
-4.8214,-4.1429,1
0.018658,1.245,3
7.6515,4.4039,3
3.2187,-0.32995,3
4.2711,7.2306,3
0.99636,-0.79895,3
-3.2957,-4.4002,2
5.1853,1.459,3
-0.066909,3.9936,3
5.277,3.6751,3
2.0053,2.4195,3
5.1425,5.694,3
7.0365,4.2686,3
-5.0514,-4.0928,1
1.3191,3.0809,3
4.0352,2.7599,3
3.2313,3.6467,3
7.1319,3.0525,3
2.5842,4.8409,3
3.8763,7.8547,3
7.2438,7.6885,3
1.7631,3.1479,3
4.7254,3.9328,3
7.8118,5.402,3
7.9917,7.721,3
3.5672,5.398,3
5.735,0.8145,3
3.6367,5.0033,3
2.977,7.5306,3
6.3588,5.7551,3
3.7806,5.4286,3
1.5798,1.5421,2
3.6521,2.1881,3
6.9399,6.8082,3
4.7263,3.1594,3
4.8116,-2.4307,2
-1.3062,2.3712,3
1.2671,5.8818,3
7.2649,10.087,3
2.5036,5.2864,3
-2.9631,-4.2646,1
8.6105,3.9083,3
3.0195,2.5761,3
4.4357,3.2447,3
1.916,1.4273,3
1.8987,5.1873,3
3.6771,2.4225,3
7.0182,6.285,3
-1.6329,-0.34377,2
2.3685,6.0986,3
4.1065,8.7194,3
6.4727,4.8527,3
7.9019,4.3638,3
-1.9923,-5.8331,1
3.7779,12.17,3
0.83692,4.4752,3
5.2168,4.7946,3
5.4242,3.679,3
1.1181,3.867,3
1.5018,5.7537,3
2.8585,8.5933,3
4.7123,2.9884,3
3.7495,7.1554,3
2.2952,3.6704,3
3.2943,7.0556,3
-0.42876,3.3784,3
0.015723,1.7795,3
7.9669,5.2063,3
3.379,4.0643,3
4.523,3.78,3
2.1627,2.1581,3
-5.0823,-2.8885,1
6.4513,8.7069,3
4.2983,2.7486,3
5.4412,4.5295,3
6.8771,5.7144,3
6.886,5.8931,3
0.78265,1.5504,2
-6.5644,-6.0943,1
3.7581,3.4739,3
1.4007,2.8403,3
2.9798,3.1407,3
3.2135,5.4668,3
5.0719,2.8978,3
7.0041,2.5419,3
9.0276,3.9415,3
9.2627,6.7269,3
5.7009,8.6998,3
4.8725,4.3806,3
-2.1947,-3.5204,2
2.9187,5.1813,3
-4.2587,-3.1171,1
4.9232,4.7751,3
3.725,5.9213,3
3.1258,2.7961,3
0.50906,4.0401,3
5.6064,7.7301,3
-3.5924,-2.5971,1
3.703,3.525,3
4.8328,2.461,3
3.5549,4.4345,3
3.459,0.68373,3
3.7948,4.686,3
-0.60952,-2.3014,1
3.6045,5.637,3
3.1893,8.0402,3
2.3802,4.3817,3
3.2834,1.3717,3
2.4143,3.6942,3
6.6067,7.2847,3
4.9061,6.2346,3
4.536,2.3914,3
5.8369,1.2631,3
6.6766,8.8071,3
6.5849,6.1344,3
3.742,3.3826,3
3.1415,6.672,3
2.1653,2.364,3
3.2093,3.8328,3
2.4153,2.8192,3
5.6606,6.118,3
2.915,3.8681,2
5.0424,3.422,3
7.1391,5.8746,3
4.1779,3.3667,3
4.9998,1.6963,3
5.4909,1.7642,3
1.8537,5,2
6.239,2.5918,3
5.1902,2.758,3
6.2098,5.9442,3
1.4542,5.8177,3
6.2684,4.9214,3
7.4905,2.7633,3
3.7111,0.26997,3
2.0852,4.9588,3
3.7905,1.4554,3
1.7582,0.10473,3
-0.63648,3.85,3
3.8291,5.5718,3
8.1643,6.2544,3
3.2227,2.8549,3
1.8959,2.2984,3
2.1078,-2.1823,1
3.8361,2.216,3
3.8494,2.1548,3
9.6828,0.89032,3
5.9617,6.0746,3
2.3324,2.7123,3
4.8162,5.0958,3
8.7829,0.57954,3
6.6458,5.4676,3
-4.8722,-7.5106,1
4.1268,1.3257,3
2.5278,5.0786,3
5.6414,5.9903,3
0.76473,2.1064,3
4.8833,1.4558,3
-0.04698,2.185,3
2.9078,5.0773,3
3.8267,5.7194,3
6.4932,3.6183,3
4.0742,2.4209,3
5.306,3.1349,3
2.443,4.2069,3
2.4033,5.1901,3
4.6279,4.5215,3
4.8184,4.4753,3
5.9517,4.1998,3
6.6877,1.374,3
2.7259,2.4485,3
4.879,9.7251,3
1.4977,6.3847,3
6.4417,1.8093,3
3.32,5.0592,3
4.3709,5.0484,3
3.0591,4.0352,3
1.2076,0.097334,3
4.869,1.2472,3
-7.1411,-2.4325,1
7.8565,5.2551,3
3.1643,5.6791,3
6.6607,9.7931,3
2.4188,1.8299,3
7.5667,6.8511,3
1.3668,3.3763,3
3.1998,3.6619,3
1.7804,4.1949,3
-4.4384,-7.0176,1
3.9823,5.7991,3
3.9415,-1.3155,2
7.0323,3.6173,3
7.7258,6.2739,3
2.8286,3.7641,3
4.467,4.5697,3
3.0053,1.6898,3
2.2366,-0.52693,3
5.5495,1.0813,3
6.2226,6.1872,3
5.8449,4.7604,3
7.3952,4.4538,3
1.0909,4.2172,3
4.965,7.8517,3
7.8502,6.4774,3
2.908,2.3358,3
7.0633,6.7872,3
-2.2059,0.14097,3
5.5683,3.3119,3
-4.5928,-5.4898,1
6.0397,4.5061,3
3.8066,0.86136,3
2.064,1.6654,3
5.7767,2.9469,3
2.9129,2.7293,3
4.8845,3.647,3
6.4442,3.5374,3
5.2923,5.3545,3
1.4233,1.5451,3
8.0886,5.7725,3
0.87695,-0.25824,3
5.576,6.4034,3
-0.051515,1.9266,3
5.5997,3.847,3
7.2681,3.946,3
-4.2006,1.7705,2
-0.5737,-2.9265,3
5.5908,1.6284,3
3.0244,3.0335,3
0.68448,0.10941,2
1.1266,3.957,3
4.0155,4.3174,3
-0.55379,0.94247,3
-3.8932,-3.9053,1
2.6735,5.5603,3
5.0274,3.9294,3
3.4597,2.9275,3
9.1306,8.9908,3
3.5332,4.2104,3
5.1879,7.224,3
4.2578,4.8536,3
2.4118,2.8502,3
6.2709,8.6316,3
-4.5098,1.2512,2
3.8059,-0.50374,3
3.9241,1.4875,3
4.4158,3.5575,3
-1.4043,-3.9822,1
5.2462,5.4158,3
1.3237,0.1425,2
6.1562,3.2412,3
4.3708,5.5773,3
5.8845,7.3012,3
3.4744,0.83161,3
-4.441,-9.0744,1
-6.0802,-3.5528,1
4.1055,2.2372,3
4.0823,4.1577,3
4.5839,3.0661,3
5.9301,7.6908,3
5.3924,7.0172,3
8.6454,6.7387,3
4.2831,3.5469,3
1.4889,3.1465,3
2.4811,3.3747,3
-0.20496,2.6501,3
2.408,4.5284,3
4.2913,-0.075848,3
3.2614,-0.15556,3
1.1408,4.7375,3
5.2991,1.6495,3
5.089,2.8619,3
3.3328,3.7337,3
7.5657,4.4783,3
6.794,4.9593,3
1.8617,6.6645,3
1.9993,2.095,3
3.4674,9.5936,3
4.2744,1.0973,3
2.0363,-1.7906,2
4.4174,1.7291,3
1.6429,3.4701,3
4.1108,2.1601,3
5.1081,6.1613,3
4.2597,2.9918,3
7.9543,3.9836,3
5.9791,4.5654,3
5.2172,8.2518,3
0.16654,3.9651,3
2.4671,2.2077,3
2.3607,1.5836,3
0.13623,0.65948,2
-1.5363,2.4341,2
3.0056,6.1843,3
3.4766,4.1149,3
4.8546,3.1266,3
0.75514,4.8978,3
3.863,5.4359,3
1.6236,9.0022,3
7.0221,7.2718,3
3.3631,0.60113,3
5.1257,8.2687,3
0.18406,-0.38063,3
5.8643,5.4612,3
6.0184,8.0355,3
-0.95983,1.1826,3
2.5344,4.135,3
8.0287,5.3947,3
1.8529,1.6958,3
4.1515,4.7121,3
0.39144,1.218,3
1.1147,1.2174,2
-2.5148,-0.4344,1
5.2879,1.2167,3
3.8848,4.8644,3
1.7467,8.625,3
-5.2379,-5.2687,1
3.684,5.5337,3
0.50848,5.4688,3
5.0611,5.0495,3
1.0295,3.2634,3
2.2321,2.6532,3
1.7224,0.36404,3
4.8563,2.7714,3
4.9753,1.0971,3
6.427,1.1158,3
-2.102,1.3746,2
2.1892,2.3062,2
4.4961,1.2868,3
1.8269,-1.0873,3
0.92751,2.1342,3
-3.2664,-1.0984,2
2.8536,2.6921,3
5.6097,4.2824,3
2.5494,3.6201,3
7.352,4.5887,3
1.5921,-1.9504,2
2.9781,3.6428,3
-0.94059,-0.82979,2
1.78,1.6448,3
3.1503,2.9252,3
0.85841,-2.9023,2
5.5383,5.0762,3
5.4585,6.2486,3
7.3407,3.5239,3
-2.4285,-7.1054,1
-0.79424,2.299,3
2.9152,7.3567,3
4.167,4.5583,3
1.4595,-0.31214,3
-0.36337,2.8166,3
3.4155,4.9992,3
2.3281,-0.44476,3
-2.8499,-2.6312,1
1.3756,3.1212,3
2.4262,-1.0588,3
2.4874,-2.4186,2
-5.8976,-4.8074,1
3.6836,1.8588,3
3.4153,2.4693,3
4.3446,6.1284,3
1.8428,3.7523,3
-6.6554,-4.4429,1
5.0929,3.117,3
5.6524,6.4047,3
4.1599,6.4101,3
2.8829,4.4352,3
3.8309,1.9972,3
2.8668,1.6795,3
2.5687,3.4332,3
6.2114,5.9354,3
-0.89048,-2.7116,2
3.5733,4.122,3
0.60272,2.7556,3
-3.3378,-5.7635,2
0.96542,5.8152,3
0.80316,4.5152,3
6.1547,4.3151,3
4.8958,1.6073,3
7.1913,2.8119,3
1.9514,3.9137,3
2.6046,2.1919,3
2.7069,4.8044,3
7.5736,3.5895,3
4.8835,2.5233,3
5.2152,2.6347,3
7.2766,3.163,3
6.8245,6.3203,3
3.2199,6.2157,3
1.3113,4.7623,3
4.176,2.4215,3
3.8536,2.8782,3
-6.146,-4.6541,1
3.629,4.2835,3
6.4302,1.6908,3
-1.5233,1.0562,3
0.23168,-0.92297,3
5.7637,0.038694,3
2.9033,2.6099,3
2.0586,1.9025,3
5.7178,5.8616,3
3.6199,3.9658,3
3.2556,2.8468,3
6.9436,5.2253,3
6.0842,2.8277,3
3.3761,3.4502,3
3.9807,4.695,3
7.1635,2.4397,3
7.9449,4.6958,3
1.5517,2.4207,3
2.2716,0.97123,3
2.8144,0.6894,3
3.2342,4.5639,3
2.936,3.9171,3
3.7926,1.5431,3
-3.3766,-8.9135,1
4.0784,-0.093759,3
6.2479,4.3772,3
-2.6093,-4.783,1
1.837,5.4838,3
5.3246,2.252,3
3.0729,3.6306,3
-5.2547,-9.8231,1
2.5723,1.8837,3
-2.794,-1.5239,2
4.5075,2.2162,3
-2.2637,1.0588,1
0.93716,-1.0009,2
4.6186,4.3329,3
0.54861,3.6125,3
4.0082,4.8305,3
3.0348,6.0322,3
4.5537,6.477,3
5.2601,4.2851,3
4.441,2.7205,3
3.203,5.0644,3
5.1603,2.3187,3
5.4854,7.34,3
6.8874,2.0488,3
8.4577,3.9361,3
5.2231,4.4556,3
0.14777,-2.0727,2
3.9858,7.6189,3
5.802,7.0614,3
4.7773,4.3234,3
2.5998,5.6483,3
2.8708,4.869,3
2.2949,7.025,3
2.1327,2.5897,3
-3.5862,-5.9566,1
5.9724,3.8136,3
5.6892,3.9768,3
-0.64277,0.55166,2
5.5925,7.1435,3
4.5541,9.3254,3
5.6918,3.9453,3
6.2634,1.721,3
6.8787,4.3696,3
2.682,6.8726,3
-3.33,-8.039,1
5.3947,6.2158,3
4.8295,2.1656,3
2.0055,5.6798,3
0.81582,4.6296,3
-5.5335,-9.353,1
6.0025,4.2704,3
8.6826,6.9642,3
2.4017,0.95744,3
3.8536,4.6892,3
6.2822,3.9034,3
-0.88998,3.8179,3
0.64022,4.3017,3
0.16551,2.522,2
8.8645,7.9699,3
-3.052,0.52303,3
6.1409,5.0989,3
2.6946,8.6858,3
4.6387,3.532,3
-0.21857,-5.2313,2
1.3992,6.637,3
3.0445,2.744,3
9.3014,6.1239,3
10.11,5.5956,3
-3.5348,-5.1059,1
3.547,3.3194,3
1.9044,1.6074,3
3.3696,4.9745,3
6.1662,7.795,3
4.6532,4.109,3
6.868,6.8624,3
4.1084,4.5498,3
4.6793,7.2855,3
6.1952,5.2173,3
6.0776,5.4278,3
0.73112,2.5743,3
7.1589,4.1311,3
-4.2207,-0.98927,1
2.4609,5.4803,3
4.465,2.4212,3
-5.0414,-6.492,1
2.4134,-1.5708,3
-5.665,-5.6121,1
4.8188,3.5905,3
3.8939,6.5622,3
4.4712,5.6463,3
5.0148,4.7452,3
5.8746,7.5308,3
3.3877,7.7798,3
5.4986,1.8776,3
3.6158,4.6544,3
1.5532,7.4844,3
3.2359,6.3295,3
6.0632,2.3233,3
2.4483,4.0433,3
6.9121,4.2008,3
2.4238,2.8188,3
5.9659,2.3172,3
-0.60866,0.5409,3
3.7097,4.3025,3
5.2535,3.3497,3
2.6547,3.1169,3
2.0819,2.8692,3
4.0167,-0.45685,3
1.8454,2.1804,3
3.9532,5.1188,3
2.3192,2.6137,3
-0.32773,1.7861,2
4.9809,5.4778,3
3.4953,2.3614,3
-1.1661,-0.034541,3
-2.9758,-2.3485,2
2.4592,2.5756,3
-6.6369,-5.4171,1
3.4715,1.8298,3
-5.5742,-5.5871,1
0.62971,2.3617,3
5.4616,8.0308,3
0.22973,4.1588,3
5.4335,4.3977,3
0.79644,5.926,3
5.6006,1.402,3
5.9733,3.4456,3
-0.17252,3.2957,3
-1.3466,1.765,2
7.361,8.5736,3
5.6981,5.0351,3
1.6223,1.0984,3
5.9354,5.3569,3
5.9486,2.73,3
4.1375,5.5783,3
4.9538,4.3943,3
5.381,3.6407,3
1.9821,6.7681,3
6.9828,5.322,3
-3.6825,-1.9446,1
5.3467,3.4999,3
-6.3966,1.2302,2
4.7079,2.0233,3
2.4018,-0.15296,3
2.412,5.2636,3
4.9163,4.1433,3
0.83416,6.5958,3
2.2586,5.0227,3
3.7905,7.7518,3
4.1476,3.5907,3
3.71,3.9662,3
2.3878,1.7445,3
0.11994,4.0239,3
7.4883,4.702,3
-5.8397,-3.021,1
1.2156,3.9028,3
3.0562,3.4502,3
2.9545,2.7539,3
5.0192,2.5373,2
2.7406,2.1821,3
1.7063,4.4514,3
3.7409,2.3038,3
1.1805,-0.63745,2
6.7143,2.6836,3
1.5062,1.3343,3
-1.1245,2.1649,3
6.4684,7.6096,3
5.3693,1.9318,3
5.7734,6.8971,3
3.04,2.3972,3
-5.2802,-6.0611,1
2.7739,2.5492,2
3.1319,-1.1463,3
7.5285,3.8337,3
0.93906,3.2368,3
-2.8291,-1.4343,2
5.1961,3.7035,3
4.4722,0.95131,3
3.1731,7.1463,3
5.5364,4.0462,3
5.198,5.7309,3
1.3163,3.9245,3
3.4123,2.2924,3
0.56578,5.8377,3
4.4704,4.0929,3
1.7575,1.1274,3
5.9567,6.0555,3
4.3561,8.2313,3
2.7904,2.2187,3
6.1446,1.0302,3
7.4444,5.1109,3
-4.6426,-1.9383,2
-4.2765,-0.84376,2
4.8775,2.2161,3
5.9294,5.0922,3
3.8713,-0.61744,3
4.0824,1.9786,3
3.6175,2.3075,3
3.2636,2.6881,3
5.9709,6.6683,3
4.1965,1.6615,3
6.3781,3.2573,3
5.3557,6.8697,3
0.30649,3.3856,3
4.2989,10.067,3
0.58775,-0.28422,3
3.7488,-0.91969,3
7.435,6.6938,3
4.7141,1.848,3
3.9317,4.4096,3
5.4024,4.7508,3
0.48162,-1.0389,2
7.7937,6.2057,3
3.4226,1.9238,3
4.4847,4.93,3
0.50781,-0.33019,2
3.5186,2.2701,3
2.1904,4.7428,3
-2.9394,4.0893,2
5.277,10.546,3
5.5114,3.0201,3
6.3427,6.4593,3
5.6787,3.964,3
-0.89981,0.24828,2
2.6528,3.8381,3
8.3431,7.5705,3
4.1468,4.5481,3
4.2068,4.5318,3
7.0614,4.8171,3
8.2113,2.746,3
1.5952,-0.14328,3
1.7304,1.9783,3
5.1824,5.0954,3
2.7927,1.7983,3
3.6928,1.5179,3
7.2534,8.3413,3
8.9502,8.6045,3
5.9772,6.322,3
3.8298,-1.5288,3
2.7642,2.8838,3
3.3977,2.6717,3
5.2567,5.0548,3
1.7937,4.1583,3
5.8182,1.6188,3
-3.6529,-1.254,2
5.3582,4.3713,3
8.2216,4.2772,3
6.45,6.3773,3
9.3815,1.1029,3
-6.2818,-5.085,1
4.5136,6.6436,3
3.933,0.74444,3
5.3319,1.3413,3
3.1168,1.4337,2
4.7324,2.0016,3
-0.46738,-1.8445,2
4.7115,3.3225,3
6.2647,5.5886,3
4.5695,6.4306,3
5.0924,6.0253,3
3.2242,3.4279,3
0.12297,-0.29494,2
-4.1813,0.45864,1
7.3506,5.8523,3
4.4863,3.3972,3
2.7336,4.621,3
3.2806,4.2196,3
6.7993,5.1696,3
7.1503,6.1977,3
6.652,4.8784,3
5.0647,2.5028,3
-0.64854,-1.6278,2
0.70371,-2.9964,1
2.6522,3.4985,3
4.9717,4.2903,3
-2.2184,4.4197,2
2.7287,1.9233,3
8.2522,2.6443,3
0.96507,2.5633,2
5.7368,4.8216,3
5.4374,4.3372,3
4.6186,7.4024,3
6.4546,5.2105,3
0.84137,1.6996,3
-0.46591,-0.71132,2
-2.3662,-2.4042,1
4.6055,3.3151,3
5.7385,5.3568,3
4.6372,3.6185,3
1.4401,8.4781,3
2.7916,0.42447,3
3.4876,4.886,3
3.7895,5.689,3
2.3813,-0.049612,3
0.92162,1.6866,3
2.4595,1.7889,3
2.9778,3.4751,3
2.2998,1.7666,3
1.4965,3.7818,3
6.2546,5.913,3
2.9047,4.5238,3
2.2874,2.6659,3
1.9963,3.2679,3
5.9007,5.2218,3
3.2559,3.9456,2
4.9311,4.8072,3
0.37246,5.6678,3
2.1022,-1.5336,2
1.4525,0.48926,2
4.8455,1.8339,3
-1.035,-1.4973,2
-4.5345,-5.2018,1
-2.5414,-6.0706,1
-2.7884,-0.99147,2
4.6914,1.3275,3
7.9297,4.4814,3
6.0738,6.3683,3
3.6665,6.3364,3
5.7132,1.897,3
5.5347,0.4874,3
6.4163,8.2236,3
5.8484,4.872,3
3.9248,0.5702,3
6.9921,6.7442,3
-0.32989,1.949,2
4.0465,3.4307,3
7.1856,6.9287,3
4.6963,3.9619,3
1.0077,6.982,3
5.623,3.8833,3
5.4821,5.0928,3
2.5083,2.2721,3
2.789,3.0018,3
8.8457,1.6897,3
4.3299,4.3251,3
2.746,3.7166,3
4.2638,6.7461,3
5.3456,5.4198,3
2.8225,-0.37378,2
1.2538,0.013472,3
3.4282,1.7704,2
0.83229,-4.6781,2
4.0204,1.2731,3
3.6536,1.905,3
-0.59199,3.8693,3
4.0665,3.775,3
10.107,0.83538,3
3.7468,5.2076,3
0.66559,3.1573,3
1.8743,3.9303,3
-3.2682,-1.5617,2
2.0808,1.6839,3
1.4868,4.2718,3
-1.5601,1.3994,3
6.9067,8.3239,3
-0.15229,4.4706,3
0.66668,-4.8849,2
4.9687,1.9867,3
1.4079,1.8869,3
5.1076,5.3129,3
0.010857,-2.8236,2
1.1656,5.9721,3
9.0736,7.9885,3
5.097,3.4903,3
2.4503,4.6722,3
6.5789,4.3619,3
1.6801,4.2239,2
5.078,3.0055,3
10.017,3.7555,3
1.2652,6.4668,3
6.8589,2.951,3
5.81,5.5308,3
3.6619,3.3383,3
0.031589,-3.3103,2
3.2183,3.1709,3
3.5637,4.5997,3
7.6221,8.9598,3
4.5772,0.18064,3
3.9986,4.4864,3
5.6047,2.7115,3
-5.0455,-3.5673,1
5.3642,-0.16299,3
7.8175,3.6805,3
3.6998,4.6913,3
4.8195,5.8544,3
-4.4064,-5.6876,1
0.99017,2.0238,3
0.32394,2.4062,3
3.6952,3.3133,3
3.5218,4.3741,3
0.92267,3.6646,3
6.8189,7.4464,3
1.3891,0.5205,2
0.90379,9.5024,3
-0.92789,0.95396,2
5.8978,2.0557,3
2.2645,-0.92034,2
3.1592,-3.1215,2
-8.2163,-5.0437,1
-0.097092,2.9691,3
1.9076,3.0539,3
-2.5821,-0.74792,2
8.5318,3.5272,3
-2.4239,-1.7612,2
2.7686,2.8163,3
-0.22246,1.8537,3
5.2077,1.4999,3
3.8544,4.4934,3
4.2683,2.4572,3
5.4999,1.9378,3
-2.9817,4.6778,3
5.1626,3.3357,3
2.8051,0.45366,3
2.8465,3.7089,3
5.9719,8.698,3
1.2351,0.54254,2
3.5999,2.7661,3
2.6712,5.7185,3
6.5507,1.6198,3
5.7641,4.7791,3
2.3654,0.12948,3
2.6491,5.3858,3
0.96584,2.9101,3
1.6785,0.76641,3
1.6831,3.7281,3
3.5594,7.4405,3
3.9508,5.2866,3
6.3007,0.17602,3
-5.0928,-7.9133,1
1.5381,5.2608,3
4.7665,4.0103,3
5.4031,2.0392,3
3.7459,2.949,3
2.8387,2.387,3
6.6526,4.9723,3
6.2879,9.9651,3
4.5741,5.8399,3
6.1112,0.81797,3
3.029,-0.45259,3
6.8614,7.0699,3
4.0448,1.9579,3
-0.33573,2.7263,3
6.4209,4.3265,3
3.0591,1.7576,3
2.0934,4.2367,3
7.1802,5.2957,3
5.6728,1.9809,3
6.3948,4.874,3
6.4707,5.2125,3
3.6243,3.0916,3
1.4898,2.1376,3
3.4921,6.2164,3
1.7102,0.1606,3
0.97231,2.6063,2
-2.1104,-4.6789,1
4.1133,2.5403,3
5.289,6.1549,3
5.3707,5.0869,3
-6.2862,-4.2143,1
1.6319,2.2834,3
2.6936,2.2742,3
1.937,4.1371,3
4.9789,1.5577,3
4.0802,6.5183,3
3.8639,4.2474,3
3.5154,5.335,3
2.1488,2.7568,3
2.1776,2.3128,3
4.9239,4.0941,3
6.0135,0.28106,3
2.055,0.38195,3
4.6201,4.3998,3
-2.5768,-5.2119,1
5.2145,2.3523,3
2.8702,2.0339,3
1.0778,-4.3873,2
7.8408,5.093,3
5.5493,5.2571,3
-2.1023,-2.2568,1
5.5913,1.8139,3
3.3235,4.7547,3
2.3892,3.9484,3
2.6819,3.4002,3
0.94272,-1.5316,3
2.7864,7.5456,3
2.6536,-1.2937,3
2.5551,5.1292,3
-0.96742,-0.095146,3
0.74653,-0.95267,2
1.5434,-2.9875,3
0.0097808,2.7935,3
2.8864,-0.48675,3
3.2601,4.1508,3
1.2428,4.2555,3
2.4289,7.5615,3
3.4565,2.9369,3
4.506,3.8016,3
1.6364,3.38,3
3.5613,0.2174,2
3.8731,5.6707,3
2.6981,2.9117,3
4.9386,3.7129,3
7.9749,4.8751,3
1.7071,1.8987,3
7.6679,3.0298,3
5.2865,2.9297,3
-1.1377,-0.84215,2
4.5951,6.5932,3
4.4851,5.5717,3
5.5517,7.6974,3
5.1776,3.0289,3
1.1411,6.5733,3
6.1445,3.6461,3
5.049,4.0272,3
5.9519,3.5777,3
2.2788,0.34042,3
1.9488,4.2815,2
5.9611,6.4801,3
3.6065,2.8005,3
1.5567,3.1628,3
5.4938,4.8689,3
4.4613,0.5375,3
0.85567,5.0603,3
6.1464,0.21094,3
9.2757,5.0857,3
0.63837,5.3329,3
0.75468,5.0218,3
-0.38055,-1.5201,2
2.9108,4.5611,3
1.4814,2.0824,3
1.5281,3.6134,3
3.0784,1.2294,3
1.211,0.14785,3
7.2605,5.4427,3
-3.1458,-6.57,1
3.7601,5.6967,3
5.3116,3.347,3
2.0863,4.3485,3
3.3144,5.5032,3
5.6975,2.872,3
2.0589,6.4564,3
3.8346,1.2512,3
-0.85741,0.95263,3
5.8355,7.0546,3
6.0387,2.3538,3
1.5812,2.3983,3
2.7362,4.8224,3
0.49387,3.3607,3
2.6312,2.4299,3
9.7971,4.268,3
0.35588,2.8213,3
8.2805,6.0505,3
4.8786,2.9519,3
5.0584,3.2531,3
4.007,1.249,3
3.8012,2.5074,3
1.257,0.077948,3
0.6664,3.1207,3
-0.84813,-2.2053,2
4.4638,5.1475,3
0.22667,-0.41609,3
6.239,3.1031,3
0.17148,6.5773,3
-1.6657,3.4881,3
4.3182,7.0282,3
2.6068,4.6059,3
5.8273,4.623,3
4.7847,1.0631,3
-8.5821,-1.5676,1
6.8158,2.3433,3
3.0733,3.6125,3
4.3792,3.2403,3
8.0893,4.644,3
4.1683,4.084,3
-3.229,-4.9281,1
6.294,5.4572,3
-7.5429,-2.9335,1
5.0708,5.2946,3
4.3594,9.0907,3
1.4444,-2.1415,2
2.9602,7.4085,3
1.5862,-1.5781,3
3.505,7.7104,3
3.4158,4.064,3
6.4935,-1.0731,3
6.5558,4.9615,3
0.83771,0.26552,3
3.9432,4.7057,3
1.9559,2.9048,3
3.4922,1.5032,3
3.1862,4.1459,3
2.6844,5.3179,3
-6.9578,-4.4971,1
2.1637,4.5653,3
2.0508,5.5178,3
3.5859,7.7212,3
5.2744,3.4579,3
2.7508,5.9406,3
3.6457,3.6712,3
1.7746,6.4767,3
4.1507,-2.0903,3
0.023496,0.451,1
2.252,4.9896,3
3.4924,-0.057508,2
4.9754,2.2175,3
2.6375,7.415,3
1.1287,3.4446,3
4.4941,2.1549,3
4.0111,6.0924,3
3.8,5.4997,3
0.73719,-0.37112,2
-1.6104,4.9961,3
6.572,8.0551,3
2.5424,4.3088,3
6.4127,8.7337,3
2.5588,3.8616,3
2.7424,6.2441,3
3.7938,4.683,3
2.6746,1.9036,3
0.15304,1.6583,3
0.26873,-0.021663,3
7.8021,4.5263,3
5.0038,3.8301,3
3.5319,3.1362,3
2.7659,3.8191,3
2.232,6.7183,3
4.706,3.9767,3
9.5289,8.4175,3
5.2887,3.9786,3
4.6386,1.1236,3
4.7774,3.4136,3
7.3121,2.6587,3
5.4176,4.0806,3
2.1665,2.7301,3
3.8023,1.5671,3
5.3581,7.2845,3
4.8149,3.9,3
1.7178,1.5754,3
4.638,5.0243,3
4.5172,5.5801,3
-6.5049,-2.2764,1
-0.5003,1.5348,2
3.5423,4.3132,3
2.2457,4.3137,3
3.8381,5.8671,3
5.3051,2.5114,3
5.484,4.7194,3
4.7441,3.6151,3
1.3823,6.3708,3
-0.21065,-0.13936,2
3.3877,5.3329,3
-5.0385,-3.4832,1
1.0927,4.9579,3
3.0713,6.4542,3
5.7349,0.92274,3
7.1394,5.3405,3
5.6241,6.835,3
-7.7973,-8.053,1
4.8586,7.7782,3
3.1661,0.39839,3
4.0124,5.248,3
0.95306,5.7041,3
3.1799,5.6507,3
3.3489,4.016,3
2.6133,3.755,3
6.115,5.3854,3
2.8672,4.1755,3
4.4746,2.5396,3
6.1104,4.2233,3
1.705,4.1755,3
4.194,4.4155,3
3.0004,2.2865,3
6.9499,6.3503,3
3.0113,4.6123,3
4.6995,5.9338,3
6.1741,7.8285,3
4.077,5.5327,3
3.4826,4.2953,3
1.2165,1.0411,3
-0.56064,0.48768,3
5.1337,3.5739,3
2.692,4.2204,3
-2.0944,5.6452,3
2.3652,5.6021,3
-2.1579,-6.4471,1
4.9562,4.5495,3
3.7231,6.3203,3
5.8496,9.3262,3
0.21578,3.5897,3
5.2712,8.3348,3
-0.59207,-3.6445,2
2.7165,3.2948,3
4.9196,4.1802,3
4.118,7.2754,3
5.7648,1.8527,3
2.497,2.3834,3
2.1788,-0.82249,3
2.5882,6.4056,3
3.2092,5.1236,3
3.3742,-4.1099,2
2.3651,5.4497,3
2.1879,5.4762,3
2.7996,4.7119,3
4.714,4.318,3
6.8725,7.5816,3
1.9311,1.1794,3
6.563,9.9653,3
6.5848,6.1923,3
3.785,4.337,3
1.0758,4.7635,3
1.3057,3.4805,3
3.5412,1.9756,3
6.6784,3.7637,3
2.2327,2.6392,2
4.4065,1.3344,3
0.81009,1.0034,3
3.1193,0.27008,3
1.6834,6.0215,3
8.0336,4.6674,3
4.6661,2.4121,3
2.1871,2.9899,3
-3.637,-0.36444,2
1.2894,2.3165,3
-3.5741,0.4058,2
4.5499,6.4322,3
3.4678,3.7309,3
1.3919,4.2125,2
4.0592,1.2678,3
1.439,2.8784,3
6.7694,3.1387,3
-5.4731,-5.0071,1
3.5058,4.3885,3
2.6464,7.3114,3
4.6444,4.1254,3
4.452,1.0418,3
3.739,1.4446,3
6.6907,1.8528,3
2.7779,5.9363,3
7.9558,6.0661,3
9.4198,3.646,3
1.1461,5.8372,3
1.868,4.2224,3
4.0975,5.8732,3
2.2987,5.4122,3
3.1372,3.8628,3
4.3091,3.0635,3
4.1649,6.1412,3
5.2983,4.3184,3
3.5977,3.9404,3
4.6514,5.2981,3
1.3988,4.3587,3
6.0914,7.1992,3
5.2685,6.8362,3
-7.0589,-3.6327,1
3.1405,5.3135,3
4.6338,4.6127,3
5.3966,6.3732,3
5.6094,3.6747,3
1.594,8.1768,3
6.0404,6.2383,3
6.3711,7.5554,3
2.7721,4.2454,3
8.2122,8.2924,3
5.5805,2.8259,3
4.7947,6.3234,3
4.8362,0.76778,3
5.8268,3.699,3
1.2402,5.0458,3
2.0321,-0.64591,3
5.2527,5.1829,3
3.6721,3.3633,3
2.8395,10.429,3
5.408,3.5178,3
2.4551,2.8865,3
1.0363,2.6215,3
4.9821,6.6006,3
5.4682,5.0048,3
0.23761,1.5487,2
-3.5921,0.042751,1
-0.59188,-1.1674,2
4.0647,2.3859,3
3.9413,3.5849,3
6.8937,5.3571,3
8.3653,8.8522,3
1.835,-1.898,2
6.7237,5.9113,3
8.2737,2.6875,3
4.9649,0.057785,2
6.7421,2.9799,3
3.8394,1.4551,3
5.2474,5.3363,3
5.383,6.6307,3
2.4405,3.0628,3
7.0576,5.2205,3
4.4839,2.4957,3
2.8662,-2.3392,2
0.77906,-1.405,2
2.6674,2.7591,3
3.7263,1.6776,3
5.2058,4.6609,3
4.7976,1.7879,3
6.46,7.3015,3
8.2688,3.9177,3
5.2026,6.4603,3
5.3568,2.7163,3
4.4755,4.7767,3
-0.89578,-1.9578,2
-9.1747,-1.6225,1
2.5488,2.6472,3
1.6492,3.0741,3
-0.21526,4.3329,3
4.854,3.5941,3
6.6583,5.511,3
4.7239,6.6594,3
6.6663,3.3417,3
3.1531,7.7932,3
4.7963,3.3906,3
1.3932,-1.9037,2
-3.8146,-0.076169,1
4.2239,4.1452,3
3.6697,5.2689,3
7.53,5.9371,3
0.53139,3.2418,3
5.9044,3.1177,3
1.2767,7.2537,3
5.6133,3.8992,3
-6.0072,-6.3142,1
1.1017,4.0919,3
3.3953,1.146,3
-8.0464,-5.5487,1
-3.0519,-4.467,1
2.7347,6.5897,3
5.0796,4.1791,3
0.41087,1.118,2
3.6333,6.3118,3
3.0675,5.3882,3
3.1029,4.9523,3
4.2407,3.5183,3
7.7268,10.657,3
2.2326,3.5413,3
4.4585,6.0776,3
2.9018,5.5638,3
4.6565,4.7552,3
5.3101,5.4399,3
4.7245,6.5113,3
2.2719,2.8528,3
5.1045,5.9708,3
5.6594,4.5638,3
2.0743,4.4654,3
2.9395,4.3121,3
6.3244,2.9668,3
1.6515,8.6537,3
-0.99283,1.0933,3
5.1711,2.2809,3
6.2699,7.322,3
4.8452,2.9344,3
5.203,5.9373,3
2.9092,2.1633,3
-3.459,-3.1784,1
5.0711,1.7487,3
2.5899,4.7488,3
4.2604,3.2642,3
4.0363,2.3166,3
6.4076,3.9581,3
7.5489,7.6063,3
2.7145,2.3625,3
5.1992,4.6119,3
-1.1379,-4.9503,2
1.9578,2.2478,3
8.1375,6.5133,3
3.6218,7.0621,3
5.9491,-0.054067,3
0.35992,1.702,3
1.5219,6.5104,3
0.080267,1.3446,2
1.8077,-0.35053,3
6.2581,6.3487,3
3.5059,-5.0431,3
5.3201,8.9073,3
1.7856,1.017,2
3.016,6.8057,3
5.8856,8.0344,3
0.56313,-2.2367,2
3.6953,3.3122,3
-0.70263,1.8553,3
6.0145,2.8182,3
2.3058,-0.003541,3
10.622,3.9874,3
1.0916,3.084,3
5.0361,5.1396,3
3.5622,0.66968,3
6.3077,2.4562,3
4.9002,5.0472,3
5.3572,4.6396,3
2.4629,6.1038,3
3.7157,5.9805,3
3.3781,4.7742,3
4.4866,5.5618,3
0.98316,4.0357,3
1.2633,-0.64586,2
3.2529,3.3482,3
5.0338,1.0911,3
3.0984,1.8557,3
-1.963,-4.6412,1
4.6054,3.8985,3
-0.67388,-1.38,2
6.4511,8.7983,3
3.3842,3.0491,3
4.377,4.9778,3
6.9773,5.2697,3
6.4902,2.9025,3
0.88897,-0.27796,2
3.9426,1.0543,3
8.562,1.1135,3
3.9094,5.2204,3
2.9158,0.42802,3
4.9019,3.2221,3
6.4242,3.1025,3
5.5018,3.8628,3
0.69579,6.0683,3
2.8156,5.7792,3
4.7518,-0.010456,3
4.8854,7.7162,3
1.7721,4.7443,3
6.5701,3.0657,3
7.4277,1.7729,3
4.1448,1.8781,3
0.69789,3.3967,3
4.7172,3.592,3
4.2329,1.4685,3
8.7144,5.4539,3
7.2533,1.0637,3
0.75366,-0.76543,3
2.8628,5.8234,3
1.7277,-0.012322,2
8.0663,6.6644,3
1.2462,0.25472,3
2.141,6.4207,3
5.816,4.2656,3
7.5546,7.8546,3
2.0311,2.8882,3
2.3361,4.8636,3
0.64761,2.3992,3
2.7925,4.9424,3
6.5033,7.0089,3
0.73767,0.97429,3
3.4103,4.3961,3
5.7478,4.0811,3
1.1172,0.79612,3
5.8009,5.2476,3
6.0556,5.8132,3
2.2935,1.1852,3
1.924,2.942,3
2.582,3.3389,3
0.99633,3.4058,3
-0.2054,0.8535,2
4.3826,7.4746,3
1.2309,2.4148,3
5.6881,2.8454,3
2.4392,3.6613,3
2.1715,3.8882,3
1.9307,4.5503,3
3.7848,2.0199,3
8.4124,3.9468,3
2.6272,-1.7937,3
5.2681,5.6821,3
4.6771,2.7839,3
5.0532,0.60009,2
4.1086,4.6908,3
4.03,5.2803,3
0.56079,-0.32784,3
6.0824,5.5386,3
1.9624,3.3034,3
4.9218,5.423,3
0.9656,8.8789,3
2.2091,7.6316,3
2.3069,6.1724,3
3.7229,6.2265,3
-7.0529,-0.95425,1
3.4962,3.0188,3
1.4483,5.2631,3
5.4077,4.3639,3
-0.61049,-4.3017,1
-0.84478,4.0403,3
-1.7646,0.87428,3
-3.4117,-4.4343,1
2.0366,3.1335,3
1.5015,3.8723,3
3.9331,8.205,3
2.0325,5.0279,3
2.7035,7.7475,3
1.1427,0.69452,2
1.054,5.1129,3
7.9229,5.5197,3
0.40191,4.6967,3
2.1131,4.0164,3
1.4831,4.1365,3
4.2994,-1.0643,2
0.31396,8.4351,3
1.7364,4.0523,3
3.1396,5.5851,3
5.1125,3.15,3
1.6013,4.9052,3
3.5696,2.0227,3
4.4467,5.0716,3
5.1718,-0.47669,3
-4.8061,0.46363,1
1.9223,5.8419,3
6.5902,3.7866,3
2.9576,3.9169,3
2.3382,5.8154,3
8.4855,5.5025,3
2.2979,5.1427,3
1.5165,1.7652,3
3.6547,4.1172,3
4.3292,5.9998,3
-0.5221,-0.11808,2
-8.4189,-4.8166,1
2.3227,1.5976,3
3.5981,-0.66876,3
1.5007,0.644,3
1.7749,0.78305,2
3.02,5.6301,3
5.5437,2.6099,3
4.2492,4.8931,3
5.6756,6.3116,3
3.3195,0.40057,2
4.9052,3.5123,3
2.7695,6.5266,3
5.1159,2.4737,3
6.303,5.3477,3
6.337,6.1381,3
2.4756,2.3428,3
4.802,2.7932,3
-0.15545,0.3317,1
4.2337,2.2268,3
4.4955,4.0433,3
-0.51134,2.0358,2
6.302,6.8712,3
-2.336,2.1397,3
6.3711,3.9148,3
2.9754,3.9963,3
4.8813,7.9358,3
0.42895,2.5924,3
8.0264,3.0835,3
7.2482,0.56468,3
6.9106,5.4532,3
1.926,-0.72126,3
4.2656,4.8802,3
2.7371,3.1642,3
1.3673,1.8253,3
2.3293,5.5181,3
5.8607,7.4481,3
2.3436,7.6191,3
4.2709,0.14085,3
3.7483,5.8122,3
5.7177,6.2494,3
1.3392,1.891,3
3.3531,1.7271,3
7.8834,2.6701,3
4.5113,8.4669,3
2.4999,5.2821,3
-0.35336,2.2859,2
0.37065,2.1355,3
4.5035,3.084,3
2.384,-1.8526,3
3.4999,2.9902,3
-5.2542,-1.0786,2
9.2875,5.7353,3
1.2464,-0.35065,3
3.2891,3.3324,3
4.5419,2.0865,3
-0.38956,-0.96973,1
0.33285,1.3199,3
3.1318,7.3879,3
5.5502,5.6162,3
10.749,3.0269,3
3.9241,2.5989,3
2.1262,7.2198,3
2.1511,3.8657,3
1.5127,2.5055,3
3.1511,6.4044,3
5.5507,5.1494,3
3.2575,4.5509,3
6.594,4.1296,3
4.563,1.6128,3
8.0294,3.1341,3
0.76407,-1.313,3
6.859,6.0915,3
9.1364,2.6484,3
4.5924,4.2448,3
3.7371,2.2925,3
3.092,0.3406,3
5.7579,2.9849,3
1.1252,0.84243,3
1.729,0.69455,3
-1.4556,-0.61015,2
4.1604,5.6064,3
3.8252,1.731,2
-2.2611,2.4822,2
2.2709,5.2721,3
-1.8814,-0.60794,2
-0.96728,3.8995,3
7.1182,-0.88833,3
4.4885,8.6539,3
3.6315,4.4751,3
4.1495,4.9121,3
6.801,2.7434,3
3.8014,5.5531,3
1.9891,-1.0939,2
5.47,3.5861,3
7.1114,5.6447,3
3.07,5.349,3
2.0852,6.5777,3
4.0118,6.9727,3
5.5945,3.4546,3
-1.3076,-0.73564,2
-0.028078,1.3233,2
3.3408,7.3535,3
6.9683,10.656,3
4.9866,11.768,3
2.1129,6.8918,3
0.7775,3.0617,3
6.0599,5.1776,3
0.034255,4.2086,3
0.82303,0.86936,2
1.13,3.6299,3
4.3619,2.8146,3
5.2279,3.6975,3
4.4268,2.4643,3
-6.6521,-5.8356,1
4.5612,3.3461,3
5.1526,6.8978,3
6.6276,5.7263,3
6.6766,3.0108,3
6.9852,6.2871,3
2.3237,4.9775,3
3.5363,1.786,3
1.1923,-2.3152,2
3.108,5.046,3
3.3786,4.2262,3
0.7394,-1.499,2
2.9347,4.6444,3
5.9591,5.353,3
5.5527,4.6416,3
1.6309,-1.1936,2
3.387,8.2421,3
6.8455,4.1442,3
3.7554,3.6163,3
6.9361,5.2611,3
1.7722,3.1653,3
-3.5394,-4.3007,2
2.298,5.1482,3
4.2016,5.842,3
-1.8626,-1.7527,2
3.3967,4.1974,3
2.5622,1.7951,3
2.8755,3.71,3
6.2522,6.0598,3
4.7529,4.0224,3
5.6648,5.1963,3
2.414,-1.3277,2
4.7517,3.4995,3
0.14667,2.0192,3
4.7616,4.9601,3
3.4658,2.1016,3
5.5903,2.0213,3
-3.8651,-0.12791,1
4.0358,5.1764,3
-2.9967,-2.7577,1
5.3833,2.2487,3
3.4091,3.145,3
-0.44091,-3.4733,1
4.6343,4.3779,3
2.0891,3.0272,3
5.5016,2.766,3
5.1348,3.6816,3
3.0241,2.8539,3
-0.50486,5.5944,3
6.3464,5.6453,3
1.0436,1.2049,3
2.5564,2.985,2
6.8138,0.24036,3
6.06,4.2369,3
7.8281,6.2016,3
5.4452,3.4632,3
-0.42108,0.71682,3
4.6188,5.7062,3
8.7814,4.3081,3
6.3556,4.8351,3
8.1035,6.6285,3
5.7014,6.1231,3
1.2482,5.7637,3
4.5336,6.7194,3
4.9563,1.0912,3
3.9118,5.0299,3
-4.8323,-3.6626,1
1.3096,3.7155,3
3.9609,4.5055,3
-3.0554,-0.47783,2
6.2168,6.8507,3
-1.6623,0.081405,2
5.6395,5.1014,3
7.2226,7.0302,3
0.9629,2.8692,3
7.7292,1.7987,3
-1.4743,-0.052078,3
-2.7815,-5.7703,1
3.881,4.1221,3
1.9959,5.6969,3
4.3042,1.1379,3
7.6677,8.9076,3
0.069656,-3.0031,2
4.2829,1.8895,3
-3.0837,1.1677,3
4.9437,-1.0154,3
3.4203,7.346,3
7.6801,4.0089,3
7.3712,7.9613,3
6.616,6.0076,3
6.4125,6.1387,3
3.6847,-0.29179,3
6.0579,5.3844,3
2.9508,4.0411,3
4.1322,4.3009,3
0.5591,7.2537,3
3.9536,5.6508,3
4.8551,5.574,3
4.6384,7.1935,3
4.9781,4.0634,3
0.0093777,2.6672,3
6.2066,9.5285,3
4.3118,6.058,3
5.1904,3.7903,3
-6.2145,-3.6326,1
3.6016,2.6704,3
4.8763,8.5401,3
0.0044518,3.6966,3
3.4975,7.4687,3
-6.2197,-2.2692,1
4.7518,6.1276,3
8.1263,6.5451,3
4.1362,4.7395,3
0.15445,-1.501,2
1.6427,2.4817,3
1.6424,3.2477,3
3.108,6.2086,3
6.0505,6.2719,3
5.044,6.0644,3
4.729,3.9256,3
4.1946,1.4844,3
8.244,3.9978,3
3.6503,3.5369,3
2.8741,0.15638,2
3.1373,3.2379,3
-0.708,0.4887,3
1.439,4.1361,3
3.579,2.6821,3
3.5688,6.5905,3
5.7605,9.2098,3
1.5613,7.4802,3
2.3961,3.6521,3
4.5311,3.525,3
3.0923,1.7119,3
2.8633,-0.60068,3
1.3081,5.2359,3
4.6417,2.0177,3
-1.1362,-0.031753,2
4.7892,0.75179,3
1.5596,-0.69244,3
1.3408,2.0689,3
6.5414,3.5505,3
0.16544,-0.16873,2
1.2126,6.2459,3
4.3349,3.7367,3
5.7169,7.2912,3
3.5127,4.4326,3
-2.4791,-5.4909,1
-0.21153,5.0326,3
1.5674,4.1354,3
8.0915,5.7122,3
5.5103,5.1109,3
-1.5758,5.7625,3
3.0914,2.9776,3
-1.0647,-6.2403,1
2.6707,3.8768,3
