-2.8748,-1.1087,1
0.73284,1.8799,3
-2.2097,1.179,3
-1.5769,0.53909,1
-0.27403,-0.17596,2
1.3821,-2.099,1
0.95696,-0.23223,1
-1.0109,-0.41185,2
-1.5369,-2.4495,2
-2.8446,-1.6524,1
-1.1626,-1.159,2
0.22386,2.5098,2
2.307,-2.3865,1
0.30723,1.2336,1
-1.3474,-2.1202,2
-0.11774,3.8612,3
-0.2936,0.6638,2
-0.074825,-0.83234,2
0.40941,-1.438,2
-2.7545,-0.13867,2
-1.1922,1.2338,2
-2.9492,0.83885,2
-3.0885,-2.3089,2
1.2306,-4.259,3
1.9392,-3.67,2
-1.4857,0.098498,2
-4.548,-5.6375,1
0.53213,1.4772,2
-4.6076,-3.0151,1
-0.062523,-0.15344,3
-1.4101,-2.4513,1
1.3678,-0.38299,2
0.75524,1.0633,2
0.22962,3.9561,2
-0.0016712,1.5764,2
0.36803,-1.9764,2
2.2814,-1.4606,2
-1.0446,0.96708,2
3.3204,1.8111,3
-3.8839,-0.81797,2
-1.6135,-2.4109,2
-0.99942,-0.7376,2
0.39278,-1.7159,2
-2.0165,-4.4629,1
-1.7828,0.66761,2
-0.92027,-1.1721,2
0.35698,0.016602,3
1.9246,3.5888,3
1.4954,0.70757,2
0.26161,-5.8453,1
1.1992,-1.6512,2
0.51759,-0.28845,2
0.83984,3.9791,3
-1.4053,-1.6138,2
-4.9361,-1.239,3
0.35128,-2.5024,1
-3.5469,-3.6361,1
2.1266,-1.5159,2
-2.5123,-1.8706,2
2.7615,0.32196,2
-1.6459,-2.5359,2
0.94635,-0.29127,2
1.7888,-2.8018,2
-0.17934,1.7947,2
0.14011,-1.5412,2
-1.1265,-5.6667,2
-0.47657,0.73338,2
-4.6466,4.7574,1
-1.0358,-1.4884,2
-4.6128,-5.0013,1
0.97387,2.5484,1
0.78968,-3.1758,1
-2.8417,4.436,1
-0.35398,0.24484,2
0.86082,0.45265,2
1.5467,-0.00025111,2
2.8334,-0.14706,2
1.3343,1.827,2
-1.6998,-0.90491,2
4.4629,-2.4898,3
-1.5801,-2.4519,2
-0.19274,1.659,1
-2.2396,3.0592,1
0.00089965,1.5084,2
1.6359,-2.6002,2
0.60261,1.9836,3
-0.48297,-2.0841,1
-1.9349,-2.1508,2
-2.7269,-2.7983,1
2.6796,0.2427,2
-0.60799,0.84803,3
-1.3936,3.4448,3
0.61555,-2.9015,1
-1.2012,-1.9702,2
-1.5563,1.1212,2
2.642,1.8675,3
1.0063,-0.31521,2
1.1575,4.6217,3
-4.7908,-4.8845,1
4.3954,-0.039801,2
3.1223,-1.3063,3
1.9376,2.6579,3
-4.0764,2.0283,2
-5.1933,1.9708,2
1.5255,-1.4165,1
-4.3076,-2.9566,2
1.8354,0.68253,3
1.1287,-2.7137,2
0.15131,-5.0008,2
-2.8346,-5.0535,2
3.1613,1.3545,3
1.0448,-0.76796,2
1.4648,1.4631,3
1.9399,0.62969,2
-2.7215,1.6695,1
-0.93415,-0.40202,2
1.8503,1.8355,1
-0.20823,-1.5095,3
2.2494,0.0094841,1
0.71408,-0.14852,1
-1.6641,2.0775,2
-0.94698,1.0642,3
-1.3884,3.7825,2
6.0696,4.2799,2
2.4585,-1.2229,1
-2.2208,1.6156,2
-2.4246,0.53481,2
0.55939,0.30863,1
0.68203,0.95289,1
-0.36297,-1.8359,3
-1.2891,-1.2416,2
2.0762,2.4113,3
-0.0054539,-2.9325,2
2.1391,7.2446,2
-2.8923,-8.358,1
1.7307,0.78911,1
2.0275,-1.7802,2
0.7946,-0.86064,2
1.761,0.60782,2
0.81987,-2.8612,2
0.52991,-1.804,2
1.1185,3.6407,3
2.9395,-0.44116,3
-1.0971,-3.4065,2
0.032108,-2.3134,2
-0.22921,1.5593,3
1.9517,0.9895,2
-1.1506,2.1896,2
1.9329,0.61872,3
-1.2754,0.81134,2
-2.4228,1.9536,3
2.7329,-3.6757,2
-0.69916,-1.2059,2
3.3659,1.9744,3
0.42837,2.3053,3
2.7974,3.3329,2
-1.3497,-3.1789,1
-0.017925,-0.63723,1
1.1731,-0.9655,2
-3.2259,-3.6705,2
5.2926,3.8171,2
0.53683,0.79196,3
2.937,1.1401,2
0.68432,-1.3988,2
-2.8521,1.382,2
3.7127,2.7443,2
-1.7254,0.34931,1
1.3864,3.5106,3
-0.2808,1.6577,3
0.95859,-2.8413,2
1.3193,0.56955,3
-0.25054,-0.34612,2
1.4435,-0.55845,1
-1.1781,0.89615,2
-3.4868,-3.8022,1
-1.1917,-0.16506,3
-1.6701,-5.8584,1
-3.8512,0.78502,2
1.4848,2.7254,3
1.4069,0.96029,2
2.7072,2.5627,1
4.1296,3.3847,3
6.6747,3.5138,2
0.07114,-0.72176,1
0.30601,-1.4263,3
1.0639,0.3252,2
1.1833,1.2129,3
1.5338,0.88791,2
-0.10574,-3.9228,2
-1.7943,-1.6066,3
-0.062057,0.20171,1
-0.29589,-6.7754,1
0.67028,4.8453,2
0.35696,3.146,3
2.465,-3.6247,2
5.0087,-0.93783,3
1.1187,0.65927,2
2.3899,2.7647,2
0.69934,-1.083,3
-2.782,3.3739,3
0.42577,-3.3708,1
-1.8346,2.6833,2
0.55045,-0.76352,2
0.085591,3.2425,3
-0.33708,-2.7219,2
-2.546,-3.1218,2
-2.2355,2.7404,2
1.5742,4.017,2
-0.2288,0.11395,3
-2.8374,-1.5698,2
-3.0014,0.46968,2
1.5452,4.7366,2
2.4062,-1.0704,2
0.43405,-2.618,1
1.351,-0.38158,3
-0.8658,-0.6954,2
0.454,-0.34525,2
0.80391,-1.5619,2
-1.2593,0.65502,2
-2.408,0.44553,3
-3.568,0.2348,2
-2.0057,-2.5246,2
-0.68521,-1.2051,1
1.3912,-3.067,1
1.3773,-2.7356,2
-0.67189,-1.0025,2
-0.77007,-0.17651,1
2.7467,-0.96005,2
1.9409,0.51877,3
0.81324,-0.83024,2
-3.6211,-1.0893,2
0.68853,2.3051,2
-2.0962,-3.4756,2
-1.5983,-2.4939,1
3.2148,1.6756,2
0.69601,-4.6495,2
3.0218,4.3951,2
3.9291,1.0206,2
-2.6359,-3.1138,2
-0.98289,-0.45418,2
2.6296,0.42412,1
1.1761,1.7168,3
-2.2766,0.65842,1
1.1192,-1.3408,2
2.6724,8.7892,3
-3.1749,-0.38931,3
2.1517,2.4944,2
0.62776,-0.83542,2
-1.3579,-0.21345,2
4.9971,-0.6834,3
3.328,-0.34616,2
-1.8896,-2.8,2
-1.9907,0.85466,2
0.47796,-3.208,3
4.4264,-2.8769,2
-1.4022,1.1485,2
0.077607,1.7466,3
1.0304,3.4932,3
3.3392,7.191,3
1.516,0.2763,2
-0.65964,3.5476,2
0.21008,0.87058,3
1.1442,1.2023,3
0.27407,0.78789,2
0.64596,-0.32988,3
0.21217,-1.486,2
-0.5632,-1.3093,2
3.326,1.1496,3
-1.9183,1.5156,1
-2.8748,-0.64311,1
0.86353,-0.075339,2
-5.1225,-1.3265,1
-3.2392,-3.7791,1
1.5441,0.98527,2
-1.9768,-1.4195,2
-4.0362,-3.4191,1
-0.61263,-1.2063,1
-0.45828,1.3136,1
-0.10494,-6.8292,1
1.8737,0.072463,2
-0.18771,-0.49789,2
-5.1209,0.48262,2
-2.5563,2.8826,3
0.83997,0.59456,2
-0.12507,1.5556,2
1.0848,-1.8891,2
-1.428,0.60193,3
0.11179,0.422,2
3.0609,0.72597,2
-1.7134,-2.0662,1
-1.1459,1.3055,2
2.4391,-0.40228,1
-1.4009,0.2965,1
-2.8216,0.46982,1
-1.7472,-5.7701,1
1.5966,3.4633,2
-2.3291,0.93183,2
1.5442,0.98306,2
2.0956,2.3691,2
-1.4363,3.788,2
1.6213,1.8223,3
3.7357,-1.0297,2
1.4483,-1.8287,1
2.6074,-2.1203,2
1.8999,-1.9897,3
1.2413,0.44976,2
3.0174,-1.2563,2
2.9521,3.9757,2
-0.17271,-1.0528,2
0.99903,0.68382,2
1.8488,3.1408,2
1.709,2.2294,2
3.3989,2.2411,2
0.35284,0.65539,2
4.6044,1.3382,2
0.54194,5.1932,3
-3.5707,2.203,1
-0.017557,1.5144,2
1.2716,-4.5662,1
2.4545,-1.1346,3
2.4255,1.7282,3
0.63837,-1.7183,2
-0.90689,2.3184,2
1.8813,0.89614,2
-2.7454,0.50929,2
0.32403,0.85049,2
0.13294,1.4376,3
0.92164,2.8652,2
2.9453,-2.202,2
1.6039,-0.032263,2
0.054606,0.46049,2
-1.5313,-1.7183,2
2.3603,-3.0765,2
1.8225,-0.34293,2
0.67389,0.20494,2
0.16659,0.619,2
0.24998,0.85086,2
0.21359,3.9465,2
0.61243,1.5855,1
0.25124,-0.67936,3
0.88368,-2.3414,2
1.7644,1.1476,1
-2.6555,-3.9218,1
-0.17895,-2.0754,3
3.7274,0.10579,2
0.7678,2.6973,2
0.95178,6.3984,2
-3.281,-0.24255,1
-1.522,-2.0143,2
-2.0382,-1.1154,2
3.5851,-1.6283,2
-2.0543,2.4788,3
-3.1616,-0.99996,2
-0.37463,0.88356,3
2.6855,-1.2751,2
2.6324,2.7343,2
1.328,2.5149,3
-3.1161,-3.8535,1
-1.4775,-3.2161,1
-4.1567,-2.866,1
-1.6123,-2.092,1
-4.1594,-4.0515,2
-4.4992,-0.15926,2
-2.5453,-0.33053,1
-2.1328,2.902,3
2.2539,4.6622,2
1.505,3.3589,3
2.4241,-2.0429,2
0.039338,3.3295,1
3.929,-1.3646,2
-0.15537,-0.053314,2
1.3221,0.76675,3
-0.11686,0.15619,2
2.3598,1.4672,2
1.2054,-2.3141,1
1.0286,-0.40901,3
-1.8724,-0.81802,2
-2.5937,-1.162,1
2.4225,-1.6747,2
4.0312,-0.71577,2
0.95317,1.0622,2
-0.46445,-3.8868,2
1.875,0.78649,2
0.53753,1.1166,1
0.6978,1.3295,2
0.11856,-1.8021,2
1.2595,0.237,2
-3.572,-3.2575,1
0.034781,-0.63061,2
2.9309,2.5031,2
2.1851,1.1989,2
-0.95857,-0.25212,2
1.5883,-3.8352,2
1.0154,-0.93614,1
2.7208,-4.552,2
-0.86739,-1.3224,1
1.5598,2.6174,2
2.2103,-2.2768,2
3.0755,4.6008,3
-1.4002,-2.8843,1
0.43548,-1.1494,2
0.0035118,0.5841,2
2.2771,-1.6405,1
0.70663,1.529,3
-1.3993,-0.50104,1
2.1991,2.4346,3
-1.73,-0.72232,1
-0.51188,-0.44921,2
2.641,-1.0126,2
3.4116,-2.7879,2
0.03503,0.30224,3
-5.2359,-0.95395,2
-2.0153,-1.5335,1
3.5824,-1.8757,2
2.3013,-0.79673,2
-1.1363,1.6078,2
-0.7691,-0.077565,3
0.13024,-3.2025,1
3.6648,-2.9878,1
-0.67389,-0.83784,2
1.9675,-1.0624,2
-1.142,0.097437,1
-0.74204,-1.4433,2
-0.21787,-3.3835,2
0.15949,-1.2761,2
0.29808,-0.046067,1
-0.26261,-2.1804,2
0.6442,0.14252,3
0.85274,3.3893,3
-0.84316,-1.5809,3
5.6481,1.215,3
0.28653,-2.0949,2
5.0389,0.99926,3
-0.99291,-5.7022,2
-3.5165,-5.2416,2
1.2152,-4.4552,2
2.521,-3.3289,1
-2.7144,-2.0176,1
-1.0077,0.0098706,2
-1.1793,-2.5692,1
-0.60902,-2.4486,1
-1.7403,1.3988,2
0.83539,-2.6051,2
4.4468,0.89058,2
-0.09423,0.50491,2
1.8387,-2.1152,3
5.8068,0.14007,3
0.043762,2.9039,3
-2.4581,-2.6181,2
0.060858,4.5157,3
0.1787,0.77228,2
2.6286,-0.60883,3
-0.37936,0.54996,2
1.4766,0.36848,2
0.9417,0.33007,2
-0.2429,-0.067282,1
0.44231,0.69175,2
-0.99344,-0.45049,2
0.66302,2.3457,2
1.5626,-0.49495,2
-1.154,0.15055,2
-4.0579,-1.8668,1
-0.70444,3.7692,2
1.3972,-0.089757,2
-0.12222,-2.0887,3
-0.78012,-0.83411,2
-2.4812,0.67754,2
2.0922,2.2624,2
-1.5012,-1.8581,1
-0.51753,-2.8586,2
0.48471,-1.5923,3
0.54759,0.81458,2
1.0327,-1.3595,2
-1.3834,-0.70559,2
1.1992,-1.4204,2
-1.111,-2.4027,2
2.632,-1.405,2
-1.3888,-3.0454,2
0.8809,-2.1844,2
-1.361,1.6912,2
5.7731,6.1889,2
-1.0321,3.1837,2
-0.907,-0.29554,2
-0.095677,-0.42333,2
0.40381,2.9838,2
0.82709,-0.14002,2
0.31326,0.92712,3
0.33722,1.0887,2
2.8962,0.78333,2
1.5784,1.6238,2
0.21094,0.64977,3
5.1647,-1.323,1
3.367,-0.10027,2
3.5643,2.8614,2
1.463,-1.5624,2
0.80977,-0.81872,2
-0.68232,2.7497,2
-0.91903,-0.51764,1
0.65299,2.092,2
0.36833,0.97612,2
4.8805,0.64288,3
0.63095,-1.9822,2
0.41325,-3.4986,1
-0.046154,2.3273,1
2.1203,1.0339,3
0.045071,-2.0428,2
3.9175,0.65627,3
-0.48661,2.3951,1
0.027948,-3.1824,2
0.25239,0.41504,2
-2.841,-7.8475,2
0.033737,1.2572,1
1.5397,3.4245,2
3.2251,-0.43593,2
0.38736,-0.78145,1
-0.95666,0.90428,1
-0.16649,2.7495,1
-2.5377,-3.6506,1
3.2625,-0.49477,2
-5.6161,-3.6872,1
-0.36225,-0.93002,2
0.61803,-3.2147,1
0.56563,0.50661,2
2.4423,3.2109,2
1.0663,-1.1666,3
-1.1217,0.47637,1
0.78667,1.7439,3
-1.916,1.1831,3
0.27311,-1.4039,3
-4.3914,0.59387,1
-1.0188,0.10129,2
-6.4917,-1.1186,2
2.7716,2.056,2
0.37414,0.7216,2
-1.2545,0.026398,3
-1.1049,1.8452,2
1.3139,-2.5884,3
0.74805,0.52982,3
2.4948,4.3813,2
3.4905,-0.90849,1
-0.48928,0.85018,2
1.1049,-1.8239,1
1.1579,2.5559,2
0.33451,0.17719,2
3.4607,2.5672,2
-5.6575,1.5585,2
-2.0483,-2.2496,1
1.0259,0.21975,3
0.1703,-0.73378,3
-1.7675,-2.5423,2
0.69823,-1.1998,2
1.6974,4.4966,3
0.86447,-0.8328,2
0.3243,2.0071,2
0.94997,-2.2291,2
4.9114,1.717,3
-1.3708,-2.2547,1
0.96174,-1.1502,2
-1.0057,-4.1969,1
3.8105,2.0364,2
-0.34082,0.024159,2
0.64188,-0.0010947,2
-2.17,0.7461,2
1.8012,3.41,2
-0.13399,1.7246,2
2.743,-3.5941,2
-1.7169,2.2117,2
-1.164,0.25026,1
-0.74389,-0.11002,2
-2.1064,-3.747,2
-2.0017,0.28371,2
-1.207,2.442,1
0.44684,-2.9408,2
-1.3852,-2.3486,1
1.9606,1.0688,1
-1.4843,-0.27894,2
0.6773,1.9233,3
-5.471,-1.6583,3
1.4819,-0.032428,2
2.734,1.8471,3
-0.99564,-0.16923,2
1.7245,0.31245,1
-6.1072,-0.67257,1
-0.10108,1.7135,3
-0.32362,-2.014,1
-1.6641,2.4617,3
-2.1045,1.4704,2
-0.6779,0.51707,2
-4.4067,-0.71593,1
-2.6888,1.7337,1
-0.71666,2.1651,2
-2.777,-0.85567,2
1.4309,2.7384,3
-1.7802,-0.039788,2
-4.4146,-1.0613,2
0.67472,-0.25585,2
-1.5025,3.7832,2
-2.407,3.5576,1
2.124,0.76097,3
-3.7935,-0.2637,2
2.5344,-2.5314,2
0.66915,1.3986,2
-0.49356,2.8519,2
3.1337,4.7971,3
-1.9314,1.7459,1
-0.29625,-1.3768,2
2.2775,0.5696,3
-0.38621,2.1194,1
-1.3841,-2.8371,3
-3.5521,-3.1897,2
-1.3557,-2.3845,2
-2.3843,-1.2157,2
-0.5182,1.9528,2
1.801,-0.60247,1
-4.1246,2.042,2
0.28868,0.20322,1
1.2385,-0.12158,2
0.24113,2.2014,2
2.5641,4.7264,2
-1.0588,-2.7299,2
0.12449,1.7828,2
-3.2676,1.7049,2
-0.92505,3.3208,2
-0.19922,1.3225,1
2.66,2.5656,2
0.84204,2.5481,2
-1.0452,-2.8361,1
2.7315,-2.4677,3
3.7467,1.1559,2
-2.1527,-0.77353,2
2.2917,3.5031,2
2.023,2.213,2
2.5764,-0.22739,3
-0.34164,-0.51108,2
1.0821,-0.18697,2
1.9444,1.2888,3
-1.6238,-2.8279,2
-3.4379,0.72333,1
-1.3308,2.2305,1
1.875,1.9645,3
0.083759,2.7447,2
-0.40539,1.4326,3
3.2172,-2.0271,2
2.1777,-5.9059,2
0.9052,0.21864,1
-0.43904,-4.3485,1
0.79689,-0.45782,3
1.9457,-0.76252,2
0.39653,3.363,1
-0.30905,-1.94,2
-0.4221,3.6415,3
-0.60333,0.67504,2
-2.4781,-1.9527,2
-2.1017,-1.6031,2
-1.5015,0.45003,1
2.8793,-0.48132,2
-0.23858,3.4245,3
-0.018766,1.6955,2
1.0162,1.2559,3
-0.16169,1.1496,1
-2.728,0.56241,1
-3.6228,2.2851,2
2.6965,-0.87633,2
6.213,5.5303,3
-1.7226,1.5163,2
-1.2587,-7.6114,1
-0.47631,-0.78083,3
-1.2463,0.37537,2
2.2738,-2.2765,2
-1.35,-4.3872,2
-2.2344,0.12396,2
0.4083,-1.4289,2
-0.16061,1.4506,3
-0.98428,1.4691,3
0.74308,-0.20776,3
-0.20183,0.5776,3
-1.4252,-0.68972,2
1.4637,-0.40073,1
2.2218,0.60303,2
0.67993,2.4962,3
1.3742,-3.2109,2
1.1905,-2.1473,1
4.1157,1.4365,2
1.26,2.0635,2
-0.51854,2.2495,2
-2.6624,-4.9991,1
1.5155,2.3264,2
-0.39915,3.2351,2
-1.8819,1.1548,1
2.0923,2.7722,3
4.2051,-2.6834,2
1.689,2.4642,2
2.9443,0.064745,1
-3.4183,3.6705,1
-2.2769,1.105,3
-2.2551,-0.0066249,2
0.47297,2.2803,3
3.9232,1.3729,3
-1.5546,-0.90492,2
0.86603,-1.765,2
-1.7119,1.2884,2
-0.42031,-5.9421,1
-0.745,0.18728,2
0.28481,1.5921,3
-2.7876,1.1212,2
1.8799,-0.58691,3
0.19471,0.40281,2
-0.3504,2.0029,2
-1.565,-3.4589,1
-0.12179,1.7016,2
5.0418,-0.015481,2
-0.002785,-2.5286,3
-1.0333,-2.0982,1
0.88831,0.088822,3
-2.4026,2.3197,1
-3.1275,-2.4119,2
-1.2035,-1.9719,1
0.37392,-1.4246,1
-0.82347,1.2293,3
-1.4409,1.6874,1
-3.4635,0.99073,1
-0.23089,-0.60404,3
3.4908,4.2223,3
-2.7178,-1.1989,2
-1.3236,1.9337,1
-3.114,0.68976,3
-0.95338,0.17471,2
2.9045,0.46991,2
-4.4844,-1.1655,2
-2.5705,-2.9425,2
-0.63539,3.1759,2
1.4323,-1.6351,3
-0.078799,-4.438,2
-0.64481,-0.30894,2
1.1724,3.1231,2
-0.27643,2.5417,2
-0.46629,2.3818,2
-3.1063,-0.86272,1
-1.3238,2.3673,2
-2.0437,2.5193,2
0.50625,0.50526,2
-0.45831,-0.68808,2
0.74629,-1.0772,2
-0.58514,-2.858,2
-0.26415,-0.056616,2
-0.23531,1.787,2
1.7956,0.17403,2
2.5905,-1.9123,2
3.3804,0.96544,3
-0.65182,-2.162,2
1.3619,-3.3014,1
0.88916,-0.3825,2
-0.64237,1.9357,2
4.6408,0.74378,2
1.7865,-3.3758,2
0.31848,0.38384,2
-0.40487,-1.2452,2
0.68115,0.1281,2
1.1193,-0.24578,3
0.99099,2.5477,2
-0.42864,0.22599,1
-0.81035,1.0659,1
3.6864,0.58319,3
2.5892,0.77262,3
2.5805,-1.8042,1
3.5862,0.35659,2
-1.5371,0.59774,1
-0.017426,-4.0638,2
1.1887,0.54016,2
1.3326,2.7662,2
-0.73716,-0.3131,1
-2.4729,2.6336,2
-1.4492,-2.5969,1
1.2085,2.6661,2
-0.022577,-0.74441,3
4.1481,0.70844,2
-0.90252,0.71341,2
-1.8427,0.55034,2
-0.091017,1.641,2
2.2827,1.1483,2
-2.1444,-1.8971,1
-1.7627,0.57048,3
-0.20796,0.9843,2
1.2574,3.9784,2
-0.50919,-2.1633,2
-0.077698,0.66158,2
-0.90799,1.5843,1
-0.22812,-0.49933,2
-2.6517,-1.2631,2
1.9896,-2.1301,2
-3.1085,-0.74626,2
-0.77911,-0.16069,1
-2.5352,1.1363,2
-1.6883,1.946,2
-2.1951,-2.3883,2
4.2801,-0.19476,2
0.71349,1.0766,3
1.6038,3.8545,3
-3.7711,0.47068,2
2.798,-1.4326,2
1.5839,-1.5546,3
1.1701,1.5135,1
-1.4519,-0.86316,2
-3.3412,-3.6598,2
-0.2008,2.0981,2
-2.5209,-0.42284,2
0.0085015,-0.045629,3
0.75617,0.70939,2
1.4052,2.4792,1
-1.1774,0.32218,2
2.3871,-1.4158,2
-3.3841,-1.0822,1
3.1504,-0.051544,3
0.28072,0.53399,3
1.3803,-3.1452,2
0.31074,-2.2639,2
1.736,2.4325,2
-4.0346,-0.26307,2
5.0013,3.2309,3
-0.71559,0.3664,2
-2.4037,-1.9803,1
0.30414,2.1582,1
2.4148,-2.0134,2
0.16485,-1.518,2
-0.022271,-0.49614,2
-0.53109,2.9077,3
-0.22019,1.4568,2
-2.8502,1.1238,2
-2.0736,-2.1478,2
1.0519,2.8959,2
1.9562,-0.53883,2
-1.1869,1.2866,3
3.4298,-2.7735,2
1.388,2.1308,3
2.4623,-1.8293,2
-2.3799,-1.2377,2
3.0046,0.55979,2
1.5647,0.34112,2
-1.285,3.6757,3
-1.5107,3.3476,1
-1.6376,-0.65454,2
-0.064232,0.87378,2
-2.3249,-3.8623,3
-3.4826,0.10094,2
1.4369,4.318,2
0.046148,3.049,1
3.8206,3.771,2
0.16493,-0.34171,2
2.4418,-1.8422,2
-0.9157,-1.1138,2
-0.24893,-0.64478,1
-3.9958,-4.6666,2
-0.48766,1.656,2
2.2988,4.2243,3
-0.42786,-2.9517,1
-1.5454,-5.5495,1
3.9301,-2.3304,3
-2.1729,-0.076276,1
2.2925,-2.3782,3
-2.4238,-0.34486,3
0.75613,2.721,2
1.7257,-2.8635,3
-3.6972,-3.6735,2
0.50508,-2.1971,1
-6.8674,-2.2583,2
-1.3236,1.4719,1
0.1825,-0.27129,2
3.4368,0.74523,1
2.9936,2.1343,2
-1.4928,-1.4413,3
-5.7559,-4.2618,2
-0.98916,0.092866,2
-1.8729,-4.2012,2
-1.6102,-0.23012,1
-2.97,2.0271,2
0.71429,-2.6245,2
0.52554,-1.4563,2
2.6066,0.21627,2
1.2368,0.97721,2
-0.41771,2.7632,2
4.3919,0.50695,2
3.5773,-2.9611,2
-1.4061,1.3808,2
-0.41403,-0.44971,2
2.9603,2.7501,3
1.7782,0.30285,2
1.3725,3.0547,2
2.1261,-0.87669,2
1.3974,2.1779,3
-2.4431,0.66051,2
-0.0055682,-4.0672,1
-1.5167,1.2518,2
-5.653,-4.2137,2
0.61993,3.6325,3
0.9442,-0.25342,2
0.23228,-1.35,1
-0.5867,-0.81467,2
-0.64724,1.8746,3
-0.99346,2.7484,2
0.13357,-1.1328,2
0.78984,3.5335,3
-1.8984,5.6843,3
1.3775,-1.2901,2
3.9026,0.27495,2
0.96067,-2.5023,2
-1.3286,1.038,2
-3.6558,-4.7817,1
4.1959,-1.3379,2
-2.4195,0.68473,2
1.767,-1.5245,3
1.3048,3.0356,3
0.99156,-0.13752,2
2.4873,2.9726,3
-3.8027,2.9125,2
3.5253,1.8371,3
-1.0338,0.91985,2
1.8836,-1.7571,2
-0.52283,2.268,2
-0.62147,0.71788,2
0.37704,0.65832,2
-1.16,-2.7055,2
3.7143,0.9996,2
2.493,3.2071,2
-0.56616,-0.44612,1
-2.483,-2.2939,1
-2.0658,-0.68533,1
-1.4001,-1.2973,2
1.9817,0.081034,2
0.16113,-5.3996,2
-0.42768,-0.40377,2
-2.4163,-3.3873,2
-5.2766,0.5138,2
-1.0629,0.84949,1
0.29062,-4.5521,1
-1.7875,-4.7389,1
-2.4695,1.064,2
-1.6626,-2.0088,2
6.1024,-1.3135,2
-2.7078,-0.77941,1
0.20521,-1.2966,2
-3.9688,1.7353,2
0.5458,-0.46623,1
-0.87062,3.84,2
-2.2329,3.1172,2
-3.6889,-2.3364,2
3.0875,-1.3276,2
-2.4324,-5.0633,1
-2.1022,-1.7187,1
-0.26617,3.0394,3
-3.3394,-0.3366,2
-3.273,-5.7388,2
0.69689,1.8257,1
2.3074,-0.87087,2
-5.1256,1.0422,2
-2.158,2.3703,2
1.5541,-0.77012,2
-1.3515,3.7124,2
-1.5197,1.4399,3
3.7199,3.2961,2
0.0092385,0.39233,2
-3.9781,-0.076744,1
-3.3469,-3.1602,2
-0.31258,-3.3699,3
0.34803,1.1212,2
4.3349,1.6108,2
2.9117,-4.3726,1
0.76593,1.6562,3
-1.8905,0.44772,2
-3.0207,-2.9308,3
-3.6965,-2.235,1
-1.9495,0.99196,1
0.66384,-0.82962,2
4.3921,2.2356,3
-3.8041,-0.90679,1
2.1567,4.1323,3
-0.79544,1.1139,3
-0.011182,1.3834,2
-0.24292,3.1583,2
2.7692,-1.6963,2
-0.83843,3.0689,2
-0.44079,4.1321,1
-2.0122,0.70771,3
0.6034,0.91385,3
1.9771,2.4679,1
-0.023044,-1.9883,2
-0.64697,0.24135,2
-1.7736,-0.83345,2
5.685,-1.6599,1
1.3336,2.915,3
1.6102,0.55087,3
-3.5673,-0.60075,1
-1.8003,1.1224,1
0.42426,1.125,2
2.2532,0.57882,2
-0.91628,-0.93282,2
-1.0992,-1.2361,2
3.495,1.6944,2
-2.2327,-1.6681,1
0.24447,-0.5875,1
-1.0037,-1.4331,1
-0.00071981,3.9413,2
0.20437,3.2331,3
-2.0073,-0.7281,1
2.4515,-1.2702,2
0.97896,2.1747,2
-1.869,0.5527,2
5.5293,1.3495,2
1.2494,-1.5128,2
2.97,0.45251,3
-2.1715,-0.54064,1
0.97795,-3.9422,2
2.42,-2.4906,2
1.4991,-1.8126,2
-3.8673,-1.9094,1
2.5919,2.5729,2
0.55063,-0.50309,2
-4.4408,0.71798,2
1.8906,-3.9627,1
-6.4338,-4.2688,1
-4.244,-2.0472,2
3.4753,-3.2489,2
-3.678,0.90002,2
0.36427,1.3498,3
-1.0968,0.41588,1
-1.8236,-2.7477,2
-0.080926,0.053549,2
0.97247,-2.2842,2
0.65334,0.17283,3
0.17261,-2.5186,2
-0.234,1.2611,2
-0.67674,-0.23257,3
4.903,0.14383,3
-1.1489,-0.092065,3
0.39767,-1.488,2
-2.7671,2.2076,2
0.11623,3.0347,1
-4.68,-0.37979,2
-1.763,-1.8659,1
3.1266,-0.94399,2
1.3844,-0.87267,2
0.73605,-1.5749,2
0.91779,-2.6299,1
4.2021,1.1318,2
2.0253,-0.35149,1
0.34089,0.21043,3
3.7816,0.21067,3
3.0981,-0.043272,1
-2.2309,-4.5032,1
3.9764,-0.67835,2
0.090475,-4.7719,2
1.0472,1.0494,2
2.9173,-2.3827,1
1.557,-3.1566,2
0.66291,-3.6027,1
-3.3653,-3.611,1
-2.3391,1.0328,1
-0.31172,3.134,2
1.489,-0.016484,2
0.033394,4.4765,2
3.9267,1.9081,3
1.1867,1.9817,2
2.5098,-0.24647,2
0.27892,-1.8175,3
-2.2632,0.45267,2
2.4862,2.1433,2
-0.048315,3.8836,2
0.84728,-1.5675,2
6.1093,1.2864,3
1.1727,1.6435,3
-1.9818,2.3532,3
0.20483,3.5232,3
1.522,1.1883,3
-2.9076,-3.0607,2
-1.706,-0.59299,3
3.0165,3.4244,3
-3.5116,-1.9974,2
0.12616,-5.0607,2
0.43314,0.0063605,2
5.8787,0.97282,2
-0.84721,3.2111,3
5.5807,2.4189,2
-1.4752,-0.2054,2
-1.6164,-0.26063,2
-1.4196,1.2185,2
5.8582,-5.0608,2
-0.52801,-2.2984,3
-2.9843,0.80377,2
0.77529,1.2504,3
0.63284,4.4783,2
-0.554,4.0779,3
1.2208,-0.27831,2
1.3684,0.78308,1
-1.4822,0.23903,3
2.5488,1.7902,2
-0.25817,2.168,3
4.8234,0.49975,1
0.14045,2.0571,2
1.9962,-0.32226,2
1.7092,0.4126,2
-0.10416,-0.10717,2
6.8011,0.076485,3
-0.3507,2.9202,2
2.4722,1.6643,2
-1.9913,-5.5459,1
0.904,-2.6844,2
-1.336,-1.6241,2
-2.1403,-5.2286,2
1.4778,2.3818,3
0.82831,-1.271,2
1.5899,-1.2825,2
1.1596,1.5608,2
1.5848,0.9993,2
-0.56944,0.32396,2
-0.69181,2.5992,1
-2.9225,-0.3649,1
-0.99797,0.66596,2
-2.2194,-0.77618,3
1.3206,1.9993,2
0.52216,3.6089,1
0.76132,-1.1387,2
1.7771,0.41391,1
3.2186,1.6536,3
-0.15915,-1.0099,2
-3.0471,0.69659,3
-0.73064,-1.3626,1
-2.3859,4.9179,2
-2.7571,-3.3865,1
0.044208,-0.45305,2
-2.5194,0.51881,1
1.8355,2.0233,3
-1.1593,-2.2805,2
2.133,-3.5372,2
3.1424,-0.16871,3
0.89068,-0.88477,1
4.3582,5.8131,3
-2.2977,0.99461,1
0.5648,-3.1157,2
-4.7654,-2.0222,2
4.573,-1.8964,3
-0.26133,4.5397,3
1.3439,2.0187,2
-0.81968,-1.3913,3
0.10665,0.014408,3
1.422,4.3572,3
-1.4285,-2.3871,2
2.5412,2.7216,2
0.44416,-2.6128,2
0.74114,3.135,3
-0.24457,3.2052,3
0.7651,-1.29,3
3.8454,0.099963,2
-1.6041,3.1752,2
-4.0383,0.3563,3
-0.30443,0.86226,3
-0.24075,1.4381,3
1.338,-2.0281,2
3.255,5.7052,3
-0.14223,-0.31555,3
-0.18001,-0.6777,1
-2.9882,0.74087,3
-0.97398,1.8188,2
1.4834,2.5251,3
0.63887,-1.7761,2
0.089865,-3.1824,1
2.9092,-0.096298,3
-0.90462,-3.8936,1
-0.94491,-0.87894,3
-0.99211,-0.23132,3
1.6042,-0.77424,2
1.2329,0.94916,2
1.2743,1.9699,3
-1.6516,-1.6402,1
-0.10584,0.47471,3
0.81037,1.809,2
0.20527,-1.5669,2
2.2283,0.63068,2
1.7581,3.0652,2
0.1138,-3.7951,3
2.6433,-5.1879,2
-0.51977,-0.40894,1
-0.073598,4.3433,3
2.0907,-5.2709,2
0.7068,-0.13502,2
1.4115,3.8754,2
0.88281,-0.53967,2
1.4401,5.4153,3
3.8588,3.444,3
0.87979,-0.39772,2
2.3276,1.6877,1
0.097078,1.1365,3
0.18533,-2.0548,2
2.425,1.5093,2
-1.2337,0.83735,2
3.8762,-3.7271,2
-2.0449,4.0656,2
3.387,-3.6162,2
-1.3979,1.1878,2
-0.020608,0.38697,3
1.3257,1.6998,2
1.2075,0.4931,2
-3.5857,-4.1177,2
-0.37161,-3.7548,2
-1.5336,0.10459,1
0.65489,-1.7358,3
0.75165,0.65489,2
-2.0765,-1.3417,1
-1.6704,-0.36947,2
-2.4351,-0.072522,2
1.2763,0.31235,3
1.6585,1.0189,3
-0.95146,-1.3772,2
-0.12793,0.76478,2
1.2315,1.7371,2
-0.81497,2.1597,2
-2.1936,-1.5035,2
-0.27008,3.0369,2
1.7901,-1.8788,2
1.4204,-0.2084,2
0.75642,-2.1155,1
1.3911,-0.28828,2
-2.8961,3.6002,2
5.5354,-3.1798,2
0.29475,-0.37664,1
-2.8011,-0.22449,2
-1.4766,-2.6494,1
-1.1205,2.0013,3
0.19274,-0.11243,2
0.72887,2.7172,3
2.6092,2.3442,2
-0.56568,1.0431,1
-1.3289,-2.0596,2
-2.6742,1.8116,2
1.796,-2.0095,1
0.10296,0.080448,3
3.1924,0.95499,2
2.2088,0.53901,2
2.7674,1.8334,1
-2.6967,2.2663,2
0.8624,0.97609,2
3.034,1.5905,3
0.86293,-1.396,2
4.3689,5.9866,2
-4.1988,-0.42277,1
3.8362,2.325,2
-7.2935,-4.0773,1
-1.5592,-2.7502,2
-1.4273,-2.357,2
-0.75359,-0.39512,1
-5.0857,-4.3978,1
-1.6747,1.4421,2
4.5291,1.269,2
0.28818,1.7193,3
-1.1369,-1.4595,2
0.71518,0.53617,2
0.071507,1.1449,2
1.2824,3.9274,2
-0.093639,-0.70495,2
1.7631,-0.51982,2
3.7704,2.8092,3
3.177,4.3772,3
-2.4885,-2.8208,1
-0.47633,2.9603,1
-0.81893,-1.2849,3
0.57547,-0.98715,2
-0.4425,-0.43216,1
-0.7547,-2.0975,1
0.10908,3.3984,3
-0.3992,0.50109,2
2.5117,2.637,2
-5.5592,-3.7162,2
1.563,-4.5219,1
0.24303,0.28071,2
-0.80699,1.4954,2
-0.0015131,0.051593,2
-0.49257,0.51553,2
-0.26945,2.77,1
3.296,-0.31607,2
-3.0418,-0.23305,1
-0.20228,-1.5571,2
3.7046,-0.98365,2
-4.6342,-2.8306,1
-2.4444,-3.3278,1
-0.8893,1.0277,2
0.85192,1.9373,2
-1.7494,-2.7652,2
4.1787,2.3865,2
-0.074007,-3.4287,3
-2.4868,0.21531,2
-2.1183,-4.3775,1
0.79215,1.6834,2
-1.1043,1.6754,2
-2.7662,-2.293,1
0.11548,-3.9857,2
3.2797,-1.7363,2
0.63703,0.49125,3
-1.3909,-0.065143,2
1.581,1.3185,2
-0.32017,1.2365,2
-0.003157,2.3118,3
0.36108,0.40738,2
4.6407,3.43,3
-1.205,-1.3126,2
-0.10056,5.5409,2
1.7191,0.28168,3
1.4826,1.2367,2
-1.1204,-1.3221,2
-0.27931,-4.1567,2
0.20278,-0.20237,2
0.65204,-2.9941,2
-1.4799,-2.0098,2
0.84305,-2.5764,3
-2.7738,2.6638,3
-1.9277,2.7828,2
1.3822,-1.7019,2
3.4189,0.56346,1
-2.0734,-8.4248,2
0.87638,-2.0027,2
-0.41548,2.46,3
-0.63283,2.3164,2
-5.3427,-1.5532,2
-1.122,-0.93655,2
-3.3816,-0.71083,1
-3.7663,1.543,2
5.1595,2.1397,2
0.044142,4.9132,3
-1.0684,-3.4498,1
-0.59976,1.1803,3
-1.8559,2.1897,1
2.0791,3.2969,3
-2.9268,-2.5936,2
-2.0966,-1.1185,1
0.73888,3.4579,2
0.40034,-3.3112,3
-1.9706,0.11103,1
1.8215,-1.8637,2
-2.2144,-0.3736,2
3.3795,-0.039476,3
3.3866,2.4147,2
-0.00056908,-3.0123,2
0.17837,3.6338,2
-0.51657,-2.8938,2
2.8754,-2.3207,2
-2.4752,0.44323,3
-2.3638,1.8216,2
2.9477,0.034973,3
1.0217,-1.9228,2
6.0035,3.1892,3
-1.0509,-0.31386,2
-4.224,1.8465,3
-2.1915,-1.8151,1
0.66126,0.20837,3
-0.80013,2.3331,2
3.8584,-0.64648,1
-4.0171,-2.0701,2
-0.69791,-2.0073,2
-2.6268,-2.3397,2
3.4379,2.0471,2
-0.95652,-3.3624,1
1.485,-2.1139,3
1.0581,-2.1381,3
-1.4719,-0.77543,2
0.36905,-3.333,2
-2.9274,2.563,2
-0.20299,-1.5543,1
-1.75,-1.3591,2
0.91383,2.7345,2
-0.21117,0.54014,1
-1.5558,0.15126,2
0.017446,-0.58053,1
4.1185,-1.5146,3
-3.7466,-4.1521,2
2.8678,-1.5031,2
2.4568,-0.15514,2
-0.65341,-2.2275,2
0.08774,1.1934,3
-1.3106,3.8067,2
1.6747,-2.9177,2
-3.0993,4.2725,2
-0.12648,1.5936,2
0.66301,-2.5099,1
0.55845,1.4322,2
0.41556,-0.67075,3
-4.706,-5.6922,1
3.8102,1.0668,2
1.7645,1.457,3
2.8284,-2.6269,3
-0.96781,-0.20847,2
-2.1594,0.2514,2
-3.3752,-1.1123,1
2.136,3.7601,3
3.0118,3.0166,2
3.152,1.7336,2
2.5766,-0.91891,1
-4.5801,1.508,2
1.9574,-2.8364,2
1.8061,1.8012,2
-5.1247,1.3098,2
-0.41584,-0.87205,2
0.14083,-0.084381,1
-0.50275,-4.1911,2
1.3859,-0.94392,3
-1.9085,-4.3805,1
-0.76481,-5.7123,1
1.0637,4.1635,2
5.2624,5.9474,3
-0.56535,-3.1668,2
0.073528,-2.067,1
-1.9811,-1.8542,1
3.9164,2.5747,3
-0.73952,-0.36134,2
2.605,1.361,3
0.9146,0.21583,2
2.1517,3.624,2
-1.1368,0.63616,2
-0.69283,-4.2638,1
0.29171,-1.4106,2
0.16005,-1.9307,1
5.5865,1.2579,2
2.5374,1.4669,3
0.7725,0.084027,1
0.77477,-4.5283,2
-0.62227,0.7164,2
0.061669,-0.95972,3
-4.8146,2.2213,2
-5.3484,-1.151,2
5.5588,3.2142,3
-3.1294,-4.8471,1
1.1485,2.1326,2
1.3945,2.79,2
-0.53258,0.7209,1
-0.57674,-2.3304,2
1.7586,-2.1353,2
-2.161,-2.4548,2
-3.0241,1.0174,2
-1.1969,2.8381,2
-1.9659,-0.44963,1
-2.8222,-0.2333,2
-2.1368,-4.4694,2
0.51248,-0.13999,2
2.8283,1.4912,2
-1.7013,3.6097,2
-1.9009,-0.70894,2
-0.8668,-0.38434,2
0.59943,1.278,2
1.1988,-3.3766,2
-0.081738,-0.5153,2
-1.0276,-1.1295,3
-3.5066,-0.39419,2
1.6644,0.74604,1
1.5287,0.74995,3
-0.72348,-1.9435,2
-2.0026,-1.9972,2
4.2464,-3.0848,3
-1.3093,2.1741,2
-0.1679,4.0652,3
-0.55053,-0.61415,3
-0.9249,1.9085,2
2.0693,-3.3572,2
0.46958,-2.502,2
1.1957,-5.1559,1
1.8858,-3.6635,1
-3.1809,2.493,2
3.878,1.9165,3
-0.61571,-2.0294,2
-1.3549,-2.857,1
-1.8788,-1.3134,2
-2.6777,-2.0643,1
-0.036243,0.42705,2
-1.4786,3.4521,3
3.9648,-0.51055,1
1.0108,-0.34587,2
-2.6705,5.6988,2
-0.62018,-3.8901,2
-2.7245,3.4844,1
-0.66085,-1.2472,2
5.7289,2.924,3
1.5399,2.2946,2
-0.79957,-0.75897,2
3.9148,-0.4578,2
1.4383,1.5835,2
1.1656,-0.43302,2
4.3329,-1.4632,3
0.69719,-0.26658,1
1.2856,1.6122,2
1.4083,-3.5346,2
0.27628,0.4835,3
0.72891,-3.4657,1
4.541,3.2116,2
-1.3616,-2.5941,2
-4.086,0.31209,2
0.090987,0.024454,2
-3.2311,-0.2305,2
0.85202,0.20666,2
0.46625,0.30905,2
-2.0776,-0.069872,2
1.288,-1.4917,2
3.5355,3.7117,2
-1.9096,0.87046,2
1.2395,-1.9997,2
2.0452,-2.5002,2
-0.49811,1.4432,2
-0.51255,2.7948,2
1.0311,1.6976,2
-0.57153,-2.019,1
3.1033,1.2418,3
-0.96054,1.6162,3
1.8153,-2.7354,2
-0.63536,0.46798,3
1.2789,-0.09978,3
3.5416,-2.9261,2
-0.51754,-1.8857,1
5.4218,3.9978,2
-0.0045104,-2.8829,3
0.14831,2.5891,2
2.4113,-0.54316,2
0.62601,1.7931,1
-0.6033,2.4461,1
-1.0061,1.209,2
-0.54695,-2.1321,2
0.13792,-1.2799,2
1.5675,-1.5307,1
2.4018,0.65028,2
0.371,-5.128,2
-3.326,1.8111,2
0.57105,-1.7362,1
4.3725,4.3122,2
-0.54728,-3.0835,2
-0.39288,4.0508,1
-0.47867,-0.3733,1
-0.3954,-2.4415,2
0.61225,3.1247,3
-4.2293,-0.41721,2
1.8268,-2.6422,2
-0.93668,-2.5511,1
1.0073,1.0599,2
0.48727,-2.3988,3
0.44401,-0.34818,2
-2.4579,-1.344,2
0.29739,2.1982,2
2.766,1.8769,1
-2.7397,1.1212,2
-1.8798,-1.2964,3
-2.3746,-0.5302,2
0.46347,-0.82936,2
-3.1167,-3.5931,1
0.47738,-0.75872,2
1.7827,-2.6535,2
0.64553,-0.036567,2
0.17995,1.262,1
1.0866,1.3798,2
0.98086,-2.2558,2
-4.8809,-2.2428,1
1.714,1.0084,2
1.0166,-0.82686,1
-0.10685,-2.6598,1
-0.65113,-5.1125,1
2.0675,-0.99243,2
-0.71328,-2.4567,2
3.0567,-0.65864,1
-2.1894,1.7206,2
2.3112,-4.1658,2
0.56515,-4.9642,2
-1.5865,0.7609,2
-4.761,1.135,2
1.3252,-1.1873,1
2.4413,0.88477,2
0.27267,-3.3591,2
-1.86,-0.55459,2
1.5184,-2.3723,1
2.8247,-0.30483,3
-0.28485,-2.3645,1
-1.478,-1.7027,3
3.3945,1.6654,2
1.0777,-2.5244,1
-4.4581,2.3416,2
-1.0106,1.0915,3
-3.0497,-1.3129,1
1.3414,-1.887,1
-1.8165,-0.72778,2
-2.1657,2.0012,1
3.9869,3.3289,3
1.6517,0.96702,2
0.44084,-1.2188,2
-1.6507,-0.32706,2
-5.688,-4.3473,2
-2.6279,3.4137,2
-4.3135,3.4197,1
1.1341,3.7873,3
1.0907,-0.78594,2
0.3594,0.29373,1
1.0545,4.2301,2
0.88036,5.3227,3
1.6255,-2.7306,1
-0.91667,2.4615,2
-3.5844,-0.47721,2
1.1679,2.5703,2
-0.77355,-3.4835,1
-1.1752,2.433,3
0.31274,1.9586,2
-1.0383,2.3179,3
-5.1267,3.1504,2
-2.0369,0.44103,2
-0.003559,-2.1838,2
2.1769,2.6085,2
-2.3495,-2.3341,2
3.9531,4.7197,3
-1.7906,2.0541,3
1.9286,6.6674,2
5.2435,-1.6769,2
0.75531,-2.5796,2
0.99901,3.8932,3
0.12097,-2.8131,2
5.6506,0.69658,3
2.3159,-2.9634,1
0.71542,0.35512,3
-1.9936,-2.3119,2
-4.355,2.9035,2
0.19181,-4.5704,2
1.5762,1.936,3
4.8131,1.646,2
3.5774,-2.416,2
0.69282,-0.69345,3
-1.853,1.9322,2
-1.5799,-3.1587,1
0.8114,1.8691,2
-1.1078,-2.7054,2
4.2324,2.5641,3
-1.0817,1.5275,2
1.2745,-1.5186,2
-3.0979,3.0098,2
0.5916,-3.1056,2
-0.60269,2.5305,2
3.3158,2.3971,2
-1.4648,-0.59708,2
1.4094,-1.2417,3
-0.40703,-1.962,2
0.95086,2.0111,2
-2.1486,-2.6687,1
-3.6978,-3.7938,1
-3.928,-0.23364,1
-1.4739,-0.97462,2
-1.5552,-1.8742,1
-0.78262,-1.1684,2
-1.073,-2.1262,2
-3.0128,-3.5099,1
0.21633,-1.1832,3
2.136,-1.2172,2
-0.86525,2.4681,2
3.2555,-0.84324,3
-0.99477,-1.9822,2
-0.84454,-1.814,1
-3.1289,-4.4113,2
1.7765,-0.72923,2
-0.99759,0.55083,2
1.7932,-0.73748,3
4.6793,3.246,3
-0.34023,3.6804,2
-0.53538,0.97485,2
1.5325,0.36794,2
-1.019,0.68313,1
-2.4179,-1.4252,1
-0.15435,0.46858,3
-2.7166,-0.68034,2
1.1019,0.62765,2
1.1737,-1.2973,2
-1.2334,0.35263,3
2.9801,6.3798,3
-4.635,-1.9813,1
-2.5614,1.6107,2
6.0388,1.7961,2
-2.1535,1.1051,1
2.3378,-0.76578,2
-4.2154,-1.9328,1
-1.0722,0.58284,1
-3.2292,-1.946,2
1.0126,1.9278,2
3.1489,-3.5549,2
-2.9595,4.3188,3
-0.76585,1.2235,1
-0.068989,-0.12598,1
-3.9146,-3.8266,1
-1.5319,1.4924,3
0.27507,0.8159,1
2.3485,-1.4434,2
-0.63742,-3.886,1
1.6845,0.61293,1
-0.94238,-0.051098,1
1.9814,0.56338,1
0.15693,1.7578,2
-3.0964,-2.2414,2
-1.0284,0.56003,2
-0.20029,-3.7781,2
-1.6779,-1.9397,2
4.4802,1.6637,3
-3.3099,6.7568,2
4.8588,1.5574,1
-0.60838,1.1374,2
0.50523,3.3217,3
0.2599,1.9574,2
1.7584,1.5555,2
-0.0011098,-0.53793,2
-2.1593,-5.4919,2
-0.75261,-2.945,2
-0.80968,-2.0183,2
-2.5482,-0.050906,2
-1.1637,-2.8053,2
3.9841,1.9965,2
-0.63831,0.31728,2
-0.039691,-1.8353,3
2.2564,-0.64142,2
1.3976,-1.8332,2
1.3681,-0.19268,2
-2.5742,0.56957,2
-2.3837,-4.3525,1
-1.0395,-2.5234,3
2.2166,-0.42744,2
-4.7644,-1.3447,1
1.1785,2.3908,2
1.9762,-4.7228,2
-1.8278,-0.96379,2
-0.87752,2.4957,2
-1.7491,-1.1024,2
4.0924,1.1421,1
-3.5398,-1.1855,2
-1.6856,1.6884,1
0.32599,2.0794,2
-3.9825,-1.0101,2
-2.0137,-2.0484,1
1.294,1.996,2
3.1941,0.65567,2
0.15209,1.4146,3
-3.8463,-2.8515,1
-4.6209,-0.53676,2
-0.72716,-2.4765,3
-0.76735,-0.61629,1
-1.6477,1.3,2
2.9631,1.6491,2
-0.80871,0.69503,2
-1.5121,-1.0679,1
1.275,0.60364,2
-2.9772,1.3923,3
3.1021,3.1082,2
-2.598,-0.63453,1
1.1184,2.005,2
1.5921,1.7084,2
2.2281,-0.92387,2
-1.7827,1.832,2
0.74171,0.49,2
3.5284,6.2849,2
0.74133,4.848,3
-7.2109,2.0073,1
-1.4944,-3.0562,1
4.2838,0.95317,2
-0.64878,0.85168,2
3.13,2.7708,2
-3.0661,-1.886,2
2.0325,1.6065,2
-0.24654,-2.117,1
-1.5761,-2.397,2
-1.1572,0.97696,1
2.1704,0.71805,3
0.44139,0.67798,2
0.85168,0.73401,2
1.6509,5.0736,2
-2.3639,-4.2231,3
0.96119,2.3782,2
-0.43251,2.8718,2
5.04,2.3526,2
4.8463,2.1009,2
-0.30942,0.39104,2
0.42904,-2.9901,1
-2.4491,-1.3222,2
1.5469,-1.6004,1
3.1363,3.5219,2
-1.1969,-0.62982,2
-1.084,-2.0363,1
-3.4687,-1.9626,2
0.67094,0.30082,2
-2.4401,0.14912,2
-1.8125,-0.93705,1
0.17762,-0.64329,1
2.9584,-0.72961,2
5.5015,3.3537,3
5.1428,4.0408,2
-0.361,-3.3688,2
-0.17669,5.4732,2
3.4707,-1.2474,2
-1.7151,-0.93262,1
-2.8841,-1.5723,2
1.8794,-0.8324,3
0.49903,-3.8168,2
-5.6105,0.47557,1
4.156,2.0904,3
-0.80387,-0.018999,3
1.0805,0.062729,3
-4.1348,0.97664,3
3.0164,3.8543,3
-0.93525,0.82074,2
-2.4288,2.611,1
1.7251,1.129,3
-0.69905,-0.65314,2
-0.31345,-2.4991,1
3.2722,1.7572,3
3.3856,-1.0046,2
1.4226,1.6658,2
-0.01765,-0.76484,2
-0.59276,-2.7882,1
-6.9522,-4.1737,1
2.3802,-0.97662,2
1.3624,4.4716,2
-6.1449,-2.0339,1
-2.383,0.78781,2
0.65078,1.8262,3
-0.48769,-0.082529,3
0.57131,-2.7615,1
-2.9078,0.73727,2
-4.4495,-1.7986,1
1.3178,-0.35357,3
-3.8644,2.1756,1
-0.33475,-3.6121,2
0.46127,2.6742,3
0.37493,0.63776,2
-1.2189,1.8845,2
-4.2794,0.76066,2
-2.9719,-0.98209,2
-1.008,-4.4953,2
-1.8633,1.9751,3
0.28296,1.6609,2
-0.47635,-1.0294,2
2.6401,3.5426,3
-0.24057,-1.9568,1
-0.054218,1.9386,2
1.4126,0.51698,1
-2.3323,-0.46243,2
-0.83637,1.4223,2
-0.76866,1.166,2
4.5917,1.1282,2
-0.82523,2.1502,2
0.91423,-1.9629,2
0.44223,1.0643,3
-1.2448,0.19753,1
-0.78398,-1.3186,2
-0.41131,1.4716,2
3.0314,-1.3912,2
-2.8603,0.83028,2
-1.8089,-0.37895,1
-2.2572,0.73885,2
2.1442,-0.68155,2
3.3272,-2.0527,2
-4.368,0.16939,2
-1.9739,-0.73943,2
2.0435,0.64633,2
2.1003,-1.25,2
-2.2531,1.5993,2
5.0542,6.3836,2
0.089034,-1.6149,2
-1.7518,2.2913,2
0.89093,1.604,1
1.5577,-0.39901,2
2.5902,3.8705,2
-0.19594,-0.44968,2
-3.647,1.8526,3
0.62814,0.40336,1
-0.63184,0.35303,2
2.1846,-1.3188,2
-5.2928,-0.91725,2
-0.11506,-1.7036,2
0.33798,-0.058609,1
-2.1028,0.65797,1
4.9104,0.8326,3
0.38669,-1.6075,3
-1.7112,1.224,2
1.8846,3.4221,3
1.7458,-0.41649,2
3.8956,0.2026,2
0.16307,2.1363,3
-2.0677,3.7541,3
-3.4519,1.6326,1
-2.8762,3.9036,3
-3.8619,3.7799,2
2.0347,-0.59296,2
2.0085,1.4396,2
-0.2768,1.2127,3
-0.29392,0.10704,2
-1.6325,-3.1258,1
-3.9961,-0.84981,2
-2.215,-1.4687,2
-3.0396,-1.417,2
1.2483,0.30721,2
1.696,-4.9233,2
2.3522,-1.5687,2
2.1989,-1.4695,3
-1.5081,4.7467,2
-1.2013,1.4686,2
-4.9792,-3.1048,2
1.0438,-0.10535,3
-4.4249,-0.34109,2
-3.1496,-0.45959,3
1.6656,-1.6635,1
-2.8618,-0.64949,1
1.7542,0.75966,2
-3.0566,1.562,2
-2.307,-2.9039,1
3.2251,1.3216,3
2.0576,0.76781,3
2.2427,-1.1225,1
0.77892,0.25145,3
0.40661,-3.3816,2
-0.11042,0.52912,2
-2.4461,-1.8039,3
-2.3106,0.36579,3
-2.2929,0.75701,2
-1.8329,3.5686,2
2.1587,-3.9961,1
-3.6566,1.7552,2
3.6778,2.7614,2
-0.21471,0.78106,2
-2.9902,0.97199,2
-3.3202,3.3736,2
-1.825,-3.2944,2
0.4905,0.61337,3
-0.54787,2.6313,3
-0.031454,0.33443,2
-2.7968,-0.21642,2
0.075092,0.58132,2
2.0232,0.79631,2
-1.7566,-4.7384,2
0.15802,-1.1249,2
1.2808,1.6959,2
-3.745,0.21011,2
1.9096,1.4243,3
1.2146,0.86568,2
-0.7916,1.1229,2
3.1287,0.41659,2
1.4749,1.504,3
3.6764,3.0439,3
-4.0052,-3.3554,1
0.18814,-1.743,2
2.7204,-0.53818,1
0.27677,1.2062,2
-2.6965,1.5854,2
3.8934,3.3799,2
0.45452,1.7008,1
1.6684,0.60767,2
1.696,3.4623,3
-3.5662,0.34388,3
1.0718,-3.1956,2
-2.2655,-0.89189,3
-2.9229,-0.56884,2
1.5586,1.1737,3
1.6688,-1.1083,3
-1.5578,0.24461,1
-0.15723,0.57998,1
2.4352,2.3692,2
-0.13526,-1.4298,2
-4.3714,-3.2401,1
-1.3436,-3.1127,1
0.9412,-3.1266,3
-3.463,0.16918,1
0.95868,-2.0886,3
-4.9673,4.0389,3
0.74104,2.9806,3
-0.39818,-2.4951,2
-2.2457,0.51078,2
-2.9603,0.19949,2
-6.8715,-4.1621,1
1.3012,-0.65327,2
-1.9147,-3.5073,1
-0.7175,-3.5955,2
-3.5792,-1.0514,1
3.0123,-0.64347,2
-2.7052,2.6253,2
-0.72012,-4.4365,2
2.0394,0.19562,2
3.0809,1.1743,2
3.2776,-1.9647,2
-1.2371,2.4179,2
1.1972,-0.14251,2
2.6548,-6.3094,1
-2.1999,1.0609,3
-5.5604,-0.63049,1
3.7193,2.6709,3
-2.7113,2.6708,2
-2.2661,-2.0508,3
-0.13644,1.2849,1
-0.46258,-2.3041,2
-0.75054,-1.0299,2
5.2291,1.8559,2
-1.512,-1.1703,1
0.77621,1.6263,2
3.0181,0.37429,3
-2.1172,-0.29204,1
-0.10092,2.0202,3
-0.53548,0.86415,2
0.64967,-2.2337,2
-1.3137,0.79432,2
-0.0065013,2.4465,2
-2.2513,2.556,2
3.6607,1.1352,3
-3.5313,-4.134,1
-0.54608,2.1572,3
-1.1638,3.4483,2
5.4843,2.5793,3
-1.7842,-0.2587,2
3.0233,-0.87085,2
3.2178,-1.8395,2
1.3248,-1.7299,2
1.6059,4.4188,2
2.5973,-0.26154,2
0.56033,-0.053933,2
-0.66489,-2.1324,2
2.7029,5.5988,2
-2.0638,1.6022,3
2.801,0.18237,2
0.38158,1.9567,2
1.8618,1.498,3
-6.2672,0.2297,2
0.70556,4.2795,3
-2.5421,2.0607,2
4.0445,1.6406,1
-0.28531,-1.5681,1
-2.0207,-3.056,2
1.6391,0.78256,3
-2.9372,-2.1884,2
-1.784,-0.62331,2
-0.80748,2.515,3
-0.82459,2.4004,3
1.1147,5.0826,3
0.79277,-2.5678,2
-0.94832,-1.3304,2
-0.71376,4.8419,2
-2.0547,1.7282,2
0.052013,1.11,2
-4.8453,-3.5177,1
1.8445,5.0871,2
0.01443,2.2436,1
2.4303,0.82461,2
-1.0003,-2.0747,2
1.6587,-2.4571,1
-3.2895,1.0108,2
-2.9011,-0.95597,2
0.48474,1.9835,2
3.0462,1.844,3
1.7996,-1.0913,3
-2.8173,-0.392,2
-0.81849,-1.6296,1
4.5756,4.7945,3
0.77574,3.3043,2
1.0098,0.94469,1
-1.435,-0.62758,2
0.57978,2.6854,2
-0.27899,2.3532,3
2.3264,0.32416,2
2.125,-1.2595,2
-0.16391,0.73343,2
-1.6613,3.0486,2
-0.50539,0.59722,2
-1.3466,-3.3546,3
3.3879,-1.1665,3
-0.17854,-0.26507,1
-1.3488,1.2255,3
3.8157,0.9131,2
2.1006,-0.091701,2
-0.71865,0.4876,2
-3.8675,0.53235,2
-2.5165,0.19016,1
-3.4904,-2.3757,1
1.5915,-1.4658,3
-0.45395,1.585,3
-1.8498,-0.30248,1
2.9082,1.2319,2
3.809,2.0741,2
-1.1491,2.4606,2
1.785,2.167,3
0.086592,-0.80558,1
0.74662,2.1744,1
-2.3686,3.901,2
-1.4369,-2.5091,3
2.9004,6.6537,1
-1.7139,-5.4537,1
-0.59278,9.3256,3
1.1886,1.8456,2
-0.94165,3.471,2
0.61538,1.937,2
-2.9315,-0.64176,2
-1.6313,2.6414,2
-3.1412,-2.6028,1
0.24328,-3.38,1
-4.7548,-3.0428,1
-2.7424,-0.41847,2
0.25982,-0.21933,2
-0.42127,-2.0091,2
-1.6475,-2.0841,2
4.7812,1.731,3
1.6069,-0.2307,1
-1.5463,0.40893,2
-2.8333,2.2574,1
1.3125,0.32987,2
0.88949,-1.4299,1
1.6371,4.0455,2
-0.48233,0.47388,2
-3.1422,1.7674,2
-0.4004,-0.27569,1
-1.0212,1.0967,3
-3.8812,-0.85136,1
0.46381,-2.3733,2
3.2843,-0.88428,2
0.48212,-0.48372,2
0.35015,3.6577,2
-1.6719,-0.19053,2
-2.073,-3.5919,2
0.39109,5.0254,2
2.9189,3.6143,2
0.33595,2.4506,2
0.82905,-1.4721,2
4.7767,-1.8987,2
-1.1538,-0.071129,2
-2.6954,0.18419,2
-2.4216,-0.34048,1
-5.3362,2.7171,2
2.9752,2.396,2
2.6722,-3.2495,2
-4.3927,-2.9883,1
-1.9568,1.1485,2
0.62773,4.7493,2
1.501,4.5946,3
5.6174,1.7111,2
3.5076,3.1086,3
-0.17151,2.198,2
-1.612,-0.91161,2
-0.76513,0.074072,2
3.7906,3.1501,2
-1.6475,0.23517,3
4.009,0.1938,1
-3.3602,-1.3996,2
1.928,2.7871,3
1.898,1.5177,2
0.87743,2.7088,3
-6.03,-3.9344,2
-3.5376,-1.3002,2
3.903,3.313,3
-2.3218,-3.68,3
3.6938,-1.2373,3
-4.6764,0.35761,2
0.70698,1.2808,2
1.7876,0.71883,2
-1.8965,-0.96869,2
2.7746,2.3711,2
2.1119,2.3914,2
0.55788,-2.1551,2
-3.5677,-3.5887,1
-3.1008,2.5816,1
0.057114,-1.1978,2
0.93893,1.5552,1
-3.2254,-3.594,2
1.218,2.912,3
-0.77491,-1.6615,1
0.67917,4.3699,3
-1.7801,-1.3728,2
0.60062,0.56683,2
0.33759,0.82207,2
-3.2843,0.37127,2
-0.83913,-1.6488,2
4.5789,1.6566,3
-4.9023,-2.6718,2
1.0897,0.24066,2
0.48286,-1.6932,2
-2.024,2.431,1
-0.11695,0.050575,2
5.9461,0.070458,2
-3.7201,-3.2135,2
4.2952,4.4214,3
-3.8691,-1.4922,2
1.1109,1.9699,1
0.86492,-1.1338,1
-1.5151,-0.74032,2
-3.0274,2.5095,3
-0.15385,1.5191,2
0.073144,-2.556,2
4.35,-3.4588,2
-2.8157,0.71473,3
-0.50581,-0.35113,2
-0.65041,2.0204,3
2.1026,2.1362,2
-1.6069,0.054498,2
1.1041,1.9949,2
-1.7497,3.1204,2
2.0679,-1.3135,2
1.1667,1.5666,2
0.10419,-1.2765,2
-0.32151,-0.30675,2
-4.9097,1.0886,1
-3.5552,0.3689,2
-0.64417,-0.28074,2
2.6973,0.51891,2
-2.3327,-0.65905,2
-0.34671,2.8618,1
1.3035,-0.023354,3
1.4628,0.77437,2
-2.8985,2.5074,3
6.7967,-1.0061,3
-2.8615,-2.4791,2
-2.8314,0.50551,2
0.56935,1.1049,2
-7.3167,-3.7976,1
0.85053,-0.1478,2
2.691,1.2911,2
-0.80288,1.2331,3
1.0754,-0.24152,2
1.6852,-6.3293,1
-0.44801,1.3421,2
-6.9822,-2.3403,2
-3.6128,-4.3608,1
0.34128,-1.9421,2
-0.31329,0.018666,2
1.0937,0.85555,3
-1.5107,2.2881,2
0.42797,0.84056,2
-0.16513,1.6613,3
1.2358,3.8874,3
-2.1399,0.61779,2
-1.9493,1.7926,1
0.10041,1.5218,2
-0.92993,1.1048,2
0.91288,-1.2532,2
2.2532,0.035174,3
-1.8906,2.1146,2
-3.1624,-2.9299,2
-1.7182,-2.8805,2
-1.5699,-1.9522,1
0.12955,2.6863,3
1.555,-4.676,2
1.1153,-0.40764,3
-1.4197,1.1479,1
2.7229,2.8261,2
0.86415,-2.1969,2
0.29782,0.17147,1
1.276,4.9324,2
-0.5321,-0.30384,1
0.93568,-1.6741,3
2.7708,2.3736,2
-1.6291,-1.5087,1
-5.9007,-1.5422,1
-1.3985,2.3248,3
-0.51073,-4.0393,1
-0.038936,-2.8229,2
-1.4835,0.65436,2
-0.21028,-1.3794,1
-0.026234,0.98081,2
-1.7099,2.3004,1
-5.4909,-1.5911,1
-1.2951,-7.0381,1
-1.8257,-0.30108,1
-2.4374,-0.1312,2
1.6714,-0.51286,1
0.15656,1.4933,1
-0.34931,-4.2735,2
1.4128,2.0297,2
-0.28373,4.3418,1
1.4557,-1.381,2
3.0877,4.7015,3
2.2376,4.1646,2
0.44765,2.1276,2
-2.2148,3.7363,1
1.1799,1.9208,3
-2.0778,-2.5419,1
-1.6353,-1.3472,3
2.3444,2.5579,1
-0.21461,0.47508,2
-4.8473,1.6205,1
-1.7502,-4.755,2
1.1821,-2.283,1
1.0968,-1.1946,1
-2.9898,3.7107,1
-0.50125,-2.8086,2
0.74258,-1.5638,1
-1.4988,-2.1333,1
-0.10704,-1.9872,2
1.6682,3.1233,3
-2.4292,0.87917,1
-5.3163,4.1529,1
-0.1675,2.1901,2
0.36191,-0.33069,2
3.7333,1.8157,2
0.69245,0.9815,2
-1.7009,-0.84521,3
0.43643,-1.6614,3
1.6267,1.9191,2
-2.9069,-4.7441,1
-0.38652,-0.24551,1
0.54721,2.9198,2
-1.3391,0.57502,1
1.2619,2.5217,2
-1.9612,-1.5217,2
-1.3981,1.0787,1
-1.0611,2.2955,2
0.76914,-2.4955,1
-0.44487,-0.16981,2
-2.1151,-0.080563,3
4.7344,2.4923,2
2.7227,-2.0322,2
-3.6042,-2.9732,1
-0.37731,2.8139,1
0.46193,-1.4645,3
-0.60167,0.13546,1
-2.1719,0.22764,2
-1.8375,5.5645,3
3.0637,4.4331,2
0.86794,-1.932,3
-1.8319,-0.17257,2
0.27316,0.92412,3
0.73113,2.0264,2
-1.5369,-1.0837,2
0.73007,1.7445,2
2.6817,-0.71873,2
-3.6417,-2.0197,2
1.2736,0.52756,2
-2.1453,-0.22486,3
1.8836,-0.99208,1
-5.4415,-2.5871,1
-0.96195,3.7334,3
-1.4853,-2.3493,1
-1.9621,-3.3159,2
-2.2771,2.3621,2
1.4414,-1.6505,2
1.1137,-0.6453,2
-0.21063,0.66188,3
1.81,-0.73667,1
-3.1224,0.91577,2
-1.9391,-0.84469,2
-1.0722,0.56018,2
0.86178,-0.032106,2
0.21293,-1.5619,2
2.4332,3.1628,3
-0.18088,-0.01388,2
2.6983,0.14451,1
2.8152,0.44589,2
-3.618,2.165,2
4.6723,0.74661,3
-5.6984,-1.344,1
-1.8251,-2.1212,1
-3.5096,1.3122,2
-0.99766,-3.8468,3
3.0288,0.65681,2
4.0555,6.8949,2
-5.3884,-5.1104,1
-3.2496,1.9646,2
-0.48158,-0.41197,3
0.84221,-1.3877,2
-0.83578,0.63481,3
-1.0563,-0.23489,2
2.9045,1.5836,1
-3.4331,-1.1102,2
3.1442,-0.89228,1
4.4937,4.1704,3
-0.42065,2.9859,1
0.51939,-3.6778,1
-0.82547,0.12867,2
-1.5995,-2.0537,2
-0.85116,-3.5462,2
-1.496,2.0378,2
-0.25158,-3.9295,1
0.66046,2.9239,2
-4.0962,-3.0731,1
-0.57155,-3.7803,2
-1.3194,-1.5117,2
1.2218,-0.041775,2
2.0134,2.3473,3
1.5987,-0.64992,2
-0.34526,4.5582,2
1.6003,2.7758,2
-0.52935,-0.9802,2
0.79074,0.056927,1
-0.026358,2.2709,2
-2.092,0.2595,2
-0.75702,-3.7555,2
2.1016,0.6331,2
-2.8791,-5.3262,2
-0.5608,2.3464,2
0.2885,-3.8412,2
1.7554,2.6668,3
2.3427,-1.2398,3
2.6477,2.8426,1
3.907,-0.94938,1
-0.5395,-0.55299,2
2.7882,-2.5163,2
-1.8944,2.3979,3
0.2949,0.94236,3
0.72131,-1.3296,2
0.72044,-5.5853,2
-1.326,-1.791,2
3.8644,4.3233,2
-0.46183,-1.2149,2
-1.4589,-0.24437,2
-3.1246,-2.6825,1
-1.4949,-3.6424,2
-2.916,-0.84463,2
-3.8433,-6.8069,1
4.4876,1.3917,3
1.2252,-1.7287,3
-1.2794,1.5596,1
-0.34958,2.6393,3
-0.39765,1.1308,3
1.0253,-0.11107,1
1.4223,-1.3343,2
-1.7135,1.2692,2
0.3262,2.9601,2
-2.2593,-2.6937,1
1.3146,0.025512,2
-2.9501,-0.90469,2
-0.28382,-1.387,1
-1.9067,0.16794,1
2.3501,2.8878,2
4.0149,2.8225,3
-3.1655,2.0149,2
-0.3678,0.13527,2
-0.86821,-3.2232,1
2.07,3.3004,2
-1.2532,2.7938,3
-0.078672,-3.7315,2
-0.058621,1.0788,1
2.0458,-0.25419,2
1.2178,-1.6136,3
-4.3413,-1.5056,2
-0.078044,-1.3685,1
1.3143,-0.15937,2
1.6262,2.5039,2
-1.7574,-5.1936,2
-0.59416,1.8342,1
-0.30232,0.13335,1
4.6213,0.27122,2
4.6932,-1.3867,2
2.2186,-1.6305,3
-2.766,3.126,2
-0.86405,-0.49717,1
1.4558,-0.022286,2
-2.3922,-1.5978,2
-0.61258,-1.6956,2
-0.69562,2.2649,3
-0.48114,0.879,1
-3.7466,-1.2184,2
-3.8468,-2.9719,2
-1.8386,-0.62434,2
-1.8057,-1.2534,1
1.9023,3.8187,2
-2.5979,-0.88483,2
-1.4972,1.6777,2
2.5143,2.0427,2
1.7489,0.31761,2
-4.6745,-1.585,2
-4.598,-1.2083,2
2.4807,0.549,2
2.4628,0.28977,3
-1.2652,-1.5807,1
3.1637,-0.31844,2
5.1507,0.55633,3
1.2163,3.6284,3
-0.94001,2.5915,3
-1.5425,0.07139,2
3.9248,-2.0848,1
-3.2425,-2.7352,2
-0.60233,0.57408,1
4.1455,1.9413,2
2.0353,1.7616,3
-5.3058,0.42288,2
0.15625,0.56362,1
-0.36535,-2.3473,2
-1.1809,-1.697,3
-0.29495,3.6135,1
-0.93379,-1.8065,2
-1.6853,-3.9275,1
-1.0951,0.023124,2
-2.2276,3.8897,1
-5.3389,1.3087,2
0.099909,-0.53897,2
-3.1749,-0.58073,2
0.19038,1.0676,1
-0.92775,-1.2373,2
2.1942,3.7274,2
0.38471,0.62515,2
0.10169,3.0741,1
4.0934,-1.2307,1
-0.3706,-0.3636,2
1.6828,1.4357,2
4.8783,-0.17353,2
-2.2201,-1.4653,1
-3.6168,-3.2929,2
0.059766,0.73902,2
4.0816,-0.69779,2
-0.35001,2.175,2
0.77637,-6.5201,1
-4.5511,-4.5448,1
2.4772,-1.4275,2
0.49811,0.72295,2
0.58669,2.606,2
-1.368,-3.0455,1
-2.5227,-3.4893,2
0.67716,-0.33089,3
1.3649,0.065282,1
-1.3846,-1.4254,2
-2.2976,-0.30245,3
-0.31238,0.21107,1
-0.7767,0.054525,2
-2.2885,2.6487,1
-2.7032,-1.3459,2
1.5252,0.83527,2
-3.4648,2.9237,2
3.0825,5.2376,3
-2.9162,-1.5333,2
4.5342,5.0831,2
-0.021086,1.0986,2
3.415,2.3595,3
0.78497,1.6043,2
0.10352,4.5294,2
-1.5126,3.3948,1
-6.8437,-4.5726,1
-5.1047,2.0224,3
-0.67548,0.24818,1
5.9939,2.2626,3
-0.46574,-0.90283,2
-0.64172,-0.32029,2
5.3101,-0.74717,2
-5.4559,-5.2989,1
2.5051,0.68521,3
-0.89652,-3.8094,1
-0.18784,-4.2576,2
-3.3312,-1.7929,2
0.58932,-1.8165,2
-2.0794,-1.3539,1
1.5809,-3.6507,2
2.6389,2.0675,3
3.2406,1.1096,2
-1.5972,-2.0808,2
-0.27083,-1.6041,2
-2.2252,-3.5208,2
1.7372,0.52034,2
0.66946,0.89968,2
0.72932,-1.2682,2
-0.86219,1.0088,3
3.4786,0.523,2
-1.1278,-3.2157,2
1.67,-2.5577,2
1.0124,1.1119,1
4.6417,2.9024,2
-5.1813,-1.1467,1
0.54126,3.9123,2
1.4926,1.1553,2
1.0461,-2.4664,2
-2.6354,1.874,2
1.5308,-1.1565,2
1.0924,1.9908,2
-6.1895,0.14865,1
-0.095463,-4.9714,2
1.8403,2.3273,2
-4.0809,-0.45702,2
-1.9382,-5.3722,1
-1.8567,-0.5995,1
-3.4698,-2.7045,1
0.17378,-0.85219,3
4.4156,-0.62918,3
-3.9568,-0.44578,2
-0.3653,-0.098055,2
-0.044175,-1.8565,2
-2.6687,-3.714,2
-0.91518,-1.8305,2
-1.5144,-0.38589,1
-1.9138,-2.9812,2
2.2402,3.1118,2
1.3486,-2.2097,1
0.40039,-2.4636,2
0.54871,-0.33511,2
0.70582,2.792,2
-0.85839,-1.5622,2
3.6371,3.0922,2
-0.65647,5.9183,2
3.3108,-4.3596,1
1.3081,2.4903,2
2.0491,1.1887,2
-0.33011,0.43144,2
3.6958,-2.262,1
2.9568,3.9823,2
0.97025,2.2189,1
2.1205,-2.953,2
-2.2641,-1.7826,1
4.6207,1.8175,3
-3.1699,-5.6277,1
0.075805,-0.59085,2
2.8824,-0.80586,2
-1.5336,-0.38127,3
2.1479,5.6747,3
-0.11729,-1.6729,3
2.7721,2.6398,2
2.3576,0.21298,3
0.31758,-2.9505,2
3.7524,2.4494,2
2.2187,-1.301,2
-1.8509,-0.9331,1
1.0121,-0.38361,2
-2.7105,-4.8656,1
-1.1135,-1.8677,2
-0.25579,-4.2725,2
-2.165,-4.0256,1
-0.76556,0.87946,2
-2.4005,-2.7051,2
2.1374,1.9457,1
2.9883,-1.8182,2
-0.23702,0.22329,3
-1.105,-3.3401,2
0.17262,1.5593,3
1.6571,-2.282,3
-0.44213,1.2237,2
-1.0317,-3.1613,1
1.7735,-3.9348,2
2.2893,5.3567,2
-1.3001,-2.1764,1
0.6362,0.2042,2
-0.8891,-0.899,1
-1.5258,1.3549,3
-0.27533,-0.27358,2
1.0755,1.7267,1
-0.72743,-2.8072,1
-1.4337,-6.0388,2
4.4326,-0.27361,3
2.4589,0.36607,2
1.9377,1.2667,1
-0.80789,0.43822,2
0.58177,-3.5354,1
3.305,-0.56055,2
1.2525,2.2526,1
0.093793,1.0687,3
5.6546,4.5942,3
-2.103,1.7674,2
2.1016,1.4364,2
2.3473,0.11684,2
-0.080546,-0.50017,3
0.3742,-0.035332,2
-1.2606,-0.65982,2
2.0066,-1.357,2
2.481,0.6949,2
-4.4002,-0.91569,2
1.4418,0.82265,2
-1.9797,-1.7043,2
-4.5516,-1.4075,1
-2.5706,1.2588,2
-3.0853,-1.9502,2
1.3766,3.8726,2
-1.4995,1.6152,1
-0.49679,-0.84142,3
0.88687,1.8789,2
2.7932,5.1748,2
-2.2113,1.8609,2
1.9467,1.4707,2
2.1336,-1.4622,2
1.5891,2.9766,2
-3.5087,1.2369,2
-0.83539,0.0047308,2
-1.0058,0.71725,2
-0.92975,-2.2647,1
-5.5385,-4.8576,1
-0.39487,0.28691,3
-1.9329,-0.99977,2
0.16065,1.5435,2
-1.7174,-2.2449,2
-0.22411,2.9352,2
0.44998,-2.7517,1
2.1869,0.97404,1
0.44942,1.8648,3
-1.1408,1.7072,1
3.8947,1.8463,2
1.8055,-1.2041,1
-1.4277,1.9631,1
1.4152,4.5242,3
-1.0537,-2.4998,1
1.0519,0.95775,2
-0.58582,1.4813,3
2.7136,-0.23872,3
-0.58415,1.1929,2
-0.57464,2.223,2
-1.0266,-1.2746,2
-0.52868,1.4626,1
2.8998,-2.5168,1
6.0704,3.5087,3
0.16797,-2.8262,1
1.0509,-1.0672,1
-3.2466,2.9857,2
1.6599,0.99564,3
-0.36475,-1.8735,2
1.7866,0.46866,2
0.58779,1.2025,2
-2.4926,-1.5003,2
-0.039108,3.4488,3
2.5606,3.4987,3
2.0359,-1.1316,2
4.022,2.2251,2
1.6751,4.9622,2
2.7863,1.139,3
0.89792,-0.70452,2
3.4974,2.3743,2
2.4773,1.435,2
0.21466,-0.038917,3
-2.3191,-2.4612,2
0.99646,-3.8009,1
-2.0026,1.8649,2
1.8503,0.37579,3
2.1479,2.6095,2
-0.11793,1.4426,3
-5.0174,-6.1684,2
0.094633,3.0118,3
-2.1822,1.8447,3
-3.8209,-0.75748,1
-0.97926,0.30586,1
-2.6608,0.42623,3
1.034,3.234,2
-0.53162,-1.3901,1
3.4683,1.7746,3
2.71,0.042286,2
-2.0948,1.4869,3
4.196,-0.40497,2
1.579,-0.82011,3
2.5389,-0.54536,2
1.6083,-0.69346,2
-0.21074,-0.017998,2
-0.9656,0.49816,2
2.4144,5.0724,2
2.5501,-1.5958,2
-2.0322,-1.8273,2
-2.6086,-4.1446,2
1.4404,0.342,2
0.38518,-2.9634,2
-1.7523,1.4761,2
0.34129,1.7229,1
0.89766,1.517,2
-3.3983,-0.015112,2
-2.3455,-2.3119,3
-1.1803,2.7174,2
-1.3718,-5.4107,1
-0.16129,0.048459,3
-2.163,1.55,3
-1.0318,2.4951,1
0.89596,-0.16192,1
-4.9332,1.3191,1
0.74431,4.0425,3
-3.0538,-2.6371,2
1.0648,-2.1906,2
0.40875,-0.16561,1
0.11147,-5.0258,2
-3.0676,-2.5134,3
-2.6295,2.6406,3
1.9886,-0.059714,2
-0.78653,-2.64,2
-1.8954,-5.052,1
1.1403,-0.6911,3
-2.044,0.80252,2
0.67857,-5.3035,1
-3.9262,1.3802,1
1.0105,-0.3207,2
-0.68319,2.0303,2
-0.51014,-0.43481,1
2.2856,3.3512,2
2.6096,5.561,3
0.057347,2.4874,3
2.7295,2.4984,3
-1.5744,-0.86321,2
-2.0068,-1.4086,1
-2.4227,1.6096,2
0.64175,2.8521,3
-0.046923,1.0839,2
-3.4851,0.18818,2
2.9849,1.0441,2
0.10954,-3.0724,2
4.2953,1.6758,2
-1.8239,-2.9528,1
2.4732,-1.6859,2
-1.5368,-0.81779,2
3.4168,0.91263,2
-2.593,-2.6763,3
3.0167,-0.86241,2
0.32066,0.70831,3
0.96677,-1.8721,2
-2.8866,-1.9843,3
2.4853,2.1248,2
0.65737,1.0002,2
-3.2342,-1.1138,2
4.4925,2.3366,3
0.98301,-5.2454,2
0.66955,-1.7318,3
-2.8797,0.61573,1
2.7966,-2.0227,2
-1.3383,-1.865,2
-2.3841,-0.37289,2
-5.8456,3.2609,2
3.1618,1.6581,2
0.78104,-0.12385,2
5.7254,0.1207,3
-0.482,-3.571,1
-2.6216,-1.9627,2
-0.22916,3.7878,3
2.3163,1.6695,2
0.9486,-1.9873,1
1.8085,1.5659,2
-1.5379,4.7276,2
-2.0883,-0.89864,2
-1.2517,-1.2508,2
-0.67433,1.1452,2
-1.6169,1.1397,2
-0.44493,-0.020916,3
0.86691,-0.25217,2
0.064825,-0.20859,2
-0.20785,-3.2406,2
-1.2611,1.3116,2
0.24004,-3.6011,1
0.99704,2.4719,1
-2.4449,-0.94558,3
-0.46269,3.9682,3
0.88496,0.34868,2
0.15168,1.2344,2
-5.2647,-0.39496,1
4.8335,-1.8754,1
0.64706,-0.64584,2
-5.0057,4.7721,3
-2.0351,-3.9782,2
1.3706,0.47669,2
4.5482,2.0181,2
-2.1125,-0.91522,2
-0.049057,1.3742,2
1.0437,1.118,2
-1.055,0.79435,2
-0.031367,-0.82255,2
2.7317,-1.2342,3
-1.1383,-0.48119,1
1.8404,-3.3761,1
-2.4997,0.63816,1
3.8709,-1.8933,1
2.1252,1.7113,1
-1.8673,2.6971,2
-0.90641,-1.7473,1
-1.2404,-3.2105,2
3.9624,0.92258,2
-5.898,-7.9732,1
0.25254,3.7444,2
2.6924,-0.066602,2
-0.24477,-0.2531,1
4.5141,-0.34689,2
0.59795,0.25799,2
-1.3614,1.8973,1
1.0646,-0.67311,3
-5.2829,-1.4829,2
-2.1565,1.4834,1
-1.8509,-2.2838,1
0.71081,-2.5144,2
2.6628,-5.6531,1
-3.1698,4.2465,2
1.6036,2.6116,2
-0.63078,1.2473,2
0.53438,3.5145,3
1.26,-0.43459,2
0.73771,0.13663,2
3.3958,1.7588,2
0.7511,-2.0317,2
-1.0691,-2.631,1
-0.45377,-2.4026,2
3.9481,2.2355,2
-0.33623,-0.62068,1
-0.17873,-1.4403,1
2.7928,0.88898,2
-0.32444,0.62773,2
-0.82795,1.2092,2
3.9548,4.0368,2
-1.4796,-4.1594,2
1.0357,-1.4458,2
0.32646,-1.8268,1
2.9448,-0.5821,2
-0.23323,0.75535,3
-0.28624,1.2818,3
-0.65553,2.8619,1
-2.2529,0.96272,2
6.3803,2.4173,3
-0.84413,-4.1019,1
1.7051,0.37143,3
1.2857,0.89653,2
0.60269,-1.9516,1
-2.479,-0.552,3
-2.7165,-0.19574,2
-4.1864,-0.081197,2
2.896,0.68703,2
-1.8807,0.74978,2
0.36087,-3.8845,2
-1.3194,-0.84073,2
-1.3117,2.0727,2
2.6017,-2.8261,1
-2.2517,0.98822,2
3.4768,-1.4398,3
2.929,4.8093,2
0.014964,0.31659,3
-2.7747,-3.2361,2
-0.99331,-7.566,2
0.45758,-3.7995,2
-1.5114,0.87169,2
1.8886,0.079883,2
0.74745,1.0146,2
0.38802,-2.7585,1
1.5634,1.3581,2
-2.1387,-0.19748,1
-0.3619,-1.4167,2
1.6177,2.3839,3
-1.6417,-0.45875,2
0.98098,-3.2456,2
4.3455,0.47599,2
-2.1442,-2.5434,2
-5.6395,-5.2832,2
3.7153,3.2868,3
-0.16452,-0.2157,3
-1.3092,-3.4768,1
-1.4112,-1.4517,1
0.044781,1.7204,2
1.4719,-1.5809,3
0.97862,-0.94439,2
0.93589,-0.21748,2
0.29149,0.18645,2
2.5873,-3.1466,2
-2.0844,-4.2493,1
5.7008,2.0019,2
-2.339,-4.1442,1
-3.6544,0.31594,2
1.6796,-2.8734,1
1.1821,-1.1779,2
0.1139,-2.6055,3
-3.42,-4.5673,2
1.5971,2.2742,1
0.61109,0.56175,2
-3.7669,-3.0842,1
3.7056,-0.76251,2
1.5184,5.6584,3
0.98499,-0.26721,2
-0.43457,-2.2363,2
-0.8193,1.4904,3
1.7186,1.1548,3
-0.90719,2.4885,1
0.61564,2.4454,3
0.46515,2.6251,2
2.7094,5.0237,2
1.6557,-2.086,2
1.6002,1.8966,2
-0.40277,-0.86187,2
-0.20796,-3.1296,1
-0.3706,-0.73934,2
-1.4031,1.3216,2
2.0149,3.3525,3
-4.6358,-4.4834,1
-0.13756,0.060705,2
0.036519,0.039301,3
2.7748,1.4587,2
0.7192,1.3051,2
3.4216,-0.30971,2
-2.5377,-1.3746,2
-0.43253,-0.47472,2
-0.27168,-0.54111,2
4.2225,2.6648,3
0.65416,0.58332,2
-2.597,-4.6357,2
-1.0307,2.5229,2
-1.887,-2.75,1
1.3028,0.018985,3
-0.69416,-0.97489,2
-2.0447,-1.1979,2
-1.529,-0.28339,2
-3.0142,-0.43857,2
1.6875,-0.017747,2
2.2307,1.6113,2
2.5861,-0.69102,2
0.32717,3.4352,2
-4.6858,0.13176,2
1.6865,1.8518,2
0.12095,3.8115,2
0.76187,0.26063,1
-1.1682,-1.8776,1
-2.6988,-2.734,1
-0.8414,0.96963,3
0.98641,-0.29567,2
-1.2771,-1.4975,2
-2.9025,-0.062203,3
-1.2594,-1.7804,2
3.978,-0.2112,3
-1.3702,-2.8944,2
-1.5868,-2.0386,3
4.1481,-0.73493,2
-1.0952,1.9057,3
-1.0516,2.3588,1
1.0121,-3.5653,3
4.9425,1.8479,2
2.6349,-0.67015,1
0.21765,1.0659,3
3.7536,2.7013,2
-0.063098,-0.38487,2
3.8928,2.7443,3
-1.4832,2.0009,3
1.3173,6.571,2
-0.49501,0.026307,2
-3.1705,-1.9323,2
-6.5279,1.0347,2
