0.069596,2.4251,1
0.75119,-2.1388,3
-1.7028,2.4171,2
0.81245,-0.85451,3
0.62905,-0.64473,3
5.2769,2.7352,1
-1.444,-4.0167,2
1.7002,-0.8088,1
7.0784,-1.4762,2
-1.9852,-0.011127,1
-1.1124,1.1206,3
1.7199,1.1908,1
1.0763,5.5479,3
0.46423,4.4397,1
1.0189,-1.9081,1
-0.23737,-0.15624,1
-2.1377,-0.20245,1
3.6837,0.70285,2
0.88734,3.047,3
-0.16966,-0.14115,3
-1.985,-0.992,2
1.6114,0.30303,3
-2.1708,2.0105,2
1.3659,-1.1423,1
-0.90095,5.4761,2
6.128,5.1729,3
-1.49,-0.27977,1
0.52765,-1.2572,1
3.5041,-1.2454,3
4.2205,1.549,3
0.1866,1.8744,3
3.0629,-2.3417,1
0.39351,-0.93571,1
4.5174,1.2609,1
-2.2129,-1.1778,1
5.2554,1.7055,3
2.335,2.2138,3
1.9183,-3.1249,3
-0.53598,-1.9982,1
-0.81709,2.26,2
-0.1022,-4.1015,1
0.052244,3.784,3
1.1346,-0.010119,2
-3.3118,-3.6858,1
-0.74498,-3.2474,1
2.0947,1.02,2
-2.6952,-0.17852,3
-1.7853,-1.2232,1
1.5813,1.5977,2
2.0682,-2.7225,2
3.8239,-4.637,2
-0.81008,1.5164,2
-0.33073,-3.3962,2
-2.511,-2.5377,2
-0.93527,-3.7108,1
-2.1021,-1.4082,2
-0.24519,1.8658,2
3.0691,0.69084,3
1.2158,-1.1234,2
1.5763,1.9706,2
2.1539,2.1676,2
0.5292,0.89244,3
-0.39105,2.0783,1
3.7469,1.3028,3
2.4847,-1.9122,1
3.0496,1.3219,3
-0.4796,-3.3601,1
1.3343,-3.3385,2
-2.9312,-3.9782,2
-0.25606,-0.31065,2
2.7817,-0.48212,2
-0.60712,-0.072332,2
-1.8485,0.9984,3
3.6636,0.50046,3
2.3998,1.0527,1
-0.096853,3.1556,3
-0.36391,1.4985,2
1.6294,-4.0847,1
0.34116,-3.0557,3
-0.12712,0.95514,1
0.90791,-1.6081,3
-0.79782,0.15367,3
-1.3728,-7.9661,1
1.781,-1.1299,3
1.1389,3.175,3
1.3164,2.0229,3
-0.15376,-3.0928,3
-1.2582,0.85713,1
-2.1406,-0.09079,2
-1.8436,1.0765,1
2.5535,-0.64901,3
-0.11015,2.6718,3
-0.76881,-1.7549,2
0.3283,0.24718,2
-3.4872,0.064222,1
1.2026,-4.1067,2
1.0499,-1.291,2
2.7291,0.51333,3
-0.44496,-1.1319,3
3.1277,-1.549,3
0.23276,-0.16612,1
-0.3423,1.5772,2
-1.1869,0.73052,1
0.091392,-0.25075,2
-1.6557,-4.2124,1
-1.5224,-2.6816,1
-3.9118,-1.8775,2
-1.008,-0.48839,3
1.042,0.80127,3
-2.454,-1.8004,1
1.7059,3.5264,3
-4.1613,4.1738,2
1.5538,4.2222,1
-2.5162,1.5315,1
-0.48864,-2.5243,2
1.2297,2.4215,3
2.8251,0.39484,3
1.7002,2.5321,3
1.4242,-2.6916,2
3.7983,0.16345,3
-1.082,-0.8067,3
0.027267,3.6172,2
1.926,2.3427,3
-1.092,1.6272,2
0.50411,-0.10214,1
3.247,2.6972,3
3.3237,0.31028,3
0.57788,0.89028,2
-1.3784,2.7895,3
0.30897,-2.6798,1
1.2381,-1.2879,2
-2.4108,0.13833,2
-3.7381,-0.61786,3
2.133,3.258,3
2.0664,-0.2801,2
-2.3013,-0.40493,2
4.2751,1.2186,3
2.2753,-2.0624,1
-3.3073,-3.6725,1
-1.7538,-1.6595,1
-1.1105,-0.86219,3
2.113,1.404,3
-2.5532,-2.2662,3
-0.96545,-2.4324,1
-3.9406,0.32455,1
-1.0371,0.015201,2
4.2766,1.5358,2
-1.5033,-1.7623,1
-1.5545,1.5686,3
-0.6036,3.2928,1
1.7643,0.67103,3
-3.4983,-5.3443,2
0.41698,0.22206,2
1.3671,-2.3089,3
1.2426,1.1651,1
0.6787,0.85522,1
2.5025,-1.9265,3
1.3068,-4.2348,3
2.637,-0.33367,3
-0.78586,2.2411,3
-3.1533,-4.2277,1
2.3221,1.5676,2
0.21691,-0.94157,2
1.2007,1.8142,3
1.2677,1.0308,1
2.0373,1.9418,2
2.6277,4.0711,3
0.18598,0.42298,3
-3.867,-1.8541,1
-1.0097,3.1812,2
3.0343,2.5006,3
1.06,1.1562,3
-0.59489,-2.9818,2
1.5334,1.3341,2
-2.8081,-1.9709,1
2.7987,-1.0839,3
4.8849,1.8402,2
-4.0342,-2.2396,1
-1.2775,3.2345,2
-1.5363,3.5941,3
5.5425,1.7971,3
4.1745,0.98488,3
1.9039,-2.0282,1
1.531,1.2551,3
-2.6133,-2.9085,1
-2.2427,-1.7469,1
-0.24517,1.4867,3
1.6687,1.4605,2
-1.7325,-1.98,1
-3.995,4.3274,2
-4.1477,-1.6643,1
4.0519,0.63772,3
0.25657,-1.0431,2
2.8794,-3.9137,1
2.0678,-1.2242,1
-1.6454,0.94784,1
2.517,0.066106,3
-0.46439,-1.2271,1
-1.1152,0.99596,2
-2.3244,0.47694,1
0.64548,-0.062283,3
-0.99227,-2.9312,1
1.6329,1.5921,2
-1.3252,-2.4797,2
0.21707,-3.6401,2
-1.9413,-1.1403,2
-1.3161,-4.6149,2
2.7479,1.79,2
-3.7986,-0.68457,2
-1.9039,-1.5199,2
3.5417,-0.70064,1
4.0046,-1.2564,3
-3.4161,-2.6854,1
-6.0588,-0.71465,2
1.0585,0.21705,1
3.8653,1.5826,2
-0.49479,0.0056109,3
-2.3749,0.74476,3
1.1101,-1.0321,2
-2.449,1.2987,3
-2.7271,-0.38167,1
-5.8835,-4.2315,1
-2.6972,-1.6263,3
-3.9429,0.4682,1
-0.23523,1.0855,1
1.5202,0.79413,1
-2.1009,-1.0541,3
-0.13474,0.70608,1
-0.91407,-5.2789,1
-1.5138,-3.025,3
0.29439,-0.85567,3
0.32766,0.54983,2
1.1242,1.9365,1
-2.9528,0.51872,2
-3.591,-2.1194,1
-2.9018,0.80606,2
-1.2711,0.098093,2
3.703,4.1171,3
3.8899,2.1646,2
-3.7844,1.9837,2
2.1665,1.3791,3
-1.6274,-1.7099,2
-0.61379,0.51725,3
5.4989,0.1915,2
-0.27728,-0.55856,2
-1.2869,-1.6576,1
-1.1681,0.54761,1
0.72891,2.1093,2
-0.03741,-1.5249,3
0.27954,1.97,2
2.0077,-0.25896,3
-0.25391,-2.1481,1
-1.287,0.021981,3
3.1919,1.7213,3
-1.2155,-4.2885,1
-0.11922,2.8138,3
0.11495,-0.11708,2
-2.8251,-0.074001,1
-0.80291,-8.0995,1
3.1111,2.1078,3
1.6151,0.68432,1
2.7863,1.4127,3
-0.08781,-0.33,2
0.12341,-0.35124,3
3.8864,3.7263,2
0.70262,2.0405,3
-0.59539,0.79604,3
2.4333,-2.5353,1
1.1302,0.35638,2
0.40881,2.792,3
3.3618,1.3754,2
2.8065,-0.009026,2
3.1853,0.33623,2
1.19,1.9091,3
-1.4119,0.067826,2
-2.4478,-2.1343,1
-2.8381,-4.8161,1
2.3155,-0.42605,2
-1.2254,-1.8793,1
2.7033,1.224,3
-1.6502,-1.354,1
2.2834,-0.60323,1
-2.4983,1.9538,1
-5.8989,0.15592,1
1.576,1.3206,1
5.7636,1.241,3
2.1524,0.15911,3
0.084176,2.0229,3
-2.7622,1.2289,2
-2.1575,0.12335,3
-0.57803,3.627,3
1.8117,1.1899,2
-0.97469,-2.8252,1
-1.2781,1.0258,2
-2.4489,-2.3749,1
-0.33815,-0.58426,2
-1.3184,-3.2932,2
1.8357,0.65954,2
-2.5921,-1.0874,1
-0.22994,-2.8642,1
-1.915,-4.6223,1
0.77503,3.5954,3
-2.5878,0.30338,3
-3.541,1.8307,1
1.339,-4.0286,1
-0.41617,1.7473,1
3.5339,-2.0785,1
3.3433,1.608,3
0.38972,2.8184,3
-1.1488,-2.1567,1
0.9658,-3.3303,2
4.7718,2.9467,3
-1.3811,-2.2987,2
0.20349,1.7801,2
3.3236,-1.8453,2
-1.9195,0.51047,3
-0.75736,-1.4771,1
-1.705,-1.0305,1
3.2711,0.72506,3
0.46656,1.7504,3
1.5547,2.5091,3
-1.2801,0.69757,2
-0.041839,0.62488,1
0.7237,-3.5277,1
0.40503,-2.1323,3
-2.399,3.8501,3
-2.0447,-3.8078,2
0.082859,-1.3696,2
-2.22,3.5021,2
2.109,2.5925,3
0.62427,-0.88077,2
0.62632,-0.49363,3
0.10708,1.6222,3
-3.0111,2.6131,2
-3.1369,-3.6793,1
0.5595,1.115,3
-3.3044,-3.9646,2
-3.8001,-2.8664,2
3.2201,1.728,3
0.37944,0.89084,2
3.8016,-4.0346,1
2.0531,-0.16115,3
0.047463,1.4683,3
-0.88458,-2.4007,2
-1.4107,0.87289,2
1.2077,-5.4456,1
-2.2896,-2.7419,3
3.2829,1.8451,3
-1.2506,-2,1
-0.24286,-2.3388,2
2.4065,-1.0144,3
2.1712,-0.16588,1
4.6235,0.55073,3
2.6751,-1.7401,3
-1.4996,-1.0956,1
-3.77,0.9386,3
-1.2757,-2.0607,2
1.6142,3.179,3
4.8608,0.082916,3
4.0661,0.070389,2
1.5293,-0.82837,2
-1.3715,0.30857,2
1.3672,1.8093,3
3.5284,0.44463,3
-0.44637,-1.8466,1
-1.8362,-2.6307,2
-0.030714,-0.93092,3
4.1194,2.8724,3
3.1552,-1.081,2
1.8977,0.45377,1
-2.8239,-0.51006,2
1.2969,-2.6177,1
1.2811,3.795,3
1.7637,-1.7039,3
0.12072,0.69663,2
-0.35998,5.0807,3
-0.73824,-5.9148,2
0.22424,-0.21945,3
-1.8783,0.48226,2
-0.0038007,-1.3724,2
-0.75811,-0.14756,2
-0.9745,-3.4172,1
1.2049,0.29832,3
-2.5299,-0.35216,3
-6.4867,-0.10813,1
1.3311,0.032352,3
-3.0301,0.80693,1
0.2897,-1.2521,3
1.8108,-0.48821,3
-2.7798,0.32207,1
-4.3921,-0.38234,3
-1.6159,-0.98646,2
-5.9007,-0.47672,1
3.3172,-0.84948,2
0.1009,-2.1356,2
-1.6184,0.19467,2
1.2845,-1.0542,2
2.9124,3.324,3
1.5898,3.5321,3
-1.0668,1.3316,2
0.29876,-5.4121,1
1.1959,3.5048,3
-3.2574,-0.10547,1
3.4998,2.8033,3
1.634,1.4874,2
-0.2775,6.282,3
-1.78,-6.3718,1
-1.8674,0.98698,1
0.5798,-3.6596,2
1.783,-0.83906,3
-1.3626,-5.2636,1
1.8591,0.75161,2
0.20411,-5.1995,1
0.69594,2.8787,3
1.6705,4.8543,3
-2.0157,-2.915,1
1.3156,1.9651,3
-3.0762,-3.1385,1
-4.6722,-3.3892,1
0.19847,0.10903,2
-3.8769,-2.7696,1
-2.0976,-1.2581,3
1.6175,0.57209,3
-0.40057,1.7754,2
2.4727,5.5594,3
-2.714,-5.0279,1
-2.5766,1,1
-0.82837,1.6506,2
-1.2848,-0.85192,3
-0.82072,-3.1603,2
0.57251,3.6716,3
2.4749,0.21321,3
2.9506,1.3699,3
-0.24279,-2.6679,1
0.70646,1.8709,3
2.3921,-0.44196,2
-0.60225,-4.05,1
1.2148,1.8152,1
3.056,2.1167,3
2.0711,-1.4672,3
0.58481,-0.42665,2
-3.0144,1.5126,1
-1.0555,-0.19358,2
1.7881,-4.8902,2
-4.0365,4.2846,2
1.3424,2.8793,2
0.36243,1.4382,2
-3.9244,-3.0144,1
-1.5542,3.4044,2
3.7079,0.16442,3
0.028648,-0.21355,3
-2.7624,-0.91634,1
-5.1029,0.19886,1
-2.2208,-1.5678,2
0.83963,-0.2462,2
2.0191,-3.2698,3
1.0801,0.96632,2
-0.74224,1.6651,3
-1.9636,-2.6314,2
2.4501,-0.090984,2
0.58479,2.3065,3
-5.7749,0.31532,1
-0.18347,3.9143,3
3.0985,-0.29021,2
-4.3254,1.5687,1
1.5177,1.2761,3
-1.8508,-2.5361,2
-0.048825,-3.3799,1
1.4236,-1.3797,3
0.51458,1.7673,3
0.75706,0.39128,3
1.6269,0.22059,3
-2.7984,-2.7601,1
-2.705,-0.7769,1
0.082585,-2.0843,3
2.2238,7.405,3
2.3514,3.9411,3
2.8007,3.9871,3
1.2718,0.40378,3
3.7226,0.75243,1
1.4361,-1.173,3
-1.1067,2.5106,2
-3.1787,2.3162,2
-2.5764,1.689,3
-2.4071,1.8415,3
-1.053,-2.7148,1
-2.0632,-2.7723,1
2.3171,-1.8847,2
-2.0189,-3.7496,3
-1.0535,1.6794,1
-0.87324,-2.4233,1
-1.6079,1.6289,2
-1.3715,1.5461,1
2.4785,2.0617,3
1.9596,2.5723,3
3.2678,-0.81461,3
-2.6389,1.399,3
-0.41026,0.37535,2
-1.645,3.8803,3
-2.8839,0.16973,2
1.0886,2.9718,2
-1.6949,-2.0053,2
-0.080148,0.4652,3
-1.0993,-0.71773,1
0.68908,-0.13422,1
-0.90931,-3.821,2
2.7298,1.6079,2
-4.5126,2.7849,1
3.1701,0.3991,1
0.14332,1.3331,2
4.1521,1.9908,1
-0.70821,-2.0296,1
0.22776,-1.3025,1
-2.1633,-2.969,1
-1.1623,3.1012,1
0.97052,1.8563,3
1.035,2.7882,3
-0.84677,-1.0883,3
2.0752,3.4952,3
-0.31628,-2.0967,1
-0.47247,-2.2486,1
1.9982,3.0719,3
-0.86673,0.408,2
2.16,-5.0183,2
5.1005,-2.2327,1
-0.23829,1.246,2
0.46051,3.8007,3
1.8635,2.9876,3
-4.8967,-3.3105,1
-1.242,-4.3728,1
2.9014,1.0489,1
-0.73161,-0.10746,2
-6.8798,-6.9337,1
1.5081,-2.6655,3
-0.26139,-0.55902,2
3.2239,-1.5375,3
-4.0689,-1.7323,2
-0.88172,1.6113,2
5.5166,-4.0407,2
2.6625,2.7323,3
-0.7965,-1.752,2
-0.98673,-6.3982,1
-4.2768,-3.442,1
-4.5491,-0.82695,1
1.3507,2.0548,1
1.2974,4.1901,3
0.6613,-0.69579,3
-0.71626,0.86931,1
-0.0029642,2.4432,1
-0.81036,-1.5232,2
-1.4099,-0.20202,1
1.2633,0.39592,1
1.2168,1.5118,3
3.8606,-1.4143,3
1.498,-0.051046,2
0.62344,-1.257,3
-0.97118,2.6575,2
4.2628,-0.049386,3
2.9601,-1.2943,3
-0.83854,-1.4428,2
-2.0194,-1.2405,2
5.1743,5.9356,3
-0.38345,-1.3639,1
3.6193,0.86672,1
-1.3732,-2.0107,1
0.6274,0.34292,3
1.7339,0.017418,1
-1.5377,1.0572,1
-2.4035,-1.5487,1
2.8251,2.6862,3
3.9791,-1.3077,1
-2.912,-1.8185,2
-2.6562,-3.8247,2
-1.1526,-3.5767,1
0.89664,0.98975,2
6.1684,0.98406,3
1.4097,2.0903,1
2.85,2.4136,3
-6.0462,-3.2662,1
-0.23634,-2.1586,1
-0.58797,1.9576,1
3.2455,0.67169,2
-3.488,-2.9439,1
1.1186,-0.039404,1
0.55606,-4.7028,3
0.28997,-2.308,1
2.1013,-0.57894,3
-2.3374,-0.33909,3
-0.80111,2.229,3
1.9245,-1.7705,1
-1.6144,-0.73897,2
0.12143,1.4997,2
-4.9742,-1.332,1
3.5384,4.1173,3
1.2241,0.89937,1
-0.038281,3.1716,3
-1.4943,-2.9011,3
0.70758,1.9068,2
-0.4228,1.3475,3
3.5239,1.1687,2
-2.7066,-0.066129,1
-3.4678,-3.4423,1
4.2535,2.3697,3
-0.38947,0.54711,3
0.41401,-2.1591,2
4.728,0.40876,3
5.7222,-0.06736,3
-2.0051,-0.060571,1
-3.7145,-2.2781,2
-0.80726,1.6656,3
1.2879,0.66596,2
1.4782,2.5235,2
2.1324,5.4479,3
1.9998,-0.71789,2
1.0755,3.8126,3
0.26195,0.35725,3
3.4523,0.66418,3
-2.2871,-0.84977,3
-2.5227,-3.7746,1
-4.2378,-3.3661,1
0.46788,-0.40248,2
-1.6525,0.57192,1
1.2237,-4.5941,1
3.2114,0.98501,1
1.6444,0.45687,3
1.2431,1.9185,2
-2.8643,2.7909,2
1.0823,1.3119,1
2.9687,0.88377,3
0.84461,0.31493,3
-0.20277,-1.0055,1
2.1534,3.1247,2
1.127,-0.45927,1
-1.109,-0.19226,1
2.8528,0.89039,2
1.0945,3.9068,3
-4.0294,-2.4806,3
2.1104,0.064693,2
0.6196,1.4085,2
-2.6597,-5.0316,1
-3.922,-2.6431,1
-1.2169,1.4641,1
-0.91259,-0.048871,3
-5.5491,-0.63732,1
-6.3845,-1.0927,2
-0.66635,-3.3925,2
0.27328,1.6786,2
1.523,1.4106,3
3.8757,-0.36914,3
1.3311,0.28924,2
0.11972,-1.1462,3
0.094115,-4.2485,2
-3.3696,-0.63561,1
-0.82655,-6.2829,1
2.5409,-1.5496,1
0.75874,-0.66255,1
-2.168,1.1622,3
-2.3067,-0.53796,3
-1.6411,-0.40105,2
1.7837,-0.57917,3
-1.8246,1.7854,1
0.61462,1.2066,2
0.19723,-2.5682,1
-5.0772,-1.8467,1
-2.5806,-0.71751,1
-1.7638,-2.8391,1
-0.72097,-1.4823,2
-2.2957,-1.3569,2
-0.01288,2.296,1
1.74,0.086794,1
3.4175,4.1958,3
-2.2853,-0.30439,1
-0.22602,0.97602,2
-0.75132,3.6644,3
-3.5196,-1.4971,1
-1.1512,3.3397,3
0.39567,-0.75158,2
1.0471,3.2467,2
1.8719,2.7081,2
4.9021,-1.2218,3
-1.3294,1.7434,1
3.3877,2.2601,3
1.0147,3.5451,3
0.89142,0.027193,1
0.53221,-1.8217,3
-0.59843,4.1206,3
-4.0183,-0.0031658,1
2.3173,-1.9591,2
0.4851,-0.77868,3
-1.5641,1.2565,3
5.6184,0.71329,3
-0.75943,0.87028,2
1.0179,2.2469,3
1.4582,-1.4584,2
2.626,1.9231,3
-1.3417,-1.2065,3
0.39037,0.70869,2
0.06411,-0.22236,1
5.0307,1.4125,3
6.8843,3.4417,3
-2.8956,0.19299,1
-1.6221,-1.2629,3
-3.5085,0.81773,3
1.2971,2.346,1
0.32256,-0.40214,1
-2.0968,-1.1021,2
2.7543,1.8445,1
-0.046396,2.2655,2
-2.2839,0.95591,2
-1.0592,-0.29871,1
1.8943,-3.9212,1
-3.1556,1.1898,1
-0.40423,1.9482,3
-6.0267,-1.5484,1
3.3259,0.55389,2
6.2441,1.3076,3
-1.2956,-3.2044,1
4.4227,4.1455,3
0.74974,-0.054914,1
3.1369,0.071177,1
1.9942,0.48062,1
-0.69251,-1.4889,1
0.35571,2.753,3
-1.1675,0.37045,3
0.20713,-3.0793,2
-5.1677,-1.4642,2
-0.39718,-0.87617,2
-4.6355,-1.5824,1
-0.65186,-1.8624,2
0.62621,1.1637,2
-1.0034,1.135,3
-2.7402,1.3435,2
-0.26981,0.21366,1
-1.2348,-4.0629,2
-0.2502,0.54659,1
1.2092,0.78568,3
0.93347,-1.1017,3
1.7699,0.15548,3
-0.037334,-2.4581,3
-1.5389,3.3603,3
-1.711,-1.1373,2
-0.77355,-1.8943,1
0.78256,2.6182,3
-2.7175,-2.889,1
-4.6103,-2.2229,1
1.1157,0.96709,2
2.6401,-1.0303,1
-0.80609,-1.133,1
-1.5532,-3.2382,1
5.5131,-0.25025,3
1.5142,-2.2802,2
-1.5656,5.2551,1
0.68267,-1.7231,3
5.3372,0.98347,3
-1.2877,-0.58603,2
-3.9675,3.6772,2
-0.0021011,-1.2194,2
4.5576,2.0268,3
-2.3924,3.3207,2
1.2869,1.1654,2
3.2774,3.7768,3
-1.3554,-1.1573,1
0.8149,5.4928,3
-3.1142,0.79383,2
1.462,-0.34554,2
0.011365,-4.9846,1
0.013867,-1.554,3
0.59617,-1.0504,3
-0.32006,-2.8407,3
-2.07,-0.19472,1
0.88974,1.8812,3
-5.3403,-4.356,3
-1.6802,2.3576,3
-0.68799,0.043431,3
-0.32407,-4.1211,1
0.57622,9.0804,3
-4.5172,1.0105,2
1.6704,-1.1628,2
1.1632,0.78196,2
1.1467,1.9544,3
0.42501,-0.90821,2
-2.2625,2.181,1
3.331,-2.3179,1
-0.41988,1.7166,3
-1.3127,-3.0796,1
-0.60155,0.20587,1
-1.6976,-2.7616,2
-3.5386,-2.3994,3
-0.19814,2.2511,3
2.8534,3.3358,3
-3.2772,-2.6879,2
-8.4368,-1.9683,1
0.77455,-0.24257,1
-4.2629,-3.4461,1
0.80729,1.2756,3
4.2985,2.2566,3
0.56867,2.3423,1
0.23535,0.92776,2
-0.59375,-0.47123,3
-1.6545,2.5175,2
-1.3828,0.58693,3
4.4559,4.7805,3
-0.14648,2.4814,2
-0.11321,-0.68118,3
4.5501,-0.10104,2
-2.1085,-2.2584,1
-0.24713,2.0733,1
2.4317,1.5137,3
-3.785,-2.113,1
-0.016268,-5.0316,1
-4.9466,-4.1115,1
0.3946,-3.0596,3
1.4903,2.242,1
1.4289,0.44416,1
1.7776,-1.3961,3
-4.7533,0.52519,1
0.35899,0.17828,3
-0.847,1.9382,2
1.2025,-0.85059,2
4.2429,5.1885,3
1.4618,-0.85593,1
1.9039,-1.5728,3
-0.25061,0.010613,1
-2.2712,-0.33212,1
2.2794,-0.53086,2
-2.7443,-1.6398,1
-0.96566,-3.8899,1
1.6331,-0.24039,3
1.4882,0.72038,1
-2.3097,-4.2799,1
-0.63692,4.6864,3
-2.3969,1.3585,3
-4.4636,-2.5663,1
-1.9542,-2.3388,3
4.5733,0.88314,2
-2.062,3.2774,3
-3.435,1.4673,2
-0.96671,0.49742,3
1.1807,1.4964,3
1.7212,-1.062,1
0.62911,-0.69703,3
3.4201,6.2201,3
0.19741,0.4906,1
1.437,1.0614,3
1.677,0.52592,1
-0.40286,-3.0256,2
-3.9575,-0.82471,1
-1.6507,-1.8973,1
-1.2164,0.37336,3
4.3681,2.9017,3
-0.42555,1.4282,1
-1.7254,-2.3408,1
-3.1737,0.41017,1
0.90882,4.6348,3
2.2548,3.0714,2
-2.0706,-2.4279,2
-0.22889,0.012737,1
-1.3925,-1.7761,1
1.2279,3.4299,2
-2.3921,-0.0012687,3
0.4654,0.51487,1
-2.5765,0.27963,2
-0.71486,2.7186,1
3.474,-2.6397,1
0.29335,-2.2222,2
-1.8255,0.42539,1
3.7809,1.2617,3
2.6545,1.938,3
-0.60743,-0.24405,3
4.0501,3.2593,1
-0.11417,-2.1565,1
-0.16141,1.6607,1
0.017684,-0.0884,3
0.27972,-2.7696,1
-0.66457,1.7444,1
-0.15383,2.1685,3
-1.7452,-0.14378,3
3.1829,-1.0674,3
0.085434,-2.8354,1
2.4594,4.4086,1
-4.8382,-3.4095,1
-2.6146,-0.46446,1
-1.7828,-0.3894,2
-0.71732,-2.7323,2
-8.0254,-2.4897,1
-3.141,2.4638,3
-0.83491,0.58638,2
-1.0886,-2.0278,1
-1.6514,0.18458,1
1.1784,1.4846,1
-4.0086,2.5842,1
2.7026,-3.4344,3
2.6606,-1.2036,2
-0.37563,1.6186,3
-3.3294,1.9219,1
-1.5937,-1.9654,3
1.2891,-1.9583,1
-0.554,1.0147,3
0.39665,-0.16128,1
0.32502,-1.1027,2
1.0975,3.7782,1
0.59932,-0.97215,1
1.1065,5.7283,3
1.7487,0.55026,3
2.8488,0.83745,3
1.1615,0.78614,1
1.9969,-1.3215,1
-0.70478,3.2378,3
-1.9,0.85505,1
3.1689,2.3969,3
-4.9198,2.7401,3
1.4115,0.37464,1
-3.2464,-0.75312,2
-0.3649,2.4688,3
0.28249,3.2063,3
1.8183,-0.0034252,3
2.7368,3.5344,2
-1.3214,-1.1083,1
0.63211,0.50127,2
-6.6833,-2.1072,1
-6.1834,0.11346,1
-2.347,-1.7557,1
1.8459,2.4608,3
-2.7012,2.5093,3
1.2391,-1.9665,1
-2.3902,-1.1854,2
3.0421,2.5422,3
-1.2789,-0.64929,1
3.6132,4.3635,2
2.1892,-1.7454,3
-0.97908,3.4779,3
-3.0002,-4.3787,2
-3.3615,-3.5536,3
-1.6468,0.95003,3
-2.6757,-1.104,2
-2.3859,-0.061308,1
1.9445,3.8774,3
-4.2968,-1.984,1
-0.84792,3.8517,1
2.4051,2.5164,2
-0.85371,-2.3944,2
4.4272,1.2995,1
3.8845,0.73991,3
-2.2893,2.7765,2
-0.24682,1.6032,3
0.13558,3.3455,1
0.21154,-0.086031,3
0.33751,0.48905,3
-3.0023,-0.76218,1
1.2662,5.5684,3
3.0645,2.5959,1
1.7059,-1.8496,3
0.81436,-1.7933,3
3.007,-0.40625,3
4.0041,-1.2154,2
-0.32513,-4.6051,1
-2.9098,-0.75456,2
0.96333,-1.8104,1
-2.0536,-4.5511,2
0.23924,1.2525,2
-2.3916,-2.1185,1
1.5954,5.1289,3
-1.4964,2.2788,2
5.7397,2.3458,2
0.68108,-2.0099,2
0.92415,-0.42839,2
2.1104,-0.76132,3
-3.6923,2.7284,3
1.4503,3.5023,3
-0.77597,-0.48964,1
-1.0128,-0.99266,1
4.7867,-0.096813,3
2.5415,0.74474,2
1.1147,4.8827,3
-0.98038,-0.96029,1
-1.7151,0.98739,3
-0.16707,0.61985,3
0.46421,-0.99482,2
2.7766,2.717,1
2.2571,-3.573,1
-0.28303,-3.4604,2
4.86,1.0449,2
1.7354,5.4991,2
0.53936,1.7468,2
-1.7787,0.7026,3
-3.78,0.43252,1
-2.0147,0.35218,1
-2.2686,-0.27503,1
-0.64448,-0.45502,2
1.5079,-2.283,3
-0.33327,0.47986,1
0.88863,-2.431,1
1.7581,0.15587,3
-1.3134,-2.3879,3
-0.21756,0.90819,1
2.6212,-3.0865,3
-2.8915,-1.639,3
-0.19427,-4.2577,1
-0.149,1.6168,1
1.6546,3.7268,3
4.2202,1.9843,1
2.369,-1.0467,3
0.12008,-4.2285,1
1.9518,2.3209,3
-2.4665,0.78912,2
-0.11508,2.3918,3
-1.3008,2.236,1
-1.3918,0.42025,2
-4.6721,-3.8105,2
2.2116,0.18285,1
-4.8336,-3.9849,1
-1.4135,0.51083,1
3.4848,-3.5331,1
2.7461,1.5672,3
1.218,-2.4224,2
1.1199,2.2678,3
4.0275,1.956,3
2.0253,0.2043,3
-0.99151,0.93425,3
3.2173,7.5783,3
4.4569,-0.85074,3
0.049069,3.2426,2
1.3996,-2.4074,2
2.5887,-3.2832,2
5.8181,1.6911,3
-6.5031,-4.9558,1
-0.45545,0.28973,3
-0.49249,-1.9488,1
0.52206,-4.6235,2
0.06457,-0.27305,3
2.9225,2.6962,1
1.2015,2.5937,3
-1.6687,1.2172,3
-0.46738,-1.0623,1
1.391,-1.878,2
-1.9073,4.7884,3
-0.8469,-0.64082,3
-4.5878,-1.0904,1
-2.2079,-0.68403,1
0.64527,0.35325,3
-1.6768,-1.5781,2
0.65274,-0.86633,3
0.93762,-5.0899,3
-2.1129,-2.6982,1
4.2952,4.3192,3
-5.8511,-2.7817,1
0.12967,0.12313,1
0.24608,-3.4744,1
2.8964,2.5476,3
4.2578,3.5476,3
1.0625,1.2952,3
3.4438,4.2065,3
2.7952,1.2589,3
1.6709,-0.65554,2
0.21169,-1.5682,3
0.026933,0.99335,3
2.6803,-0.76382,3
1.2735,-0.041455,2
-0.52896,-0.43251,1
4.8758,0.88404,3
3.4723,2.8316,1
4.5978,1.6112,1
-2.2134,-1.8222,2
0.2233,-0.83633,2
-0.31971,-0.21187,2
-2.6135,-3.2811,1
-1.4593,-2.1504,1
0.61284,1.3887,3
-0.29905,0.43577,3
-2.0127,-1.4192,2
3.8462,1.4386,2
-1.4883,-0.46355,2
0.94043,-0.87038,1
-5.8711,-1.3464,1
-2.2409,1.1367,3
2.2474,2.7177,3
2.4804,-0.52169,3
-6.6128,2.2128,2
1.4229,0.25638,2
-0.49766,4.8815,2
-1.2528,2.9908,1
1.96,0.47943,3
1.9956,3.2645,1
1.2788,-1.3398,2
-2.0132,-1.1604,1
-1.1648,-4.2587,3
-4.5666,-6.0906,2
-2.8714,-1.9564,1
0.55446,2.6837,3
-0.723,-3.788,2
-2.9144,0.87257,2
-0.83046,0.59567,2
-0.12993,-2.9949,1
0.80525,1.4017,3
-1.4374,-1.8853,1
-1.0633,-6.5,1
-0.65203,0.89585,1
3.788,4.8642,2
0.21646,-1.4506,3
0.95321,0.18972,2
-0.10509,-0.22209,1
5.8035,0.85944,1
4.8969,1.7629,3
-2.794,-2.8374,1
-2.9266,2.126,2
-1.8748,-0.37296,2
-0.17811,0.58656,1
4.4271,2.7466,3
-3.3054,-1.0402,2
-1.1291,-0.28743,1
-1.791,-1.773,1
-0.48054,-0.26951,2
3.2879,-0.86712,2
0.73638,-3.7039,2
2.7983,-0.014155,2
0.43928,0.24592,3
-3.4059,-3.3242,1
3.4997,1.6009,3
-1.5259,-2.6843,1
-0.23906,2.8824,2
1.934,5.7356,3
0.032124,0.70282,3
3.2744,-1.7749,3
-3.8119,0.57605,1
-0.44824,-1.6001,3
1.2357,0.58729,2
0.88326,-2.1353,3
-2.5351,0.11166,3
-1.0648,-1.421,3
4.5854,0.22422,3
1.0864,0.71226,3
-2.4749,-0.66592,2
2.2601,1.3677,2
-0.18777,-2.6911,3
-3.0131,0.069154,1
-3.5489,2.2289,2
-2.3394,1.3481,1
0.93142,-4.5755,2
2.2006,-2.557,3
0.2564,-1.0726,2
2.5876,-1.346,3
3.6506,1.1038,3
0.90656,-0.80326,3
-1.6822,-4.4938,1
2.3991,0.30623,3
-5.3389,-3.5853,2
2.5112,4.2426,3
-0.72268,0.3011,3
2.6962,-1.3995,3
-1.2777,-0.80906,2
-2.1202,0.15961,3
-1.2428,0.69491,3
1.1117,4.4278,3
2.0262,1.8159,2
1.0688,3.9394,3
-1.3195,0.95084,1
1.3603,-3.1821,1
-0.061807,1.8177,2
-0.40057,-0.72466,1
3.3332,1.927,3
2.108,0.20371,3
2.1438,0.92366,3
-4.0782,-3.0592,1
-4.1529,1.481,2
-0.0013409,2.7266,2
2.3975,1.1219,2
-0.65301,0.26517,3
0.84011,1.6934,1
0.87901,-0.55161,2
-2.5507,-2.6861,2
-0.9483,-4.654,2
2.942,1.0009,2
3.2603,1.9108,3
-2.5072,0.12779,1
1.293,0.43189,2
-4.4554,2.1922,1
-2.1188,-1.2916,1
3.2722,2.1937,3
3.1336,3.4616,3
6.1123,-5,2
0.35499,-1.9257,1
3.3304,0.81659,3
-3.2283,-5.0577,1
1.7584,0.59602,2
-0.26226,0.32241,3
0.16212,2.5761,3
6.0032,-3.7649,2
-1.0378,0.59322,2
3.8321,0.79585,2
0.022984,2.0302,2
1.1118,0.44671,1
1.469,1.7151,3
2.8591,5.933,3
2.142,1.6807,1
-0.44358,-0.80762,3
2.3782,1.2358,2
1.8235,1.9073,2
-4.5716,-1.6327,2
-2.5971,1.2202,2
2.3066,0.5804,1
2.801,0.47048,3
-1.3648,-1.1828,3
2.0328,5.121,2
1.9722,-2.0089,2
2.1275,1.9903,2
1.3257,-0.9102,1
0.47514,-2.5296,1
-2.4672,-1.9667,3
3.3829,-1.0923,1
2.0345,-1.2396,2
-0.15481,0.72989,2
2.6087,1.8766,2
1.0762,-1.1052,2
-0.96498,-0.11178,2
1.5335,-0.90988,1
-0.047276,0.51834,1
-3.714,1.8778,2
-1.6952,-0.94756,1
-0.66627,-0.43458,3
-3.483,-0.26777,2
-0.84026,-1.6929,2
-3.9602,-4.6763,2
-1.1633,-0.93715,1
-0.40175,2.252,2
1.3203,2.571,2
-0.66112,1.1157,3
1.3234,-4.5114,1
-1.0879,-0.037152,2
-0.15508,-3.8572,3
-3.4576,1.5434,2
0.90605,2.4983,3
2.8433,1.4991,2
-3.1957,-3.856,1
-0.67066,-0.42591,1
-1.0454,2.3023,2
-2.5233,-1.2378,2
0.25141,2.3872,3
-0.32855,1.4572,1
3.9391,5.3292,2
-0.95153,-3.5739,1
0.77482,1.1175,2
-1.4106,-1.6317,3
0.16728,0.51972,2
-0.025039,-7.9784,1
1.1007,0.38077,3
-1.5933,-3.4792,1
1.495,2.0011,3
-0.5723,-0.74742,1
-0.68611,-2.0089,2
1.5717,2.9816,3
0.7781,2.2975,3
-3.1894,-3.4836,1
2.461,-1.7897,2
-1.25,2.9694,3
1.6244,0.019511,2
-0.85721,-4.5061,2
3.1934,2.0302,2
0.44734,3.425,2
-1.7794,-0.80846,3
1.8898,1.7123,1
-8.0955,-5.4998,1
-2.8055,0.3443,2
4.1428,-0.27881,2
4.3548,-2.6867,3
-0.65632,2.9732,3
-0.60612,-1.6326,2
-0.28972,1.024,2
-3.7585,-4.1635,1
-1.2988,-2.3344,3
2.2689,2.3246,3
0.45186,0.32857,1
0.50142,0.28398,3
1.3767,-0.13356,1
0.57399,1.3085,2
0.45592,-2.478,2
-4.2094,-1.9025,3
3.2375,-3.9962,2
-6.8991,-0.54134,1
-2.0131,-0.20075,1
-1.1316,-1.6352,1
1.1294,-3.0405,1
1.6462,-1.6961,1
-5.0786,0.48386,1
1.1282,-3.8008,2
-1.5407,0.36066,2
2.2006,2.7413,2
2.5761,0.026564,2
4.284,3.6571,2
-4.4042,-0.62907,3
-3.0409,-2.5992,1
-1.162,3.4686,1
-6.674,-6.0361,2
-4.4749,-1.8443,1
1.4153,2.9784,3
1.4056,0.48767,2
-2.4758,-5.1186,1
-3.848,-6.2471,1
0.5621,-1.3508,3
-0.19482,-2.561,1
0.42856,3.0277,1
-3.5872,0.57419,2
-2.058,-2.0372,2
0.24358,2.6336,3
-2.4283,-3.981,1
1.4856,2.6055,3
-0.29643,0.16651,3
2.9115,-0.65347,2
2.7146,1.0627,3
2.3042,1.4041,2
0.48198,-0.81543,1
-0.27865,-0.29259,2
1.214,1.2692,1
4.846,4.298,3
0.075687,4.5198,2
1.8469,-0.060762,2
-2.3502,-0.73832,1
-2.8472,1.2856,2
3.2604,-3.1755,2
-0.81339,-1.2462,1
3.442,-3.0534,2
-0.59738,-2.5251,2
2.5479,2.4954,1
1.3068,3.0864,3
-0.93981,-3.4353,1
-3.8603,-0.011069,1
-0.88888,-2.546,3
-0.42719,-1.9775,2
0.44611,1.9975,1
1.0447,-2.3199,1
-1.5225,2.6303,2
-1.9155,-1.5884,1
0.79839,-3.9366,1
-0.10158,2.0206,2
-0.53423,-1.0013,2
0.1778,-1.7258,1
2.6205,0.53205,2
-4.6426,1.6956,1
-0.039435,-0.074968,2
-3.1577,0.61456,3
0.88107,0.096622,3
1.282,2.8729,2
1.4678,6.7738,3
0.82046,-2.0856,2
-1.7572,1.8895,3
1.1664,-1.0236,2
-1.7649,-3.4988,2
2.3868,1.3499,1
0.75945,1.9643,3
0.833,3.8045,3
4.7445,2.5618,3
1.9777,-0.93538,3
-2.2465,-1.1666,2
-2.3865,1.5038,1
-3.6502,-0.048061,2
2.4873,2.7589,2
5.2121,3.8732,1
2.7183,3.0954,3
4.0453,-0.56748,2
0.52045,0.40756,2
2.0144,-3.1788,1
-5.8666,-5.4767,2
-1.947,-1.6848,2
-0.077504,-0.3285,1
1.2921,-0.17536,3
2.161,0.78149,3
-2.0346,-3.2855,1
4.3439,0.45791,3
0.9633,0.68316,2
0.89636,-1.3044,2
3.0568,-0.61342,3
-2.2341,-0.42907,2
-1.9767,0.88863,2
1.856,0.8272,1
-0.39587,0.83965,3
-3.7222,-2.11,1
-1.4951,1.6544,2
-2.2616,-0.18612,1
-2.5732,4.704,3
-7.1378,-3.8741,1
1.8025,2.3649,3
0.70231,-1.2199,1
-2.9334,-2.8877,2
-1.4441,-2.8502,2
-0.2899,0.60931,3
-2.8059,0.071005,1
0.64524,0.28939,3
4.6836,3.6477,2
-1.4737,-0.42314,1
0.92852,-0.48949,1
0.45119,0.71823,3
-1.0556,0.78785,2
-2.1599,4.2144,3
0.36844,-0.36355,2
-1.554,-1.3557,1
-0.99816,-0.066815,2
0.84228,-2.0795,3
-2.0071,-0.11365,3
5.5461,4.2141,3
1.7294,-1.8776,3
0.46667,2.2028,1
0.44173,1.97,3
0.15839,4.4317,3
-0.013105,-0.034239,3
-4.9833,-3.2496,1
-1.0608,-2.3806,1
-0.29276,-2.0129,2
1.1519,4.2411,1
-3.5506,-0.94884,1
0.22634,1.4507,3
4.678,7.1126,3
-0.64568,6.3298,3
-2.8086,-1.1434,1
1.1875,1.0105,2
-1.5728,0.2232,1
1.2553,2.3853,2
-1.4969,0.90799,3
-0.70786,1.583,2
-1.1232,1.8646,3
1.2013,-0.31124,1
2.4705,-0.71408,2
2.3318,-0.124,3
0.26192,3.6559,1
0.57975,2.7807,3
0.19644,1.5945,2
-3.0825,2.1621,1
3.656,1.0091,1
-2.9924,-5.1217,1
2.3292,2.5528,3
-0.034062,2.3229,1
-0.7003,-0.69632,3
1.1867,1.2877,3
-5.5839,-1.4126,1
-0.57333,1.1394,3
0.093171,-1.7995,2
0.37439,-1.1577,1
-3.7353,0.5403,1
0.26062,-0.93783,1
4.8229,3.1234,3
-0.35267,-1.3888,2
0.65724,2.9232,1
-1.5688,1.1497,1
1.3767,-0.13197,3
-0.46276,-1.4011,2
-1.8737,-0.39535,3
1.5206,-0.55196,3
-3.5147,-1.389,2
-0.69719,0.80601,1
-1.3171,-1.7438,2
1.3453,0.8165,2
0.66159,1.6198,2
4.2373,6.9508,3
-1.6467,2.1411,1
-2.7105,0.97478,2
0.31232,-0.44009,3
-0.35689,-1.3194,2
-3.7079,-1.5073,1
2.3378,1.578,3
-0.017082,-0.29853,1
-0.31983,0.79271,3
1.8542,0.98092,2
0.4511,0.2622,3
3.9167,5.3652,1
-2.3564,-1.4652,3
-2.8258,2.6904,2
2.5542,-1.8905,2
2.5594,-0.61094,2
-0.37892,1.3238,3
-3.5438,-4.6719,1
-0.29684,2.2716,2
0.38304,-1.4805,1
2.4465,-0.057986,2
-1.6776,1.2021,1
0.83207,-0.31788,2
-2.2029,-5.4983,1
-0.66632,-4.1455,1
0.53993,-0.90197,2
1.2455,-1.757,1
-3.7551,-2.6066,3
1.9997,0.6733,1
1.2241,2.5018,3
-1.0552,-1.8702,1
0.77393,1.0762,3
-4.4951,-0.91409,2
-2.0508,-2.3954,2
0.82632,1.8486,3
-2.1066,0.42808,3
2.7332,2.1498,2
0.59679,-2.011,3
3.677,1.3196,3
0.64168,-0.13354,2
0.015079,1.4802,1
4.0546,1.7937,3
4.5946,-3.0324,3
-3.818,-2.0538,1
-1.4726,-2.759,1
1.6633,2.2586,3
-2.1732,-1.3773,2
-0.37511,-1.4818,2
2.9083,-0.69303,2
-0.65155,0.42515,2
-0.081567,-0.91307,3
0.29996,0.4389,2
-0.31379,1.6054,1
-0.45386,3.1429,1
-2.3698,-3.5108,2
-0.34019,0.10234,2
2.3493,0.54508,3
-1.1497,-0.67785,3
-2.1439,-1.6076,1
0.2167,-1.9966,3
-0.88342,-0.34859,1
-0.85564,1.8297,2
-0.56488,-0.26767,3
1.8199,1.7731,3
-0.071508,-1.7662,1
4.033,2.4906,3
2.4382,-1.5053,2
-0.75576,-3.8638,1
1.7761,0.79399,3
-0.36801,-1.0906,1
3.8761,1.0641,3
-0.30825,7.5249,3
2.3008,-1.6841,1
-5.4667,0.063716,2
0.78287,1.6172,3
3.8618,0.32021,3
2.8824,0.8851,3
-0.79389,4.9081,2
-1.7258,-2.7666,1
-0.30184,-1.2108,3
-2.3573,-0.30162,2
1.7285,-1.2507,2
-2.9213,-1.0536,1
2.6473,-0.99739,1
5.873,1.119,2
-4.8284,-2.3149,1
-5.9652,-5.5776,1
-1.9979,1.1579,3
0.95101,-1.9435,2
-1.2446,1.9401,2
3.7674,3.0587,3
2.1689,-2.1798,3
-0.083543,-0.91968,2
-1.578,2.6174,2
0.99189,-2.0469,3
-2.9123,0.19683,1
-2.6001,-2.8945,1
-3.2596,-2.9609,1
-0.37473,0.05372,3
3.6046,1.968,3
-0.62467,3.9972,2
0.32981,-3.8008,2
0.41503,-1.1702,3
-5.5392,-2.0752,1
-0.56459,2.0723,2
0.93066,-4.4338,1
0.63101,-0.34408,2
3.6652,3.0703,2
0.35777,1.714,3
0.61552,-1.8734,1
-1.6748,-0.91258,2
-1.8033,-1.7399,1
-4.6324,-6.6095,1
-0.76401,-2.534,1
1.88,0.14274,3
-1.3038,-0.28312,1
-0.8278,2.6893,3
-4.6687,-3.9304,2
-0.060992,-4.2234,3
2.1355,-1.7295,2
-1.8908,-1.317,1
-1.9471,-1.5457,1
1.0573,1.6224,1
-0.84928,0.24957,1
0.4156,-2.5298,2
-1.3023,2.0807,3
-1.8523,-4.0054,1
-2.0063,-0.25236,2
-0.13047,-4.4233,1
-2.2644,1.172,3
-2.9513,-2.5968,2
0.87496,2.6289,1
2.8574,-2.3584,3
0.20989,-1.2048,1
2.3254,0.23764,1
1.2112,1.1908,1
-0.86289,0.27107,3
3.2424,2.7804,3
-1.0737,-0.70186,2
1.9615,1.5537,3
-0.33178,4.8775,3
2.091,-0.50287,3
-4.5263,-8.4449,1
1.7407,6.8214,3
1.9539,-0.98504,2
-4.0559,1.8487,1
-3.351,0.38068,1
2.7108,-1.6773,2
3.2026,-0.49211,3
0.14031,2.685,2
-0.7144,1.1062,3
0.86678,-2.3712,1
1.0768,0.076353,2
1.0658,-1.3349,2
1.967,-2.0947,1
-2.7226,0.93315,1
-1.2418,-0.53257,3
0.96837,-0.91231,1
-0.78361,-2.7059,1
-2.7083,1.5259,3
2.4199,1.3377,3
2.503,0.88492,3
-4.9172,-0.76813,1
-1.0086,0.42408,3
-4.32,-0.95317,1
-0.26948,0.47108,3
-2.2641,0.51719,2
-3.8175,-0.81919,1
-2.2003,-0.65406,1
-4.9846,-1.6731,1
2.3123,-0.54106,3
1.6634,-1.1844,3
0.18174,-5.3959,1
-1.0683,1.8767,1
1.17,-0.12104,3
-0.63926,2.0146,1
0.47867,2.4619,2
1.0736,-1.6509,1
1.6636,3.657,2
-0.96483,-0.42053,1
1.1709,-1.1188,1
2.4094,-2.4641,2
-0.18858,0.33416,3
2.3871,0.84622,3
-3.9029,-1.9775,1
0.77876,-2.0988,1
3.1735,1.0687,2
2.6209,-4.9714,1
0.59063,-2.999,2
1.038,0.40228,3
5.3827,-2.7948,1
2.2719,1.1362,3
-0.89572,0.21424,2
3.4719,3.2617,3
1.2301,2.4299,2
1.6014,7.1024,1
1.1119,-1.4807,1
0.0085823,2.7616,3
-0.66201,-3.0869,1
0.60284,2.6274,2
-1.9161,-0.16592,1
-1.2414,-0.46953,2
0.18114,0.76642,2
-0.51094,-4.0077,1
-0.22668,3.2374,3
0.99319,-0.10425,3
0.0072976,-2.7029,2
1.7261,-4.7718,1
-0.93319,-0.51283,2
-2.5484,-0.67744,1
3.0035,0.036956,3
2.3514,0.31177,3
-2.9016,1.2929,1
-2.117,-2.313,3
-3.3048,0.97971,1
-1.4355,-1.0439,3
2.9228,4.3499,2
-0.64794,-1.8495,1
-2.044,-2.3305,3
-1.3435,1.7374,3
0.54858,-0.70914,2
1.5755,0.99417,2
1.3098,2.8941,3
-1.1809,1.1991,1
-4.2652,-6.6884,1
1.9555,-3.0474,1
-4.0468,1.8505,1
-3.0662,-4.3578,2
-0.41634,-0.71242,2
5.0525,3.5683,3
-0.91904,1.6175,2
1.6619,3.5652,3
-2.2182,-1.8904,2
-3.8347,0.023914,2
0.15451,-0.60051,1
5.128,0.39677,3
-0.65335,3.6885,3
4.3485,0.43844,1
-1.1501,0.71215,3
0.13325,0.73464,1
-1.093,-2.9478,2
1.3962,0.75847,3
1.5506,3.8359,1
-2.5093,0.22682,3
-3.0678,-0.8438,2
-0.73531,1.2593,2
-2.9764,3.6044,2
-2.8461,-4.3504,3
1.86,2.224,3
2.4138,2.1199,3
-1.2184,2.0351,3
-1.0459,1.0446,3
0.24285,3.3307,2
-1.182,-2.8677,1
3.3612,2.1742,2
0.45823,-3.1731,1
0.92241,-1.4125,3
-0.3407,1.5156,3
2.5141,2.4884,1
1.168,-1.999,2
-0.2966,-2.9987,3
2.4745,1.7708,2
-2.2051,-3.4768,2
-2.3115,1.9958,1
-4.4701,-4.9754,3
2.7819,1.0897,1
-1.3318,0.082913,2
0.79711,2.599,2
0.59705,1.633,1
-0.34689,-3.0391,3
0.65754,0.1712,1
-2.9151,0.40726,3
-0.22693,3.5312,3
-1.5547,-0.30378,1
-1.8789,0.67883,1
1.0316,4.6096,2
-3.4999,1.1136,3
-3.1103,-1.4784,1
5.3999,2.2451,3
0.94185,0.68815,3
-1.5997,1.2485,3
-0.39418,1.4668,3
-1.8285,-2.38,3
2.8177,3.9633,3
2.1196,0.19822,1
2.006,1.1237,3
-3.1882,1.3279,3
-1.7794,-2.184,1
0.25682,2.0466,2
2.1575,-2.9572,3
-2.7896,2.1968,2
0.38023,0.81545,3
1.2359,-0.58973,3
-5.5746,-0.74779,1
-0.98741,1.7321,2
1.2141,-0.41188,1
2.9793,4.2587,2
1.9117,-0.41926,2
1.7807,2.0857,2
1.3317,-2.0464,2
-0.82131,-0.47121,3
-3.2602,-1.7308,2
-2.0917,-0.96588,2
2.3615,-4.3913,2
1.9257,6.11,3
-5.875,0.27616,3
0.35121,0.24067,2
-0.65439,5.1142,3
1.4932,-3.145,1
-3.6777,0.986,2
-0.48048,2.04,1
-2.6537,-4.931,1
-2.9872,-2.3281,1
-0.052444,-2.365,2
-1.6608,1.5297,3
-3.7,-5.6623,1
-2.3349,-2.5611,1
-0.5563,-2.6874,1
-4.028,-5.5559,2
2.8797,1.4643,1
2.1761,3.386,2
-2.6291,-0.29647,2
0.6491,-3.0062,1
-3.0599,-5.3103,1
4.6616,4.953,3
-1.8348,-1.7724,3
0.83553,-2.0477,2
1.3156,1.3277,2
-2.5177,-2.3146,1
-1.1705,-0.3501,3
-0.76534,-1.3345,1
0.26971,0.95595,3
-0.13653,-2.2517,1
0.46657,4.8455,3
3.7183,0.78489,3
1.1544,-0.18497,1
3.8322,0.012358,3
2.1924,2.2406,3
-1.4053,0.2942,3
-4.4741,-3.516,1
-0.40656,0.99425,3
-0.9963,-5.6877,1
-0.0012458,1.5161,1
0.4857,2.2392,3
-3.9989,1.9053,1
1.7769,0.27838,3
-4.6644,-0.054424,1
-1.5992,3.1106,3
0.51446,1.5331,2
2.9887,-0.97664,1
0.77994,-2.4449,1
-1.1833,0.55671,1
1.9613,3.1225,3
2.0853,-3.0728,2
-0.16787,0.68513,3
-0.61268,-2.6424,1
-1.0349,2.5697,2
3.0037,5.1502,3
-4.2302,0.07768,1
0.60533,-0.42044,3
2.4441,-2.647,2
-4.0144,-5.1713,1
3.7004,-2.0322,1
-0.68423,3.5331,2
-1.1934,-0.99767,2
5.4722,-1.7662,3
-2.8474,-3.4396,1
-1.2641,-6.6341,1
3.5355,5.3362,3
2.5024,1.5861,3
-0.70478,-5.2369,1
1.1284,1.5401,3
-1.2224,-2.7279,3
-1.74,2.0346,3
-2.0255,-0.63957,1
-0.47594,-1.331,2
-0.8679,-2.5308,1
2.194,-0.18937,2
-1.4169,-1.9426,3
-3.8816,-0.26406,2
-2.7038,-1.3045,2
-2.0277,-0.56463,1
-2.5616,-4.1268,2
2.5218,0.25355,3
-2.2757,-2.9251,2
-1.4212,-1.0168,1
3.4484,-0.25422,3
0.044797,0.77895,1
-0.63013,1.0002,2
2.1361,-0.53817,1
2.3697,0.26365,2
-1.8305,-0.4113,1
-0.38081,-0.19303,1
-2.1492,-1.2011,3
0.31573,0.092152,3
-0.6055,-2.8458,3
4.5869,-0.79221,1
0.22688,1.5803,2
-0.58773,-0.64422,1
4.8923,2.6472,3
1.9518,2.1883,3
5.1277,-3.4118,3
2.8555,2.5484,2
0.9341,-2.1523,3
3.2676,2.2489,2
4.1491,0.51123,2
1.6646,3.1057,2
3.5856,-0.21586,2
-4.479,-1.0268,1
3.6834,-0.59092,3
1.6124,-1.8465,1
3.0878,0.52974,2
-0.70426,-3.5663,1
2.147,5.7065,3
2.5609,-0.23316,1
0.17655,3.8361,3
-0.14356,-1.188,2
-1.2915,-1.0119,1
-1.8589,-3.6674,1
4.2933,2.9672,2
4.8497,2.6564,3
2.3391,0.12092,2
-2.4493,-3.4788,1
0.74679,-1.4818,1
2.338,0.37797,1
2.1656,-1.6109,1
1.6895,-3.7017,3
-0.66359,-0.75403,2
-1.4991,-5.4733,1
1.3919,-0.94132,1
-0.85059,-3.8757,3
3.6219,-1.9724,2
3.4084,-0.41206,1
-1.7978,0.36207,2
1.8781,-3.887,3
-4.0644,1.5409,3
-2.8142,-3.8874,1
2.2584,3.5495,3
-2.7108,-2.1152,2
2.0285,1.5863,3
2.2528,-0.69963,2
2.153,-1.8721,2
0.5817,-2.7455,1
2.3327,-0.30516,3
-0.42586,-1.9613,1
-4.8089,-1.6359,2
0.078628,3.4054,3
1.7064,2.058,3
0.58798,1.2973,3
1.7337,0.14654,2
1.4597,1.2015,2
4.0012,1.5,3
-0.088253,-0.4521,3
-2.809,-1.1334,3
1.5025,-2.0647,1
4.2103,-4.0374,3
-1.2256,-4.5924,2
-4.2846,0.23966,2
3.3841,-1.1611,3
3.9829,-3.1473,2
-3.7995,-2.8502,1
-1.514,-1.4897,3
1.5491,-3.1498,3
0.4436,0.26063,3
-3.2752,-4.026,1
0.43522,-0.97467,3
6.3037,1.4497,2
-4.2121,3.6833,2
-1.9323,-0.71135,1
0.47067,0.91164,1
1.5417,1.2681,3
0.73799,0.10506,3
-4.9858,-3.9525,2
2.5655,-1.7032,2
0.2607,2.629,3
-1.2319,-2.7205,1
-1.3893,-4.034,1
-0.12334,0.014884,2
1.1347,-2.7177,1
-1.2242,-2.2902,3
0.69917,1.3679,2
0.58048,-1.4047,3
0.10818,1.1335,3
0.92448,-0.43438,2
-0.19559,-2.2447,2
-0.83706,-0.20019,3
-1.0514,-0.78217,2
-3.91,-2.9296,2
0.19721,1.1308,3
1.8197,0.60059,3
-3.8401,-6.7364,2
-0.95667,0.85764,3
-2.9881,-3.045,2
3.5828,0.54251,3
4.9551,1.4498,2
-0.25593,4.4502,1
-2.2608,-2.2879,2
1.861,2.4056,2
2.5213,3.4744,2
-1.3919,0.59684,3
0.55928,4.3382,3
2.5312,-0.98951,1
-3.2445,-3.026,1
1.5353,-0.41736,2
-2.353,2.9446,2
0.73162,-2.1127,1
3.9843,-0.31561,1
0.55149,-3.92,1
-0.31317,2.0657,3
-1.846,-0.76265,1
3.0386,3.2078,3
5.1875,0.56935,3
1.0242,0.99527,2
-4.0173,-0.11707,1
4.7376,0.65403,3
-1.0543,0.46237,2
-1.062,-2.1345,1
-0.58013,-1.6843,2
0.055933,-1.0808,3
-1.0818,-5.0406,1
5.2953,3.1609,1
-3.4368,-1.2128,2
0.91072,0.19036,2
-1.5293,-1.4457,1
0.54847,0.52942,3
-2.7837,-0.048138,2
1.5995,-2.0242,2
-4.0885,2.1177,1
-4.9458,-1.9756,1
2.4496,-1.1355,1
1.9154,-0.72854,3
-0.81038,-1.6258,1
3.9502,-3.0265,3
1.9279,-4.6751,3
0.81652,0.36692,1
-0.29196,-0.20561,3
-1.5743,4.0529,2
3.828,1.3172,2
-0.84787,-0.25485,2
-2.7669,-0.49378,2
-1.4878,2.7311,1
5.928,-2.3256,1
2.9938,0.74673,3
2.7317,1.7332,3
2.5875,-0.86551,3
0.21546,1.9156,1
-0.21857,-1.1953,3
-1.1825,1.6915,2
0.65074,0.69582,1
3.665,-0.16465,3
-0.067408,-0.56627,3
-1.517,-1.7919,2
0.94453,-0.1045,1
3.922,5.2621,2
1.7774,-0.18089,3
2.9148,0.64542,3
0.74198,1.7165,3
-0.39648,-2.9405,3
0.058543,-1.8425,3
-1.7767,-3.5322,1
1.2638,0.26251,2
-1.7037,0.0011192,3
-1.2351,1.8275,1
-0.13667,1.2588,1
3.2934,-1.1811,2
0.48794,1.4539,3
-2.2952,1.909,2
0.38665,-2.5442,1
0.99912,-0.21811,3
1.4635,2.2899,3
-1.5001,3.5206,2
-3.8163,-6.7926,1
1.0135,-0.30895,3
1.3237,-1.7815,1
3.6307,-0.20466,2
-3.3255,-2.2701,1
0.65051,-1.166,3
-0.72791,-0.39799,1
-1.1235,2.9213,2
2.7734,2.1559,3
4.2147,0.52942,2
3.8868,2.2126,2
-4.1493,2.3336,2
0.68143,-2.3526,1
2.7059,-3.6314,2
-5.3508,-1.292,1
-1.5338,2.5204,3
3.8632,2.5159,3
-3.1654,-1.4817,1
0.45818,3.1169,2
0.82196,-0.55989,2
-2.485,-4.459,1
0.86951,5.2366,3
0.31566,0.42268,2
-0.48867,0.88926,1
-1.2623,-0.94361,3
-1.1623,1.1011,1
-2.4406,-1.7127,1
0.7835,2.3312,3
3.0361,-0.57556,3
2.4075,-2.2511,1
2.1114,-1.7195,3
-0.42163,-0.071109,1
1.3447,-3.085,1
-1.1977,-3.9079,2
3.2823,4.5009,2
2.5051,3.7329,3
0.62157,1.9736,1
-6.842,-3.9655,1
-0.32839,-3.4345,1
3.8515,-0.7427,3
3.481,0.57852,2
-3.3713,0.20541,1
1.3273,-1.8467,1
0.73466,2.9531,3
-2.0397,2.3271,3
-2.1238,1.501,1
-0.48467,0.29364,1
3.034,0.87921,1
0.13931,-0.25486,1
-1.3651,2.733,3
2.7571,0.062211,3
-4.2735,-1.3407,2
3.112,-2.0168,2
-4.9117,-5.2523,1
-0.84036,-1.4538,1
0.26843,-0.69317,1
-4.1542,0.27848,1
-3.5658,-0.34236,2
1.5663,-4.9017,1
0.15415,1.1789,1
-0.60535,-0.2821,1
0.96623,1.1764,2
0.82015,2.3734,2
0.34691,-1.7251,3
0.75952,5.185,1
-1.4099,-2.9066,1
2.1126,2.2421,3
1.4186,0.30304,1
0.99676,1.7055,2
-2.7629,-4.6857,1
-0.12515,-1.7463,1
0.35075,0.33166,2
-0.65861,-0.56887,1
3.2667,0.68853,3
0.94697,-0.60616,2
3.2817,0.10769,3
-0.17958,-3.6889,1
-0.92551,-1.6848,2
-0.15636,-2.4168,2
1.4528,-2.3326,3
-1.1571,-2.3715,1
-2.8091,-5.4299,1
1.6128,0.70097,3
-1.1929,2.3112,2
1.9609,-0.80848,3
-1.8684,0.92999,3
-3.5591,0.12735,3
5.9671,0.97866,3
-1.1805,-0.69683,3
-0.59971,-3.2056,2
3.6503,-0.18652,2
-1.3436,-0.043529,1
0.36461,-0.1276,2
-0.53099,-0.65928,3
-1.183,-2.0876,1
-0.80957,-1.0151,3
-1.7391,4.975,1
-3.3578,-3.9212,3
2.6195,2.0976,3
-0.90259,-2.9278,1
-1.899,-0.90687,1
-0.3787,-2.8538,2
1.1907,3.0942,1
-2.5604,-3.5211,2
-0.076766,5.1621,2
-0.1991,-1.2572,2
-1.4981,-0.71643,2
1.5741,1.1555,2
-1.7851,1.1337,3
-1.0971,-1.6408,2
-1.0164,-4.1693,2
1.8582,-5.0201,1
-0.091264,-6.0906,1
3.9724,5.8487,3
0.70386,-0.13573,3
0.39144,-0.82316,2
-1.968,2.3638,2
-0.66836,-1.4687,1
-0.30305,-0.53703,2
-1.2517,-1.5321,1
-1.5797,-2.776,1
-0.31922,2.5057,2
4.1579,3.8963,3
2.1468,-0.24709,3
-0.6621,-1.8103,1
-1.9876,-1.8743,1
1.2387,-0.27495,1
0.97514,1.7181,3
-1.9082,0.89412,1
-2.9389,-7.9346,1
-0.24395,2.6905,1
2.0662,2.3859,2
0.79701,-0.28293,1
-0.80778,-2.0352,1
1.787,-0.95108,1
-2.7502,-3.1754,1
-2.2611,1.6976,3
1.0158,-2.3498,1
0.82732,1.4601,1
3.6219,-2.4343,2
-2.4418,-2.3084,1
0.2084,2.0405,1
2.0824,1.2684,1
-1.1167,1.8052,1
0.93713,-4.2881,1
3.251,1.4799,3
-1.2924,-2.6455,2
-2.9649,1.1873,1
1.7498,1.1859,1
1.3089,-0.43241,2
-0.72172,-6.7428,1
0.23157,-1.9652,1
2.6627,-5.6381,1
3.5738,1.8207,3
-1.3018,-0.83224,3
-0.68344,-0.56764,1
-1.2959,1.874,1
0.041982,0.10485,2
-5.2278,-1.3034,1
-2.6737,1.7246,2
0.95203,3.8427,1
-1.5783,-7.5922,1
-1.4647,-3.7437,1
2.6948,-5.6693,1
-2.351,1.7541,3
-3.3657,0.93805,3
0.94077,-1.9994,2
-0.23176,0.16283,2
1.525,2.4591,2
2.6218,-1.4712,3
-3.8617,0.26521,1
0.68107,4.4245,2
-0.87866,0.0075372,3
1.3023,0.021043,3
1.3935,2.2004,3
-1.9509,0.62884,1
0.85032,1.8637,3
-1.4291,3.0022,3
-6.9638,-0.27727,2
4.4254,4.8704,3
2.0416,-1.8707,2
3.3692,1.4211,2
-0.85346,2.18,2
2.9456,-0.30898,2
2.3411,3.9889,1
1.4683,-2.1725,2
2.9194,6.7329,3
-0.96539,1.9846,1
-2.1093,3.2337,1
-0.32674,0.3167,2
0.83718,-0.87157,2
-0.95013,0.11011,2
-1.0124,-5.287,1
-2.6658,-2.7681,1
1.7547,-0.087957,3
2.8696,0.89938,2
0.53302,0.44417,1
0.52073,-0.23427,1
1.6845,-1.6069,3
1.3744,0.95784,3
0.59619,1.5564,1
-0.382,5.9014,3
-3.0904,-0.20233,2
-0.15423,-1.7796,1
-0.75694,2.1834,3
0.0040583,-0.41007,2
-0.36104,2.0337,1
-1.0286,6.2781,3
4.1499,3.3999,3
3.1463,4.316,3
1.112,1.7259,2
-3.7648,-2.0264,1
-1.8963,0.9266,3
-1.5703,-1.282,1
-1.0624,1.3123,3
-2.878,-3.4388,1
0.12627,-2.4178,1
2.2712,2.974,2
-2.0858,0.98316,2
0.80044,2.9425,2
-0.61093,-2.2026,2
3.4957,0.58049,3
-1.3891,0.95056,3
0.070096,-1.2346,3
2.0956,-3.1667,2
1.7334,1.9346,1
0.2326,1.5357,2
-0.83649,0.36694,3
-0.77562,1.4954,3
-0.46222,2.0933,3
-0.5393,-0.2842,3
1.1497,-1.9768,2
-2.788,1.4846,2
1.3028,-0.32554,2
1.0913,3.0078,2
1.5086,0.5836,2
-0.86993,0.67134,3
0.4652,2.1457,3
0.35217,-1.5126,2
2.2801,0.56508,1
1.8006,-0.46724,3
0.25862,-0.06564,3
1.3817,-1.4076,1
-1.3037,-0.76881,1
-1.8595,-5.5525,1
-1.6642,0.79633,3
-3.8837,3.0496,3
-0.36923,-4.3587,2
-1.6792,-5.2389,1
-1.0678,-1.1991,3
0.85409,-1.899,1
1.4517,4.8849,3
-1.7448,-3.5737,1
1.6408,1.6465,3
4.2474,1.6573,3
1.7078,-1.953,3
-1.3069,-0.55979,2
-2.3074,-0.37975,1
-3.5056,-0.80926,3
-1.5419,-3.1746,1
-2.4639,-1.4206,1
2.8259,0.24355,3
1.3007,-1.7665,2
-0.34315,-0.94391,3
-0.032619,-0.44949,3
-1.1507,-0.42814,1
-2.7816,2.1962,1
-0.84288,2.6768,3
-2.7727,2.122,1
1.4439,3.0889,2
-2.0049,0.57509,3
2.5982,-1.898,1
1.9456,-2.7078,2
3.4824,0.27686,2
0.18698,-4.8682,1
6.2073,2.8015,3
-0.56624,-4.042,1
-3.1013,-1.7023,1
-2.6767,-0.93375,2
0.39828,-1.201,3
2.1471,0.73973,1
0.015945,1.5204,2
3.2365,-3.2624,2
-1.8682,-2.0859,1
-3.5884,-1.3485,1
-1.1416,-0.37489,1
-0.0085917,-1.4916,2
-2.6601,-0.050534,2
1.9905,2.142,3
-2.2803,-1.623,1
-3.2969,0.011114,1
1.0753,7.7037,3
0.075046,0.74919,1
1.3756,0.40193,2
3.7659,7.6597,3
0.31526,-0.96459,2
3.0983,0.71147,3
-4.3901,-4.0412,2
-0.099312,-0.68352,1
0.036991,-2.3171,3
-4.1661,-2.218,1
-1.9908,-0.72508,1
-1.6566,-0.086549,3
-0.32277,0.54758,3
-2.3725,-0.061451,1
3.2863,-0.66294,3
1.6578,-2.6262,1
-0.95195,-1.847,2
-4.775,-1.1008,3
1.1364,1.8315,1
-0.22892,5.389,2
-2.3585,-1.3444,2
-1.8719,1.4657,2
-0.3742,-0.50712,1
-6.0607,-4.9994,1
0.76209,2.736,3
-1.6146,-0.70558,1
-1.0942,-0.4939,1
-1.9503,-0.044476,2
-6.4707,-4.4553,2
-0.025924,-0.43285,3
-1.019,1.2967,2
1.9032,2.3426,3
-0.98192,0.43262,1
-1.7467,-4.4079,1
1.2156,2.105,3
1.294,-0.37143,3
1.6103,-0.04339,1
1.0507,0.70406,3
-0.15622,1.0883,3
-0.85459,-0.033804,1
-0.55625,-0.91274,3
0.18497,-0.58548,2
1.0309,5.4772,3
-0.51889,2.0113,1
-2.8015,-0.69414,1
-2.4768,2.0593,3
-1.8088,-2.2341,1
-3.3835,-0.21011,2
0.86494,3.8792,3
2.4648,4.9036,3
-2.6986,0.59681,1
-0.82797,-2.1444,1
1.416,-0.54823,1
6.2706,4.8959,3
-0.96442,2.3195,1
2.3425,1.6306,3
-0.16178,-5.0631,1
0.21303,-1.33,3
0.35616,5.4721,2
-0.38973,-0.49465,1
2.4567,2.2975,3
0.6642,-2.5165,2
2.7336,-2.9634,2
0.2634,-3.3513,3
-1.9861,-3.9867,1
0.20441,-1.2968,1
0.31388,1.3703,3
0.48593,1.0152,3
-0.25149,-0.31332,3
0.91914,0.49434,1
-3.5334,4.1267,3
3.9357,3.3336,2
-0.66459,0.44198,1
-0.94346,0.84832,3
4.0032,1.8354,1
1.8881,0.82494,3
0.81053,-0.24367,1
1.5616,0.52478,3
-0.069176,3.9617,1
-0.72819,5.9149,3
-4.0628,-3.3256,2
1.2912,0.66623,2
1.9056,0.33922,2
-3.8024,2.0896,1
2.6074,-0.2975,1
3.5976,-3.6192,2
0.37486,2.4422,1
1.0779,1.5322,3
-1.3145,-2.0235,3
1.0117,-2.6716,2
-1.2923,1.5995,3
-3.16,-5.1099,1
-0.41916,-1.7293,2
1.6495,0.74428,2
0.4409,-3.0857,1
-3.0403,3.5583,3
-1.8033,-3.8983,2
1.5579,1.5245,2
-2.7797,-1.4428,2
2.7199,3.428,2
-3.4874,-1.3837,3
3.7578,0.67837,2
-0.065632,1.988,3
-1.061,-2.6014,1
-0.233,0.62859,3
0.75387,1.051,3
-2.2541,-0.21249,1
5.0054,2.5308,3
-1.3832,-4.667,1
-1.3007,-4.6182,2
-0.75516,0.84475,2
-4.3202,2.1621,2
-2.7869,-2.3493,1
0.77376,2.5756,3
0.050875,-0.47324,3
-1.4373,1.287,3
-3.0431,-2.1754,2
0.70963,-3.1545,1
2.533,3.9018,3
-2.5556,-2.5232,2
1.5303,6.4732,3
-1.221,-1.536,2
-1.8661,0.064947,1
0.88618,1.9186,2
0.82231,1.4499,3
-0.57898,-4.5668,1
2.7994,2.5577,3
-1.4638,1.454,2
-1.4808,-4.3422,2
0.02422,-0.7732,1
3.1425,-0.069273,2
1.4304,2.3439,3
1.7189,1.8798,1
-2.494,0.80635,3
-1.3086,2.2018,3
3.2409,0.56947,3
-0.42931,0.56557,1
-0.44799,-0.020651,3
-3.7608,-0.27433,2
-1.4296,1.1477,2
-2.7403,-0.41964,3
-0.83195,-0.89459,1
-2.9083,-2.3341,2
2.4381,0.91597,3
-0.49574,-6.7819,3
-0.27378,3.0483,1
1.5567,0.64987,3
0.82023,0.17471,1
0.024138,0.77927,2
-1.194,-1.5313,3
-2.496,-1.2545,2
-0.91169,3.0575,2
-1.3826,-0.60504,1
-2.6137,3.7918,3
-1.2413,-1.0799,1
-1.0892,-2.3312,1
-3.3424,-1.1508,1
3.6952,4.2493,2
2.9067,-1.0047,2
0.17141,2.7869,3
4.7435,2.166,2
-1.2352,-1.6697,2
-1.0851,2.6297,1
-3.7833,-4.094,1
1.7907,0.99233,3
-0.15607,2.4781,3
-1.725,1.1089,1
4.6366,3.4148,3
1.9034,2.8725,2
-1.0454,2.0999,3
-2.4808,-0.72943,2
-0.0037308,-2.8422,3
1.305,-2.1182,2
-0.32543,2.5879,2
-0.52091,-2.2266,1
-1.8661,-9.8499,1
0.50089,-1.0488,2
-1.2025,-0.52388,2
2.831,-1.0671,3
-0.36327,-0.70261,1
0.090247,-3.58,1
2.2459,1.6081,1
4.8214,0.85945,2
1.4126,2.324,2
-2.7317,1.0798,1
4.8191,2.0862,2
-0.95018,-4.7777,3
1.3724,-0.22955,1
2.7403,-1.051,3
-1.3725,-1.4186,1
5.1936,0.68549,3
0.74377,2.7825,3
2.3708,-3.8201,2
-0.39679,-1.8014,2
2.2361,4.6515,3
0.16119,-0.69067,2
-1.6612,1.4463,2
-2.8752,-0.38599,1
-1.5656,-3.0247,1
-3.5697,-0.21923,1
1.2333,-0.53176,3
-7.3847,-4.5948,1
-1.9328,-0.45352,3
0.31875,-2.4365,3
1.0002,-0.8374,1
-0.91851,-3.2379,1
-0.39908,1.809,3
-1.6026,-1.3469,2
1.2085,1.0846,3
1.424,1.2377,1
2.1657,1.5604,2
2.6387,2.2213,1
-0.10591,-1.2963,1
-3.703,-0.85256,2
-0.3104,-1.1312,3
1.47,-0.67044,2
1.3544,0.09875,2
0.96302,0.54188,2
-2.5379,-2.2858,2
-2.8428,-3.1103,2
-5.4079,1.2129,1
7.7351,3.5287,3
-1.4481,1.0705,2
2.5415,6.0448,3
0.34142,3.0055,3
2.9568,-2.0676,2
4.8601,2.2289,3
-0.11021,-0.14716,1
-3.2762,-2.3773,1
0.11384,0.31462,3
-1.599,-0.55201,2
-4.4167,0.038436,2
-2.6155,3.8909,3
-1.722,-0.087617,1
2.9294,3.244,2
2.0102,-3.3186,2
0.005993,0.98443,1
-2.5555,-3.3463,3
0.63777,-2.0176,1
0.17989,1.23,1
2.0574,2.0108,3
3.0094,0.48282,3
-1.9455,-1.1682,1
-0.63766,-0.17315,1
0.4403,3.6987,3
0.12987,0.4701,3
0.29376,-4.1293,1
-0.27584,2.0024,1
-2.1427,-0.42468,3
1.9622,0.73358,3
1.714,5.272,3
1.4799,-1.3543,3
3.8429,3.2593,2
-3.4364,-2.3095,1
0.12787,3.8299,3
1.7488,-0.50639,3
-1.8157,2.1489,1
2.5735,2.3773,3
2.0038,-3.7821,3
-3.8861,-5.6978,1
0.15042,0.9091,1
-1.9531,-3.4018,1
-2.6275,-0.77636,1
0.20612,-3.4078,1
-3.2628,-1.8718,1
2.1949,1.7808,2
-0.15661,1.9018,2
-1.0638,3.4859,1
1.6618,-1.2882,1
-1.0786,2.4229,3
2.8732,2.0986,3
-0.69288,2.0217,1
0.67876,0.14634,3
5.5597,2.6752,3
3.0995,0.84323,1
-3.0357,-0.35521,3
-2.9481,-1.735,3
0.16782,-2.3096,1
-1.1289,-1.202,1
0.53263,-0.17054,3
2.5738,8.1467,3
-0.41495,2.015,3
-3.8139,-5.3437,1
-2.9067,-1.2219,3
-4.0232,-1.2462,1
-0.55028,-0.43401,2
-0.040749,2.9922,3
0.056186,0.80458,3
-1.7736,1.0119,2
1.7175,6.3157,3
-2.9401,0.2404,1
5.0029,1.7462,3
-0.22124,3.5376,1
-1.4096,-0.29754,1
-0.33355,1.1932,3
-1.8547,-0.91039,2
-1.9954,2.5454,3
-0.45536,0.18996,3
-0.88826,0.55671,3
-2.1985,-0.86669,1
2.9533,3.173,2
-3.2487,0.97635,1
2.1158,0.58293,3
-0.49675,3.2042,3
-1.8127,1.4844,1
-2.1964,-2.0786,2
1.0243,0.78311,3
3.0844,1.5006,3
-1.8361,-3.1025,1
0.048165,-0.43191,3
1.0879,0.74295,2
-0.94399,-2.6561,1
-4.816,-2.1285,3
2.1774,-1.8384,2
-2.6062,0.39648,1
2.5246,2.1358,3
-3.0331,1.117,2
-0.30438,-2.3797,1
-0.068732,0.97623,2
2.4413,-1.114,3
-2.612,5.894,2
-1.0341,-0.12664,1
-2.1969,-1.6031,1
0.3952,4.1913,2
-2.1943,-2.9456,1
1.2422,4.2978,2
2.3664,2.7873,3
-2.1015,-0.67522,2
-0.023398,2.1539,3
-2.8659,-3.548,1
3.3629,0.29622,3
-2.5399,-2.1139,1
0.36343,-1.2778,2
3.3052,3.1288,3
2.2356,4.0957,3
-2.6141,-2.04,1
3.0048,-2.1338,3
1.2627,-0.08942,1
1.078,0.24942,1
1.3963,-1.6914,1
-2.2745,-2.2964,1
-4.6744,-1.4905,1
-1.3559,-0.87035,1
-2.4295,-1.4847,1
2.3479,2.3118,3
1.6152,0.86751,2
-0.19253,-1.6037,1
-1.8786,1.9977,1
-2.6835,-1.7666,1
-3.4155,-1.6975,1
1.7386,5.3254,3
3.4019,-2.5987,3
-2.7275,0.96447,1
2.5279,3.6206,3
-0.7286,-4.8699,2
-2.4383,-0.058671,2
-1.2235,-1.3044,2
-0.071237,-2.9432,3
-1.5104,-7.0064,1
-3.2101,-4.3876,2
-5.0849,-0.036548,1
0.56076,-2.555,1
-0.46592,0.23486,1
-2.2276,-2.4163,1
-1.7358,0.31373,2
0.24869,2.2072,2
-2.2789,0.37204,2
0.59888,0.93997,3
1.2826,-1.0165,1
-0.942,-0.5011,1
1.0592,-0.80182,2
0.54235,-2.5937,1
6.027,2.6471,2
-0.024201,3.699,3
1.4072,3.5512,3
-1.1117,2.1221,2
-1.4587,2.0735,2
-2.4263,-5.868,1
-0.69609,1.3595,2
0.53146,1.5953,3
-0.82125,-0.078124,2
0.70699,1.0882,3
-4.107,-5.6087,1
1.3197,0.15458,3
-0.028566,-1.3738,1
-4.1352,-0.90351,1
-2.7094,-0.35425,2
2.0833,3.366,2
-2.1895,-2.4144,3
1.1384,3.0488,3
-3.8632,-2.5387,1
2.3566,-1.0165,1
-0.38138,0.70762,2
-0.32577,0.4732,2
-1.0305,-2.4509,1
-0.080596,-0.51109,3
-1.5617,-5.6856,1
3.321,-2.6781,1
-0.38143,-0.80097,3
-0.49696,1.6036,2
2.6774,1.5383,3
1.124,-4.1277,2
-2.5832,-2.0046,2
-2.1863,-0.83508,2
-0.070843,2.0506,2
-2.278,1.4361,2
4.4084,-2.4782,2
-3.0185,-1.5565,1
2.9079,-0.16365,3
2.7982,-0.082562,1
2.3552,-1.6835,1
-2.8157,0.63685,1
-2.1282,-0.92962,1
-2.4305,-2.8497,1
1.6427,1.6148,2
7.5155,2.5773,3
1.1486,-0.0010595,2
0.039144,-2.1079,3
-2.0155,3.5947,3
-1.3273,2.0551,1
-1.4815,1.134,3
2.7727,0.29388,3
0.96451,4.4864,3
0.92287,-2.676,2
-2.1638,1.3617,1
0.4924,-1.0642,3
-4.6098,-2.5005,1
4.3948,5.4269,3
-0.059485,2.0775,3
-2.2272,2.4541,3
-0.78776,0.05811,3
0.12387,0.38442,3
-2.2657,-3.7283,1
-0.40161,-2.5723,1
1.7843,3.9187,3
-0.54079,-3.4038,3
1.1628,4.6589,2
-1.6904,-1.4015,1
2.4293,0.96156,2
1.651,4.0652,3
-1.0594,-0.25458,3
2.7777,-0.11975,2
1.238,0.51698,3
-0.085644,-0.46996,3
2.4532,1.9094,2
-3.8827,-3.0729,1
-1.0728,0.64747,3
0.48518,-3.9933,1
-1.7982,-1.9192,1
-3.5403,-0.13531,2
-1.1034,-0.18729,2
2.0823,-0.30515,2
0.047037,2.7241,2
-0.43857,3.3982,1
2.1661,-0.62479,3
-3.6738,-1.6537,2
5.4901,4.4628,3
0.65374,1.1912,3
-0.76228,-0.32161,3
-0.84064,-4.0763,2
-0.99642,-2.7656,1
-4.2546,0.59004,2
1.2112,2.7877,3
-2.9576,1.121,3
-0.48449,4.6804,3
-0.13716,3.6471,2
4.06,0.46252,1
-1.0965,1.2415,3
-1.079,5.0332,1
-1.2887,-2.4704,1
-1.8591,-0.72171,2
2.0743,-4.199,1
-0.44775,-0.13738,2
-1.9545,0.90542,2
-1.5998,-3.0287,2
-2.3133,0.45707,1
0.77689,0.18936,2
0.54887,1.5228,1
-2.3945,0.6322,2
-2.5506,-3.2955,2
-2.1428,1.1639,2
-3.2468,2.8053,2
0.50006,-0.87673,2
-0.46051,-1.3096,1
1.542,0.7329,2
4.609,1.3873,3
-2.7817,-1.4701,3
4.6547,3.3389,3
4.6855,1.4622,3
-0.11798,0.64083,2
0.63659,0.63029,3
-0.97553,-0.46356,2
0.14356,0.86242,2
-2.3036,-1.7336,3
0.081513,0.18435,3
2.7869,1.5071,2
1.8277,-4.5325,1
2.0339,1.0055,1
-0.42356,1.6791,3
0.87607,1.1623,3
-0.1893,1.52,3
-4.3025,-2.9176,1
-1.505,0.93305,1
0.044928,1.9037,2
2.0354,-0.041775,3
-2.6112,-4.1131,2
-0.41868,-0.37594,2
1.6117,2.6418,3
2.5271,1.8957,1
-1.0712,-0.79326,1
1.1608,-0.51028,2
4.4173,5.2666,3
3.4436,0.25015,2
1.7781,-3.0414,2
-4.6669,-2.4327,1
0.64402,-0.84961,2
-2.5281,-0.24886,1
3.1183,2.4007,3
2.2251,1.5777,3
0.025138,0.57836,3
2.8537,2.5009,3
-2.0867,-2.8901,1
2.8779,-0.10215,2
2.5204,-1.8321,2
1.0849,-1.252,2
-3.337,-4.6874,1
1.7259,1.3072,3
0.10568,0.10962,1
-2.2053,-2.3602,1
1.3059,2.3027,2
-1.3323,-1.0727,2
3.3615,1.1515,3
3.0728,-1.3745,1
2.0477,-3.3356,1
-1.054,1.7325,2
0.62881,1.0612,2
-2.1342,-1.3192,2
-1.6132,-4.8603,1
4.785,-0.49597,3
4.2634,-2.256,3
0.58626,4.0222,3
1.1301,-1.4091,2
-2.7532,0.33659,3
1.2529,-0.9585,1
1.0471,-0.8889,1
3.0569,-3.591,2
0.88709,3.8773,3
1.1036,-4.291,2
-1.7241,-0.58794,1
-2.9458,-4.997,1
1.153,-1.7405,1
-2.052,0.80749,3
-0.65849,-2.1423,3
-3.3348,-3.4374,2
2.1014,3.6706,3
-3.1648,-1.4168,2
-2.4452,-2.1901,1
0.19506,3.6358,2
1.7884,3.998,3
-0.61932,-0.059277,1
-0.99047,-3.2819,1
-1.1138,-2.1414,1
1.3566,2.8496,1
-2.7495,-4.2938,1
1.7969,-0.13544,2
-2.0397,0.45698,2
2.3047,0.12647,3
1.858,-0.52172,1
-2.2188,-2.6416,2
1.3129,0.88404,2
-1.7843,-1.2712,2
0.65184,-1.1307,2
2.6116,2.7481,3
6.3295,-3.1574,3
-1.2907,-0.6547,3
-2.4582,-1.485,1
-0.92451,-0.90365,2
-1.4039,0.84942,1
-4.1135,-1.0715,1
1.0722,-4.7671,1
-1.2527,-0.1576,2
-2.0142,-0.37368,2
0.3146,1.6245,3
2.732,3.3586,1
-2.6713,0.048926,3
1.1715,-3.0567,1
-0.47457,-0.38978,1
0.86981,-3.05,1
1.3127,1.9592,3
1.1555,1.7177,3
-0.85596,1.0562,3
-0.89014,1.1277,1
1.1255,-0.24119,3
-1.2238,2.2034,1
-3.2647,-4.1207,1
-0.31881,-1.19,1
1.6199,2.122,2
-3.8395,-1.3305,1
3.9158,-1.2755,2
1.5596,1.305,3
0.70587,1.3023,2
1.4093,2.8805,1
2.7621,0.16594,3
2.4813,4.8054,3
0.89044,1.7668,1
-0.10518,-1.8477,1
1.7289,-1.6414,3
1.1695,0.021466,2
1.6658,-5.3349,3
1.2785,0.65154,1
0.87807,-1.9034,3
-0.2597,-2.708,1
1.6923,1.8136,3
-2.7462,1.4091,3
-4.2088,3.5932,1
-0.65952,-1.4583,2
-1.2273,4.0511,2
-2.4746,3.0133,3
2.6297,-1.5261,2
0.98119,0.43065,2
0.60374,0.28343,2
-3.9149,-2.445,2
0.96566,0.14464,3
-0.72664,2.8369,3
3.3791,1.0327,1
-0.060834,1.5979,1
-1.48,-1.5364,1
0.23212,0.81125,3
-0.31822,-0.96583,2
2.5138,0.91066,2
4.0895,0.68996,2
3.8971,-0.099801,3
-0.7569,-2.81,2
3.0725,-0.42187,3
1.1594,-0.74101,2
-4.4623,-3.6717,1
-1.9141,-6.8617,3
-0.59764,5.3408,3
-2.0462,-0.025796,1
-2.0535,-3.167,2
-1.1104,-0.74815,3
-0.057011,-0.46629,2
1.7187,-2.6389,1
1.115,2.8737,2
2.0846,1.5046,3
-5.1748,1.1385,2
-0.31,-2.9774,1
-1.5056,1.0846,1
-1.8586,-2.4176,2
1.1489,0.2932,2
0.67359,-4.7623,1
2.2802,4.1377,3
-1.4602,1.3868,2
2.7394,-0.27119,1
4.1866,-1.7963,3
0.23257,3.2537,1
-5.4965,-0.36742,1
2.007,1.2979,1
2.0274,0.94144,3
-0.49362,2.9542,2
-1.8786,-2.3694,1
-1.1645,-3.4577,1
0.1721,-1.2112,2
2.9801,1.1769,3
-0.21828,-0.56119,3
-1.1625,-0.20337,3
-3.5533,-2.3182,1
1.9805,2.1921,3
4.3241,1.7984,2
-1.8226,0.51302,1
2.87,6.3975,3
-5.7396,-1.1089,1
5.8393,1.5418,3
-2.7012,3.3696,1
-2.3423,-1.4693,2
-2.0349,-4.5709,3
-0.29267,-3.3214,1
3.8989,1.3515,3
2.5246,-0.97957,1
1.0606,-2.1498,1
2.1475,-0.40447,3
-3.9828,-3.1842,1
0.61635,1.2139,2
-0.28589,0.86154,3
1.1057,0.968,2
0.21526,-1.4584,2
1.7037,-0.2361,3
2.7932,1.3184,3
