-1.9864,2.995,2
2.3219,2.3223,3
5.1623,4.2054,3
8.4156,4.5774,3
5.8407,5.6985,3
-6.3636,-3.6846,1
5.665,5.2838,3
5.1164,5.6612,3
-0.065176,1.8376,2
5.0583,-1.592,3
2.3116,4.3904,3
2.46,2.7616,3
5.0689,4.3352,3
2.8783,2.2353,2
3.3318,2.945,3
-1.1513,3.9028,2
4.1364,2.211,3
2.3736,3.519,2
2.6769,2.538,3
4.1867,4.2492,3
4.43,-1.3928,3
2.3257,4.3612,3
-0.71179,-0.73016,2
3.066,3.7563,3
0.35258,5.9975,3
4.3492,4.4887,3
2.2379,5.8455,3
2.8788,7.2427,3
0.052792,1.2536,2
-1.6181,-1.4625,1
3.0264,5.4111,3
3.6108,5.2781,3
6.2265,6.9981,3
3.151,7.0648,3
-2.4759,-2.3495,1
-3.9122,-7.402,1
2.8635,3.3604,3
5.8447,2.2918,3
2.2895,3.804,3
-0.12872,-3.0749,2
8.3531,11.274,3
4.4075,5.7043,3
-0.34249,-0.57893,3
2.0233,2.8839,3
8.2752,8.3636,3
7.5154,1.5962,3
2.6459,4.3882,3
2.8521,-0.57091,2
4.5863,0.98593,3
5.9013,3.8708,3
3.4248,5.1937,3
0.030451,3.8881,3
1.3097,9.5582,3
-0.1058,0.82017,2
3.2989,6.4383,3
5.272,6.7659,3
6.0826,6.4875,3
3.7045,3.1777,3
3.2065,2.6949,3
6.8416,6.3502,3
4.4299,4.1112,3
3.628,6.9397,3
2.8602,5.233,3
3.8501,2.3527,3
0.23972,1.0993,3
-1.2597,-1.8657,2
2.7245,3.1118,2
4.4822,4.7407,3
3.2661,1.5881,3
2.8943,3.3681,3
1.3452,2.8999,3
6.3917,3.3112,3
2.5501,3.6832,3
2.9943,5.7666,3
5.8532,4.1091,3
3.5869,5.5969,3
-1.3906,4.2125,3
5.453,4.6639,3
1.8977,1.1268,3
6.1018,8.2823,3
5.1357,1.7519,3
3.1633,6.4453,3
6.7378,2.5193,3
5.792,5.875,3
0.89471,4.8448,3
6.4135,3.8293,3
2.0167,3.8416,3
3.452,0.93486,3
5.9148,5.4733,3
5.1702,3.5003,3
-0.9704,1.5432,3
2.4521,4.5495,3
5.6353,6.1921,3
-9.9362,-5.9569,1
2.6825,0.91546,3
4.8308,4.4865,3
5.0589,3.8773,3
5.2084,1.9594,3
5.3595,4.2505,3
3.9272,4.3333,3
5.2087,3.621,3
1.2914,2.5157,3
3.6339,3.8529,2
6.2039,3.3054,3
3.7051,7.4364,3
8.0219,4.0788,3
5.3211,0.67935,3
0.98328,1.0819,3
5.7153,3.2949,3
6.6946,4.5923,3
1.2932,7.5349,3
-4.803,-4.8894,1
2.5105,2.721,3
-0.73764,0.50189,3
4.8701,3.0305,3
4.258,3.8692,3
7.2814,1.2075,3
7.9667,3.4293,3
6.0084,5.0468,3
-0.018654,1.4559,3
-5.7379,-5.9971,1
4.6143,2.7673,3
-1.2019,3.1697,3
2.7673,5.1538,3
4.8641,5.0535,3
7.4499,2.5687,3
4.015,5.8439,3
6.2493,5.972,3
1.0316,0.72682,3
2.3978,4.7287,3
6.8633,0.71154,3
4.8751,4.6194,3
4.1543,4.0054,3
2.7686,-0.12812,2
-2.8429,1.0047,3
2.4432,7.5795,3
3.8909,0.70183,3
2.4541,3.5008,3
1.3332,4.2635,3
6.0557,7.6912,3
0.27939,1.1267,3
4.4672,4.661,3
1.218,3.6802,2
5.2725,3.3307,3
-1.1353,1.9294,2
2.6723,0.71528,3
1.435,7.205,3
3.3623,0.57367,3
5.8421,6.1968,3
4.348,4.198,3
4.8733,4.1562,3
6.8364,5.92,3
7.5988,3.2172,3
3.8564,3.4871,3
2.6374,7.0179,3
-0.98712,-0.84263,2
0.9468,3.2521,3
2.7649,3.4947,3
1.4802,5.5335,3
4.2694,2.2962,3
1.7235,2.078,3
-0.45522,3.4325,3
4.5101,2.3518,3
4.4616,1.7139,3
7.0557,4.1247,3
-0.4603,4.5577,3
6.1365,1.9092,3
4.2029,6.4811,3
1.7173,5.5463,3
2.7553,1.5954,3
4.326,2.16,3
-2.6035,1.2045,2
4.3821,3.7281,3
6.8627,3.6928,3
0.17501,1.6726,3
3.4051,5.9878,3
-1.1296,-2.6111,2
7.862,4.7901,3
1.1735,4.0915,3
2.7627,0.84083,3
0.58542,7.0587,3
8.8241,7.0861,3
1.7111,4.693,3
3.6002,5.2223,3
4.3272,6.889,3
-0.93775,3.1279,2
1.9835,-4.5792,2
4.1338,-0.40765,3
0.20148,4.196,3
4.7585,5.1541,3
1.2445,-0.72613,2
4.7026,7.0952,3
6.405,4.7277,3
0.4603,0.43244,2
1.3548,4.6078,3
5.8045,3.195,3
6.2121,6.9942,3
5.6598,5.4508,3
5.7176,-0.016986,3
2.626,3.5846,3
5.6362,-2.753,3
4.2717,7.3928,3
-2.813,-0.78187,2
-2.3886,-0.66312,2
5.7547,6.0436,3
5.7107,5.8786,3
3.2892,6.6926,3
3.9167,5.744,3
6.9928,4.0971,3
0.42597,4.9923,3
2.4555,2.5038,3
7.606,6.8312,3
5.9889,2.2889,3
0.40191,1.6197,2
1.8503,4.1774,3
6.0573,4.0048,3
4.1485,4.4989,3
4.8,2.2173,3
4.6442,4.2464,3
-0.4808,1.9728,2
1.2616,5.7614,3
4.6351,5.0061,3
-2.091,-4.5523,1
3.3347,3.375,3
4.7441,2.2605,3
5.7348,5.5796,3
3.9092,7.2001,3
4.6257,4.8437,3
3.6459,2.1074,3
0.022101,-1.4868,3
3.1303,0.45438,3
2.23,6.8029,3
3.7056,5.4454,3
6.16,0.49444,3
-1.5787,0.59568,2
9.9441,5.742,3
4.6117,4.2034,3
2.2721,0.73608,3
5.9334,6.0162,3
4.2057,3.4925,3
0.34707,-0.34438,2
1.2021,4.5589,3
3.7348,0.80363,3
1.6159,3.2782,3
4.1916,-0.007747,3
4.707,5.2396,3
1.2773,0.19371,2
6.7836,5.1577,3
3.0024,2.3516,3
-1.1558,5.2674,3
0.62433,2.6051,3
2.4129,4.1636,3
5.6288,0.86432,3
9.7104,7.0285,3
6.0946,4.1493,3
2.9268,3.807,3
0.77583,-0.93139,3
5.0136,1.0219,3
4.1888,7.8741,3
2.9327,5.6023,3
4.9918,3.5623,3
7.1028,3.3808,3
4.6813,3.5369,3
1.7589,3.2805,3
2.856,7.4614,3
0.25808,-2.5145,2
1.8684,0.94603,3
-3.3265,-5.2454,1
4.3648,5.3013,3
1.1559,4.5358,3
4.7127,6.6892,3
5.4238,7.6683,3
11.262,4.8526,3
-2.1153,-2.5926,2
6.1431,8.4628,3
2.6115,2.588,3
5.7143,4.8274,3
1.6745,7.9821,3
5.1222,6.0004,3
0.99355,4.7843,3
5.3094,0.40654,3
7.5448,6.5577,3
2.5064,3.4616,3
1.6603,-0.35949,3
1.0347,-3.328,2
1.764,3.4199,3
0.43539,1.6843,3
2.8206,-3.1759,2
-1.4256,-0.32397,2
3.1481,5.0953,3
4.6497,3.8505,3
-3.8775,-4.3156,1
6.9752,4.8567,3
1.8899,2.5437,2
0.016494,0.25601,3
3.5693,0.26356,3
8.8631,5.5842,3
-0.30339,-4.9589,2
8.5833,2.8836,3
4.0904,2.5922,3
7.4044,-0.95731,3
1.4478,2.3747,2
6.2829,3.4128,3
0.85877,-0.72409,3
3.379,2.2406,3
5.0008,3.4905,3
4.5266,5.8474,3
0.20495,2.1632,3
4.171,4.8797,3
3.6023,5.7353,3
3.5005,6.0999,3
3.1983,5.5622,3
5.3446,5.1126,3
4.9592,4.4672,3
9.968,6.8204,3
2.6474,2.3127,3
7.4079,7.3365,3
3.2372,2.7819,3
5.5314,8.2304,3
2.1989,3.8254,3
-3.0633,-2.2788,2
-1.0457,3.3492,3
5.6408,4.6452,3
4.5787,3.5105,3
-0.85912,3.2026,3
5.6842,2.3347,3
1.6934,6.7582,3
4.8386,8.5247,3
6.3852,4.9372,3
0.17901,1.1028,3
5.0868,4.624,3
2.5529,3.0351,3
2.4742,5.9463,3
5.7989,3.5338,3
1.8107,4.1974,3
3.4971,3.5079,3
0.8186,3.0634,3
1.4742,2.0854,3
-0.18352,1.4085,2
5.6335,0.71881,3
2.7964,1.2166,3
6.5785,4.1612,3
4.6205,6.6516,3
-0.16428,-1.3788,2
6.2645,1.2659,3
0.078685,4.3698,3
-4.3229,-5.0242,1
2.9562,2.9285,3
6.5583,3.396,3
-2.4065,4.1401,3
6.5085,6.2196,3
4.94,6.3618,3
5.2258,5.7987,3
8.766,7.1698,3
6.2945,6.4762,3
-0.61221,-3.9658,1
3.8163,0.05159,3
8.8337,6.2269,3
2.939,5.947,3
4.3179,3.2035,3
6.131,2.1996,3
4.5019,1.5641,3
5.286,0.68369,3
1.7066,4.1714,3
0.0092802,2.5571,3
5.616,2.9756,3
3.3498,1.864,3
3.2062,5.9538,3
3.5069,1.49,3
0.9384,1.009,3
-1.2923,5.3381,3
0.97028,-1.7477,2
4.1132,5.3716,3
4.9689,7.8603,3
2.6606,3.1686,3
4.2124,6.4866,3
-2.4312,-4.4631,1
-2.8405,4.1518,3
5.7762,3.2638,3
4.1689,6.42,3
5.8007,5.6335,3
1.1774,6.5964,3
2.0219,6.2227,3
0.53658,2.033,3
8.0522,5.1812,3
2.6981,7.2069,3
0.44738,4.6388,3
3.0314,5.8234,3
9.1963,7.5257,3
-2.0515,4.4829,3
6.034,6.5785,3
2.6147,2.3841,3
1.9264,1.8721,3
3.9867,6.4751,3
0.34925,1.4373,2
0.39012,0.28399,3
2.4064,3.237,3
4.485,5.0484,3
2.737,-0.14316,3
2.0629,4.3271,3
-3.9012,-4.8201,1
3.9223,5.0257,3
3.8327,4.9562,3
5.3098,3.3626,3
1.0697,3.0476,3
-0.14821,2.8968,3
2.4273,4.4162,3
-1.701,-2.8181,2
2.5391,-0.51376,2
5.2381,5.0549,3
1.984,7.3573,3
1.3801,2.234,2
-1.9053,-2.1671,3
0.062094,-1.5309,2
0.56521,0.53543,3
1.3844,3.0499,3
3.1995,3.4012,3
3.0912,8.0411,3
4.5563,5.2133,3
2.6307,0.010017,3
2.4714,3.041,3
5.4466,2.718,3
-2.9053,-0.16194,2
6.1349,6.4128,3
4.3351,0.87742,3
-4.6091,-3.3427,1
1.9763,2.2478,3
4.3739,4.2618,3
3.3633,3.8747,3
0.45668,4.5793,3
7.4152,0.61987,3
0.39322,5.5645,3
5.4475,3.9698,3
-6.2033,-4.4428,1
4.6148,4.0396,3
3.7423,5.1879,3
5.2301,4.2376,3
7.7193,3.3986,3
5.3289,6.1288,3
6.2827,5.573,3
1.1299,4.3272,3
5.8928,4.5677,3
-2.8151,2.1637,2
6.545,5.9704,3
4.4566,3.3343,3
7.3466,5.186,3
3.4723,5.2271,3
1.2286,5.3192,3
4.1452,3.4292,3
3.8813,1.9426,3
6.0468,4.9619,3
3.5746,4.7586,3
4.6024,0.67107,3
6.2457,2.7942,3
1.7649,4.2535,3
2.5597,0.90084,3
-4.9384,-0.57216,2
3.6427,2.975,3
3.06,3.8655,3
2.8266,2.8855,3
8.3056,1.9151,3
6.8699,5.5838,3
4.6906,7.3853,3
6.6657,5.5426,3
0.2628,-2.5956,2
3.9345,4.3901,3
4.9045,0.93441,3
-3.7843,-6.0159,1
0.46219,1.2134,2
-1.2534,7.2703,3
1.7425,6.2182,3
9.0968,4.5056,3
7.3808,5.1898,3
-1.643,1.298,2
3.5836,-0.2976,2
5.4384,2.4965,3
-0.99038,0.71649,2
-3.3237,1.0704,1
3.9745,6.2114,3
4.283,0.32125,3
3.7588,5.5977,3
2.6434,1.7789,2
5.4519,4.0003,3
-6.2403,-6.5676,1
3.5787,0.50056,3
2.3068,2.1177,3
5.1995,2.3312,3
1.1196,2.4213,3
0.46574,6.8145,3
2.0511,-0.2323,3
7.6594,3.5562,3
3.4465,8.5368,3
1.8769,7.3426,3
3.8118,5.6139,3
4.3923,5.9501,3
6.5912,6.9662,3
2.3279,5.6992,3
2.7673,4.1568,3
4.1449,2.6222,3
5.1994,1.4953,3
3.2342,2.3325,3
4.7119,3.7439,3
2.3389,2.9099,3
3.1038,0.29016,2
7.247,6.3708,3
-1.4029,3.769,3
4.6223,4.2189,3
3.464,-0.27489,3
4.8462,2.6986,3
5.7431,4.9301,3
-3.7009,-7.6281,1
0.29319,5.3824,3
4.7242,5.4028,3
6.3069,-0.7025,3
3.0102,3.7687,3
-0.11912,-0.12745,2
2.0123,3.1142,3
6.9196,5.0643,3
4.6677,2.8187,3
3.6542,3.3678,3
1.6483,3.5116,3
3.3687,5.1048,3
-3.1776,-4.1383,1
0.36226,2.0341,3
5.8447,3.4178,3
-2.4362,-4.0063,2
5.305,5.8563,3
5.2273,2.0462,3
3.9961,0.5015,3
5.2193,4.6298,3
4.6117,5.4244,3
3.2163,5.443,3
3.2793,4.2387,3
3.584,5.8714,3
5.8722,2.7641,3
4.2181,6.8504,3
-1.95,-1.746,2
0.59391,2.6248,3
3.9435,4.8639,3
7.8209,6.0988,3
8.3731,6.3681,3
3.391,8.677,3
2.6528,4.6857,3
5.5119,3.3523,3
2.9232,6.3554,3
3.8234,4.0702,3
3.8609,3.7178,3
7.4979,4.562,3
5.8956,9.0567,3
-4.3562,-3.3922,2
6.7753,5.6079,3
0.4263,-0.88998,3
9.2347,5.8404,3
5.3357,7.0808,3
8.5219,0.91479,3
1.948,3.6593,3
4.6592,5.9407,3
2.9751,6.628,3
5.861,4.9583,3
3.3485,5.0188,3
3.1345,3.4911,3
3.9125,4.7369,3
5.7798,2.0062,3
1.0273,-1.0513,3
6.4119,6.4109,3
-0.5405,2.5757,2
2.7341,5.2179,3
5.1648,5.1454,3
5.494,3.1786,3
2.5237,2.9625,3
5.4932,3.6435,3
5.6357,8.994,3
-3.9487,-2.8091,1
3.5568,6.9352,3
0.080118,-0.77787,2
8.5475,2.1268,3
4.3204,1.5607,3
5.7369,6.8069,3
3.4115,2.7574,2
3.8754,8.7775,3
0.88113,2.3229,3
2.2691,1.7871,2
1.27,4.2427,3
-2.6063,1.8304,2
3.3731,4.8139,3
3.4308,3.5918,3
8.1328,5.2005,3
1.5542,3.6744,3
2.3363,2.0026,3
1.4175,5.8838,3
6.3768,3.9634,3
-4.6401,-6.8042,1
5.2855,6.4499,3
2.7378,-1.9883,2
3.9729,6.3934,3
3.7372,4.7589,3
5.0717,5.0197,3
0.78195,5.1163,3
4.9147,5.0704,3
2.3915,-0.55747,2
5.0312,1.1863,3
3.8929,3.2289,3
1.7949,4.3656,3
2.2297,1.9508,3
0.32738,-4.9556,2
2.2439,6.3296,3
2.5447,2.249,3
3.7661,4.9663,3
5.846,1.8506,3
4.3598e-05,-0.25709,2
0.95149,3.1658,3
6.4963,5.1184,3
3.5384,2.5757,3
0.88876,1.5891,3
-3.204,-2.1935,1
3.7799,0.93518,3
9.0974,6.9238,3
3.3758,-0.51476,3
0.5898,2.4823,2
2.0871,6.9357,3
5.2467,5.1857,3
2.4421,2.9659,3
2.2497,3.8112,3
-0.51636,3.9641,3
3.7311,0.38117,3
9.1721,4.5103,3
-4.4396,0.49861,2
3.6009,5.4855,3
5.9895,2.3033,3
1.2245,-1.5212,2
7.8628,4.9546,3
-2.1586,3.437,3
3.9974,5.6606,3
5.3997,3.8991,3
3.6939,5.9452,3
4.1499,6.5446,3
5.0795,0.4609,3
-6.9564,-5.5067,1
1.6779,6.8993,3
3.5155,5.3094,3
2.1153,2.023,3
-1.0977,3.0808,2
2.6766,3.3508,3
2.8672,3.1392,3
4.1089,1.983,3
3.422,3.9643,3
3.2001,6.1065,3
3.914,3.3437,3
0.19086,3.2667,3
0.82536,1.4487,3
-5.4304,-3.3134,1
1.4349,3.1178,3
4.1545,2.8789,3
1.5618,1.414,3
1.5448,2.5728,3
6.6552,8.9306,3
3.872,3.8227,3
4.2222,5.328,3
4.7454,1.5035,3
6.7571,4.5146,3
4.7398,3.4645,3
3.8467,4.6147,3
1.5012,0.73271,3
3.9642,2.1202,3
-0.49785,2.5723,2
3.2906,1.0845,3
-5.3547,-3.4656,1
3.9754,4.7642,3
5.0784,3.1914,3
3.0095,3.9681,3
2.3707,4.5612,3
2.7951,3.4257,3
5.4438,7.3127,3
8.8031,5.9329,3
3.3976,9.1124,3
-0.59539,7.7245,3
3.2431,2.5839,3
6.0879,4.2862,3
7.6972,0.15408,3
4.3221,3.9358,3
0.068517,1.9991,3
4.828,6.1318,3
0.30901,5.265,3
2.7745,5.2104,3
5.035,3.1878,3
6.4176,5.6699,3
3.261,5.8833,3
7.287,4.0274,3
1.8033,5.8387,3
8.1243,2.0775,3
4.7462,6.3469,3
7,4.5367,3
-0.0021172,-0.72376,2
6.3472,3.4096,3
1.3992,2.4169,3
1.5501,5.0764,3
1.9603,0.41686,3
0.8405,7.1931,3
3.7219,5.793,3
-5.0642,-2.0786,1
3.1907,0.40531,3
-2.3468,-0.293,1
7.1957,6.046,3
5.1221,4.4414,3
6.1392,2.511,3
2.5603,0.87841,3
1.8715,6.4586,3
7.7836,7.4274,3
2.3859,2.3216,3
1.0011,-4.6751,2
-0.97662,4.6774,3
4.4111,5.0677,3
6.4501,3.2365,3
4.1199,1.6398,3
7.2639,3.4886,3
2.0811,1.6907,3
4.6876,4.01,3
4.5056,4.6428,3
7.392,1.3591,3
0.34146,-1.1289,3
7.4198,1.8954,3
5.685,4.8086,3
2.6307,-1.0415,2
0.16357,5.0966,3
1.6521,6.3528,3
5.0921,2.1831,3
3.733,3.8287,3
7.2704,3.7255,3
7.6315,2.029,3
6.0188,3.8316,3
4.7641,5.4783,3
5.6075,3.9896,3
1.3696,0.067879,3
5.2744,1.7354,3
1.2277,0.52029,3
1.9998,6.0833,3
4.34,5.6425,3
3.9706,4.1531,3
3.1095,0.43784,3
7.2004,9.3256,3
4.655,6.6461,3
4.5276,5.7063,3
2.9642,0.62455,3
3.3093,7.0811,3
-0.30383,7.6099,3
1.605,5.0892,3
5.7458,2.9705,3
5.1957,5.9406,3
5.9395,4.9114,3
3.5781,3.8541,3
-0.1479,4.6132,3
-1.4494,2.7326,2
2.7536,6.3979,3
4.5219,0.55379,3
-0.58355,-0.9181,2
10.127,7.9469,3
4.9146,1.6363,3
4.3725,4.0929,3
6.1777,6.8114,3
6.7279,5.1429,3
-2.2963,0.85757,2
6.9437,4.0274,3
3.7823,1.3701,3
5.7568,5.8003,3
6.2183,1.8071,3
5.9886,5.1618,3
5.7818,3.9861,3
0.062745,-1.0413,2
2.5906,3.1921,3
5.9071,3.2889,3
4.095,2.0281,3
2.5157,8.894,3
1.4949,4.2052,3
5.151,2.713,3
-1.5238,2.8588,3
-0.71064,1.4572,2
4.983,3.7511,3
6.0617,3.7451,3
4.2661,4.9794,3
2.7145,1.5174,3
0.95866,3.3446,3
1.1771,0.41094,3
5.897,0.57508,3
0.83811,0.86752,2
6.8402,7.8904,3
-2.4456,-5.732,1
7.9867,6.1213,3
4.514,4.4132,3
4.8124,2.5901,3
2.8243,5.4459,3
3.4423,3.4845,3
3.0847,7.1865,3
3.4275,3.1494,3
5.2924,3.3346,3
4.8237,4.6024,3
1.2113,-0.90809,3
-0.40556,3.2295,2
5.1703,4.891,3
2.9007,3.0904,3
3.1266,5.1798,3
4.6926,2.4777,3
-5.3979,-1.9703,2
3.0054,4.6373,3
5.6563,6.2309,3
-0.48817,-1.6512,2
2.8681,6.1325,3
-0.43729,-0.093383,2
4.9817,2.9238,3
2.132,0.28268,2
2.1396,4.9192,3
3.7482,2.374,3
7.6942,2.873,3
7.0491,1.8322,3
1.4536,3.0916,3
7.2948,3.7226,3
3.6697,3.94,3
3.8245,7.3216,3
3.304,1.5469,3
2.274,0.42645,3
1.4727,-2.3753,2
2.3826,2.9863,3
5.2629,3.1544,3
7.7623,6.088,3
5.535,4.9883,3
4.6015,7.1852,3
4.4122,4.0924,3
-0.052154,4.9667,3
2.7066,5.3976,3
2.6057,1.0653,3
5.4166,3.98,3
-3.3778,-0.069424,2
3.6716,5.6793,3
5.0776,3.4602,3
6.9488,-1.2376,3
-0.24075,4.6998,3
4.8953,2.0254,3
1.585,3.9055,3
-1.4143,2.3635,3
-0.49481,4.4799,3
-1.1822,-1.5144,2
-0.28732,1.2056,3
0.0034053,3.6529,3
2.7046,3.7037,3
6.0778,4.9844,3
3.9934,8.3598,3
-0.19671,4.1344,3
3.5486,2.2845,3
3.5343,2.5453,3
6.8012,4.5313,3
3.5287,3.4386,3
-1.348,0.41893,3
7.9888,9.2919,3
0.27657,-0.67221,3
-1.6903,-0.78554,2
3.6894,0.97755,3
2.139,4.2603,3
4.6996,6.8636,3
5.7168,4.705,3
1.0475,4.4943,3
4.0914,5.4485,3
3.0083,-1.5345,2
3.9352,6.121,3
1.4681,3.5651,3
-1.3506,-0.63722,2
2.8526,1.8448,3
5.7764,6.0899,3
1.8274,-1.5173,2
1.4848,2.2177,3
3.7809,4.0285,3
5.4181,5.4251,3
3.4682,2.0864,3
5.0487,3.4215,3
1.4588,4.8985,2
4.4929,7.147,3
5.7448,-0.21474,3
-1.4106,-0.48175,2
5.3822,3.5915,3
4.8797,3.0628,3
3.9288,3.0322,3
2.7061,3.2557,3
3.5914,7.5676,3
2.1042,1.7643,2
3.9375,6.413,3
1.2152,3.4227,3
7.3823,1.8175,3
1.2718,6.8567,3
4.9098,6.5123,3
2.1458,4.0346,2
2.8545,8.4359,3
-5.4576,-2.3637,1
-1.1547,6.8698,3
5.123,4.8655,3
8.2784,5.7274,3
4.8325,3.2778,3
2.6403,2.4185,3
2.7048,3.9241,3
-0.12037,-2.1359,2
2.8228,1.575,3
5.4832,3.4531,3
8.8761,7.5187,3
3.1397,0.71403,3
7.2573,4.2678,3
5.6474,4.4108,3
11.611,4.2336,3
5.9456,4.4785,3
1.4421,-0.19649,3
2.9102,10.422,3
5.9663,4.9441,3
1.9936,6.2971,3
4.338,4.375,3
4.2702,0.79872,3
-4.5147,-5.8127,1
3.0351,-0.20713,3
0.20256,4.8976,3
-6.5137,-3.3973,1
3.1544,3.8597,3
5.5468,5.162,3
2.9721,5.2391,3
-2.5141,-1.5722,2
-2.8923,-3.3573,1
2.1367,0.66908,3
5.1041,6.57,3
1.1024,10.365,3
1.1043,0.14328,2
2.5777,2.329,3
1.8305,2.6218,3
2.7404,3.4256,3
1.026,4.8587,3
4.938,-2.1243,2
6.7954,3.1962,3
5.2686,3.9958,3
5.8059,7.0218,3
7.6265,6.377,3
1.9661,-0.39591,2
3.1378,4.9627,3
3.6387,1.0022,3
7.1528,3.188,3
5.7581,4.6758,3
5.9334,2.9587,3
2.3179,2.5165,3
0.7261,3.6142,3
5.1973,6.9158,3
8.3183,2.9682,3
5.2807,4.2852,3
-3.1088,-3.6517,1
7.3493,6.8836,3
2.9579,5.8705,3
1.6384,1.8996,3
4.3873,5.6205,3
3.6546,2.9236,3
3.6458,9.1031,3
-0.3296,1.8691,3
0.67568,4.8949,2
7.2399,3.416,3
4.0555,0.38068,3
7.3161,4.2353,3
2.7784,1.7791,3
3.3508,4.7237,3
4.2646,3.5708,3
0.15771,0.88025,3
5.6699,2.2858,3
0.86619,-0.87152,2
4.8668,5.4722,3
2.0013,4.4758,3
3.3067,4.0306,3
3.3366,6.7844,3
3.0598,5.487,3
0.4272,-1.0792,2
3.5111,5.3826,3
5.3213,1.1229,3
4.9294,4.7202,3
0.41434,2.1035,2
6.7636,0.91625,3
0.68504,3.8761,3
2.0516,-3.6524,2
3.0046,2.6783,3
5.0987,5.7166,3
5.9772,1.3442,3
3.3027,6.7692,3
3.5041,7.5563,3
5.6624,2.8347,3
1.3388,3.898,3
-3.8609,-2.5209,2
3.3744,5.0138,3
6.3557,4.5908,3
-2.4246,3.6192,3
1.4306,7.392,3
3.8789,3.6442,3
5.4142,5.404,3
3.1254,5.259,3
-2.3256,-2.0006,2
7.6226,0.79076,3
1.8329,5.0266,3
2.3393,5.0699,3
6.3361,5.2716,3
2.5137,0.90044,3
4.9077,4.8188,3
5.3716,3.591,3
8.3086,-2.0614,3
4.769,4.498,3
-2.5894,-3.9572,1
2.4502,5.5752,3
1.6827,2.9015,3
1.4083,4.989,3
3.1624,0.95113,3
1.37,6.7507,3
-1.1233,1.8383,3
3.1136,5.5313,3
0.46085,3.8873,3
10.543,4.7778,3
-5.7906,-3.621,1
7.762,3.3412,3
2.4096,2.7647,3
4.131,0.90508,3
6.848,9.9392,3
-0.15876,4.9765,3
9.36,2.2133,3
2.9902,9.2233,3
2.2794,0.87597,3
5.7978,4.0117,3
6.7487,2.584,3
3.4917,4.2541,3
-0.02812,2.955,3
2.2456,1.3113,3
1.6584,3.5782,3
3.7073,3.9751,3
5.2137,3.7129,3
1.7586,1.4814,3
4.0867,-0.18748,3
4.6577,7.6287,3
2.6326,4.9015,3
3.2335,3.2336,3
4.6529,4.7414,3
7.1623,9.2779,3
4.5864,3.3347,3
7.7036,0.45832,3
3.9206,4.1465,3
3.9681,7.9816,3
6.1845,9.3173,3
3.8332,5.3165,3
2.4841,6.7438,3
1.9645,3.0439,3
0.35442,3.3854,3
1.0479,4.5133,3
0.54147,8.6936,3
3.4979,2.5633,3
0.04623,-3.3608,2
-1.6103,-4.4773,1
0.63342,5.4006,3
2.2782,4.9632,3
2.9864,4.708,3
4.7143,2.0711,3
6.1042,6.2247,3
3.3492,3.8609,3
4.8427,-0.23089,3
6.1307,4.4415,3
-2.3624,-8.1415,1
5.0641,4.2572,3
4.7556,3.0011,3
1.3549,1.1889,3
3.7488,1.4675,3
1.6751,3.5834,3
4.2241,4.0704,3
6.0257,6.1912,3
3.5638,6.8003,3
2.5875,4.5335,3
3.5837,4.0261,3
3.74,3.4149,3
5.1276,3.1589,3
0.74208,-1.1482,2
4.7302,7.1654,3
3.7685,3.2576,3
-3.4497,-0.53224,1
-7.5837,-2.4939,1
4.9109,3.3936,3
4.2372,5.9114,3
3.8522,3.7909,3
6.2281,5.1995,3
0.30658,-2.5444,3
0.80373,-0.19489,2
0.1335,3.5649,3
-0.46232,4.9339,3
6.6348,4.1546,3
2.4662,0.74296,2
5.8761,6.0052,3
-3.3623,-2.7874,1
7.6631,1.835,3
1.715,3.2813,3
3.7236,2.4933,2
-0.73784,5.156,3
2.4481,4.8225,3
4.3547,4.2876,3
3.0979,2.0521,3
7.259,5.2852,3
4.1613,4.4667,3
-1.3126,5.8222,3
4.2509,6.519,3
1.2488,5.0766,3
4.2089,9.0958,3
3.9177,3.2606,3
-0.57689,1.9228,3
3.3102,2.7484,3
5.2279,5.0738,3
6.4723,5.1629,3
3.3519,5.7708,3
4.4981,4.4653,3
8.6961,4.8772,3
2.6898,7.0532,3
5.5987,5.394,3
5.6706,5.8902,3
2.3778,2.6117,3
5.2624,4.2317,3
2.9268,4.3225,3
0.28363,1.2931,2
2.6804,1.0854,3
8.5712,3.4484,3
1.9419,1.5638,3
1.3884,2.3902,3
3.5555,5.5204,3
0.95203,4.7288,3
6.4625,-0.67706,3
-3.0465,-0.28653,2
0.53862,5.6682,3
0.195,1.1929,2
5.4765,3.0863,3
0.3133,1.1436,2
4.8454,-0.15647,3
3.8561,4.9909,3
6.32,3.2497,3
1.4894,3.9132,3
-2.3276,1.1109,2
6.5681,3.7511,3
4.2963,0.096676,2
0.26534,-0.56674,3
1.3293,3.0404,3
-3.0493,0.41595,2
3.2161,4.2276,3
6.4877,4.4082,3
-0.27441,5.6835,3
6.2859,6.7273,3
-2.0338,2.5976,2
3.0967,3.3968,3
0.31355,0.60931,2
2.0667,4.1408,3
1.4456,3.9714,3
5.2124,1.9849,3
5.6741,4.0063,3
3.5706,3.9967,3
4.8365,2.2804,3
4.5433,5.5793,3
4.2378,3.016,3
-3.385,-1.4201,2
1.6873,2.7214,3
4.2873,5.1476,3
4.2913,5.5179,3
4.6187,3.2574,3
1.7617,6.174,3
6.0306,1.8333,3
6.7247,4.2571,3
4.4275,3.1581,3
6.3355,6.0345,3
-0.65099,0.90921,2
0.57718,4.7337,3
1.6568,4.5117,3
4.9869,6.2288,3
2.7779,6.9497,3
1.4522,4.9768,2
1.9327,3.2225,3
4.5255,5.9632,3
6.9112,3.6752,3
2.2765,5.4526,3
2.7911,4.2279,3
2.5758,2.212,3
3.7563,6.2511,3
1.9679,4.363,3
0.96968,4.5611,3
3.6722,6.6815,3
3.0759,2.671,3
4.994,2.478,3
4.8093,4.4826,3
4.438,2.9479,3
4.3521,1.4155,3
0.025965,2.0594,2
5.5671,5.1026,3
4.4829,0.99206,3
-8.6388,-5.5505,1
5.4435,-0.058376,3
1.5156,4.0544,3
2.9415,5.2737,3
4.3122,1.603,3
0.48101,2.7138,3
-1.6393,1.4708,2
3.125,0.86276,3
5.2248,1.7115,3
0.53208,4.5308,3
5.0477,6.886,3
2.5848,2.5169,3
5.1389,5.7492,3
2.473,4.6944,3
4.4224,3.4004,3
3.1395,2.6142,3
2.5718,3.3991,3
3.8204,6.2124,3
8.4397,7.4588,3
0.49108,5.3146,3
3.2605,5.2628,3
-4.326,-5.5628,1
-3.6947,-6.7129,1
7.1619,4.1083,3
3.8223,2.5442,3
4.2864,7.93,3
1.4446,4.4374,3
1.2453,0.70261,3
0.14698,3.4465,3
8.0908,4.0114,3
3.3426,6.5054,3
3.3153,2.2758,3
8.059,5.6297,3
6.9997,1.3713,3
1.817,1.9542,3
4.8891,4.3249,3
2.6425,3.2467,3
4.0152,4.8686,3
-4.687,-2.6345,1
6.9774,4.8985,3
5.7315,0.94884,3
2.3439,4.7193,3
8.658,5.1642,3
0.89759,6.39,3
2.2203,-3.6598,3
5.0731,5.4637,3
7.1597,6.9239,3
1.4314,3.3651,3
2.3033,5.1898,3
8.2716,4.5107,3
8.8871,5.8692,3
3.787,3.8903,3
4.5553,6.1215,3
4.148,1.7185,3
3.1167,5.0619,3
4.6778,6.5483,3
3.573,3.7642,3
2.805,2.532,3
3.5722,8.2761,3
5.6808,1.7351,3
2.1622,5.7098,3
4.6933,5.9514,3
1.2192,2.4657,3
5.4262,2.7171,3
6.175,3.5709,3
-0.96235,-5.275,1
2.1889,7.7851,3
2.9765,4.4062,3
4.6895,0.44696,3
1.6007,5.0375,3
0.036402,-0.89141,2
2.1404,6.5707,3
9.3858,7.825,3
6.2002,1.0286,3
2.8357,5.3683,3
-1.7822,-6.327,1
5.8377,4.0659,3
2.5071,4.2522,3
4.761,1.0769,3
4.8336,4.2856,3
3.7975,0.69506,3
4.0261,2.6329,3
7.0293,0.64189,3
3.0567,2.3451,3
-0.62131,-0.2403,3
8.836,5.6157,3
0.69939,1.5454,3
3.548,4.5394,3
5.3433,3.6626,3
-4.7086,-2.4656,1
3.5514,2.6456,3
2.4022,6.416,3
-2.0476,-5.1632,2
5.8119,5.3877,3
2.3355,6.9001,3
3.3461,6.2005,3
4.6321,8.5195,3
-0.68695,1.3827,2
2.1232,1.3398,2
3.0588,1.0982,3
2.2114,3.7261,3
5.5547,4.8084,3
4.9655,8.4019,3
5.9309,3.075,3
1.0566,6.7461,3
4.0869,4.9129,3
4.4732,4.1201,3
6.2008,6.6832,3
-0.36084,1.0826,2
5.7079,5.5491,3
2.8767,5.3928,3
3.2889,3.5386,3
4.2451,5.7981,3
5.3622,6.0735,3
2.8861,1.6791,3
6.267,4.8385,3
0.16057,1.6293,3
5.7148,7.0659,3
7.332,2.9856,3
-2.7227,-2.7353,2
0.40739,7.1425,3
-4.6566,-4.3617,1
7.2464,5.8841,3
4.1629,2.4527,3
1.4006,1.9762,3
2.04,3.5959,3
-4.1952,-0.89919,1
3.4491,5.6712,3
4.3272,5.2929,3
6.118,4.1257,3
-1.7219,-1.1464,1
1.5008,4.5541,3
4.2805,6.4951,3
5.9169,1.8304,3
7.8868,5.1521,3
-1.2247,1.8801,2
10.728,4.8704,3
3.2889,4.3919,3
2.0442,5.5293,3
4.6112,2.6161,3
-3.3236,-2.0005,2
2.346,1.5228,3
3.4371,4.0631,3
2.3238,2.1451,3
5.2804,7.3006,3
5.4315,5.9412,3
0.10349,-2.0445,2
3.0651,2.8635,3
3.1129,5.8298,3
3.5816,4.5977,3
4.0825,1.8254,3
3.9433,1.704,3
2.8415,4.4396,3
1.4876,-0.071701,3
1.6428,3.4151,3
0.93101,-2.2384,2
4.1171,4.2552,3
-1.9063,1.588,1
1.9718,5.1259,3
4.5282,5.8799,3
-7.2657,-6.9394,1
4.6889,4.3877,2
4.4528,5.0661,3
6.8912,4.948,3
2.5564,6.9165,3
7.6286,-0.025061,3
9.6581,3.8914,3
3.4126,2.4037,3
6.6626,7.0028,3
3.2657,5.8471,3
6.1745,3.6125,3
6.281,8.2064,3
2.2174,1.6207,2
5.9822,0.5341,3
5.5827,3.219,3
5.6896,2.5249,3
3.9766,4.8976,3
2.5229,5.0574,3
-1.7207,-1.1499,3
4.6008,5.8663,3
5.2752,2.0648,3
-1.426,2.2865,2
4.6083,1.8751,3
1.9846,3.0457,3
1.5209,1.6598,3
4.3593,4.248,3
6.0889,4.6566,3
3.5331,-0.65678,3
6.1509,3.4279,3
0.936,0.61815,3
3.9097,1.3185,3
5.9818,6.6817,3
3.165,2.8936,3
6.3944,4.3642,3
2.0217,3.5945,3
5.4846,4.8965,3
4.0437,6.3506,3
-5.8215,-5.9852,1
6.1018,-0.44204,3
2.978,2.6052,3
-5.3278,-1.5038,2
0.36055,4.7476,3
-0.09753,1.1386,3
3.0941,4.5397,3
5.5481,5.1955,3
2.4207,2.2848,3
3.7646,4.9962,3
3.126,6.4422,3
6.8649,5.0733,3
-0.25909,-2.151,2
3.7992,4.1938,3
4.0349,0.97181,3
4.6594,2.7016,3
7.4657,1.1918,3
-1.1465,-1.6804,2
3.0924,8.8079,3
7.0875,3.1405,3
6.1572,3.9106,3
4.2197,4.8318,3
-2.9602,-2.0614,2
3.3871,3.6406,3
8.3767,6.0308,3
3.4742,3.037,3
-1.2334,4.3604,3
-0.45264,4.4998,3
4.6172,8.9084,3
7.4286,5.2696,3
7.4144,5.4251,3
5.7718,4.6854,3
1.3238,6.1524,3
2.1845,3.0271,3
5.6813,4.7043,3
3.6157,1.8869,3
3.4216,-1.5409,2
-0.45345,-1.5148,2
3.5883,4.2195,3
3.5319,0.78652,3
1.6096,5.2852,3
3.8936,4.5264,3
7.0499,3.4096,3
1.9185,3.9383,3
2.3577,1.0913,3
7.4239,6.5693,3
3.2148,2.8093,3
-1.757,-0.16444,2
5.5524,5.0277,3
-1.8518,-2.9628,1
4.4937,6.707,3
6.8874,4.2581,3
6.6483,0.52073,2
2.3244,3.2051,3
-2.9271,-3.9199,1
6.1306,6.8958,3
3.9103,4.5044,3
2.6374,3.1135,3
4.318,3.9884,3
2.443,4.5962,3
2.8139,2.2422,3
5.508,3.4828,3
2.576,5.4888,3
4.5009,2.7106,3
7.0957,4.6836,3
10.103,5.081,3
8.9746,9.9007,3
3.2647,0.28845,3
1.5818,4.7403,3
3.0255,3.6546,3
7.0608,6.3486,3
4.0281,6.2329,3
7.9051,5.1974,3
0.87108,5.0292,3
1.7571,2.2744,3
6.8896,4.4401,3
7.6058,2.3278,3
0.54461,1.541,2
2.4689,1.3612,3
2.611,5.2538,3
5.9172,5.0909,3
1.5475,2.3008,3
6.9069,2.2175,3
0.87908,3.1555,3
7.3596,9.0634,3
3.6065,1.1171,2
0.47174,5.3219,3
2.9739,3.1783,3
5.8783,1.5157,3
7.8635,8.1923,3
-7.7735,-7.0736,1
3.2501,4.4338,3
3.6814,8,3
0.73584,2.273,3
3.2969,5.8525,3
-3.5009,-8.2503,1
3.7383,5.4013,3
5.3568,3.3466,3
4.4432,0.11282,3
1.7013,2.5476,3
2.7121,-0.73189,3
3.0871,3.4391,3
4.9422,5.907,3
4.5087,5.5388,3
5.1751,6.6313,3
1.861,-0.73905,2
3.5493,4.2831,3
4.417,1.1964,3
1.8693,-1.0119,3
3.8373,6.6576,3
2.1734,1.8717,3
2.8312,3.1023,3
3.248,4.6378,3
4.2776,5.9164,3
3.5166,3.2006,3
4.7853,4.9966,3
2.0273,-0.61265,2
2.8738,0.8775,3
2.6045,5.918,3
3.0435,3.2347,3
2.5579,6.9383,3
6.2343,7.9228,3
3.1021,3.9982,3
3.0112,7.6011,3
5.8923,5.9411,3
-6.7918,-8.2318,1
-2.0065,2.7556,2
2.938,4.5806,3
5.3247,7.2411,3
-4.2186,-2.1183,1
5.2624,0.84016,3
11.589,8.069,3
-1.1765,2.2943,2
6.1509,0.86197,3
1.8918,2.978,3
6.7209,8.2757,3
5.7186,3.7101,3
5.2571,4.1091,3
3.5358,0.29475,3
5.8016,4.8669,3
3.0581,5.7721,3
6.7305,4.3032,3
6.6793,2.6867,3
2.2489,3.9576,3
-1.1397,-0.96623,2
6.3519,3.4099,3
6.1206,3.4731,3
4.9823,7.6897,3
5.0552,1.5078,3
5.0873,3.8341,3
2.7241,1.5046,3
4.1326,4.6311,3
4.9619,8.1423,3
7.2852,4.6364,3
2.6468,4.7403,3
6.7787,6.6014,3
4.5495,5.6215,3
3.9726,5.1395,3
-0.38497,6.7633,3
0.70015,4.7149,3
2.1317,3.6229,3
2.8989,5.4476,3
4.4151,4.5788,3
1.698,2.2972,3
3.3642,3.4955,3
3.3907,-1.409,1
5.5412,3.1358,3
0.98373,4.1239,3
-4.9439,-10.363,1
2.8913,5.7088,3
2.8079,3.6767,3
4.9886,2.4064,3
4.3294,3.399,3
8.1988,5.1964,3
4.8805,6.993,3
1.8088,2.9596,3
4.2643,2.2428,3
0.64786,2.133,3
2.1569,0.94888,3
8.9984,8.6265,3
1.3592,-0.24664,3
4.1043,2.8702,3
-4.3331,-3.2808,1
3.9447,4.0519,3
2.3859,2.3343,3
5.1962,3.5992,3
2.2786,5.5414,3
1.4726,3.0187,3
4.9414,4.4974,3
4.3021,1.0879,3
4.5312,1.8962,3
0.1481,6.1332,3
3.7157,3.6393,3
7.763,4.0072,3
0.76973,1.7554,3
-4.0778,0.18234,2
6.2741,4.2599,3
5.5197,8.3261,3
3.0992,2.2332,3
3.6525,7.8843,3
4.553,2.6074,3
3.9495,3.9582,3
1.7104,5.9669,3
4.2153,0.20623,3
8.6852,7.5015,3
3.0714,5.1373,3
2.6717,4.7465,3
3.2305,2.4103,3
2.6841,1.5644,2
5.6492,0.42385,3
6.4244,4.7629,3
4.5377,2.4615,3
6.3071,5.6447,3
4.1151,6.713,3
0.68303,0.82346,3
3.0613,2.6622,3
5.6744,3.1509,3
6.9832,2.6462,3
4.1779,5.6484,3
4.7061,5.6057,3
6.4564,2.9223,3
-0.61774,3.308,3
-1.7802,-1.6919,2
-1.9601,-4.0602,2
3.9793,1.8491,3
1.8366,5.8556,3
3.9498,6.3831,3
9.094,5.6301,3
3.6265,3.6729,3
7.2061,1.0772,3
-3.4866,-5.6973,1
2.8147,4.2221,3
0.082811,1.9433,3
4.9331,6.4947,3
0.53403,4.3989,3
5.3654,5.6082,3
3.1724,2.8891,3
3.8978,2.2122,3
-4.5985,-4.7661,1
3.8664,3.5351,3
7.695,6.6224,3
2.4045,6.5892,3
4.5692,6.1639,3
3.4571,3.2342,3
-0.036941,4.5201,3
0.61375,7.708,3
3.8879,3.2631,3
-1.6236,-4.7108,1
4.7645,0.49224,3
6.7667,3.2516,3
5.1794,4.8654,3
8.342,3.2069,3
3.8803,-1.3462,3
2.5152,2.5927,3
-1.4069,-5.5964,1
3.2767,2.6618,3
6.3732,2.598,3
4.9908,4.4922,3
5.2117,3.5501,3
6.2157,3.0182,3
-1.3101,-0.46985,2
3.0927,4.1647,3
-0.18191,1.2099,3
6.9563,1.6863,3
5.7011,4.9734,3
6.7841,6.1506,3
5.4115,4.3824,3
1.3284,4.198,3
5.1922,6.782,3
4.7475,3.6425,3
3.6646,-1.0909,3
3.092,0.63462,2
5.6607,6.0343,3
4.7138,6.9096,3
6.0164,6.9114,3
4.779,0.88166,3
0.99257,6.7928,3
0.016776,1.8683,3
3.9769,1.1229,3
-3.1039,-5.6668,1
-0.0040477,8.0129,3
1.7718,2.7433,3
1.5322,0.10403,3
6.2662,6.0505,3
3.8294,5.811,3
1.227,0.40111,2
3.2783,0.88693,3
0.44481,5.7996,3
5.548,5.9421,3
6.0033,3.3219,3
3.9375,6.4016,3
0.32231,-0.071829,3
4.6124,7.4942,3
5.8704,3.5952,3
4.7614,1.4482,3
6.8187,3.9457,3
6.7393,3.6052,3
1.9795,-1.214,3
8.3839,6.6344,3
-1.0307,1.017,2
7.0886,5.3503,3
5.5821,6.779,3
2.6515,4.0979,3
5.6112,7.0883,3
6.3785,5.524,3
3.7369,4.1064,3
0.84591,-0.41359,3
0.92422,-0.48081,2
4.6579,5.2152,3
5.5629,3.4233,3
3.9181,2.9222,3
3.5028,4.2697,3
4.5361,5.32,3
5.9114,10.086,3
7.4266,6.4928,3
0.75958,1.9663,3
-4.3995,2.0032,2
1.972,7.1542,3
3.5063,4.7089,3
5.0854,4.9792,3
4.6494,4.9663,3
1.8543,6.2163,3
8.3679,3.0006,3
10.005,4.2903,3
4.5202,2.6716,3
3.4798,1.4753,3
2.5497,3.0032,3
7.2024,9.4386,3
7.5003,2.8856,3
5.0453,0.4162,3
6.1611,4.4716,3
-0.2334,3.8916,3
0.70329,-1.6872,2
4.9815,4.0693,3
5.3543,5.7088,3
1.5081,1.3732,3
5.4329,5.9514,3
3.8383,3.6685,3
-4.7579,-7.0014,1
3.3224,1.6722,3
4.6207,7.3691,3
6.7942,5.9551,3
4.703,5.3797,3
4.1654,7.426,3
1.3985,2.7744,3
2.1851,8.8637,3
0.2767,3.1769,3
5.7711,4.2545,3
2.6999,4.0802,3
8.2016,3.7619,3
3.5533,0.11148,3
2.9549,5.8016,3
2.9696,4.2314,3
-0.78344,0.14242,3
1.2521,5.2268,3
-0.9171,-0.1836,2
6.8646,2.2549,3
2.0092,1.3521,3
5.9863,2.0756,3
-0.20156,-0.38725,2
4.4542,2.3567,3
1.6212,1.6363,3
4.422,4.951,3
6.2149,2.6073,3
2.814,1.761,3
5.33,2.1659,3
-0.76818,3.8323,3
5.251,4.773,3
7.3985,0.58526,3
6.4308,4.4359,3
1.6396,4.9188,3
3.8507,3.9202,3
9.459,7.3852,3
2.982,0.67662,2
6.1974,3.0156,3
-2.2091,-2.072,2
4.3911,4.4549,3
4.9432,4.2443,3
4.8451,2.9867,3
3.0983,4.3237,3
2.4155,5.8764,3
5.8809,1.1525,3
4.5135,6.1927,3
3.5205,5.8367,3
8.2005,2.3824,3
4.4718,4.2391,3
3.9883,5.0487,3
2.735,4.5364,3
-2.7946,-3.4487,1
4.3687,5.0361,3
-0.27928,5.6128,3
3.9189,3.9194,3
3.9799,2.8444,3
0.88635,0.76082,3
5.4661,6.9159,3
6.2609,5.9948,3
4.6866,3.3509,3
8.6029,4.7058,3
0.42252,3.4659,3
6.4257,5.4511,3
7.7358,5.8702,3
3.919,3.4303,3
-4.6222,-4.1654,1
4.5277,3.2776,3
9.7807,2.6029,3
5.3503,7.1518,3
-0.43267,1.9606,3
1.3753,1.7502,3
6.1839,3.0246,3
3.1376,5.239,3
2.9371,5.5197,3
2.7459,-0.42,3
4.2969,6.0118,3
3.291,4.5139,3
3.0379,4.4902,3
3.654,3.5376,3
2.8862,3.7179,3
0.10934,3.4465,3
9.3068,3.5054,3
4.5816,2.6392,3
2.3005,4.2582,3
0.26332,1.6387,2
1.5733,8.0058,3
6.8666,2.5334,3
2.2668,2.7067,3
2.0668,5.8057,3
4.3407,5.3618,3
5.2318,2.8033,3
0.34593,-0.24715,3
5.1538,4.2119,3
4.3603,4.1297,3
5.218,5.2301,3
4.8651,8.0696,3
5.2732,3.9913,3
2.2457,4.2713,3
2.342,2.5159,3
5.4485,5.7857,3
6.8394,3.4592,3
4.4762,4.1175,3
6.4843,5.069,3
-2.9157,5.7957,3
-4.2545,-4.2098,1
4.3361,3.8163,3
3.1527,-0.24914,3
7.6737,8.3894,3
3.1061,0.71669,3
2.6041,4.0473,3
8.5349,1.2529,3
1.6016,1.9711,3
1.963,4.4282,3
2.7963,3.5306,3
1.7144,5.4596,3
3.4659,0.080255,2
4.9743,1.7978,3
6.739,10.475,3
0.42558,4.6551,3
1.0973,2.5185,2
7.7144,7.7501,3
1.0159,0.26707,2
8.401,4.6654,3
3.1688,3.3824,3
2.049,3.1284,3
5.4943,5.2791,3
3.3167,3.2861,3
2.7095,4.5129,3
3.5485,2.5619,3
5.2186,3.4807,3
1.1792,0.53689,2
2.5363,3.5097,3
3.8476,-1.0184,3
3.2229,-0.073991,2
3.9869,8.1215,3
4.7319,3.6027,3
2.6801,4.2656,3
6.9726,4.8186,3
0.89026,-4.7139,1
3.8491,6.4045,3
0.93295,4.0594,3
2.9692,3.9043,3
5.2238,3.746,3
4.8178,4.0637,3
7.412,2.6443,3
2.588,3.8334,3
-3.7954,-5.1181,1
2.5822,3.8647,3
-1.4075,-0.43972,3
5.6331,5.0698,3
3.5528,5.2644,3
2.3427,3.1356,3
4.7034,5.2615,3
3.4498,3.4164,3
4.5438,4.3798,3
-1.8285,2.051,2
4.4343,3.9608,3
5.1365,0.37285,3
5.2054,2.4951,3
3.3424,1.0181,3
2.8763,6.1567,3
-1.2147,-0.67403,2
6.8115,5.6287,3
3.4777,4.928,3
1.6686,3.4332,3
2.0808,1.6819,3
6.4048,3.6136,3
7.776,6.0578,3
7.6357,2.1471,3
5.4593,4.0287,3
3.3927,4.6009,3
0.83796,1.4623,3
4.5823,4.8019,3
5.0668,3.3258,3
4.7475,4.725,3
5.73,4.3449,3
1.3803,5.5243,3
5.3355,2.3139,3
4.5746,-0.091594,3
5.6271,3.0258,3
5.6653,6.7978,3
1.4886,4.969,3
3.1862,5.6027,3
5.5903,6.2549,3
5.6853,7.0344,3
5.7767,8.86,3
1.441,6.454,3
6.063,3.6377,3
7.4159,7.1963,3
3.2312,4.8562,3
5.6132,4.9204,3
-3.6613,-1.7768,1
0.63563,1.8477,3
4.6472,6.2718,3
2.1796,1.2254,3
3.009,1.4724,3
3.1903,-2.821,2
5.1524,6.0283,3
4.9143,7.2728,3
6.8222,2.8654,3
-0.4104,-1.4004,2
-0.032985,2.3946,3
4.9471,4.7052,3
6.2344,5.1247,3
6.6877,5.8462,3
2.39,-0.50454,2
3.1569,1.7466,3
2.0651,4.4321,3
1.6108,2.8834,2
1.2981,0.64694,2
6.8921,3.4615,3
4.7198,6.877,3
4.8361,2.2034,3
7.3098,3.5545,3
4.9292,1.8877,3
3.6895,2.0649,3
3.8726,4.3636,3
4.1527,0.71694,3
6.4362,2.9213,3
3.9454,8.1213,3
5.8198,6.0913,3
5.4487,3.5236,3
2.2314,3.6725,3
1.2191,-0.51977,3
2.3088,0.16317,2
6.099,5.2547,3
4.5736,1.5681,3
6.0631,4.0827,3
6.3032,4.7457,3
1.889,6.7846,3
5.9594,8.2816,3
2.3419,6.6434,3
5.7143,4.9632,3
4.1874,4.4988,3
3.7922,5.3883,3
4.6034,3.4351,3
1.8367,0.9096,3
1.1731,6.001,3
3.6136,4.6972,3
5.8773,7.4632,3
3.7974,3.0778,3
3.1536,2.813,3
4.2576,4.6152,3
5.8431,5.082,3
2.2715,2.4152,3
0.80297,3.8565,3
4.7884,3.9849,3
5.2755,1.8102,3
-2.4662,-0.18838,2
3.9372,3.6472,3
6.72,3.7304,3
8.0349,2.596,3
3.2676,4.8198,3
-1.4921,-2.4332,1
6.2576,3.3167,3
3.7355,3.8944,3
-0.84563,-2.3095,1
0.58809,0.70776,3
2.0412,-1.8841,2
3.3638,1.9963,3
0.44922,4.2467,3
5.2,8.6511,3
0.80305,1.8248,3
1.7009,5.5897,3
4.6283,4.288,3
-3.3632,-6.0057,1
5.8189,0.95727,3
3.2352,3.5658,3
6.0716,5.1612,3
6.5822,4.9253,3
9.1581,5.7014,3
4.514,3.5683,3
-2.9916,-1.2769,2
6.6787,5.4976,3
6.0052,3.0135,3
1.7477,6.8232,3
3.3383,6.3363,3
6.0118,6.9097,3
0.94127,2.675,3
0.45989,5.961,3
0.67236,3.0075,3
4.9124,1.7293,3
-4.9765,-4.1817,1
6.7229,4.548,3
5.1084,3.6716,3
1.5204,5.6234,3
7.0748,4.2861,3
4.2533,2.0837,3
2.048,4.4327,3
6.0137,3.8975,3
-0.38046,0.98535,2
6.5393,6.3336,3
2.3673,7.1403,3
2.7125,2.0168,2
-1.5033,1.1054,3
3.489,2.9574,3
3.13,-0.060789,3
6.3131,3.5155,3
-0.12232,-1.0983,2
6.6669,4.6246,3
2.4952,2.7368,3
6.0331,3.4694,3
6.4036,5.9274,3
-0.31473,-3.6777,2
4.5455,0.0061086,3
6.037,4.7488,3
-2.8636,1.6058,3
0.93782,-0.022633,2
2.0784,1.2273,3
2.5839,7.1522,3
-3.9284,-5.4383,1
3.0563,5.578,3
6.4331,8.4688,3
2.8146,2.3207,3
0.87487,-3.4329,2
0.62913,4.1535,3
5.4527,3.2122,3
-2.1354,-2.2026,2
1.1382,6.6734,3
1.8501,2.3362,3
2.6812,2.0283,3
2.9013,6.4136,3
2.6529,1.6828,3
-0.96241,-2.2541,2
4.4419,3.8267,3
4.8598,0.6432,3
6.9166,3.5585,3
2.1099,4.8657,3
6.1797,2.5177,3
0.50321,-1.3673,3
4.4182,4.3428,3
1.9298,0.57114,3
-0.70279,-0.40711,2
1.6563,2.1826,3
3.7196,2.3838,3
2.2413,2.1276,3
4.3702,2.4825,3
-0.7436,0.48191,2
5.3319,2.4238,3
0.67511,0.4298,2
3.5529,2.9783,3
7.0139,5.2723,3
-0.7119,2.5335,3
5.4011,5.6053,3
-0.047309,5.1168,3
2.1398,4.4758,3
3.5943,6.7083,3
5.8866,0.53776,3
0.99887,0.31699,2
1.803,1.5347,3
4.6039,2.7552,3
7.8306,1.249,3
-5.2985,-1.711,1
7.9234,3.9421,3
5.4587,4.5882,3
2.6434,4.0469,3
9.9092,4.7671,3
4.7567,4.2185,3
3.1486,2.9471,3
1.8293,-0.75884,3
1.601,5.195,3
4.9771,3.3677,3
4.2758,3.1732,3
6.1374,-0.58662,3
-1.9552,2.4731,2
4.7879,5.4523,3
3.8016,4.0345,3
-2.8401,3.0537,3
2.7988,1.2406,3
1.4591,2.5344,3
3.4218,4.4959,3
7.8254,5.384,3
1.4972,2.0748,2
3.9883,3.1837,3
-0.078915,2.1689,2
3.2891,2.4048,3
8.4837,3.0381,3
6.8228,5.1956,3
4.5882,5.1046,3
5.9889,4.3031,3
9.7783,3.3893,3
4.5204,2.3248,3
6.1331,4.5428,3
-2.3041,0.71823,2
5.858,8.4593,3
4.1973,6.0997,3
4.6587,1.1087,3
-2.9349,-1.359,1
3.658,2.5118,3
-3.7624,-2.123,2
2.2946,2.5569,3
5.1345,3.1311,3
-1.8258,1.1412,2
8.1711,3.9808,3
1.2884,4.5955,3
0.59628,2.084,2
-3.6898,-4.9676,1
0.04029,3.0082,3
4.0189,1.4611,3
1.6243,6.5132,3
3.7869,2.7495,3
8.0282,5.0482,3
1.3209,5.0026,3
7.5427,4.5096,3
5.3493,5.5483,3
5.3935,0.71455,3
4.0628,5.8944,3
-2.2462,-0.20586,2
-1.4792,3.2575,2
2.2871,5.3348,3
1.5253,2.4037,3
8.7708,5.5546,3
0.28323,0.74355,2
2.9179,4.1496,3
2.3353,5.7458,3
2.6623,6.3183,3
7.7654,6.1648,3
-0.57386,2.8762,3
4.0221,5.0505,3
3.7274,5.3343,3
3.0311,4.8506,3
5.6509,6.8621,3
4.8661,9.4301,3
1.6371,4.4949,3
5.5796,3.6923,3
9.0195,1.5361,3
4.5384,7.2569,3
2.6194,4.3599,3
-2.4321,2.3382,2
2.0437,2.7717,3
1.0054,2.3449,3
1.7331,7.2892,3
2.9895,2.6342,3
-0.31275,-5.22,1
7.3908,2.4856,3
3.209,1.8399,3
4.3655,12.247,3
3.6617,1.0179,3
3.8319,0.2453,3
5.2065,2.872,3
2.4266,7.9446,3
5.0459,6.6413,3
4.5655,4.4254,3
2.5735,5.1731,3
8.2679,6.0545,3
4.6606,4.2485,3
0.25391,2.8103,3
1.0828,6.46,3
1.0975,2.5703,3
2.986,2.2024,3
6.7226,4.3129,3
4.2936,9.6623,3
9.2391,7.0177,3
4.3774,-0.34362,2
3.6461,2.0152,3
3.9617,5.753,3
5.347,4.1397,3
6.4958,6.4507,3
-2.3265,-2.683,2
3.7775,5.8039,3
5.097,3.711,3
2.0726,7.1275,3
3.6844,3.9999,3
2.2449,2.5426,3
4.1236,4.3558,3
4.3158,0.95589,3
2.4402,4.1387,3
-0.44198,4.8825,3
0.49312,3.649,2
4.4534,6.0274,3
3.6922,3.2221,3
-3.2608,-0.70336,2
5.1037,4.4641,3
6.559,4.8845,3
4.4242,6.2202,3
3.3252,5.6883,3
4.6755,2.4458,3
1.5431,1.9199,3
0.9818,5.0119,3
-1.4789,-5.285,2
-0.13606,0.53664,3
1.5785,-1.3419,2
1.5454,0.39572,3
5.4481,2.8945,3
4.5372,2.7389,3
2.7747,-0.2971,3
9.4935,4.7942,3
1.9885,5.0781,3
1.8425,4.1652,3
4.6982,4.2411,3
8.3176,3.0775,3
3.0128,4.3911,3
3.2898,2.3269,3
7.2675,1.2501,3
4.3523,7.3221,3
4.4422,2.4179,3
4.3067,10.054,3
1.0716,-0.52395,3
3.0679,4.8695,3
4.7675,8.6379,3
2.9101,1.9424,2
4.3257,1.4386,3
3.043,7.9015,3
7.3112,7.0303,3
4.6658,3.9219,3
1.8516,-0.027377,3
-0.043764,6.2165,3
4.9657,2.0975,3
3.386,3.2791,3
7.8285,5.0661,3
8.0985,8.2368,3
-0.76699,0.20056,3
3.4006,3.8413,3
3.2046,0.094372,3
0.17349,2.4327,3
4.0121,5.949,3
2.1199,5.3457,3
-7.5229,-5.101,1
2.7281,6.4556,3
1.505,5.9819,3
6.238,8.2837,3
3.6324,4.0112,3
2.2219,4.8526,3
3.4114,-0.25691,3
5.6042,1.9544,3
4.4125,4.1304,3
1.7049,3.8957,3
5.0373,7.6318,3
5.1899,2.671,3
3.1288,1.2381,3
8.9168,6.0871,3
1.6109,3.2211,3
3.8387,0.9904,3
2.6804,3.1562,3
8.4791,7.9499,3
4.3112,5.6046,3
-1.1377,4.4395,2
5.369,3.0389,3
-3.323,-2.1936,2
4.6353,3.0969,3
7.1758,8.106,3
2.1888,5.6997,3
6.2654,3.335,3
5.9123,4.7055,3
2.7565,2.6164,3
1.0398,3.6273,3
5.3755,7.8212,3
2.5217,1.3739,3
1.9055,6.0715,3
2.316,3.8468,3
3.7401,6.0702,3
9.2936,1.3302,3
4.1459,2.6967,3
3.5085,5.2784,3
4.6293,0.83611,3
3.0046,2.7777,3
5.2986,5.1629,3
5.5808,0.47185,3
7.0071,1.7385,3
3.4687,4.6253,3
-7.1567,0.40565,2
2.8829,3.9351,3
5.3214,6.4969,3
5.5934,1.7663,3
3.7816,4.0046,3
2.0275,1.2181,3
4.4853,4.4941,3
5.9518,-1.2791,3
5.1133,2.5987,3
2.9679,3.1174,3
-3.8991,0.66278,1
6.4677,7.4739,3
-2.2864,-2.9787,2
5.6688,3.3495,3
7.036,4.822,3
-4.7114,-5.9642,1
4.4731,-1.1296,3
3.0446,3.8545,3
2.4194,6.9401,3
-5.7127,-5.3435,1
4.1291,4.1716,3
6.577,8.837,3
1.2307,4.9388,2
5.4217,4.3696,3
0.65073,-0.64928,3
2.5816,0.36174,2
5.2845,2.5981,3
7.8238,7.2297,3
7.2373,5.3364,3
-0.2341,4.7193,3
5.951,8.1736,3
8.7202,8.0873,3
4.9435,-2.204,3
2.4606,-0.92961,2
2.13,3.5138,3
5.0597,2.0553,3
1.5333,3.1535,3
3.5244,4.2083,3
-0.38632,2.5365,3
5.189,3.2808,3
2.9376,1.2999,3
4.7687,4.8716,3
-7.3563,-7.6821,1
5.483,5.8687,3
2.922,1.3855,3
2.5407,1.9077,3
-1.5644,-1.2802,2
3.4685,4.466,3
7.0972,4.5478,3
9.652,1.4146,3
-1.0234,1.827,3
4.236,5.3123,3
2.8884,4.1876,3
1.5289,2.4415,3
3.3409,1.9341,3
3.9487,4.1247,3
1.6967,4.4814,3
2.2353,4.3823,3
2.878,6.9831,3
9.2623,4.4869,3
5.6339,6.2578,3
8.5521,4.8422,3
0.51158,0.31997,2
4.6954,5.1158,3
5.4472,1.2218,3
3.3703,4.0861,3
0.69805,2.2806,3
4.3533,2.0868,3
5.9725,4.9096,3
7.4402,2.3748,3
-0.48621,4.3232,3
2.8873,5.852,3
3.2256,3.4682,3
5.3793,3.4038,3
-0.28428,3.6097,2
5.4032,7.9454,3
2.6104,4.7223,3
-2.5061,1.6185,2
-2.2125,0.87109,2
-0.49624,5.5372,3
2.0208,6.9599,3
5.4953,6.8676,3
5.7786,2.1361,3
7.5625,3.7606,3
2.3637,-1.5243,3
-0.63487,4.4873,3
2.0329,-0.14415,2
1.8211,6.3989,3
3.9621,2.9625,3
1.6355,-1.428,3
6.5401,9.2013,3
1.0916,2.554,3
1.3251,2.1947,3
1.2565,3.4937,3
5.084,1.9059,3
7.5196,6.5319,3
8.3441,6.1276,3
7.2559,4.5146,3
3.2069,4.4053,3
5.6972,7.1978,3
-2.2627,-2.3585,2
2.4584,5.2011,3
2.8773,2.4114,3
3.6831,4.4166,3
-0.085437,4.3186,3
3.4566,6.2704,3
6.9949,3.7064,3
-6.8864,-4.2209,1
4.6969,4.0167,3
4.7515,5.2717,3
-3.0726,2.8833,3
5.9714,2.6681,3
7.1932,-0.80658,3
3.2408,5.2744,3
1.0975,6.7629,3
2.4347,0.33181,3
4.9977,2.0107,3
0.29558,3.8974,3
3.7099,6.4999,3
5.852,1.1813,3
3.4829,4.777,3
3.1946,5.3066,3
2.8776,4.6624,3
6.9629,4.2224,3
0.78437,2.1918,3
1.8074,2.0014,3
10.283,7.4393,3
1.5497,6.7095,3
3.3473,4.4292,3
1.1899,5.6329,3
5.3883,-0.074483,3
-1.1816,-4.1411,2
1.9565,5.1158,3
3.4822,1.4115,3
8.2518,6.1504,3
1.3947,0.52255,3
7.2302,4.9722,3
2.811,5.6697,3
8.2181,6.2618,3
4.8446,1.7154,3
6.0446,-0.49155,3
7.6527,4.7322,3
6.3242,6.0189,3
5.9856,2.1689,3
1.3538,7.1833,3
-1.7891,-2.2119,2
6.3824,3.7266,3
-2.8836,-5.6382,1
4.7781,6.2889,3
4.8886,5.4271,3
4.7397,4.0755,3
2.2325,5.0749,3
-3.2563,-1.3754,2
5.614,2.5243,3
3.58,1.7253,3
7.8099,2.1375,3
1.9131,0.39406,3
7.1486,8.7984,3
5.9312,4.8274,3
2.754,4.6733,3
3.9974,-0.65135,3
7.4869,3.565,3
6.057,3.4049,3
5.6099,1.9349,3
7.4208,4.5074,3
2.0982,2.9323,3
7.326,2.259,3
-3.0426,-3.0007,2
4.2469,4.0978,3
-2.2727,-3.06,2
-1.9437,-2.2662,2
4.4516,5.7106,3
2.7457,0.68131,3
4.3348,6.4076,3
0.29186,-1.3276,2
2.753,1.2125,3
7.5647,5.78,3
3.1901,4.5236,3
5.9816,2.6185,3
2.6158,4.5894,3
2.9467,4.537,3
0.042339,5.8892,3
4.8098,1.7633,3
-0.14772,2.1366,3
2.3376,5.5925,3
4.3207,4.2154,3
3.5021,-2.1722,2
2.1753,6.2211,3
2.6954,5.9218,3
3.309,3.737,3
2.1641,2.3533,3
2.1061,4.412,3
2.7117,4.8884,3
5.7626,3.1321,3
1.7321,4.6407,2
-0.1993,6.341,2
2.1578,2.7957,3
-3.5893,-2.7071,1
1.797,2.0768,3
6.706,3.1809,3
2.79,6.2742,3
3.4612,1.5384,3
1.8664,4.1089,3
6.4367,2.4955,3
5.3887,5.3151,3
5.0688,6.3489,3
0.46372,5.0029,3
-0.84103,-3.1019,1
2.8766,4.0223,3
6.2728,4.6599,3
1.9883,2.2078,3
0.54529,4.1955,3
-1.0385,5.7069,3
4.4208,7.7992,3
4.8009,3.7482,3
-1.4874,4.8309,3
5.2785,5.2968,3
5.0069,7.7193,3
1.801,3.1774,3
4.0311,0.6837,3
3.4942,2.9338,3
0.33056,5.2181,3
4.2219,7.5008,3
4.6063,5.5731,3
-0.82233,-2.1486,2
2.2191,4.722,3
5.3087,5.1159,3
6.9902,0.71959,3
6.753,6.3442,3
5.9565,3.6551,3
2.1966,5.9929,3
5.6563,7.134,3
2.2014,0.96482,3
4.1562,6.9009,3
0.061474,0.28491,2
5.6482,6.1223,3
-0.881,-1.1568,1
-0.016107,-0.90781,2
-7.6074,-3.9108,1
3.1506,3.4972,3
7.0855,4.0107,3
7.4266,1.5942,3
-0.15246,1.4755,3
-0.98404,3.14,2
5.4423,2.7313,3
-0.36765,-1.1017,2
0.91205,5.5295,3
1.9363,2.1099,3
3.1877,0.7326,3
4.1855,2.2097,3
4.479,3.2558,3
-1.7892,-2.2614,2
6.1406,9.5879,3
5.2455,3.2438,3
5.8342,5.5349,3
5.097,4.4213,3
1.6088,7.6678,3
0.99582,0.58949,3
-1.6761,-0.81883,2
3.7149,3.3903,3
4.9371,1.8983,3
5.5074,6.74,3
2.7047,3.6774,3
2.5321,-1.2903,2
3.2143,1.2344,3
0.84012,1.6895,3
3.0637,6.5759,3
5.7463,4.4772,3
4.4047,3.8094,3
4.9241,2.4732,3
3.4565,4.0362,3
2.4551,5.3418,3
4.6607,7.8085,3
0.13407,7.7582,3
0.14919,-0.23558,2
3.1663,5.5055,3
2.9232,6.1266,3
2.652,0.36964,3
-6.309,-6.425,1
2.7704,3.959,3
4.3788,6.7638,3
-0.18311,1.6416,3
3.7883,6.4133,3
3.7076,5.9143,3
7.3527,1.5657,3
1.0074,1.1811,3
2.1627,5.0494,3
2.0294,3.1857,3
4.8429,5.3899,3
2.8434,6.7176,3
1.2364,5.4837,3
4.3339,2.7881,3
2.3299,2.0665,3
6.4365,3.9068,3
-2.5255,0.14851,3
5.4267,6.3176,3
3.6524,1.5677,3
4.2787,4.488,3
0.95329,7.2415,3
-4.3559,0.3087,1
4.5056,3.0071,3
-4.6041,-5.828,1
5.8157,5.1508,3
3.0375,2.3369,3
7.3151,5.7975,3
1.0128,-4.4257,2
3.1315,3.5143,3
0.32181,-2.8632,2
5.787,1.8719,3
5.5404,4.3576,3
5.1186,1.5824,3
3.7201,6.1413,3
-0.044184,3.933,3
3.7186,2.7492,3
2.5459,2.6548,3
3.6687,6.807,3
5.7858,5.4687,3
8.3161,3.9072,3
0.5548,3.3448,2
1.0141,4.3457,3
4.95,0.75978,3
5.7406,1.8313,3
0.98886,4.8482,3
2.9732,1.5251,3
4.6991,6.8155,3
3.3509,4.6869,3
4.2117,6.0506,3
4.3124,4.2028,3
1.2932,1.3229,3
6.3831,6.8167,3
8.5141,9.4726,3
2.1483,5.1949,3
5.4189,3.7074,3
6.7996,6.8971,3
3.5106,4.2604,3
-5.7311,-7.0515,1
3.369,3.7765,3
4.2777,3.2765,3
2.2295,-0.7201,3
4.7447,4.3051,3
5.124,3.2894,3
2.907,7.3401,3
1.9624,3.4683,3
3.1713,4.3746,3
5.9118,3.8325,3
2.6992,1.8257,3
6.1559,1.9401,3
4.2035,5.7494,3
4.621,5.0971,3
2.1196,2.0892,3
4.3377,3.0265,3
-2.9225,-4.1306,2
-0.28005,5.1147,3
2.889,-1.6967,3
3.1777,6.1638,3
7.4579,3.3471,3
-0.28862,2.4202,3
1.9837,5.1767,3
2.5731,0.36798,3
4.5263,4.5449,3
2.9879,2.8665,2
3.0323,2.2643,3
5.105,2.2846,3
2.3876,2.284,3
4.6224,2.6543,3
-1.3572,-2.6712,2
6.986,5.3779,3
6.7092,5.2743,3
-3.4741,0.40459,2
6.5418,-2.3217,3
4.5333,3.168,3
2.8923,3.6009,3
2.5936,0.95723,3
1.2995,2.8975,3
4.2756,7.7216,3
3.5166,3.6089,3
-3.0536,-2.4511,1
5.878,6.3249,3
3.547,2.1306,3
1.715,5.5612,3
6.743,5.0208,3
2.0299,3.1226,3
-2.2639,-1.1954,2
6.0966,7.0291,3
6.7714,4.2659,3
0.9391,6.8363,3
3.6435,4.2879,3
1.6186,4.9163,3
4.5758,-0.28249,3
5.6123,4.3813,3
4.5115,5.9401,3
3.3108,4.2073,3
2.9527,0.53197,3
2.5026,6.3545,3
2.7389,3.6769,3
6.4331,0.23901,3
-4.5401,-2.553,1
3.824,2.2351,3
2.4462,5.3743,3
0.45331,3.1517,3
1.1373,-2.0212,2
1.0353,4.5798,3
3.257,2.1754,3
-0.74994,7.3231,3
0.10953,-0.91648,2
6.1919,6.2429,3
2.0094,3.0514,3
4.0092,2.4272,3
0.52314,1.3852,3
0.37772,4.0181,3
2.7077,3.0559,3
4.3951,4.0446,3
7.7798,4.5923,3
1.1045,1.6914,3
-0.075774,-0.56357,2
3.6473,4.7154,3
0.67459,4.2364,3
5.9557,2.9296,3
-5.3842,-4.7032,1
2.1133,0.18609,3
4.7136,8.6167,3
5.4061,4.2859,3
2.5308,3.1237,3
-0.98417,1.5039,2
2.7206,2.393,3
3.7494,4.6639,3
6.606,4.8902,3
3.237,-0.59188,3
8.1308,1.9536,3
8.6858,8.1123,3
7.6283,6.1528,3
-0.24302,3.2745,3
7.091,4.6257,3
4.0228,1.3362,3
8.5586,4.9455,3
6.0805,2.8573,3
-0.2569,1.5695,2
5.5973,7.6302,3
4.4638,4.6831,3
6.7368,5.8005,3
4.4381,6.2573,3
4.4139,4.826,3
-0.98207,-3.4401,2
4.3543,6.7035,3
2.3077,5.9465,3
3.8494,0.10713,3
0.51169,2.164,3
3.2706,7.7475,3
0.84246,-0.46691,2
2.4907,4.2937,3
6.0878,4.6515,3
0.26649,-1.5991,2
3.8965,6.0828,3
5.891,2.5107,3
6.7972,4.6374,3
6.9852,2.5049,3
4.1183,6.1049,3
3.4306,5.0483,3
6.2692,5.4443,3
6.0733,6.5266,3
7.544,0.30912,3
10.262,5.3488,3
1.3717,1.7545,3
4.2431,8.083,3
9.9712,5.6562,3
3.3829,1.4735,3
1.5773,3.9198,3
0.63253,0.74417,3
4.0729,6.1484,3
-2.681,1.3861,2
7.1625,6.3786,3
-4.0383,-2.0606,2
-3.8197,-2.2195,1
3.3557,3.2938,3
2.5588,-1.1336,2
0.68472,3.2978,3
5.0782,3.4036,3
2.9065,1.5497,3
5.6244,-0.58461,3
6.5669,3.2424,3
2.555,4.2529,3
5.2526,7.5175,3
5.9781,5.1774,3
4.5212,6.5645,3
7.0609,2.3798,3
3.05,4.661,3
-3.2204,-3.1495,1
1.6663,3.6782,3
4.8379,6.5475,3
3.3111,1.5261,3
4.2766,6.0428,3
2.3383,2.4204,3
5.9491,6.6297,3
-7.1345,-4.6773,1
2.9167,1.7489,3
1.6554,5.7926,3
5.1464,8.0858,3
-2.2236,-7.7597,1
3.8597,1.5026,3
5.249,4.4755,3
1.3503,0.4291,3
9.6361,5.4977,3
2.4451,3.7344,3
3.2491,2.883,3
2.4539,2.1658,3
6.018,5.3423,3
2.4809,3.4631,3
4.2787,2.4024,3
5.7347,3.5253,3
6.2508,5.1765,3
5.578,6.2877,3
3.6085,5.062,3
2.3217,6.8751,3
0.044448,4.1501,3
0.63824,2.7543,3
4.1059,0.68534,3
2.0747,5.135,3
0.79721,4.4391,3
0.38457,2.6711,3
4.3938,3.1197,3
2.5607,0.98104,3
3.8805,7.061,3
2.4267,3.5337,3
-0.60406,0.73897,3
3.7683,4.8243,3
6.3346,5.5408,3
5.2314,7.143,3
-5.2529,-1.2226,2
7.5239,3.7201,3
2.2438,4.9707,3
0.8084,1.0656,3
0.62974,4.2673,3
4.35,5.0754,3
4.121,6.199,3
3.1985,4.1364,3
1.6018,5.1739,3
1.7494,-0.7334,3
3.2599,2.6773,3
3.9346,3.5145,3
4.5443,4.1725,3
6.9048,3.9329,3
4.7013,4.733,3
5.6781,4.0221,3
0.015804,7.3019,3
5.5631,5.9518,3
6.2885,2.9016,3
4.2715,0.12741,3
-10.332,-6.1179,1
8.175,2.4792,3
-0.44281,0.53209,3
5.1979,4.3284,3
6.2054,4.6439,3
-0.3003,-3.1504,2
3.3461,3.7202,3
4.6047,1.9757,3
6.697,3.8135,3
0.10169,-3.9698,2
5.4018,7.0834,3
-3.2962,-0.13262,2
3.9093,1.4649,3
2.5492,0.91563,2
3.693,1.0942,3
3.8614,5.1882,3
4.0849,6.1645,3
0.67188,3.3328,3
3.4843,1.4264,3
7.4614,3.8397,3
3.667,0.045194,2
3.366,4.4619,2
0.66401,0.07283,3
2.1208,3.1145,3
3.4176,4.2858,3
4.426,5.2573,3
3.6631,3.7048,3
2.3509,3.724,3
7.7737,4.8501,3
6.2317,2.5432,3
4.2631,7.4245,3
1.7165,1.9005,3
-7.5196,-8.4486,1
2.2556,-0.9753,2
3.4652,0.94169,3
4.5048,0.9996,3
-1.9097,-1.9126,2
1.4033,4.4716,3
1.6611,3.8473,3
-1.0825,-2.0088,1
3.6816,0.30483,3
-3.8566,-5.1607,1
3.0884,4.9671,3
2.8492,5.0327,3
1.6575,5.0505,3
4.9735,7.717,3
7.05,2.2186,3
0.56357,7.706,3
6.4062,3.079,3
4.364,3.7059,3
2.6924,6.8836,3
7.0001,3.8015,3
3.604,7.624,3
0.5307,4.7926,3
6.4317,5.7898,3
4.8219,5.1987,2
3.1507,6.927,3
3.1236,2.3302,3
5.5595,6.4066,3
1.7901,9.4518,3
1.6851,2.3028,3
6.8133,4.1006,3
4.7473,3.1978,3
4.0446,3.3207,3
1.0746,2.2932,3
5.2077,6.9948,3
2.2304,0.761,2
6.3023,5.6347,3
0.071843,-6.0894,2
6.1339,2.2374,3
5.5097,1.0286,3
5.8336,4.8811,3
3.7982,6.0483,3
5.5819,4.4185,3
-1.0779,2.0386,2
4.6514,6.3288,3
6.0322,2.5839,3
-5.4158,-1.7715,1
1.0189,-0.20688,3
3.0534,2.914,3
8.2571,2.687,3
5.5107,4.3167,3
0.81638,7.3795,3
2.2568,-0.50208,2
3.5442,5.5288,3
4.8617,4.7563,3
-3.4665,-6.8614,1
3.961,7.4685,3
-1.8346,-2.4402,2
1.6204,1.9164,3
2.9249,5.0571,3
0.10218,-0.60732,2
4.5072,-0.3109,3
6.507,5.3268,3
-1.7661,-2.355,1
1.3756,1.1683,3
3.3909,2.7488,3
0.88438,3.7174,3
4.9567,0.80101,3
-1.5678,-3.5492,1
3.8133,4.4909,3
3.5915,0.81421,3
4.9871,4.5237,3
5.1046,3.9733,3
7.1339,6.7609,3
-3.3298,-3.2949,1
1.5758,3.5999,3
1.2917,6.2196,3
3.7838,3.4852,3
2.6851,1.5632,3
3.5865,2.9374,2
7.4515,3.6143,3
2.6373,3.4386,3
0.75903,3.9133,3
3.1344,3.2703,3
4.3494,4.2331,3
-5.3412,-2.8283,1
5.9615,-0.36753,2
3.9415,5.0769,3
-2.5391,-3.655,1
-5.0306,-0.37925,1
4.8575,3.4074,3
1.5029,2.7197,2
-2.263,-6.1235,1
1.4543,7.0909,3
1.4993,2.318,3
5.2806,4.9798,3
8.1969,6.2229,3
4.4524,5.9191,3
5.1132,4.0437,3
3.918,4.7021,3
3.7507,2.6752,3
-4.5632,-2.857,1
3.0585,6.9111,3
4.4768,3.4777,3
5.6105,3.616,3
5.5709,5.4785,3
-0.76327,-0.50955,2
2.1711,3.622,3
4.2672,5.1822,3
1.768,1.8909,3
4.7118,1.2968,3
4.2832,2.9688,3
7.6231,3.4209,3
4.9971,2.8691,3
5.5601,8.5608,3
9.1673,6.3639,3
4.8754,5.8601,3
-1.9142,-2.8883,1
4.1024,4.6048,3
8.3601,1.734,3
8.2286,7.749,3
-1.5232,-7.9856,1
0.044276,3.1352,3
5.4,-0.29362,3
7.6085,6.6782,3
3.804,4.4835,3
9.3065,3.742,3
-0.39258,3.2109,3
2.8632,2.3276,3
2.6468,1.5549,3
5.3266,6.8078,3
2.2146,7.866,3
1.6022,3.0465,3
5.4365,1.8869,3
2.7127,3.5681,3
4.1645,5.0331,3
-0.60957,1.8789,3
1.7488,-0.79674,2
2.0313,5.6518,3
2.9424,1.7261,3
8.4319,2.9665,3
6.1374,4.0939,3
-4.323,1.3184,2
