-0.18946,-2.7964,1
-1.7362,1.1443,1
-5.4106,0.86659,1
0.48199,1.8687,3
1.1274,-0.88151,3
3.5872,3.5472,1
-3.416,0.33084,2
0.40052,-4.1581,1
1.1354,1.3049,3
-1.004,-1.4334,3
1.8147,0.90663,3
3.0592,-0.78923,1
-0.97118,-4.1499,2
-1.2494,-1.7019,1
-0.48918,-2.2373,1
0.91022,0.56368,2
-0.19081,-4.3045,3
-0.23348,-0.93973,3
2.597,-1.5996,1
3.5079,0.068564,3
2.5853,2.2423,1
-1.9028,-3.2326,3
3.6948,4.4634,3
1.4741,-0.26487,1
-0.1742,-0.82137,3
6.0097,1.1935,3
0.55249,0.69122,3
1.1681,-0.16472,3
3.9034,-4.217,2
1.647,1.8554,2
0.049817,0.44978,3
0.96694,-0.35881,1
5.5972,2.2918,2
0.26683,2.1573,3
-3.3499,1.2044,1
-0.26127,-1.4361,2
-0.64948,-2.1196,1
-0.71082,-1.6153,1
0.90601,4.8426,3
0.88572,0.73299,3
-1.423,0.18763,3
-1.8268,1.0918,1
-2.669,-0.47895,1
-1.6374,7.6243,2
-0.39426,-2.5963,3
4.0907,-1.757,3
1.0984,-2.5138,3
-2.5849,-2.9905,1
-1.8127,-2.4316,1
2.2147,2.4647,3
4.1778,3.0017,3
3.3877,-2.9749,1
-0.012027,1.5438,3
-2.7596,-0.45061,1
-5.554,0.43962,1
0.96012,-2.3312,1
1.2636,1.1857,2
4.8532,0.73976,3
-1.722,-2.9527,1
-1.2889,2.2201,1
-2.2159,-1.2971,1
-1.3347,-2.2147,1
1.6107,-2.5841,1
-2.4058,-0.68406,2
3.3005,-1.4169,1
6.3723,1.6787,3
-3.6415,-3.5335,1
-2.7708,-1.0118,1
-3.0884,2.5141,1
3.2944,-3.2862,3
1.3887,-2.2469,3
-2.5381,0.050875,3
0.26078,-2.1215,1
-0.59221,0.62123,1
-0.51394,1.021,3
1.057,-1.2986,2
-0.82674,-3.5654,1
0.43949,1.9995,1
1.0746,3.4265,3
-0.048969,2.4068,3
1.7174,-0.18022,1
1.1238,2.6488,1
-1.288,2.3956,3
3.0668,-1.8906,1
-1.9083,-2.9876,1
0.25894,-1.6566,1
-0.76902,-2.4354,3
-1.2807,0.22243,1
0.34721,1.9063,3
-2.3621,-3.5769,1
-3.103,1.949,3
0.24948,1.7511,3
-4.2269,0.024471,1
-1.37,2.5218,3
4.8298,3.4527,3
3.9528,0.64509,2
-0.98053,1.5519,1
0.050756,-2.8713,2
-0.026567,-0.82749,3
3.2843,-1.6637,3
-0.022749,1.4072,2
-5.139,-0.19705,1
-3.369,0.59318,1
2.7523,0.86791,3
2.8111,-0.81956,3
0.8557,-1.7282,2
-1.1581,-1.4535,3
0.52471,-0.18196,2
-0.47894,-0.43273,1
-0.11074,-1.43,1
0.91761,1.7819,1
-3.2154,-3.7106,1
-2.9355,-1.2299,2
4.2704,6.0051,3
1.6524,1.1696,2
-0.52864,-3.0378,1
3.5637,2.6728,2
-5.3562,3.045,1
-0.17721,-2.2403,1
-1.0931,-3.7612,3
-3.74,-1.0386,1
1.3302,-1.5684,3
-0.34474,-2.1612,1
-3.6545,-0.4067,1
-2.5794,-0.025676,3
0.074375,-1.9127,2
-0.13536,-1.8148,2
-1.3573,1.2373,3
-0.66187,-1.1822,1
-0.27284,-1.3309,3
-0.3706,-0.76473,1
-2.2888,-2.9624,2
0.31315,4.3005,1
-3.4474,1.0703,3
-3.896,-2.5843,2
-2.2694,-5.9495,1
0.41685,2.286,3
1.6935,-0.56681,1
2.4489,1.4597,3
0.35148,-2.2445,1
-2.1016,0.081482,1
-0.75565,1.6171,2
2.326,-0.064081,3
1.6133,-1.4522,3
-1.0592,2.1912,3
0.51719,0.40548,1
-2.7584,0.0893,3
2.2152,1.0136,2
0.18791,5.4282,3
-2.0354,-0.34733,1
1.7702,5.1868,3
-0.052203,0.5807,2
-1.9577,1.5792,3
0.90784,2.3394,1
3.022,2.7984,3
3.4514,-1.3223,1
2.7036,1.4587,2
-1.6705,2.7274,2
2.1399,2.4572,3
-0.95716,-1.3081,1
4.4044,0.89005,3
1.9884,3.3135,2
1.6329,0.3877,3
2.7851,3.8329,2
-0.032962,-0.20752,2
-0.52705,1.2025,1
1.9134,1.1148,1
-2.2364,-4.8846,1
0.15089,-1.9628,1
0.34171,0.79223,1
3.0542,-0.14291,3
-5.7879,0.35048,1
-0.43224,4.2803,3
1.1464,0.17462,2
1.7162,-0.86542,2
2.5916,-3.5377,1
-1.052,-3.5688,1
-0.70255,-0.14103,3
1.0301,-1.8105,2
1.3005,2.7536,3
-0.81162,-0.96593,1
0.12206,5.7637,1
1.9716,2.275,3
0.75888,-1.3281,2
2.796,-3.2829,3
5.2387,3.3053,3
-2.2524,2.8898,2
-6.4872,-4.1911,1
-2.6146,1.6963,2
2.3315,2.3943,1
1.8301,0.049411,1
-0.28641,1.496,3
1.5782,1.6242,3
-6.4625,-2.9124,2
-3.1895,-1.7698,3
3.386,-2.689,3
-1.0968,-2.0582,3
2.2856,2.5446,3
-1.6711,-0.64296,1
1.7285,2.8587,2
4.889,5.8277,3
-0.50986,-1.8507,2
3.9576,2.0513,3
-2.1897,0.071076,3
0.048896,3.8331,3
-4.0759,-2.958,1
-8.2553,-5.8057,1
-3.1064,-2.3214,3
-1.6248,-0.79454,1
-0.41779,3.3088,3
-0.086423,-1.2085,3
-1.3234,-1.1243,3
-0.55857,0.64886,3
0.90014,3.3632,3
-0.046338,-2.9033,2
0.25741,3.523,3
0.56258,-0.32405,1
-6.4944,-5.537,1
1.9959,3.4172,3
2.0311,-1.8925,1
-4.1806,1.0874,3
0.43349,3.4088,3
1.2413,3.4082,1
-0.24996,4.0213,3
1.6255,1.7257,3
1.2786,3.4646,3
3.423,0.21341,3
4.6757,0.72001,2
0.98877,-1.0244,3
-1.6541,1.003,2
-4.0177,-0.7849,1
3.4943,1.0722,3
1.3918,0.54729,3
2.9846,0.56571,3
-2.5566,-4.0383,1
1.6705,-0.25059,1
0.81899,-2.4223,1
-5.2412,-2.6854,3
0.39059,0.68075,3
-0.4113,0.40191,3
1.591,0.26816,1
-0.84999,-0.99005,3
0.24786,2.9293,1
-5.4784,-2.3202,1
0.48114,1.8202,3
-1.5122,-2.5122,1
-0.21891,-3.8411,1
1.8973,-1.8988,3
-0.506,1.4183,3
-1.0994,-3.8942,2
-0.44344,-3.4368,1
-0.98623,-3.4298,1
2.4029,0.22683,1
-0.0262,1.9827,3
-2.1287,-0.95649,1
1.3678,-1.871,3
2.3287,-1.9391,2
-5.0829,-1.3294,1
3.6136,5.6962,3
-1.5807,-1.6421,1
2.5403,0.80476,3
-2.6614,-1.1509,1
1.7465,-0.86494,3
3.7686,0.39709,2
2.6681,1.3453,3
0.54061,3.0526,3
-0.45224,-0.43133,1
2.4313,0.60427,3
0.51052,-3.6435,1
1.8679,3.4207,1
2.9987,-3.356,3
-1.6002,-4.3339,1
-1.8072,-4.8883,1
-0.26815,-3.0112,3
-0.68689,5.2752,3
4.8888,0.48423,3
1.7802,0.62781,3
1.7906,4.7169,3
4.4309,1.0804,3
3.2105,2.6262,3
2.9051,-3.8941,1
-3.9413,4.7505,1
-1.7581,-2.1667,2
-1.4583,-0.63165,1
-3.1934,-4.0718,1
-0.34966,-2.255,1
1.6775,1.9918,2
0.9659,0.68351,2
1.3012,2.2141,3
0.30461,1.6976,3
1.8455,-3.4988,1
-1.4778,-0.40219,2
4.1624,-1.6085,3
-2.7934,1.0002,1
-0.46006,-2.4807,1
-0.89087,0.12362,1
-0.14077,1.5816,3
-0.34669,-0.50604,1
-0.80303,-3.0687,1
2.313,-1.7068,2
-3.1979,1.2445,1
2.397,1.1455,3
-0.040967,-0.064106,2
0.51232,1.5352,1
-0.79061,-2.8255,1
-0.38465,-1.2319,1
-1.3355,2.8625,3
-1.9989,-1.5121,3
-3.2226,-2.1099,2
1.715,-4.1671,1
0.64111,0.23579,1
-2.8096,-2.0229,1
2.2341,0.85288,3
-0.89356,-3.067,1
-1.2933,2.1602,1
-0.22381,-1.9956,2
-0.49105,1.1607,1
-0.82153,1.591,3
0.64566,-0.41838,3
2.4458,1.7679,3
-0.40706,-0.44776,1
-1.8196,-0.44254,1
2.7319,1.5693,3
-1.1196,-1.5126,2
1.1176,-0.54465,3
-3.0641,0.24235,1
-0.95766,-1.6039,1
1.2992,2.8044,3
-0.41107,0.2425,2
-0.033384,-0.55142,2
-1.1956,2.9861,2
2.756,1.7338,1
0.060597,-0.27261,2
1.8028,-0.24842,2
-0.1814,2.7141,2
-0.28479,-3.351,1
2.6999,2.0282,1
-4.6052,0.54708,1
2.3704,2.0676,1
5.8892,0.5365,2
0.47451,3.9705,3
-2.5219,0.14337,3
-2.3968,0.16197,1
-3.7052,-2.445,1
1.3428,-2.6438,3
0.85194,-2.7738,3
1.064,0.89947,3
1.4518,0.23212,3
-1.3717,-2.3853,1
-0.70868,-1.0536,1
1.8191,0.045725,1
-0.63523,-4.097,1
-0.40514,0.76395,1
2.0966,3.49,2
-3.5492,1.0599,1
4.7601,-0.045629,3
-4.3282,-3.6273,2
-1.6899,1.5003,3
-2.0594,-1.7928,1
3.7507,-0.41869,3
1.5498,1.6968,3
-3.5249,2.6885,3
-0.35881,-2.4642,1
3.1165,-0.031226,1
0.60562,1.2899,1
2.0332,1.259,2
-4.7727,-3.5398,1
3.7039,0.4906,2
3.024,4.0008,3
1.708,0.091361,1
-2.2455,-0.34136,1
2.6172,-1.0875,3
1.2199,2.0424,3
1.0628,-1.883,3
-0.81891,-0.051494,3
1.1446,-2.6054,1
4.0811,3.4611,3
0.79785,-0.58891,3
3.6626,3.2831,3
0.55215,0.3641,3
4.0387,4.3903,3
-0.23369,-1.3459,1
-4.699,-2.5272,1
1.3878,-1.1218,3
0.14108,1.0855,1
1.6835,-1.6066,2
-2.7457,5.173,2
-0.79592,1.2832,2
3.0752,3.9463,3
1.767,0.50072,1
1.4383,3.8973,2
-1.3882,2.0798,3
1.6976,0.47362,3
-1.751,-1.6573,1
-0.15285,-1.0514,3
3.6872,0.33403,3
2.8728,1.2431,3
-0.43533,0.1496,3
-0.87747,-1.2639,3
1.7532,-7.0043,1
-1.0669,-0.47754,3
1.1857,-2.4644,1
5.0887,1.7468,3
-3.8919,-2.6024,1
-2.1978,0.66714,3
-1.6361,0.22682,1
1.7593,-0.36173,2
-0.65955,2.9998,3
-1.8022,2.0576,2
-4.9564,-3.0684,1
0.25679,0.42735,1
1.1831,0.18659,1
-4.0958,5.6653,1
-7.0087,-0.37056,1
0.26723,-0.86762,3
-2.4775,-0.44112,3
-0.24992,0.51141,1
-0.32192,-1.0175,1
-1.2118,-2.952,1
1.0078,-3.0564,3
-0.5182,-0.47638,1
-0.73031,-1.3426,3
-0.444,0.34691,3
3.7278,0.35654,3
-1.4851,-2.8147,1
-1.5825,-1.0635,2
0.84565,1.7888,3
2.0381,0.94074,3
-4.4171,-5.1018,1
2.5155,2.1827,3
3.135,0.24086,3
2.6827,-0.19981,3
-0.059165,2.9049,3
0.73628,0.85471,1
-1.0613,1.2802,3
2.0731,5.8492,3
-4.0849,-1.7405,1
-1.2674,1.487,1
-2.6653,-2.1274,1
-0.13697,1.4631,3
2.5071,-1.1509,2
0.19782,-2.447,1
0.77917,-2.1762,3
6.3966,5.2567,3
-0.096089,1.9555,3
-2.6566,-5.5572,1
-1.0546,-2.2165,1
2.9759,5.1387,3
1.5758,-3.0353,2
-0.15453,2.0111,2
-0.75419,0.44096,1
3.4172,-0.781,3
1.5263,-3.7245,2
0.76993,2.7639,1
0.24315,-0.72765,2
-5.6379,-3.3264,1
0.70947,-0.84238,1
-0.44341,-3.1558,1
-2.1424,4.0327,3
-2.8688,-0.21633,1
-1.5598,-0.045326,1
4.6036,0.76932,3
1.594,-3.2061,2
-3.6373,2.8179,1
0.71455,4.4916,3
-1.0276,2.3245,2
-2.5281,1.0086,3
-0.18104,-1.0498,1
4.4886,0.024433,2
-2.9506,-1.7981,1
2.5257,1.4172,3
3.0972,-1.4295,2
1.5822,3.3944,3
0.25005,0.69588,1
-0.92934,-1.8701,2
-2.8589,-3.1463,1
-1.7664,-1.115,2
3.0816,-2.2554,3
1.9527,0.33322,1
-1.513,-2.6808,2
0.82219,-1.8817,2
2.9803,-0.48451,3
-1.3186,-0.59852,1
-1.7381,0.65256,2
-0.23599,2.9077,3
-1.9188,-0.93774,1
2.6142,6.918,3
2.5431,5.2491,3
0.88472,0.27487,1
-3.8189,-3.0244,1
-2.6308,-1.828,1
0.39778,5.2494,3
2.4951,3.9551,3
1.8513,4.5807,3
-2.5709,-4.5876,1
-1.105,-0.22737,3
4.7177,-0.98096,3
-0.84759,0.17886,1
-1.7822,-0.52869,1
1.5261,0.86962,2
-1.7154,0.17138,2
-0.25597,0.87378,3
6.0499,0.88241,3
0.016524,3.3542,3
-5.2092,1.0803,1
-0.35014,0.30447,2
-4.2161,-1.5239,2
1.3238,2.1845,3
-1.9383,-1.8805,1
0.64084,-1.0695,2
-0.22208,3.1733,2
1.0015,0.58284,3
0.45186,-1.4893,1
-0.16413,4.2895,1
-0.46302,4.6275,1
-2.5209,-0.22024,3
0.37984,0.49696,1
-1.7565,0.38374,2
0.67672,2.6382,3
-3.4625,3.4774,3
0.95076,-0.61143,1
2.0551,-0.31461,2
-0.031115,-4.1584,1
-0.14906,-3.3063,1
-1.8478,1.4221,3
-1.0731,1.2133,1
-5.2868,-1.8466,1
-2.864,3.9636,1
-0.36025,-3.37,1
0.16415,-0.022435,3
-0.25492,-0.3425,2
0.93193,-2.4933,3
-2.6974,1.519,1
-1.7144,-0.83346,1
-0.37666,0.44611,2
3.1132,-1.8924,2
1.7694,-0.12023,1
-0.65999,3.2326,2
-0.024274,-0.15764,1
-2.3419,1.9011,1
-5.3158,-1.5316,3
1.2381,1.7757,3
4.2228,2.0485,2
4.067,3.3397,3
-2.1389,-1.1829,3
1.3602,-0.34285,3
-1.3749,1.9889,2
-1.8875,1.1962,3
-1.5577,-1.3058,1
1.1291,4.5699,3
0.32423,2.7461,3
-1.1427,-0.91948,2
1.3444,4.3957,3
-1.7612,3.7287,2
6.419,2.934,3
0.60368,-1.4863,3
-4.8492,-0.9178,1
-0.72141,2.3753,2
0.31949,-2.8659,3
-1.5767,-1.768,1
-1.1875,-0.61949,1
-4.2827,-4.7906,1
-0.39881,-3.8732,1
3.2794,3.6811,3
-0.023312,5.3279,2
4.2424,-1.5623,3
2.7159,-3.4697,1
1.7073,-4.004,1
1.838,-2.9623,2
-1.4166,-3.7465,1
0.68903,-2.6239,1
-1.9004,-1.1257,1
0.6025,-0.006693,3
0.24179,2.5057,3
-1.7576,-0.45257,2
2.6443,-3.7767,2
1.2405,2.0676,3
-1.3218,0.72026,3
-2.4267,-0.43498,1
1.9285,1.9624,1
-0.28649,1.9555,3
0.32998,-4.1169,2
-3.4296,1.3295,1
4.0704,0.042783,3
4.4806,2.7281,3
0.78159,1.4074,3
1.3991,0.36623,1
0.65267,-1.0766,1
1.0406,2.9888,3
-1.3819,0.64715,2
-2.287,-3.3107,3
0.25238,0.61589,2
-1.3302,0.50671,1
-0.77981,-5.2137,1
2.4931,0.32524,1
1.7401,-0.0023058,3
0.58479,3.8646,1
-0.73865,-0.22593,1
0.21412,-3.2062,2
-1.5772,-3.4274,1
-1.5591,1.1237,2
0.4292,-0.1343,3
-0.4854,-1.9757,3
1.82,-1.887,3
0.78877,-3.8177,1
0.46222,2.769,3
-0.21596,-3.7005,3
1.3074,-1.134,2
-4.6076,2.1368,1
-2.3116,-1.3208,1
-1.1248,-4.1284,2
-2.9583,5.2665,3
0.83674,2.5483,3
-2.9345,-1.9421,1
-5.1594,-1.6967,1
0.0019403,1.6761,2
-0.88524,-2.8662,1
-0.82092,1.6071,2
0.086033,-5.6236,1
0.14657,1.1783,3
-0.21616,0.14828,3
1.1109,-3.1987,2
-1.6348,-2.0286,3
0.32251,2.9757,2
2.1446,2.5556,3
-3.9285,2.2098,3
2.365,4.1522,2
1.9684,2.3285,3
-3.145,0.71147,3
-1.634,-1.8953,2
-0.94772,-2.2261,2
2.5373,1.0566,2
-1.5988,-0.1059,1
2.3093,-1.4307,2
0.15157,1.4899,2
2.0082,0.98253,3
-1.3094,2.6305,3
1.0965,-2.4174,1
-2.2678,-3.9283,1
-0.21147,0.35986,3
-4.1715,1.4071,1
-0.76876,-0.55239,1
0.92299,0.67382,1
1.6255,-1.0889,1
-0.51197,-6.7564,1
0.73765,3.6983,3
1.5208,2.1237,3
1.7836,-2.8861,1
2.0935,2.474,3
2.1019,1.0415,1
1.9427,0.83761,1
0.78029,3.1798,3
0.68686,0.84852,2
-1.1893,-4.9106,1
-1.8219,2.3605,3
1.8318,1.4083,3
2.686,1.4485,1
-2.2476,-0.15646,3
1.335,3.3689,3
2.9123,2.895,2
-2.8799,1.3748,1
-7.2663,-3.8489,2
4.066,6.146,2
-1.838,0.1543,1
1.2268,0.047973,3
-0.97831,-7.2756,1
-0.58002,2.207,3
-0.73094,-1.2974,3
-4.1044,-1.8582,2
-0.24276,-2.9389,1
-1.5705,-0.67878,2
-2.9229,-5.3812,2
0.7261,-0.2418,2
2.0854,-0.70412,3
-3.4807,-4.3522,1
1.1966,2.9022,3
0.44864,0.091638,1
-1.596,-3.8316,1
0.50419,-3.6709,1
0.096393,-2.075,1
0.72043,-2.4863,2
-0.39263,-2.2214,1
0.35629,-0.35461,3
-1.1194,-0.42894,3
-1.3275,-0.65473,2
2.8198,4.2229,3
-0.77379,-3.3954,1
1.6762,-0.68674,2
4.5499,5.0564,2
0.27272,1.3568,2
2.6849,-1.9648,3
0.0045048,4.0755,3
3.5248,-0.18144,1
-1.4575,0.012278,1
-0.2328,-1.4422,1
2.5308,1.9827,2
-3.0147,-3.1648,1
4.0211,4.7433,3
-0.73361,-1.6642,3
-1.7609,-4.5134,2
-1.7472,2.766,3
-2.3863,-4.0317,1
-1.0907,-0.63774,1
2.0794,3.2971,2
-1.2686,-0.25852,2
-1.1179,1.827,3
-1.167,-4.3226,1
-2.5812,3.1981,2
-3.2945,-0.67618,1
2.202,0.43692,3
0.043019,3.1637,3
-0.39593,1.2854,1
-0.65302,-0.45923,2
-0.23007,-0.14426,3
-0.41726,0.51711,3
4.6285,2.2114,2
1.9212,-2.4854,2
-1.6933,-4.5976,1
-1.1907,-0.10871,1
-0.099233,-1.4329,3
-0.34342,2.6382,2
-1.3572,-1.6278,2
-2.6153,1.8495,2
2.3328,-1.9642,1
-2.2524,-2.3306,2
-1.6573,1.3952,2
2.1345,2.3181,2
-2.643,-1.9473,2
-2.3449,5.2945,3
0.54815,-2.864,1
-0.37909,-0.93868,2
-7.0296,-0.11787,1
3.9902,3.9838,3
-0.88661,-2.9738,2
0.012479,-2.1502,1
0.35367,-0.86748,1
-0.53785,-5.0686,1
-1.2272,-2.2759,1
1.2268,1.124,1
2.2877,1.9359,3
-1.2147,0.434,2
-3.8872,1.5886,3
2.8665,5.6262,3
-2.6822,-2.629,3
1.6245,3.0652,3
0.99913,3.0056,3
1.9733,-1.3644,1
0.74501,0.23868,3
0.44095,1.8882,3
0.13905,3.5807,3
0.85688,-0.27061,3
-1.2654,-2.6643,2
-0.44151,-4.5566,1
-4.4267,-3.7784,1
3.4867,1.9808,2
3.1929,1.5667,3
-0.64755,-1.5961,3
-1.7535,-0.15997,1
3.9584,5.8934,3
1.3706,-1.8868,1
0.43011,-0.90559,3
4.7364,0.078529,1
2.55,-0.14381,3
3.1573,0.14208,2
-2.8695,1.4825,3
-2.7294,-2.2793,1
-0.74943,-0.10959,1
-0.069806,-1.9849,3
-2.4313,-3.7968,1
-1.3661,-3.97,3
1.0761,0.50273,2
-6.9152,0.40077,2
0.51166,7.5758,3
2.6624,3.6658,3
-2.6845,3.9277,1
-5.6272,-1.019,1
4.5055,5.3498,3
-0.52556,-1.0798,3
-5.725,-0.4979,1
2.1848,-0.37579,1
-2.878,-2.1118,2
-3.7934,-1.2448,1
-0.48666,5.1264,2
-2.5074,-1.2934,1
-1.7062,-0.88225,1
-0.30009,0.1719,1
2.1692,1.6287,2
1.0261,-2.9344,1
1.4652,-1.9386,1
-0.92837,-2.3375,1
-0.81084,-1.9075,1
0.82175,-1.619,1
3.6934,0.10997,2
-3.6969,0.89285,1
1.7769,4.7594,3
-4.0932,0.29336,2
0.061484,-1.0957,1
-1.662,-0.77794,1
2.4335,2.05,3
-4.4827,-4.0489,1
1.5798,0.58878,3
3.5887,2.3869,3
1.455,1.6024,1
0.9988,-3.0723,1
1.7671,-0.37461,2
4.7286,2.0944,3
-0.63875,4.0941,3
-4.2743,-0.02073,3
-2.5844,-2.1238,1
0.46523,2.001,2
-3.1955,-3.3847,1
0.6103,-1.3289,2
-0.6873,-2.5238,2
-4.3816,-1.7609,1
-4.7597,-5.1092,1
-2.6,1.3186,3
0.35007,-1.9738,1
-1.6846,-1.3734,3
-5.5495,-1.8279,1
1.5214,4.7987,3
1.1899,3.4596,2
-4.7111,-1.8656,1
0.68314,1.8433,3
0.28926,-2.9987,1
2.8215,-0.024231,3
-0.088596,1.06,3
-3.7508,0.31854,1
-0.99679,1.6206,1
0.87455,3.2468,3
-0.40776,-2.1487,3
2.4642,0.9257,3
-0.33049,-0.12135,1
-3.1105,-5.4164,1
4.848,0.066218,2
-0.10134,0.37738,1
-1.74,-4.062,2
2.1133,4.0726,3
0.68195,-1.5642,1
-1.9118,1.004,3
1.8645,2.0593,1
-2.6016,0.061672,2
0.62548,2.4258,3
0.62774,-0.95859,3
3.1736,3.4592,3
3.0428,1.9323,3
-4.4402,-1.7047,1
-1.2952,-1.8636,3
1.0791,0.0058916,3
-0.33815,5.0875,1
1.6804,0.94236,1
2.1157,-0.35235,2
-0.43605,-0.22175,1
1.9558,-0.15414,1
-1.3934,-2.3141,1
-2.8169,-3.8962,2
2.6535,-1.0395,3
5.4439,-3.2168,2
-5.6038,-2.6471,2
-1.1349,-2.1938,2
-0.80792,-3.6112,3
-2.0573,0.5608,1
3.0456,1.1782,3
-0.42325,-2.6172,1
3.457,2.7598,1
-2.5682,-1.3425,3
2.3982,0.32347,3
-0.96796,-2.8041,3
2.059,3.2597,3
0.71819,1.2334,3
-1.6133,-5.0676,1
-1.4272,-1.2562,1
2.9829,-0.61939,3
-2.6801,-3.2559,1
-1.4058,-0.88413,1
1.177,2.1273,1
-1.8895,2.0728,3
-3.8792,-5.8888,2
-2.265,-1.0911,3
0.74287,1.5712,3
-0.57639,-0.41137,1
-0.051479,-4.4087,3
-0.70502,-0.1773,1
3.9938,3.8193,3
-3.2752,-0.83006,1
0.44168,2.3423,2
-2.6384,-0.03317,1
1.2697,-1.6193,1
-0.33805,-5.0359,1
2.9366,-0.3025,2
1.6558,-3.6749,1
0.82506,-1.8897,3
2.1483,-0.45404,1
-0.14933,-0.88937,1
0.36893,-2.1728,1
-0.34857,-5.0492,1
-0.46995,-0.71708,3
-0.16281,1.8791,3
-2.4899,1.6948,1
-1.3981,-1.9816,1
-1.7518,0.96468,1
0.62178,3.9962,2
1.3022,2.0847,1
-1.958,-0.27726,3
0.24821,0.071894,3
-0.23469,1.6124,1
2.5563,3.0686,3
0.50987,-0.12265,1
0.097666,0.16294,1
-7.0535,-3.3611,2
1.9909,1.1387,1
0.58388,-1.1317,1
-3.612,-0.29764,1
1.905,-0.085414,3
-4.1931,-5.223,1
1.7613,2.6275,1
2.9117,3.7119,3
-0.4964,-1.2078,1
1.5304,-0.50228,1
1.9765,3.0137,3
-0.37913,-1.4648,2
-0.52991,-6.9542,1
0.77569,-1.5713,2
-2.1853,-1.8545,3
2.3866,2.8341,2
2.4412,4.3499,2
2.438,0.45126,3
-0.84595,4.789,3
2.7128,-0.92855,3
1.8592,-2.5786,1
-0.47961,-0.086101,2
1.9955,0.50638,3
-0.46283,-4.3048,1
2.4405,-2.4969,2
1.5936,-0.06615,2
-2.9511,-2.9655,2
-2.9599,1.2811,3
3.5169,-2.341,3
1.7618,-2.6683,1
1.7062,1.222,3
3.6983,-0.943,1
-0.38179,-2.5148,1
2.7103,3.5264,1
-0.26037,-3.0036,1
-3.2371,-1.5655,2
-2.323,-2.4157,1
4.5321,4.5296,3
-3.0151,-2.5261,1
3.6356,0.50485,3
3.1565,3.9724,3
2.8079,0.67919,2
0.7173,-4.2936,2
-0.39345,0.48538,1
-2.3311,-2.3692,1
-0.018232,0.92099,1
-0.57352,1.0307,1
2.2376,4.1433,3
-1.8793,1.3423,1
0.15963,-1.7357,2
-4.0416,-0.52183,2
-0.11765,2.3574,3
-0.50543,1.3467,3
0.49742,0.92554,2
-1.7532,-1.0225,1
-1.6503,0.38841,3
-1.8785,-1.369,1
-2.2651,-0.013935,2
3.3971,-0.16603,3
-0.37059,-2.3015,3
3.9663,5.6029,3
5.4535,1.3606,3
1.6544,0.30431,1
-1.9062,-0.98959,3
3.6952,4.6545,3
0.84004,1.7962,2
-2.6896,-1.9907,2
-2.1871,3.4301,3
-0.42842,0.6496,1
2.7684,-0.85425,3
-0.4027,2.5965,3
0.29785,-2.519,1
3.5425,-1.4317,3
3.1932,-1.1673,2
-0.67537,-2.4107,2
0.21112,2.0119,3
-0.17396,2.1065,1
-1.8042,1.0243,1
-3.511,1.4312,3
3.7582,3.5015,3
-0.75536,0.97365,3
-4.486,0.43211,1
-1.2703,-2.1326,1
-1.8194,4.6637,3
0.50584,-2.3548,3
5.4755,0.62415,3
4.7414,-0.57739,3
1.868,3.1332,3
-1.3117,-0.53625,3
-3.4656,-2.6456,1
-3.6553,1.922,1
0.34928,-1.3036,3
3.4157,5.2671,3
0.23858,2.9792,3
0.53753,-0.77729,3
5.5784,4.1791,2
0.53905,5.5455,3
-1.5131,-0.12116,1
4.1385,-0.48886,3
3.2316,-2.9704,1
-0.00022247,0.0055626,3
1.9453,5.4991,3
2.7061,-1.639,3
1.6458,-0.2328,2
0.12609,0.13551,1
-2.9783,1.7862,3
4.9993,-1.7848,2
-2.0113,-0.22461,2
1.528,0.93561,3
1.0752,1.5701,1
1.8783,2.6448,3
-0.18758,4.4022,3
4.4851,4.6191,3
-3.1162,-2.0827,3
-0.54683,0.16064,1
4.2235,2.54,1
1.7353,-0.46883,3
4.1315,2.4253,3
0.6676,2.0615,2
-1.1167,0.37421,1
0.69777,-2.0882,1
3.9166,2.2454,3
-6.5593,-5.128,3
2.4088,-2.7808,1
-2.7918,-1.2398,2
2.6328,4.2783,3
3.2498,2.6818,2
1.5982,0.44761,2
-0.82505,1.2892,3
-1.3048,2.43,1
3.1302,-1.026,3
1.276,2.6341,3
-3.4463,-4.2489,1
-0.11539,-0.73924,1
-1.7364,1.08,1
0.51094,4.7131,3
-0.83234,2.6786,2
-0.8928,-1.6028,1
0.11831,1.2885,2
-1.5031,2.289,3
0.32473,-0.80787,3
-1.338,-1.2745,1
3.3322,-0.22966,3
1.3827,1.918,3
-1.5426,1.3801,2
-2.7279,2.9133,3
-1.3289,-2.9266,2
0.22597,-3.4497,2
0.9079,1.6806,1
2.2961,5.363,3
3.2316,2.2162,3
-0.6016,3.6809,1
3.0706,0.9651,3
-0.67834,0.34151,3
-3.1265,-1.5401,1
1.8828,2.0936,3
-4.8681,-4.6605,1
0.026735,2.1042,3
2.2992,1.0498,2
-3.022,1.8027,1
0.85143,-0.11945,3
-1.7758,-3.2096,2
0.21944,1.1401,2
0.70823,-1.784,3
-2.2358,-2.5685,1
-4.9013,-2.0207,1
-2.46,0.093808,2
-5.3118,2.8916,3
-0.57409,2.3231,3
0.66518,3.1844,3
-1.5938,2.0197,3
0.3077,1.8054,3
1.7917,1.4774,3
2.1436,3.8184,2
0.28778,-0.24813,3
3.0025,2.1554,3
0.10847,1.2328,3
3.9195,1.8299,3
-1.6841,2.8208,1
1.8837,0.70876,3
0.40168,0.47383,1
-1.519,0.23137,1
-4.2172,-2.3315,1
-3.4392,-0.521,1
1.6379,-0.77306,1
2.4934,-1.3959,3
-1.0591,1.1128,1
-0.83269,0.50149,1
-0.16829,5.4703,3
2.2939,3.6393,2
-0.36532,-0.080973,1
1.5437,0.66412,3
1.1082,2.3389,3
-1.1121,-0.69288,1
-2.3172,0.54241,3
-0.045656,0.15902,3
-3.4248,-0.054397,2
-1.0589,-2.0812,1
3.362,-1.8362,2
2.3995,-1.6799,2
0.21275,2.6227,3
-0.90001,2.6355,1
-0.76879,-2.0541,1
-5.5307,-1.478,2
-1.5994,1.4922,3
-2.2232,1.1773,1
0.043456,-2.6708,1
0.028313,4.1803,3
-1.0671,0.22215,3
1.4316,1.0288,3
0.61559,1.3299,3
-1.9244,-0.31605,1
2.8056,4.3556,3
3.7003,1.0143,3
-2.3422,-0.73983,3
-1.4097,1.0385,3
-0.40166,0.49131,3
1.0822,0.25202,1
1.3624,1.6867,2
2.1168,4.1467,3
0.6663,1.5733,3
-0.73614,-0.67473,1
2.2981,2.6877,3
-1.8604,-2.0925,1
-3.062,1.3305,1
3.981,0.41049,2
-0.68247,0.12016,3
1.1984,0.19832,3
-0.41007,-0.39042,1
4.4496,1.5664,3
0.12477,0.20451,3
0.80899,-0.91796,3
-0.096782,1.4674,3
-0.48946,3.9295,3
-2.7274,0.62914,2
-1.2383,0.58807,2
-3.0346,0.024365,2
-1.9059,2.3949,3
-4.6481,-5.2371,1
1.0426,2.5174,3
4.4709,1.6249,3
-1.5312,-0.10092,1
-2.0813,-0.68772,1
3.0637,2.3718,3
0.33168,2.2275,3
-3.2052,-3.8663,2
1.4276,0.45463,1
2.5605,5.4892,2
1.0713,2.5636,3
-2.1022,-2.5507,1
3.121,-0.62059,1
1.6642,5.0836,3
-3.2909,-0.57758,1
3.1956,0.77563,3
3.7885,4.7089,3
2.8237,1.9454,2
-1.4603,-1.8071,3
-2.0473,0.049676,2
-1.9918,-3.313,1
-0.088109,4.1996,2
-2.0804,0.12265,2
7.924,3.215,3
2.209,-0.073428,3
-2.7939,-3.0977,2
1.3655,1.7955,3
2.2378,-3.3941,3
3.4361,2.6211,3
4.0413,1.306,2
1.5161,0.57198,1
-0.11346,-1.1101,3
-1.1154,2.5038,3
1.4056,-0.21181,1
6.491,3.4041,3
2.3025,-1.6468,3
-0.0073877,-2.3802,1
-4.6728,1.3948,1
1.7201,3.1409,3
-0.92496,0.38233,1
3.1779,2.5965,3
1.2395,-2.7404,3
3.5722,-3.4915,2
0.23193,-1.5227,3
-3.0209,4.5619,3
-3.1328,-1.3817,1
-2.1139,-1.6047,3
-1.5524,-0.53123,1
4.4632,-0.0064197,3
-2.0427,-1.9361,1
-0.08882,0.59095,3
-3.0332,-1.8102,1
-2.7684,-1.8244,1
-0.9703,-3.0116,1
-0.46493,-2.2277,1
0.19782,1.9255,1
-2.755,0.67399,2
0.57949,-0.96338,2
1.651,0.56498,3
-0.10637,-3.1315,2
4.2928,2.0981,3
-4.0866,-0.33296,1
0.5978,1.7194,1
1.7938,-1.0559,3
-1.8145,0.5768,1
-0.19893,-0.76015,1
-0.75761,1.7994,3
-1.9454,0.27918,1
0.85305,1.0818,3
-0.97845,-2.5445,1
0.8972,-4.2637,3
2.2308,0.35473,3
2.3342,-1.2008,2
3.3664,3.2905,2
1.3016,-1.2,1
0.53006,-1.1243,1
0.20062,-4.0155,1
-2.4708,-0.57755,2
-0.9961,-2.0997,2
-1.9453,5.4902,3
-2.4335,-2.0805,1
-0.62949,1.6058,3
3.561,1.5713,3
2.2829,-0.68236,1
0.5767,1.5735,3
0.70234,2.5786,1
-1.9594,-1.6753,1
3.2993,2.6427,3
-0.28296,2.9494,2
-4.713,-2.6064,1
-1.2589,1.6584,3
2.8758,-2.6797,2
1.455,-2.6377,1
-5.2428,-0.39108,1
1.7048,-4.4565,3
-0.62472,-2.6809,1
6.5099,5.5547,3
-2.5425,1.9133,3
0.78973,-2.2418,1
-0.1383,3.7304,2
-1.3782,-1.5369,1
-3.1464,-3.961,2
-2.191,-2.1403,1
-2.7722,0.51767,1
3.9016,-1.6996,3
0.51176,-0.30602,1
-2.9111,-3.8383,2
1.7404,1.7067,2
4.5502,-5.0641,2
3.1524,2.5634,3
3.7809,3.5596,3
-1.5795,1.2946,3
-2.6331,0.66542,3
4.6303,2.7209,2
-0.22329,4.3829,3
-0.54617,0.604,1
1.5131,2.32,3
7.0466,-0.39691,3
0.85631,0.75441,3
-0.096046,-1.6523,1
1.0435,3.3275,3
-4.0466,-4.8289,1
-1.0277,0.6576,3
1.5551,-0.92038,3
-1.0406,1.9478,3
-0.051553,-0.32805,1
-1.6559,-2.8567,3
-5.2673,-1.6856,1
-1.2573,-5.8741,1
3.1787,0.066648,3
-2.2926,1.1802,1
-4.5117,-0.45592,1
2.359,-2.8871,1
4.6372,1.6495,3
1.3599,2.2926,3
-2.4409,2.168,1
-4.8339,-3.3297,1
0.8478,2.4974,3
-1.3448,-3.2212,1
0.018393,-4.0783,1
3.6174,1.4424,3
-0.35837,3.2147,3
-4.4604,-1.7613,1
-3.2862,0.21047,1
0.12896,2.5809,1
0.13789,1.8015,3
-0.67261,-5.9118,1
-0.22826,-3.1791,1
1.2025,3.2324,3
-2.0471,-1.2665,2
1.5714,2.2174,1
4.1876,1.5091,3
-0.88628,-3.6353,1
4.0318,1.0512,2
-1.8059,4.2919,3
-1.1059,-1.8914,1
0.46206,0.34564,3
1.8827,-1.8658,2
1.8123,-0.73459,1
-0.6017,3.2156,2
0.59639,0.23531,3
1.2488,0.78862,2
1.7229,-0.66024,2
-1.6946,-5.2564,3
-0.27411,-0.2642,3
2.7829,0.67678,3
-5.5,-2.9943,1
-1.3622,-1.4058,1
-1.8798,0.13187,1
2.1004,-1.4033,2
0.74674,-1.6143,2
0.7856,1.2676,3
0.16261,0.99199,3
2.7988,4.8819,2
-2.1369,-0.090859,1
-0.29042,1.1877,3
1.0712,3.1355,3
0.75273,-0.65195,2
1.4762,-0.29765,3
-3.9371,-1.8048,1
-4.729,1.4695,3
-5.7056,-3.1065,1
1.9369,-1.4917,1
2.3633,4.1842,3
3.1056,4.9361,2
0.28434,-1.229,3
-0.34608,-1.208,2
1.9683,-2.9899,3
-4.9429,-0.27599,2
-3.7869,-2.4573,1
1.6899,0.96931,3
3.3609,3.801,3
2.9759,0.81137,1
3.1939,3.1181,3
2.1618,-4.696,2
-4.1945,-1.8825,1
3.5957,0.31571,3
1.3631,-3.6605,1
0.91339,1.6322,3
-1.6648,3.4794,2
-0.30753,-0.62319,3
-0.45663,-0.91304,3
-0.3432,-1.7934,1
3.496,-0.92304,3
2.0952,1.7692,2
-1.6761,-1.1807,1
2.2107,1.5808,3
-0.34715,-2.388,1
-0.83516,-1.4039,3
-3.3896,1.6487,3
1.5528,-1.415,3
0.15733,0.53124,3
-3.4641,-1.2335,1
0.30863,3.0373,3
1.6448,-2.1629,1
1.0139,-1.1646,1
-2.5267,1.183,1
-1.1069,1.1416,3
-5.1539,-0.75863,1
3.6303,-2.583,3
1.128,2.6986,3
4.5276,0.93129,3
0.41995,1.8537,3
-0.81377,1.0692,2
-3.8475,3.4136,2
2.2272,1.4323,3
2.3812,3.0964,2
-4.6771,-1.9783,1
1.8727,-0.071855,3
3.4629,1.6966,3
0.15828,1.2043,2
-0.11232,0.39796,3
0.94008,-3.3402,2
-1.6698,0.86658,1
3.1471,3.3934,3
-1.2343,-3.0748,3
0.25851,0.81849,3
-0.25547,0.1037,1
-1.3271,2.4717,1
0.40198,-1.9479,2
-1.9457,-0.65472,1
1.0425,3.8615,3
1.1767,-0.59963,1
-2.3565,2.6928,2
-0.46906,-1.4426,1
1.3904,0.96357,2
-0.34356,-1.9783,2
-2.7709,-1.5305,1
2.4975,-0.62222,1
0.3965,1.4391,3
-4.2018,-3.9762,2
3.652,5.4215,2
-2.0954,2.729,3
-0.99417,-2.5327,1
2.3802,3.1203,2
-5.3403,-1.9117,1
1.8395,1.7874,3
2.2859,1.2854,3
-1.7064,0.96307,1
4.7188,0.35899,3
1.4241,1.5831,3
3.4415,3.1304,3
-0.22594,-0.67822,3
-3.1327,-2.0257,1
-1.0811,0.62239,2
0.71268,0.87447,3
-2.5155,2.458,3
-0.1798,-0.15807,1
1.7968,1.2775,3
-0.24063,3.0153,3
0.00024809,0.72213,1
2.9934,5.3165,3
2.4663,0.48774,3
0.38435,-0.91604,1
-0.6127,5.1914,3
-1.0678,-2.1253,3
-0.017343,-3.1273,1
-0.32681,1.9311,3
0.99125,-0.78449,1
1.9102,2.7856,3
-1.3972,1.2662,2
-0.30855,2.7813,3
0.89515,-0.1887,1
0.17498,3.2642,2
-3.9798,-2.3016,1
-5.2176,-2.0225,1
-2.8365,-1.5586,1
1.1892,-1.2822,1
1.8139,0.59763,3
1.0815,-0.48199,3
0.13087,0.48401,1
-1.8319,-0.29461,3
-1.0401,3.7457,1
1.7291,0.34912,3
-6.3812,-2.8115,1
-5.701,-4.0256,1
4.2594,0.84819,3
1.2048,3.4861,3
2.4121,0.095392,2
0.34297,-1.4203,1
4.1001,-2.6147,2
1.8528,1.2397,3
4.4944,1.1855,2
-1.732,-3.0386,1
-0.46688,1.9607,1
-4.5005,-2.9785,2
0.65266,-1.3178,1
0.25231,1.3931,1
0.74851,2.7096,3
-0.49924,-1.8508,1
-2.477,-5.3533,1
1.3872,-0.88963,2
4.3321,2.5929,3
-1.4793,-2.4664,1
0.35104,-0.04148,3
-1.5961,-1.0422,3
-1.2972,-0.18216,1
3.949,2.2697,3
2.7104,0.28032,3
-0.35959,-0.64359,2
-5.7049,1.9339,1
1.0297,-3.1865,1
-4.4085,0.43414,1
1.0669,2.947,3
-0.50859,-1.7593,1
-1.9655,-1.668,1
-3.1615,-3.2943,1
-6.1661,-3.829,1
0.82877,-0.16899,1
-1.3386,0.84521,2
-0.42447,-7.3777,1
1.6163,0.67434,2
-1.0842,-0.1786,1
-1.0775,-0.58398,2
1.9741,-0.15208,2
-1.0385,2.4898,2
-0.18914,0.72386,2
-0.14382,-1.3375,3
0.44506,2.8856,3
1.7462,0.16294,3
0.55429,3.92,3
-1.2178,-6.6549,1
-1.0112,-0.36878,1
1.9804,1.8561,2
3.5644,-3.3893,2
-5.4277,-2.1552,2
0.2396,-1.8549,2
2.8939,2.4569,3
-2.8851,-1.7298,1
-0.42121,1.0516,1
-0.44571,0.93984,2
3.7084,-1.8643,3
-0.73735,3.5014,3
1.2851,3.5674,3
0.52039,1.6862,1
2.099,6.419,3
-4.193,-3.0038,1
1.323,-0.52695,1
0.94692,3.2829,1
0.17937,-0.21117,1
6.1758,6.1925,3
-1.1097,-1.267,3
0.49227,-0.41789,1
-0.86497,-2.049,1
1.0016,1.0084,1
1.9429,-0.19757,2
-1.3181,0.077701,1
2.1686,-0.88477,3
-2.3858,-2.3512,1
-0.76457,3.466,3
-3.3091,0.40814,1
-1.3507,-1.1943,2
0.54906,0.44925,3
0.97884,0.78518,1
-0.11975,3.3046,2
-1.3395,2.0258,3
2.7503,2.0406,3
-1.2483,0.64829,1
-3.6128,-1.956,1
-0.7274,-3.6419,1
-2.0292,0.37357,3
-0.091958,0.34454,1
-2.3116,-2.0291,1
-1.7799,-5.2842,1
1.4197,-3.5341,1
-4.3222,-4.6746,1
1.1227,5.1554,3
0.13557,-4.1556,3
-0.13061,-2.4856,2
-2.9652,-0.41715,1
5.2799,4.368,3
0.31135,6.0325,2
-2.5565,-5.4407,1
0.98294,1.3441,3
2.7979,0.55297,1
-1.5622,0.69658,2
2.1032,-2.0719,3
-2.6207,-0.023548,3
-0.38989,-1.3462,2
6.6918,1.7218,3
-2.7782,-3.2642,3
3.5931,-0.71949,1
-6.6823,-5.4667,1
-0.89239,1.1118,3
-2.4527,-2.2211,1
0.40147,-1.4654,3
-1.0459,1.7284,2
2.506,3.694,2
0.71105,-0.42568,3
0.42433,0.4593,3
-1.6752,-4.5609,2
2.7478,0.71513,3
1.0878,-1.6129,3
1.5252,1.6906,1
2.1124,3.5422,1
5.154,5.0493,3
-2.8787,0.632,3
-2.6673,-4.0955,1
-5.2288,-0.70832,1
-0.19973,2.8555,1
-1.2273,0.51531,2
-0.32674,0.094862,1
2.5028,-0.84132,1
-1.1114,-1.0267,3
6.0169,0.19375,3
-2.5166,-2.7679,1
2.9475,0.38448,2
3.2109,-0.74938,3
-1.6526,4.8099,2
-0.13811,1.3257,1
4.1017,3.9103,2
3.6043,-1.0376,1
1.2055,6.572,3
-3.2668,-2.0722,2
1.8341,-1.0488,1
-1.6202,-0.45956,3
4.9462,1.2944,3
1.0296,1.8031,3
1.6882,-2.1124,1
-0.037907,-3.2675,2
0.76094,-2.0231,1
2.2917,-0.27144,1
0.48676,4.1248,2
-1.8084,-2.0695,1
-0.38005,-1.9376,1
-1.0491,-2.945,1
1.461,2.23,3
1.0962,-1.815,3
0.94441,1.2768,3
-0.012084,-2.1245,2
3.0696,2.4546,3
0.84868,-1.6254,2
-1.5372,-0.78262,3
1.0722,-2.1442,1
1.4036,0.26313,1
0.2023,0.96376,1
-1.5566,1.3121,3
4.1358,-2.2249,3
0.81453,-0.04793,3
-0.86938,-2.9097,1
-0.71584,2.8805,3
-0.0011095,-1.1851,2
0.46352,2.8001,1
-0.59305,0.55977,3
0.45546,-0.19677,3
0.4155,0.91186,1
3.1357,-1.3677,3
-2.3425,1.1526,3
0.14707,-0.40584,1
0.43438,0.13341,3
-0.9009,-1.4201,1
-1.413,-0.55401,1
1.1368,-1.4681,3
2.1356,0.17632,2
2.2219,-1.7274,3
0.88526,-0.72371,3
1.9547,2.9384,1
3.8065,-0.55452,2
-1.6791,-2.8385,1
1.6582,-1.3199,2
1.63,1.2099,2
1.5301,-1.2942,3
3.9654,0.32251,3
-2.4899,-3.04,1
-1.0914,0.66241,1
-3.572,-2.4612,1
-2.3697,5.886,2
-1.8378,-1.5542,1
0.79816,1.4085,3
4.3586,4.8704,3
-2.3125,2.0346,2
-2.5156,0.17216,3
3.6752,-0.23894,3
3.4284,0.11686,3
1.7423,-5.8931,2
0.69861,0.35269,3
2.8558,1.1296,1
-5.8319,-3.5497,1
1.4997,2.1098,1
1.3476,0.98075,1
-3.4743,-3.2474,1
0.94603,6.6874,3
2.3762,3.6896,3
-2.1389,0.54014,3
-3.077,-0.37882,2
-1.152,1.2011,3
1.2119,0.67401,3
-1.8396,-2.4165,2
-4.4895,-6.2678,1
3.6191,0.22581,3
2.5349,-0.82471,1
2.4324,1.4786,3
-2.7252,-2.4985,1
7.2604,2.4811,3
0.84334,4.1689,3
-0.035719,5.7097,3
-0.17166,0.99048,1
0.19437,2.1627,1
0.85726,0.30328,1
-0.93178,2.7447,1
-1.5917,1.3587,1
3.0966,-0.81934,2
3.1742,2.5408,3
-0.80329,1.1078,2
0.89336,3.1499,3
4.8025,-0.0016959,2
0.062254,2.4829,3
0.023618,-0.37331,1
-3.13,-6.3436,1
0.44038,0.35439,3
2.3073,0.027306,3
1.9033,3.5021,3
-1.8142,4.7991,3
1.0413,4.097,3
-4.1295,3.5994,3
3.7297,1.3433,3
0.53852,-2.4792,1
-1.6426,4.2221,2
-0.0826,-1.2529,1
0.42114,-2.7977,1
-1.8073,0.53135,1
2.9537,0.8047,2
2.2132,1.408,3
3.4708,-0.2918,3
3.4181,-2.7388,1
1.0057,0.86691,3
-2.7594,-4.5711,1
1.9329,6.583,3
4.9863,2.0388,3
-1.5786,-0.17263,2
-1.9943,-0.63895,1
-0.46484,-0.067426,1
0.42047,-1.4397,1
1.4013,3.9298,3
0.81919,-0.74379,3
-2.0399,3.7672,2
-1.6797,-0.18128,2
-4.2752,1.2955,3
0.66443,0.66695,1
2.6993,-1.1589,1
1.592,1.4193,1
-0.96046,-3.0439,1
-0.096108,-0.3188,2
2.9516,4.1366,3
3.1599,2.4652,2
0.54691,1.4085,3
2.9569,2.9337,3
-0.66182,3.4922,3
-4.6107,-1.1755,1
-0.047019,-4.445,1
-0.28644,3.0633,2
-2.8143,1.4814,1
-2.8669,-4.0949,2
-0.10883,-0.025149,1
-4.8245,-2.1565,3
2.2844,4.3579,1
3.1139,2.2597,3
0.26878,1.2398,1
1.9016,0.54787,3
-2.3203,1.1399,2
0.73094,-2.26,1
4.2792,2.1319,3
2.2994,3.2113,1
2.3351,-3.61,1
-6.7583,-4.8409,1
-2.2237,0.71098,2
-6.2332,0.39183,2
-0.40413,1.0604,3
-0.40327,-5.6576,3
-3.8739,-0.01894,1
-5.3472,-2.0301,1
4.0536,-0.28773,2
0.5954,-2.3856,1
-0.63804,3.9709,1
-2.7738,1.5111,1
-2.9949,-0.51228,1
-0.88671,-1.6135,1
-1.6826,-0.25095,2
-2.7844,-1.9989,1
0.65487,1.1969,2
1.4018,2.9448,3
-2.048,-2.0228,1
-1.3684,-2.9369,3
3.1457,3.6733,2
-3.3323,-8.4258,1
-0.95013,-1.1615,2
1.3993,3.8825,2
-0.25505,0.77799,2
-4.1604,-3.1544,1
0.46965,-2.4342,1
0.91438,3.0916,3
1.6209,1.4138,3
1.7562,3.3393,3
-1.0391,-1.9363,3
-2.3863,-2.5271,1
0.1387,3.5708,1
0.26896,-1.7441,1
-3.636,-6.8656,1
1.2534,-2.4005,3
2.3553,4.8895,3
2.707,2.4793,3
2.7664,3.1394,3
3.2413,-0.41241,3
0.85271,-1.9407,2
0.52608,1.41,2
0.57266,0.7005,3
1.1894,-4.0792,2
-2.9713,1.301,2
2.5566,1.8826,3
0.44212,-1.0671,2
-0.87496,1.9118,3
1.2964,0.90632,3
-0.7591,-0.12024,2
3.5496,-0.37362,3
1.6475,-4.6483,3
-0.6901,-1.4382,1
-4.7867,-3.2806,1
1.3395,-1.8052,2
-2.7869,-0.6001,2
4.063,0.76734,3
-0.4893,-1.5107,2
1.013,-1.721,3
-3.2366,-2.4572,1
-1.5159,-2.8179,1
-0.024217,-2.9687,1
4.4939,1.0555,3
-0.9259,-3.5833,1
1.7443,-1.6106,3
-4.4613,-3.8048,1
-0.58223,-1.1564,1
-3.0954,-3.9434,1
-1.6244,2.7035,2
3.0123,0.84462,3
-1.9808,1.9332,1
1.9478,3.6976,3
-3.5121,-1.1152,1
0.23161,1.413,2
-1.7195,-1.8847,3
0.82308,-0.71261,1
-4.1677,-3.745,3
-0.51973,1.391,2
0.88708,2.7975,2
1.166,4.8419,3
-0.55654,-2.2719,1
-0.3762,0.42362,3
-1.8792,-2.3683,2
1.3889,2.9815,3
0.80129,-0.26342,3
2.1506,5.1461,2
-3.9526,0.21556,3
-2.38,3.6518,2
-0.070182,1.4174,1
4.2302,-1.0887,1
-2.0532,-0.97136,1
-2.8295,0.70578,1
2.3336,5.9979,3
1.2113,-0.6925,1
-2.6805,-2.2296,1
-1.7326,1.4945,1
-0.52838,3.1795,2
-0.11238,1.0276,1
-0.61654,0.24245,1
-2.0057,1.5735,1
-1.7429,1.9827,1
0.23402,1.3702,3
2.0642,0.96774,3
1.4392,2.4667,3
0.73333,-3.5829,3
-1.7069,0.54958,1
-0.032534,5.336,3
-0.033473,0.64852,1
0.58189,-1.374,1
-2.1803,-2.7653,1
-1.549,-2.5594,1
2.5549,-1.1682,1
-0.066958,-5.7114,1
0.29393,-0.0073485,1
-0.79568,-3.3977,2
-2.149,0.93764,2
-2.0712,2.403,2
-0.40933,-2.8185,2
6.0337,-1.1926,2
-1.7974,-1.7886,3
-0.9651,-1.4418,2
0.77376,2.8686,2
3.2859,-1.9996,1
0.1145,1.4473,1
0.27995,-0.047371,3
2.2809,4.4088,3
3.2756,1.6751,3
1.7937,0.35073,3
-3.2324,-3.7855,3
3.0769,-0.95373,3
-0.87957,-1.0878,2
-0.90396,-5.3743,1
-1.4905,-2.0438,1
-2.1864,-1.4469,2
1.2431,1.6323,1
-4.9942,0.0042407,2
-3.37,0.23673,3
0.10941,-0.79703,1
1.0461,-1.5359,3
-2.3391,-1.2192,1
1.4831,2.1953,1
-0.24944,-2.2768,1
-0.35793,-1.0605,3
-1.0975,-1.8651,1
-7.7601,-2.9835,1
-1.062,3.6108,2
-0.50226,1.5991,2
-3.2347,-0.7741,2
-1.4526,-5.3487,1
4.3268,3.4145,2
-1.7495,2.1077,3
2.1568,1.2841,3
1.2414,1.2973,1
-0.55336,-0.63627,3
-1.2708,-2.9531,3
0.047808,-0.94861,3
-0.90135,-1.1135,2
2.6305,2.8699,3
0.70231,-0.62825,1
-2.2816,0.074632,3
-2.364,-0.35649,2
0.38858,3.8075,3
-2.435,0.90608,1
-1.4073,-0.5795,1
-0.89373,-0.1476,1
0.42228,6.8476,3
1.7087,1.0433,3
0.42815,0.89348,3
0.90082,6.9377,2
-2.3873,-1.7381,1
-2.468,4.0074,1
-4.2932,0.17814,1
2.9976,-0.5456,2
0.06883,1.3804,2
-5.0481,-0.61942,1
1.6257,1.0757,2
-6.1754,-1.1422,1
-0.19658,-0.98392,1
4.1235,4.2987,3
-3.8952,1.6731,3
0.35321,-0.1124,3
3.2272,-1.597,2
0.81587,1.4918,1
1.5219,2.5339,3
2.1734,1.688,3
3.457,0.7818,3
-0.037744,1.9271,1
-0.95028,-0.53284,1
-0.99622,-0.46407,2
3.4363,3.9457,2
-2.7995,-7.8739,1
-0.93637,2.4437,3
1.1486,-1.1841,3
3.0278,-2.3057,2
-0.78925,-0.86788,1
0.062621,-2.1419,1
0.20267,0.10935,2
-7.7626,-7.739,1
-1.5228,1.8298,1
0.1845,-1.6625,3
0.79111,0.76202,2
-1.4769,-1.5212,2
-1.8508,0.93571,1
-0.32314,2.3841,3
1.0471,0.83855,3
2.6179,2.7259,3
-2.1321,-2.9293,1
-0.1381,-2.289,2
0.132,-1.4036,1
1.4092,2.7718,3
0.20482,3.3496,1
-1.5146,-0.046214,1
-4.7949,-0.97604,1
-1.8622,-3.4959,1
0.2757,-0.57044,2
0.2071,1.8641,3
2.8707,5.6229,3
-2.7619,-2.7784,2
4.8769,3.5963,1
-1.2668,3.332,2
0.49653,0.83719,3
1.7958,0.92056,3
3.4405,-0.51725,2
0.51566,3.084,1
-1.7184,-1.5646,1
1.1705,1.6855,2
0.40885,5.4753,3
-4.2599,-5.0025,1
-1.7697,-0.41612,1
1.2152,0.67386,3
-2.4149,-4.834,1
-2.2088,3.7381,1
0.62338,2.6534,2
1.3627,3.5832,1
-0.3744,2.7428,1
2.5039,-2.2974,3
0.77856,3.444,3
2.7251,-1.3045,2
1.4499,1.1969,3
1.9517,3.1013,3
-1.082,-2.5311,1
5.9968,2.609,3
4.3503,1.8761,3
-1.6497,0.072772,1
0.075156,1.2775,1
-1.1294,-0.22229,2
-3.4968,-3.2609,1
-1.0516,2.8859,2
-1.5151,1.1022,1
2.5288,-1.8424,3
1.0781,2.5747,3
-1.3314,-0.37555,3
-2.6883,0.039554,1
3.3267,-6.391,1
-0.85876,0.78745,3
0.10781,0.060874,1
2.0075,3.4384,3
1.7912,-3.0151,1
3.8752,3.9432,1
4.2643,1.1906,1
-5.7461,-1.7765,1
6.442,7.0199,3
-0.57409,2.5261,3
1.1345,3.6328,3
-3.1469,5.0365,2
-0.29779,2.3034,3
2.8774,7.0703,3
-3.4671,-0.78905,2
3.3043,3.3255,1
-5.2494,-3.4405,1
1.8619,1.1064,3
-1.0865,0.98729,1
-1.3767,-4.6818,1
1.8258,3.7837,3
-0.94191,0.79945,1
-1.409,2.3512,3
0.085731,-0.82527,2
-0.063666,-1.1996,1
4.6567,4.7039,3
-2.3389,-0.80049,1
0.87952,0.40144,2
-2.9883,-4.3036,1
-2.5478,-2.3798,2
0.75268,2.5938,1
-0.032786,3.0606,3
-0.95491,0.31695,1
-1.1696,-0.76079,3
1.3937,-0.15634,2
3.6346,-1.7578,3
-1.9156,-4.7891,1
-1.2522,-1.5591,3
-0.66548,-0.99958,1
-0.49902,-1.5931,3
-2.9384,-2.4076,1
-4.7122,-0.22363,1
-0.62323,-0.77149,1
1.8778,2.2933,2
-4.1673,-0.70525,2
-1.134,-1.4771,3
-1.1686,-0.33548,1
-0.74337,0.19911,1
-2.9231,-0.88105,1
2.0159,1.1352,3
1.2491,1.2338,2
0.52365,-2.4455,2
3.1089,1.3946,2
-2.5578,-1.1459,1
0.74303,-0.0118,2
-0.010259,1.2183,1
0.16515,1.9981,2
3.353,0.31521,3
2.5273,5.5842,3
-2.1273,-1.7658,3
-0.51355,-0.60423,1
5.4319,2.0184,3
-3.3977,0.8721,1
-0.093057,0.98126,1
3.6038,4.501,3
-3.7334,-1.7386,1
0.32169,-2.1965,2
0.24394,2.0933,3
5.949,-0.95388,3
-1.9435,-1.2925,1
-1.6715,-1.6261,1
-4.8061,-2.6785,1
-1.7738,2.4167,2
2.3365,0.54778,3
-1.2429,-1.1113,3
-4.6932,-2.3094,3
-1.2351,-0.28467,1
-0.89684,1.7881,3
5.0036,5.9228,3
-2.988,2.7231,2
-2.3432,-3.5376,2
2.8027,-3.8341,2
-1.6119,-0.89136,1
-1.2944,-0.59316,1
-1.521,-3.3712,1
-0.92467,0.72831,2
-1.8682,2.1113,1
2.5546,2.4021,1
-2.1051,0.87381,2
-0.47194,2.154,2
2.9657,-0.44419,3
3.567,0.9979,3
1.1793,0.28917,3
1.7547,-0.37972,1
7.0391,2.6209,2
1.3417,-3.0611,2
2.0968,0.93828,2
-4.6245,-2.0854,1
0.92528,-0.31553,3
-1.1899,-2.7675,1
0.048335,1.0558,3
-0.88946,3.6642,1
-3.3713,-1.9293,2
0.71682,-1.1266,3
-0.29156,0.83434,2
4.1452,-0.58688,3
0.15047,-0.67458,3
-5.3241,-2.7115,3
-5.4551,-0.60196,1
-2.2203,-1.846,1
-5.1763,-3.0282,1
-4.8037,-0.8531,1
0.15934,1.7626,2
-1.7498,-0.77241,1
-0.82971,1.135,1
2.631,1.6755,1
-1.5107,6.4378,2
-3.1775,-0.63017,1
0.079089,3.4972,3
-1.4717,-0.37557,3
2.6323,0.33528,1
0.82184,0.61531,3
-1.3089,-0.72725,3
-0.23674,0.65449,3
1.2631,-0.19496,3
1.3402,-3.3054,2
-1.0118,-3.3862,1
-4.0246,-1.3584,1
-1.1595,-4.0429,3
-1.2608,-0.80757,1
0.72739,-1.9581,2
2.9688,4.3451,3
4.0001,2.9602,2
2.018,-0.54161,2
4.6573,-1.9339,3
2.7771,-2.4612,3
1.7731,-1.7639,2
-3.7151,1.3499,3
1.0932,1.9693,2
0.14232,-0.31111,1
1.6743,0.56691,2
1.8215,0.8124,3
-6.5964,-3.484,1
-2.7331,-4.3437,1
-3.5042,0.71689,1
1.7778,0.19536,3
1.246,-1.2382,2
1.3822,-2.8521,1
-4.9471,0.81519,2
-0.15096,1.0121,3
-3.918,-1.8166,2
0.58112,0.74164,3
-2.1899,2.3203,2
1.1736,-1.4738,1
-3.9198,-3.0461,1
-5.2292,-1.3092,1
-0.8682,-2.988,3
-3.9525,-5.8917,1
-2.4386,5.4479,2
-0.44814,-4.523,2
0.58996,2.2805,3
0.84694,1.5275,3
3.5711,-0.97262,3
-1.2321,-0.81753,3
0.5447,2.784,1
-1.1152,-2.9409,3
1.7199,3.3347,3
1.5692,-1.3358,1
6.8678,2.7068,2
-3.7611,0.020806,1
2.0656,-1.6954,1
-0.53513,-2.22,1
-2.1604,-4.8318,1
-2.3677,1.0843,2
1.1276,1.1253,3
2.6621,1.3771,1
-0.094885,-0.96858,3
-2.169,2.1268,1
2.0397,-1.5681,3
-3.3923,-1.7456,1
-1.1206,-0.18014,1
1.0063,-3.2528,1
1.6574,-2.925,1
-5.8688,-1.8614,1
-1.9224,0.58999,2
-0.47642,3.0438,3
0.19408,-0.014937,3
-0.82058,-1.123,1
0.92409,-1.4194,1
-3.8929,-3.1106,1
-6.342,0.52867,1
0.51305,-0.72312,1
-0.77694,-1.9732,1
3.293,-0.1512,2
-3.0153,-0.9314,1
-2.2945,1.6625,3
0.19467,3.1426,3
1.4667,-2.3153,1
-3.4789,-3.861,1
-1.0259,-1.5534,1
-2.4567,-1.6712,2
-4.6748,-2.7215,1
1.0072,0.1829,3
0.48728,0.41435,1
1.0968,-0.70681,1
-0.23326,-3.2843,3
2.3375,-0.61044,3
-0.39112,1.9369,2
-3.8589,-0.32769,2
2.7098,-0.39638,3
-0.83864,-3.1088,1
1.5889,-1.7021,3
1.426,-3.0935,3
-2.3961,-0.021835,3
2.3021,1.1837,2
3.3211,-0.6168,3
-1.8961,-3.8363,1
-1.2212,0.53378,3
2.8804,0.47881,3
1.418,-1.1741,3
0.90769,-0.61612,3
0.56154,-0.21588,3
-0.23585,-1.7114,1
-2.0677,-2.0672,2
2.0407,-1.0563,1
0.20379,-2.632,1
-1.9504,1.2026,1
3.3769,1.3592,3
-2.193,-1.8122,1
-0.42074,1.7935,3
1.6861,2.9464,1
1.603,2.949,2
-1.3036,-3.1851,1
2.4195,-1.051,3
-2.4009,-1.6158,2
-2.045,-0.14735,3
-0.05318,-0.092207,1
0.62028,-0.33668,1
3.0583,4.5947,3
-1.7353,-0.74339,2
-1.5583,-2.7308,1
-0.33354,-0.28066,1
-2.1277,3.8155,3
-2.9728,0.34106,1
-2.1031,3.0899,1
0.30127,-6.5515,1
0.79775,-0.68241,2
-2.6049,-0.54868,1
0.829,-1.1802,1
1.4837,0.83581,3
-0.58444,-0.90371,2
-2.368,-0.4545,1
-1.0396,-3.9018,1
1.552,-1.6408,2
-0.86475,-0.066559,1
0.56785,-0.0040811,2
-2.63,-2.5989,1
-0.2592,-1.274,1
0.10897,-3.0642,1
3.7857,0.96717,3
0.96363,3.0741,3
1.7612,-1.011,3
-3.9559,-2.8787,1
3.8328,2.1513,3
0.59763,1.7599,3
2.4336,-1.9621,1
2.7207,4.2452,3
0.70749,-0.48941,3
-1.8475,-3.6134,2
-2.2077,-4.3552,3
-1.5653,-0.60778,1
-2.8876,-1.5763,1
-0.92671,5.5369,1
-1.524,0.087321,1
0.56148,0.72869,3
-0.4807,-3.6634,2
-1.1185,0.30542,1
-2.0302,-0.11534,2
0.36791,1.3097,1
0.39392,1.0463,1
0.54636,0.26833,1
0.39943,-2.3321,1
-1.708,-0.4931,3
4.2293,2.9203,3
-2.1065,-5.7924,2
-1.7836,1.7497,1
-1.1411,2.4824,3
-2.5415,-2.2628,1
-1.5144,-1.1292,1
-2.3547,2.6803,1
-3.0153,2.5913,3
-1.5753,1.456,3
1.0048,-4.6443,3
3.6928,4.3802,3
0.46352,-0.92901,3
1.1475,-2.8863,2
-0.78826,1.1822,3
-1.8702,4.2413,3
-3.0011,-2.9215,2
1.0725,2.5375,3
1.0015,-6.3048,3
-1.6422,1.0826,1
5.6348,5.6664,3
1.3814,1.8287,3
-0.1114,-2.6161,3
-4.664,-3.099,1
2.3409,1.3706,3
-2.0757,-1.2808,1
2.2861,3.053,1
3.4341,0.0018811,3
3.9983,0.5146,3
-1.0341,5.9617,1
2.2189,-0.56184,3
-1.9317,-3.2927,1
0.15833,-2.0222,3
1.3446,0.80934,3
3.8454,2.1984,3
3.6745,1.5,3
-1.9977,0.67343,3
-4.9194,-1.3215,1
0.82414,1.0679,1
-0.22096,-0.24543,1
0.52073,0.78439,1
-4.6449,-2.9172,1
2.5572,4.1415,3
3.3206,-1.7478,3
-3.3572,-0.73975,1
3.2832,-0.71405,2
-1.6006,0.9206,3
-2.0686,-6.1111,1
2.8513,1.242,1
2.8985,0.32521,2
-1.3943,0.17543,2
-1.171,-5.5625,1
-3.2052,1.7332,3
-2.0157,-1.5909,1
-0.0086646,0.44356,3
-2.0907,1.1238,1
-1.6352,0.9731,1
-3.4254,-0.29119,1
-1.3167,2.9057,2
0.1668,-1.4041,3
-2.7571,-1.861,1
-6.8751,-4.2236,1
2.0002,1.7306,3
0.44212,0.18338,3
0.24989,1.4484,2
3.8046,-1.9797,3
1.5283,-0.87795,1
-2.3033,0.20495,1
-1.148,-2.3415,1
1.4083,0.92727,1
0.5975,-0.21562,1
0.55411,-0.011931,3
-0.30295,1.7524,3
1.751,-1.8111,1
4.5413,4.4292,2
-0.54417,2.8043,1
-3.7655,-0.69403,1
-3.8057,0.27557,2
-0.083681,0.038785,1
3.5043,2.2654,3
-1.7975,-3.4923,2
-6.8332,-3.6366,1
2.8558,1.3902,3
4.005,1.116,3
1.9375,2.2785,3
-3.7289,3.5112,1
2.2517,-1.8349,3
0.79502,1.373,2
-5.114,-3.3635,1
-4.5255,1.887,1
-4.2118,2.627,2
1.0316,-0.099294,1
1.4769,-1.0257,3
0.9091,0.7636,3
2.2913,1.0278,3
0.34065,-0.67533,2
0.059413,-0.5682,3
2.715,-3.0647,3
-2.2232,1.6298,2
-0.73661,1.0111,1
-0.70402,-3.9461,1
-1.4316,-2.9209,1
-2.0993,1.0253,3
-4.5808,-0.31641,1
4.6534,5.1427,3
-1.7408,-1.7416,1
-1.7216,0.35643,1
0.40878,-0.27319,2
0.83611,0.0065122,3
-0.37815,0.70465,1
-0.10563,3.8659,3
-5.4175,-5.2641,1
-0.50245,2.1724,1
-2.4167,-0.91263,3
-0.18842,2.6943,3
0.69211,-0.55191,3
-0.8375,4.6061,1
0.07382,-1.1617,3
-0.6031,0.65055,1
-0.79904,1.6825,1
3.1868,-0.23085,3
1.6031,2.1708,3
2.8393,1.5248,3
-0.21763,-2.6186,1
0.51719,0.23746,1
-3.6987,0.97922,3
-0.0033623,1.6499,1
1.916,3.8204,3
0.86829,-5.0047,3
3.0746,0.1696,2
3.3695,-3.3788,2
2.0593,4.493,1
-0.22271,1.0426,3
1.2961,2.8003,2
-0.77049,-2.6204,1
1.6669,2.0338,2
4.9968,1.7738,1
0.61287,2.3745,3
3.8813,2.0406,2
1.3543,0.97394,3
-2.0016,1.3869,2
-0.97462,1.1179,1
2.3384,-3.282,2
1.1523,-3.1679,3
-1.3235,-0.69673,1
1.7505,-0.76413,1
0.073975,-1.378,1
0.051273,2.3728,2
-0.049558,-4.0857,1
-0.52921,-0.7233,2
-3.7146,2.4614,1
0.74957,-2.3168,3
-1.1117,4.0724,3
-2.6117,-3.1548,1
-2.8691,-2.2372,1
3.4779,6.199,3
-1.4965,-0.37299,2
2.1201,1.6394,1
3.4185,0.15119,3
4.5236,0.35027,3
4.1519,1.4417,3
0.95172,0.5447,3
1.845,-6.2115,1
0.046616,1.3168,3
2.399,-1.1669,2
2.888,-0.11538,2
0.30835,1.4011,2
3.2861,4.9142,3
-2.6464,-4.105,1
-0.92703,0.47734,3
2.1591,0.61079,3
4.2423,1.8796,3
3.2325,-2.7517,1
-1.2088,0.93883,3
4.4442,2.5701,3
3.5824,5.9391,3
2.0851,-0.99661,2
1.2779,0.87055,1
-2.2136,-0.86457,2
-0.83848,2.4639,2
-2.9688,-2.3019,2
-1.4393,0.12243,1
-0.74636,2.2713,3
-5.5355,-4.8504,1
0.85226,2.1973,3
3.262,-1.4884,1
1.8222,1.2346,3
-1.3155,-2.07,1
-0.14965,-0.47006,1
2.134,0.022925,3
-0.22267,-4.6903,2
1.613,-0.39112,3
-2.1326,-3.8607,1
5.1317,0.77716,3
-1.1568,2.2805,3
-1.171,-0.040897,1
1.3073,-0.10159,2
1.3509,-0.66001,3
-3.404,-2.3261,2
-0.052852,1.8102,2
0.39817,-2.0227,1
0.82983,4.4255,3
0.64927,-1.5266,3
-5.5563,-2.3121,1
-1.6101,-4.3532,1
0.59669,-0.3028,3
-3.7259,1.283,3
0.066782,4.5298,3
-3.4586,0.80876,2
0.40097,-0.87786,1
0.33513,-5.0806,1
1.917,2.055,1
-2.2004,-0.28494,1
-1.0398,-1.9882,3
1.4398,1.376,3
-1.1172,0.29332,1
1.9441,-1.0101,3
-0.044442,3.78,2
-2.7883,3.0388,1
-0.45342,1.679,2
-0.69664,-0.038548,1
-1.4739,-1.5716,1
4.34,3.6214,3
-0.88864,-2.8329,1
0.96463,0.026294,3
2.1433,2.6826,3
-3.0126,-2.9166,1
1.1253,0.56572,3
1.4118,-2.3882,1
3.4459,-0.23957,3
-2.6382,-0.066968,1
-1.0286,4.3238,3
2.2962,4.4267,3
0.33274,-0.90511,3
-0.024003,0.12547,1
2.2899,-3.8936,1
-0.69128,-0.68209,1
0.25656,-4.4937,1
1.4454,-2.4455,2
3.6713,0.65431,3
0.43107,0.35311,3
-2.3833,-1.2711,3
-3.135,0.87484,3
5.4139,3.2417,3
4.7408,0.24567,3
3.207,2.979,3
0.55759,3.7428,3
1.8804,-2.2718,1
1.3824,3.7564,3
0.13602,-0.37256,3
-2.7448,-1.443,1
1.4293,0.37587,2
2.5313,-2.089,2
-4.3364,-5.1584,2
5.112,1.2632,3
0.72629,3.2992,2
0.85558,-2.4521,3
1.6204,0.325,2
1.8971,1.5926,3
-1.7125,-3.441,1
2.4114,-0.87151,1
1.2261,3.6414,1
0.74484,-0.77306,2
2.6156,2.4528,3
2.2169,-0.095928,1
-2.5167,4.4462,2
-2.2684,-7.0321,1
-2.4226,-2.977,1
2.5071,2.3226,1
2.2443,0.30306,3
-2.1817,3.4708,2
1.7606,-3.4455,1
-3.4175,-1.8179,1
-1.9225,-2.0802,2
0.21361,3.8594,3
-0.70131,4.1654,1
-1.198,1.7535,2
-0.78628,0.2271,3
-0.14433,1.3053,3
4.104,-3.6305,1
-0.79099,0.74032,3
-0.5808,0.8083,2
-1.5862,0.73165,2
-0.73447,1.9025,3
2.4552,0.71159,3
4.5911,0.87332,1
-3.9891,2.7188,1
-0.092431,-2.9846,1
-1.5704,-1.8986,3
-1.19,-4.4776,2
0.034246,-3.5854,1
-7.3219,2.9981,1
3.0527,1.9474,3
-1.3831,-0.46328,1
-2.723,-0.25803,1
-1.1478,0.02105,3
-0.94596,-1.2312,1
-1.6657,-1.799,1
0.43401,1.2369,2
5.4936,-0.058332,2
-0.55822,-0.20263,1
1.7193,2.3181,3
2.1685,-0.58145,3
-2.4862,0.5729,2
-1.7397,-0.55858,3
3.5498,0.13209,1
-2.0674,-3.0429,1
-2.0619,-0.49557,1
3.0934,0.10669,1
6.7819,4.3202,3
1.7282,1.3851,3
2.0008,-0.41377,3
-1.273,0.30111,3
1.828,-1.1854,3
3.3637,-0.92346,1
1.2251,1.5968,3
-0.19453,-1.1395,3
-1.7014,-2.612,1
-1.6904,2.4086,2
-0.93726,-1.9643,1
3.0278,-1.6097,2
1.8344,-0.8412,3
-0.57933,-5.1641,1
-1.0963,-0.081606,1
-0.19464,-2.0748,1
0.97771,-3.1846,2
-3.09,-4.0411,1
4.0986,3.7266,3
-0.35471,2.671,1
-1.8978,-2.4675,2
-1.0439,2.344,3
-0.78677,-0.88846,3
-0.16312,0.028016,3
3.5617,5.6487,3
-1.351,-0.78222,2
2.7921,2.0505,1
2.8046,-0.55005,3
-0.52488,0.33402,3
5.0247,1.4433,1
1.0289,0.43397,2
-1.919,-3.6577,1
-1.7639,1.6418,1
-1.9759,0.16833,3
2.1211,-0.23988,2
2.4455,-0.59312,3
0.95594,1.7332,2
-3.1161,-2.5524,1
1.4528,1.8917,3
-2.4997,0.49939,1
2.4074,3.1728,3
0.51783,-2.6087,3
2.6493,0.15323,3
-3.2139,-2.6951,1
-0.95063,1.3131,1
-4.9156,-1.3266,1
2.0412,0.13773,3
-1.3478,-5.8172,2
-1.3359,3.3216,3
-1.6211,-0.82118,3
-0.32428,-1.7129,1
-3.2521,-1.2383,1
-0.42147,-5.485,1
3.9501,4.0929,3
-0.26413,-3.0154,3
-1.1183,1.9428,3
0.91194,-2.6571,1
-3.5032,-2.1198,2
0.37232,1.212,3
-1.9865,0.073662,1
-1.2469,-0.8332,2
-0.87129,-0.99571,1
-0.46917,-1.1897,1
-0.4129,-1.5336,1
-1.4006,-3.7729,1
7.2371,4.6931,3
0.90448,2.4391,2
-4.8455,-3.597,1
4.8232,0.52163,3
3.0993,2.3663,3
0.50488,-0.65561,1
-3.2959,-0.42809,2
1.5847,0.00049386,3
5.6616,0.83417,2
-3.9283,-2.3554,1
1.0386,0.1271,1
-3.391,-1.2335,2
3.7881,2.7535,3
-3.2388,1.8252,2
0.44995,-0.80534,3
-0.9139,-0.24219,1
-2.8992,-0.14627,3
-1.7538,1.0762,3
-1.816,-1.1492,1
0.79673,-0.35846,2
-0.38145,-3.659,1
3.4198,0.52689,3
1.3534,0.77089,2
-1.7364,0.90525,1
-0.46445,1.4386,1
0.71435,2.4134,2
-1.8732,-2.6512,1
-2.8752,-4.9846,1
-2.998,2.6346,3
-0.29417,-4.7955,2
1.8302,1.3302,1
-1.5239,-2.921,1
5.1506,-1.8852,2
0.1957,-2.6633,1
1.5857,-1.5458,3
0.85295,-1.6326,2
2.0549,0.23465,2
-1.4035,-1.1424,3
-1.3943,-4.5257,1
-2.2809,-4.1387,1
4.2032,-0.57891,2
-2.5232,-4.9481,1
-0.34164,2.4932,1
1.3514,-2.7278,3
3.0027,-0.87692,3
-1.5595,-0.63366,3
-2.2289,-1.8986,1
3.5774,-0.014716,3
-0.9583,4.2012,2
0.0040478,-2.9104,3
0.14467,-2.1375,2
0.57748,1.7478,2
1.4765,1.86,3
-0.71266,3.3648,3
-1.1676,0.054765,3
-2.6335,2.2465,3
1.7166,0.71701,1
-3.2183,2.9283,2
-1.6387,1.6106,3
-1.0961,-5.3836,1
-0.35775,0.37278,1
0.67954,-0.88892,2
-4.6844,-3.3209,1
-4.1097,-2.6106,1
-0.15472,-3.8318,1
0.25184,-1.1271,3
-1.4565,-3.7726,1
5.0956,2.9829,3
-1.3802,-0.27151,3
0.28889,-2.378,1
-0.42335,0.48594,1
-1.6104,2.7893,3
-2.4515,-0.80504,3
2.5035,0.63675,3
1.1275,-0.54343,3
-5.1628,-2.4958,1
-3.5609,-0.7803,3
-1.3261,-1.4462,2
-1.4951,-7.8826,1
1.3286,-0.13563,3
0.2225,-1.8343,1
-1.2721,4.0246,3
-0.90314,-0.48102,3
-2.8606,-2.7747,1
5.5471,1.5241,2
-1.1161,1.2066,3
0.23875,-2.8503,2
1.4121,-0.20996,2
-6.8389,-3.2309,1
-1.7173,-1.5139,1
1.2527,1.0054,2
-0.071905,-2.0443,3
4.4031,5.2724,3
0.036389,0.11476,2
2.4484,-2.7833,1
-0.21194,1.5452,1
1.4143,1.0424,3
2.3468,3.3207,3
-1.2594,-2.2325,1
3.5536,-2.3078,1
-1.0186,-0.085937,1
3.2724,4.4036,3
1.4333,-0.70592,2
0.10339,-1.0857,1
-0.58502,-4.5442,1
0.8333,-1.9196,1
3.2564,0.87942,3
0.63462,-3.4951,2
-1.7822,0.46281,1
4.0255,2.486,3
-2.2855,-0.88537,1
1.5485,-3.0499,1
0.6494,-1.1311,2
-2.3164,-0.4503,2
1.851,4.9868,3
-0.39039,-1.7644,2
-1.0375,-0.21058,2
-1.14,1.8814,1
0.95337,-2.0716,1
0.84564,1.6918,1
2.4704,3.0011,3
-1.1481,-2.6743,3
3.2295,2.6705,3
-1.5193,-3.0104,1
-2.1459,-2.6159,2
1.0241,-3.2426,3
-1.5856,3.1404,3
1.621,-2.4626,1
0.45191,1.4825,2
-0.74167,-0.50416,3
-0.059816,1.952,3
1.5186,1.9231,3
-0.77225,-1.5238,1
-2.8818,1.9063,3
-1.0194,-0.91685,1
-1.0286,1.1184,1
2.6244,-0.35,3
-3.2314,0.11899,1
4.5429,5.9455,3
0.77262,3.0474,3
-1.3801,1.3116,1
0.32424,1.7568,3
-1.972,-6.108,1
1.4305,0.9018,2
-0.85891,-4.3802,1
-0.88274,1.5136,1
-2.7844,-0.29414,3
0.75272,0.87292,3
-1.8986,-1.2764,2
-1.2015,1.1037,3
-2.833,0.15377,3
0.72414,0.43998,1
-2.8472,-4.5883,1
0.2414,-1.8645,1
0.14987,1.3335,3
3.0034,1.5948,1
4.3779,0.70256,2
3.0898,3.008,3
-0.19551,-1.7304,3
-0.75606,-0.58534,1
5.8299,0.013697,1
-2.6324,1.1868,1
-0.12843,2.8768,3
-2.7532,-0.49774,3
-0.23219,2.6706,1
-1.4929,0.61786,1
2.1179,-1.6063,2
-0.2627,-2.7534,2
-1.1187,0.63969,2
1.2122,1.6233,3
-0.66297,1.1438,3
2.4961,-2.7408,2
3.3103,-0.96484,3
-4.111,-1.55,2
3.387,-3.173,2
2.5398,0.9905,3
4.6249,-1.7449,3
-2.2163,2.954,2
2.1197,-0.50275,3
-3.9255,-1.6158,2
-1.6156,-1.8112,3
2.1673,0.084669,1
-2.3165,2.1724,1
0.90975,1.6685,3
-3.822,-1.0411,1
0.4835,2.8781,3
0.057254,0.33779,2
2.3202,0.29183,3
-1.1799,2.3108,1
-3.2854,-3.8363,1
1.1996,3.7514,2
1.2098,0.90809,3
5.5344,-0.62574,3
-0.11648,3.1693,3
-2.2755,-0.2453,1
1.5743,1.6075,2
-1.7689,1.3353,1
-4.4644,-4.8258,2
0.29421,-1.743,2
-1.8546,0.75344,3
1.8896,0.41188,3
-2.0078,-0.13588,1
0.1298,2.017,3
-0.67909,1.4983,1
4.3859,1.7164,3
1.0808,0.87141,1
1.8398,5.3109,3
0.15741,1.7109,3
1.6065,-2.8993,1
3.2183,1.2257,2
-2.6178,3.0624,3
-0.61623,-2.5404,3
0.84206,-1.0001,3
-0.65315,-2.7255,1
0.0054151,-0.57932,1
-0.28539,0.23893,1
-0.032377,1.3838,2
5.7392,-2.0752,3
-1.1377,1.7664,2
-1.954,-0.51528,1
4.1779,1.9977,3
0.24815,0.90938,3
0.41858,1.9695,2
-0.67652,-0.3132,2
-1.0994,-0.0006731,3
0.64327,-0.89592,2
0.0043543,-0.81455,3
0.12875,3.3699,1
-2.3711,-4.3528,1
-2.2949,-0.61893,2
3.1242,1.4286,3
-2.717,1.3338,3
-1.1179,-4.489,1
-2.1205,0.4455,3
-4.3689,-3.7761,2
-0.17102,-0.24105,2
1.8823,1.2626,3
1.8187,2.9672,3
-0.010256,-2.7212,1
-1.6681,2.2461,1
1.5318,0.79067,3
-1.2993,1.6364,3
-4.4117,-0.13752,1
0.18083,3.9405,3
1.3223,2.7909,3
-1.5663,-4.2899,2
3.4229,-0.98556,1
-1.809,1.3597,1
-3.4492,0.65326,2
0.38293,3.4531,3
-1.9575,-1.6294,1
-4.8012,-2.8896,1
0.30458,2.2152,3
-3.0322,-3.2625,1
3.7269,1.2064,3
2.5488,5.8196,2
0.48542,-1.3659,1
-0.19026,-0.85961,3
3.7111,2.8249,2
1.5643,2.6845,3
2.7811,-2.18,3
-1.8399,-0.75862,2
0.35504,3.3187,2
-0.26477,-1.6947,3
2.6712,3.272,3
1.6644,0.15455,3
-0.41336,2.639,3
-2.1274,-4.2018,1
0.68877,-1.7846,1
1.0772,0.12477,1
-0.052755,-0.22994,1
1.5423,0.86218,3
1.7098,2.9504,1
-3.4599,-0.12767,1
2.5408,-0.19249,3
-0.51307,0.18769,1
1.2776,-1.2567,3
-0.94809,-2.376,2
0.2653,-0.86392,3
-2.3831,1.6596,3
0.87945,1.3452,3
-0.99145,-5.567,1
0.021516,-2.9935,1
-1.808,-0.84097,1
2.0882,0.96179,3
0.28392,-2.1345,3
-3.551,0.37229,2
-2.5865,3.5681,3
0.62408,0.96923,3
2.1861,0.93843,3
-0.016959,0.61665,2
-0.98391,-1.2057,1
-1.2968,-0.24586,1
-3.0477,0.61104,1
3.3852,3.3537,3
-0.30813,0.94773,1
-2.398,3.7157,1
-2.4276,0.414,3
4.3467,-1.5161,2
2.1645,-3.2924,3
0.77694,-4.1349,1
-2.8434,-0.96616,3
1.4098,1.4206,2
5.0732,3.8942,3
-3.3678,1.1515,2
3.311,-0.01744,3
-1.2706,5.5193,1
-0.53299,-3.4923,1
0.17229,-0.14968,1
1.3109,3.7384,3
0.72757,-2.8494,2
-0.66527,1.7209,1
-2.092,0.53445,1
2.0046,2.6527,3
4.3085,1.9474,2
2.1803,1.1599,3
4.3839,0.14697,2
0.75273,-4.297,1
3.8851,0.97654,3
-1.1884,-3.758,1
1.1282,0.54523,2
-0.2407,3.4797,3
0.99042,-2.1675,1
2.0961,-0.82125,1
-2.0592,-3.3537,1
-1.4915,-0.63205,3
0.66775,5.6332,3
1.3862,-0.72926,2
0.74314,2.3952,1
0.29769,3.5786,1
0.58056,0.07381,3
-2.6061,-0.68839,1
-1.1141,1.242,3
0.95948,-0.26518,3
2.0001,0.27062,3
-4.1391,-0.43428,1
1.5706,-4.2718,2
-2.5654,-2.265,1
-1.7235,0.44791,1
2.0177,0.11403,1
-3.3579,-0.73513,3
0.36164,2.4244,3
5.7961,3.4411,3
4.0945,4.8145,3
1.8251,-1.4865,3
2.5656,-1.3538,3
-1.815,2.3982,1
2.6911,5.613,3
3.7505,-2.9258,2
-3.0754,2.4446,2
1.7406,1.8244,2
1.4147,0.029779,3
3.5497,3.4839,3
2.8682,2.2688,3
-0.81901,-0.248,1
-0.9232,3.4662,3
-1.3791,-1.8615,1
-2.2588,0.086499,3
2.7322,-1.6966,1
-2.4039,-0.025765,1
-1.9968,-3.5285,3
1.2949,-3.0546,1
