1.7783,3.0525,3
-1.4472,-1.0913,1
4.826,-0.035292,3
5.6823,4.9616,3
-2.6082,3.3841,3
-3.7504,-4.9329,2
-6.2228,-3.4333,1
2.5213,5.5881,3
5.2168,3.7819,3
0.68595,0.26767,3
3.5264,1.5926,3
2.7332,3.2868,3
-2.2134,1.9754,3
1.8305,2.8216,3
2.4576,1.2053,3
-0.064504,-0.81476,3
2.9833,0.86583,3
3.0375,2.6465,3
-0.18905,1.2498,3
4.4386,3.9029,3
6.8195,1.9529,3
2.1244,-0.92017,3
1.541,-1.0457,3
2.3747,0.71934,3
4.5286,1.8175,2
1.2311,2.1257,3
3.6476,2.8001,3
4.1798,7.3155,3
5.3589,2.8897,3
5.0621,0.091528,3
-0.81599,4.0964,3
-0.3423,4.9107,3
-0.8799,0.51618,2
0.529,4.3555,3
3.9735,4.4447,3
3.1676,5.6331,3
2.4876,2.704,3
-0.014872,-1.3192,3
2.7443,5.0901,3
1.363,2.509,3
4.9105,8.5561,3
0.88541,-0.11306,3
4.2192,2.2341,3
2.8552,1.6552,3
0.033612,2.1045,3
4.7848,2.1607,3
4.7157,8.8396,3
3.3503,4.4356,3
0.37721,0.70924,1
-0.037321,2.2715,3
0.91986,1.3329,3
0.86134,1.8229,3
-0.17079,-0.015749,3
1.7117,4.0782,3
6.5875,2.2894,3
2.6186,-1.0959,3
4.4632,1.643,3
7.3135,3.1498,3
5.9586,8.367,3
4.1889,4.1154,3
4.4536,7.0345,3
4.181,-0.34173,3
1.7179,3.2441,3
-0.66654,-1.8059,3
2.7346,0.6362,3
2.084,1.8088,3
-2.1735,-3.6867,1
2.755,1.5197,3
-2.6086,-1.9533,1
0.86034,1.9842,3
-0.56847,2.9737,3
-0.63959,2.7789,3
-0.45375,3.0285,3
0.98608,3.1494,3
-0.18809,0.19955,3
1.741,1.6431,3
2.188,4.6154,3
1.1281,5.8936,3
4.2066,1.7227,3
5.2937,4.1742,3
0.92306,3.9531,3
-3.4898,-2.9768,1
-1.0473,1.3132,3
3.8075,1.1958,3
3.3667,4.5068,3
0.41256,3.3934,3
4.9824,6.0322,3
-1.0234,1.0997,3
1.9318,4.5379,3
3.6882,0.75469,3
4.4543,4.5606,3
1.4553,1.6376,3
3.9967,6.673,3
4.4084,1.8793,3
4.7908,2.5501,3
2.9794,1.4564,3
3.2989,5.8793,3
3.2792,1.8802,3
-1.7256,-3.096,2
-2.6255,0.16093,3
2.0195,3.8163,3
3.925,1.0927,3
3.632,-0.06161,3
2.8795,3.4078,3
3.5634,3.0502,2
4.882,1.1744,2
-1.3195,-5.375,1
8.4109,3.7829,3
-0.19751,0.87372,2
3.5051,6.2621,3
-0.51338,-1.0447,3
-0.51753,-2.0163,2
-4.4303,-3.3042,1
0.99241,0.037802,3
2.0051,5.7669,3
2.9159,3.0532,3
-7.1071,-7.7251,1
4.713,1.8862,3
1.0816,4.7974,3
1.0295,4.1331,2
1.6871,-0.29074,3
4.6326,3.7333,3
-5.3744,-3.1808,1
5.4855,2.3952,3
3.041,2.4524,3
6.7093,6.1749,3
4.448,3.4269,3
3.101,5.8334,3
3.4925,6.5532,3
1.3171,4.078,3
-1.6837,1.4597,2
1.2059,0.36388,3
5.1641,4.8191,3
3.5577,1.3311,3
-2.7859,1.6307,3
0.85057,4.3076,3
-0.31601,1.4581,3
6.1922,4.2105,3
-0.47213,1.8217,3
-1.5802,3.3392,3
4.2559,1.46,3
0.17607,5.9248,3
5.5246,3.4457,3
-5.3966,-0.9674,1
1.4242,0.88769,3
6.3428,5.5066,3
2.574,1.138,3
-0.36319,2.2901,3
3.3314,1.0742,3
4.0374,4.5199,3
1.613,-0.7763,3
1.5529,1.0479,3
-3.4154,-7.6157,1
2.1822,3.3898,3
2.6296,1.5879,3
1.721,-3.0789,3
3.2013,2.2665,3
2.0412,2.0826,3
4.9991,1.3357,3
7.2974,3.5724,3
1.3364,3.3345,3
1.6366,1.7437,3
5.4128,2.0585,3
1.4087,-1.1929,3
3.5526,0.24203,3
2.6351,1.4653,3
7.0637,5.6635,3
1.7893,4.5,3
5.363,2.3921,3
3.1588,-2.0122,3
0.31057,-0.51006,2
1.742,-2.1639,3
4.0406,2.6576,3
0.080027,-1.1326,1
5.3563,1.3743,3
5.4603,4.07,3
-0.82202,-3.4613,2
-2.6277,-1.11,2
2.54,2.8035,3
6.1767,0.88182,3
2.6293,2.1653,3
-1.5475,-0.55733,3
4.3905,3.952,3
3.6713,5.1468,3
3.0259,5.5094,3
2.9282,2.31,3
2.1692,0.49213,3
5.0455,0.63047,3
4.6562,4.0833,3
2.8441,2.3744,3
4.4823,2.3357,3
1.3627,5.2078,3
-1.9047,1.3772,3
4.5049,3.9871,3
0.71149,2.1798,3
3.0971,0.75682,3
2.9488,5.3074,3
1.217,-0.017867,3
3.782,-0.71383,3
4.973,2.136,3
5.135,2.3555,3
1.9328,0.72457,3
-0.010099,1.7551,3
1.048,2.9469,3
0.78679,1.7374,3
3.4481,3.3984,3
2.1984,2.1397,3
2.4139,3.7524,3
5.6133,8.0657,3
0.92125,0.35203,2
3.1046,4.2062,3
4.4741,4.0112,3
3.9079,5.7226,3
2.2783,7.3919,3
-1.5266,2.3378,3
3.2255,2.5313,3
-4.3062,2.7369,2
5.476,4.8508,3
-4.4523,3.9704,2
4.7701,-0.0020921,3
-5.5837,-3.8136,1
2.6941,-2.0365,3
0.50898,1.5101,3
4.8362,1.7535,3
1.5026,5.6355,3
2.1925,3.4389,2
3.8887,2.1489,3
1.4256,3.1352,3
-1.2075,-1.3632,3
0.57481,1.2328,3
-1.8552,-1.0823,2
1.6118,3.1384,3
4.4736,1.4056,3
0.070309,3.3537,3
4.5754,1.3568,3
-2.1891,0.065852,2
3.5401,0.74872,3
0.15029,2.7661,3
1.355,3.0516,3
-5.3772,-6.5415,1
6.2618,1.9539,3
2.0488,2.0887,3
0.73501,1.3765,3
5.2053,2.4822,3
0.17226,1.7024,3
0.95856,1.543,3
3.7632,3.0637,3
5.1754,3.547,3
6.4447,2.7847,3
5.8411,6.6983,3
5.177,4.2969,3
6.4015,1.5774,3
5.1497,2.27,3
0.49978,1.2575,3
0.44838,-0.76435,2
0.73303,1.5619,3
1.86,2.0901,3
5.3048,5.6547,3
1.0303,1.4964,3
2.2949,5.4789,3
3.8358,2.6913,2
-6.0496,-3.5011,1
3.3238,1.2523,2
4.3943,5.1159,3
0.0017629,-2.6651,3
1.7958,6.7436,3
3.8478,5.7934,3
3.4642,7.1452,3
-1.2076,1.2679,3
3.5756,-0.080426,3
2.4569,-0.30213,2
2.4586,2.2178,3
1.6796,2.3335,3
4.6092,2.5876,3
1.1025,2.5002,3
0.28668,3.084,2
4.7665,3.4234,3
4.9794,2.0448,3
0.1625,4.6327,3
4.1977,6.3783,3
2.0644,-3.7544,2
4.039,1.6991,3
2.5045,2.5923,3
6.2451,6.379,3
3.0569,1.7653,3
-4.6922,-4.8939,2
2.263,1.1833,3
5.1795,3.7867,3
6.7467,3.6629,3
2.5338,1.5225,3
1.7565,3.0376,3
4.1288,4.5413,3
4.0916,4.6579,3
1.4362,1.3894,3
4.4273,0.025123,3
-2.6066,3.8172,3
4.5384,1.3186,3
-0.52177,1.9723,3
1.7277,3.8042,3
5.9301,1.266,3
5.2606,4.6054,3
2.7322,0.89839,3
2.4749,1.2798,3
-0.65672,3.8273,2
4.5714,3.218,3
3.34,2.0034,3
3.5553,2.5352,3
0.88714,4.706,3
0.85195,1.3294,3
5.3041,1.4823,3
2.0976,2.8289,3
3.4366,2.9736,3
3.9534,10.218,3
2.3478,6.4368,3
2.143,2.5508,3
-1.2404,0.25865,2
2.9475,3.6975,3
2.5461,2.8315,3
5.4629,4.767,3
2.4583,5.3974,3
1.2296,1.7301,3
3.9462,7.0483,3
2.5685,3.768,3
3.8252,0.84137,3
8.8992,3.481,3
3.0069,-0.037413,3
-0.5803,2.1933,3
5.0785,4.7127,3
4.0751,2.5205,3
2.001,5.0811,3
0.51825,2.7667,3
0.61662,3.185,3
6.6134,2.9904,3
8.0352,3.0225,3
5.286,3.9619,3
2.0047,1.0911,3
-0.18486,1.0652,3
5.2932,0.6477,3
3.9895,0.29283,3
-5.675,-3.3059,1
2.7226,3.8312,3
-1.7894,1.2076,3
-1.8904,-4.6838,2
-1.8586,-3.4642,1
3.463,2.433,3
2.4942,1.4334,1
4.0939,0.92208,3
0.37591,-1.4489,3
0.81688,3.5124,3
2.4799,4.6937,3
1.7733,0.79506,3
4.737,3.7885,3
-0.23339,0.97581,3
2.1651,2.1464,2
4.9814,1.5686,3
1.7886,5.3044,3
-0.44147,3.8125,3
-2.5103,-2.1821,2
2.4167,5.9769,3
0.85656,-1.6609,2
2.4075,4.1251,3
5.6904,2.0901,3
3.072,4.0354,3
4.7971,0.55609,3
2.0435,5.5416,3
1.2727,1.998,3
3.4261,2.6409,3
-3.0053,-2.27,1
6.4526,3.7993,3
-1.1314,3.5611,3
1.4667,0.90142,3
2.5081,3.2505,2
-0.45077,2.3927,3
2.095,1.2618,3
3.2768,1.1994,3
0.2252,6.3117,3
1.7527,2.4067,3
1.9791,0.86368,3
4.0274,4.8516,3
2.0002,1.518,3
0.80288,-2.0866,3
4.3768,1.9683,3
-0.54707,0.89496,3
0.2736,-2.4723,2
0.17106,3.5141,3
-1.0377,-3.2785,1
3.8015,2.5087,2
3.2642,5.9364,3
-2.5985,-1.2766,1
2.9214,5.1171,3
0.93787,4.2978,3
5.2244,5.4344,3
1.9483,4.1465,3
2.6948,-0.27123,3
5.0395,0.14281,3
0.23395,-1.5647,1
2.7254,3.1225,3
1.9846,2.3499,3
-0.2107,3.3345,3
0.63017,0.49054,3
-0.39062,3.4299,3
-2.3119,3.1553,2
5.637,3.2282,3
-1.1059,-0.38022,3
-0.4717,-2.772,1
0.23061,-3.2473,2
-0.30157,4.5936,3
1.4611,2.3263,3
5.9946,3.071,3
2.2282,0.60531,3
2.6524,2.3924,3
6.6562,5.6933,3
2.2823,7.0238,3
1.3587,1.4692,2
3.4003,5.1851,3
0.97498,2.2868,3
2.7117,3.4761,3
2.9062,5.7505,3
3.244,4.0872,3
5.4276,2.4812,3
-2.8137,2.6489,2
0.60658,-2.4145,1
-4.4246,-1.9464,1
2.1933,2.9818,3
3.0038,2.6477,3
-3.8401,-2.6213,1
3.1283,1.3313,2
-6.0149,-0.26425,1
5.7168,4.7542,3
1.9071,2.1126,3
2.5894,6.0569,3
3.898,-0.50947,3
4.4008,2.4473,3
1.6721,2.2909,3
3.7558,1.4349,3
-3.2855,-2.8065,1
4.3452,3.2893,3
-3.3578,0.5207,3
2.1075,-0.51422,3
5.6108,6.4613,3
3.4464,3.7109,3
1.4609,3.7139,3
-3.4685,-4.1546,1
0.16601,2.6801,2
3.3724,0.33098,3
0.69011,2.5385,3
3.3417,2.9967,3
0.52895,3.3211,3
1.0015,2.1992,3
1.0818,1.0544,3
2.2691,1.7851,3
3.8829,6.7106,3
1.0936,1.587,3
2.93,-0.60405,3
4.6489,5.4673,3
-0.517,2.3667,3
1.1943,-0.51944,2
3.4379,4.2418,3
1.1116,-1.1891,3
3.6394,-1.3584,2
4.3269,3.1224,3
2.6134,-0.7481,3
0.48749,0.077619,3
3.3562,3.7316,3
2.7875,0.22304,3
3.736,4.453,3
-0.18207,-1.1722,2
-0.96362,-1.2183,2
0.31371,0.7376,3
6.2692,5.8611,3
2.814,2.9817,3
-2.0896,6.482,3
3.8133,3.3406,3
5.8716,4.1697,3
1.0858,-1.7516,3
1.7269,2.3192,3
2.5167,1.9403,3
4.8119,6.7826,3
1.1648,4.2252,3
2.344,1.3573,3
2.4086,2.9362,3
3.3094,3.5187,3
0.2333,1.5121,3
3.9077,4.5841,3
3.3444,2.9366,3
2.3364,4.7243,3
-0.71731,2.2732,3
-5.0861,-1.3448,1
1.7877,3.2041,3
-0.78903,-1.9454,3
1.4596,3.3206,3
7.424,8.853,3
-0.56656,0.13492,3
-2.7802,-4.5395,1
3.8912,2.8453,3
-2.3635,-3.6326,1
2.4836,3.0805,3
2.1664,2.2486,3
3.2985,6.2463,3
5.5068,0.52896,3
2.6519,2.6746,3
1.2914,-2.1149,3
2.4037,1.346,3
-0.43511,3.1909,3
-0.21934,-0.91827,3
2.5811,4.8983,3
-2.0072,-0.60325,2
3.1956,1.237,3
5.0298,1.0777,3
1.6185,0.97523,2
5.2831,2.2426,3
4.9589,3.5475,3
6.2113,4.2053,3
5.2844,8.1797,3
1.5591,0.75175,3
7.3549,4.344,3
4.6934,6.3881,3
1.6788,2.4795,3
3.9051,1.3375,3
-0.10814,2.6433,2
1.3555,2.3039,3
4.9938,9.0506,3
7.0139,3.6876,3
2.8665,4.5439,3
2.4411,4.187,3
3.7751,1.9237,3
3.9732,2.6076,3
1.7775,0.74424,3
0.27713,3.3188,3
-3.2586,-1.815,1
-2.1242,-0.53834,2
5.1181,1.0983,3
1.2644,5.194,3
3.9548,5.2505,3
2.4404,3.2136,3
6.1892,3.4108,3
2.5486,5.3513,3
-1.689,-1.8728,1
5.7984,4.1092,3
-3.8532,-4.3778,1
1.8594,4.5281,3
2.2015,3.4425,3
2.4746,2.0055,3
-1.3106,-1.8567,1
6.4769,5.3731,3
-3.4775,1.4791,2
2.3729,4.7399,3
1.8477,4.8655,3
0.37335,5.5098,3
1.7718,4.8519,3
3.6222,3.2159,3
2.87,6.632,3
4.1096,3.7294,3
-2.897,-0.71305,3
5.0485,1.6881,3
-5.809,-0.60794,1
7.0091,4.0389,3
0.5237,4.1249,3
6.3415,1.2663,3
4.8358,3.7831,3
1.0235,3.7972,3
4.5039,2.9963,3
1.8211,3.1087,3
-2.6354,1.5652,2
-0.45354,0.41472,3
3.1649,5.7122,3
-2.7823,2.0976,2
4.1354,4.1007,3
0.68641,2.017,3
3.7148,1.0861,3
1.5239,2.955,3
-0.85216,-1.5751,1
-4.2025,1.1691,2
4.5588,5.8853,3
1.7806,-2.0181,2
1.0911,2.429,3
1.1005,-1.8377,3
-1.5754,-4.8474,1
3.0235,3.4693,3
2.0321,0.79156,3
4.5237,2.8104,3
2.8527,0.68974,3
4.7362,6.6187,3
4.5118,0.53825,3
1.6685,4.4537,2
-1.1346,2.3393,3
4.7792,1.1256,3
2.2535,3.8308,3
-0.73186,-0.21152,2
5.9992,5.2248,3
-4.592,-4.765,1
-0.43134,3.593,2
3.3436,5.0329,3
3.2988,0.14365,2
4.5334,-0.1153,3
5.3705,2.4023,3
3.3731,1.3987,3
3.7336,3.6188,3
0.50758,3.2616,3
2.5972,3.5795,3
0.59689,0.36426,3
6.564,6.3372,3
-7.0633,-3.9228,1
1.3282,0.84574,3
0.21792,0.46481,3
4.0659,3.1341,3
2.69,6.8856,3
2.9111,4.6731,3
-1.2024,2.5766,3
6.8579,2.2375,3
4.478,2.5799,3
4.8997,5.0737,3
1.9263,3.4005,2
3.1819,3.7353,3
0.41355,7.0262,3
0.94194,3.2702,3
4.8914,1.962,3
0.95857,0.41187,3
4.5948,1.6746,3
3.0681,4.0465,3
1.552,-0.60232,2
4.6752,2.1384,3
2.8908,-0.04636,3
4.0044,5.0976,3
2.6129,3.6689,3
3.8251,4.3282,3
10.546,6.198,3
5.3867,6.0641,3
5.6176,1.2643,3
0.47464,0.44526,3
0.99018,2.1076,3
-1.2828,3.1384,3
1.6701,-0.94797,2
2.7157,2.0916,3
3.6353,4.5363,3
-0.26505,-0.16815,2
5.527,4.6502,3
-1.3454,-1.2649,2
2.0307,4.0565,3
-1.0294,-5.89,1
0.41879,-1.168,3
2.9815,4.7018,3
2.0136,2.9562,3
3.0827,3.4395,3
5.013,7.8991,3
0.67728,8.0473,3
6.0707,7.6649,3
-0.23251,-1.4043,3
3.7213,0.86161,3
4.5003,2.9829,3
4.3434,3.7694,3
-2.067,0.34243,3
3.6849,3.7499,3
2.9223,5.8663,3
1.0629,2.9499,2
3.6674,6.1415,3
3.6295,4.0242,3
-2.2895,2.8967,3
4.3812,2.7089,3
0.0017252,3.8649,3
0.36155,5.412,3
4.7314,2.707,3
-0.77172,5.1126,3
1.0116,7.8602,3
4.0421,5.4894,3
-0.86261,3.1526,3
3.5757,1.6913,3
1.0852,2.848,3
1.2099,0.29021,3
-2.8893,-4.4523,1
0.38521,-4.16,1
4.6704,0.28538,3
-0.93053,1.052,2
-0.70436,3.736,3
5.0036,2.2153,3
3.909,0.12843,3
-4.2657,2.4454,3
5.2693,5.624,3
4.6135,2.5863,3
4.0876,0.73439,3
0.6098,4.2784,3
1.7484,4.1687,3
3.4155,7.2952,3
3.4212,4.1721,3
6.0206,0.53295,3
4.6982,3.7045,3
1.7436,5.4994,3
3.4568,2.572,3
-0.99547,-0.14858,2
0.6157,3.9002,3
0.37792,3.6424,3
5.0182,5.5618,3
1.0364,0.46345,3
5.3,3.2287,3
6.5096,3.5448,3
-0.3027,-3.311,2
2.225,3.4139,3
2.2759,0.80119,3
1.9352,-0.45095,3
4.2488,5.4518,3
6.4593,3.3917,2
2.0624,0.92312,3
0.87395,4.255,3
5.0659,2.0588,3
2.417,2.4958,3
0.85631,1.1951,3
3.7466,4.9957,3
9.5096,4.3072,3
1.133,6.2429,3
0.49954,4.4866,3
3.5564,3.2876,3
-0.46956,-0.58485,1
5.4082,3.6859,3
1.7864,-0.032455,3
6.3016,6.5479,3
10.509,3.9888,3
-0.54279,3.4623,3
3.9084,4.1411,3
4.5481,2.9348,3
5.8914,2.5764,3
-0.7363,-2.1551,2
2.0607,1.503,3
5.4709,0.63054,3
2.2229,3.5693,3
2.1203,6.6465,3
3.5791,0.62178,3
2.0589,3.6244,2
6.4068,1.775,3
4.1238,6.3462,3
2.2961,4.5656,3
2.0017,0.3498,2
1.72,7.2661,3
5.9303,5.8017,3
0.579,0.89536,3
4.0836,3.9451,3
3.797,2.5784,3
4.3186,1.6122,3
1.5611,7.5458,3
1.2448,3.7943,3
3.9946,4.0448,3
3.3578,5.906,3
3.7717,3.9854,3
4.6543,1.5165,3
4.4065,4.2813,3
2.5665,1.9285,3
-0.47644,0.47813,2
4.2841,2.3928,3
5.8578,4.0169,3
3.7934,5.3687,3
3.3803,3.7793,3
4.5738,3.2088,3
4.0072,0.92863,3
5.4251,4.1366,3
5.2158,-0.89054,3
-8.8398,-6.4413,1
4.2456,4.4758,3
-1.738,2.7128,3
2.276,1.8599,3
7.0372,6.0778,3
0.24698,1.0532,2
3.6722,2.3669,3
3.273,4.8008,3
6.7679,7.9126,3
0.91947,-1.0218,2
5.3658,3.1493,3
0.58896,-1.0543,2
4.4729,9.2975,3
1.5112,5.4325,3
5.0855,4.3495,3
3.548,3.1245,3
2.2298,3.7625,3
3.5798,1.6518,3
3.6482,1.8996,3
4.9558,7.7296,3
1.7239,4.072,3
2.9607,0.63832,3
-0.08255,-1.2339,3
3.6581,4.4454,3
0.21722,3.4963,3
-6.0148,-7.2686,1
-2.8002,3.7512,3
0.06272,0.79616,3
1.2265,3.3844,2
0.14739,6.2649,3
3.6051,3.0442,3
3.8274,0.21322,3
0.028925,1.7176,3
-4.1306,2.2247,3
-6.0199,-3.7197,1
5.0815,2.1057,3
6.9324,4.162,3
3.7288,4.0468,3
3.0685,3.6701,3
4.3438,2.0616,3
-1.6536,3.3465,2
3.205,4.5704,3
1.7639,2.8955,3
6.1338,4.8769,3
7.4984,4.4862,3
1.2352,3.7432,3
4.8705,3.738,3
-3.777,-4.2685,1
5.8759,4.4103,3
3.8816,1.5132,3
4.8303,2.4682,3
4.1359,1.3253,3
3.6474,2.8196,3
4.6315,3.815,3
2.8396,6.4765,3
2.845,5.4545,3
1.318,-4.9137,2
0.50899,1.798,3
5.0857,1.4696,3
-2.3212,-0.70016,2
1.79,2.4527,3
2.2311,6.1856,3
2.3008,5.5569,3
3.6599,4.9972,3
6.6617,7.2956,3
7.6272,1.4067,3
-1.4326,3.6016,3
3.4039,2.5035,2
-0.7864,1.0195,3
-0.6905,4.9575,2
4.9342,-0.038389,3
3.8159,5.633,3
3.5119,1.7151,2
4.2241,3.4045,3
5.0642,5.4203,3
0.58183,3.2662,3
-0.42656,4.9426,3
5.8669,0.291,3
3.1521,1.5321,3
-2.567,-1.9551,2
2.1418,-0.50978,3
3.6317,2.269,3
3.7377,5.3061,3
-0.61807,0.077388,2
1.0217,6.9838,3
0.63502,1.2271,3
1.7553,1.5825,3
0.96268,-1.8604,3
1.3524,5.966,3
3.6207,1.9223,3
-0.0099875,-1.5924,3
5.1183,6.065,3
-5.0104,-4.106,1
4.2601,6.1734,3
0.46945,2.002,2
3.2571,2.3809,3
3.3376,2.9196,3
-1.2713,-1.6718,2
3.5834,0.87632,3
2.4388,2.4715,3
3.9843,2.4067,3
2.6937,6.8212,3
-5.4997,-4.2382,1
7.0751,0.38671,3
-0.47753,4.7666,3
2.0532,4.3885,3
4.4302,5.4494,3
0.67312,2.94,3
5.0469,4.3942,3
0.92461,3.7094,3
4.3241,2.5578,3
1.539,1.6446,3
0.33109,2.9466,3
-0.69983,3.0169,3
2.1143,4.4994,3
-0.99032,0.13527,2
5.7169,1.7879,3
1.729,8.3123,3
4.198,2.5193,3
-5.0849,-1.6393,1
4.785,1.9739,3
0.49373,4.172,3
-1.7184,-1.451,2
1.6181,1.4518,3
5.0676,-0.44135,3
0.42097,9.6656,3
-0.67487,0.63162,3
0.78961,1.3434,3
0.70748,-0.84009,2
4.1298,1.5575,3
4.6984,1.2272,2
4.9813,1.0949,3
2.1262,3.8519,3
6.1233,-0.37461,3
2.3036,2.956,3
6.247,6.3566,3
-3.6828,-5.7222,1
-3.9565,-0.75194,2
1.612,4.7759,3
4.2155,-1.7134,3
3.6479,3.2418,3
1.8264,2.5879,3
-0.097795,4.3615,3
5.095,4.3339,3
-2.5255,-0.65854,2
0.47987,3.7745,3
2.8984,3.404,3
10.103,3.844,3
7.86,2.1991,3
1.4665,-1.4878,3
2.3887,6.078,3
4.4283,-2.052,3
3.481,0.0024172,3
-0.053084,2.8874,3
5.0117,4.8484,3
1.8533,0.94887,3
-1.0278,5.4111,3
5.3875,2.7477,3
5.32,1.0664,3
2.5347,2.7111,3
0.10101,1.3254,3
6.7303,-1.6396,3
1.6394,7.1078,3
1.7691,4.5527,3
2.9875,1.3378,3
2.7091,0.20678,3
-0.66913,1.2984,3
2.8301,2.3315,3
3.0123,3.6369,3
3.7136,2.7265,3
4.7186,6.6806,3
-0.45003,-1.9594,3
2.9998,2.6794,3
5.2265,3.0297,3
4.8875,4.7466,3
4.8081,1.6544,3
0.61497,-3.3323,3
6.3111,3.6674,3
1.7211,4.2414,3
1.0787,4.0455,3
4.2402,4.4143,3
2.2093,1.3135,3
0.48855,3.9766,3
6.5426,-1.921,3
3.7019,5.3118,3
2.5301,-0.73229,2
1.2596,4.3525,3
2.2375,1.2011,3
-0.049746,0.2428,2
3.1681,5.3172,3
-1.8055,-3.7761,2
5.0356,3.2538,3
-1.724,-5.4467,2
3.8081,0.23759,2
-0.071355,-4.306,3
3.5137,6.4014,3
6.1137,3.1654,3
1.9339,3.5231,3
3.9688,1.1627,3
-1.0042,4.2573,3
2.5861,5.4357,3
0.77977,2.2174,3
3.9165,1.6777,3
2.4649,5.7997,3
3.8782,4.0162,3
1.8629,3.6143,3
-0.17179,2.1535,3
-3.7126,1.1075,3
3.1677,-1.0058,3
2.4512,1.1236,2
2.3014,4.2076,3
2.8815,4.1136,3
1.8761,1.3319,3
2.164,3.4707,3
1.4365,5.6252,3
5.2857,1.3466,3
4.8846,4.1292,3
5.5179,4.643,3
2.89,1.601,3
4.4212,4.5015,3
4.2616,6.1702,3
3.7517,1.2594,3
2.7871,3.9171,3
2.97,6.1961,3
3.8596,2.4648,3
3.82,2.8993,3
3.0452,3.1133,3
-2.2858,-3.1042,3
-0.39969,0.86398,2
-2.9595,-2.0869,1
-1.7349,-0.14844,3
2.4751,5.3914,3
3.5385,3.1056,3
3.4082,3.541,3
0.97758,2.633,3
4.7155,4.2841,3
1.311,2.3849,3
2.3569,4.5036,3
4.5824,6.3183,3
3.8128,3.8212,3
-1.1489,0.081215,3
-0.43878,2.9743,3
3.6013,0.69565,3
4.2168,6.9044,3
3.5549,6.9491,3
2.5469,2.025,3
4.4459,3.9898,3
-1.9591,-1.0011,3
-0.80673,-1.6308,2
7.1839,5.687,3
2.0775,6.4594,3
3.7597,3.2196,3
-1.166,-1.4411,3
3.5358,0.39925,3
-2.5763,4.3497,3
3.92,6.1602,3
-0.43648,-2.4825,3
0.20706,2.4465,2
-5.398,-1.3518,1
4.6562,3.4452,3
-0.030929,3.531,3
4.2812,4.4231,3
0.6004,-0.2883,2
0.34101,0.82914,3
5.32,6.8447,3
-1.1509,0.76149,3
-2.566,-0.12918,2
6.5961,2.7675,3
0.45829,2.7253,3
-4.2095,-3.7755,1
5.4861,5.7996,3
0.85768,1.2173,3
5.6044,5.293,3
-0.55421,4.217,3
0.63277,0.18992,3
5.1162,6.2695,3
3.093,3.5235,3
1.1176,3.2188,3
1.6643,1.1289,3
-0.30116,-1.3621,2
4.8295,1.2684,3
4.9655,1.0412,3
-6.7012,-4.2741,1
1.8674,0.80167,3
4.8343,2.0033,3
3.6597,5.7611,3
-4.2334,-3.8832,1
1.8201,1.1655,3
4.9246,5.2553,3
1.9591,4.7227,3
2.8529,3.4528,3
2.4168,4.6134,3
7.3852,6.0228,3
2.8994,4.0498,3
3.6526,0.62483,3
2.6559,4.1773,3
2.1432,4.645,3
1.4501,4.0361,3
4.0669,5.5344,3
4.345,4.3308,3
2.7965,1.1484,3
3.9853,1.6486,3
5.55,6.2717,3
2.9378,4.785,3
4.3208,3.9008,3
2.408,2.0322,3
2.5107,2.8837,3
1.6712,2.098,3
5.674,-1.8017,3
1.9361,0.19956,3
0.2098,2.9907,3
1.6319,2.769,3
1.8619,4.0927,3
5.0363,1.2107,3
3.2127,2.7921,3
-3.3377,-4.8733,1
-0.25547,2.8906,2
3.7,5.1022,3
3.8771,0.92688,3
-0.67964,2.8983,3
2.096,7.9683,3
3.452,6.6543,3
8.7387,8.1692,3
5.9264,4.3335,3
-0.15878,0.42798,3
1.5203,8.6715,3
-0.2875,0.34881,3
5.5245,6.2211,3
-0.79545,3.9172,3
2.0863,0.62771,3
0.38145,-2.3002,3
4.9479,3.3061,3
5.336,2.609,3
1.7632,1.4266,3
5.0291,2.6016,3
0.68807,2.9863,3
4.6374,5.157,3
-0.57565,-2.3222,2
2.5643,2.957,2
7.3441,4.9279,3
3.6563,5.1336,3
0.93356,0.18522,3
2.7078,2.3307,3
-1.8573,2.5219,2
3.5466,5.4535,3
4.5016,5.6354,3
4.3008,4.7255,3
3.7853,5.8343,3
1.708,0.90451,3
2.6527,0.59171,3
1.9948,3.6177,3
5.1778,5.5992,3
5.6042,5.338,3
-1.9471,-4.1556,1
3.7047,2.4156,3
-0.96246,5.1223,3
1.3096,3.5751,3
1.0413,2.8279,3
1.3443,-0.29417,3
5.0875,2.2913,3
-3.1173,-7.5854,1
3.069,-0.27573,3
2.792,6.4757,3
2.3601,3.2559,3
0.25495,4.7237,3
5.2125,5.8359,3
3.7885,-0.95683,3
-0.47925,1.5802,3
-1.5376,-6.4263,2
5.9292,-0.93885,3
4.046,0.78635,3
1.316,1.4739,3
1.0243,4.7429,3
4.6611,2.5141,3
4.5204,3.2461,3
0.32766,0.89919,3
-4.3629,-1.1312,2
-0.17237,3.2867,3
-0.31346,0.80705,3
5.106,5.2005,3
4.2426,6.3056,3
0.5141,2.8525,3
1.1348,0.81378,3
0.23977,1.169,3
1.9381,3.982,3
-2.3243,0.6533,1
2.2187,1.0211,2
2.6924,-0.66717,2
1.8404,1.8012,3
-0.015069,0.34501,2
4.1,-0.62085,3
2.8865,4.4152,3
6.5365,5.5169,3
3.3944,3.4318,3
3.2609,1.2422,3
2.5107,2.4447,3
3.1622,3.392,3
6.3689,4.6581,3
3.7186,3.3584,3
3.8288,3.9731,3
1.6644,0.824,3
1.1703,0.87298,2
-0.66126,6.6355,3
2.5826,7.386,3
-0.11367,6.9694,3
2.1124,0.93069,3
1.7875,5.1277,3
-5.2961,-3.7904,2
2.7457,6.8589,3
4.4932,5.3927,3
-1.7548,-1.7096,2
-2.2102,0.69766,3
3.2401,5.8999,3
-0.46014,2.4278,3
2.5583,-0.68805,3
0.76753,0.26623,2
1.7365,3.6856,3
8.9224,9.1779,3
1.5188,2.7295,3
0.19461,2.4658,3
2.5887,4.9067,3
5.1657,7.7104,3
2.8339,0.73729,3
-0.013862,3.3409,2
1.2292,4.944,3
-1.152,2.438,3
2.538,3.0006,3
4.7554,3.0139,2
0.92346,0.90908,3
1.5653,-0.13216,2
0.20741,1.2554,2
1.1114,3.1201,3
6.261,3.2421,3
1.672,2.4492,3
3.078,6.2475,3
-2.0547,5.1135,3
-0.41577,3.5096,3
2.0928,2.8212,3
1.4091,0.62812,3
4.4598,0.87797,3
0.23568,2.7938,3
4.0382,3.7267,3
2.0558,2.6075,3
6.5344,2.4824,3
3.9648,5.0916,3
3.2577,2.657,3
2.9974,6.0993,3
0.50644,3.7947,2
0.3686,5.2651,3
1.9484,3.4456,3
1.5763,4.3956,3
1.8102,2.5309,3
3.6178,4.4544,3
0.81152,3.7522,3
7.3202,4.6014,3
2.1038,4.6369,3
3.774,3.6708,3
3.5979,5.6222,3
-3.9871,-0.85198,1
3.3186,0.56777,3
3.0452,2.3338,3
4.2858,3.2898,3
4.767,4.5846,3
5.3563,2.3739,3
2.7843,1.6464,3
1.0789,4.0234,3
-3.3581,-2.2003,2
5.917,2.3206,3
3.0805,3.0506,3
-0.023655,3.0917,3
5.1836,2.798,3
-0.065735,3.4692,3
1.9704,0.95649,3
-0.48482,3.0011,3
4.3237,3.4077,3
4.6892,3.2377,3
2.9626,2.2624,3
1.6321,-0.18184,3
5.7621,1.5502,3
-0.16672,6.2745,3
2.8205,2.3759,3
3.164,4.1566,3
5.1505,0.51473,3
2.2712,0.41306,3
1.8771,3.91,3
2.5459,2.5123,3
0.34814,5.8599,3
1.7322,2.6739,3
6.2239,5.9372,3
-0.038954,3.1348,3
2.4864,6.8841,3
-2.2738,-3.135,1
3.4895,-1.0863,2
3.413,1.8962,3
1.0464,5.9776,3
6.3339,3.15,3
1.4173,2.6744,3
-3.4927,1.3016,3
2.1034,5.1984,3
0.3753,-1.2398,2
1.7365,1.8224,3
-1.0821,0.76957,3
2.8497,5.5555,3
1.8517,6.0772,3
1.5568,3.0048,3
3.05,-0.28097,3
2.5038,3.2024,3
4.6365,7.5342,3
-1.545,-0.042738,2
6.8589,3.2609,3
4.4319,4.1558,3
1.8506,0.33607,3
6.1517,5.4635,3
0.76656,1.2023,3
0.045716,2.9943,3
2.7006,3.4493,3
2.0844,0.8364,3
5.0393,3.1438,3
3.1887,4.2172,3
2.8319,0.08398,3
1.1378,3.5176,3
2.4681,4.4042,3
-2.5769,-1.1347,3
2.8328,4.6871,3
0.24949,-1.0616,2
-1.9819,-1.5832,3
4.5968,4.5063,3
4.6641,1.5059,3
5.9972,1.7417,3
-3.2679,-1.0323,1
-4.3472,-6.5424,1
6.6909,5.6879,3
-4.4288,-2.4058,1
-0.024092,4.9706,3
1.5955,2.111,2
0.33409,-0.68635,2
0.35811,-0.25899,2
2.4703,2.9165,3
5.2099,5.618,3
1.0826,8.5407,3
0.99608,-0.17285,3
-1.1769,-4.7518,2
0.63449,-0.69502,3
1.745,0.12947,2
7.673,9.7192,3
3.8214,4.1028,3
3.232,1.2334,3
-3.4767,-5.1792,1
1.0499,3.4819,3
2.1487,5.6642,3
3.407,0.27272,3
0.86449,2.6895,3
2.97,1.457,3
5.9143,2.9941,3
1.0437,4.0431,2
-2.8022,-1.8675,2
3.8304,3.0059,3
4.3437,5.7013,3
3.5168,4.7984,3
3.4568,2.0746,3
5.0492,2.935,3
3.5725,2.3355,3
-8.6274,-5.8051,1
3.3031,3.4241,3
-3.0466,-3.0717,1
3.5541,5.7711,3
-1.2088,-5.9593,1
1.8142,-0.11949,3
0.36134,-1.1545,3
-0.79555,1.2277,3
6.649,5.4178,3
2.1465,3.5647,3
2.9867,3.5294,3
5.8839,1.7095,3
3.3766,3.1086,3
10.499,2.2678,3
1.2868,2.6345,3
2.9113,-0.9199,3
-1.5061,-4.8952,1
7.4401,5.1545,3
1.1542,-0.96478,3
0.95389,0.35163,3
8.315,6.6925,3
5.9458,6.3541,3
2.9002,0.72796,3
1.8305,5.2282,3
2.425,-0.67683,3
2.4593,1.7382,3
8.1026,2.609,3
2.581,0.97605,3
1.6997,-1.9445,3
4.4766,3.0154,3
2.2645,0.60749,3
-0.11397,3.9878,3
-4.6164,-6.4945,2
-0.61903,0.38972,3
0.020802,-0.23131,2
3.8594,3.4508,3
1.2674,1.9977,3
4.1337,0.71552,3
3.5027,1.9517,3
4.3757,2.366,3
5.7762,2.3232,3
2.9234,3.6286,3
5.1983,8.007,3
-2.0868,-1.5492,1
4.0487,1.1476,3
1.1171,-0.41292,3
3.8118,0.61097,3
1.6748,0.6557,3
7.6386,2.5134,3
-3.1521,-3.3685,1
4.5524,5.9709,3
-0.56312,1.0804,3
5.1773,4.6155,3
2.3059,0.64366,3
0.091361,-1.2929,2
5.552,6.0841,3
2.8484,6.144,3
8.399,1.7169,3
1.5936,4.8106,3
-1.8521,0.54322,3
2.1022,5.2783,3
2.1918,7.1515,3
-0.049865,3.0197,3
1.3884,5.8891,3
-2.0773,3.3651,3
3.8628,2.694,3
4.0251,5.3446,3
-4.5561,-0.66795,2
4.3695,3.6503,3
2.3265,2.6358,3
-0.48638,-3.2896,1
0.59442,-0.13297,3
5.0463,2.9356,3
2.6564,3.3528,3
5.3249,4.4544,3
4.4305,3.3997,3
2.4752,-0.56482,3
2.8611,3.3329,3
1.5484,0.082508,2
7.7492,2.1884,3
2.0083,4.5251,3
0.27181,2.3216,2
2.3541,0.4942,2
1.7691,-1.8417,2
-0.82949,1.1415,3
0.29504,1.1628,3
5.1768,4.4444,3
-0.14743,0.39456,2
0.28555,-0.55174,3
5.2806,2.1355,3
-0.48815,-1.1775,3
6.4991,2.1854,3
-0.65426,-1.5555,3
5.043,1.7249,3
4.7241,1.9105,3
2.1072,0.95587,3
4.3213,5.3822,3
6.9545,1.0009,3
1.8087,1.7848,3
-0.28007,1.145,2
5.5989,0.48753,3
-1.4342,5.049,3
-1.6029,0.47915,3
6.6334,1.7187,3
3.6113,1.2809,3
2.6603,4.8346,3
8.3061,2.627,3
1.889,2.0325,3
-3.7256,-5.7669,1
2.1296,6.1306,3
-4.7362,1.4626,2
-0.70892,3.8727,3
-2.3337,1.9904,2
3.5161,3.4994,3
5.5779,1.2342,3
3.3096,0.43159,3
-4.8615,-1.0922,3
0.16436,2.0302,3
0.27231,2.4407,3
1.8258,0.60782,3
7.6031,1.9822,3
5.2153,4.1224,3
7.4051,7.3273,3
0.94386,6.966,3
1.3849,-1.4043,2
0.28913,2.4153,3
3.6154,4.7693,3
1.7187,2.6381,3
1.9194,-1.5538,3
5.3572,3.9071,3
1.5635,1.3616,3
4.2901,6.5871,3
1.6037,1.9204,3
3.9245,3.2315,3
-1.2449,-4.3279,1
4.7074,0.91147,3
4.0634,4.6856,3
-3.372,0.84027,2
2.2901,5.2828,3
3.7603,5.9928,3
5.4537,4.8437,3
2.1199,-1.899,3
1.2126,7.434,3
1.5531,2.8476,3
-6.3364,-4.6001,1
1.0549,5.8647,3
5.2675,8.1743,3
0.94237,2.4977,3
1.0242,2.7987,3
2.0522,1.4355,3
6.6712,0.78285,3
0.071401,1.8621,3
2.7761,-0.787,3
2.7141,7.5462,3
3.565,0.59422,3
1.4093,2.067,3
5.0011,5.3421,3
4.6413,2.3326,3
-3.076,-5.0495,1
4.8479,2.4584,3
0.23247,-2.1849,2
6.8797,7.5328,3
2.9259,2.5792,3
3.3378,-0.11246,3
5.9992,-0.75856,2
2.7049,5.2839,3
7.0484,3.3245,3
0.88336,0.94707,3
1.865,4.1524,3
5.9602,-0.48765,3
4.1738,1.3792,3
1.4182,-2.9039,2
2.2167,5.2718,3
0.26447,2.6628,3
2.4505,1.4199,3
4.1249,1.3452,3
1.1855,2.1567,3
2.7964,3.9283,3
5.5589,1.8036,3
2.5116,3.577,3
4.9519,1.6862,3
0.93971,6.5798,3
2.9067,0.78134,3
2.7511,1.3678,3
1.3978,2.8047,3
5.1048,2.4584,3
-0.91756,0.27834,3
5.0415,2.7384,3
5.5139,0.58988,3
6.202,3.7203,3
-3.8929,-6.865,1
1.7509,3.3062,3
0.37702,1.0306,2
-0.3957,-1.5244,3
4.2501,4.1324,3
4.7918,3.7979,3
4.6475,4.1175,3
2.6401,0.51732,3
4.2081,6.257,3
-0.095359,0.076369,3
4.5967,0.63474,3
7.3061,4.8389,3
3.9112,1.2519,3
6.565,3.1971,3
1.9961,3.8587,3
3.3512,4.8167,3
3.4773,3.6407,3
1.7421,3.4235,3
1.0848,4.0328,3
5.5207,5.0228,3
4.9271,6.3453,3
-3.5661,-1.2547,1
3.1254,0.41761,3
1.9403,3.8084,2
4.26,5.0324,3
2.3061,0.11224,3
5.8706,3.0295,3
4.1871,5.1009,3
1.5361,1.8567,3
5.4514,4.5167,3
0.5562,-1.1759,3
3.3836,4.218,3
-0.91788,-1.3933,3
0.24793,10.056,3
3.1371,0.14687,2
5.4489,1.4324,3
1.3415,4.1874,3
-2.2544,3.9407,3
1.79,-2.3888,3
-0.77751,1.0252,3
5.6021,3.0995,3
3.6613,1.3228,3
3.5306,2.8609,3
1.8654,1.2137,3
0.67466,4.1529,3
6.0394,3.4954,3
3.0851,-3.6377,2
0.40837,-2.1623,2
-0.023917,-0.91175,3
2.53,2.3703,3
6.238,6.5028,3
4.2723,4.9956,3
1.6434,-1.5966,2
-0.31494,4.1969,3
2.5846,1.8967,3
-2.4656,3.6117,3
3.6171,-0.71389,3
-1.6997,3.5906,3
4.6259,1.8019,3
-0.56965,-0.99989,3
2.2462,0.026862,3
5.0103,2.248,3
2.9729,3.4609,3
5.2069,1.8046,3
-2.1332,1.0622,3
-0.63754,5.251,3
-0.50258,0.38977,3
-4.7538,-2.8867,1
-0.6346,1.9996,2
-4.0237,-0.3374,2
5.5041,8.4425,3
1.8682,1.1789,3
4.2944,3.5023,3
4.1178,1.1908,3
6.3648,0.52208,3
0.39656,0.037046,3
1.3731,7.9602,3
3.8184,1.7558,3
2.9931,2.7858,3
-0.074229,1.8469,3
3.78,3.8533,3
3.6414,2.6765,3
6.4941,5.3225,3
5.8366,0.82402,3
4.5818,4.292,3
-0.11881,3.4085,3
3.1771,2.7515,3
-0.67497,5.1536,3
3.9021,5.9856,3
1.6301,0.15746,3
2.3638,1.6872,2
3.0805,2.5588,3
5.2656,3.3323,3
2.7666,6.8348,3
3.9856,1.9238,3
1.5144,2.2873,3
5.9711,4.9877,3
0.46458,3.2284,3
4.5739,5.8764,3
7.13,3.4145,3
6.8407,4.5282,3
4.3575,4.687,3
2.1698,4.9704,3
-0.23601,1.9317,2
3.4906,1.9233,3
-6.4427,-1.2484,1
4.1873,3.1368,3
6.5914,1.8887,3
4.6242,6.6322,3
5.1192,1.0299,3
1.2747,0.35892,3
4.4193,7.1554,3
-3.5585,-3.689,1
5.0714,2.5697,3
2.0391,4.0677,3
3.7331,2.2461,2
4.9551,7.4012,3
-3.3659,2.8082,3
4.3759,5.5561,3
4.1435,3.3632,3
2.5213,1.7746,3
1.2407,3.1877,3
1.4194,2.5197,3
2.1108,-0.1714,3
5.6579,1.3135,3
-0.4728,-2.719,2
-2.1716,-3.5005,1
1.4089,-0.56471,3
1.7148,6.0763,3
4.2278,2.6425,3
2.1198,4.4399,3
4.9887,1.4995,3
2.4167,3.371,3
2.3282,3.4864,3
-0.84702,-3.7245,2
-0.10406,4.1445,3
4.3688,5.5298,3
4.1865,1.5375,3
0.48559,4.7816,3
2.3296,3.4768,3
-4.0138,2.0476,1
1.5537,3.8456,3
5.0504,3.3181,3
-0.052989,0.75238,3
-0.44047,0.2143,3
5.4987,2.886,3
3.5129,0.86851,3
0.4075,2.1828,2
6.8813,5.3911,3
3.5728,5.633,3
4.9323,3.4764,3
2.9544,0.97031,3
2.0519,4.2432,3
5.5162,1.6153,3
0.31349,0.61471,3
1.3034,-1.6187,3
0.12054,3.2208,3
1.2226,2.1256,3
-0.14674,-0.13312,3
-3.191,-0.71394,2
2.3284,2.2799,3
4.2772,4.8889,3
1.941,2.1503,3
0.35719,3.4994,3
1.8687,4.8348,3
1.9242,3.5984,3
6.6091,3.7273,3
5.0079,5.4199,3
3.036,1.0707,3
2.6319,2.3711,3
2.7113,2.9833,3
-2.1517,-0.47725,2
-1.5224,-3.1092,2
-2.9494,-3.7176,1
-1.5533,-0.75868,2
6.6727,5.324,3
-0.37463,4.1491,3
2.5232,1.7374,3
6.9543,1.8413,3
0.12354,2.6325,3
3.714,-1.5017,3
0.2437,0.6218,2
1.9674,-1.131,3
-5.503,-4.2705,1
1.4916,4.0567,3
6.838,2.363,3
1.4495,3.8743,3
-0.18674,0.0067346,2
7.5626,4.8994,3
4.306,4.4163,3
2.9791,2.5339,3
2.5877,2.7975,3
-1.0933,-4.0379,2
3.3895,5.8454,3
4.9398,5.7431,3
0.82881,6.2783,3
-0.87266,-3.4044,2
4.8685,5.9583,3
4.2209,7.898,3
-3.335,-4.9571,1
2.2134,2.4888,3
3.7828,5.3012,3
0.91847,0.24305,3
4.6777,5.7367,3
1.6364,2.112,3
-4.1331,-1.9145,1
2.4328,3.3889,3
3.1763,2.241,3
0.3245,5.8121,3
0.90468,2.9507,3
0.14589,-1.3054,3
-0.26061,-1.5576,3
-2.1365,1.1135,3
0.67524,-2.8643,1
5.6561,6.7171,3
1.9759,3.0908,3
0.44473,-0.80787,3
2.9894,2.4097,3
1.1446,1.5652,3
4.2907,0.84484,3
-0.054016,1.091,3
5.8959,5.7121,3
3.7479,-0.053366,3
2.2471,0.79984,3
3.3554,2.223,3
5.2788,6.7585,3
8.2187,2.1649,3
0.58584,2.4109,3
2.5474,2.6884,3
-1.5688,3.5745,2
3.6525,2.4149,3
4.2629,5.9043,3
3.9997,1.7122,3
-0.58284,0.51869,1
3.5948,5.579,3
3.6792,4.995,3
1.7345,4.7831,3
5.8305,1.8841,3
-3.3815,-0.29784,2
1.1166,-0.77468,3
2.5899,7.3253,3
-0.20412,4.0717,2
-0.92114,3.5301,3
-1.5458,0.54233,3
2.7459,3.482,3
1.5242,2.5645,3
2.731,2.7335,3
0.61814,-1.8776,2
4.5208,5.4025,3
4.6943,-0.13987,3
5.0114,3.1284,3
-0.015668,-0.1841,3
3.2472,3.3913,3
5.561,9.7491,3
-0.84155,0.46339,3
-0.65228,-4.2872,1
4.3745,6.0222,3
1.0225,-0.083757,2
0.84769,5.0192,3
3.8596,-0.44401,3
1.2403,-0.80489,2
-3.7374,-3.3665,1
2.734,2.8462,3
3.0376,0.2643,3
5.697,1.9406,3
4.2514,5.1633,3
4.4572,5.1362,3
4.2353,2.6908,3
2.541,5.938,3
1.5202,2.3016,3
1.8927,2.1299,3
3.5859,0.24245,3
6.9058,5.3344,3
4.0721,1.6968,3
6.096,3.512,3
0.54235,1.3532,3
2.806,3.0321,3
-2.3233,-2.2714,1
2.9017,4.9663,3
2.7237,2.6739,3
-0.39681,3.5758,3
3.7659,5.4176,3
-0.5015,5.4751,3
2.7202,-0.91676,2
1.5321,2.5235,3
3.7724,0.93822,3
4.6451,6.8395,3
5.6748,0.40683,3
4.9163,4.2594,3
1.8646,0.13628,3
4.2395,6.8919,3
4.001,4.0011,3
-4.2831,-2.9641,1
5.4599,2.9637,3
2.123,-0.03206,3
-0.086591,7.4034,3
3.2525,6.6747,3
4.2582,3.3941,3
1.5172,5.5268,3
1.3704,5.7613,3
3.1974,3.4901,3
0.066667,1.8809,3
2.2255,2.7798,3
0.84312,-1.3464,2
3.676,1.9809,3
4.632,5.0535,3
2.7979,5.323,3
6.1241,1.5263,3
1.6922,3.0052,3
-0.018177,0.57348,3
5.9947,3.095,3
1.3315,1.9724,3
5.7597,1.7106,3
0.6715,1.3845,3
0.3883,0.37652,3
1.9345,4.0356,3
4.9734,2.9484,3
2.1365,3.0791,3
0.82662,4.7258,3
2.8412,5.7634,3
2.5704,0.95909,3
5.1391,4.9889,3
-2.7431,-4.7919,1
-3.0894,-5.13,1
4.991,7.8754,3
3.1906,3.9822,3
1.7129,3.5016,3
0.40065,1.9994,1
4.506,3.3806,3
-5.4235,-7.0343,1
-1.4022,-6.2007,1
3.9569,4.7687,3
2.3688,4.1325,3
-0.9692,-4.552,1
2.8096,3.4349,3
-1.4396,2.6492,3
1.3463,1.8795,3
8.1964,5.0113,3
1.36,0.52987,2
1.1918,6.1183,3
-2.0002,1.2803,3
2.4061,2.8331,3
6.3108,2.93,3
4.1299,2.0646,3
1.0209,3.2622,3
4.2442,1.8912,3
4.0189,1.2635,3
6.426,2.4213,3
-1.8058,-0.68826,2
2.5098,6.0598,3
1.6522,1.697,3
1.8366,-0.7576,3
6.2026,5.903,3
3.9559,6.2624,3
3.4052,0.98651,3
5.504,2.4431,3
0.4608,-0.8148,3
4.2642,2.8943,3
-1.4172,3.0041,2
-2.4985,-0.24124,2
0.82507,5.2083,3
-2.0958,-2.5572,1
0.70197,-1.7709,2
4.0113,0.87086,3
1.075,3.5582,3
1.7903,2.4081,3
3.3748,-0.19319,3
3.1625,4.6588,3
2.4637,3.842,3
-4.6105,-1.7062,2
2.8185,3.1996,3
10.648,4.5012,3
3.6051,3.065,3
0.46224,3.4995,3
8.1952,3.5458,3
-0.20467,-0.29961,2
4.4322,5.3548,3
4.8583,3.7303,3
4.9333,5.6775,3
1.8555,4.4094,3
2.9679,2.0464,3
-0.16774,4.666,3
3.9018,4.928,3
4.1347,2.8017,3
1.9375,0.94717,3
-5.943,0.64019,1
4.4393,2.3287,2
0.89641,3.9775,3
6.7437,0.63007,3
-1.638,5.1458,3
-3.0863,0.45985,1
4.7724,2.7047,3
3.3226,5.5575,3
3.9421,3.2267,3
-0.9189,0.25272,2
5.9476,4.2042,3
5.8693,7.4099,3
3.9464,2.4868,3
4.02,1.9388,3
5.8191,4.5095,3
5.8589,3.2599,3
-2.6958,-2.4327,1
-2.179,-1.6063,2
4.3948,3.965,3
-2.8086,-2.2083,1
6.3256,5.3526,3
1.881,4.5091,3
1.4882,2.763,2
0.23492,2.5186,3
4.4281,6.3832,3
7.6725,3.8977,3
1.7084,0.40568,3
-4.1619,0.035178,1
0.2978,3.3842,3
4.0171,5.0187,3
-4.6324,-1.6219,1
4.9352,3.9735,3
2.3197,4.4696,3
1.0651,-0.8271,3
4.2438,2.2425,3
0.76552,0.5327,3
2.8655,3.7551,3
0.20397,1.5483,3
0.59397,1.8959,3
1.1887,2.6934,3
-3.6485,-2.9386,2
3.2993,0.93165,3
4.1882,0.13217,3
0.99017,3.7525,3
5.2117,2.8189,3
2.6682,-0.050442,3
0.12024,2.3876,3
-8.2687,-5.8918,1
4.3655,4.6235,3
1.7271,3.1685,3
2.4766,4.333,2
2.4029,6.9177,3
4.3132,5.7274,3
3.0738,-0.25743,3
4.5625,3.5818,3
5.3008,3.6414,3
4.7259,5.9688,3
5.2046,5.9562,3
2.8845,0.83514,2
4.4789,6.7371,3
4.0283,5.9045,3
0.4514,2.7723,3
5.3583,6.6406,3
3.2435,3.6747,3
1.8007,6.3812,3
1.7177,0.084511,3
6.1567,1.0623,3
-0.62409,4.0212,3
-6.7473,-9.3122,1
0.75054,2.8417,3
1.6021,0.99658,3
6.4467,3.9992,3
-0.70764,1.691,2
5.0652,7.0159,3
2.2919,7.1641,3
2.6784,4.0366,2
4.8687,3.3945,3
2.9753,-0.70971,3
-3.2419,-3.4011,1
4.8549,2.5189,3
5.3674,2.2461,3
1.8659,5.5096,3
1.5199,4.5795,3
4.5799,3.1998,3
2.5486,1.9008,3
4.3278,5.4117,3
4.544,4.5511,3
2.1679,0.46833,2
6.3928,3.8812,2
2.5685,0.27889,3
-4.0121,-0.38237,1
-1.3721,3.7236,3
4.8724,4.5538,3
-0.39499,-1.5306,2
5.9721,1.889,3
2.4993,2.2384,3
5.5614,5.6997,3
-1.1759,-0.31183,2
1.4371,4.2886,3
1.8404,3.5111,3
7.4714,2.891,3
-0.94123,-1.5577,2
2.5879,3.4291,3
7.0113,3.8017,3
5.2323,3.5973,3
-4.7953,-1.7984,1
2.8203,2.5937,3
2.4777,8.2486,3
4.7939,3.112,3
1.4809,1.4017,3
-2.2563,3.6311,3
1.3424,2.7129,3
3.9507,2.5026,3
0.0018254,2.8648,3
0.39443,-2.3307,2
2.2621,2.6737,3
6.8801,3.7278,3
3.0275,3.3709,3
0.13719,-2.0594,3
7.175,1.3476,3
1.364,1.4286,3
5.8104,2.5071,3
0.58209,3.4642,3
0.53933,0.8638,3
2.2634,2.626,2
2.2605,2.3747,3
6.9077,9.7514,3
2.2219,1.8476,3
1.8382,-0.51579,3
4.1926,5.5573,3
3.2677,3.0853,3
-0.70972,0.83462,2
1.6082,0.50936,3
5.2534,5.0432,3
4.7671,5.1295,3
7.738,3.1217,3
8.0903,8.7531,3
2.6494,2.8368,3
-2.9792,-3.8499,1
-5.8164,-4.5352,1
6.6363,4.9528,3
5.9432,0.5277,3
-2.9574,-5.1446,1
3.9243,5.9684,3
4.8495,0.34021,3
-2.9561,0.0054516,2
3.0007,2.1589,3
4.9055,1.8756,3
2.4195,5.0561,3
0.85351,3.067,3
1.2701,3.5424,3
-1.6847,-3.2205,2
3.196,3.0757,3
-1.4613,1.3824,3
1.6158,2.4238,3
2.1512,3.038,3
4.869,4.5783,3
3.5895,2.884,3
-3.7396,-1.6083,1
0.93011,4.7874,3
3.3936,3.3982,3
5.8984,9.0137,3
1.8827,1.799,3
4.7761,4.0238,3
-1.5081,0.62287,3
-2.9237,0.4835,3
0.23897,4.8679,3
-1.7331,-0.81752,3
1.5146,5.1029,3
-1.8924,0.031444,3
2.1831,0.67837,3
1.3342,1.1782,3
4.1014,3.8007,3
-1.5712,-5.6252,1
4.3291,2.744,3
2.1768,1.3647,3
4.2263,1.5731,3
2.2712,5.6477,3
3.5612,1.3782,3
1.0161,4.173,3
4.2714,5.1128,3
1.5226,2.4377,3
5.1601,5.0676,3
3.3331,4.4066,3
0.54864,6.6172,3
-0.5425,0.44355,3
6.8676,3.0493,3
4.1339,4.1347,3
3.2253,5.1447,3
-4.5031,-4.2622,1
4.9216,4.7122,3
4.3216,3.6823,3
-1.2478,2.0657,2
3.1655,2.4741,3
2.6521,-0.24063,2
-0.28609,1.7392,2
2.655,2.1175,3
3.1682,2.3938,3
4.8392,3.0088,3
2.5558,8.7956,3
-0.13862,3.6208,3
4.7298,1.0187,3
4.8397,2.6391,3
5.386,3.2148,3
1.1573,5.471,3
-2.1099,-2.6333,1
-1.656,1.7602,2
4.3751,2.4407,3
2.2426,1.8905,3
-3.3965,-1.3791,3
0.85171,0.01105,2
2.742,6.564,3
3.4875,3.9913,3
2.3395,4.5201,3
2.4699,2.5305,3
-1.4388,1.6427,3
3.5452,-0.34547,3
-0.76197,-2.76,2
4.1702,3.1735,3
3.5139,1.7728,3
-0.29319,1.1017,3
5.0556,3.2288,3
1.3267,5.0155,3
6.0408,4.6772,3
2.1128,1.8666,3
-0.43666,3.9732,3
3.7067,4.2227,3
1.7612,1.961,3
6.2759,7.3836,3
2.6369,5.0561,3
5.9084,3.7004,3
0.46054,2.5127,3
-3.2473,-4.0058,1
3.1517,1.2862,3
5.9376,1.0772,3
5.405,0.05333,3
2.9996,-0.34094,3
3.5006,2.7181,3
-6.4259,3.9631,3
-1.3376,5.2822,3
3.9389,2.2814,3
3.9765,0.070301,3
3.652,4.2759,3
9.5059,6.8725,3
-1.2183,1.3625,3
-3.4856,3.4519,3
-5.6542,-1.6786,1
2.302,2.8657,3
-1.3903,5.0704,3
4.7986,6.0936,3
2.9623,5.191,3
2.1942,0.10701,2
-7.0814,-2.8652,2
0.59009,3.5965,2
6.0083,-1.62,3
5.0151,-2.814,3
3.1993,4.0708,3
3.8428,3.991,3
5.7426,-1.2681,3
2.8813,3.6243,3
2.7336,-1.1865,2
-0.040614,5.9965,3
2.1087,1.9542,3
3.7691,5.0966,3
4.1899,2.5558,3
-0.96094,-1.1361,3
3.2567,1.9342,3
2.8739,0.55172,3
4.8846,4.4898,3
-0.30261,2.8542,3
1.1725,3.684,3
6.3121,4.0276,3
4.48,0.55538,3
2.4799,3.1684,3
1.8206,3.1451,3
1.924,5.7189,3
3.6097,5.4389,3
1.7012,2.5989,2
4.8949,0.80331,3
1.307,3.9557,3
4.2304,2.0574,3
0.28772,1.7855,2
2.4133,5.5332,3
1.4161,2.8873,3
3.4434,5.2541,3
-0.59053,2.8508,3
2.0071,5.3223,3
3.1368,5.9285,3
3.1957,0.94933,2
2.9514,2.6175,3
7.5665,5.9412,3
3.3074,0.67677,3
4.0368,2.1491,3
4.2069,2.0589,3
3.7803,3.3934,3
-1.2656,0.039112,1
5.1658,2.568,3
-0.59996,-4.4166,2
8.8839,5.9563,3
1.8967,1.6228,3
5.076,3.7977,3
1.6358,4.1922,3
0.093948,0.3301,3
3.7206,1.8213,3
1.5182,2.2092,3
3.2351,6.5457,3
1.4699,5.5745,3
0.45666,1.8504,3
0.53615,2.7465,3
2.6608,1.6761,3
-1.9073,0.64363,2
-0.53999,-2.2456,2
3.5974,5.2564,3
4.5176,4.1282,3
3.8018,2.1195,3
3.7773,5.4387,3
0.76404,2.1668,3
-0.2016,-1.2472,3
1.7379,2.4394,3
-0.87173,4.3422,3
3.3518,2.7094,3
3.1414,3.0757,2
1.6759,-0.5523,3
-2.9324,-0.74437,2
4.489,8.6381,3
-2.2933,0.68506,3
2.0806,3.2418,3
3.0287,7.1615,3
1.5319,3.5931,3
1.7188,3.7338,3
-1.6668,2.7344,3
4.4547,-0.11979,3
-0.2774,1.1181,2
3.5674,2.8024,2
3.9663,3.5232,3
5.5928,6.1364,3
6.2504,0.12823,3
3.2676,0.66824,3
2.6026,4.433,3
-0.71784,6.2467,3
-2.7146,0.11826,2
3.505,1.5851,3
1.3355,4.6455,3
5.5986,3.7415,3
-6.7438,-3.5604,1
3.5557,0.34914,3
7.2831,3.3843,3
-0.87157,1.8904,3
3.2177,0.23573,2
3.7528,1.6762,3
4.5615,1.764,3
4.5703,2.0148,3
0.60106,2.7627,3
5.2261,3.3584,3
2.7143,2.3924,3
-8.3566,-7.9629,1
-0.87135,6.7373,3
1.6671,4.169,3
5.2203,1.9988,3
0.99649,-2.6235,3
0.052857,5.2775,3
4.0242,1.8293,3
-2.561,3.0939,3
-0.38601,1.425,3
2.3246,2.1458,3
1.7476,3.5355,3
8.0978,3.5583,3
5.309,3.9567,3
2.9102,4.4396,3
1.9253,1.0445,3
5.7206,6.2916,3
6.8155,3.766,3
2.0181,1.9778,3
4.6094,4.1016,3
1.4166,-0.37562,3
4.0021,0.61711,3
0.85036,6.2642,3
4.4418,1.4832,3
0.97198,4.1985,3
6.4465,2.6025,3
1.5239,2.2358,3
4.4141,3.5689,3
-0.37721,2.9614,3
2.1294,2.4749,3
5.6772,4.8235,3
5.7614,3.9408,3
4.8978,7.0177,3
3.7257,1.1939,3
0.76198,4.4954,2
6.2907,6.1799,3
0.17889,-4.9595,2
0.39802,3.8371,3
4.418,1.8928,3
2.1949,2.4641,3
4.0112,3.2564,3
1.6256,2.9804,3
5.2646,6.6811,3
4.0531,-2.4711,2
0.80493,0.027808,3
2.3249,1.4615,3
-4.1388,-2.2557,2
3.4287,2.4468,3
0.98488,0.32054,3
2.704,6.0844,3
-3.4786,1.8443,2
-1.6719,3.6123,3
6.2983,2.2109,3
0.96389,2.5256,2
1.1944,6.1672,3
0.44899,1.1115,2
4.8417,7.1956,3
1.7147,8.2986,3
-1.8336,0.27909,3
2.8237,0.28129,3
2.9749,-3.6272,2
-2.7164,-5.7181,1
5.2463,5.6405,3
0.22094,2.616,3
3.1434,-0.97754,3
4.038,2.5974,3
1.003,2.7878,3
1.2657,3.3131,3
-1.1911,-1.7787,1
2.4158,-2.119,3
4.4182,1.1592,3
5.8966,0.86154,3
4.6201,4.3591,3
2.478,6.902,3
4.4923,3.4517,3
5.1734,1.6236,3
-1.6875,-0.59301,3
5.8995,3.7808,3
5.1002,2.0309,3
4.6382,-1.7219,3
4.8707,2.2645,3
4.0636,2.3978,3
3.3089,1.747,3
6.0119,2.5412,3
3.6605,0.070468,3
0.80848,5.5399,3
2.9056,3.2961,3
-2.4762,4.2148,3
3.7152,3.7584,3
-2.9931,1.5365,2
6.0852,1.645,3
2.3828,2.3664,3
2.3605,4.6247,3
4.4919,2.0573,3
5.3307,0.43665,3
3.9848,6.4589,3
0.42041,-2.882,3
2.5047,4.3093,3
2.7637,3.4882,2
4.0507,2.112,3
3.1753,0.89151,3
6.5614,1.1105,3
-0.089166,1.6817,3
-1.1219,2.4045,3
3.7186,4.7233,3
6.3926,3.7084,3
5.5598,2.3823,3
0.51649,3.4183,3
3.8525,2.3627,3
4.2186,1.4734,3
-1.6057,0.83975,3
4.0819,1.0852,3
4.4061,7.7403,3
3.7121,3.2733,3
4.5194,2.4628,3
0.53012,1.0791,3
1.8501,5.8344,3
3.7949,2.8926,3
3.617,3.3367,3
3.1838,3.5309,3
1.9108,0.80983,3
2.1914,6.1377,3
1.5655,4.4379,3
-0.16809,2.5415,2
4.2154,-0.055309,3
-0.45622,-3.8365,2
1.4222,3.2477,3
4.5104,4.2729,3
0.84162,6.0469,3
4.0837,-0.12529,3
4.7435,3.4764,3
3.4228,2.7364,3
6.3562,4.2015,3
4.9347,0.41191,3
-2.9471,-2.6792,1
7.5909,4.1499,3
0.77791,3.3143,3
-0.1639,2.1246,3
2.1626,-0.13646,3
1.0102,3.0923,3
0.19,2.517,3
-1.6658,-1.2789,3
1.2944,6.7039,3
1.7188,2.4342,3
5.0056,3.9163,3
0.89284,3.263,3
4.505,2.995,3
-0.24057,2.4283,2
7.021,4.8267,3
1.3986,5.73,3
2.923,4.5039,3
0.1817,0.035873,2
2.5337,0.036401,3
-1.771,-0.90521,2
-1.2156,0.403,2
-1.9712,-4.7039,1
2.118,2.3156,3
4.288,1.914,3
3.312,2.8324,3
5.4987,8.1727,3
-0.5486,-0.082904,3
3.2453,3.0168,3
1.1113,1.0242,3
3.9053,3.7332,3
2.0983,4.8894,3
-2.2487,-0.32577,2
1.4776,0.71928,3
-0.10845,-1.8585,3
1.9668,0.64373,3
1.3762,0.6994,3
5.2009,4.6779,3
4.8912,2.502,3
4.9717,7.3564,3
2.5027,1.7721,3
4.3757,4.1503,3
0.11121,6.7302,3
4.7965,1.1556,3
3.4338,2.9338,3
4.3766,2.8559,3
1.7279,6.4437,3
4.4456,1.873,3
3.6623,-0.20574,3
2.677,1.0013,3
7.3109,1.9794,3
1.1527,3.5283,2
3.1829,1.1203,3
3.7805,3.3236,3
1.256,2.1051,3
1.5836,1.9664,2
4.7469,5.8843,3
0.34818,4.6428,3
0.81788,3.1646,3
1.3136,5.4598,3
4.392,3.2268,3
-1.581,1.1838,2
0.90801,3.8421,3
0.03129,2.2717,3
1.0269,-0.54591,2
3.1567,6.5638,3
4.5478,3.5149,3
3.8655,3.8821,3
1.6361,-0.72627,3
1.9837,1.4926,3
3.9041,3.5811,3
-0.75693,-0.7197,3
-0.24645,3.3678,3
4.6945,0.0076454,2
0.97599,2.2589,3
-0.45831,-0.31914,3
3.9063,4.649,3
0.11201,1.1426,3
4.6087,2.8392,3
7.8897,5.6691,3
5.0656,3.7146,3
4.5729,4.344,3
2.7058,0.36708,3
0.25655,2.8886,3
0.3713,4.0048,3
1.4044,2.4599,3
2.8528,1.6069,3
-1.2307,2.179,3
2.6401,6.0067,3
0.36701,1.3827,3
1.0299,-2.1955,3
4.9669,1.8807,3
0.59107,0.30008,3
0.33365,1.8532,1
4.5213,2.3921,3
-0.38359,3.6421,3
1.28,2.5271,3
4.3744,3.1244,3
2.6059,3.3737,3
0.6457,-3.9169,3
1.5835,-1.3519,2
3.2106,1.7158,3
-0.99677,3.141,3
8.8226,3.6925,3
5.776,3.4094,3
-1.7144,-6.0332,1
-3.9444,-3.6806,1
2.4165,2.6285,3
4.8397,1.924,3
0.70648,2.0842,3
4.5175,1.6006,3
2.5521,3.8729,3
6.7021,5.8566,3
-1.6877,2.0199,3
2.505,4.9161,3
6.4534,3.6307,3
4.7924,3.2218,3
2.8777,2.245,3
3.8961,5.3921,3
0.6679,1.194,3
-0.00695,3.2124,3
1.0841,3.669,3
5.0243,5.4815,3
7.3532,4.2912,3
3.5405,1.0346,3
-4.2274,-0.44842,1
-1.0586,0.66461,2
1.3464,4.7457,3
3.0529,4.6245,3
6.1574,3.5287,3
2.668,3.114,3
1.9653,2.6956,3
4.3854,2.5268,3
-3.291,3.8971,3
4.1263,5.6713,3
4.6133,4.2883,3
5.1628,4.4181,3
5.3235,1.3049,3
0.97162,0.71951,3
1.0631,3.6921,3
-0.62148,5.5757,3
2.2203,5.2378,3
2.7687,3.3424,3
0.54451,5.025,3
2.9389,2.7806,3
1.6099,2.2828,3
1.7476,1.6291,3
1.6948,3.8245,3
-2.0949,-0.14512,2
6.6613,2.4481,3
4.289,3.3031,3
3.8133,5.2057,3
0.42689,7.9392,3
2.7416,5.0244,3
1.2641,4.1181,3
5.1467,1.7653,3
4.3471,3.8762,3
5.7,0.57553,3
0.99709,5.0605,3
8.7968,7.1034,3
1.1606,-0.49456,3
0.54519,1.4825,3
7.1915,0.41976,3
8.1458,2.3697,2
0.22315,-0.75022,2
3.1191,1.3423,3
0.64511,0.59353,3
1.4117,4.4859,3
8.1097,3.6806,3
5.0343,2.9349,3
2.7928,2.2682,3
3.4819,6.7509,3
5.2009,6.0062,3
5.5213,-1.6308,3
-0.43355,2.1783,3
3.0182,6.309,3
5.1836,4.725,3
-1.0832,1.8559,1
6.302,-1.0527,3
3.0644,5.6147,3
2.0953,2.2594,3
-2.2875,1.6364,3
4.9421,3.0831,3
-0.4892,1.6536,2
2.2036,-0.92658,3
2.1632,3.902,3
1.4914,-1.9345,2
2.667,1.7285,3
7.2255,4.5723,3
3.7338,6.4424,3
5.0535,2.4616,3
1.7154,1.5049,3
-0.038101,4.6976,3
4.1527,-2.9459,3
3.5688,-1.6074,3
6.1998,2.8761,3
0.27986,-3.9539,3
4.3135,2.0401,3
0.95269,3.1845,3
-6.3987,-2.6619,1
5.6975,5.1065,3
3.181,1.32,3
5.8499,1.5362,3
-0.66961,2.7314,3
1.0257,3.2724,3
-2.8485,-5.484,1
-0.58828,2.1562,3
0.48184,0.060537,2
8.628,6.3519,3
1.8595,5.2404,3
5.3988,2.6655,3
2.0841,2.7799,3
-0.32525,0.17238,2
1.3314,-0.15149,2
5.2682,-0.58187,3
3.6447,1.3846,3
2.0124,-2.045,3
-1.1951,-4.3495,1
0.11361,3.8545,3
0.21005,2.8953,3
3.54,3.8579,3
1.2847,3.1817,3
5.4665,-0.12361,3
3.6851,1.6642,3
1.9356,-0.023437,3
0.3614,2.9453,3
2.7582,1.0884,2
4.7271,1.0981,3
3.2759,3.8615,3
2.9402,0.49825,3
-0.98309,1.7549,1
-1.6264,1.0449,2
0.88591,-1.8634,2
5.8911,7.0765,3
0.69149,-1.0154,3
4.3299,-2.8048,3
1.0429,5.7355,3
0.89302,0.3284,3
4.6305,2.3863,3
3.3395,2.659,3
-1.3893,-3.4392,2
3.4628,7.055,2
-1.606,-6.2357,1
3.4377,1.4624,3
1.7813,0.028311,3
-1.51,-0.83243,2
1.0904,2.4937,3
0.34685,4.5885,2
4.7885,6.6111,3
-4.2017,-3.6434,1
1.0773,4.8328,2
8.4414,3.0077,3
3.9653,2.927,3
3.7366,2.189,3
-4.5058,-4.2961,1
3.1143,1.6634,3
4.3811,2.7163,3
2.7088,2.9556,3
6.4499,6.4986,3
-0.88588,0.87604,3
5.1592,3.6893,3
1.3465,0.99879,3
2.733,4.0253,3
2.1857,4.9073,3
-0.35214,2.8599,3
5.7611,7.5804,3
-1.4493,-0.022005,2
3.0527,0.73475,3
1.1304,1.4047,3
0.9683,-2.4314,2
3.0718,2.2741,3
0.3376,4.5122,3
3.4005,-0.3591,3
0.53996,3.1316,3
0.77822,7.9927,3
0.76658,0.94332,3
3.933,-2.0365,3
4.8467,3.9755,3
-1.353,-1.6229,1
6.0164,1.9232,3
2.6113,2.9609,3
1.3788,1.9372,3
7.4878,5.4074,3
4.1665,5.1873,3
1.8022,2.7663,3
4.3053,3.1455,3
1.2581,1.096,2
4.2871,6.2321,3
5.972,1.4588,3
0.60556,7.1352,3
-6.0928,-6.1266,2
5.0506,2.7304,3
3.1264,-1.4701,3
2.0919,1.1544,3
4.2666,1.394,3
5.0483,4.7282,3
2.7605,1.5738,3
5.0005,0.69864,3
5.1497,4.0631,3
1.7375,4.0692,3
1.7052,3.3772,3
-0.53985,-2.7882,2
8.1318,7.5669,3
1.1581,1.4621,3
6.1167,8.4593,3
7.057,-0.21545,3
1.8141,7.6007,3
2.4526,3.9357,3
2.8097,2.7939,3
2.0714,2.7538,3
-6.086,-5.5514,1
4.7246,2.989,3
1.0499,2.0537,3
0.60139,0.23399,3
2.0151,2.5364,3
3.6689,1.5117,3
-2.096,-1.5639,2
8.0431,0.15509,3
0.9022,3.9525,3
6.6632,3.823,3
2.0242,0.16543,3
2.7427,-1.399,3
0.47477,0.36521,3
0.16318,-0.56562,3
6.307,0.99364,3
3.1547,0.6362,3
2.9565,-1.8437,3
5.4904,2.9042,3
6.522,0.98182,3
3.0739,-0.2456,3
3.1959,2.2289,3
2.716,5.679,3
-1.7839,-3.939,1
5.2518,1.0593,3
2.3574,4.7289,3
1.2024,3.2349,3
-0.35426,4.4039,3
-2.8583,-0.53936,1
-4.5912,-5.0037,1
3.3376,1.7769,3
0.80864,2.5477,3
3.0938,3.4705,3
-5.7145,-3.9867,1
3.5493,3.741,3
2.5321,2.6397,3
2.0644,0.73612,3
5.3505,1.2844,3
2.0774,2.82,3
-0.52272,4.0774,3
3.1337,3.7464,3
3.1244,5.9751,3
5.6286,1.9366,3
3.1003,3.2891,3
-1.7355,4.2183,3
6.4259,5.2372,3
6.2981,1.871,3
7.7583,0.67389,3
-2.4264,-6.5802,1
3.7487,3.5106,3
6.2646,-1.733,3
5.5427,4.4441,3
0.71058,4.8328,3
0.35777,-4.0336,2
4.9009,2.8129,3
2.1354,4.0778,3
3.1914,-0.59797,3
3.1922,2.7745,3
4.0495,9.7283,3
5.1986,1.9816,3
-0.67325,-5.0589,1
1.4563,0.90709,2
0.094639,3.9684,3
1.9593,1.5246,3
2.5627,1.4316,3
2.9199,3.0491,3
3.788,2.0559,3
-4.7997,-4.787,1
3.42,-2.9273,3
3.6432,4.4379,3
-2.8429,-3.1065,1
1.5587,2.0368,3
5.5602,3.3287,3
3.7971,3.8104,3
5.4931,3.3426,3
1.1222,4.0326,3
1.1503,4.4241,3
1.8042,7.7081,3
2.6152,2.4757,3
2.7148,5.0995,3
3.8523,6.1378,3
-0.95767,4.0213,3
5.0279,3.6696,3
5.7831,2.9523,3
1.0311,2.4035,2
3.371,2.2718,3
6.1059,9.7152,3
5.1981,5.0798,3
2.9476,1.3197,3
2.6013,2.1038,3
6.0572,1.1206,3
-0.52437,3.6003,3
2.2122,2.6976,3
5.3388,-0.37664,3
7.1744,4.6055,3
5.87,3.9507,3
-3.1223,0.86145,1
2.3147,-1.8375,3
7.137,-0.16143,3
2.4002,1.4135,3
3.4644,-0.29334,3
4.3695,1.9218,3
1.9544,6.3546,3
7.9689,4.4717,3
2.3646,0.44232,3
-0.12389,-0.41287,2
3.6103,5.2872,3
6.0367,2.6873,3
4.3023,3.6048,3
4.9131,2.3976,3
-2.5618,0.42906,3
-3.5848,4.4116,2
5.6219,5.2057,3
3.8208,4.2376,3
1.342,2.9786,3
0.52864,2.8907,3
-2.6975,-6.3832,1
3.55,2.2159,3
6.487,3.2273,3
3.6333,5.4036,3
3.485,1.9276,3
5.624,5.1975,3
4.4093,1.6418,3
0.25094,2.8605,3
4.6737,2.1406,3
2.3864,6.0816,3
2.2113,-2.0918,3
5.4569,3.9486,3
0.75348,8.4219,3
4.3484,-0.68005,3
-0.92148,1.9838,3
4.4647,6.5986,3
2.2635,4.4806,3
1.5518,0.91771,3
1.1932,5.3589,3
2.6741,-0.71385,3
-0.36797,4.0776,3
4.3505,2.9644,3
3.0877,2.6438,3
0.19494,3.7676,3
1.7026,-2.4611,2
4.5551,3.7972,3
4.3659,3.3229,3
-2.4865,-1.9007,1
1.4012,1.2065,3
3.1488,3.0991,3
-1.1739,-0.87544,3
3.929,1.9634,3
-1.1942,1.9252,3
7.3542,3.045,3
3.7682,-0.70684,3
-6.1004,1.371,2
-0.4338,2.4253,2
1.5737,-3.0284,3
-0.57965,0.18761,3
3.0109,2.5543,3
0.071514,0.71722,3
-0.08009,6.7616,3
4.5526,1.227,3
2.5762,0.97531,3
9.057,3.0327,3
1.9243,5.7738,3
-1.1101,-0.080455,2
5.6861,0.95773,3
-0.15966,1.1103,3
0.26771,2.1703,3
2.0091,8.7475,3
1.6065,-3.4124,3
-0.80695,-0.012932,2
5.8279,3.2362,3
0.82101,1.3832,3
2.4211,2.1894,3
0.90057,-0.28433,2
1.9193,2.1685,3
6.1348,4.8699,3
1.1815,6.158,3
4.2351,4.174,3
5.1919,-0.12258,3
1.3474,1.3692,2
-1.8578,-1.3209,1
6.0638,0.83067,3
1.5759,-1.9259,3
4.6598,6.0777,3
4.1481,3.5326,3
3.1232,3.5489,3
1.9991,1.3687,3
-3.1276,2.6013,1
0.97586,5.0986,3
5.0746,6.9004,3
0.86232,-1.0106,2
3.6564,0.20067,3
-1.5951,-1.8019,1
1.354,2.4651,3
-0.97215,4.8828,3
1.0209,0.87954,3
3.0914,3.7478,3
1.6914,2.8167,3
-1.343,0.11041,3
3.1577,0.18055,3
2.1534,1.5246,3
-3.1789,-0.95221,2
2.5981,3.5773,3
2.3729,1.4012,3
-4.925,-6.0406,1
0.62688,3.3029,3
1.0021,0.063192,2
-0.68392,2.0553,3
1.6451,4.2901,3
4.9913,6.2281,3
3.792,1.1644,3
2.6462,1.7791,3
5.1313,3.989,3
1.4651,0.54503,3
-2.3768,0.7835,1
0.77826,6.7664,3
5.8944,-0.85808,3
3.575,3.9208,3
2.7112,0.27138,3
1.215,0.14329,2
3.7502,6.7671,3
3.9128,5.364,3
-0.11083,2.4875,2
8.4201,7.1649,3
0.63953,-0.58165,2
-0.81046,2.1616,3
2.0931,0.22597,3
1.5448,0.036345,2
-1.2828,2.282,3
0.96109,-1.1358,2
3.9848,2.3138,3
-3.0085,-1.22,2
2.7802,3.8942,3
4.1814,6.7116,3
2.7458,1.1645,3
-5.0149,-1.0143,1
-2.7016,-1.6977,2
6.0205,5.9032,3
3.5134,5.6302,3
1.4962,0.85725,3
-2.9839,-3.149,1
2.0519,6.5722,3
1.8469,4.1906,3
5.356,3.4722,3
3.2976,0.31723,3
1.2292,1.0751,3
3.7072,4.5873,3
2.7505,1.9702,3
3.8346,5.4386,3
0.81969,6.1069,3
-2.6353,-3.187,2
2.8192,3.0673,3
4.3257,4.2133,3
3.5412,3.8313,3
1.4323,4.1824,3
5.3317,0.30063,3
-1.0076,3.0473,3
5.2486,-2.1176,2
-4.2082,-2.3058,2
1.3564,5.2737,3
4.5384,4.3576,3
-1.7418,-1.8273,2
-0.92638,-5.8051,1
2.1161,2.4313,3
3.3758,1.8954,3
6.4076,0.66456,3
4.7532,4.592,3
-5.949,-5.5776,1
3.7202,2.2969,3
5.3106,3.4318,3
2.1289,6.6593,3
5.497,4.9747,3
5.7059,-0.85662,3
5.3851,0.88443,3
2.6067,3.1023,2
2.9836,0.63667,3
1.6743,3.4106,2
1.2874,2.9571,3
2.2975,1.0183,3
-0.34237,3.1732,3
-2.663,-4.7972,1
5.424,3.1531,3
5.1794,6.3607,3
1.9459,2.5354,3
5.1308,4.1386,3
-0.52744,-1.1999,2
2.4349,4.5213,3
1.3537,2.492,3
3.0091,3.4951,3
2.0382,6.9535,3
5.2103,2.3883,3
8.7795,4.9046,3
4.6653,3.4926,3
5.1641,4.3318,3
4.3737,6.2916,3
1.4501,1.6865,3
3.9346,1.6111,3
5.5407,0.71262,3
1.937,4.1745,3
4.554,6.7232,3
2.8285,1.2511,3
-6.8224,-5.4887,1
3.3758,3.6514,3
1.9755,-1.9888,3
-2.7961,-1.7712,3
-0.86995,-1.5819,3
4.5131,4.2133,3
-0.96926,-0.66574,2
1.0071,2.459,3
-4.1911,-2.8603,1
-0.34637,1.7133,3
-0.41864,7.5356,3
1.8314,2.8206,3
3.593,1.0324,3
