5.2195,2.8246,3
2.4777,2.5742,3
-4.1324,-1.6544,2
0.92489,-2.5675,2
3.5436,5.4209,3
4.5703,1.3086,3
-6.1407,-1.703,1
6.1061,4.1808,3
3.5773,-0.89038,2
6.1848,1.3761,3
5.2974,1.6484,3
4.0501,5.0859,3
0.13159,-0.75308,3
7.2214,4.1519,3
4.5353,6.245,3
3.0483,7.5344,3
-0.44441,-7.0962,1
1.0835,4.0645,3
-1.1285,5.1045,3
1.306,5.7624,3
2.5817,2.9043,3
0.11553,-1.365,3
0.31369,6.2349,3
5.9486,4.1756,3
3.6336,3.1756,3
-1.6147,-6.3945,1
5.8883,4.1303,3
7.7701,7.7937,3
4.2024,3.6679,3
4.2516,1.2823,3
4.77,4.745,3
4.5275,-0.1232,3
4.1935,1.0434,3
6.9669,4.3244,3
6.2939,7.5927,3
7.631,8.3201,3
8.1738,5.5622,3
6.2471,3.753,3
-3.0538,1.4487,1
-4.3229,-4.9517,1
5.3017,4.6256,3
7.716,2.3488,3
-0.29304,-0.31474,2
-1.812,3.6517,2
0.59509,-1.52,3
5.3422,2.0161,3
1.3409,2.8297,3
5.8849,1.5622,3
6.0491,7.5419,3
5.025,7.6451,3
-2.4991,0.45732,2
2.3519,8.2445,3
4.0381,3.1194,3
0.77838,2.6744,3
4.719,5.3769,3
3.9251,2.7908,3
3.1162,2.6123,3
6.7875,2.7371,3
7.7969,3.0351,3
-0.029945,-1.3095,2
3.7207,3.2589,3
4.6019,5.015,3
2.5023,5.8799,3
-1.0925,3.4773,3
0.48427,1.8194,3
4.703,3.3085,3
4.0482,4.6993,3
3.6827,2.5509,3
-5.7845,-5.0495,1
1.1529,1.0982,3
4.8144,5.0784,3
0.5674,2.5803,3
3.6119,2.9442,3
-0.31078,0.49083,2
7.99,5.2138,3
2.6707,5.0001,3
5.687,6.4713,3
2.9697,4.5223,3
3.1971,5.9647,3
2.5165,3.107,3
0.78296,2.579,3
4.8662,7.5236,3
2.0186,4.2037,3
6.6095,1.5319,3
3.382,4.0714,3
1.1658,1.2355,3
2.952,2.4804,3
2.7902,5.4223,3
5.2646,0.61524,3
4.4079,2.1054,3
0.38058,5.6813,3
2.8403,3.8009,3
5.1329,4.3361,3
1.2192,3.7968,2
-0.38751,-0.28534,2
0.43822,1.9717,3
0.61667,-1.2797,3
4.0853,6.272,3
0.9522,4.0313,3
0.37243,-3.1805,1
8.8154,7.4904,3
3.0975,4.7005,3
4.9153,4.9858,3
1.1439,1.8899,3
5.9896,2.1802,3
3.3089,2.0607,3
0.15377,1.6051,3
6.2444,6.1654,3
7.7246,5.9657,3
4.3553,3.603,3
6.1208,2.0947,3
7.0145,5.2202,3
4.1933,1.9545,3
2.6871,6.8945,3
5.5968,7.921,3
-1.6682,-5.0456,1
-2.245,-3.8511,2
5.0968,3.5542,3
4.0959,4.4788,3
4.5121,3.124,3
3.289,2.9734,3
2.7213,-1.757,3
1.1968,3.1161,3
-0.16038,1.6974,2
4.8396,2.2581,3
1.7741,2.927,3
2.989,5.882,2
6.2536,4.6547,3
0.7257,7.4263,3
6.3481,4.7375,3
4.1996,3.2515,3
5.7864,4.6661,3
3.8801,-3.0757,3
2.4325,0.31455,3
2.8544,6.9443,3
1.1014,5.6304,3
7.8143,5.0125,3
2.0441,3.813,3
3.9884,2.5506,3
8.6159,4.9362,3
5.6892,6.243,3
0.85249,1.6448,2
5.0339,3.0582,3
4.6026,7.3935,3
3.1815,5.4588,3
-0.26967,2.9765,3
6.7437,4.4613,3
-0.41821,0.28445,2
4.526,2.5777,3
4.1246,5.4258,3
4.1844,-5.7598,3
2.1915,3.9258,3
3.178,-0.11275,3
3.3968,2.8844,3
4.5533,1.3583,3
0.23882,3.9301,3
6.5001,6.6922,3
0.94431,5.5271,3
1.7851,1.2443,3
3.8372,5.0815,3
3.4518,4.3396,3
0.080914,-0.24389,2
4.4662,3.1015,3
4.6313,1.655,3
1.9951,4.3124,3
2.3484,3.8507,3
2.061,3.7744,3
4.3876,-0.91901,3
2.0731,2.1482,3
2.4971,-1.9508,3
4.0586,1.286,3
4.2053,4.0562,3
2.8012,7.6983,3
4.5157,2.5592,3
6.3822,4.8884,3
3.6197,3.3826,3
4.6777,3.9441,3
4.186,0.79233,3
5.1775,4.1503,3
4.9198,4.0598,3
6.1993,5.2168,3
3.8476,4.5619,3
4.2353,3.5407,3
6.0727,4.6525,3
3.9665,5.4882,3
4.4428,-0.17235,3
2.7503,-0.33168,2
-2.5591,0.43909,2
4.716,6.0458,3
7.577,2.5602,3
3.5281,8.0592,3
-2.5717,-2.5831,2
2.5158,1.9724,3
4.6902,2.6232,3
2.0332,-0.33905,2
4.8065,0.9297,3
-0.70928,-1.6808,2
1.7419,4.7193,3
-0.2209,0.44426,2
7.2174,6.5572,3
1.5367,7.0429,3
5.7446,0.49386,3
2.9537,6.5281,3
2.2102,4.0645,3
-0.59736,0.35198,3
0.89037,5.0946,3
3.666,4.039,3
4.2872,7.8306,3
5.6646,2.2943,3
5.9711,6.1402,3
2.2717,4.5285,3
5.0734,5.3428,3
2.0503,4.92,3
1.7506,3.0066,3
1.0421,2.8931,3
4.0657,5.2298,3
5.8773,7.6654,3
-1.9924,4.4769,3
4.0307,5.1351,3
1.4306,2.8972,2
3.667,4.8252,3
1.3584,3.7478,3
3.0047,1.4055,3
1.7083,4.4759,3
2.5767,1.9766,3
-0.56465,-0.09492,2
7.7604,7.154,3
3.0324,-0.25299,3
3.0135,0.77421,3
5.4358,6.1763,3
3.2949,5.744,3
3.0934,2.7311,3
5.1853,6.7013,3
1.7707,1.9217,2
2.0172,6.2141,3
1.2361,3.7602,3
2.9776,3.1793,3
7.7028,0.43509,3
7.3501,3.1622,3
1.8197,1.6995,3
3.8405,3.3643,3
5.1801,4.61,3
5.2596,1.5852,3
7.6534,8.3125,3
0.90834,-2.0874,2
5.9802,5.539,3
4.3801,3.9585,3
4.0476,4.6656,3
1.863,1.8169,2
7.416,6.3697,3
-0.081713,1.5307,2
2.4557,-2.0916,3
3.8925,3.1171,3
2.0268,1.4564,3
6.0476,4.9595,3
4.7777,6.4736,3
3.1699,2.6355,3
2.2287,2.6307,3
5.1259,1.5084,3
9.9105,2.7909,3
-7.1072,-6.9257,1
3.8692,5.9175,3
1.1319,3.3448,3
2.0033,0.39923,3
5.6304,6.7828,3
4.1313,3.1707,3
4.1949,4.1755,3
8.4283,4.146,3
3.5179,6.8338,3
4.9736,4.8695,3
1.974,2.7944,3
0.73127,-0.32302,3
6.1929,3.8991,3
-1.0209,-5.408,2
1.3948,4.3105,3
2.3981,3.7429,3
2.5704,4.8226,3
5.3896,4.9539,3
4.8568,6.4621,3
1.5435,-1.6108,2
9.2121,7.1751,3
4.1001,1.0204,2
0.73388,3.3506,3
-2.3971,2.0195,3
7.8383,6.6844,3
4.1998,-0.48163,3
6.1096,4.3173,3
4.6055,1.758,3
3.1928,3.3013,3
7.8042,2.2451,3
7.7336,-0.016543,3
6.0649,6.5078,3
7.6748,4.4697,3
5.4283,0.51656,3
0.61518,2.328,3
6.1638,3.7052,3
2.4395,6.9873,3
1.7044,3.0752,3
0.74083,1.2271,3
1.6549,1.0778,3
7.3168,6.5293,3
2.5214,6.2414,3
3.8676,1.54,3
5.0125,4.2167,3
0.412,4.4467,3
5.6264,4.2023,3
6.9648,6.5926,3
1.3796,3.0563,3
8.4214,7.8796,3
5.6847,6.6658,3
0.16669,0.35367,2
1.4424,5.5519,3
-4.4571,-6.5039,1
2.966,2.9601,3
-4.4632,-2.9379,1
0.51777,1.8682,2
5.9346,5.6388,3
3.4758,4.4017,3
4.4429,4.0237,3
10.303,8.0104,3
0.17785,4.301,3
8.7025,3.0449,3
3.7916,6.5756,3
2.9105,2.2931,3
8.6498,1.6774,3
6.2222,4.8024,3
-3.9747,-2.8425,1
4.9414,6.8887,3
3.1564,1.7552,3
4.2121,5.2056,3
5.4789,3.1839,3
4.5388,5.6881,3
0.49409,-0.20693,3
4.2962,6.5232,3
2.4318,1.1492,3
3.74,5.5038,3
7.3064,5.6838,3
-1.0729,-4.9601,1
5.132,7.4087,3
2.5458,1.4996,3
4.0906,4.0639,3
1.4371,2.3642,3
0.7863,6.0588,3
4.7287,2.5016,3
1.3606,5.7413,3
3.0372,3.5116,2
6.597,6.4603,3
-0.095362,-0.61599,1
4.6294,7.5096,3
7.239,7.4431,3
1.1971,4.1433,3
6.5809,6.8372,3
2.2583,4.8002,3
5.2211,0.16805,3
5.3485,8.0865,3
1.5944,8.0966,3
3.3596,4.0686,3
-0.8373,2.4027,3
4.0942,3.8588,3
3.437,3.9546,3
4.8868,6.3012,3
5.6173,6.6069,3
3.5883,7.2143,3
1.4439,3.3369,3
-0.58681,-0.16893,3
6.6785,6.5298,3
8.989,7.9826,3
2.4349,-4.1215,3
6.322,6.171,3
4.3369,3.5098,3
3.1974,1.9665,3
2.7102,6.2318,3
4.7984,1.5059,3
0.28009,4.6333,3
3.2656,1.9978,3
-3.0293,-4.9762,2
5.9837,3.6648,3
4.6854,4.1814,3
3.6683,0.73664,3
7.2436,4.0039,3
7.4287,6.5677,3
7.5056,3.3924,3
3.816,5.5057,3
-2.8421,-1.4992,1
-2.6513,-6.6177,1
3.5488,4.0136,3
2.5507,4.2622,3
2.1504,1.6174,3
0.15988,2.7835,2
7.3766,0.38361,3
9.2334,-1.6415,3
5.7116,1.717,3
-2.0848,-0.041541,2
4.9309,4.4119,3
4.3469,-1.787,3
1.9364,5.7949,3
0.45997,1.6488,3
2.767,1.0623,3
5.081,4.4548,3
5.9368,6.9162,3
4.3129,3.6845,3
2.4463,5.152,3
3.4785,3.2117,3
8.4304,2.2977,3
-1.0091,1.5316,2
3.7486,4.3748,3
2.1453,1.6191,3
2.6097,4.7291,3
4.0956,6.4042,3
3.9555,4.1071,3
5.9422,3.8798,3
5.8665,3.4266,3
3.0918,3.7523,3
1.3266,4.7642,3
3.0642,5.6208,3
7.8626,3.7671,3
4.6748,5.4875,3
8.0351,3.7837,3
5.9721,4.1428,3
4.0286,3.3872,3
11.656,4.8774,3
-0.44033,4.229,3
4.705,9.5514,3
7.1211,3.2225,3
5.013,1.9952,3
5.2057,4.7728,3
4.3349,6.5907,3
8.3566,2.4206,3
-3.4268,-5.0694,1
3.8791,4.7998,3
5.1123,3.2161,3
3.891,3.822,3
3.6879,3.455,3
1.489,7.959,3
5.1197,3.3599,3
4.2168,2.5295,3
2.5219,5.2921,3
6.9271,3.6991,3
4.7577,6.7558,3
3.5465,2.5324,3
3.0241,5.2389,3
1.2391,6.9728,3
3.6331,4.582,3
1.4651,4.309,3
5.2463,1.651,3
5.3057,3.8081,3
6.4999,3.7962,3
6.9858,4.0297,3
5.5432,3.7412,3
1.7489,5.4062,3
5.0344,6.0965,3
-4.1235,-3.8735,1
3.2044,4.9958,3
-2.4955,3.2426,2
6.7745,5.7204,3
2.4673,5.0911,3
2.0198,3.1633,3
6.376,3.0135,3
0.816,-1.8562,2
3.8735,4.734,3
2.6384,4.0578,3
8.471,4.1216,3
5.6692,6.3413,3
5.4194,4.0498,3
4.9162,1.2063,3
6.0715,3.4746,3
2.4077,1.7221,3
1.2795,3.0772,3
7.3231,3.8722,3
2.644,2.4381,3
6.4489,2.1614,3
4.5228,6.2341,3
0.45452,0.98775,3
1.2284,5.7362,3
3.7773,2.9518,3
3.9761,7.6431,3
5.4909,4.9882,3
1.3925,2.1727,2
4.3002,1.9644,3
3.0436,3.4973,3
-1.7087,-5.1163,2
4.8758,6.3355,3
3.0796,3.058,3
4.8333,-0.81239,3
5.761,7.6378,3
4.6783,2.8907,3
3.9971,4.3542,3
5.154,1.9956,3
-3.0135,-1.8883,2
6.0053,4.3787,3
7.213,2.8331,3
1.6348,1.9458,2
0.56936,3.6126,2
4.3184,4.2267,3
2.6265,1.7978,3
3.4002,6.0625,3
2.054,0.93658,3
8.4882,4.1311,3
6.9776,1.9884,3
4.2953,4.4873,3
1.5974,6.1653,3
0.63772,7.7769,3
1.8894,2.704,3
6.3106,1.755,3
8.1796,4.2041,3
0.40535,1.9633,3
3.5525,2.4044,3
4.169,6.1825,3
-0.014908,4.6243,3
4.8833,3.8397,3
-0.35749,2.9115,3
1.9935,-0.12887,3
0.14784,0.041685,3
2.4435,1.4106,3
9.071,5.4702,3
4.5893,3.4975,3
4.0872,4.8366,3
3.5747,5.1132,3
4.5633,8.0469,3
3.7269,5.2199,3
7.9002,3.9681,3
0.29282,0.10702,2
6.279,1.9998,3
6.4901,3.0581,3
4.4,5.9321,3
7.2735,3.8707,3
5.3845,2.8749,3
4.6407,6.7659,3
-1.098,-1.449,2
3.0199,1.5688,2
-2.4983,-2.9719,1
1.2921,-1.5023,3
5.5163,2.0758,3
5.2177,6.3416,3
7.0607,1.0458,3
5.37,0.042751,3
9.2184,6.3055,3
5.6444,6.0736,3
7.5081,6.2243,3
1.6764,1.5011,3
3.7314,3.1072,3
0.20822,3.7229,3
3.6399,1.0816,3
1.0974,2.122,3
2.1994,5.6485,3
2.8572,-1.1615,3
3.233,2.37,3
2.4764,4.5591,3
9.0822,0.27951,2
4.6003,4.5861,3
4.0487,1.5892,3
5.7494,9.1312,3
3.0184,6.6184,3
2.9265,5.1488,3
5.128,6.4187,3
4.5223,2.7972,3
5.8623,4.3745,3
6.8201,3.265,3
1.3858,2.1886,3
3.9298,3.6481,3
6.2797,6.112,3
-1.5763,-0.29933,2
4.4088,5.5816,3
6.416,3.7283,3
-0.80997,5.1695,3
6.3528,4.9357,3
1.0279,0.68641,2
0.77228,4.7131,3
6.3402,3.5942,3
-1.9082,4.6973,3
5.2785,3.0712,3
7.7847,1.8974,3
1.9461,2.7537,3
-3.706,0.33021,2
5.0619,2.0014,3
5.4153,4.6214,3
4.3004,3.742,3
2.6839,6.1135,3
5.2331,2.7414,3
5.4541,3.962,3
6.0606,3.2477,3
4.0418,3.219,3
-1.1404,4.4514,3
3.0572,5.2652,3
5.2827,2.5874,3
5.6304,5.1025,3
6.5243,4.0643,3
5.386,3.9259,3
3.5427,5.4283,3
6.1678,4.0097,3
2.1741,3.2222,3
4.3564,5.8399,3
5.7292,4.6215,3
4.6405,4.4683,3
3.8145,3.7431,3
3.9251,0.64841,3
4.7497,0.074188,3
1.9917,1.8648,3
6.8174,5.1421,3
2.6897,7.1318,3
0.59304,2.8445,3
3.732,2.5498,3
5.076,4.3197,3
5.5088,7.3604,3
3.2765,0.62053,3
5.0839,3.754,3
7.717,3.5193,3
4.9981,6.878,3
4.1188,4.8921,3
4.1858,4.7827,3
2.719,2.8687,3
3.4396,1.6758,3
6.3306,8.3969,3
6.9507,4.3033,3
7.0065,5.5538,3
3.5743,1.2124,3
7.9039,7.8191,3
4.1618,3.2661,3
9.4795,8.9462,3
7.2665,3.5552,3
3.7188,6.3448,3
4.0415,5.2711,3
9.884,4.1534,3
-2.3167,0.64795,2
4.7736,5.5882,3
2.9795,4.8367,3
-2.9322,-0.69458,2
4.0447,3.9581,3
2.6491,5.3829,3
2.1217,2.4995,2
4.1355,3.9709,3
6.7808,3.7798,3
5.0747,4.7649,3
5.3792,3.7837,3
1.4154,-2.8898,2
-4.111,-3.4734,1
4.6394,1.6866,3
1.3903,3.0744,3
4.1236,3.3026,3
4.5444,2.2121,3
6.5973,2.8682,3
4.3185,4.9358,3
3.6113,7.1628,3
-5.8387,-0.58,1
-0.12269,2.6491,3
-1.8179,-4.389,2
4.335,1.9517,3
5.5815,5.1546,3
4.6269,2.9696,3
5.6678,5.0134,3
1.3483,5.6863,3
5.8849,7.533,3
4.1445,7.7512,3
3.5111,5.4867,3
1.0004,5.0291,3
3.7565,-0.34106,3
5.5904,6.1951,3
3.8554,4.235,3
7.8718,5.2709,3
3.3734,4.4157,3
3.4491,4.5275,3
9.7484,4.18,3
4.18,7.3409,3
5.3859,7.0594,3
4.134,5.0921,3
2.3079,5.3108,3
1.4604,2.3197,3
6.0654,3.2639,3
-2.4788,-1.0312,1
5.6632,5.4961,3
5.329,6.5759,3
3.6742,2.608,3
3.8113,2.6052,3
-6.6051,-6.5602,1
3.0052,4.0607,3
2.5258,7.2148,3
8.9364,4.8885,3
3.424,6.0493,3
4.2502,1.8991,3
3.9267,6.4281,3
0.75187,1.179,3
6.9521,5.9956,3
0.65631,-1.1464,1
4.069,1.8005,3
3.8015,4.0804,3
5.0088,8.8433,3
4.806,3.0165,3
1.9486,8.0928,3
4.7385,2.0484,3
4.3574,4.7203,3
3.449,6.0834,3
5.2704,3.3342,3
-2.3983,-1.3535,2
0.43377,2.444,2
6.1796,3.9995,3
4.3828,4.0145,3
6.7096,8.6233,3
-2.6827,4.271,3
1.3613,2.0691,3
-1.3931,2.1681,3
1.1792,2.1791,3
3.6663,3.8375,3
2.6703,-0.063074,3
5.1991,3.6926,3
4.919,6.4457,3
2.4541,4.7347,3
6.6877,2.8033,3
4.5255,3.0373,3
1.53,4.9486,3
3.1775,-0.28905,3
5.8989,2.8751,3
6.0352,3.6206,3
3.5726,5.8152,3
-4.7665,-8.8979,1
6.714,2.6359,3
2.4185,-0.93122,3
2.8007,2.0714,3
2.5356,4.1651,3
4.8653,3.9282,3
5.6967,2.0995,3
0.67979,-0.96848,2
3.5861,4.4109,3
3.8928,1.7408,3
-1.366,-3.2016,2
-0.34759,9.0011,3
2.0832,2.206,3
6.7462,5.379,3
0.81102,3.2301,3
4.3755,5.2386,3
4.152,2.0453,3
4.2841,1.4237,3
3.8592,3.0018,3
4.076,0.19317,3
-3.0465,-3.7477,1
3.0246,3.8055,3
2.937,2.9148,3
1.5241,-2.3346,2
7.9241,6.3602,3
4.6462,2.3375,3
3.3545,1.2754,3
4.9845,4.8045,3
2.7614,1.1006,3
-0.53956,3.0625,3
-6.177,-7.0998,1
-0.97037,-5.5773,1
7.4554,7.5945,3
3.5327,3.1789,3
4.7477,2.2657,3
6.8045,5.9255,3
2.0672,1.8337,2
5.8265,0.3877,3
-0.21235,1.8467,3
5.3747,6.6296,3
4.7055,3.542,3
4.6139,5.4651,3
5.5679,3.8889,3
4.3632,0.88426,3
0.23049,-1.0053,2
-1.5635,-1.0197,2
5.4165,2.7674,3
1.6036,0.63671,3
-0.32037,-1.8057,2
5.6809,1.4187,3
10.838,9.2771,3
-2.0379,-4.5876,2
-0.9104,1.1993,2
3.1931,0.046861,3
1.1498,-3.4051,2
4.1446,4.8356,3
-7.1656,-7.4818,1
2.5249,5.2027,3
3.0541,3.7371,3
-1.0695,-4.2059,1
-5.2004,-7.6018,1
0.54218,3.9571,2
6.4887,3.1138,3
-1.9756,0.82124,3
2.9466,5.1638,3
1.6388,2.6897,3
5.6189,3.0723,3
5.5038,5.2576,3
5.9971,3.9219,3
3.03,1.1842,3
2.5814,3.0907,3
2.6162,5.623,3
3.9991,-0.25221,2
-2.6414,0.37609,2
1.463,3.0545,3
2.9283,6.2108,3
-0.88836,1.3452,3
6.3865,6.2357,3
1.2952,0.26479,3
4.2356,3.5464,3
6.0036,2.8326,3
1.4535,1.0992,3
-0.30583,7.2239,3
4.7943,3.0462,3
-2.6053,2.0665,2
4.3424,3.6523,3
4.9706,7.0276,3
1.3913,1.5343,3
4.7261,2.8021,3
3.7322,4.6061,3
5.4496,3.6711,3
4.1165,0.62821,3
4.9569,5.3903,3
8.5249,5.6844,3
-0.24377,2.4794,3
1.8644,-0.28661,3
3.4664,2.2492,3
1.703,5.7559,3
1.8863,4.6017,3
3.8793,2.7546,3
2.8582,4.1286,3
4.7111,7.7774,3
-1.5898,2.3597,2
0.27501,4.1013,3
1.0131,2.6838,3
-0.55847,1.4137,2
-1.7281,2.5751,3
-2.2228,-5.288,1
3.9915,4.9397,3
2.9304,4.0554,3
3.6323,5.4345,3
5.7722,6.1167,3
2.8945,6.1199,3
-1.614,-0.74713,2
4.3658,6.5309,3
6.613,1.5057,3
5.5284,4.4722,3
3.4462,5.172,3
3.4913,6.5137,3
2.0898,6.9006,3
7.851,4.6096,3
4.8653,1.0263,3
0.8266,3.8196,3
0.57796,6.4896,3
4.1171,5.7208,3
-0.30905,1.4563,2
4.59,3.3623,3
6.1013,5.6942,3
6.245,3.8368,3
3.4633,2.2662,3
3.4182,2.0587,3
4.6375,3.323,3
4.1353,5.1007,3
1.1317,4.8327,3
2.1526,4.0235,3
3.4846,3.9716,3
3.8019,6.1759,3
2.8316,1.412,3
5.9107,4.1573,3
0.91146,5.5546,3
6.1084,5.6536,3
6.9648,5.4863,3
6.0033,1.806,3
3.7937,4.4552,3
3.8098,2.2668,3
-2.6953,-2.9025,1
5.6744,9.0079,3
5.7789,3.8234,3
4.7527,3.7646,3
6.5833,0.92703,3
2.9916,6.1033,3
2.654,6.1331,3
2.6567,4.8222,3
2.3495,7.0137,3
1.0131,4.5578,3
4.813,0.91839,3
7.0803,6.0901,3
4.6888,3.9074,3
6.5484,2.853,3
6.8641,4.2206,3
2.8705,1.5088,3
2.9335,2.9532,3
4.1467,7.5848,3
2.9884,4.2118,3
0.88632,-1.1265,2
4.4054,3.6085,3
3.9681,4.1808,3
-1.0521,-1.8652,2
3.814,3.8748,3
3.9001,2.4978,3
9.4551,5.8173,3
1.129,-2.8017,2
8.3252,3.0565,3
4.2095,4.2144,3
2.351,5.2574,3
1.9288,2.3133,3
3.3096,2.9732,3
5.6729,3.2942,3
4.8653,5.2123,3
5.1969,6.5473,3
6.9729,2.9518,3
0.063056,1.6168,3
3.1728,2.9791,3
5.7251,6.1936,3
0.86061,1.4264,3
4.1923,3.569,3
6.1248,-0.14448,2
2.4946,5.5186,3
6.409,4.2431,3
4.972,2.5628,3
2.0116,3.4301,3
1.5423,1.0279,3
5.7881,1.7128,3
4.8613,3.7294,3
4.3334,3.9046,3
-0.51653,3.2631,3
4.8438,5.8138,3
1.3508,6.1725,3
3.4534,4.7071,3
8.5054,2.5294,3
-0.33533,-0.57456,2
4.7321,0.55458,3
2.6165,1.9552,3
4.6216,4.7399,3
-4.2869,-7.5668,1
3.0587,7.4391,3
-0.50155,-4.2479,1
3.5806,2.2225,3
4.6899,1.981,3
2.7794,5.3439,3
0.24787,3.0792,3
5.6847,4.8209,3
1.4229,1.0075,3
0.033735,-0.11971,3
2.0236,4.5596,3
-2.393,-5.8912,1
1.0051,4.3921,3
4.8878,5.0563,3
2.9617,6.3604,3
5.0322,1.74,3
1.7278,3.8824,3
4.8831,3.6686,3
-0.52257,-0.16222,2
3.6133,5.8709,3
8.2524,7.7546,3
3.9718,5.092,3
1.9106,5.6844,3
1.8074,6.4311,3
-0.69972,2.4782,3
4.0023,2.8257,3
3.9279,4.1279,3
-1.3037,-6.8067,1
6.1523,2.388,3
7.8384,4.9976,3
3.7157,7.082,3
4.037,3.3861,3
1.9444,0.18948,3
3.554,1.2744,3
0.4931,3.2531,2
-1.9117,0.0386,2
4.8235,4.6162,3
6.4827,5.9713,3
3.4831,7.4789,3
-0.64285,6.4703,3
2.1843,3.7632,3
4.1325,4.7024,3
1.8869,-0.69161,3
2.0779,2.7904,3
3.0338,3.0059,3
2.5695,0.094103,3
2.7619,6.2586,3
3.4492,-0.34283,3
3.5302,6.049,3
3.4376,2.8216,3
0.26273,-4.6425,2
6.9359,10.839,3
4.0343,5.978,3
3.4769,4.6059,3
8.2903,2.7158,3
-3.0171,-0.83482,1
4.3101,10.498,3
1.8244,6.4164,3
5.8688,0.1759,3
4.3962,3.9988,3
5.5353,3.8223,3
1.6164,2.8729,3
7.4707,7.4607,3
4.5859,4.5139,3
1.8562,4.7117,2
5.0071,0.20783,3
5.0002,6.6621,3
0.65033,-3.3334,2
1.7612,3.2695,3
6.8057,2.7439,3
3.7765,5.5198,3
5.2939,2.3215,3
3.2311,2.7201,3
6.8338,2.955,3
5.2579,0.88969,3
3.2705,0.47337,2
8.1938,10.07,3
1.7135,4.5564,2
-0.19948,0.58717,2
2.1187,2.8738,3
2.2117,6.5689,3
5.903,3.4383,3
4.6103,3.5727,3
2.2719,3.7035,3
5.7879,6.5308,3
0.017056,3.4274,3
4.6675,5.3895,3
0.073643,0.52322,2
3.0029,3.2339,3
4.1557,1.6198,3
3.1195,2.7275,3
6.1538,4.7267,3
3.4618,6.2493,3
1.1952,6.8177,3
1.3242,7.5121,3
2.4915,4.1694,3
0.61161,3.4453,3
3.1686,3.1861,3
-2.6659,1.6049,2
5.1914,4.2721,3
6.7287,0.22284,3
5.0051,6.4916,3
3.8138,5.825,3
-0.86735,-2.6029,2
6.7587,4.5851,3
4.1687,4.9635,3
2.5879,-0.50019,3
-1.667,-4.2658,1
4.3315,5.5684,3
-1.358,-1.4053,2
2.9465,1.2244,3
3.9133,7.6679,3
-3.9164,-6.3412,1
4.753,5.5079,3
5.5184,4.8239,3
5.4384,2.567,3
2.2722,4.8311,3
5.5115,6.4928,3
4.6994,3.4369,3
3.321,3.4806,3
7.0025,5.3982,3
1.2318,-1.0124,3
3.6366,5.218,3
3.1715,-0.30153,2
2.3512,-1.0504,3
4.5209,1.2632,3
6.1165,3.3148,3
1.5956,0.6442,3
1.6503,-0.21908,3
6.271,3.2948,3
4.2445,1.6209,3
-1.9664,6.5513,3
3.7884,7.1509,3
1.3441,4.6476,3
4.2999,1.7183,2
4.6736,5.9697,3
2.5757,4.0643,3
3.7459,3.4233,3
2.9317,3.7303,3
4.9106,5.0669,3
3.8201,4.2108,3
2.6819,2.9646,3
6.3166,8.1531,3
3.6429,1.6073,3
2.2937,2.5005,3
2.4904,0.97657,2
3.2955,3.9889,3
2.4801,3.3082,3
0.083717,3.3799,3
0.91554,6.9222,3
-4.7416,-4.3711,1
3.2558,0.8125,3
4.8672,1.6402,3
2.5628,2.6429,3
-0.46517,2.8153,3
1.4698,-0.75469,2
8.8982,2.7792,3
3.4694,1.5445,3
4.3697,5.5662,3
-0.58506,0.78112,2
4.0968,1.5077,3
7.5636,4.1381,3
7.718,3.7428,3
3.1118,4.1506,3
3.3513,3.6598,3
6.3126,7.4296,3
4.786,0.30368,3
4.087,2.0983,3
3.5193,5.1303,3
5.6204,4.7192,3
1.6482,2.6199,3
-0.76061,-1.9893,1
1.1521,-2.2346,2
3.8391,2.1014,3
-2.432,-2.6407,1
3.5073,3.3737,3
1.1963,0.55782,3
1.7086,4.6306,3
2.9996,4.9117,3
-0.32124,-1.1283,3
0.61117,3.6209,3
2.8144,-0.73625,3
3.714,10.17,3
3.4881,3.3492,3
4.0278,0.7812,3
4.9109,3.7041,3
5.3589,0.99293,3
2.7559,1.4691,3
7.186,4.0838,3
3.0989,2.4403,3
4.2543,3.7197,3
2.0123,6.1027,3
4.5878,1.8186,3
3.0048,5.8268,3
3.9778,5.5465,3
3.015,4.3229,3
-1.5428,-0.39677,2
0.48128,-0.94999,2
0.41504,-1.5722,3
3.4068,6.3873,3
-1.2115,0.78683,3
-4.7126,-2.7979,1
9.9411,6.6052,3
4.8744,4.2503,3
-2.1362,6.4807,3
5.9723,5.1949,3
4.6085,7.9243,3
1.3881,5.1689,3
3.2615,7.005,3
-1.3745,-2.5404,2
3.9206,-0.86268,3
0.44968,1.3189,3
5.1546,0.11642,3
5.4839,3.2573,3
0.42695,-2.0682,2
8.5855,-0.58758,3
2.5533,2.5949,2
1.5975,3.3801,2
1.6408,1.5332,2
3.9773,-0.12844,3
1.6247,4.9118,3
1.7346,3.6944,3
4.2368,0.66513,3
2.6978,0.68191,2
4.4271,0.48927,3
5.8446,3.499,3
6.382,3.3678,3
2.5371,0.44724,3
2.3889,2.6973,3
0.44075,2.8914,3
1.6757,7.7701,3
6.2175,5.1052,3
1.3811,5.4851,3
3.6123,2.8459,3
1.312,5.723,3
-0.44978,-1.7045,2
3.6661,2.517,3
2.8724,3.2877,3
5.9659,3.35,3
-0.79053,0.86221,2
-0.94295,-0.75067,2
6.3937,1.2878,3
1.9678,3.7355,3
4.2908,3.6827,3
2.915,5.06,3
4.5403,3.9099,3
2.6421,3.9169,3
3.9372,7.9446,3
0.17385,-2.1958,2
2.2231,4.0814,3
4.3356,2.0874,3
4.7817,5.3933,3
5.4862,7.4278,3
5.5313,6.0288,3
3.3162,6.1741,3
3.3238,2.3769,3
4.1137,1.6374,3
7.3578,3.895,3
4.7567,2.7763,3
9.7813,5.6794,3
2.972,4.1744,3
6.5973,4.024,3
7.667,4.0193,3
0.91765,1.1612,3
3.6567,3.6119,3
-2.3949,-7.7314,1
4.5212,7.0829,3
3.1013,4.5334,3
5.7963,6.3027,3
1.808,-2.3702,3
-3.8707,-8.5836,1
3.5524,4.1007,3
4.0852,4.9222,3
-1.1917,4.1505,3
2.9581,-1.0201,2
7.253,6.2341,3
3.1818,2.1442,3
4.2384,6.0654,3
1.4213,-0.74806,3
4.3309,4.9108,3
2.6687,4.9363,3
0.67168,2.5389,3
2.4788,0.57141,3
1.7405,0.40776,2
7.2834,3.4742,3
-2.4596,3.7732,3
3.2848,4.6187,3
-3.653,1.1035,2
4.2237,7.3738,3
6.1112,4.4583,3
6.3703,4.0634,3
3.4493,6.0899,3
0.67936,0.86619,3
-5.3764,-4.0575,1
6.2884,8.7524,3
-4.4743,-1.6031,1
2.2211,4.1723,3
7.419,1.7625,3
1.1966,3.7079,3
-0.25463,0.75995,3
3.6131,5.824,3
0.036618,0.076622,2
1.0463,5.8955,3
6.4315,3.7426,3
4.1466,2.1366,3
1.0915,6.0636,3
8.6825,5.9492,3
6.6494,-0.78276,3
3.2953,3.8906,3
-0.032557,4.802,3
-1.5146,6.1261,3
3.1018,2.0432,3
2.9683,3.3601,3
4.6539,1.3543,3
-1.8893,-0.31025,1
4.2929,2.6886,3
1.5001,4.1248,3
4.322,4.4016,3
2.8173,2.1491,3
3.8707,6.941,3
3.9523,2.0563,3
5.5206,4.1323,3
5.4044,7.2795,3
3.6066,4.0032,3
5.1019,5.9159,3
5.9319,3.371,3
4.5948,3.1875,3
6.0925,5.2433,3
2.3725,3.758,3
4.6711,7.2074,3
2.6536,2.5975,3
1.8695,1.9958,3
8.6862,1.4519,3
3.4635,7.8918,3
2.0585,5.9591,3
0.024698,0.3389,3
4.7194,3.9838,3
-2.8005,-1.3149,2
-5.0591,-7.7222,1
3.1701,3.7444,3
2.1137,0.60099,3
-0.27859,1.528,2
-1.7654,0.70754,3
6.007,5.5122,3
-3.1061,-1.2063,1
3.001,3.6003,3
6.1091,5.6037,3
5.8287,1.8163,3
4.9427,0.89681,3
1.7886,3.1049,3
-3.9046,-2.4542,1
10.06,3.93,3
1.6939,0.38026,3
6.3697,5.6424,3
6.4966,2.5223,3
0.52628,-2.7727,3
7.1229,3.6682,3
5.2551,5.4373,3
2.8606,0.2945,3
-0.90728,4.9946,2
1.4679,4.0693,3
4.1826,1.694,3
0.93041,-3.1003,2
2.9153,4.8512,3
3.7392,1.8259,3
4.0152,2.0238,3
6.7539,3.6729,3
4.9023,3.7895,3
5.5668,2.4113,3
1.343,-2.0346,3
4.8961,4.7653,3
-1.366,2.3774,2
1.8746,3.7236,3
5.2383,4.0935,3
7.5545,7.2593,3
2.0968,1.9306,3
6.9485,6.4306,3
-0.20427,2.6212,3
-1.6581,-5.5542,1
-0.12772,-0.54015,3
-1.0105,-0.91736,2
3.7942,6.6713,3
3.5532,1.7166,3
0.83157,-2.658,2
3.2431,0.70177,3
2.7483,2.6348,3
-0.011556,2.755,3
0.66108,-0.48673,3
2.1897,2.5901,3
0.33023,0.52723,2
1.4331,4.5087,3
3.2946,6.2395,3
6.2499,-0.37931,3
6.2751,0.40179,3
-2.3995,-4.809,1
-4.0236,-3.3996,1
-3.4037,0.78939,2
-1.0328,-3.3231,1
1.8258,3.9834,3
1.4117,5.3682,3
1.2029,4.6947,3
10.368,-0.85685,3
4.0833,1.4901,3
-0.80286,0.60109,2
2.9557,4.9963,3
3.7405,3.4923,3
4.39,2.4626,3
7.8044,7.6555,3
7.3888,5.4409,3
5.5476,8.6916,3
-7.8161,-2.6772,1
-0.86535,-0.28664,2
1.3401,3.6741,3
5.8488,2.9474,3
8.2742,6.2371,3
2.2556,2.1774,3
5.7632,-0.29441,3
-3.0602,-2.3805,1
5.3351,6.3014,3
-0.90286,-0.10522,2
2.4454,2.5271,3
0.73899,3.9149,3
4.3033,7.6994,3
-0.24307,-0.10072,2
1.3031,3.809,3
2.8729,5.111,3
6.2188,4.7405,3
3.9439,2.0354,3
6.7791,3.663,3
2.2695,3.1653,3
4.8976,9.3116,3
-0.35973,3.2124,3
4.2439,-0.56706,3
-1.6913,-0.76779,2
7.2178,4.9687,3
6.1591,5.2061,3
6.9762,2.5641,3
5.1332,3.2514,3
2.0385,2.1226,3
5.3304,7.5792,3
3.0276,7.4516,3
1.2376,1.0739,2
6.424,5.9377,3
3.6488,4.9332,3
2.2086,5.4873,3
3.7426,1.2029,3
5.9105,0.077117,3
0.65226,0.19207,3
3.6883,1.3676,3
4.7479,8.0786,3
-0.842,4.2287,3
2.3388,5.5073,3
0.20864,0.20397,3
3.4544,4.3682,3
0.78552,-2.4333,2
5.8894,3.9539,3
3.9313,5.4107,3
3.6308,3.7076,3
3.4595,-0.92133,2
5.235,3.2223,3
1.575,5.5716,3
2.6852,-2.8313,1
7.1743,3.2515,3
1.8989,2.2539,3
1.5432,2.4234,3
4.3494,6.1769,3
-6.5367,-1.2007,2
0.84325,-1.7999,2
-3.8957,-3.4811,1
6.4776,3.4206,3
3.6411,2.0436,3
1.2314,5.1524,3
0.53444,3.482,2
-0.94053,0.81416,2
7.4304,4.2212,3
0.80196,7.1562,3
-1.0967,0.50173,2
-0.87565,1.8308,3
0.22103,-1.8129,2
2.1429,4.9689,3
1.0099,-1.0897,2
9.7048,5.7888,3
3.9181,4.2683,3
3.6592,-0.29628,3
-2.314,0.80416,1
4.5173,3.7775,3
4.9688,0.55762,3
3.4307,6.1654,3
-0.63172,3.3282,3
4.4234,7.4953,3
5.5221,1.0467,3
1.3443,6.2173,3
2.4521,4.7715,3
3.9725,3.3206,3
3.2776,0.6921,3
7.061,3.2083,3
-0.71719,-0.26142,2
1.475,6.5648,3
3.9882,3.412,3
7.2866,4.8405,3
6.364,3.1672,3
-1.8085,-2.5584,2
4.5819,3.5315,3
-2.5607,0.094938,3
1.6191,-3.6262,2
2.6612,3.8527,3
1.9232,4.1246,3
5.7892,3.6271,3
1.1403,1.2785,3
5.5078,4.649,3
4.608,8.2436,3
7.2494,5.2429,3
5.4013,1.2548,3
6.4155,4.873,3
1.4056,2.6258,3
6.0576,0.74807,3
3.094,3.9353,3
4.0948,2.9323,3
-0.042338,3.9389,3
0.7443,0.65912,3
4.0753,4.1016,3
2.6246,3.8237,3
-1.9823,-8.4786,1
2.9843,4.0885,3
0.46119,-1.8708,1
3.4259,3.3689,3
5.5012,6.603,3
4.3003,6.3759,3
1.6152,2.9444,3
-3.0814,-7.6354,1
5.6281,4.7228,3
6.4786,4.5604,3
6.0885,7.7577,3
6.8013,6.3137,3
9.1289,3.8211,3
3.5601,-0.27559,3
8.1868,5.7938,3
3.6308,5.3354,3
2.7284,3.099,3
4.2377,2.4215,3
4.8734,3.5512,3
4.0582,5.5386,3
6.6772,4.8227,3
-5.3624,-4.6143,1
2.1196,3.2622,3
6.6304,4.4487,3
-1.5199,-2.1692,2
5.9424,5.6693,3
2.3354,5.9381,3
3.1255,2.9651,3
-2.8663,0.60627,2
2.4835,3.2972,3
-1.3024,-1.7284,2
4.0463,4.0333,3
3.3189,2.1776,3
0.7796,7.2035,3
2.7101,3.3026,3
4.5479,6.7306,3
2.3043,4.4023,3
3.5208,6.8207,3
-0.070597,2.1005,3
7.5483,7.2349,3
-0.33927,2.8219,2
-1.5181,4.1238,3
3.1083,7.2499,3
4.6958,6.0737,3
-0.58571,1.3212,2
3.9406,0.83627,3
4.5544,6.0983,3
3.05,5.5938,3
3.0391,-0.64935,3
-1.1544,-0.39716,2
4.1939,5.5682,3
1.3108,2.5025,3
5.8137,2.5837,3
2.2689,4.7664,3
0.21839,1.7199,3
2.8518,4.6748,3
0.10262,1.251,3
2.778,-1.3507,3
-0.98534,2.8597,3
-2.8653,-3.073,1
6.9855,5.295,3
0.34388,2.7069,3
3.7617,6.1576,3
6.7343,5.8887,3
6.5307,3.2961,3
0.76799,3.4424,3
2.7241,2.2949,3
-0.39892,1.4985,3
3.2025,0.83273,3
2.5864,4.4711,3
1.618,1.0748,3
1.9566,4.4674,3
4.4851,3.5358,3
4.2429,7.8687,3
-0.98047,4.7311,3
-3.244,-5.5626,1
2.5335,4.765,3
2.2769,4.1662,3
6.6428,4.0448,3
6.3793,8.5486,3
3.3122,-0.55716,2
6.8769,4.1468,3
6.8349,2.8314,3
0.67609,1.4599,3
4.6999,3.8271,3
3.4265,7.5057,3
4.1405,5.9631,3
4.7738,3.2768,3
3.6324,1.4099,3
7.2741,7.5836,3
-1.0626,-3.7112,1
6.6229,4.253,3
6.4933,6.3248,3
5.5404,3.8919,3
4.3799,7.4446,3
5.307,0.39059,3
6.8335,2.7642,3
5.7433,3.9642,3
0.16187,6.4934,3
4.914,3.0276,3
2.6009,1.3483,2
2.2359,6.8565,3
3.2814,0.31535,3
6.0666,7.2183,3
-0.96228,3.8451,3
5.263,0.97303,3
6.4152,2.7902,3
4.1067,4.8366,3
-5.5735,-7.2135,1
-0.1844,3.7472,3
5.1108,9.0882,3
2.1956,3.2983,3
3.0363,4.8796,3
4.5592,5.7901,3
-1.4382,-0.75718,2
5.1033,1.395,3
6.2695,5.4781,3
2.2622,3.9208,3
-1.0017,-1.4078,2
3.5581,4.4272,3
3.1267,5.0492,3
5.7197,4.3143,3
-3.4203,3.8632,3
0.12766,2.9255,3
4.0647,3.2671,3
3.0827,3.8495,3
6.1224,10.341,3
3.8184,1.8942,3
-2.5485,1.4326,3
4.8628,3.7088,3
4.6116,8.3363,3
-0.22648,3.7617,3
5.5791,5.8819,3
2.2069,3.6945,3
-3.9013,-2.4422,1
2.297,4.0338,3
5.8437,2.7453,3
4.7715,2.9158,3
2.6041,3.5756,3
-7.3122,-4.3899,1
1.8992,1.8781,3
2.8958,4.6446,3
2.6914,6.6081,3
3.4615,0.017364,3
5.5798,1.6435,3
3.8988,1.3818,3
7.7935,0.65432,3
4.7488,1.0113,3
6.7035,3.3453,3
0.41963,0.87795,2
5.619,4.4459,3
2.2293,2.4006,3
8.2213,3.1395,3
-2.9772,0.79323,2
-2.3662,5.2345,2
-5.6112,-4.0459,1
6.6954,7.3879,3
4.2014,6.5916,3
-5.8835,-3.8975,1
5.0566,3.1626,3
2.7002,0.79241,3
2.2915,1.0594,3
1.6196,5.1474,3
-2.9831,-0.50503,2
5.633,6.5253,3
9.3843,7.3832,3
5.3457,5.2937,3
3.1822,2.6573,3
3.9659,2.2216,3
1.4557,3.7433,3
6.3599,1.3875,3
0.98555,1.688,3
4.0669,1.6083,3
3.3574,1.7354,3
0.40333,2.9544,3
3.3757,2.8699,3
7.2506,5.0493,3
3.3511,5.6335,3
4.2306,6.0724,3
3.8148,6.4711,3
5.5772,2.268,3
2.264,1.9867,3
5.2668,6.0939,3
1.0816,5.0634,3
1.7193,0.51589,3
1.838,0.51357,3
5.7156,5.6216,3
4.9481,3.731,3
4.7603,2.9205,3
0.31599,4.7333,3
3.179,-0.4665,3
0.34675,-0.11211,2
2.5108,3.4133,3
2.9807,7.4037,3
6.7535,5.4122,3
8.6419,7.4019,3
1.0827,6.5656,3
3.7796,-0.53886,3
0.42017,-0.2468,2
1.2956,0.98775,3
4.1621,4.7815,3
6.6667,4.0814,3
1.3572,5.5707,3
3.8484,6.0696,3
5.86,3.6982,3
6.1472,5.0094,3
2.5309,6.0895,3
4.1836,6.0065,3
-0.47366,1.7527,3
4.237,7.5271,3
4.9029,7.0772,3
-1.2025,2.3817,3
2.4717,1.8677,3
1.6133,3.0393,3
4.5698,0.42527,3
0.16074,1.7743,2
2.0182,3.3918,3
4.2209,4.8014,3
3.68,2.2309,3
3.127,2.8961,3
6.2088,2.2021,3
-2.8321,-2.1227,1
0.61692,2.4725,3
6.478,5.1243,3
0.9846,4.2428,3
-5.1939,-6.8593,1
4.7168,1.2814,3
5.0526,4.6141,3
-4.6819,-5.4485,1
3.6378,3.6351,3
-0.42292,-0.41805,2
4.6087,3.8303,3
10.363,5.4422,3
5.0169,1.7672,3
-0.048332,3.0015,3
1.8053,2.1481,3
5.1363,4.8082,3
3.0243,3.6149,3
6.0746,2.1857,3
6.5666,5.7911,3
-0.12778,0.009093,3
0.26374,0.47567,2
2.121,3.501,3
3.0365,2.1051,3
4.8034,3.0361,3
1.3845,8.1947,3
6.5918,1.3101,3
5.2032,3.8062,3
1.8941,2.8337,3
3.226,2.9945,3
1.3529,2.1581,3
2.3508,6.2579,3
5.2396,1.463,3
-1.7245,-1.7586,2
1.0453,3.5042,3
2.665,6.1329,3
7.5052,9.1341,3
1.2258,3.5204,3
8.6545,8.8261,3
4.4297,4.4676,3
2.3295,5.9881,3
5.065,1.4429,3
1.0103,1.194,3
7.067,7.1278,3
1.4879,1.643,2
3.0458,4.3582,3
-0.81807,3.6543,3
6.7779,6.2466,3
-0.68245,0.48154,2
3.3901,5.6104,3
6.9055,2.819,3
5.7423,3.711,3
2.7641,1.8171,3
-1.3228,5.1041,3
3.6327,4.2527,3
1.9082,1.2417,2
-2.3775,-1.1291,1
4.1962,2.7946,3
2.7618,2.8288,3
-1.9145,-4.6503,1
3.774,10.019,3
5.013,6.9794,3
0.82982,5.9938,3
4.7338,3.1187,3
4.0811,3.2602,3
-1.6664,-1.0827,2
4.3814,4.7087,3
5.1166,6.7771,3
3.8154,5.7799,3
0.75056,1.7764,3
1.4304,1.6683,3
5.77,4.4341,3
5.1455,3.2697,3
-2.4934,-2.6897,2
2.7632,3.3876,3
-0.36539,-1.4739,2
2.6565,6.9893,3
-1.5595,-0.91192,2
2.8987,5.795,3
5.7534,4.9952,3
3.9364,2.8003,3
4.8971,7.4272,3
4.3253,2.9862,3
6.1248,2.3138,3
3.5776,4.2216,3
2.8243,3.3432,3
-0.88924,1.2524,3
5.4872,1.1222,3
4.8275,6.4959,3
2.7162,-0.10794,2
5.5806,3.8623,3
-4.7329,-6.5716,1
0.24769,-3.3792,2
8.6638,7.3078,3
5.8915,3.4881,3
-0.92135,-1.6633,1
-2.3306,3.2062,3
4.4216,6.5233,3
2.6201,6.2057,3
-6.3116,-4.7204,1
2.4041,5.0729,3
-4.9724,-5.4797,1
5.7315,6.8108,3
3.5897,4.8215,3
6.3384,6.3929,3
2.1505,3.2119,3
2.9059,7.2386,3
-2.3768,1.4993,2
-1.4201,-1.6674,2
-0.029194,-4.4559,2
3.5143,5.9667,3
-2.2715,-4.3946,1
6.7351,7.2056,3
3.1938,2.3913,3
3.5115,3.7276,3
3.2771,3.2453,3
4.2731,3.7596,3
2.2852,5.6562,3
3.9353,5.7488,3
6.0701,3.5913,3
3.8658,5.2685,3
3.6968,6.1284,3
3.1289,3.1512,3
6.7633,5.6935,3
-0.66496,-1.3548,2
4.9295,6.9363,3
4.0241,0.0021355,3
1.1143,2.7483,3
2.5172,5.3657,3
1.7341,4.485,3
2.3909,-0.77602,3
8.9826,5.4249,3
0.23112,6.4012,3
-2.1897,1.3324,2
6.4634,3.9649,3
-4.0859,-7.4919,1
4.7971,5.314,3
-0.23903,6.8465,3
1.8328,2.8998,3
-1.4439,0.7093,2
1.4351,-0.62692,2
4.4502,8.379,3
3.5563,4.8714,3
4.8725,5.7137,3
3.5702,7.4184,3
3.5092,5.8555,3
5.1527,3.5703,3
-2.8561,1.7515,3
4.9798,6.1556,3
9.8364,2.9492,3
3.0795,3.937,3
1.4613,4.8128,3
-1.1226,0.3292,2
-1.2678,3.0684,3
3.6697,7.2226,3
5.4891,3.963,3
3.1704,3.2789,3
2.2698,-5.621,2
4.3481,2.1907,3
4.0278,3.9153,3
5.1397,5.2125,3
2.3195,2.6318,3
2.4996,3.1569,3
7.3156,6.4106,3
-1.6918,4.6888,3
1.9337,5.2916,3
3.044,3.4631,3
1.2846,5.2015,3
4.7274,4.9237,3
3.8162,1.4461,3
3.5687,2.2562,3
1.2294,2.7214,3
3.9086,4.9045,3
2.8936,3.5169,3
2.5682,-0.55394,2
-1.2084,-3.3116,1
8.6684,3.7537,3
-0.33989,3.0711,3
1.4805,4.4974,3
-7.5279,-1.0822,2
2.1511,-0.77661,3
3.2099,1.9718,3
2.4422,7.1887,3
2.7207,1.5845,3
6.3108,6.2798,3
4.2418,4.65,3
1.4916,4.8338,3
1.8261,5.5523,3
5.0868,4.0798,3
3.7184,7.6083,3
6.5059,1.8109,3
-1.5177,6.5345,3
5.3207,1.8358,3
-6.4072,-6.7975,1
4.1068,3.9045,3
2.371,1.5478,3
4.3634,8.0247,3
3.1603,5.0609,3
0.41416,0.9883,2
4.4844,4.9015,3
-0.26086,2.2678,3
9.0476,-0.7225,3
4.9624,5.6924,3
0.89934,-0.53378,2
1.3469,-2.5492,2
5.493,3.1362,3
5.1316,6.5903,3
3.918,4.0098,3
4.3063,5.5286,3
3.2184,3.4275,3
4.2641,3.7728,3
0.051161,2.9304,3
5.0326,5.6638,3
4.8275,3.6402,3
-3.3185,0.74423,2
6.0805,4.1794,3
1.7232,1.7501,3
7.5457,1.5138,3
4.527,4.3393,3
4.0998,4.6194,3
4.7716,3.9347,3
-1.7304,-1.8554,1
2.5576,-1.7894,2
6.3348,2.8136,3
5.1867,7.3859,3
3.2349,6.3514,3
2.8663,3.1263,3
6.2519,2.8381,3
5.2169,4.9066,3
5.0949,2.9163,3
1.785,1.4985,2
6.7561,7.55,3
6.2253,3.1219,3
3.5409,3.905,3
0.18882,1.4686,2
-0.041802,0.46025,3
4.8858,3.8383,3
2.2768,6.5071,3
3.687,3.3822,3
4.5189,3.4245,3
1.3555,2.5861,3
3.3115,-0.61894,3
3.8008,5.4092,3
3.2004,3.361,3
6.4922,6.1658,3
-1.8542,1.5495,2
5.315,11.47,3
0.83831,2.7943,3
3.3547,1.7391,3
1.8403,6.7139,3
6.6698,3.7217,3
1.0248,2.9172,2
2.6507,2.8909,3
4.3468,0.48558,3
4.7544,5.4238,3
3.9224,3.1681,3
2.3631,7.9046,3
1.0945,4.5603,3
3.7211,6.3593,3
4.8457,6.2204,3
1.2818,4.6904,3
2.6886,-0.46151,3
5.8472,4.9163,3
3.4293,5.839,3
4.4471,4.3633,3
5.4303,-0.68141,3
-5.2875,-4.2142,1
5.8968,-0.77208,3
4.8101,4.4016,3
0.80032,2.1647,3
0.47744,8.6859,3
8.3045,2.9458,3
7.9886,6.1718,3
6.4622,5.4592,3
3.1755,1.1353,3
5.4745,5.8724,3
4.7349,5.4735,3
5.1794,5.8241,3
7.1075,2.1908,3
0.52249,4.9025,3
1.592,4.646,3
2.1167,3.2327,3
-4.4607,-4.9742,1
6.4587,4.8748,3
4.8603,8.456,3
5.2757,7.9898,3
1.3398,3.5466,3
2.3624,1.719,3
2.7986,-2.6923,3
6.1271,5.6516,3
4.6115,2.6524,3
6.8704,2.6963,3
2.7023,6.9202,3
2.3217,5.5184,3
-9.9487,-0.27639,1
4.0933,4.9654,3
-0.77484,-4.6406,2
-3.7664,-5.6685,1
5.3173,2.0717,3
4.418,9.3579,3
4.2631,4.106,3
7.8018,3.1396,3
2.44,4.8505,3
5.0132,3.2714,3
2.3579,3.3458,3
4.0147,8.6011,3
5.5955,1.9253,3
0.90612,2.8334,2
7.5514,2.4758,3
2.2682,2.2498,3
3.761,3.2948,3
2.896,5.0194,3
8.3733,4.3988,3
-1.0161,-0.36271,2
1.7269,4.493,3
-1.398,-2.9118,1
1.7266,1.9244,3
1.0201,2.1972,3
0.93385,5.7151,3
0.60555,5.1615,3
2.6037,4.7813,3
3.8304,3.9591,3
4.7339,10.792,3
1.3726,-0.95439,3
1.4943,3.0901,3
-0.17012,1.1599,3
6.846,6.747,3
2.2774,3.211,3
2.6405,9.0756,3
5.6849,5.2698,3
4.4917,1.0709,3
5.925,4.9631,3
4.6959,-0.1185,3
5.996,6.2508,3
2.3257,7.2312,3
4.8952,3.2523,3
9.0217,6.9882,3
6.6706,7.5032,3
3.3545,3.6494,3
3.3349,5.4532,3
4.6483,3.8288,3
4.3463,2.5672,3
5.0549,6.0587,3
5.2723,3.6376,3
1.4959,5.9537,3
-0.48308,-2.9215,2
3.3031,6.6687,3
-6.2289,-3.6633,1
1.935,1.5602,2
2.9547,-1.5142,2
3.1643,1.2487,2
4.275,6.469,3
-0.66139,2.103,2
1.8852,10.012,3
3.4274,4.2526,3
4.7011,4.9677,3
3.8733,6.4182,3
5.3291,4.7456,3
6.1622,5.4025,3
5.098,2.8796,3
3.8144,5.3969,3
6.7597,7.0763,3
4.5255,3.349,3
2.5756,6.6599,3
2.285,2.1828,3
7.8712,2.1396,3
0.01999,-0.45245,2
8.3348,4.4032,3
5.5948,-1.0967,3
6.2595,5.158,3
4.4787,1.5134,3
3.2265,3.0466,3
5.442,5.0517,3
2.3047,3.0657,3
4.3654,5.119,3
4.5288,3.5303,3
3.1732,3.9403,3
2.7344,2.3743,3
4.9248,6.9889,3
4.9352,2.0094,3
6.9977,5.8315,3
4.4233,6.0305,3
4.1878,4.2265,3
2.4588,5.485,3
5.8433,6.5923,3
5.6294,3.3721,3
2.3322,2.8302,3
9.1872,7.6381,3
2.7821,2.592,3
9.1256,3.8818,3
2.8421,3.498,3
5.126,6.9255,3
2.7633,1.9505,3
7.7798,5.5585,3
3.0597,7.4276,3
-1.5901,3.4391,3
2.0643,1.4341,3
1.8716,3.1599,3
6.5903,3.1011,3
4.2277,4.3021,3
5.0602,6.4745,3
5.7966,1.3899,3
5.915,8.1758,3
3.8691,2.3548,3
3.476,2.1745,2
2.3332,5.2146,3
7.4055,11.497,3
5.0018,5.7745,3
-0.51055,4.7618,3
2.9416,1.8563,3
-6.9507,-5.6638,1
5.8308,5.0597,3
0.069584,0.23148,2
3.6687,5.3848,3
3.7379,4.6774,3
0.5481,6.045,2
1.3301,0.64699,3
6.2584,3.5651,3
5.8479,4.852,3
2.6138,1.6694,3
2.5928,0.72364,3
2.8738,1.5265,2
2.5802,5.1807,3
5.2556,4.4923,3
2.366,5.144,3
4.2196,4.9849,3
4.5658,1.4061,3
5.4527,3.9295,3
7.0897,3.4922,3
2.0903,1.36,3
0.85355,2.304,3
3.8404,5.4872,3
-0.074173,-2.5953,2
-0.64695,-1.8937,2
-1.3682,7.0948,3
7.4311,5.6081,3
2.097,3.0228,3
4.5376,4.6254,3
8.4962,6.929,3
3.6548,2.0337,2
-0.26528,-5.3795,2
4.835,6.9673,3
7.3679,5.4141,3
3.0335,3.8501,3
2.9545,3.8339,3
7.0455,1.9483,3
-3.6046,-4.5484,1
6.5737,0.80112,3
4.8883,4.4471,3
-3.4239,-5.4601,1
2.7837,4.2801,3
6.5082,3.3093,3
5.5586,4.9363,3
3.5757,5.2751,3
4.9297,6.3496,3
4.3763,4.8131,3
4.5382,2.8259,3
2.6415,0.23421,2
5.5205,5.1653,3
5.9888,4.4948,3
5.8063,2.014,3
3.0093,4.2479,3
6.9356,5.724,3
4.2222,8.2882,3
-4.1636,-1.0946,1
4.8202,3.9178,3
2.2159,3.4588,3
4.2908,1.5397,3
0.82382,2.1417,3
6.0833,4.701,3
2.5099,9.096,3
4.3381,1.206,3
2.5435,8.0794,3
1.8812,4.088,3
4.9775,6.481,3
-1.0619,5.0786,3
-2.0896,0.80868,2
2.3402,2.7341,3
1.9064,3.4535,3
5.1599,6.5123,3
-2.4105,2.7514,2
9.1679,1.8896,3
5.5235,2.9487,3
1.2488,5.3355,3
2.2857,3.3639,3
0.019559,0.73278,3
4.144,6.7375,3
-0.24033,-0.95694,2
7.7696,3.3437,3
2.3491,4.8424,3
-3.1745,-6.5767,1
2.7585,0.81667,3
3.7256,0.025248,3
5.608,8.2947,3
1.5896,2.3164,3
1.3929,3.2222,3
0.65681,3.6795,2
0.61487,2.0194,3
3.6692,2.7094,3
7.4505,3.5273,3
2.9725,2.8616,3
1.131,4.8637,3
-5.5312,-5.6029,1
3.3152,1.0068,3
2.1195,2.4672,3
5.9041,0.71027,3
5.2781,2.9137,3
6.237,2.2907,3
5.0647,-1.4061,3
-2.6865,4.1273,3
2.7662,3.0769,3
3.0867,9.9985,3
5.0707,1.5257,3
1.8382,6.3738,3
6.4804,7.3199,3
5.1215,4.5955,3
1.4368,5.2181,3
3.4967,3.6787,3
2.7438,3.591,3
3.1118,2.1384,3
6.1408,6.5915,3
0.3445,4.2075,3
6.1706,2.2005,3
7.6746,5.0965,3
5.8265,8.0738,3
5.3392,2.6577,3
6.1243,5.2185,3
2.0803,1.2473,3
5.4633,8.8574,3
1.4565,6.0155,3
4.8573,4.1953,3
3.5491,5.8661,3
4.1918,0.3175,3
0.20245,7.534,3
2.2349,3.9454,3
1.7258,2.1613,3
4.1435,6.0252,3
0.24354,1.8944,3
-7.1339,-8.4574,1
7.9384,6.3276,3
1.6822,2.2104,2
2.0921,3.3189,2
3.4704,1.6815,3
3.2096,4.2836,3
4.0237,-2.1774,2
5.5501,8.2579,3
5.1645,-0.37606,3
5.1228,1.3605,3
0.74765,2.6612,3
5.3151,3.654,3
1.122,2.5116,3
0.62639,3.9516,3
4.3331,4.6631,3
4.645,9.1488,3
4.072,4.8645,3
3.5997,3.6501,3
2.3061,4.5355,3
-0.79288,-1.2203,2
4.0175,4.987,3
0.81624,3.1246,3
2.244,0.86847,3
-1.3825,0.92689,2
6.1616,11.216,3
1.4275,6.3847,3
7.9511,8.182,3
-0.20757,6.7894,3
1.5806,0.38771,3
2.2512,1.8936,3
0.38301,6.5919,3
-2.1776,-1.9556,1
4.5928,4.9291,3
-0.43754,0.82127,3
5.4923,7.0374,3
-1.7305,-4.7244,1
3.4057,1.6016,3
3.9391,0.74909,2
4.964,3.9101,3
4.0109,2.2729,3
3.7287,3.8142,3
2.5518,2.1627,3
-1.9602,0.16363,3
2.2164,1.3213,3
-2.0882,-2.7194,2
5.047,2.547,3
8.3027,1.6921,3
3.2967,0.08131,3
2.475,4.5224,3
5.0237,5.0794,3
5.1962,4.7613,3
-3.3436,-3.5888,1
6.0719,5.7682,3
3.7961,2.461,3
5.6695,8.8729,3
2.8782,7.8756,3
0.03268,0.52705,3
1.2234,3.7015,3
1.3823,3.3854,3
7.2032,9.1366,3
7.6606,6.5617,3
3.3812,5.2044,3
2.6416,3.7054,3
1.2,1.515,3
3.4135,6.1099,3
6.8112,6.9909,3
0.82523,8.9713,3
8.8238,6.3749,3
5.8261,3.1164,3
3.1522,3.2665,3
3.3754,2.4232,3
2.5709,4.4943,3
5.4036,1.2187,3
2.5969,5.5071,3
-5.658,-3.9021,1
7.3228,0.94197,3
5.2204,4.1042,3
4.1992,1.6669,3
4.4697,4.2205,3
8.5904,3.7484,3
3.6474,5.0784,3
3.2969,7.0302,3
4.7001,3.245,3
2.4577,3.5795,3
2.1617,-1.5117,2
7.8511,4.0736,3
5.1651,3.6153,3
0.33535,2.3508,3
4.5642,6.0411,3
-1.8893,-6.572,1
2.5208,2.4242,3
-1.0037,0.31696,2
5.0759,7.4001,3
0.19135,2.7852,3
0.57839,3.0477,3
10.319,6.3568,3
4.2258,6.4244,3
2.6385,2.7936,2
0.4638,1.4904,3
-2.5053,-1.573,3
-1.3063,-2.8861,2
2.5167,0.98205,3
6.7115,9.7792,3
5.9686,3.8515,3
2.5076,3.4177,3
4.0995,4.4635,3
4.8041,3.0736,3
6.5241,4.7214,3
7.1874,6.7396,3
7.0951,3.6347,3
-1.4411,6.599,3
2.8197,-0.35123,2
5.5837,8.9216,3
-4.4796,-1.1085,1
10.403,5.5493,3
3.9053,6.3232,3
-1.2245,-0.13134,2
0.98636,1.7005,3
4.1253,4.4162,3
3.6415,4.651,3
2.5786,4.5883,3
4.9772,1.7873,3
5.0139,2.1759,3
3.5097,5.5024,3
0.89157,0.81018,3
-1.9403,1.6921,2
5.3207,2.7669,3
2.5356,-3.5848,2
4.4841,3.2939,3
2.7294,6.3137,3
5.5157,5.6096,3
3.4757,3.1973,3
1.2918,2.2108,3
0.92222,2.4019,3
4.6624,1.3206,3
5.2757,1.2087,3
2.9658,1.3165,3
3.8519,1.7116,3
-4.3949,-5.5645,1
4.8176,3.1369,3
3.5227,3.5947,3
5.0552,4.1304,3
1.3404,5.378,3
3.0885,5.6792,3
5.014,4.024,3
0.13165,-6.6325,1
-1.0139,-3.0181,1
-1.1279,5.4891,3
1.2946,-3.3422,2
6.0803,6.4784,3
1.2664,0.03904,3
2.0336,1.1488,2
-2.5121,-6.1921,1
4.9798,3.1144,3
6.3996,0.86363,3
5.7394,3.6113,3
-0.49242,-2.811,2
5.2229,4.346,3
0.19098,-2.0439,3
5.6501,6.9544,3
-0.19966,0.23841,2
5.0195,-0.19174,3
1.4418,4.4108,3
5.3341,-1.5049,3
2.6654,6.3643,3
4.7265,2.9902,3
1.6665,1.9525,3
2.8506,4.6871,3
1.7166,-0.057268,3
2.7491,0.67996,3
1.7676,3.8202,3
3.3769,2.9321,3
4.2937,0.52444,3
5.1756,1.8512,3
3.918,5.0135,3
2.2877,3.1388,3
5.4651,3.7749,3
2.4259,6.3187,3
-0.36857,5.5886,3
-0.21908,0.12746,2
7.1271,9.1946,3
3.6537,6.4333,3
4.0523,-1.0249,3
1.2268,1.4076,2
2.2019,1.1834,3
-0.92958,-0.1557,2
-0.4074,0.89081,3
0.49848,-0.61974,3
6.3903,4.42,3
7.6939,2.4394,3
2.0924,3.4781,3
12.113,8.5465,3
4.9853,1.9641,3
1.9007,1.3966,3
5.7573,6.8552,3
2.741,5.2163,3
6.9705,5.9643,3
3.1396,4.5204,3
3.2158,3.3556,3
0.64937,3.0198,3
7.0334,6.0037,3
1.3295,4.7274,3
1.6831,3.1222,3
1.9351,3.819,3
3.4546,3.7575,3
2.4178,3.0618,3
6.1824,3.9568,3
5.3248,2.3594,3
2.703,3.0411,3
5.8208,3.5913,3
3.4859,-1.5771,3
5.2989,3.4784,3
5.7417,5.3501,3
7.2731,0.29554,3
5.8276,2.1151,3
3.4788,5.0129,3
-1.6629,3.998,3
3.8003,3.5192,3
0.61844,4.5232,3
3.9374,1.9688,3
4.4784,7.6307,3
3.3905,3.2639,3
2.9259,2.9157,3
8.2023,3.547,3
-0.076053,5.2533,3
7.0359,8.8575,3
4.6143,3.5914,3
-0.57822,6.0181,3
2.2055,4.5848,3
4.5549,4.621,3
-3.1084,3.2112,3
7.077,1.1586,3
6.0201,-0.085916,2
3.8602,6.9398,3
-0.45199,-0.34202,2
5.7056,-0.020911,3
2.4174,-2.1414,2
4.3747,2.5505,3
3.4955,2.9144,3
5.6807,2.1805,3
0.87856,1.4614,3
-1.1265,2.5409,2
4.7499,7.2664,3
2.5185,4.4814,3
5.4324,4.7909,3
4.686,1.2051,3
6.2347,4.0897,3
6.1938,1.7598,3
5.0266,4.3447,3
6.6663,1.4064,3
4.6873,2.9914,3
2.7208,5.3808,3
2.4956,1.8848,3
4.8968,2.6574,3
0.5513,3.9014,3
1.924,5.9095,3
4.9935,3.5996,3
0.17176,-1.4421,2
4.181,1.0273,3
7.273,6.1242,3
-1.6651,1.4228,2
3.2292,2.6738,2
3.7787,3.5314,3
-0.59607,4.1384,2
6.5278,3.2339,3
5.9389,3.823,3
1.7793,-1.5784,3
2.8253,1.8359,3
5.3849,2.8475,3
6.3845,4.5765,3
6.5717,6.9946,3
8.6775,5.4113,3
1.0435,1.8713,3
5.6336,6.9925,3
4.7237,1.7921,3
1.6785,1.3246,2
5.1766,2.3755,3
5.0043,2.627,3
-0.040673,0.10902,3
4.1005,3.946,3
1.2058,4.6221,3
4.2627,5.1916,3
-1.5726,-0.33974,2
4.6018,2.7758,3
5.08,3.2401,3
2.4089,9.3968,3
5.9092,2.8449,3
-0.16339,2.0616,3
7.0168,-3.3489,3
4.3735,5.4673,3
0.68775,3.4777,3
4.5724,5.4469,3
3.0537,3.3829,3
1.5534,-0.81117,3
6.2692,6.067,3
2.5897,4.059,3
-2.2458,-0.64598,2
4.4416,6.3932,3
-1.5434,-2.6233,1
4.5686,4.5938,3
7.0837,2.3241,3
0.39466,1.7874,3
0.16355,6.7598,3
-4.0443,-5.1925,1
5.6928,10.514,3
-0.55311,1.8364,2
1.545,7.0747,3
3.8587,6.7907,3
8.0913,9.1119,3
8.4827,7.1983,3
-4.2886,-3.5303,1
2.5248,1.8993,3
4.1222,2.3423,3
3.4214,2.9696,3
4.2318,6.3294,3
7.4365,5.9565,3
-4.8728,-3.6896,1
1.1754,1.5078,3
4.54,4.4443,3
5.0109,6.9451,3
9.1118,7.8614,3
3.5385,5.6595,3
3.3098,6.1707,3
2.8432,1.465,3
1.156,4.8519,3
4.2946,4.0484,3
3.1429,3.4367,3
2.9109,4.9262,3
9.1465,1.1251,3
3.5521,6.8894,3
1.9546,6.2585,3
1.2035,6.5448,3
-5.1728,-4.2846,1
5.173,2.3471,3
3.8589,7.312,3
4.5965,-1.0076,2
7.0247,5.8693,3
0.86133,3.4349,3
4.2141,7.8728,3
-0.38695,-1.6929,2
4.3677,5.7862,3
5.4749,3.1231,3
3.6886,4.1646,3
0.45239,2.6005,3
7.8043,6.1682,3
5.3491,2.1247,3
1.6023,4.9602,3
6.0935,3.4104,3
5.8572,5.7306,3
4.2864,5.3906,3
-4.8454,-7.3817,1
4.0459,3.2543,3
2.4723,2.6899,3
3.7968,3.6477,3
4.3831,4.8079,3
4.6646,1.4965,3
3.7315,2.6184,3
1.329,0.39805,3
1.5311,4.7278,3
-0.60786,1.4275,3
3.0446,4.0752,3
2.3899,4.3723,3
0.48314,0.73243,3
4.0099,4.22,3
2.626,7.9589,3
6.9909,4.3939,3
3.5215,3.7029,3
3.554,5.1816,3
5.68,5.5974,3
1.5811,5.374,3
4.7959,4.3196,3
5.5354,3.4448,3
1.4182,1.5753,3
6.036,1.0145,3
3.2046,2.9955,3
2.9178,3.0677,3
6.8448,1.2728,3
6.2329,6.2661,3
6.5386,3.5868,3
6.4217,5.5581,3
4.0079,1.3475,3
8.2366,3.5853,3
1.1579,3.3129,3
7.7978,4.6128,3
0.6009,3.3471,3
4.5266,4.9036,3
6.2318,1.5664,3
5.7042,7.5554,3
6.9518,7.6816,3
6.0439,0.91577,3
6.0118,4.4758,3
8.7947,6.687,3
3.3457,2.7767,3
4.305,4.5468,3
2.9909,4.0848,3
4.6004,4.3018,3
3.6824,2.0674,3
2.9147,0.42107,3
6.4178,2.2365,2
5.8795,5.4286,3
6.608,4.0525,3
5.8483,3.7187,3
8.2996,2.1877,3
-1.2712,0.91868,2
4.7789,2.7284,3
-4.105,3.4914,3
2.6217,3.1575,3
6.0998,6.3132,3
4.6886,6.0191,3
6.1872,5.2412,3
4.2139,3.8144,3
-6.937,-6.021,1
3.5007,3.9438,3
3.0689,1.4604,3
6.9845,3.3754,3
0.44948,-0.68266,2
2.7958,3.2418,3
3.3181,7.2597,3
6.2955,5.0708,3
1.4443,-1.744,1
2.662,3.8761,3
-8.667,-4.2908,1
3.4463,2.5996,3
6.663,2.1866,3
1.8092,4.7805,3
7.2755,7.5608,3
4.7686,4.0378,3
3.5784,1.4176,3
4.0222,3.9603,3
-3.4852,-5.5628,1
3.2922,5.1887,3
2.3485,5.6707,3
6.1587,4.4389,3
2.9762,3.6749,3
1.337,1.2554,2
-3.0053,-0.46111,2
-0.13901,0.60028,2
3.1837,-1.6788,2
-5.0479,-5.5828,1
2.0965,0.7951,3
1.821,-0.097219,2
-1.5877,2.5303,3
2.8578,5.9739,3
-5.0989,-4.2201,1
4.1879,1.0551,3
5.344,2.3955,3
1.5314,1.4185,3
5.3483,6.3909,3
2.7423,0.66068,3
11.329,4.8805,3
-2.8304,-4.212,1
7.1589,5.2126,3
4.8396,1.9949,3
2.782,5.985,3
0.20493,0.54585,2
6.4294,2.6578,3
2.8965,5.3584,3
9.7762,4.7414,3
-0.83869,2.0141,2
2.3186,1.5098,3
0.63451,2.0334,3
2.7311,3.9635,3
4.7834,4.332,3
-5.5971,-0.46995,1
2.2042,0.97901,3
1.9293,6.1361,3
2.1283,3.5397,3
6.7417,3.5555,3
5.9107,3.5834,3
3.9843,4.0229,3
3.8651,3.4084,3
2.1126,3.1106,3
3.8222,7.8796,3
4.8413,4.5532,3
-1.039,2.0216,2
7.5697,4.002,3
2.7861,2.5817,3
-0.10887,-0.54443,3
6.7204,5.8158,3
-2.8459,0.19661,2
3.5495,6.885,3
6.2431,2.2821,3
6.5008,4.4479,3
3.8018,10.388,3
1.74,5.3038,3
2.3152,-1.9874,2
5.3914,4.0366,3
1.5027,3.0729,3
5.7932,3.945,3
4.0081,4.0341,3
2.4949,3.9816,3
5.5903,3.8239,3
1.6051,1.8406,3
-0.10459,1.232,3
4.5446,2.2469,2
4.3483,4.492,3
5.4424,4.8324,3
3.5066,7.5392,3
6.6219,6.438,3
3.5059,4.1622,3
5.2627,2.3133,2
3.875,4.0677,3
-3.2082,-4.7645,1
1.8669,5.3592,3
1.6525,4.8451,3
4.1548,5.1591,3
1.5061,4.9931,3
5.2292,2.746,3
6.0809,5.9755,3
1.7517,3.2877,3
5.6904,2.1204,3
-1.2547,1.7088,3
-3.2189,-5.129,1
1.7357,5.2179,3
-2.9084,-2.6319,1
3.7707,3.8091,3
6.7624,2.5964,3
7.3199,5.4222,3
-4.7582,-3.6704,2
0.69653,2.3148,3
6.9595,2.2975,3
0.10455,2.9974,3
1.4277,1.2275,3
-7.1901,-5.8715,1
3.6964,5.2964,3
3.5997,6.2905,3
4.8825,5.0409,3
3.3005,3.8186,3
5.8811,0.21579,3
-1.5395,0.39653,2
7.6676,5.3003,3
7.4443,5.507,3
6.5553,2.2219,3
6.9877,4.4426,3
-6.5471,-5.5786,1
7.8283,2.3146,3
2.7423,2.8895,3
3.4382,3.3325,3
5.6198,5.4614,3
3.5677,5.3975,3
3.3479,6.3286,3
5.7819,1.8366,3
-0.17615,4.3655,3
1.5264,-0.049474,3
3.5898,5.2327,3
-0.98336,2.6453,3
3.3189,7.1891,3
3.0769,5.531,3
5.7335,6.8775,3
4.6623,4.4544,3
0.39055,4.0484,2
6.1804,2.6592,3
-0.61359,-2.3736,2
3.6405,5.3919,3
3.9519,3.2993,3
3.0595,3.8921,3
2.238,1.841,3
1.4632,-1.6088,2
1.6598,4.3041,3
5.1949,1.2594,3
4.4555,5.5532,3
1.8924,1.0163,3
1.2528,4.7113,3
3.9267,4.9148,3
4.1418,5.0479,3
2.6587,3.2307,3
0.92987,4.8888,3
1.8296,4.5183,3
3.2848,4.6114,3
6.851,3.6992,3
7.3102,3.2487,3
1.6214,7.265,3
4.4159,4.5988,3
3.6569,3.3628,3
7.2217,3.3355,3
7.2701,6.5056,3
4.9792,6.0808,3
4.6143,4.037,3
-8.0227,-4.9762,1
7.1967,3.7377,3
3.7173,5.0965,3
0.45881,1.9864,3
4.6163,2.8055,3
-7.2332,-4.2483,1
2.713,-1.9672,2
2.28,3.7476,3
5.9485,2.7225,3
7.3424,7.5322,3
-0.011243,4.2644,3
2.3378,4.6531,3
2.4362,-0.38467,3
4.7144,3.8485,3
-6.508,-5.7956,1
4.2102,6.8575,3
2.6313,5.3176,3
5.0746,3.7232,3
5.4822,8.6934,3
5.0905,6.6351,3
3.2859,4.3926,3
0.1895,3.7868,3
4.9028,2.9689,3
4.9838,4.0346,3
4.8591,0.84048,3
3.0956,7.0602,3
1.7003,1.4413,2
3.0733,4.8156,3
-0.75329,-1.106,2
1.4181,3.4071,1
3.3015,1.3226,3
4.8023,7.8348,3
4.373,1.8535,3
-0.9757,0.98926,2
-0.21938,1.5355,3
-1.0744,2.4791,3
3.4842,5.999,3
-2.8652,-6.515,1
3.3975,3.3658,3
0.97081,-0.46095,3
5.4674,6.0283,3
2.9633,5.8382,3
6.2058,3.2172,3
3.5153,3.9087,3
6.2372,5.112,3
3.1254,4.3164,3
4.1392,6.7827,3
4.5287,2.5678,3
3.3205,1.148,3
-1.1531,-3.5424,2
7.1532,4.6486,3
4.8507,6.0154,3
0.94964,3.1099,3
6.4218,7.8345,3
1.6467,3.6487,3
-2.5512,-1.5266,1
7.9309,3.5515,3
7.1693,1.668,3
-4.7844,-6.7888,1
3.9647,4.5349,3
2.0301,3.8739,3
2.0984,3.1779,3
5.3676,2.1843,3
4.7668,8.475,3
4.3489,5.577,3
6.0867,6.3348,3
-1.486,1.5014,2
5.5304,1.424,3
1.1683,5.7462,3
-0.17204,3.4975,3
3.4027,3.4985,3
-0.13275,9.0348,3
0.75889,3.0861,3
1.2222,-3.4863,2
7.0063,5.9969,3
2.8826,0.56464,3
-2.5531,-0.35164,1
6.8749,6.644,3
-0.21992,2.8531,3
4.334,2.6501,3
4.3849,1.1612,3
2.1721,3.3771,3
-3.7209,-3.4536,1
4.8948,5.3587,3
3.5022,3.297,3
5.2465,4.9289,3
3.428,7.4978,3
2.045,4.4642,3
3.4374,3.8781,3
7.1631,5.7316,3
5.1603,2.8064,3
-1.2521,3.6345,3
1.8469,4.5235,3
3.3801,4.1947,3
6.3158,3.0069,3
1.1406,-3.3968,2
3.6358,4.4754,3
4.0876,7.0198,3
6.0696,0.56529,3
-4.2195,-5.6029,1
3.2802,5.0592,3
1.8394,3.9614,3
3.7833,3.691,3
4.07,4.0026,3
1.4906,-2.7289,2
-0.9146,-1.6557,3
2.498,8.3948,3
3.9311,7.3662,3
0.84909,4.4773,3
2.5657,6.4475,3
0.18759,2.1167,2
5.2297,4.1317,3
5.4727,2.3366,3
4.073,6.8612,3
1.3857,4.5112,3
-0.80558,2.5845,3
3.8808,8.1831,3
3.1547,0.77328,3
1.0886,2.3248,3
6.3986,6.5919,3
6.5692,5.2189,3
3.6033,4.9422,3
-3.2836,2.4471,2
4.3472,1.7943,3
4.1774,5.7892,3
6.0621,5.6134,3
3.4807,2.52,3
-2.3398,-5.2864,1
2.899,0.49725,3
0.35592,6.7229,3
5.3254,3.6303,3
3.7908,5.3928,3
2.6553,0.28868,3
4.608,5.1886,3
2.9918,3.1097,3
3.7765,4.3048,3
3.4068,3.3606,3
7.3982,8.1033,3
4.1995,2.8308,3
7.9469,2.0932,3
3.1488,5.3532,3
2.7713,6.09,3
3.8766,9.8354,3
6.1555,5.8,3
1.467,3.3327,3
3.1087,4.0498,3
1.1607,-0.21213,2
5.5605,3.2876,3
0.51566,0.98746,3
4.1357,3.5664,3
0.70917,3.6349,3
5.1341,7.6084,3
3.6103,4.8505,3
4.4108,0.39723,3
4.5507,4.3569,3
-0.79293,-0.05884,2
6.8887,4.9326,3
-4.5841,5.2221,2
4.1197,3.1554,3
0.48757,3.8011,3
2.7389,4.152,3
2.6635,0.42098,3
3.5895,3.7793,3
3.0981,4.7643,3
3.7986,6.3287,3
0.65323,0.99816,2
0.69924,2.4394,3
3.3888,4.9805,3
1.1954,7.2068,3
6.2015,1.7948,3
6.5269,-0.30528,3
3.737,1.6726,3
1.895,1.8337,3
11.123,1.7027,3
4.063,6.327,3
3.0639,1.8388,3
-2.0765,-3.6627,1
3.1506,2.8521,3
4.6772,1.6678,2
2.9956,5.9421,3
1.76,4.2592,3
-4.4703,3.9035,2
5.8889,3.9128,3
4.4645,4.4705,3
4.9683,6.5427,3
4.9279,4.2292,3
5.8399,4.1334,3
2.5101,1.8443,3
4.8448,5.3093,3
2.0582,4.7258,3
6.9129,1.1841,3
-0.41429,-0.72655,2
-1.0209,6.1147,3
0.62542,1.8273,2
2.5226,1.1383,3
8.8671,4.2429,3
2.2979,3.1551,3
5.6829,7.2598,3
6.4569,7.7937,3
4.5493,1.7438,3
5.6055,4.7084,3
5.0723,5.8414,3
6.2089,2.9725,3
4.5917,6.5939,3
2.9435,4.6921,3
3.147,1.4988,3
-2.0545,-3.1005,2
4.242,5.8282,3
6.2594,5.3415,3
2.6917,2.8057,3
4.5669,6.2854,3
-5.498,-3.1306,1
2.7797,4.727,3
7.7837,2.0234,3
6.3497,5.0369,3
5.0904,3.0287,3
3.0124,2.2156,3
2.2334,3.7445,3
6.3699,4.964,3
6.6998,3.9775,3
-6.0637,-5.4508,1
0.17144,5.0856,3
1.3825,0.96438,3
0.81546,0.6709,3
3.8188,4.2047,3
