2.5768,3.5309,3
-5.3117,-5.7991,1
1.5137,6.2083,3
-3.7292,-5.1751,1
-3.6758,-4.0203,1
-1.623,0.054619,1
1.2813,-0.50308,3
1.8879,-2.144,2
-0.64024,-1.3974,2
-1.453,-1.8687,1
1.833,5.6482,3
-1.3736,-1.2251,3
0.23253,7.4686,3
-1.4281,-1.8709,1
-0.93558,-3.292,1
-3.7391,-0.87702,1
-3.2868,-0.94913,3
-0.97156,-1.5364,1
0.94256,-0.75556,3
-0.58935,-0.80318,2
-2.0757,-4.235,1
3.8816,-3.7785,3
-1.0743,3.4594,1
0.32317,-2.6211,1
-2.3663,0.65725,1
1.0887,-3.5489,1
1.5277,-0.39129,1
-4.7674,-2.762,1
0.33197,-3.7857,3
-2.9349,2.155,1
2.2941,2.8007,1
0.46842,2.1617,3
-4.7096,-1.7943,1
-3.8505,-2.5695,1
1.3569,-0.56023,1
1.6415,-0.77666,3
0.9667,-1.6665,3
2.4756,-3.7194,2
1.2314,-3.8007,3
-3.0399,-2.3687,1
2.7621,2.6023,3
2.4817,1.9025,2
3.1088,-1.2309,1
0.57733,-1.6703,1
-1.472,2.7761,1
-4.6565,-1.5509,2
0.31998,-0.36652,2
1.9421,0.14667,3
1.5672,3.0033,1
0.28334,2.4577,3
1.9027,-1.3173,1
-4.7724,2.2063,3
2.5635,2.0811,3
-0.12177,0.69001,3
2.2185,-0.771,3
1.0065,0.85013,1
5.2461,2.4789,3
1.9121,1.1235,2
-1.2644,-2.0182,1
0.81872,-3.6953,1
4.6532,1.0344,1
5.2502,-0.016956,3
-5.0426,-0.74039,1
-3.6875,-0.46308,1
-1.9865,-0.15561,1
-2.5423,0.71926,3
-2.0864,-1.7954,3
-0.066711,-0.49564,3
5.4152,2.4894,3
-3.032,-1.1528,3
-1.524,-3.7085,1
-0.64895,4.0147,3
1.8872,1.3961,1
-2.8939,-0.049822,1
2.8913,1.4494,3
1.6595,-2.7614,2
3.1665,0.63949,3
-0.55537,-0.75686,3
3.0789,2.8993,3
1.5247,-1.8103,1
-0.088675,-0.67464,2
-0.97114,-0.70706,1
0.7959,3.2887,1
2.1947,0.12091,3
-0.15843,0.62092,1
1.5389,-0.045397,3
-2.9369,-2.0138,1
3.2815,-2.3783,1
-3.4099,0.62996,3
-4.5201,-3.4181,1
0.064915,-3.0635,3
2.8038,-1.2136,1
0.1997,1.4644,3
-1.7911,-3.9295,1
-4.2873,1.2659,1
0.46219,2.6087,1
-4.4696,-1.2758,1
-2.0783,0.19298,1
3.5385,-1.1634,3
1.1165,-0.45873,3
1.5728,-1.902,3
2.9587,1.898,3
-2.3857,2.3817,1
-1.3824,-1.6378,1
0.34314,-0.46461,3
-0.17547,2.6382,3
1.8551,5.3709,3
-4.7327,-0.039901,1
-0.96434,1.0415,1
-0.75366,0.53684,2
4.5758,-1.8765,1
-3.6902,-2.4392,1
1.9683,0.81542,2
3.4284,1.0367,3
-4.0706,-5.9819,1
-0.19288,0.50141,3
-0.34807,1.1057,2
-0.40689,-3.6766,1
-1.0607,-0.81562,1
2.8326,1.922,3
-5.5699,0.82426,1
1.5354,1.7019,3
-3.9216,-1.4458,3
-3.5937,-5.6264,1
0.27153,-1.5954,2
0.029568,1.4837,1
0.2461,0.23161,3
-1.2821,2.9284,1
-3.2803,1.5562,1
-2.759,-3.8905,1
-1.6064,-2.0843,2
0.010257,-2.7152,1
2.338,3.0938,3
1.2883,-1.0685,3
-1.1639,1.0525,3
1.9184,2.7975,3
-3.9559,-1.0836,1
-2.9914,2.1902,1
3.1867,1.3935,3
-1.9029,2.1619,2
1.4969,1.7238,3
-1.1817,3.0857,2
-3.7094,-0.30061,1
0.31777,0.84629,1
-2.6956,-4.3207,1
0.30787,-0.69189,1
-1.6329,-1.9827,3
0.2567,-0.15449,3
2.2754,-2.4498,1
-2.1777,-2.7242,1
1.1246,-1.9424,3
-2.3325,-2.2547,3
-2.4062,1.1107,1
-0.88075,-0.50583,2
-2.8604,-2.846,3
0.80158,-5.262,2
-2.5616,-4.7999,1
-3.6947,0.029604,1
4.142,1.6653,3
-3.3827,-3.3544,1
1.3835,-0.16094,3
3.5356,-0.33002,3
-0.48994,-1.184,1
-1.4045,-4.6625,1
1.4107,-2.5047,1
0.083353,3.6213,3
-1.5031,-2.302,3
2.0562,2.5987,2
0.1676,1.7857,1
0.0016012,-1.0459,1
-0.3757,-1.3351,3
0.049078,2.2494,3
2.0609,0.30153,3
-0.53888,0.060941,1
-0.34467,0.41057,1
-5.8606,-6.2147,1
3.2561,5.0777,3
-2.5451,-0.0089959,2
1.6609,1.1715,2
-2.7443,1.0109,1
-2.4992,-1.989,1
-3.4006,-2.128,1
-0.63365,6.5212,3
1.0201,-3.4337,1
1.2129,3.3718,3
-1.7792,-6.1052,1
-1.5909,0.024481,3
1.1181,1.4235,3
0.90876,-0.43215,3
1.6156,-2.2064,3
2.7196,2.9461,3
2.6511,-1.0925,3
0.65426,5.2749,3
-3.5249,-2.3846,1
-1.852,-0.64334,1
-2.6843,-0.54855,3
0.68174,-2.5886,1
2.4208,2.2765,3
-1.4125,-0.69715,3
1.5951,0.74231,3
-2.1397,-4.0457,3
2.3747,1.4004,3
-3.5952,0.021997,1
0.1372,0.012521,1
1.7352,1.6343,3
3.424,1.9586,3
0.62241,-0.2177,2
-0.98583,-0.50729,1
5.1215,1.4656,3
1.2942,0.28685,3
-2.6652,0.77932,2
-3.4479,-0.72528,2
-2.0244,-0.11216,3
0.62168,-2.2028,2
2.3793,-0.74312,1
-1.15,0.01381,3
1.5565,0.28506,3
-0.096546,-1.3237,2
-1.6355,-2.2479,1
-4.3504,-2.7323,3
1.3414,2.3778,3
-0.58062,0.75839,3
7.1101,3.5722,3
-1.8587,-1.2137,1
-3.0028,0.67253,3
-3.6833,-4.8292,1
-4.5666,1.1482,1
2.5025,5.3054,3
0.60705,-0.77569,1
-2.3056,0.75872,3
-0.68329,-2.8181,1
-0.56897,0.68589,3
-0.83423,2.7682,3
1.1069,-3.5428,1
-0.58513,0.45469,3
-1.9862,1.5207,3
-2.3925,-2.9376,1
-3.3267,-0.71244,1
3.0808,2.8742,3
-1.3182,0.065191,1
-0.87039,-1.522,1
-2.5738,-0.7567,1
-3.3218,-0.88473,1
-3.1534,-0.98917,2
-2.3362,-5.0572,1
-1.8586,1.2021,3
3.8956,4.2176,3
-0.4407,-0.39704,1
-5.1395,-1.4641,1
5.3635,2.1957,3
4.2153,2.4906,3
-2.5502,-0.89976,1
0.29329,-1.0614,3
1.2337,-0.84511,1
-1.9491,0.046017,3
-5.9432,1.0429,1
-0.85364,0.57969,3
-0.94461,-2.3971,1
2.6723,2.1102,3
1.9164,0.89386,2
-4.7208,-2.8961,3
2.2974,-2.3035,3
-4.3327,5.7185,3
0.75089,-2.5247,1
3.3778,1.3941,3
-1.3775,-1.4555,2
3.9425,1.1908,3
1.9361,3.9913,3
2.1068,5.0659,3
-1.491,-3.1533,1
-1.8752,0.6927,3
3.9024,1.6521,3
-3.5714,-2.5844,1
-2.3277,-2.0487,1
-1.2436,0.67438,1
-2.2181,-0.71951,1
0.24707,0.55726,1
-1.4232,4.3657,3
0.38302,-2.2656,3
-1.0714,0.71059,2
-2.1263,-0.43904,3
-1.4382,3.6464,2
0.28257,-0.18152,1
-0.86248,-0.98982,2
2.8607,2.6571,3
1.6081,0.64466,3
1.9235,3.4112,2
1.2541,-1.9496,1
-0.060162,-2.3237,1
-5.0056,-4.1293,1
2.2639,1.9424,3
-0.98232,2.2045,3
-1.2,0.59876,1
0.013669,-2.5794,2
1.1554,2.9786,3
1.9479,4.2005,2
-5.356,1.0734,1
2.3309,2.8833,3
1.1148,0.64688,3
1.2936,0.44071,3
1.8259,0.41553,3
1.202,-0.37921,3
-1.6874,0.88858,1
2.1325,-0.9608,2
0.14844,-1.3345,1
0.2133,-2.9287,3
5.2295,6.4853,3
2.2957,2.2041,3
3.9509,2.7506,3
-0.34071,-0.83284,1
-3.236,-1.5029,2
2.4281,4.9011,3
2.3305,1.9456,1
2.9619,3.2664,3
-1.3903,1.6907,3
-2.1882,-5.1008,1
0.98288,0.9115,3
-1.2009,-2.3159,3
1.3586,-0.2436,1
3.4692,2.1214,3
1.4627,0.18925,3
3.9643,2.4596,3
2.5208,0.83259,3
-1.7943,-1.4505,3
1.8851,4.9405,3
-2.1824,0.49903,3
0.53819,0.86985,2
-0.52198,1.4158,3
0.65774,-0.12119,1
-6.2118,-0.71069,1
0.84558,-2.3076,2
2.3708,3.4793,2
-1.817,-1.3019,1
-1.9324,-3.3496,3
3.1029,3.2026,3
-0.58165,3.6577,3
0.85999,-3.0109,1
3.897,1.9487,3
0.76781,2.8613,3
0.9354,-1.8114,3
1.1891,3.2362,3
-4.7732,-0.50734,1
-0.9158,3.5381,3
-1.7202,-0.36264,1
-1.5974,1.909,3
-0.63856,-1.8721,1
1.2124,2.5183,1
2.9233,1.5564,3
3.3684,-2.9507,1
0.046351,0.73138,3
-0.66133,1.3245,3
-0.99295,-5.0113,1
-0.64076,0.47148,1
-0.37219,-0.31761,1
-0.92706,3.007,3
-2.26,-2.0222,1
2.7805,3.2517,3
0.86714,-1.7265,2
0.53558,-2.9156,1
2.2756,1.3844,3
1.5771,1.2856,3
-0.79551,1.1931,1
-5.2075,0.88531,1
0.74769,-2.935,3
0.84055,-1.1133,2
1.5418,-1.7457,1
4.3161,-1.5624,3
5.3593,1.1175,3
2.6194,-1.1936,1
-5.026,0.41027,1
-2.2363,0.85237,3
3.9495,4.9553,3
2.2387,-1.4193,1
-1.1616,-1.3239,2
0.35026,1.9584,3
-0.70314,-3.7527,2
1.3695,-2.6339,1
-0.49257,3.6145,3
2.5055,0.035969,3
1.4184,-1.3044,3
3.0391,0.79241,3
-1.3639,4.9554,3
0.7921,-3.2596,1
2.6088,-0.57023,1
-3.2787,-0.57742,1
2.6262,0.78871,3
1.8883,-0.21301,3
-0.95769,-1.8149,1
0.34737,-0.63294,3
-5.7574,-4.5116,1
0.55786,-2.1458,1
-2.2991,-1.9874,3
2.5806,1.0831,3
2.888,-2.0347,1
1.5435,1.1793,3
3.0756,2.4555,3
-0.33757,-1.9505,3
1.1357,-0.12792,3
-0.77934,-2.3103,1
2.5859,6.1694,1
-0.25146,1.995,2
-2.4024,2.1434,3
0.59105,-0.27777,3
-0.88764,2.053,1
-0.43199,-0.76954,3
-0.97659,2.4298,3
-0.79534,0.87795,3
1.9925,-6.3663,1
-2.9862,2.5688,1
3.0169,3.0526,3
3.6791,-1.4202,3
1.1477,-2.9589,3
0.73912,-1.0962,3
2.0721,3.188,3
-0.58091,-1.0827,1
1.6462,2.4491,1
-2.879,-3.6983,2
-2.0114,-4.4123,1
-0.2584,-2.0842,1
-2.4227,1.2574,1
1.0035,2.2436,3
4.951,-0.23781,3
-0.82803,2.8885,3
-0.87938,2.1655,1
0.18619,1.7473,3
-0.38559,-7.5143,1
2.1871,-2.5168,2
-0.34026,-1.6677,2
0.0321,-2.8271,3
-2.2124,-3.0992,1
-1.8085,-1.2657,1
-0.92232,2.4461,3
2.6006,0.18206,3
3.6896,0.97713,1
1.7627,-0.96849,2
2.988,0.78641,2
-0.81877,0.06148,1
-2.085,-0.8212,1
-0.53795,-2.5561,1
-0.76954,0.60762,1
-1.9505,2.1829,1
2.3075,-2.1092,1
6.0344,0.1035,3
-2.342,1.153,3
1.4229,-1.9854,1
-0.64699,-2.0983,1
1.3391,0.040329,2
-0.94929,-1.3189,1
-0.95813,-3.6922,3
1.1002,-2.0181,1
1.2563,0.0092974,3
1.7774,0.95662,2
3.0856,4.1847,3
0.18457,-0.97136,3
-0.29771,0.16244,1
-1.6493,3.0544,3
1.7106,-0.69883,1
-0.27926,-1.8881,2
1.8017,-0.11456,1
-0.011893,-1.7438,3
4.0909,-0.82772,3
-0.16714,-0.82269,1
2.8141,-1.9578,3
-2.2114,3.1187,1
-2.9024,-3.7894,1
0.56205,3.4462,1
2.885,-4.184,3
-1.8345,1.0682,1
1.0688,-1.3744,1
-0.82172,-1.0752,1
-1.3844,-1.9475,3
4.8784,0.56966,3
0.51285,-1.9436,1
-0.20726,-2.801,1
-0.57882,2.2095,1
-5.0084,1.5008,1
2.0958,-2.8222,1
-5.7044,-1.567,1
-4.253,-0.87214,1
-1.276,1.016,1
-0.10815,3.7677,1
1.3043,2.3211,3
0.10155,0.12756,3
-3.2483,1.2504,3
-1.061,-2.9267,3
-1.1804,-1.1151,3
-0.49326,-1.8399,3
4.0547,2.0734,3
-2.0035,-2.8407,2
1.8719,7.2239,3
-0.17169,0.36711,1
-0.69274,1.427,1
4.1148,2.8842,1
-0.79968,-1.9822,1
-2.5691,-1.8549,1
-4.5993,-1.731,1
2.1089,1.9055,3
-0.54244,1.3059,3
0.79643,3.4611,3
0.19618,-2.7058,1
-0.85864,-2.9145,1
0.12511,2.1164,1
-1.392,-1.5835,1
3.9283,1.7647,1
-0.041121,-0.90525,1
4.0658,-0.65342,1
-3.3783,3.1405,3
2.2496,3.336,2
0.88844,1.3513,3
-0.072571,-0.68089,3
-4.2495,0.54568,1
-2.6533,-0.80817,1
-1.6258,0.58675,1
-1.1787,-3.4692,1
0.35609,-2.7858,1
-1.3942,-0.9507,3
1.429,-0.49861,1
-1.8539,0.27213,1
0.5032,-3.5394,3
-3.3182,-6.3101,1
-1.7621,0.92763,3
2.6533,4.1528,3
-1.4593,1.2223,3
-2.305,-0.99564,2
1.9659,-1.34,2
-3.4082,0.50562,3
-2.6964,-3.5199,1
-1.4247,0.095773,1
-0.59096,-2.4755,1
2.8964,-0.26687,3
1.4243,1.6371,3
1.002,3.1703,3
1.0066,-2.7693,2
8.0207,-3.2673,3
1.8538,1.378,1
-0.11932,-6.5089,1
2.6285,1.9934,3
3.6581,-2.5001,1
-4.9616,-2.2302,1
-1.622,-3.7138,1
-0.58862,0.46549,3
2.2746,-0.69853,3
4.4067,3.8721,3
-1.4723,2.1175,1
0.32162,-0.83509,3
-1.0754,2.6474,1
4.2426,3.1947,1
0.93279,-1.6783,1
-1.9651,0.060558,1
-0.65445,-2.9802,1
2.1545,1.0138,3
-0.031386,-0.53627,3
-1.1349,-1.1088,3
-0.7111,0.85164,1
0.52507,0.47667,3
-0.78051,2.9426,3
2.41,-1.8263,1
1.7569,-3.7828,1
-4.0611,-1.9579,1
0.83652,-0.15519,3
-2.2752,-0.72571,2
0.68284,2.239,3
-3.6554,-4.1138,1
-3.7652,-3.0865,2
-1.3105,3.1472,3
0.076592,3.948,1
0.72622,-3.7259,3
0.49324,0.42779,1
-0.72061,-1.0646,3
3.0685,2.3189,2
-2.6151,-0.92769,1
-5.6762,-3.8181,1
-1.2339,-3.7623,1
-1.6209,-1.7912,1
-4.1946,-3.5409,1
0.30711,0.12455,3
2.9676,2.422,2
0.57966,-2.89,1
-3.1067,1.475,3
1.238,2.3692,3
5.8556,0.007905,3
-2.8399,-2.9858,1
-0.25577,2.552,3
0.69222,0.14716,2
-2.0305,-0.3267,3
-3.627,-1.2106,1
-1.3234,0.68692,1
-1.6092,-0.96702,1
-3.6138,-2.1878,1
0.73209,0.65142,3
-1.7954,-1.5269,3
0.19604,1.633,1
-1.1326,-0.11008,3
1.6031,-3.4423,2
0.92134,-2.1011,3
-0.60742,0.14679,2
-2.2014,-1.4733,1
0.60912,-3.3477,3
-3.0864,1.1026,1
0.64918,-2.7391,2
-1.0406,-1.7058,1
2.183,3.3917,2
2.0498,-1.6544,1
0.98141,-1.1669,3
0.80623,2.1535,3
-0.65276,1.9216,1
5.7207,-2.9621,3
2.9822,3.4957,3
2.003,5.701,3
2.2277,-1.7818,3
-1.5951,-0.91528,1
0.18654,3.1535,3
0.6108,1.346,3
3.8254,-0.86624,2
-2.6488,-1.8284,3
0.53414,0.20322,2
3.4536,2.0055,2
-1.7294,0.046379,2
-2.4307,-0.04224,3
-0.8612,0.14092,1
-0.17269,-0.99797,3
1.1734,-2.5907,1
1.3969,1.8271,3
-4.3396,0.49278,3
0.43716,2.102,1
2.7603,3.9563,3
2.2288,-5.1343,2
-2.4513,-0.46743,2
-0.38167,1.8906,1
-2.9992,2.9327,3
-2.051,-3.3807,1
-1.7925,-3.5297,3
1.0356,1.5694,1
1.6141,0.45037,1
1.948,-0.32469,1
-5.6244,-6.5663,1
1.1929,0.53301,2
4.8599,1.303,1
4.9692,0.35153,1
3.9124,1.2302,3
0.14162,-3.5632,1
0.62338,0.7843,1
3.3377,-3.4264,1
-0.5262,0.32978,1
3.6689,3.0665,3
-0.5816,1.3314,1
2.0306,-0.022587,2
-1.9526,-3.3324,1
1.2169,8.4502,3
-2.3363,-0.43869,1
0.028141,-2.5999,1
0.49452,0.34173,3
-0.41405,-3.6351,1
-2.1198,-0.69206,1
-2.4248,-0.79612,1
1.2274,-3.0768,3
0.070788,-2.1984,2
-0.69942,2.3298,1
0.61775,0.51681,1
-3.4914,-0.14769,3
-1.2864,-0.83895,3
-2.3436,-0.70242,1
-1.6365,-1.1464,2
0.49576,0.34072,3
-4.2374,0.65795,3
3.3172,4.6679,3
-3.6162,-6.9779,1
0.91604,0.44491,3
1.9885,0.49405,3
0.54132,4.9537,3
-3.4662,2.2427,1
0.049563,-2.1212,1
-0.25759,3.0033,1
1.7559,0.66004,3
0.38958,0.042079,1
-2.5112,-1.5636,1
-6.8486,1.1339,1
-0.80391,-6.015,1
0.92598,1.4377,3
2.9113,2.4178,1
-1.3055,-0.70176,3
4.4425,0.87432,3
0.73493,-0.39335,3
-1.2561,2.2086,3
3.1113,-0.40468,3
1.4392,2.5831,3
-2.762,-2.0625,1
0.52501,-1.7324,3
2.3614,1.461,3
-0.062622,1.3387,3
-2.5014,-1.6862,1
2.055,-0.55735,3
2.0309,3.0368,3
-2.219,2.4287,1
2.4972,0.95838,3
2.0892,3.8704,3
-1.2685,-0.44501,3
-0.81637,-1.3436,1
0.13305,-2.992,1
1.2867,0.057647,3
-0.70225,-0.58745,3
-1.0114,-0.22944,2
1.6171,1.9256,3
-0.57389,-0.93697,3
-2.1942,0.84671,1
0.44565,0.4072,2
2.5608,4.8876,3
-4.5484,-0.23986,1
4.9789,1.1948,3
1.7834,0.42823,3
-1.7452,2.8036,3
3.7595,1.3298,3
-0.033108,-1.1759,2
2.5676,0.72442,3
1.6723,3.4118,3
1.9806,-2.7486,3
0.63766,-2.2216,1
-1.6176,-0.50883,1
-2.278,4.3404,1
-1.9576,-0.74922,1
4.6895,-0.0097877,3
-1.1644,4.5862,3
-3.2442,-1.7924,1
0.60976,-0.59922,2
-2.867,0.74725,1
-6.3525,-0.87523,1
-2.0656,0.021373,1
3.0531,4.6811,2
-0.96986,-0.71387,3
0.9401,-2.1194,2
5.3399,6.4846,3
1.9385,1.3867,2
1.4999,5.4879,3
-4.1441,-6.2161,1
-1.5133,-1.427,3
-0.7145,0.99011,1
1.254,-1.7936,3
-0.43355,2.4428,1
-0.81072,-0.54701,3
-1.6774,-3.2656,1
-2.2167,-0.050545,1
-1.9453,-1.5742,3
1.8717,0.62428,1
0.95111,-0.099554,3
-0.55209,2.0404,3
0.23763,-0.18852,2
-3.4226,-2.2813,1
-1.8031,-1.6209,1
0.90192,3.2819,3
4.4529,1.6911,3
-6.7382,2.5255,1
-2.4024,-0.12586,1
-1.6249,1.98,1
1.1174,1.1023,2
1.4359,1.538,3
2.8478,-3.0034,1
-0.98849,3.5711,1
-0.89325,4.9537,3
-1.0262,-1.68,1
-4.2767,-1.4803,1
-5.9082,1.5813,1
-0.089897,-2.3056,1
-5.1562,1.9313,1
0.5519,-0.96059,3
1.5573,2.1706,1
-1.5889,5.1825,1
5.1845,0.042897,3
1.5136,0.45552,3
-0.18148,-0.76444,3
3.1785,3.917,3
-0.97107,2.4582,1
2.0023,-1.964,1
-1.5517,-0.28088,2
2.7158,2.4145,1
1.9475,1.0873,1
-2.0304,0.21859,3
-0.79873,-0.98801,3
1.2166,-0.53612,3
3.0277,-0.12069,3
-1.7353,1.9062,2
-0.61201,0.43142,1
-1.1629,0.60855,3
1.6261,3.3434,3
0.070516,-0.60473,1
3.8111,3.8634,3
-2.293,2.5712,1
-1.2003,-3.823,1
1.8729,-1.0658,2
1.6642,3.0178,1
4.3396,4.5723,1
-1.274,2.685,1
-2.9383,-0.66178,3
0.097459,-0.59386,1
-3.0891,-2.6692,1
-2.2075,1.531,1
0.94265,2.6833,1
-1.0776,-1.2142,3
-1.7824,-1.1977,1
3.7365,4.7291,3
0.63574,0.9688,3
0.77716,-0.93881,2
-0.84843,0.0016727,3
-0.51715,0.7235,2
-0.18676,0.033464,2
2.6574,1.3127,3
-0.17307,5.9021,3
1.7037,1.0008,3
2.8018,-2.341,1
-1.6283,4.2679,1
0.71346,-1.8364,1
-0.71373,-1.5385,1
4.6614,4.2422,3
-2.9774,-1.1427,1
-3.1816,-6.6477,1
2.5064,0.79055,3
-0.96319,0.67326,3
-1.2722,-1.11,1
2.991,2.2538,2
-2.2996,0.79681,3
-6.2727,-5.1201,1
0.13362,-3.2406,1
5.7071,3.4827,3
0.15641,0.42009,3
-0.10104,5.8831,3
-1.364,-1.4417,1
1.9024,3.1686,3
-0.87933,1.6906,1
1.3949,0.28554,1
2.0775,6.9094,3
0.57232,1.0335,1
-1.3347,-1.0945,1
4.563,1.9271,3
-0.33331,-0.68788,1
-1.0535,-5.2999,1
0.62741,1.9781,3
1.3778,1.3396,3
6.2856,0.44206,3
-3.7271,-4.7226,1
2.0568,-1.4623,1
0.7752,0.57833,2
-4.8895,-1.5591,1
1.8118,-0.31456,2
-0.46096,-2.3113,1
-0.43331,-0.79002,1
-2.4921,1.9686,1
2.1943,0.78606,3
-2.0843,-3.0959,1
-2.5739,-2.3408,1
-2.3648,-2.4888,1
1.0865,4.1029,3
-0.8406,-0.12996,1
-0.96675,0.4684,1
0.14913,-0.58501,1
-0.68406,-3.7584,1
1.47,-1.3938,3
-2.1916,-1.732,1
0.78647,-3.9192,3
-3.328,-1.8967,2
0.11441,-3.8985,1
-0.81569,-1.5296,2
-3.3332,-1.8448,1
0.98357,-2.2536,1
1.8354,1.8071,3
3.6041,6.2689,3
1.1959,5.933,3
0.35858,-1.9731,1
-2.0199,-2.2052,1
2.2041,-0.87099,3
0.56285,-2.894,1
1.4016,2.8624,3
0.65862,-0.30332,3
-1.6439,1.2745,1
1.095,-2.7169,2
5.4625,-0.72843,3
-0.75253,-0.37499,1
0.19678,-3.9709,1
-2.4077,0.97766,3
-1.6093,-0.10439,1
5.0408,-0.14002,3
-2.418,0.61989,3
-3.6975,1.2383,3
0.81793,0.58085,1
-3.6812,3.4883,3
0.77637,-2.1861,3
-2.6046,-2.0479,3
-5.2597,0.92235,1
-2.9566,-3.6155,1
5.1919,-2.0641,3
0.5845,-1.2672,1
0.39918,0.47918,1
3.8783,1.2455,3
2.2878,2.5185,3
4.6877,1.7155,3
-3.4073,-1.0443,1
2.3301,-2.629,1
-0.2265,-1.0058,3
2.6332,0.0067666,3
1.6296,-1.5007,1
3.8551,0.019024,3
1.2667,1.2348,1
-4.0143,-3.1025,1
-3.6839,-2.0809,1
-1.3327,0.58919,1
-0.65568,-4.7487,1
-2.2624,-0.068008,1
-4.1951,-0.58048,1
0.6687,3.0717,3
0.93467,4.3327,3
-1.958,0.97198,1
4.6995,6.1346,3
-0.57093,-1.1314,3
-1.836,-1.2171,1
2.4295,3.6934,3
-0.88026,-3.5594,3
-2.0995,1.8113,3
-1.2871,-4.3763,1
-0.97728,-2.8867,1
-1.4912,-1.8107,2
1.2035,-1.7712,3
0.17322,3.7238,1
-3.5917,-0.56337,1
4.2688,3.3723,3
-0.63243,-4.1831,1
0.94737,0.028936,3
0.92992,-0.28691,1
-0.051736,3.6782,2
0.57418,-3.0994,1
3.6318,-0.71723,1
-0.054955,1.1356,1
-3.2597,-1.2104,1
1.8162,1.3065,2
-3.677,-8.0335,1
-2.0738,-0.038272,3
0.41406,3.1606,3
2.1885,0.87303,3
0.79557,-0.48237,1
1.8514,0.045451,3
0.58474,5.2315,3
-3.6815,0.04731,1
4.9769,-1.7718,3
0.58832,-1.7474,2
1.1557,-2.1012,1
-4.8594,-4.5851,1
0.51347,0.61345,1
-1.1059,-2.3583,1
0.10678,-1.1109,1
-0.51608,-2.8677,1
-1.6246,-3.7844,1
3.2322,3.2425,3
2.3338,-2.0189,1
1.7158,-1.6714,1
1.8491,0.44319,3
-0.69671,3.8697,3
-0.047256,-1.4904,3
-1.3402,-3.7031,2
6.5866,4.4957,2
-2.5151,3.4533,2
0.56631,0.36548,3
4.2992,-1.7074,1
-3.1587,3.0727,3
6.1101,5.9734,3
0.43713,-4.2037,1
5.061,-2.6062,1
-2.0101,-1.7586,1
4.2172,2.395,3
1.3054,0.84497,2
-3.4474,0.0523,1
2.6414,-1.3619,2
1.7334,1.1254,1
-2.3565,-1.3505,1
-0.66707,-0.27133,1
-0.79296,-0.70201,3
1.2945,2.6684,3
-4.3935,-3.6115,1
0.76164,-0.54256,1
0.79089,-4.6206,1
1.0449,-7.1567,1
-2.4717,-4.7612,1
-4.099,-1.7019,1
2.6293,0.21641,1
0.33691,-2.7376,1
0.20669,-0.048908,3
1.5428,-0.0092112,2
2.7015,-3.0829,1
-0.18288,-1.4188,3
2.1177,-0.70359,1
-1.6671,-3.1823,1
-1.0248,-1.007,1
2.4011,1.6004,3
-1.4393,1.9421,1
4.0941,-1.3503,3
2.3201,-0.2697,3
-0.89892,1.7703,1
1.5533,-1.4869,2
1.2368,1.4661,3
2.0456,1.8708,3
-0.077056,-3.5718,1
3.9881,0.090809,3
0.819,2.5984,3
1.5785,5.8115,3
-1.1705,-3.0964,1
-1.3662,1.3494,3
1.863,-1.0865,3
-3.2267,-0.28128,1
6.1369,1.2323,3
-1.2631,-0.67925,1
-5.3115,-1.3745,1
-0.63859,-0.39147,3
1.2524,1.1648,3
-1.1737,1.1042,3
-0.66883,1.0014,3
1.5755,1.9206,3
-0.86093,0.96887,1
2.1389,0.91387,1
-0.16445,-3.7127,1
-2.2445,0.39623,3
-2.308,2.2736,3
0.67064,-0.65008,3
4.2746,3.7657,3
3.0989,-1.2024,3
-2.9533,-2.2406,3
1.0555,-0.94246,1
-0.65924,-1.8183,1
-1.9785,-3.8629,1
-0.78108,-0.52937,1
-0.77057,3.2059,3
-1.41,-2.2085,1
-0.20608,-0.89199,1
2.4531,-6.5045,1
-1.5106,1.2527,2
-0.078621,0.81558,1
-1.0101,-1.9705,3
3.1981,2.7549,1
1.6277,0.32846,2
-1.6286,0.38754,3
3.2635,1.6678,3
1.3209,3.413,2
-3.39,0.28958,3
0.86803,3.9779,1
-3.1894,-2.9127,1
-0.1796,-2.3672,1
1.161,-4.1222,1
-3.5308,-2.0389,1
0.50843,-0.22112,2
-0.0012852,1.2919,3
1.6633,2.2369,3
2.2485,3.019,3
3.0124,-3.0773,3
1.1302,2.851,2
-3.6375,-2.6588,2
3.2469,2.1516,3
0.26535,-1.7857,2
-0.15938,-1.1305,1
0.78063,1.2627,1
0.6953,-0.91401,1
2.6729,3.4929,3
1.9391,3.319,3
1.6175,3.2716,3
-0.22508,-0.010507,1
-1.4105,-4.0453,1
-2.7828,-3.919,1
-0.71834,-0.72035,1
-5.1068,-1.7187,1
0.88489,-2.7397,1
-1.3266,1.5209,3
2.0408,2.4862,3
-2.9045,-4.8507,1
-3.7118,-3.1782,1
-0.31821,2.321,3
-3.7955,1.0934,3
2.4789,1.0878,3
4.5723,2.3101,3
-0.15242,0.25504,3
-1.9258,3.1395,3
2.3914,0.61371,3
-1.4319,-0.95208,1
-2.4183,-2.7645,1
1.6271,1.9256,3
-2.7349,-1.9127,1
2.2342,0.22498,3
1.9684,0.2089,2
7.1437,3.7645,3
1.2189,1.5882,2
2.815,1.195,3
2.3029,-2.2996,3
1.9631,0.92496,3
-0.78772,1.2649,3
0.2305,1.5459,3
-3.0408,-0.27009,1
-2.4961,-2.5972,1
0.68628,0.80312,1
2.1606,0.051106,1
0.70576,2.8799,1
-2.2653,-0.13788,1
1.056,0.74608,3
2.9018,0.866,3
-1.5256,1.3933,3
2.3564,3.1888,1
0.49111,-0.18109,1
-4.8156,-5.007,1
-0.29419,-0.96075,1
0.084706,-2.447,1
-0.058743,-0.18369,3
2.5815,-3.0691,2
-0.22056,-4.0294,1
-3.0912,-2.5027,1
-2.6333,-3.6911,1
3.0723,5.0472,3
0.99013,0.24048,1
2.3367,-2.0324,3
1.4122,-1.07,3
-0.54228,-0.96637,3
1.2803,4.5894,1
-2.197,-3.0098,1
-1.7892,2.9036,1
5.5232,1.4587,3
1.6588,0.80843,1
1.6483,-3.3007,3
0.065788,3.4991,3
1.6726,2.0089,1
0.32603,1.2292,3
1.4384,0.2498,3
-2.2727,-2.9597,1
-1.5621,3.4444,2
-0.47531,-5.035,1
1.2676,-1.7697,3
-1.038,-3.2818,1
-1.8936,1.4524,3
-1.377,3.8432,3
-3.7917,-0.58012,1
0.91616,2.2152,1
-2.0876,0.55601,1
5.8995,0.3126,3
0.93906,7.918,3
1.3351,1.4938,3
-3.1405,0.076421,1
2.0762,-0.43677,3
-3.1263,0.83299,3
-0.39964,4.0408,3
-2.9381,-2.2906,1
-3.4954,-0.052901,1
0.04938,3.0352,3
-1.4084,1.7386,3
0.7924,-0.60902,3
3.072,1.3339,3
-1.7245,-2.2429,1
-1.9524,1.0007,1
0.83581,-0.3,3
-1.3832,-5.0898,1
2.2983,1.3624,3
1.3039,0.38138,3
-0.37923,0.0028906,3
-2.4517,-0.10515,3
-4.1081,-3.6511,1
1.9777,0.36247,2
3.1382,-1.9583,2
-0.74575,-2.7413,3
-4.078,-3.2453,1
1.5113,-1.5105,2
-1.2076,3.3613,3
2.7269,1.7988,3
-1.8169,-1.2816,3
0.42774,2.736,3
0.73039,0.98492,3
-1.7334,-2.2241,1
1.2245,2.1685,3
-0.16064,-2.6454,1
5.6582,-1.0865,1
-2.2355,1.8911,3
2.1356,0.25151,1
0.52202,-0.82309,1
0.73363,2.413,3
-1.1135,1.3827,1
2.7139,3.2975,1
0.73657,-0.014339,3
0.58942,1.0032,1
4.3394,3.1723,3
4.7686,-0.22452,1
-0.89166,-2.099,1
-0.34314,0.087728,3
1.3982,3.3767,3
-1.2773,2.1391,1
-3.1896,-3.7208,1
-1.8067,1.9179,1
-1.7849,-2.3987,1
-1.6352,-2.4045,1
1.7344,-2.8371,1
-2.7779,2.3295,1
1.3632,2.402,3
0.48461,0.96341,1
-6.5342,-5.8742,1
-3.4094,-1.7432,3
2.1111,-0.41609,2
1.9797,-0.10466,3
0.92784,-1.5346,1
-0.8108,3.4773,3
0.61617,-0.35457,3
0.7441,0.013526,3
-0.10297,0.45437,1
-4.267,-0.70556,1
-1.6105,2.3422,1
4.2109,-1.7389,2
-4.8312,-3.0888,1
0.81381,-0.37906,2
-0.10464,-1.3283,1
0.82099,-2.5631,3
-1.5711,-0.0066928,2
1.9179,7.9322,3
6.0937,-1.6537,3
-2.4033,2.4392,3
-1.3781,-2.5306,1
1.4267,-1.1945,3
2.3358,0.36998,3
-2.5914,-0.26345,1
1.9904,3.9861,3
-1.7125,1.0658,2
-0.80209,-0.8206,3
0.11638,2.8155,1
2.8777,1.4062,2
1.3376,1.6715,3
-2.1204,1.199,3
-0.93606,0.84131,2
-0.51998,-3.4466,1
-2.8526,-0.52679,3
0.11344,1.8105,3
-2.2494,-4.2695,1
1.2317,1.2634,1
3.2991,-0.27771,3
4.8482,0.22746,3
1.6141,-2.8489,1
-1.6208,1.1798,3
-2.6815,1.2285,1
1.0087,4.3975,3
1.2498,-2.613,1
-1.7885,2.7989,3
0.51564,2.7352,3
3.5828,3.6983,3
-0.6359,0.22005,1
3.2836,0.22646,2
-0.21221,-0.36966,3
2.3567,-3.7589,1
-4.1978,-0.11913,1
0.087949,0.27005,1
2.6134,2.7408,3
0.66647,-1.3865,3
-0.11811,1.8756,3
2.3423,-0.494,1
1.8882,-5.4773,1
-1.2189,1.5491,1
-1.6248,-5.477,1
-1.6175,-6.6873,2
-1.9213,-1.5782,3
-1.7979,-4.7192,1
4.9969,-1.6866,3
-1.1607,1.9087,1
0.74397,-2.0676,1
4.8899,1.4007,3
-2.2442,-0.40677,1
2.6488,0.37487,3
-1.9465,-5.039,1
-5.7742,-4.0592,1
-0.65621,-1.4485,1
1.4079,1.6905,3
-2.8937,1.2476,1
-0.8427,0.69701,1
-0.67619,-3.3185,1
-0.51988,0.69199,3
2.9816,-0.20642,2
2.3732,2.4238,3
4.1417,3.0975,3
0.59283,3.5838,1
-2.2979,-3.4068,2
2.7535,-0.38241,3
-4.1839,-1.7121,1
-0.39795,-0.52674,3
3.3372,0.69053,1
1.4078,-2.3126,2
-1.6659,-3.2751,1
1.2433,-0.18412,3
1.0471,-3.3268,2
2.4664,-1.0163,3
-0.92123,-1.6149,1
4.2339,4.8285,3
-2.121,3.7011,3
5.0876,2.281,3
-2.3463,4.0857,3
-1.6695,-0.59961,1
-0.40211,0.20727,3
1.9368,-0.0023824,2
-0.95597,-0.95686,1
-3.1386,-3.8981,1
1.3496,0.63051,1
1.9416,2.1554,3
-2.9196,3.7191,3
0.61799,0.47816,1
1.5779,-0.55443,1
-1.5933,-3.1545,1
2.8915,2.076,3
-3.2708,-3.1809,1
-2.4805,-3.127,2
-4.8105,-2.2765,3
-0.025271,-0.17646,3
-2.432,-2.6712,1
-2.1113,-1.6767,3
2.0577,-2.7783,3
-2.3939,-3.8988,2
-0.2329,0.36844,1
2.2669,2.139,1
2.0604,2.1274,3
-3.416,2.4377,3
-0.5005,-1.6492,1
2.1441,-2.2291,3
0.84368,-1.9075,1
0.17883,5.0961,3
2.5266,0.53056,1
0.0053453,-0.51205,2
1.9401,4.7277,3
-0.17636,-0.066338,3
-2.2872,-3.4797,1
-1.7208,-2.5266,1
3.4153,1.0459,1
-0.51071,-1.9748,1
2.6207,-0.72836,3
2.0288,1.7559,3
0.89466,1.9123,2
2.5874,-3.0419,3
1.8608,3.0113,3
4.7861,4.0373,3
0.43268,3.3931,3
-1.053,-0.4281,3
0.72686,-0.69394,3
-1.0913,1.0738,1
-0.73017,-1.293,3
0.76672,0.50403,1
1.6737,-0.76774,1
-1.8476,0.39072,2
0.31688,-2.3552,3
1.113,-2.7422,1
-3,-0.45403,1
1.0557,1.7031,1
-2.6509,-1.7931,1
-3.7623,-2.2112,1
3.9659,0.17836,3
2.7479,-2.7435,1
2.9545,3.4507,3
1.3952,3.4568,3
-5.2172,-3.0165,1
3.3139,-1.1368,3
-2.4145,-2.4737,1
1.1796,-1.7236,1
-1.0918,1.3948,1
-1.2738,-0.95177,3
1.3777,-1.7148,1
-0.85898,3.6659,1
0.28963,-3.1357,1
-1.5684,-0.41537,1
-0.68745,0.22817,1
-5.3918,-4.4791,1
1.8605,-1.8451,1
-7.3512,-0.2753,1
-1.8565,-2.3654,3
-5.4462,-1.5325,3
-0.45995,-1.8154,1
-1.8577,-2.9221,3
0.80473,4.7734,3
-0.23767,-1.583,3
2.3175,0.55327,3
0.064313,2.9253,3
-2.5792,0.75494,1
-3.9117,-2.1057,1
1.9752,-4.4948,1
-0.10816,-0.6538,1
0.86389,-0.55836,1
1.6441,0.99055,3
-3.6857,-2.2695,1
-0.94033,-1.7452,3
2.3566,-0.59675,1
-3.8687,-2.2083,3
0.27547,0.50454,3
-5.4542,-2.6637,1
4.7056,0.56551,3
0.67321,2.9029,1
2.5533,0.54588,3
-0.71272,-2.934,1
-1.8796,-2.7674,1
-2.3585,-2.9331,3
1.9241,3.1024,3
2.0194,1.8444,3
-5.3828,-4.1444,1
-0.18004,2.142,3
1.4716,-0.98508,3
-3.1754,-0.89144,1
-1.0024,1.8648,1
-0.59587,-0.65871,1
-2.4301,-1.9826,1
0.64681,2.5323,3
1.6746,-0.30976,1
-3.239,-4.9946,2
0.08653,-1.1401,3
-0.7964,-0.90391,1
1.2862,-0.89146,2
-2.5613,0.89384,1
-4.4611,-3.05,1
2.0454,1.9545,3
3.7158,-2.807,2
4.3265,2.4863,3
1.4456,-2.7718,3
-1.5009,-0.67329,2
-1.267,1.8141,3
0.63006,0.90354,3
-1.2014,1.2372,1
5.6881,1.913,3
1.4724,1.3417,1
2.0784,-0.18016,3
-2.739,-2.471,1
-2.5454,-2.7232,1
3.8122,-0.36257,1
-2.8319,-0.32579,3
1.1011,1.1069,1
-1.6948,1.631,1
3.3172,2.2087,3
-3.8004,-2.2162,1
-1.603,-3.0147,3
-0.47123,0.86142,2
-1.05,-0.65754,1
0.11307,1.6088,3
-4.5187,-4.6787,1
3.0248,1.6882,3
-2.6173,-1.289,1
0.61266,-2.2976,1
-3.9291,-0.92575,3
-4.2899,-0.6083,1
2.5609,3.3425,3
-0.5216,-1.8718,1
-1.2964,1.0796,1
1.107,0.60552,3
3.2114,0.4376,3
0.97787,1.7097,3
4.4737,0.53764,2
-4.5105,-3.5717,1
-0.24582,2.1636,1
-1.2587,0.085588,3
-1.0636,0.02089,1
1.5721,1.1143,3
0.60232,0.73119,3
2.1825,0.17275,1
3.7493,-0.60992,3
2.4475,-3.2046,3
-0.82982,-1.3488,1
-3.7779,-1.8181,1
-4.4656,-0.24624,1
-1.6291,3.4172,2
2.596,0.92916,3
0.16688,0.85375,1
-0.3038,-0.33826,1
1.0669,1.7143,3
-4.7321,-2.163,1
-2.2667,1.798,2
-1.6458,-0.24601,3
-2.9694,-1.6806,1
0.84123,-1.9121,3
-0.018488,1.6092,1
-4.1892,-1.306,1
0.35194,4.7716,3
0.50735,1.9771,3
-1.0439,1.5821,1
-0.30802,-1.9563,1
4.7264,4.2872,3
-5.2042,-3.2734,1
-0.64275,-0.62856,3
-0.61453,-4.5194,1
-1.929,-1.9091,1
-0.42169,2.4153,1
0.67759,-0.44501,2
-5.6725,0.67253,1
2.7327,0.74119,3
-5.0059,-2.2842,2
-1.8872,1.8208,3
1.3222,0.66623,3
3.5925,-1.4707,3
2.65,0.52707,3
-2.4887,-2.4684,1
-4.3061,-0.31781,2
0.558,2.062,3
-2.0756,0.0012068,3
-0.50039,1.4215,1
-1.3236,-1.9926,1
0.87739,-0.41192,3
2.1562,4.7285,3
0.72824,-0.081407,1
-1.5259,0.76405,1
-1.1952,5.2218,3
3.0209,-0.11095,3
-1.2992,2.1134,1
-4.054,-2.8833,1
-0.5987,1.9112,1
-0.9787,-0.72583,3
-1.8527,0.73051,1
-2.8704,-4.7578,1
-0.43714,2.8528,1
0.67487,1.9175,1
-3.5562,1.0933,3
-2.4956,0.9389,1
5.3646,3.7251,3
2.3444,-1.7304,2
4.051,0.31209,1
-0.68643,4.4053,3
-0.65472,1.1321,1
-0.2784,-6.9745,2
4.8435,-0.4739,3
1.8701,-0.3644,3
-4.1494,3.9856,3
-3.9293,1.3881,3
-4.6828,-0.56154,2
2.9479,-2.5784,1
2.1356,1.3002,3
2.3521,0.25893,1
-1.15,-2.4888,1
-3.5445,-1.3273,2
2.2347,3.433,1
2.0775,4.3919,3
0.95977,1.6288,3
-1.8889,-1.806,3
3.4597,0.31794,3
-0.8515,0.39044,1
-0.582,4.8321,3
0.050561,-1.0889,1
-4.1179,0.6723,1
-1.9862,1.4103,3
0.90807,1.8531,3
2.5553,-0.20103,3
-4.7507,-3.3741,1
-5.7184,0.0679,2
3.7351,-0.86146,3
-3.2967,0.87573,1
-0.9993,1.2643,1
1.1777,-3.2338,3
-1.7898,-1.6345,3
-1.905,1.63,3
0.32835,3.9166,3
1.2129,-1.1009,3
0.013856,2.8076,1
4.3439,-1.8415,3
-0.93951,-6.2112,1
0.79897,-0.46431,3
0.87821,-0.86178,3
-0.21855,0.77993,1
-3.4859,-0.15508,3
-0.93125,-0.67885,1
-2.5308,-0.34996,1
1.2254,-0.13431,3
1.6637,-2.078,2
-1.7688,-2.9127,2
-2.9752,-3.5872,1
1.089,0.4998,3
-1.2066,1.1397,1
2.6776,0.24952,2
-0.4735,0.67789,3
-0.187,-1.834,1
-4.4358,-3.8318,1
1.1265,0.39984,2
0.48781,-1.109,2
0.39054,-2.2788,1
0.99233,-1.4972,3
2.5971,-0.90336,3
-1.489,-6.0199,1
0.57185,-1.0157,3
-0.4483,-4.1104,1
1.0733,0.62502,3
-2.2649,-4.2062,1
3.7456,0.52968,3
-0.44782,-1.2316,3
-4.8626,-0.032565,1
-1.0348,-0.40402,1
1.0162,3.4714,3
3.0026,4.8207,3
0.41254,2.0746,1
2.1375,3.1661,3
2.5417,1.2181,3
1.6642,-1.2796,1
-0.37956,-0.54794,1
-1.8195,5.2098,2
-2.9273,-3.1929,3
0.55281,2.7342,3
-0.5126,-0.20449,1
3.5459,-0.58947,1
2.4473,4.7137,3
1.7725,3.4589,3
3.5157,1.5576,3
-3.1958,-1.3484,1
0.047696,2.4755,3
-0.32614,-1.2564,1
-2.8445,-4.1019,1
0.16242,-0.67059,1
-1.5898,2.6752,3
-2.6725,-0.85799,1
-1.9593,1.0067,3
1.1489,-1.933,3
-2.4427,-0.52167,1
-3.0543,-3.565,1
2.2031,1.3108,3
1.1989,-2.31,1
2.9102,-0.13523,3
-2.4554,-1.2001,3
-0.75934,-0.85006,1
-0.60358,0.14477,1
-2.502,0.89891,1
-3.2017,-5.2538,1
1.3718,-2.3288,3
0.22604,-1.8554,1
-0.44467,-0.55304,1
0.93106,-0.73992,3
-0.90302,2.754,1
-1.0131,-2.9835,1
-3.283,-3.1917,1
-1.6829,-1.3513,1
-2.438,-0.70546,1
-0.72571,0.13589,2
-1.1669,-0.1264,3
1.2912,1.0297,1
-2.2843,-4.6933,1
-1.5765,1.8572,3
0.92357,-0.64793,1
-1.629,-0.88907,1
3.3235,0.30115,3
-2.1296,-2.7579,2
-0.64853,-0.082716,3
0.096743,-5.2755,1
2.1092,0.9749,3
2.2373,-3.8465,1
-1.6176,-1.1145,3
-0.61967,-5.0749,1
-3.9213,-2.7631,1
-0.25566,2.228,1
-2.0087,-1.554,3
-3.125,-0.765,1
1.7677,0.79445,3
-0.99647,1.2664,1
0.50856,0.33704,2
1.1953,-2.0075,3
0.69918,2.6111,3
-1.3926,0.43097,2
4.1213,4.9649,3
-2.3247,1.4909,1
2.7213,1.3457,3
0.45386,2.9312,3
3.3586,1.8537,3
0.60063,-3.4315,1
-0.39851,2.0206,3
2.5829,-2.7879,1
1.6291,-2.7582,2
0.44072,-2.9232,1
1.2947,2.6904,3
0.8632,-0.97262,2
-3.8091,-5.3428,1
-0.5634,1.1662,2
-1.0105,0.81509,1
6.2819,5.2705,3
-0.17218,0.90643,2
-2.328,-0.4396,2
-4.1423,-2.0278,2
5.8667,0.68364,3
1.5981,-3.7195,2
-0.38714,-0.4373,3
0.99605,1.5673,1
1.1624,-1.5483,3
-0.63045,-0.076478,3
-4.9653,-2.3994,1
1.2282,-0.44101,3
-0.59227,1.6192,1
-1.7268,1.0772,1
0.46765,1.794,3
2.6592,0.73543,3
0.77542,-1.9557,3
-1.1542,0.45752,3
2.9012,3.0533,3
-2.397,-1.6718,1
5.4547,-0.048567,1
-0.75197,-4.2873,1
0.95316,-1.2403,3
-1.4874,-5.3481,1
-2.2744,1.0658,1
-2.0045,-3.5879,1
-0.607,-1.2899,3
1.6294,1.307,1
2.9102,0.65577,3
1.9272,0.021498,3
0.08356,-3.6892,1
-4.1505,-4.8091,1
2.5518,-1.4497,1
0.25789,-1.263,3
1.7212,0.76334,3
2.3543,0.36267,3
-1.2719,-0.27073,3
-2.7621,-6.1771,1
-0.15845,1.2892,3
-5.4686,-5.6707,1
-2.9733,-2.4998,1
-2.5043,0.35975,1
-1.3019,2.3746,1
-5.4537,0.35247,1
-3.6298,-2.0924,1
0.088157,-0.18618,3
-0.55544,2.7184,3
2.8615,2.5716,1
2.6934,0.18421,2
-2.7802,-2.2564,1
-0.82132,1.9525,3
-1.5104,0.77682,1
-1.7789,-2.4744,3
3.8953,4.7559,3
0.1426,-2.9154,1
-1.7428,-8.1428,1
2.751,-1.2526,1
-2.2095,-4.4997,3
0.13689,1.162,3
-1.1743,-3.02,1
-1.7443,1.5689,1
4.0096,2.2542,3
-2.0218,3.774,2
-1.9709,0.24049,3
-0.092248,1.7677,2
-1.0103,-1.3021,1
4.4406,2.3833,3
-1.9017,2.7286,3
-1.2804,-2.5595,1
1.7679,-1.0593,1
3.306,1.0158,3
-1.1914,1.3079,3
-0.25201,-1.3029,1
-4.1381,-1.8998,1
1.0067,-0.5213,2
-2.4786,-0.09689,1
1.5691,-0.17717,2
-0.64162,-2.7004,1
0.87559,-0.89479,1
-0.19026,-1.3629,3
-2.456,3.6239,3
-1.5256,2.8538,1
-3.6519,0.81552,3
1.6532,0.43124,3
1.2823,-1.3069,3
2.7483,0.59574,2
-0.57034,-0.32282,1
1.4957,3.244,3
-1.7446,1.566,1
2.884,1.393,3
-1.7774,0.36723,1
0.63749,1.9313,2
1.815,1.5638,3
2.6266,-0.0062794,1
1.7101,-0.97088,3
-3.8506,-4.5726,1
0.60487,1.8169,1
-5.8436,-3.8375,1
-4.5277,-5.4055,1
0.10373,1.2038,3
-1.9287,1.0476,1
2.0105,3.9469,1
-0.73976,0.4342,3
-0.36742,-3.6121,1
-2.8632,-2.5737,2
5.0069,0.33179,3
-1.7817,-2.3173,2
-0.17393,0.74414,3
-0.9153,1.2656,3
-2.1762,-1.211,1
1.5534,-0.7418,3
-2.5133,0.70827,1
1.7126,1.4929,3
-0.18751,0.97443,3
4.5216,1.5609,1
1.8135,0.65915,1
0.89313,3.4675,3
1.074,-1.0039,2
-1.1615,-1.6164,1
-1.9754,0.12641,3
0.51835,-0.46273,3
-0.0054516,-2.4043,1
0.72788,-2.4637,1
0.16996,4.2061,3
-3.62,-3.4205,1
-3.7923,-2.4017,1
-0.050414,3.1809,1
-1.9989,-1.9189,1
-3.5868,0.63257,1
-0.35472,0.24207,3
-2.123,-0.59449,1
1.4924,0.27171,2
5.2462,1.8382,3
1.9178,-2.4175,3
-1.5734,-1.4851,1
1.1406,-1.4952,1
0.31432,1.1678,3
-3.9757,-0.20116,1
2.7633,-0.87167,1
0.43536,0.4639,3
-1.2586,2.8083,3
3.876,3.4807,3
0.88304,0.62453,3
-0.35962,0.49168,3
-4.0262,1.9519,1
-1.1924,-1.0432,1
2.7489,0.8572,3
2.5901,2.2477,3
-0.35932,0.84967,2
-4.6669,-1.9457,2
-1.0887,-3.5317,2
-0.089128,-1.7667,1
-5.2589,-2.0999,1
2.8073,-0.67189,3
1.0009,1.883,3
-1.5925,2.3433,1
-2.6949,1.7444,3
1.7704,-2.1987,3
0.96449,-3.2691,1
-1.7256,1.1507,1
2.8852,2.0364,1
1.3149,0.33025,3
-2.735,-4.1657,1
3.5227,2.3171,2
0.57852,1.4247,3
2.8558,2.1403,3
-1.1279,0.34978,1
1.6131,1.2263,2
6.7395,4.4739,3
2.1087,0.16382,3
1.0237,-1.2967,3
-3.3266,-2.0852,1
3.9291,4.6821,3
-0.9154,-0.34661,3
-1.7777,-2.7206,1
-0.42191,-0.35282,1
-1.5006,-1.4501,1
-0.67322,-0.19931,1
-1.3359,-1.9783,1
3.0665,0.83324,1
1.4782,3.7018,3
-2.3484,-0.81034,1
4.7007,1.3213,3
0.29007,-0.03179,3
-2.4402,1.7111,1
-1.6693,0.77038,2
2.3727,3.3529,3
-0.81971,1.317,2
-1.7576,-4.0873,1
-6.9308,-1.1504,1
4.1186,2.2224,3
1.2226,2.2829,3
-0.11941,-6.0064,1
0.25738,-3.4832,2
1.5827,1.343,3
-1.2739,3.1825,3
4.9587,-2.8322,3
1.1599,-0.27566,3
1.9977,-1.8057,3
-1.2623,2.3201,1
-1.1256,0.1874,3
-2.4429,-3.0493,1
0.48453,-0.21025,3
-2.8068,-2.4357,1
2.7225,0.38836,3
0.35042,-0.39627,3
-2.7892,-2.3098,1
0.9443,-1.4046,3
-3.3986,-3.4018,1
-1.2476,-0.73142,2
-2.8682,1.2641,1
-1.8074,-1.0514,3
1.8489,2.0028,1
2.4996,0.56773,3
-0.2204,-1.0168,1
-0.060676,-2.112,1
0.4744,3.6902,3
3.7257,3.5262,3
2.852,1.0266,1
-0.58541,1.6192,1
-1.4409,-0.14282,1
-1.6238,-1.0075,3
-2.6662,-4.049,1
-2.6701,-3.2164,3
-0.43029,-3.874,3
2.3468,-2.0224,1
0.40325,2.9759,2
-1.8321,0.49587,1
4.8023,1.1953,3
0.28918,-1.1751,1
4.5052,-0.69819,3
1.6729,1.1645,1
-3.0564,1.1858,3
-1.7008,-5.177,1
-0.99452,-3.5782,3
3.9912,-0.21172,3
-0.83117,-1.9857,1
1.7728,3.5194,3
1.0744,-1.2321,1
-2.1311,4.7686,3
4.0081,-2.2544,3
-0.5899,2.3073,3
2.6995,-0.040577,1
5.5154,-0.18915,3
1.7124,-3.9455,2
2.5474,2.553,3
0.77138,5.0572,3
-2.0485,-3.0282,1
-3.8413,-2.2681,1
0.69183,1.4488,1
1.921,1.2227,1
-1.5529,0.03229,3
-3.8781,-0.54156,3
-5.3093,-2.6891,1
1.7981,-1.7591,1
3.612,0.33069,3
-1.5985,1.1636,3
0.26827,2.3684,3
0.46074,-2.6633,1
6.6511,1.8275,3
-0.83175,-5.4017,1
1.8619,1.3528,3
3.9828,4.3898,3
1.3952,4,1
2.6923,6.8059,2
2.6441,-0.57207,1
0.22337,-2.1371,1
0.57773,-2.0908,3
2.4631,2.4285,1
0.51488,4.0025,3
-1.7955,-0.31232,3
0.02305,1.7814,3
-2.6087,-1.431,1
-0.28575,0.56247,2
0.73981,0.82018,3
3.6505,2.4685,3
-0.44811,1.8891,1
-1.8636,0.46861,1
-1.7117,-1.4241,1
-2.1318,-2.7229,1
3.1976,3.1237,2
-0.26349,1.5566,3
0.98792,0.65368,1
-2.6816,-6.5845,1
-6.8457,-1.5856,1
-3.1574,-2.8829,1
-1.8976,-0.96886,1
3.0134,-2.8183,1
-1.0299,3.7148,1
-0.88639,0.85531,1
1.8953,0.56652,3
4.1433,-0.31812,3
-2.1697,3.6071,3
1.1004,1.559,3
-1.2494,3.7808,3
-2.6941,-1.6031,1
-0.69221,0.6896,2
1.0025,-0.32423,3
1.1899,2.13,1
0.59771,4.4361,3
-5.0698,-5.8548,1
1.1222,1.1468,2
-2.4671,-5.2036,1
-0.89274,3.2377,3
1.6531,1.085,3
-3.1374,-3.0957,1
1.2236,-0.77917,2
-2.8176,-0.063341,3
-0.75192,0.55781,1
-0.49192,3.4041,1
5.3692,1.6662,3
0.49268,-4.2815,1
0.33747,6.0309,3
1.1906,3.7725,3
1.9365,-0.78998,3
0.92983,-4.0787,1
0.58443,-0.06877,3
2.3903,-0.64263,3
-1.8177,2.3656,3
2.4315,1.4561,3
1.8567,-1.6579,3
-1.6158,0.37971,3
3.576,2.2959,3
1.943,4.5747,3
1.5037,2.9238,3
0.27671,-0.94788,1
0.47776,-0.42448,3
0.56208,2.9904,3
-2.8464,-2.33,1
0.49771,-2.0224,1
-0.12684,0.21651,1
0.60395,1.961,3
-2.0949,1.2644,3
0.38379,-2.7707,1
0.30007,0.83993,3
0.16681,-1.3346,2
-0.587,-1.2113,3
0.79294,-0.98715,1
-3.6382,-0.5907,1
6.7035,2.6318,3
1.5204,-3.5073,3
1.2108,-2.2078,3
-2.4496,-1.697,1
-1.8497,0.27634,1
2.8769,-1.7686,3
-2.1015,2.1276,1
0.99011,2.5938,1
-1.178,-0.060366,1
-1.0034,-4.3784,1
1.4779,4.5083,3
1.5397,0.055741,3
-1.3508,-3.4213,1
0.49945,-1.2474,3
-2.3859,1.2698,3
-0.87387,0.3508,1
-0.71599,-0.13591,1
-1.8821,-1.9997,2
-0.071425,-3.8233,3
-2.2011,-4.6951,1
2.1855,0.14281,3
-3.7497,-0.71562,2
5.4883,2.5648,3
-2.352,-0.059564,3
3.7104,-0.44781,3
2.8717,2.5134,3
2.7317,2.0449,3
1.2649,1.4971,1
-1.3379,-1.7441,2
-1.8302,-4.6025,1
-1.5979,0.051053,1
-0.22775,-0.83852,3
0.91616,1.9394,3
0.6294,-4.5879,1
3.6764,1.9156,3
1.3296,4.7265,3
1.8474,0.45976,3
2.1064,-2.5655,2
1.7933,-2.555,2
2.5779,4.6625,2
2.8015,1.6351,3
1.205,-0.33122,3
-5.9128,-1.8758,1
-0.45923,-2.6709,3
0.27186,-0.12176,3
0.089794,-0.24281,1
1.1404,1.6454,2
2.2938,0.66806,1
1.7915,0.51365,3
-3.2909,2.6694,1
-7.3839,-1.3558,1
-3.7012,-0.81444,1
-0.77794,1.3325,1
-5.0511,-2.5624,1
-3.3542,-0.23945,1
2.3711,-0.29126,3
1.3342,2.3028,3
-1.4278,0.33282,2
-3.3144,-1.5475,2
0.12029,-0.70566,1
1.4578,-0.65139,3
0.84248,-2.7209,1
1.6376,5.2794,3
3.2493,1.2563,3
2.6685,0.7406,1
4.2602,0.039673,1
-0.57702,-0.33038,3
3.2159,0.19103,1
-1.8711,-4.0211,1
1.2896,1.7443,3
-3.2424,0.66128,1
1.2585,-1.4259,1
-0.75653,-2.0923,1
-2.3889,-2.528,1
-0.11847,-1.5407,1
-2.7667,-4.615,1
-0.15303,4.8108,1
0.070918,-1.59,2
-0.77188,0.10722,1
0.52816,-0.61378,1
1.2463,1.2495,3
-1.4579,-1.1095,1
0.96479,-1.8787,3
0.1175,-3.5547,1
-3.5138,0.33943,1
-0.82263,-0.75664,3
4.9043,1.4567,3
-0.57026,-0.30315,1
-0.79635,-1.6752,1
0.66147,3.8377,3
2.3832,0.05457,3
3.2942,1.7055,1
2.7945,3.2116,3
-1.6797,-3.5124,1
-4.0619,-4.8613,1
1.0034,0.13854,3
-2.9912,-3.5329,1
1.488,-2.2991,3
0.56978,-0.1954,3
2.9663,3.5015,3
1.9313,2.794,3
-0.27765,3.7174,3
-1.2013,-0.10621,3
-0.38773,0.22889,3
-1.2547,0.90217,3
0.61261,-1.8396,3
3.5381,1.2733,3
1.3372,1.2483,1
-1.6311,-3.1273,1
2.0336,-0.11985,3
-2.4408,-0.083204,1
0.037378,-2.3552,1
-0.25509,-3.5132,3
1.8054,3.6747,2
-1.6776,-1.8594,1
-3.1116,1.598,2
-1.0041,0.61308,3
-1.0694,-0.71098,1
-2.9546,-2.1206,1
-1.4092,-3.5381,2
-2.0573,0.30302,2
-3.25,1.2347,1
1.2174,1.1904,3
-1.0741,0.6344,1
-1.14,-1.9694,1
4.363,3.1109,3
3.408,0.58529,3
2.8457,3.6274,3
1.5221,2.9184,3
-1.1418,-2.0511,1
2.901,-0.47918,3
0.70916,-1.7773,1
-0.37026,-0.99755,1
2.4999,5.1724,3
-3.5653,-5.0792,1
-2.6888,-1.985,1
-2.3332,-1.15,1
-0.95571,-4.0467,1
-1.9874,-1.0031,3
-1.2009,0.2316,1
-1.1497,-4.6764,1
-0.72595,3.2484,3
-0.59864,1.0451,3
2.3026,0.47588,3
-0.92898,-3.7666,1
-2.7282,1.5902,1
3.001,0.33882,3
-2.1804,-0.022898,3
-1.5237,0.64932,1
0.64834,2.2593,3
-3.3467,-0.91956,1
-1.8621,6.2074,3
0.94953,-1.5775,1
1.2254,1.3664,1
1.5947,0.90214,3
4.0972,-0.92385,1
-3.7232,0.83344,1
-1.7554,-3.9621,1
0.74995,5.2681,3
1.3146,3.1901,3
2.6462,2.038,3
1.7071,-0.29227,1
2.1058,-1.5728,1
1.2242,-4.355,1
-1.2879,-3.1449,1
-0.23997,-5.2044,1
4.0845,2.6468,3
0.31236,-0.18024,3
-3.9911,0.58295,2
-0.89272,-1.4488,2
0.086742,-1.3098,1
-1.0155,-0.17541,1
1.2465,-0.0052724,2
0.042379,-3.1872,2
-0.45691,3.8104,1
0.62331,3.5995,3
2.0554,2.2891,3
-1.5483,0.71503,1
1.9076,-5.3563,1
-2.0282,-0.82638,1
-0.1075,-4.068,1
-2.1011,-2.2903,3
-5.4282,2.5085,1
0.3138,3.0283,3
1.3044,0.51825,1
1.4962,2.2182,1
-1.1278,-0.49688,1
-1.1378,1.6403,3
-3.8066,-1.6019,1
1.7157,-1.9897,1
-0.059936,-2.067,1
2.605,-3.3829,2
2.9569,1.8204,1
2.5072,3.021,1
2.3786,4.1319,3
-0.44777,-0.14489,3
7.3922,5.9194,3
1.178,2.4693,3
1.4202,2.7049,3
-0.23025,1.0143,2
0.23749,4.3797,3
-2.5606,-3.1015,1
2.2576,2.3785,3
0.80671,2.0512,3
0.38076,1.5851,3
0.58038,-3.2298,1
-1.7318,-2.2145,1
-2.8284,3.8443,1
-0.61015,0.15989,3
-1.6835,-0.2011,1
1.4744,2.6427,1
4.449,2.4874,2
0.43138,-2.4337,1
0.9797,0.96974,1
-0.26704,1.6159,1
-2.6196,-0.50292,1
-2.2058,-0.88126,1
1.4296,2.5302,3
3.6225,0.62931,3
-2.8362,0.35182,1
-0.47509,-1.1467,3
-3.8584,2.4563,1
3.944,4.9133,2
-0.94549,-0.063202,3
4.2517,-0.72112,1
-3.7298,0.079971,1
0.94144,-4.8727,1
0.1231,0.0072816,3
2.7428,-0.054606,3
3.4953,0.48906,3
-1.3954,2.7556,3
-1.0872,-0.82057,3
-4.1869,-5.9345,1
3.309,-1.5166,3
2.7321,1.7801,1
1.5696,-0.98957,3
2.6855,0.2909,3
2.4206,-0.0089308,2
-3.7625,-2.5727,1
4.9258,1.044,3
1.0777,-0.86141,2
1.2496,1.0516,3
0.27169,2.3003,3
-2.7192,-2.6784,2
-2.4695,-2.4622,1
-0.26933,1.7174,3
1.8261,0.21662,3
0.80983,1.5542,3
2.1628,3.3825,3
-1.0204,-0.25471,3
-1.4282,-2.525,1
-2.8086,-5.0325,3
0.21932,-1.6566,3
4.8112,3.9042,3
-1.0441,-0.22933,1
-0.51842,-2.7676,3
0.22023,0.73191,3
4.4889,0.29119,3
1.6865,2.9561,2
1.9009,5.5202,3
-1.4308,3.5188,3
-1.224,1.9238,1
2.2756,-1.301,1
1.5469,1.6226,3
5.2482,-3.8289,1
4.9525,-3.3403,3
0.9486,-3.1135,1
-1.7586,-2.3718,1
2.7197,2.3279,3
-2.0175,-3.9422,1
0.49533,-0.85342,2
0.97942,3.0937,3
-1.7612,0.49424,1
-1.1215,-2.4885,1
1.9179,-2.9415,2
2.6825,-0.070379,3
1.2445,4.4025,3
-2.1512,-3.3713,1
0.23436,-2.0864,3
2.0574,-0.53686,1
0.019748,0.86538,2
2.4209,-0.97265,2
-3.5134,-3.8776,1
-0.55147,-2.8113,1
-1.6682,-4.7441,3
-2.9182,-1.0747,1
6.241,0.93749,3
-4.6898,-5.388,1
-1.523,3.5006,3
1.7783,2.5174,2
-0.69343,-0.39972,3
2.9726,1.8498,2
0.35255,-1.4848,1
1.99,1.684,3
1.1394,-1.1284,3
2.0918,2.8159,3
-0.45446,-0.34091,3
-1.0588,-1.1934,1
-0.17105,0.39051,1
-3.271,-3.7278,1
0.7706,1.7349,3
0.011,-3.2433,3
-2.14,-4.6171,1
4.3148,2.5038,1
1.4022,2.4507,3
3.0805,2.2571,3
-0.45992,2.0793,3
4.0865,2.3559,3
2.3707,1.6723,2
0.34791,1.9141,3
-3.1579,-1.8029,1
-1.9263,-0.85689,1
6.5488,6.5417,3
3.4098,-2.1402,3
0.15049,-3.8827,1
1.823,3.9072,3
-0.31045,-1.6341,1
4.0565,1.4161,3
1.1594,-1.0804,1
-1.4189,-1.7039,1
0.90373,-2.0908,3
2.5124,2.7014,3
0.17606,1.1626,3
2.5055,-0.29076,3
1.3893,-0.42337,3
2.0782,-3.4784,1
-0.50107,-4.6701,1
-3.9061,-0.3793,1
5.5236,-0.19136,3
0.54421,1.5198,1
3.0318,-0.45245,3
2.6058,2.648,1
-0.65246,3.5784,1
0.63796,0.99945,1
5.2711,-1.8047,3
-2.4663,1.4619,3
2.0082,3.0977,3
-0.086922,-2.0646,1
5.1368,0.26796,1
-0.30774,0.95926,3
-0.67051,3.7121,1
2.806,0.49617,3
-1.2973,9.1647,3
1.7932,-2.4424,1
-1.8301,-3.5764,2
3.1945,5.7037,3
2.4719,0.42496,3
-0.897,-7.4602,1
-1.0932,-0.82183,3
1.4182,1.7106,1
4.3538,2.6111,3
2.7829,-3.4901,3
-4.2617,-1.9743,1
0.82481,0.97088,2
1.4685,2.2875,3
0.6411,-0.79793,1
0.9176,-0.24926,3
-0.45217,-2.1767,1
0.95655,-4.4845,1
-3.1419,-0.47618,1
-0.39146,-0.68343,1
-0.52986,0.20133,1
-3.4936,-3.3075,1
2.1042,1.593,3
1.6865,1.4096,2
2.4045,0.88321,1
0.52512,-1.3056,3
0.11603,0.81882,1
2.9913,3.7772,3
-2.7524,0.96983,2
-3.1852,2.352,3
3.3398,0.1133,3
0.40461,-0.38941,3
3.6787,0.77885,1
0.89003,-2.2953,1
-3.6033,-4.0551,1
-2.1906,-5.4777,1
-0.062891,-1.7274,3
-2.2821,-2.1106,1
-1.1564,1.9175,3
-0.4917,5.0968,1
-3.562,-1.6129,1
4.0447,1.1643,1
0.064077,0.51754,1
-1.4377,0.14427,3
-0.88542,-4.8043,1
-0.45982,2.0558,3
4.1922,1.9546,3
2.1139,-1.2789,3
-0.77531,-0.063326,1
-1.6829,-2.8868,1
0.28512,0.87458,3
1.2396,0.97348,3
-3.7542,0.13869,1
-3.5735,-2.7203,1
2.2007,4.7294,1
-0.031465,-1.8587,1
-1.1308,-1.8582,1
-0.37029,4.4492,1
1.9497,0.8679,3
-2.3153,1.5304,1
4.5261,-0.66924,3
-2.4494,0.71478,1
-1.8595,1.957,1
1.0346,1.2013,3
1.4782,-2.1092,3
-2.2736,-4.0499,1
-3.5914,-3.0971,2
4.6147,2.9737,3
1.0456,-1.7538,1
-2.2755,-2.9911,2
-2.6806,-0.85901,1
-0.4357,-2.0399,3
-2.195,-1.9092,1
1.7528,-0.20505,1
-2.0881,3.7951,1
-3.4673,1.8423,3
-4.3752,-1.1434,1
1.1788,-2.7988,1
3.3889,1.5555,3
-1.683,1.4868,3
-2.0428,-2.9735,1
1.2847,2.5909,3
-1.6362,-1.9933,1
-0.12974,-0.57967,1
1.0716,-1.7962,3
-2.6212,1.956,3
-4.0952,0.21749,1
-0.2978,-0.21918,3
-0.71684,0.1394,1
-3.2675,-5.9942,1
-0.95746,2.0082,1
0.54416,-1.9137,2
0.63239,-4.0808,1
-1.6666,-5.5823,3
5.841,0.97088,3
4.0503,-3.8091,3
-4.1565,-2.6177,1
0.76446,1.0312,2
0.52569,-0.87602,3
-0.54945,-1.2393,1
-0.22191,0.91564,1
1.5623,3.1706,1
-3.4903,1.1078,1
1.0975,0.22155,3
0.68881,1.8043,3
1.2951,1.1424,1
2.1375,-1.3536,3
3.9058,-4.4037,1
-0.81303,0.084889,1
0.49681,-4.5918,1
1.3928,0.60667,1
-0.82465,-2.0538,3
2.7287,1.5923,2
1.4314,3.2084,3
3.3298,-1.2084,3
-0.078195,-1.3578,3
-0.21629,-2.1637,1
-0.33461,3.198,3
-2.7754,-2.8305,1
0.93778,1.7277,1
0.29141,0.42009,1
-0.3526,2.1629,3
0.66079,0.6284,2
1.4367,1.6635,2
3.6112,0.91629,3
-1.6279,1.4882,1
-2.0712,-4.1546,1
-0.48013,2.2442,3
2.5789,-1.7101,1
-0.70834,0.92652,3
-0.30744,1.966,3
1.8851,0.28066,3
-0.40026,4.1358,3
-6.0132,-1.3754,1
-3.5108,-1.9429,1
-2.1538,3.0235,2
-1.8615,2.1256,1
0.63808,0.74651,3
2.4398,0.52249,3
0.64404,-0.56857,3
-0.32128,3.7552,3
-1.8666,-2.5343,1
1.0536,-0.010818,1
-3.9107,-1.1016,3
1.5678,3.2306,3
-0.028276,-2.4595,2
-0.5252,0.51369,3
0.27836,-0.57539,3
-0.6995,0.11191,3
-0.5103,1.5978,2
-1.0257,-2.2406,1
-1.4507,-1.366,1
-2.8332,-1.8425,1
-0.58341,0.79787,1
-1.5974,-0.95943,1
0.23723,0.39927,2
-0.071242,1.3433,3
3.7791,4.837,3
3.1245,0.56487,1
1.5954,0.61226,3
-2.8824,-0.422,1
0.79728,-4.3747,1
-1.0326,-1.179,1
-5.5259,-1.3224,1
1.3411,2.3862,1
-2.8472,4.7896,2
-6.5082,-5.9569,1
-1.265,-0.75754,1
0.28864,2.3162,3
0.0011149,2.3097,3
-4.3204,-1.0542,2
1.4064,1.0902,3
3.2345,2.8735,3
-1.4845,3.89,3
-0.89021,-2.1024,1
-1.441,2.4488,3
-1.7559,0.67469,3
0.63623,-1.5589,3
2.1308,-2.0472,3
0.81396,-1.607,1
1.0687,-1.6565,1
-0.49182,3.4965,3
2.602,1.9184,3
3.5624,3.8802,3
-4.3589,0.51853,1
0.19977,2.8929,3
1.9121,0.9332,1
-1.5718,-1.3695,1
1.1364,3.9641,3
1.6976,-5.1587,1
4.2008,2.189,3
0.40786,-1.4904,1
2.1678,1.4143,3
-2.5695,1.1315,1
-2.6483,0.059682,3
6.9889,3.2963,3
1.8221,-5.7665,3
-2.2838,-0.07202,1
0.56518,0.11582,3
1.6492,-2.9473,2
-2.3686,-1.6953,2
-2.1139,-0.056376,3
-2.1308,-0.73104,3
2.7999,0.58611,3
-2.5404,0.28081,1
-1.7486,-3.1996,1
-3.9195,-0.65834,1
3.9316,-0.44921,3
3.2214,1.0059,3
-0.81267,-1.8705,1
2.1454,2.8126,3
-2.0063,0.11245,1
-1.3812,-2.4807,1
0.27662,0.41293,3
0.76192,-1.6808,3
1.2961,2.2688,3
0.76588,0.29528,1
-0.11555,-0.78227,1
-2.7226,-0.01531,2
3.8405,-1.0121,1
3.8719,2.7431,3
-0.93909,2.4387,3
-1.3013,3.3977,1
1.4846,-3.2035,3
5.5172,-1.3919,3
1.4313,1.3325,3
-0.031333,-0.91855,1
2.0125,-1.7286,2
2.9408,2.5946,3
0.067978,-1.9215,3
2.437,2.919,2
-5.5435,-1.0212,1
-0.41656,0.31319,1
4.4125,4.0772,3
2.2589,5.4824,3
1.5839,7.4482,3
-1.5508,-1.078,1
3.2779,0.49256,3
1.5951,1.1722,1
0.63153,1.4712,3
0.13253,-1.3942,1
0.45526,-3.3785,1
1.529,3.9649,3
-2.2452,2.4441,2
0.21145,-4.9769,2
0.98679,0.27531,3
1.6436,5.9039,3
1.8222,-2.352,3
-0.91786,2.9956,3
-0.45813,-2.7673,1
6.3469,0.88816,3
0.38045,1.8986,1
1.0277,-1.8709,1
0.50234,-3.9655,1
-3.8956,-2.3182,1
2.8101,1.6951,3
-0.89361,-3.85,1
-2.6035,-1.5629,1
-0.35682,-1.2561,2
2.3828,-0.49946,1
-0.049823,-0.15764,1
-0.23567,-3.1087,1
-2.0002,3.3032,3
0.59016,2.7759,3
-4.9041,0.9615,1
-1.7779,1.7227,3
-1.7629,0.47812,1
4.8197,-2.2846,3
-0.75144,2.2713,3
1.8427,-0.080521,1
1.3787,-0.51171,3
-2.1475,1.2862,3
-0.61638,0.94591,1
-0.49857,1.4088,1
-1.9903,-3.2642,1
-2.3423,-2.2429,1
0.2542,-1.7771,2
4.119,-1.3394,3
-0.45024,-0.2969,2
0.48282,-2.1123,1
1.075,2.6717,3
4.0363,-1.65,3
-0.25148,-2.1611,1
-2.6589,1.1777,2
2.6858,-2.1998,1
-0.26832,1.7245,3
1.8001,1.848,3
-0.78051,0.44317,3
-3.2045,-3.2043,1
-1.4207,-1.669,1
1.7869,3.8477,2
0.0038561,-0.80017,1
1.6265,0.18854,1
0.89927,3.9857,3
-1.1547,-2.7714,1
-3.3536,-1.6349,1
-1.2681,-3.5024,2
-1.6584,-2.7937,1
0.28849,3.0053,3
4.1288,-2.4753,3
4.5267,5.3682,1
-0.93433,-4.1573,3
-0.091323,-0.53493,1
0.57527,-0.61854,3
0.63281,-3.3839,3
-0.99122,1.6817,1
0.16717,3.9408,3
1.7344,2.6808,1
-4.3221,-0.17215,1
-2.835,-1.9982,3
-1.1398,-2.0061,1
-0.71384,5.1108,3
-1.2866,2.9535,3
2.9819,-1.8386,1
-2.1426,-2.299,3
2.0843,-0.4207,3
1.1115,-0.66443,1
0.2315,-1.9818,3
2.3587,-4.3551,1
-0.39544,-0.88184,1
2.6882,-0.39033,1
-0.51323,1.0569,3
1.5988,4.1117,3
2.2476,-0.99528,1
3.9585,0.24203,3
-1.1273,4.9111,1
0.93618,-0.24435,3
1.5804,-4.1847,1
1.1726,-0.54711,1
2.1896,-6.3031,1
-1.3094,-5.3001,3
5.2209,1.9455,3
2.225,0.25781,1
-4.4328,1.6858,1
-1.7736,-0.9996,1
-1.3535,0.64557,1
-2.5959,0.04685,1
1.1885,0.89441,3
0.71997,-0.67367,3
0.83875,2.4056,3
3.7974,-1.9318,3
-0.97781,-4.4518,1
2.9286,0.83943,1
-2.4353,-0.4671,1
1.6114,-1.0018,1
1.3834,3.7064,2
-0.65084,-1.6164,2
-0.10466,1.6606,2
-1.6633,0.44947,1
-2.0867,-2.0008,1
-0.92481,-0.44401,1
0.63735,-2.2531,1
1.3897,-3.5418,1
-1.1328,-4.051,1
3.0443,2.6947,3
0.35677,-3.7594,1
3.5219,-0.77763,1
-0.75162,0.085668,1
1.2843,-3.4797,1
-5.9534,-3.5242,1
4.0939,1.7266,3
-3.6375,0.003509,1
-1.9699,-0.96468,1
2.9132,1.7666,3
-2.2066,-2.2414,1
1.3749,-1.2423,2
-1.9271,0.7705,3
1.6684,1.2735,3
0.52834,1.5445,3
1.4733,1.921,1
-3.5867,0.43015,1
-1.2463,-1.6976,1
0.28981,-0.25271,2
0.21839,-1.9372,2
1.4642,1.3512,3
-2.4318,-0.13627,1
1.2577,0.90286,3
-3.9383,-0.45508,1
-0.79546,1.9584,3
2.4551,6.6353,1
4.477,-1.0478,3
1.1808,0.47474,1
-1.5762,-0.25832,1
-0.51487,-2.1583,1
-0.76148,1.8962,3
-1.6779,6.0961,2
2.3241,-0.21548,3
0.72752,1.8278,3
0.067915,-1.2667,1
-0.21979,0.19203,2
-1.1268,-2.127,1
4.2793,1.5825,3
-2.6655,-3.4212,3
1.5865,0.034534,3
-0.60266,1.9724,3
1.5561,1.3253,3
-0.58853,-0.85766,1
-0.55222,1.3001,3
-0.69978,2.211,3
-1.4939,-0.11536,1
1.3598,2.0166,1
1.2816,-1.7718,1
-1.179,0.079692,2
-6.6129,-1.2098,1
-1.576,4.6153,1
-2.2102,-2.0786,3
-1.5343,0.25692,3
-1.4215,-4.607,1
0.98322,3.9896,3
-0.12196,2.8903,3
-2.8758,-4.9119,1
-1.416,-3.5807,3
0.84386,-1.0477,1
2.1277,2.0681,3
-0.045007,-1.2659,1
1.6256,-2.2902,3
-1.4931,-2.5684,1
1.1208,-1.1947,3
0.90059,0.1842,1
-0.42683,-2.3251,1
0.02213,3.9603,3
0.28167,-2.6138,3
1.7862,0.85092,3
1.0894,0.7637,3
2.4502,2.1423,3
-1.5163,3.2605,2
-0.35057,-3.6114,1
2.1096,0.67264,1
2.8424,1.8448,3
1.9589,-2.616,3
0.14228,2.7738,3
-1.5643,-5.172,1
-3.9881,-0.59391,1
-1.3414,-2.7441,1
-0.74727,1.6296,3
-2.0304,3.9738,2
-0.66852,-2.6133,1
0.95861,-1.3355,1
-2.9688,1.843,2
-2.6144,0.26844,1
1.5125,2.1571,1
0.67345,-1.6203,1
0.97711,3.3692,3
-2.8046,-1.8461,1
0.78343,1.3634,3
3.5548,4.4417,3
1.6076,-0.29794,1
-3.5663,-0.65805,1
-3.0287,-5.3527,1
0.87187,0.89739,1
2.3454,0.53477,3
2.4131,-0.1611,3
-0.33382,-0.52288,3
-1.7149,-3.7828,1
0.7872,2.342,3
-5.2735,-1.2042,3
1.0509,1.02,3
-2.7643,1.3791,1
0.19305,-3.0263,1
-1.4123,1.8059,1
4.4003,0.80009,1
2.9654,-2.243,3
-7.0916,-2.3488,1
-1.775,1.7666,1
1.9463,1.4628,3
1.3129,3.3784,3
-2.3373,-2.2526,1
-0.71802,0.66273,1
0.49765,-2.069,1
1.3569,0.90556,3
2.5538,0.39335,3
-2.7318,0.70913,3
1.7173,0.7469,3
1.0654,2.6349,3
1.1161,-0.62361,3
1.8393,2.0281,3
-0.49525,-0.16411,3
1.6444,-4.2293,1
-0.89687,-3.7666,1
0.19058,0.72528,2
1.5385,-0.24019,3
-2.5764,-0.97293,3
0.33246,1.9766,1
0.74819,2.231,3
1.3536,3.1339,1
-5.2128,-1.4801,1
2.2599,-1.5201,1
-4.1363,-2.1034,2
-0.57793,1.4041,1
-0.27974,-1.6524,1
1.9587,3.7297,1
0.32378,0.72768,3
-1.795,1.5962,3
-2.6309,-0.71389,3
1.7722,-1.1259,1
3.2976,2.0839,3
-0.46018,2.8929,3
-2.4031,2.1378,1
-0.062924,-1.9055,2
1.8869,4.309,3
1.0318,-1.6599,1
3.2257,-0.33038,3
-2.2008,-2.5438,1
-1.2601,-4.8191,1
-1.2211,-6.2247,1
-2.6874,-1.9344,1
0.84116,-0.81447,1
-0.054392,2.8139,1
3.1724,1.891,3
-3.4816,-1.7068,1
-2.657,-0.92282,3
-0.12203,-0.70576,3
2.6094,-1.2312,2
-1.5682,0.97414,1
-2.1685,1.6809,3
-0.85484,-3.5264,3
-3.1957,-4.8363,3
-3.6054,2.2657,1
-1.1989,2.5917,1
-3.5738,-1.3694,1
-0.68181,-3.2202,1
-2.4067,-2.896,1
-3.0625,3.3165,2
-4.2335,0.055382,1
-5.1024,-2.7907,1
0.61345,-1.2872,3
-0.68071,-3.8982,1
0.26642,-2.0309,3
1.0444,4.7058,1
1.6883,0.61416,1
4.2275,2.777,3
-0.67154,2.4847,1
0.64981,4.2173,3
-2.1466,-2.1837,1
-3.0489,-4.082,1
-0.48739,0.51637,1
-2.6616,0.83555,2
1.8927,1.4977,3
2.5944,2.5286,3
-2.3105,-0.64011,1
-1.2438,-2.6754,2
-3.571,-3.7353,3
1.0107,3.1137,2
-0.10114,3.1653,3
1.0741,1.819,3
-0.47137,-1.3432,3
-0.49666,0.82072,1
-0.46865,-1.0222,2
3.1711,2.023,3
0.88495,1.8801,3
-1.3855,-0.14678,3
2.055,-4.6474,2
2.0854,-1.0279,3
-5.5798,-0.20584,1
0.41671,1.1997,3
1.8819,2.6823,3
-0.73052,-2.2085,2
-0.60091,-5.3447,1
-1.1178,-1.1941,3
-0.76331,-2.9749,1
2.4498,1.8737,3
-5.1399,-0.3261,1
0.33124,0.32629,3
-0.84233,-2.3168,1
0.0094676,1.3808,3
-0.32688,2.1557,1
0.15845,1.5116,2
-6.7371,-2.4454,1
-0.38227,-2.4717,1
-4.4288,-1.5331,2
2.813,0.86231,1
6.0852,3.2334,3
4.8106,2.4448,3
0.59764,2.3514,1
0.27233,3.6059,3
-2.2465,-3.0073,1
-0.38712,5.4706,3
-1.6441,0.60021,3
3.7887,-0.86109,2
-0.10382,0.9457,2
2.5163,1.1491,3
-2.7428,2.0435,1
-0.023712,2.4719,1
-0.10998,0.14957,1
-1.4693,0.71737,3
0.66935,-0.37018,1
4.0798,1.3626,3
2.4952,1.1502,3
-1.4343,2.208,3
-3.8099,-2.0812,1
1.3874,-0.45057,3
3.5609,1.1714,3
-1.9011,-0.33439,1
-0.38274,0.95555,1
2.4183,3.3028,3
-4.0922,-4.1496,1
0.58803,-1.7346,2
1.1633,-3.4733,3
2.486,-0.6663,3
2.6286,-2.9603,1
0.70417,0.49777,1
1.8189,2.513,3
1.698,1.4219,3
-1.682,3.1322,3
5.9611,4.9666,3
3.5007,1.0382,1
-3.6968,0.29577,1
-1.2423,0.65883,1
2.9813,1.1796,3
-2.4189,-1.8727,1
-1.9818,3.4379,3
-0.50636,4.7894,3
-0.70757,1.0224,3
-2.27,1.2674,1
-1.7,-1.1992,1
-0.52446,-0.94864,2
2.6957,-1.6647,2
-1.4682,-1.2865,3
0.68235,-1.9195,1
0.019949,-1.5637,2
6.6279,1.9578,3
-2.6562,-5.9852,2
0.36506,0.34132,3
-0.64652,-0.25374,3
-2.6943,-0.75485,1
-0.12907,-0.57939,2
1.4971,-1.6921,1
-0.73615,-4.0877,1
0.36474,-0.70735,2
-1.422,-0.92927,1
4.5731,5.8134,3
3.1321,-0.75243,1
-1.3002,-0.96353,2
-0.25004,-4.5743,1
1.8624,0.8804,3
3.008,0.84035,3
-2.1986,2.6682,1
1.7566,1.3321,2
-2.969,0.54408,1
4.2444,-0.11895,3
0.76706,2.468,3
3.0804,2.651,2
-0.46044,-1.2269,1
1.4117,1.4486,1
2.4432,-1.6293,3
0.70633,-2.4898,1
2.027,1.6977,2
1.3965,2.5888,3
3.8586,2.2431,1
0.040222,-1.8771,1
-0.2586,2.6762,1
5.709,0.25131,3
4.1595,3.1882,1
-0.88666,-2.0982,1
-5.9611,0.84018,1
0.028975,-1.0084,3
1.3051,-0.2208,1
1.1968,-0.95633,3
1.3765,-0.57475,3
-2.618,-3.5116,1
-3.5846,1.9436,1
-1.0751,2.9662,1
1.3744,-0.15037,3
