9.4199,8.5267,3
5.0895,2.946,3
-4.7248,-5.4372,1
6.0898,5.7286,3
6.0829,5.7184,3
-0.85589,4.857,3
-0.77922,0.97025,2
1.1044,4.3952,3
4.898,6.9386,3
-2.4159,-0.29156,2
3.1498,10.248,3
9.2233,4.1603,3
4.8325,7.6456,3
-4.3553,-9.5254,1
9.4364,6.7264,3
-4.8929,-6.3712,1
2.9429,6.724,3
7.5406,1.3482,3
1.0845,2.7899,3
4.7846,5.0465,3
3.351,3.9108,3
-0.12049,-0.74615,2
6.8603,5.8094,3
5.6813,6.8486,3
2.6633,5.694,3
8.2228,2.3787,3
3.5072,6.9874,3
-0.40503,-0.39595,2
6.4239,4.7973,3
2.9569,-1.0301,2
-5.2406,-8.811,1
7.7202,0.86328,3
0.23637,3.1544,2
4.7664,4.4299,3
5.5598,0.57243,3
4.5076,2.2762,3
4.6988,2.7008,2
7.315,3.9064,3
2.6744,2.9319,3
6.4004,5.4516,3
6.8002,4.3884,3
8.0786,5.5412,3
2.8371,2.6014,3
2.1837,2.2393,3
2.8062,2.3732,3
4.5347,8.7376,3
3.3613,4.1609,3
6.3226,1.7418,3
3.1384,1.8505,3
6.5939,5.4691,3
5.8303,6.3453,3
5.1606,5.5237,3
6.151,8.1121,3
5.131,4.1774,3
-3.4292,-2.3975,2
4.3829,-1.2755,2
3.1004,1.6971,3
1.7525,1.2431,3
9.8243,4.0771,3
6.1504,4.4539,3
9.19,6.568,3
5.9415,6.8357,3
7.3864,8.1041,3
4.0619,4.1784,3
5.7629,5.1105,3
-4.3223,0.13445,1
0.13746,0.88166,2
5.7559,3.1911,3
1.6225,5.1605,3
4.3145,4.8351,3
3.8922,1.2058,2
5.7582,4.6611,3
-0.28221,4.3625,3
4.1537,4.0014,3
2.1558,5.932,3
4.8674,1.6457,3
-5.9909,-6.0659,1
4.6567,4.4311,3
4.4237,6.2729,3
4.9578,3.7113,3
2.8793,1.0459,2
7.0362,5.1177,3
-0.70796,2.7173,3
10.821,2.6998,3
10.983,3.6589,3
5.1939,5.5714,3
3.9595,5.6923,3
6.5634,7.1868,3
5.5199,5.435,3
-0.64727,-1.6791,2
3.6317,3.7831,3
6.046,6.8236,3
7.2943,4.3884,3
7.3232,8.3886,3
3.6642,4.5798,3
-0.22992,-0.97896,2
5.4344,4.1517,3
7.3433,4.1305,3
2.4064,1.5199,2
0.0093868,-2.2085,2
7.9811,5.2217,3
4.3501,3.2797,3
4.1273,-1.9229,3
4.9281,5.4799,3
-4.3478,-8.1507,1
4.9651,5.2836,3
4.4347,8.9102,3
6.8213,5.9457,3
4.6681,4.9523,3
6.1577,5.075,3
2.1688,7.6219,3
0.44259,1.1993,1
2.4326,7.4427,3
5.5782,2.6758,3
3.0783,8.193,3
3.4907,2.0846,3
6.9524,10.09,3
4.772,9.7244,3
3.9514,2.9416,3
3.4548,6.9321,3
3.9567,7.0526,3
3.3958,5.2706,3
5.4672,3.2031,3
4.6885,3.0488,3
4.3603,8.129,3
3.8102,3.2689,3
6.011,2.6184,3
4.012,3.6998,3
0.46041,4.309,3
4.7507,6.931,3
5.8161,5.4112,3
5.7185,4.7038,3
-6.5908,-5.4902,1
-0.015095,6.067,3
5.446,4.1378,3
-2.5897,-2.1569,1
0.42096,-1.7806,2
9.3857,8.1065,3
2.4471,3.2548,2
8.0088,7.0426,3
5.4504,3.8431,3
7.2329,10.507,3
9.9985,7.6118,3
2.6899,2.9586,2
8.4885,3.3315,3
2.8902,-4.6341,2
4.8197,6.9464,3
9.5371,9.6076,3
6.1576,9.2638,3
-5.3149,-3.8251,1
6.3865,5.7035,3
5.7542,4.0545,3
8.4227,5.8644,3
5.4493,3.4027,3
8.7786,8.0218,3
2.2684,5.2253,3
0.37895,1.0184,2
1.6566,5.1701,3
9.3445,5.4018,3
4.1734,4.591,3
2.0195,3.2277,3
-8.4146,-3.8612,1
4.7604,3.1695,3
6.5282,6.567,3
5.768,3.3688,3
3.4317,6.8703,3
1.9103,7.0609,3
3.7365,4.6878,3
6.3192,7.2395,3
5.3933,5.5502,3
9.9303,5.6257,3
3.0555,2.2602,3
5.3035,5.3021,3
4.0867,9.4762,3
8.3207,4.389,3
-4.4059,-5.0747,1
5.5674,3.7361,3
1.0902,-0.94957,3
6.453,7.7246,3
-4.3541,-0.062297,2
-7.3349,-3.2146,1
2.9886,5.0886,3
-4.4474,-4.2087,1
9.3823,7.9543,3
5.0282,3.7259,3
1.0036,6.5967,3
5.6563,7.5689,3
4.9802,5.2507,3
6.8009,7.0129,3
4.5384,7.579,3
7.8401,5.6092,3
2.5338,7.8696,3
3.9457,2.5447,3
4.1651,2.8717,3
4.9589,6.4365,3
8.747,-0.020493,3
6.5345,8.2701,3
5.4691,3.584,3
3.47,1.1236,3
0.88103,-5.7312,2
6.0237,3.6009,3
9.1146,7.1159,3
5.7848,3.9871,3
1.1459,5.3224,3
4.3459,3.9896,3
4.2258,2.6925,3
2.9763,2.0097,2
2.5384,2.3792,3
9.8755,4.0635,3
6.4078,8.2865,3
5.9877,5.793,3
9.4935,2.8788,3
4.9292,4.2058,3
5.8498,3.5288,3
6.62,4.5336,3
2.5905,5.9708,3
-1.5329,6.1083,3
-7.1349,-5.7707,1
4.6923,1.2579,3
3.3895,6.9298,3
7.5244,8.6784,3
1.3328,0.63576,2
1.8345,0.14973,2
2.8912,4.9301,3
2.9264,3.8699,3
3.635,4.2986,3
3.5179,4.7852,3
5.6793,3.1526,3
4.1817,5.662,3
8.0703,10.484,3
5.4406,7.5827,3
3.9039,2.1364,3
4.1192,9.213,3
9.3205,5.3604,3
7.1623,5.7288,3
8.0155,6.5725,3
6.3256,4.1181,3
2.9732,5.4832,3
5.4044,6.0492,3
1.7057,10.577,3
6.2899,5.8462,3
0.6391,0.12019,2
-0.69246,1.5589,2
0.69671,0.84657,3
-3.182,-6.149,1
0.73446,3.4886,3
3.8877,-1.1125,2
3.0677,5.5195,3
8.0077,5.8411,3
6.5413,8.6623,3
4.1275,5.1128,3
5.4297,4.2264,3
2.7076,5.0298,3
4.1303,4.1199,2
7.9416,5.0408,3
3.1948,8.0366,3
6.2064,6.9837,3
8.5434,5.9381,3
0.52209,4.9715,3
6.9181,5.0783,3
3.6052,6.5669,3
8.0417,8.3028,3
2.2893,2.5333,3
6.6364,4.4597,3
2.5622,6.1766,3
6.297,10.701,3
6.3268,4.6119,3
0.79691,3.5245,2
9.0419,1.4181,3
5.9107,1.6577,3
5.4319,4.0306,3
3.5509,1.9958,3
3.6441,4.5608,3
-6.8783,-3.3877,1
5.1862,2.0989,3
2.4808,6.9036,3
-2.5711,1.1813,2
0.90847,-0.31224,2
5.7341,8.4455,3
4.6768,8.5521,3
6.6095,4.4507,3
-0.74952,3.8612,3
5.3507,11.222,3
4.492,5.2779,3
4.1473,3.8369,3
5.0842,3.4698,3
4.7874,6.221,3
4.2415,4.8726,3
-4.8676,-7.1067,1
6.4132,3.6285,3
-3.6032,-1.2217,2
3.4768,7.9861,3
5.5603,2.6251,3
6.6791,5.2642,3
4.7171,2.5727,3
-0.85488,3.2455,2
3.5932,4.7825,3
-7.6596,-7.0468,1
4.293,2.4747,3
6.8686,8.4207,3
2.949,1.3194,3
7.4142,6.9212,3
2.0521,-0.81694,3
3.9651,6.3892,3
2.5702,0.82841,3
4.1556,3.888,3
4.6602,6.8758,3
5.7058,3.1602,3
3.2046,3.793,3
-5.5486,-6.3122,1
4.2789,4.0392,3
8.0456,3.1584,3
0.052723,-4.1655,2
3.3177,3.5546,3
1.8555,2.8061,2
8.9727,1.8361,3
9.5024,10.089,3
6.3564,5.7299,3
6.8945,5.1642,3
1.9377,4.4978,3
8.6372,6.49,3
9.1675,7.2449,3
9.9717,5.2198,3
-2.2504,-3.3935,2
3.0064,4.3169,3
3.9826,4.2087,3
7.2091,4.1414,3
8.5337,2.3074,3
5.9319,8.1758,3
4.8286,5.5361,3
-3.9177,-6.5026,1
7.4503,5.5183,3
-1.3407,-0.83789,2
-2.2436,-0.81176,2
1.8775,3.5963,3
4.018,6.7792,3
4.9666,6.5608,3
5.807,4.2782,3
3.6555,4.7195,3
4.6102,5.9807,3
3.8944,1.6333,3
0.21646,0.1355,2
5.3065,4.3821,3
5.6186,7.2534,3
4.5055,3.6382,3
-3.976,-5.6394,1
5.6572,6.3762,3
-2.5443,-2.9278,2
9.2126,4.6624,3
1.7295,-0.64106,2
5.0438,4.7516,3
7.1692,3.8166,3
4.8954,5.2046,3
3.6741,5.4971,3
5.4596,7.1373,3
2.0272,4.6227,3
7.8746,6.8717,3
2.548,8.6824,3
-3.0359,-2.65,1
2.3016,3.8813,3
4.429,3.4044,3
5.7693,6.6158,3
4.4462,7.3749,3
-2.786,-6.9572,1
8.6956,7.1731,3
-0.73822,3.0173,2
-9.7189,-7.5411,1
3.7354,4.6872,3
2.1591,6.6036,3
1.9437,0.081617,2
6.1174,6.9232,3
-6.9344,-3.0513,1
3.2835,7.1929,3
3.0792,5.0956,3
6.8014,4.1225,3
5.9408,4.2629,3
8.5984,6.9415,3
5.776,2.8944,3
5.5228,4.9975,3
5.817,1.804,3
0.86858,-0.53812,2
-7.1176,-7.8465,1
4.3157,4.7083,3
7.4301,3.9132,3
1.344,4.9224,3
5.9305,3.8088,3
1.7986,6.8541,3
6.9972,5.2567,3
4.3323,7.138,3
5.5158,7.005,3
2.8979,5.4887,3
5.1479,7.5392,3
6.4018,3.3782,3
6.1425,5.7839,3
0.11921,-6.7551,1
4.7148,4.8153,3
6.2187,7.819,3
8.5371,7.6634,3
3.077,5.3249,3
5.0826,6.9356,3
5.742,7.9298,3
-0.17475,4.0583,3
4.704,6.1681,3
1.2657,1.4113,2
4.1733,3.8281,3
8.4411,11.581,3
5.4538,5.8992,3
-5.3015,-2.6774,1
2.9737,2.7774,3
4.7447,5.0229,3
5.1741,5.8701,3
7.1275,5.7963,3
6.2736,5.8814,3
2.3933,4.7581,3
5.6307,6.7014,3
5.2707,6.6938,3
7.164,3.7537,3
1.7859,5.243,3
7.1342,10.199,3
-1.4706,2.5753,2
1.0925,3.9511,3
0.75115,-0.2621,2
2.4088,5.0938,3
2.01,-1.5778,2
3.8262,4.9326,3
6.5209,6.7717,3
4.9369,6.1487,3
6.2265,5.5198,3
1.408,6.2536,3
3.3041,4.2344,3
-1.563,-0.37635,2
5.9432,7.1949,3
5.175,3.2286,3
2.0126,1.7842,3
5.6909,11.29,3
7.596,3.5308,3
1.0368,7.8362,3
7.1106,2.602,3
2.5769,0.27373,2
0.41904,0.2075,2
4.9054,7.8979,3
4.0044,9.9105,3
5.8544,5.0986,3
3.1415,4.8283,3
4.5519,4.3594,3
8.1024,-0.2568,3
8.4048,4.4201,3
0.50409,-0.84261,2
-6.1148,-4.981,1
1.2691,-1.1054,2
3.0103,7.0402,3
5.6223,2.207,3
-0.78018,-2.1011,2
6.5179,2.548,3
-1.3902,1.7397,2
5.8362,5.6406,3
7.2669,7.7878,3
7.475,8.6137,3
4.5736,2.148,3
-0.5962,3.1417,2
1.8991,2.2945,3
-8.1951,-6.9317,1
6.5055,6.0234,3
4.7032,5.9766,3
5.4862,8.0581,3
3.1033,6.2657,3
6.3733,2.8691,3
5.6379,3.8363,3
9.6985,3.2671,3
6.0612,5.5542,3
5.9386,3.3682,3
1.3987,4.1819,3
4.5512,4.8834,3
5.2206,5.3953,3
2.8804,9.3966,3
-2.8102,-5.8705,1
0.63891,0.72199,2
4.2464,0.80117,3
6.6713,10.012,3
8.4861,5.3443,3
3.185,-1.3436,3
3.1298,4.6561,3
6.6324,6.7224,3
-8.9948,-5.3067,1
8.3403,8.0121,3
4.0943,5.6858,3
8.807,5.4572,3
5.4916,6.6594,3
3.7403,5.3383,3
4.5733,3.5335,3
8.2433,6.3452,3
3.0112,6.8122,3
5.8002,5.116,3
2.8896,8.647,3
5.4868,5.5497,3
-1.0416,1.0958,2
1.1779,3.3938,2
6.5084,6.612,3
4.3722,3.5837,3
9.193,4.8036,3
6.022,6.0148,3
5.4942,3.048,3
0.33844,7.0879,3
4.0778,5.6982,3
6.7856,8.474,3
3.8083,6.2306,3
0.75076,0.80022,2
1.4885,-0.64978,3
8.2379,7.0572,3
1.8185,3.8737,3
1.8672,7.6384,3
2.0909,4.1929,3
7.2733,5.2718,3
4.2336,3.4279,2
-0.22039,-3.586,2
1.9274,3.7819,3
2.6725,-0.27357,3
3.289,3.3929,3
1.6464,5.3722,3
-7.3088,-2.9662,1
5.9406,4.3145,3
3.7457,-0.087563,3
5.9861,4.1612,3
4.0371,5.1847,3
3.6712,3.0336,3
5.0185,5.342,3
6.2211,4.2948,3
8.59,4.4592,3
4.3961,3.3805,3
4.4061,5.7196,3
4.5674,6.0579,3
3.3057,5.9744,3
2.5078,3.011,2
2.3944,5.0481,3
1.3483,1.4312,3
4.0043,7.4416,3
3.2895,6.5304,3
4.9235,3.0133,3
4.5039,4.6799,3
4.4468,2.6689,3
4.8365,4.0534,3
4.1029,7.4989,3
7.2532,3.3174,3
1.8274,6.8928,3
-5.6276,-7.1369,1
-7.6498,-4.321,1
3.9436,5.0837,3
4.4515,7.7831,3
5.9511,4.3854,3
6.4946,5.8989,3
-1.7112,-3.729,2
5.1656,3.8361,3
2.7769,3.3926,3
4.08,5.9067,3
3.2776,4.8971,3
1.3605,-0.34608,2
3.6173,3.2274,3
1.0085,-0.89164,2
7.3158,-2.2884,3
3.6836,7.9973,3
2.2023,4.4595,3
2.8119,8.9595,3
7.8607,9.9051,3
1.6123,6.3251,3
3.1119,6.9082,3
3.5635,6.2078,3
2.645,3.5569,3
4.2444,5.6255,3
6.0547,2.9453,3
5.2814,7.2623,3
2.3449,7.3909,3
2.8663,3.4317,3
5.8127,4.5965,3
5.1072,8.8863,3
2.4266,6.0018,3
7.8965,6.5195,3
3.2459,8.0085,3
7.7635,3.1201,3
8.5201,4.5265,3
1.8456,3.1157,3
5.8866,7.2089,3
6.0804,0.8328,3
6.747,5.1576,3
1.6159,2.9219,3
7.0626,7.3911,3
-0.56471,-1.8825,2
5.2133,6.0046,3
5.4421,0.56595,3
4.8598,5.3653,3
-3.3258,-6.2286,1
5.9821,5.0288,3
7.6111,4.6208,3
4.0641,3.3305,3
2.4062,6.4401,3
4.7658,8.3883,3
2.9759,-0.32758,2
6.3559,7.188,3
2.3508,4.1533,3
1.6213,-2.1036,2
7.2697,2.4949,3
1.3065,2.5677,3
-4.5487,-2.5765,1
5.2019,3.2763,3
6.8775,4.2014,3
4.2975,4.062,3
2.4815,2.3235,3
3.1191,5.0489,3
9.242,1.3999,3
4.3519,2.7755,3
6.6594,3.9583,3
1.5087,5.6141,3
6.4746,4.9199,3
2.2915,1.6866,3
3.8718,5.9495,3
-2.9611,-5.0567,1
6.2756,1.9399,3
4.3622,0.78956,2
3.1026,3.7898,3
2.3624,2.2729,2
0.49806,7.8627,3
7.0058,6.2258,3
-4.0448,-1.8143,1
1.4129,1.5163,2
5.4927,2.5601,3
3.3203,5.5085,3
0.63925,6.5741,3
3.3377,4.6015,3
6.3446,6.6318,3
7.4183,9.0302,3
3.3037,2.7029,3
6.7699,10.599,3
5.6715,3.1866,3
5.5244,5.9328,3
5.4045,5.2183,3
-3.4955,0.42153,2
3.8328,6.1874,3
-0.37537,-0.20988,2
1.6026,1.8678,3
2.6309,5.1436,3
3.168,0.11507,3
9.102,4.3562,3
7.833,8.767,3
4.4094,1.3917,3
6.7331,6.4214,3
5.1061,4.3246,3
7.7733,7.2739,3
3.9799,11.111,3
4.0386,1.9082,2
2.9619,9.1445,3
2.1564,3.1067,3
6.1233,7.1631,3
4.2208,2.0345,3
7.5557,5.9073,3
3.324,7.1062,3
1.202,5.4536,3
5.358,4.9311,3
3.6185,0.82898,2
6.7075,5.4038,3
-1.2213,0.41859,2
-0.54757,-1.2943,2
4.7685,3.0235,3
-8.778,-9.1725,1
-1.982,3.111,2
0.70189,4.2922,3
7.4006,4.6961,3
3.7096,0.42219,3
3.2131,2.4529,3
-5.5187,-7.1468,1
-4.2049,-0.70121,1
7.797,5.4005,3
4.853,5.2646,3
8.1105,3.0991,3
3.0018,3.3971,3
-4.3039,-2.9628,1
6.8751,1.6429,3
8.6606,6.9259,3
4.6887,5.4188,3
4.8766,5.2178,3
4.4355,1.2021,3
7.0758,4.1082,3
4.4539,3.6543,3
-1.1323,0.60406,2
6.2511,2.3865,3
-1.9651,-2.5102,2
4.9691,4.1574,3
3.4639,4.8852,3
5.3225,3.606,3
5.8102,3.2153,3
3.1266,4.1595,3
4.9487,4.9218,3
7.089,9.3847,3
-0.080546,-1.0423,2
9.8505,8.6994,3
4.943,6.3187,3
5.793,4.3081,3
2.9829,5.3455,3
3.6206,3.8873,2
4.7713,6.6956,3
3.7808,4.0254,3
4.4998,3.2736,3
5.4905,5.436,3
1.6128,-2.4896,2
8.1231,2.4624,3
-5.4953,-5.4642,1
0.85969,1.4492,3
-4.7484,-4.0127,1
-4.4081,-6.4431,1
6.6594,5.5995,3
4.9896,3.8485,3
-6.6953,-6.6263,1
1.6278,2.5949,3
4.9984,5.8698,3
6.3845,4.5774,3
2.7817,2.6277,3
7.7308,4.6969,3
6.4541,4.7641,3
3.7045,4.7684,3
2.6649,4.4499,3
7.2464,12.773,3
5.1935,5.8353,3
4.0281,2.2585,3
7.0097,6.1849,3
6.0352,6.5681,3
3.0124,7.4132,3
4.0701,5.018,3
0.76594,-1.0894,2
7.9245,5.9426,3
3.8965,7.7049,3
6.4108,3.9027,3
5.3969,5.8092,3
-0.15866,5.8245,3
2.8997,2.0904,3
6.8142,4.7165,3
6.7762,7.2823,3
-0.93382,0.64771,2
4.8773,6.2298,3
5.5718,3.8821,3
7.6241,7.9269,3
3.619,7.5996,3
9.8333,6.9824,3
8.8855,6.7574,3
3.6724,1.5987,3
8.0355,9.1972,3
6.0256,5.0777,3
9.7254,6.3637,3
5.1563,5.6963,3
5.104,6.3509,3
5.6432,5.8996,3
5.0511,2.0012,3
5.0366,6.9806,3
1.2901,2.7662,3
4.1938,6.8044,3
1.289,0.196,2
6.4073,8.5377,3
5.2162,5.8313,3
3.4807,6.0638,3
-0.028107,0.87494,2
4.7917,3.9946,3
1.8614,3.3559,3
4.921,4.2818,3
3.8798,6.2897,3
4.5961,8.9644,3
1.4016,1.5781,3
2.1409,7.0444,3
5.0352,7.3811,3
7.3627,7.401,3
-1.0372,-6.2902,1
5.168,12.7,3
4.5221,3.6919,3
4.3479,5.454,3
6.9911,9.3302,3
3.1826,6.0092,3
6.6486,5.2748,3
1.9754,6.8943,3
3.2126,2.5107,3
6.8492,0.51676,3
2.8648,2.6685,3
3.2413,1.7409,3
5.2234,3.4111,3
2.2351,6.026,3
-7.1591,-7.3379,1
2.8969,2.3909,3
6.2671,5.8867,3
2.3843,-0.42971,3
8.3897,4.5481,3
2.566,2.9427,3
1.958,1.6142,3
4.4636,3.4978,3
5.9764,5.3326,3
3.8581,4.9224,3
6.6769,5.9536,3
5.4528,3.7465,3
6.2479,4.9045,3
4.0686,3.7777,3
1.6896,6.1935,3
2.3145,5.7353,3
-0.66682,0.49714,3
1.0211,3.5337,3
1.3048,1.0977,2
6.6418,9.5205,3
2.1625,2.3429,3
7.3666,5.7452,3
6.7615,8.2925,3
8.3812,4.8033,3
-1.3826,-1.7766,1
1.5954,-3.7807,2
-1.2418,-0.88293,2
2.1636,5.2899,3
3.5868,0.15693,3
2.6176,4.7169,3
4.7453,4.0856,3
2.9005,9.9701,3
-0.34991,1.4843,3
0.67834,-3.4422,2
7.6782,8.1995,3
2.2032,3.2606,3
5.677,6.4257,3
4.6092,4.8704,3
3.0205,6.4254,3
3.3409,4.7743,3
6.5091,6.7529,3
5.7482,3.1907,3
4.4867,4.2788,3
3.8385,3.9597,3
5.9891,3.3538,3
5.4721,8.0672,3
5.4333,3.2435,3
4.0347,3.6496,3
4.5427,4.4097,3
7.3355,8.7106,3
3.2841,8.1795,3
6.3996,6.0674,3
6.2678,7.1146,3
6.9159,2.57,3
6.7315,5.2067,3
3.4853,4.9205,3
8.4628,8.9432,3
6.5377,7.9588,3
7.9224,2.8559,3
5.8278,5.3086,3
0.42318,6.036,3
0.68338,3.7666,3
10.04,4.782,3
3.1997,5.9261,3
3.7094,3.3803,3
7.0755,4.9457,3
3.4038,7.6168,3
7.4388,6.408,3
-5.2637,-4.1382,2
0.76105,4.5997,3
2.5899,5.413,3
5.9446,6.6915,3
2.1577,5.1975,3
10.081,5.5778,3
0.58544,4.136,3
3.8361,7.4522,3
5.169,4.4558,3
6.0094,1.8279,3
3.1872,2.4718,3
5.2293,5.8683,3
3.6755,4.7494,3
3.3359,6.1938,3
1.3837,-0.73294,2
4.9825,6.6625,3
3.5049,5.354,3
6.626,2.1593,3
3.0362,-1.2065,2
9.7439,4.1727,3
3.4573,3.0525,3
4.9326,2.2779,3
3.733,1.5359,3
4.202,3.7119,3
3.6606,2.0797,3
5.8119,7.2045,3
0.42782,2.2566,3
8.8653,4.9242,3
3.0067,2.8349,3
5.1727,4.2139,3
5.9345,6.5428,3
2.6177,3.1521,3
5.4298,7.3931,3
2.1484,6.7756,3
1.9943,5.4608,3
-0.27596,5.5225,3
6.7781,6.1087,3
6.3532,0.64273,3
2.2161,3.6265,3
-3.3476,0.59823,2
5.2559,2.1565,3
3.7282,1.0098,3
0.37079,-2.8819,2
3.7812,5.6698,3
5.9207,11.256,3
3.3914,4.2238,3
-1.584,2.8795,2
9.2863,2.4768,3
-1.7948,0.27393,2
6.0282,8.1134,3
-5.6824,-2.8042,1
3.6924,4.1952,3
7.5779,6.38,3
-3.3337,1.8683,2
6.3636,6.7995,3
6.7577,6.6196,3
4.9214,7.0547,3
6.8407,5.282,3
2.2702,0.57637,3
6.3227,5.4549,3
-2.1741,-5.3737,1
5.3554,6.2334,3
3.5899,2.8294,3
-5.6305,-4.3893,1
5.9557,6.6881,3
-0.94141,1.8248,2
5.5117,1.7849,2
3.9316,-0.78986,2
4.2771,4.8973,3
5.0302,1.4132,3
1.3437,0.11844,2
-3.1162,-6.1302,1
9.4264,8.3592,3
9.0319,8.0185,3
7.8167,7.7008,3
1.6661,6.4626,3
-0.90845,-2.5152,2
5.6939,4.37,3
-0.79523,3.4622,3
6.0848,2.8429,3
9.5095,3.1004,3
3.5287,1.2943,3
3.0901,3.9893,3
5.8464,6.3946,3
0.71715,1.9933,2
0.20682,6.635,3
-7.8089,-8.3959,1
1.7878,8.3041,3
6.7535,8.604,3
4.284,7.4371,3
7.9567,10.636,3
4.2486,6.0956,3
-0.18704,3.1138,2
7.9214,6.1855,3
5.6917,2.7206,3
-3.387,-6.0731,1
6.2636,5.7557,3
5.4973,7.206,3
-1.8244,2.4467,2
7.3131,9.1786,3
4.496,8.085,3
4.8212,8.5153,3
4.139,2.7662,3
5.4723,5.287,3
6.947,6.6503,3
2.2146,2.5215,3
6.5822,4.6052,3
3.0395,4.407,3
7.0556,6.1355,3
3.5434,6.0765,3
-1.3815,-4.3428,2
4.2999,7.3261,3
2.252,4.8495,3
3.8948,3.9448,3
-0.7304,1.4722,2
6.8187,6.4626,3
3.2583,9.6827,3
1.3231,2.7701,2
3.9029,3.1573,3
4.9729,5.8501,3
5.1888,7.1287,3
2.9914,4.1241,3
3.303,6.55,3
0.9713,3.4676,3
5.0539,5.5229,3
5.4012,4.6262,3
-2.3843,-4.4106,1
3.7866,5.0492,3
1.9239,2.8307,3
5.4013,8.3538,3
3.687,3.7885,3
6.6339,6.7961,3
5.1164,7.4692,3
5.3434,2.4363,3
3.2059,-5.355,2
-0.38058,4.4377,3
-7.6189,-3.3542,1
-3.6191,-7.7504,1
1.1728,1.1781,2
0.30662,-3.5426,2
2.0721,4.0365,3
1.9515,2.9236,3
-1.2742,0.35617,2
6.6393,6.2744,3
8.122,7.2342,3
4.3172,4.9316,3
5.1054,6.4988,3
-0.081416,-3.5939,2
2.4937,2.0566,3
2.1307,3.85,3
2.4464,3.005,3
4.928,4.9438,3
0.30183,4.3494,3
6.1087,6.2992,3
2.5218,1.4107,3
7.1831,10.56,3
4.5366,4.8409,3
8.11,4.742,3
2.3674,4.0359,3
5.102,9.1063,3
1.7399,3.8942,2
6.0172,7.238,3
4.6948,5.3924,3
9.0401,6.906,3
6.0152,4.7876,3
0.4282,1.6876,2
9.1373,8.1412,3
7.4842,5.5126,3
1.4713,3.2833,3
0.26955,5.5268,3
2.4879,0.14391,2
3.6837,2.8138,3
5.5905,4.0984,3
-2.2832,-0.21209,2
-0.22756,-2.0926,2
3.3195,10.215,3
1.7057,7.8853,3
2.3755,1.1383,2
3.8531,4.8961,3
1.0069,4.6045,3
6.3018,4.2396,3
6.8429,8.2593,3
3.879,9.2832,3
2.3997,2.5897,3
3.734,6.0606,3
7.1157,3.1339,3
4.5732,10.388,3
6.7326,2.3159,3
4.4766,5.9281,3
6.4268,3.0218,3
2.8688,3.5124,3
1.222,2.474,2
4.7019,3.486,3
6.2787,1.2675,3
6.693,7.2586,3
5.7632,7.422,3
7.2387,5.1293,3
5.8983,9.8218,3
4.8974,3.6982,3
1.1706,3.0321,3
2.6766,7.8759,3
8.5039,4.4464,3
3.4242,-3.0125,2
3.0048,3.607,3
4.4084,5.6523,3
2.6881,3.1718,3
6.4204,4.7648,3
6.8154,6.9456,3
-7.862,-0.24422,1
5.8919,5.7234,3
6.6558,5.6481,3
0.84789,4.5654,3
6.4384,3.2307,3
6.2339,4.7628,3
3.4353,6.352,3
0.13426,1.7895,3
5.9135,4.2494,3
5.8656,5.0442,3
6.5456,5.9271,3
6.4939,3.0899,3
3.4066,0.93023,3
2.6983,1.4964,3
-3.6021,-4.108,1
2.1148,9.6336,3
1.3341,7.0387,3
8.3652,4.2339,3
-2.4673,-5.1484,1
0.89392,6.8588,3
6.6882,5.8977,3
2.9201,4.428,3
7.1456,6.7748,3
5.385,3.5844,3
6.4686,5.6115,3
7.0629,6.0857,3
-4.9084,-5.6893,1
5.9678,5.2287,3
5.9461,3.8254,3
1.187,-0.40959,2
2.9476,5.1902,3
3.3447,2.0831,3
4.0075,7.3021,3
7.5063,7.2526,3
1.6082,4.6253,3
6.6161,6.8346,3
5.7382,7.3545,3
6.2092,5.4325,3
4.9018,6.7061,3
3.7398,2.7422,3
5.2601,4.0021,3
6.5055,5.9956,3
5.3983,6.6136,3
3.0972,0.12705,3
7.3062,4.8509,3
6.9292,4.8157,3
5.0805,5.2831,3
5.6144,2.0894,2
9.0728,3.4546,3
4.3744,5.6473,3
7.7467,1.9049,3
3.0988,5.5885,3
6.3479,2.4511,3
5.7104,1.7813,3
3.8185,0.753,2
3.7346,4.7594,3
3.4371,2.8678,3
6.71,2.2406,3
2.8545,1.7383,3
2.7864,5.977,3
6.5845,8.8706,3
9.6736,2.8318,3
4.3167,3.6623,3
6.7713,5.6656,3
4.855,5.9629,3
7.1556,6.1534,3
4.5283,4.0583,3
5.7366,4.3755,3
2.5599,1.7998,3
1.4553,0.55292,2
8.2365,5.1477,3
3.1148,1.7263,3
3.4014,6.9338,3
0.67787,2.4561,3
5.7221,3.1609,3
-1.5822,0.21398,2
10.353,7.4471,3
4.1731,2.9269,3
5.9097,4.0298,3
1.7694,2.6475,2
8.8074,5.5152,3
2.2165,6.4578,3
9.3028,4.8925,3
11.192,6.5366,3
8.3956,6.2634,3
7.5745,4.2051,3
9.8506,3.9169,3
6.4796,9.9478,3
4.0773,2.9642,3
3.8778,2.9046,3
3.081,3.1939,3
5.7437,5.9491,3
2.4154,4.6766,3
6.9327,4.3426,3
6.1345,7.5002,3
4.9347,5.1431,3
7.7691,10.299,3
4.6645,9.2454,3
6.2281,2.623,3
-0.54008,-4.9573,2
6.4114,8.2227,3
4.8821,3.8447,3
-1.7805,2.8532,2
4.9284,4.29,3
-4.3224,-5.8342,1
-2.4181,1.1021,3
7.8316,8.6004,3
4.5112,2.9511,3
3.0933,5.4118,3
6.3215,8.1073,3
1.3297,-0.5917,2
2.3794,9.6457,3
6.0468,4.1761,3
3.8246,2.3829,3
8.0121,2.2788,3
8.6423,8.2396,3
3.695,7.7909,3
1.3012,4.2972,3
3.8515,5.8245,3
-8.1059,-2.7862,1
-3.2913,-1.5789,2
-1.7247,0.4276,2
6.822,1.5424,3
7.4279,1.76,3
6.6483,5.888,3
6.8598,3.2032,3
4.8381,3.1019,3
6.9693,2.2511,3
3.1126,4.5969,3
-1.6214,-3.0784,2
0.6368,1.3452,3
2.7127,6.0499,3
5.4303,-2.1705,3
5.1284,7.6025,3
4.0035,0.27596,3
5.3886,2.0721,3
2.2967,5.4906,3
3.987,5.4989,3
4.182,6.2838,3
4.1719,6.3566,3
5.3063,3.597,3
7.0224,5.0542,3
6.8736,4.4053,3
7.6157,2.7871,3
6.183,3.6024,3
3.8423,6.1337,3
5.393,2.1024,3
5.6646,3.7245,3
2.7455,1.6217,3
4.643,6.9864,3
3.9552,3.5286,3
6.0556,8.096,3
-1.6576,-5.1118,1
-6.0339,-1.4161,2
4.9618,-0.23625,3
8.9364,3.4669,3
3.6716,0.45242,3
3.6964,3.25,3
7.7261,9.9538,3
8.6932,9.6542,3
4.5483,9.5406,3
2.1753,4.5554,3
0.2861,-1.4136,2
-1.3813,1.6854,2
8.4253,1.5236,3
4.3346,5.3041,3
4.8751,6.4545,3
6.944,10.018,3
3.3277,3.2446,3
0.95555,0.59011,3
6.3535,2.2327,3
5.737,1.6706,3
7.464,4.0257,3
5.2326,7.8929,3
5.1246,3.0768,3
6.0407,6.3922,3
6.6264,6.4324,3
7.9273,5.9596,3
6.6823,8.0023,3
5.983,6.9737,3
-4.2554,-1.7299,1
3.8954,6.2461,3
4.3494,1.9289,3
0.67555,2.9962,3
3.4505,-2.263,2
0.0015272,-2.305,2
2.7906,2.7609,3
4.2236,4.6186,3
1.2181,9.3763,3
6.4154,7.9971,3
4.0216,3.128,3
5.0521,5.2329,3
3.9836,2.4648,3
3.0042,5.2764,3
5.1524,4.1355,3
7.3389,8.8155,3
0.90494,1.4208,3
5.4674,2.9704,3
6.5615,6.7507,3
-2.4228,-2.5174,2
9.4215,6.2155,3
2.6614,10.93,3
0.15506,1.0488,2
-7.9796,-3.5145,1
-3.5027,-1.5776,1
6.911,3.632,3
8.0851,4.741,3
4.7921,4.5297,3
-1.7016,-5.6794,1
3.0814,5.6875,3
4.9178,4.4924,3
-2.2731,-4.495,2
1.0274,-0.77817,2
5.0767,6.6968,3
4.0872,0.47946,2
2.8355,-1.5487,2
1.1422,8.034,3
5.1199,3.6718,3
7.433,0.64239,3
3.9062,2.2577,3
3.1513,4.1855,3
9.1419,2.9819,3
5.1181,3.7138,3
6.151,8.1188,3
1.8425,-0.4086,2
3.8338,2.7876,3
5.7998,5.9982,3
5.2535,4.8537,3
3.9209,3.6566,3
3.0968,9.6661,3
5.5409,4.6286,3
4.2634,3.0989,3
1.1301,5.5565,3
2.17,5.6454,3
5.5872,4.7555,3
4.6147,5.7319,3
9.3126,7.9746,3
7.4177,1.6681,3
5.7286,4.9282,3
5.282,6.0663,3
5.793,9.1374,3
5.8208,5.4808,3
2.3629,2.9598,3
4.081,1.5381,3
4.4838,2.256,3
5.5233,4.1388,3
-3.7159,-3.0808,1
5.9168,3.8711,3
-1.2634,-1.8128,2
-7.759,-5.2338,1
-4.6861,-8.0682,1
5.8886,5.7239,3
2.6853,2.8424,2
4.4652,5.2995,3
5.1287,5.4844,3
3.0158,2.4637,3
2.9493,6.5559,3
5.4516,8.586,3
4.9596,3.5202,3
3.634,6.67,3
5.9362,9.2831,3
4.7194,6.8384,3
2.3819,5.8933,3
2.2359,3.9348,3
6.1698,3.6435,3
3.3758,4.424,3
5.015,2.1751,3
-0.28213,3.9319,3
6.6297,8.4984,3
0.38651,2.1941,3
-3.3348,-1.1555,2
5.2317,3.4066,3
7.9062,6.6406,3
-0.49562,3.462,3
3.0118,4.8897,3
4.9817,3.4191,3
1.9948,1.2913,2
4.4417,2.4284,3
5.6794,3.843,3
5.3808,5.0845,2
0.34238,4.9728,3
3.8568,5.314,3
4.419,5.4585,3
5.0561,7.3838,3
5.8092,5.9558,3
5.3602,5.2824,3
4.1198,6.863,3
-1.5313,2.0311,2
2.6478,8.3439,3
2.3818,4.4696,3
3.5262,4.1734,3
6.6103,5.0677,3
6.3476,4.0742,3
5.2735,1.3926,3
3.0829,5.3286,3
-2.5309,-1.092,1
3.6699,4.0794,3
5.9525,5.4284,3
4.0032,6.2874,3
5.7816,6.0695,3
5.2587,6.0315,3
6.5233,6.7962,3
-6.7401,-6.6323,1
3.468,4.8501,3
2.0331,7.2401,3
6.3623,5.6827,3
2.8618,3.3137,3
4.8226,3.0973,3
3.4419,-1.4118,2
5.4812,2.1299,3
2.9724,4.2041,3
4.8086,8.2294,3
1.7378,4.3253,3
8.2866,7.258,3
1.925,3.4686,3
3.204,3.5379,3
7.4646,0.70793,3
6.1192,6.5354,3
4.5434,1.9707,3
3.2902,6.2009,3
7.6387,5.3462,3
6.5181,-1.2354,3
5.8634,6.7495,3
6.7427,7.2995,3
4.2194,4.5337,3
7.086,5.7094,3
1.5186,3.7805,3
1.3272,-0.54619,3
6.4551,2.9388,3
5.8417,4.5949,3
1.2204,7.0307,3
-0.1264,4.0688,3
7.3783,4.4216,3
5.3597,2.327,3
5.8188,8.2051,3
1.3134,5.1401,3
4.454,-0.24411,3
-0.41282,-2.1851,2
-3.0996,-7.5102,1
-1.2107,-3.2716,1
4.8214,6.8445,3
0.99596,5.3829,3
6.7249,4.3539,3
8.1343,8.502,3
5.2378,6.0519,3
0.56126,-1.1221,2
4.2309,6.4741,3
6.6411,6.5291,3
5.8678,3.8368,3
6.2736,3.057,3
5.452,3.1927,3
-8.0553,-8.6619,1
6.4995,6.1452,3
5.1538,3.3591,3
6.1004,3.1791,2
7.9513,3.8434,3
5.4439,1.3552,3
5.2416,8.129,3
6.105,5.4653,3
10.92,10.577,3
4.4092,4.6695,3
5.4788,8.2994,3
1.3177,4.4911,3
3.7255,6.3122,3
6.8298,7.7244,3
3.648,5.2061,3
5.2787,4.536,3
4.8266,2.8053,3
8.5747,4.82,3
3.0931,7.5879,3
4.776,5.5254,3
-4.1924,-5.4252,1
6.2452,4.0526,3
9.1247,1.3174,3
6.1856,6.8687,3
6.4691,4.7408,3
5.3855,2.6601,3
6.8333,2.9858,3
3.2837,8.0573,3
3.6907,3.0421,3
5.7716,-0.018851,3
6.8408,4.6912,3
6.4823,2.8611,3
5.747,8.4259,3
6.7521,6.9317,3
8.1062,6.073,3
9.7968,10.403,3
6.1803,5.3641,3
6.4597,4.6358,3
5.8032,7.1682,3
5.8748,6.1816,3
6.8746,2.1687,3
3.5113,-1.8124,3
-3.2858,-3.7523,1
2.9427,-0.65373,2
0.33254,1.9112,3
0.86746,3.1771,3
4.8047,5.5834,3
2.2942,1.9416,2
5.4774,7.3169,3
5.8767,7.2686,3
0.53275,3.6519,3
7.446,4.8226,3
2.0394,7.697,3
6.5045,6.9755,3
5.0443,4.8026,3
7.3535,5.9598,3
6.0298,4.0599,3
-0.24089,-1.4058,2
2.6289,4.0534,3
5.2617,7.2864,3
8.7891,8.1598,3
5.0529,1.9153,3
1.461,2.7765,3
5.0597,5.1477,3
2.7278,3.3223,3
2.1797,0.12977,3
5.5019,4.5141,3
6.9603,6.0414,3
7.644,9.5468,3
2.6298,5.9304,3
2.8055,7.9127,3
7.7894,7.4973,3
-11.053,-6.4253,1
4.8413,1.1958,3
3.6114,11.416,3
4.8326,8.4611,3
7.3078,6.0844,3
9.0874,6.3658,3
7.249,5.7347,3
1.8043,2.081,3
5.2069,-1.7258,3
2.1544,5.5844,3
-6.2293,-6.4137,1
-1.9986,-2.3858,2
1.4064,0.87258,2
4.5504,2.5846,3
1.6518,3.2566,3
5.7527,4.0325,3
2.2608,5.1518,3
7.7053,5.6569,3
0.58331,-0.063819,3
-0.29369,-2.0636,3
1.6059,3.7113,3
5.4418,4.1447,3
3.9926,7.6089,3
3.0362,5.8712,3
2.297,6.2061,3
7.8499,8.5189,3
5.9571,10.365,3
5.044,6.2578,3
-1.8908,-7.9679,2
5.1458,7.8268,3
4.2391,6.5555,3
5.2614,4.6743,3
0.21198,3.9014,3
3.371,5.2463,3
-0.55405,0.78276,2
3.8325,5.5065,3
6.3406,5.0517,3
1.1907,-0.38009,2
5.2342,4.0642,3
5.6677,0.86534,3
4.6573,4.1842,3
10.065,4.6254,3
6.0335,3.2585,3
5.63,1.5393,3
6.5578,6.4093,3
2.6621,5.5595,3
5.4264,0.85592,3
3.9396,1.291,2
6.8192,2.4262,3
10.389,7.4239,3
0.25037,-2.555,2
5.0342,6.5502,3
4.1148,3.83,3
5.0982,5.3628,3
5.5155,6.7644,3
4.8533,5.7794,3
5.4168,1.039,3
1.2885,0.19471,2
-0.040264,3.9272,3
7.4059,6.5633,3
6.8458,5.1905,3
1.2009,3.1365,3
4.3378,4.4768,3
1.7857,2.4971,3
5.3278,4.2588,3
2.7826,-0.21573,2
2.7711,7.7738,3
7.7353,4.549,3
6.5316,4.1925,3
4.8016,4.1953,3
4.7977,8.9461,3
5.9144,5.5912,3
4.089,5.1962,3
2.7296,1.1616,3
4.2315,5.9231,3
5.5821,3.9854,3
3.8622,5.3153,3
2.3529,4.4231,3
3.4082,0.20674,3
-1.6346,-1.4071,2
1.3647,2.3004,2
1.3824,-0.27193,2
7.8405,3.4532,3
4.9324,5.4369,3
4.3628,4.2628,3
-0.0034758,0.32476,2
5.6382,4.7883,3
3.8142,1.8066,3
-5.5302,-3.4091,1
5.723,4.1358,3
8.5787,9.1121,3
2.3159,1.8834,3
0.014406,-1.1357,2
6.7361,7.0348,3
5.7379,4.395,3
4.4169,3.3059,3
3.9939,7.6059,3
4.5752,7.625,3
2.5539,4.8503,3
7.6632,5.0328,3
5.7705,7.8031,3
4.3946,2.6739,3
2.5891,4.3253,3
2.0905,6.4495,3
7.1657,3.1068,3
6.2065,9.5626,3
7.1865,5.3953,3
6.3994,4.979,3
6.8076,12.933,3
-0.23585,5.4276,3
6.356,4.4437,3
2.8144,5.0602,3
7.1288,4.7611,3
0.99742,1.8942,3
5.8135,2.5043,3
4.9469,7.0275,3
9.1941,9.44,3
4.8737,7.4782,3
9.497,7.3993,3
2.1297,-0.16343,3
9.2725,7.1716,3
4.7649,3.3044,3
-3.7484,-5.6039,1
6.2453,6.5082,3
-0.93346,-5.1059,1
5.5923,4.3829,3
2.1834,-0.88365,3
5.9285,5.3318,3
2.9839,4.8697,3
6.0356,6.5017,3
5.5689,7.0197,3
5.3887,4.0789,3
-1.2075,-1.667,2
4.6535,5.3393,3
7.979,5.1571,3
-5.256,-2.0721,1
4.7975,3.9839,3
7.6468,6.9375,3
7.866,8.516,3
3.6205,0.65363,3
4.7287,5.3554,3
6.2917,5.2572,3
-6.8096,-6.9207,1
8.2491,7.4295,3
2.819,2.3813,3
4.5712,3.1481,3
4.1276,2.2794,3
7.5076,6.1231,3
7.3664,5.1037,3
6.288,6.8826,3
4.639,4.1771,3
4.2897,3.9477,3
2.4536,7.7005,3
5.403,7.1597,3
3.4685,3.367,3
-6.1894,-7.2618,1
3.3981,4.1907,3
5.5457,7.0308,3
4.6884,6.8989,3
5.416,5.5159,3
4.9939,-0.84705,3
7.1491,5.67,3
3.6251,5.6086,3
-2.9003,-5.4194,1
4.8599,5.4698,3
-3.2619,1.7174,2
5.0893,4.4294,3
2.3139,3.8577,3
6.6004,2.7248,3
5.8656,6.8613,3
5.6825,2.9389,3
7.6799,7.4179,3
-4.0998,-5.4348,1
5.3159,4.1569,3
7.1185,3.5091,3
7.2521,4.7367,3
4.9943,3.903,3
7.1285,5.6305,3
4.8577,5.9298,3
8.7067,3.8652,3
2.6849,4.2603,3
3.969,1.1921,2
8.2961,6.5033,3
4.5187,2.8369,3
4.3703,3.429,3
5.1555,3.8979,3
8.7477,6.8761,3
6.8564,3.8909,3
7.8835,6.8697,3
9.1494,6.4407,3
6.2425,5.0782,3
3.5645,4.4381,3
2.9604,3.4756,3
1.5327,5.5358,3
6.1466,2.4027,3
5.7115,6.3486,3
2.8777,3.0245,3
9.5322,7.9685,3
5.7401,8.3705,3
8.453,2.1378,3
0.57922,0.13799,2
5.5076,0.11591,3
4.4812,4.7228,3
3.5164,4.3972,3
1.8662,6.3861,3
7.233,7.0418,3
9.9756,0.93565,3
7.087,7.3304,3
0.52289,3.6178,3
2.6749,8.338,3
9.2599,9.2564,3
2.785,3.932,3
4.2432,8.6897,3
5.3896,3.7922,3
6.7884,4.0135,3
-4.288,-4.4725,1
0.16828,1.2514,3
2.4288,4.0439,3
-1.8582,3.5595,3
-0.97595,1.5315,2
-6.284,-5.1321,1
7.6952,6.0756,3
4.921,2.3493,3
3.0185,-0.61606,3
3.4128,8.2407,3
0.97658,1.9238,3
6.9724,7.7458,3
4.5699,4.1794,3
7.9934,5.9872,3
2.9994,4.2484,3
5.9419,6.6125,3
5.4798,4.9204,3
8.154,5.8217,3
3.7855,3.0099,3
9.176,7.746,3
2.7813,3.2786,3
4.1736,3.467,3
4.6569,4.4703,3
-6.9021,-5.0627,1
5.7984,5.3412,3
8.4828,2.8682,3
10.678,2.6312,3
3.9216,4.0847,3
-0.92123,-0.48719,2
4.6384,1.9927,3
4.9837,4.397,3
5.5605,0.15976,3
7.446,8.0591,3
-2.6286,0.90717,2
3.9919,3.65,3
4.9612,8.1508,3
3.5467,4.7673,3
1.5613,6.5472,3
7.1248,6.1368,3
3.1711,5.214,3
2.6759,7.234,3
4.4353,3.431,3
4.9837,6.0551,3
4.4617,3.4974,3
-2.3437,-7.2329,1
4.7351,3.1007,3
3.2433,5.4282,3
-0.33828,6.676,3
2.4274,4.043,3
2.9034,1.3303,2
4.6773,5.5675,3
4.0054,3.8191,3
6.033,2.2933,3
5.293,8.2318,3
9.2353,7.5816,3
-0.97865,-0.51397,2
4.2023,2.9869,3
4.4199,5.5679,3
8.462,8.7405,3
-4.0394,-3.1975,1
6.1646,6.4777,3
6.2336,4.0597,3
2.7678,4.5551,3
3.3445,3.7757,3
2.0954,6.2758,3
-5.5619,-8.7858,1
5.5109,1.4671,3
0.94981,3.6598,3
4.9164,5.8859,3
0.49149,6.3496,2
7.5043,5.4627,3
6.9749,6.3424,3
4.8923,7.2746,3
1.929,6.0164,3
-10.195,-5.5563,1
8.5458,7.8135,3
4.0985,4.6016,3
3.5608,7.9658,3
5.2339,5.9944,3
9.1944,3.8191,3
4.5498,3.2713,3
4.1802,2.9037,3
6.5699,4.6137,3
7.7079,3.8262,3
8.9568,6.7213,3
5.2483,3.0752,3
7.9973,4.1658,3
6.8279,4.6023,3
3.3682,8.077,3
-0.24353,4.9003,2
6.2596,7.6545,3
1.7458,2.2406,3
5.4674,9.1021,3
4.8817,7.9815,3
8.719,3.5333,3
9.6005,6.8084,3
0.18056,4.8115,3
1.7087,1.4038,3
5.1093,2.7593,3
3.3584,6.4372,3
3.0652,5.7829,3
-6.6442,-4.129,1
2.7916,2.1093,2
1.7647,-1.3063,2
2.3516,8.1071,3
1.5585,5.0056,3
2.4333,5.7865,3
5.6031,4.6085,3
6.3398,3.6439,3
8.9297,5.0861,3
8.2861,5.9459,3
2.3016,9.8204,3
1.4014,3.9466,3
9.027,3.5752,3
7.7866,1.4283,3
5.6005,3.9665,3
5.5747,2.535,3
6.6762,3.3831,3
3.9809,0.61076,3
3.8737,3.0308,3
7.3371,7.9997,3
0.0519,2.1686,3
6.7612,5.5279,3
8.4052,5.1133,3
5.5227,5.2092,3
2.7733,2.6951,2
2.9121,2.9193,3
6.0682,6.6536,3
4.9816,4.518,3
0.25829,1.3127,2
6.1839,3.9092,3
3.2408,8.9052,3
7.3859,6.3042,3
5.2164,6.6445,3
2.1642,5.1528,3
5.7235,6.3496,3
4.5004,3.7864,3
2.6536,4.2784,3
6.5254,2.3772,3
2.9297,6.2738,3
1.2356,7.9723,3
4.6989,5.5309,3
6.9967,5.4793,3
0.67726,1.7468,2
12.008,10.771,3
5.3665,3.3184,3
6.4545,3.8019,3
5.8815,0.55118,3
7.6947,1.624,3
0.49628,2.6976,3
7.1952,3.8529,3
4.2919,5.4035,3
5.6618,4.2701,3
3.0601,3.0508,3
5.4996,4.2129,3
1.839,0.9523,2
6.7829,5.5408,3
7.0895,1.843,3
4.0509,4.949,3
4.2292,3.3955,3
-9.8122,-9.1286,1
1.2332,-0.89292,2
4.5698,5.6934,3
5.6916,5.5346,3
5.7368,2.3609,3
4.5898,2.8011,3
4.982,3.3817,3
-1.299,-4.0524,1
6.036,3.9584,3
-0.4116,2.9152,2
5.1176,0.47381,3
3.5905,5.4362,3
4.3364,5.3815,3
2.9108,7.5295,3
1.4194,2.3092,3
-8.0302,-7.6207,1
3.2696,3.1527,3
8.3202,10.314,3
0.73933,3.1369,3
2.7866,5.1161,3
5.0011,3.6268,3
4.9456,5.4335,3
5.0146,3.7971,3
3.0111,8.4343,3
3.6435,4.8991,3
3.4272,5.6653,3
2.3324,3.3752,3
-0.084839,0.87085,2
5.9892,5.0816,3
2.3032,2.8608,2
3.5734,2.4315,3
4.4849,8.9572,3
3.8193,6.2387,3
4.7466,2.5353,3
6.9517,7.4296,3
4.2713,10.474,3
5.2812,4.2205,3
4.2544,5.1971,3
6.4548,0.42466,3
3.0589,4.3926,3
6.0321,4.9101,3
6.2774,3.5184,3
5.258,7.455,3
8.5119,1.7892,3
0.79451,7.1079,3
-1.1084,-0.22558,2
3.3161,3.7358,3
7.9923,5.2671,3
3.1109,2.2581,3
-3.6343,-7.8321,1
2.8088,6.9991,3
5.1178,8.0501,3
6.8993,3.0512,3
1.2519,0.88691,3
2.3906,-0.78015,3
-3.115,1.8263,2
7.4506,3.0109,3
0.4459,3.0281,3
6.5768,5.1909,3
6.0554,6.3386,3
10.898,5.977,3
3.3011,5.0121,3
7.7706,3.3595,3
2.0351,3.2502,3
5.5489,2.6254,3
-2.7512,-4.2021,2
0.49558,-2.7338,2
-3.6873,-5.7802,1
4.397,5.5109,3
6.1831,1.7999,3
10.052,4.3853,3
-1.4757,3.2023,2
10.713,7.269,3
3.907,2.9265,3
1.7231,5.0021,3
8.5455,6.5278,3
4.5744,10.942,3
2.4793,3.6649,3
2.0832,2.3334,3
1.5827,6.6688,3
2.0981,3.2822,2
-6.0342,-5.9525,1
5.6703,5.6709,3
6.1994,1.7437,3
3.8358,7.2966,3
1.263,4.6143,3
2.425,6.6959,3
7.0513,8.5628,3
5.7046,5.8733,3
-1.2266,-0.16223,2
9.1401,8.5436,3
5.0159,3.3391,3
7.8601,7.6029,3
4.4401,8.2773,3
-5.7186,-6.7325,1
5.7688,3.8141,3
8.7635,4.8841,3
6.7498,6.689,3
6.4566,1.8921,3
7.495,2.7202,3
2.7722,9.5297,3
6.4737,6.3928,3
2.4606,6.4539,3
-4.7159,1.8753,2
6.5539,6.698,3
4.7125,2.173,3
1.2198,-1.339,2
1.3063,1.6052,3
5.5065,5.5286,3
9.058,10.691,3
2.1061,4.7276,3
4.1485,-3.8011,2
3.7576,5.3427,3
0.054768,3.7974,3
9.2425,6.9855,3
6.6734,4.9326,3
5.8281,7.0211,3
5.0091,6.5658,3
2.7815,9.4401,3
6.7248,7.0586,3
2.2576,4.708,3
6.61,6.3351,3
2.1525,0.64353,2
-1.0609,-3.2145,2
2.248,3.2819,2
3.4219,3.4628,3
0.53182,2.7016,3
8.6839,8.153,3
7.9294,8.0107,3
-7.889,-6.3007,1
0.29233,-0.25849,2
0.23894,-0.54752,2
4.052,4.6148,3
6.9919,7.1999,3
5.1829,7.8011,3
6.1385,3.2377,3
9.0171,7.0168,3
4.5862,5.0155,3
1.2965,2.2348,3
2.6084,6.3052,3
4.7386,5.2663,3
5.559,2.6755,3
7.7869,8.4161,3
7.7441,4.9544,3
5.4602,3.4021,3
3.2196,6.2363,3
-0.6924,-4.1412,2
-3.1318,-1.2352,2
4.516,6.7964,3
5.4679,3.8817,3
9.3405,8.2886,3
8.919,6.3471,3
1.4431,5.0795,3
-0.8538,0.94124,3
6.1689,6.7402,3
9.0475,3.1747,3
4.4917,8.6925,3
-2.1802,-1.5895,1
-0.25809,2.873,3
6.8319,5.2771,3
4.7134,-1.6015,3
5.9531,9.0267,3
3.2481,7.8074,3
-1.6455,-5.3447,1
5.5635,4.2784,3
6.8446,6.0938,3
5.2844,5.1477,3
2.7619,5.5697,3
-5.3549,-9.5515,1
-0.7395,-2.3142,3
5.1726,6.5078,3
1.6238,5.4867,3
-6.4801,-3.7849,1
3.5948,1.3882,3
3.1795,2.9583,3
3.3984,6.8086,3
7.703,5.4507,3
-2.4941,-4.3802,1
6.0104,3.2378,3
-0.4163,5.5572,3
0.83649,2.0018,3
-0.76875,-3.8323,1
5.6916,4.4981,3
9.0433,8.9128,3
2.8009,4.0375,3
6.0261,2.9113,3
9.0483,5.7573,3
2.7479,1.174,2
4.0746,4.2428,3
5.9916,7.3005,3
8.5902,7.1146,3
4.1201,6.6354,3
5.8907,6.6196,3
3.4021,6.2553,3
4.4524,3.3818,3
-8.7301,-5.6889,1
4.8219,5.0882,3
6.8144,3.7053,3
5.3285,0.01269,3
9.1498,1.9465,3
6.4931,5.5046,3
4.2487,8.369,3
4.6032,5.4518,3
5.1758,6.5349,3
6.6784,3.6383,3
6.352,5.1496,3
5.6891,7.9956,3
5.2841,1.2897,3
7.276,6.441,3
4.1867,4.2814,3
7.0868,5.5358,3
2.2258,8.11,3
4.1127,2.3561,3
10.438,7.837,3
4.1032,4.9776,3
5.5039,4.4587,3
-4.7601,0.63896,2
6.2647,-0.26129,3
3.043,2.2559,3
3.5496,10.226,3
6.9338,2.582,3
6.5208,0.29305,3
2.8378,7.6386,3
-2.7276,2.2522,2
3.6641,5.3903,3
6.6454,5.7606,3
9.0627,6.4251,3
2.5825,1.8608,3
2.2432,2.5007,2
-3.7679,0.58292,2
5.8095,3.2708,3
9.1514,3.2376,3
-5.9644,1.7312,2
4.9656,5.7755,3
7.5791,3.7474,3
5.975,2.8282,3
-0.32259,4.7807,3
6.1846,4.3516,3
-4.3977,-2.1338,1
4.0245,8.1303,3
-1.5913,-1.6926,2
7.2044,8.1028,3
5.4987,4.0499,3
3.7239,1.5412,3
-2.728,-3.3859,2
-6.2188,-3.1469,1
3.8511,3.2311,3
10.297,8.5466,3
2.9491,5.1253,3
7.0395,4.9084,3
-5.6226,-8.2139,1
8.0889,5.4311,3
1.8337,3.2383,2
3.844,3.4402,3
0.94131,5.3013,3
3.8212,2.7618,3
7.3765,2.5373,3
4.598,2.8707,3
5.5666,2.9806,3
8.0702,7.1091,3
6.1576,4.5436,3
1.4048,2.8804,3
7.5422,4.8121,3
2.9039,5.13,3
2.835,-0.25222,2
6.5823,4.8468,3
6.0117,5.7011,3
7.0961,0.057863,3
2.9425,4.0529,3
1.8468,0.33112,3
-0.61083,0.96658,2
0.15384,2.8237,2
3.9642,4.212,3
3.4862,3.6994,3
5.3412,2.3592,3
9.0663,3.213,3
2.8366,4.4627,3
0.34698,4.7671,3
4.0265,2.0756,2
5.102,0.30759,3
-1.8873,1.12,2
6.7084,3.9289,3
8.1353,0.31812,3
1.4756,2.3979,3
5.8969,6.8261,3
2.5527,1.5741,2
9.4815,5.1098,3
4.7683,4.9549,3
5.828,7.4801,3
6.06,2.0073,3
3.5211,7.1148,3
6.9598,3.9145,3
6.4357,6.089,3
5.1455,6.4218,3
3.9491,4.5398,3
4.2398,4.396,3
6.8035,3.5245,3
10.34,1.9487,3
4.3144,6.1481,3
3.9631,3.9557,3
2.3277,-4.7014,2
1.2894,-1.037,2
2.6689,6.222,3
2.1107,0.95155,2
-1.0606,1.1947,2
4.937,8.6134,3
5.3047,5.1175,3
-5.3578,-3.5982,1
5.6195,8.0665,3
0.7084,-3.997,2
4.9246,-0.47188,3
3.0601,1.836,3
7.3885,3.4597,3
5.1932,6.3567,3
2.941,8.2008,3
0.47222,-4.5413,1
1.9992,3.7986,3
3.4284,7.0755,3
7.1285,9.9014,3
1.8599,2.7502,2
3.6668,2.106,2
5.5636,8.8137,3
1.3506,3.6628,3
6.2788,1.4652,3
8.0279,4.4065,3
5.5614,2.3166,3
-0.69229,5.8511,3
5.8411,4.3312,3
3.5005,5.6393,3
0.92367,4.896,3
7.7326,5.4438,3
5.7592,3.0724,3
3.6821,5.2436,3
3.4193,7.8041,3
4.4402,4.1855,3
5.2943,9.0577,3
3.3141,3.7338,3
-0.85804,-3.4933,2
8.1609,9.7431,3
6.1105,7.2081,3
5.859,4.6297,3
-7.4329,-1.6593,1
5.2356,4.7263,3
7.0372,7.0982,3
-0.73037,-1.8059,2
-4.4489,0.054158,2
-0.50887,8.3173,3
6.7923,1.1064,3
4.1472,3.4172,3
3.4367,2.3177,3
8.9299,5.9495,3
6.8618,4.9252,3
3.6735,4.1013,3
6.6535,8.9825,3
1.5325,1.8675,3
4.4759,4.5873,3
-3.3118,-1.9475,1
0.90539,5.3347,3
2.8887,4.6116,3
7.4181,4.2313,3
3.7665,-1.2485,3
5.5536,5.71,3
2.2541,2.5303,3
6.9636,0.2349,3
3.2107,3.3724,3
4.288,5.1083,3
7.9156,7.1565,3
0.8596,4.1,3
-7.4118,-6.9595,1
2.4281,3.9229,3
-0.54964,1.2118,2
3.4707,4.8317,3
5.0571,8.9793,3
6.5634,7.4301,3
1.9206,2.2918,3
-5.5695,-3.1588,1
6.6489,8.3817,3
3.0065,2.8074,3
6.8105,6.1033,3
5.5637,3.6108,3
6.8956,9.6508,3
5.4684,6.1393,3
1.8027,3.3179,3
3.4419,5.0279,3
6.9684,7.0705,3
6.4875,3.7249,3
6.7167,4.2449,3
6.3219,2.4494,3
8.6646,7.1688,3
4.1817,6.4847,3
10.547,5.2372,3
6.7956,6.4447,3
2.5521,0.29124,3
2.2315,9.8785,3
3.6837,4.6879,3
-1.0242,1.4723,2
4.9493,3.1625,3
5.492,2.828,3
8.0326,5.7259,3
2.7585,1.5679,3
8.5012,2.33,3
0.85359,1.8108,2
3.0353,6.6421,3
6.8486,7.8044,3
3.7647,5.6017,3
6.337,3.7032,3
6.2778,6.9816,3
6.2492,3.6362,3
6.0298,8.8465,3
3.3703,1.6326,3
3.3548,8.7444,3
4.1892,2.5591,3
3.9823,2.4125,3
3.3224,1.4261,3
8.6823,6.2695,3
4.6818,9.4389,3
-6.7156,-9.1186,1
6.9582,5.4883,3
6.9641,5.4152,3
5.4535,3.8221,2
5.4867,9.0191,3
5.5878,2.4513,3
5.7212,3.797,3
3.1244,2.0318,3
5.0536,5.4417,3
0.91185,2.5497,3
-3.876,-5.9067,1
3.0202,6.0902,3
-1.5164,-2.7573,1
9.6025,5.2991,3
3.6283,5.7447,3
4.4,8.6072,3
4.1912,7.3275,3
3.6503,4.5689,3
-4.6908,-5.6799,1
4.3297,5.2446,3
7.1482,6.6528,3
2.8228,5.1639,3
4.2959,10.696,3
6.0123,4.9789,3
4.0209,6.8588,3
2.9603,6.7357,3
8.9868,7.5156,3
6.6173,5.1411,3
-1.7973,-1.1591,2
8.9276,6.4274,3
4.8663,8.042,3
2.6412,5.1358,3
6.6569,4.8905,3
8.0276,8.4035,3
7.9544,5.3262,3
2.4237,7.05,3
-6.7161,-5.8598,1
6.6096,3.7191,3
6.2359,6.5076,3
3.2422,1.9257,2
-2.2553,-0.7478,2
3.5666,3.2469,2
-0.81378,1.1401,2
-2.6249,-2.5008,1
1.9548,7.131,3
4.4801,4.7024,3
-6.2523,-4.8839,1
7.0744,6.9005,3
6.6995,9.9574,3
8.222,5.071,3
2.5912,3.7424,3
2.1733,4.2634,3
7.9622,5.7475,3
9.0967,5.7056,3
2.985,6.3808,3
3.6517,2.6016,3
2.1234,3.899,3
6.4632,7.6031,3
4.3815,3.7106,3
5.595,4.1982,3
9.5016,3.8527,3
6.6234,2.8976,3
0.30863,2.3994,3
8.4247,7.5257,3
-0.28278,0.15684,3
7.5336,7.177,3
8.3572,8.1302,3
-0.70457,-4.8534,2
1.049,1.3843,2
-1.2716,-1.4373,2
4.544,7.2066,3
4.9236,6.6033,3
5.3702,6.1121,3
1.7988,4.723,3
0.57297,0.24175,3
8.391,6.3079,3
-0.65624,2.791,3
6.2199,9.0903,3
1.9989,5.7875,3
4.8995,5.1463,3
6.7583,4.0327,3
7.1811,4.3057,3
6.8138,2.4366,3
7.2159,5.9157,3
4.8257,6.2402,3
1.2033,1.3791,2
4.0314,2.7271,3
5.195,8.1925,3
6.3875,6.2502,3
6.3825,3.1516,3
4.1957,2.5636,3
4.4101,1.1625,3
7.3531,8.5035,3
4.6172,4.1936,3
5.283,2.6624,3
4.0298,2.0617,3
4.2371,5.5886,3
-0.4333,3.7893,3
0.032753,4.5829,3
2.0295,4.44,3
-5.7302,-1.4319,1
4.042,1.9185,3
7.0599,4.8449,3
4.4474,4.8959,3
4.9882,6.1195,3
-3.6449,-4.381,1
2.0328,4.4751,3
2.8774,5.7312,3
4.0473,4.3321,3
4.4454,8.0954,3
6.5311,6.7868,3
-1.5377,2.2533,2
6.0686,8.1462,3
2.1385,5.8568,3
7.3608,6.9532,3
2.9036,3.2315,3
7.2115,7.3044,3
3.6381,1.9156,3
-0.55065,2.4813,2
3.3098,4.9636,3
1.865,3.6058,3
-4.8164,-0.96454,2
2.1628,1.1907,3
11.276,3.8878,3
5.1576,3.0564,3
5.8268,4.9838,3
4.8221,7.5599,3
1.1901,4.6021,3
6.8512,6.3616,3
5.7607,0.41095,3
5.4637,6.1191,3
4.748,8.7718,3
-6.9883,-6.9544,1
8.2065,3.3852,3
0.15008,1.7062,2
5.0104,7.7087,3
2.0472,4.3095,3
4.591,6.1647,3
6.5073,7.168,3
5.3678,7.5095,3
5.7193,4.3681,3
4.0619,5.7388,3
3.3881,8.4441,3
-0.39685,-3.134,2
7.788,1.4602,3
7.1002,6.8553,3
1.6792,6.3977,3
1.8358,9.2971,3
6.3846,5.432,3
6.5167,4.9893,3
4.0549,4.2655,3
2.2487,5.0738,3
5.3653,6.5637,3
6.3843,8.069,3
6.4668,4.1721,3
3.6669,6.3288,3
6.2174,5.4986,3
2.0558,1.6287,3
3.995,1.8851,3
3.8578,3.1825,3
2.988,5.743,3
2.5912,0.42169,2
3.8868,8.5246,3
2.3393,4.7091,3
0.74854,3.6242,3
8.9361,2.5251,3
4.6182,2.0001,3
6.6096,2.1907,3
2.814,1.9793,3
-3.6464,-2.9289,1
4.4718,5.1805,3
5.5374,6.0444,3
0.27026,3.2689,2
2.396,4.5608,3
6.4466,3.6984,3
0.72014,2.5166,3
2.4199,4.8773,3
6.4989,8.1468,3
7.6442,9.9166,3
7.4695,1.3324,3
2.8069,4.4045,3
7.5455,7.1876,3
8.1719,9.7032,3
6.9448,2.6983,3
4.252,1.4884,3
-5.0738,-0.83439,1
8.4953,7.9574,3
-5.8803,-1.7109,1
6.1556,8.6408,3
6.1405,8.7833,3
6.9034,3.8868,3
3.7968,1.9241,3
5.7643,8.2073,3
6.7663,6.343,3
5.8708,7.6209,3
6.9543,4.4959,3
-0.25181,-0.62633,2
5.0139,6.537,3
6.8743,5.0624,3
8.0336,6.6468,3
4.3657,4.495,3
7.7903,7.3375,3
6.8287,4.0571,3
2.5468,7.0474,3
0.079157,-1.571,2
3.8802,5.683,3
2.4221,7.1669,3
4.9112,6.244,3
-3.8214,4.7668,2
6.1096,4.9399,3
4.7967,6.9871,3
3.6298,3.0338,3
3.4541,7.3341,3
4.3354,4.9512,3
9.8686,0.24893,3
6.4461,5.072,3
0.72518,4.8206,3
2.8172,4.9379,3
1.9002,2.134,3
3.4653,4.8642,3
1.2383,-0.64578,2
0.47013,-2.7738,2
5.2454,5.2329,3
6.4711,6.8254,3
4.8265,7.8486,3
7.0157,3.4685,3
2.7748,4.3886,3
6.0131,5.3872,3
6.5621,3.0475,3
2.2951,9.4203,3
5.495,4.7208,3
1.6365,4.2389,3
5.583,5.5282,3
6.6802,7.5556,3
4.8755,4.9568,3
1.9395,2.5155,3
2.5955,1.8279,2
-0.9702,-4.4093,1
3.5295,4.4145,3
4.8584,7.0932,3
-11.183,-4.6995,1
10.226,5.6381,3
4.1768,3.3451,3
3.47,5.5144,3
8.8432,4.9098,3
7.5995,8.8003,3
5.2836,5.5819,3
4.6178,3.1248,3
3.2658,2.7423,3
5.3477,5.6294,3
6.0855,6.6279,3
3.1061,-1.0789,3
5.7881,7.4484,3
0.5697,2.6835,2
2.4779,6.0865,3
3.0059,5.2323,3
3.538,4.917,3
7.0152,7.6213,3
4.4535,0.15723,3
7.991,6.0723,3
4.8624,5.3564,3
5.6172,-0.053444,3
9.8744,2.7345,3
6.5019,7.8208,3
3.526,2.6624,3
-3.7712,-3.9807,2
3.3536,6.9568,3
2.3475,4.2609,3
4.3975,7.4734,3
9.339,2.2745,3
5.9512,7.9585,3
-1.7639,-2.5539,2
3.3232,3.1726,3
7.456,4.3602,3
8.1891,5.4325,3
-9.3995,-4.335,1
4.8173,8.3494,3
-4.9963,-7.3318,1
4.8501,5.0063,3
5.7127,8.3272,3
1.1639,3.6015,3
1.5332,7.5909,3
5.9415,6.899,3
4.6011,6.6161,3
3.1851,5.2426,2
6.748,2.5774,3
7.139,5.1815,3
-6.1568,-4.158,1
-3.2735,-1.761,1
3.0615,2.5857,3
7.7543,4.0622,3
4.7144,3.6168,3
7.4641,6.9012,3
6.533,5.8731,3
3.7533,6.7082,3
3.902,5.561,3
-9.0673,-9.2078,1
6.5488,10.096,3
3.5164,6.9606,3
4.3083,6.7163,3
-1.4472,-1.6706,2
6.8206,4.0271,3
7.884,5.353,3
-1.0647,1.8609,2
7.3019,6.5722,3
4.3456,3.726,3
4.9961,0.63706,3
-7.1527,-6.8339,1
-2.9831,-3.7,1
4.4978,5.6662,3
4.1587,2.8598,3
9.0663,8.5658,3
4.4621,3.0862,3
10.001,9.0448,3
5.6864,7.7987,3
-4.2399,3.0473,2
4.8098,3.1941,3
0.68371,2.7726,3
2.2146,6.9441,3
0.74163,0.65433,3
3.0196,8.2354,3
-0.10488,-0.73898,2
3.0022,7.6725,3
7.5341,1.5909,3
5.5548,1.1746,3
4.3551,3.6914,3
3.2452,1.884,3
1.928,5.811,3
6.3829,6.9455,3
4.3507,4.4695,3
3.0552,5.0467,3
4.6292,3.5066,3
4.3608,4.3997,3
6.0128,3.6133,3
7.3327,4.887,3
-1.4129,4.6326,3
3.411,9.2933,3
5.636,6.2054,3
9.3622,7.6088,3
6.0079,3.437,3
6.5468,2.1279,3
4.494,1.5675,3
8.0363,4.4253,3
7.7541,8.0205,3
7.635,3.3931,3
1.489,7.9863,3
5.0974,6.7583,3
1.5727,4.6356,2
3.8503,5.3298,3
0.38647,-1.1214,2
6.0316,8.8785,3
5.5611,6.2787,3
6.0191,5.4976,3
8.8464,2.7842,3
3.2077,6.9098,3
2.7121,5.2289,3
3.8687,7.4059,3
3.1028,5.3076,3
-5.9642,-6.7476,1
-1.7583,-6.3183,1
-1.5009,1.3678,3
6.6502,4.3558,3
2.9635,3.9803,3
-1.0073,-0.51053,2
-4.2542,-2.8524,1
4.4284,10.483,3
-0.22055,3.1964,3
6.254,6.7166,3
5.5374,5.8027,3
6.4696,4.5234,3
7.088,2.2769,3
7.5369,6.3651,3
7.2162,7.2399,3
6.0643,7.353,3
2.9391,2.2105,3
0.29521,3.601,3
1.3852,4.8487,3
3.0787,6.688,3
5.6511,5.2992,3
2.5892,5.7226,3
0.74569,0.91764,2
2.0301,5.0093,3
7.5,4.234,3
2.5555,3.6785,3
6.2213,2.9659,3
8.2331,6.2133,3
0.81733,2.1138,3
4.3304,5.142,3
6.2536,5.0876,3
-1.2646,1.5447,2
6.4416,7.8405,3
4.6523,2.243,3
0.43973,2.5959,3
5.393,5.913,3
7.8551,6.4157,3
6.2833,9.2504,3
7.6902,2.6199,3
7.3012,6.4345,3
5.4768,6.713,3
7.8914,7.8926,3
8.9958,7.4245,3
6.3926,2.7677,3
-1.8222,1.4799,2
6.0511,4.5141,3
6.3711,5.4789,3
1.0064,7.3387,3
8.5744,6.7304,3
4.4637,6.0726,3
4.7442,9.3421,3
0.85579,-3.313,2
2.7426,3.9167,3
1.8878,2.5707,3
5.1507,7.003,3
4.5398,6.631,3
8.1538,4.1579,3
7.7749,4.1695,3
3.0797,3.3542,3
7.202,6.677,3
7.8288,4.935,3
5.1896,8.5395,3
-4.6743,-7.5047,1
4.2466,1.7138,3
6.4991,5.0014,3
1.8864,6.9874,3
4.9795,6.02,3
3.7293,5.4954,3
3.4433,9.1384,3
6.4758,4.8904,3
3.3834,5.6401,3
4.8603,5.1413,3
6.0614,3.8051,3
6.1138,0.87729,3
7.9818,5.6237,3
3.5684,1.8114,3
10.057,4.0972,3
10.388,5.2858,3
4.7849,0.86264,3
4.4698,8.0137,3
6.5195,2.8783,3
-7.6809,-7.4617,1
3.7341,2.3083,3
4.6543,5.1025,3
1.8842,3.8069,2
6.049,8.547,3
2.3029,0.48159,3
2.2166,6.9829,3
5.7075,5.5525,3
-7.519,-2.308,1
5.1904,7.0182,3
6.2551,3.5773,3
-2.5806,2.0569,2
7.3818,3.0376,3
2.9039,2.4429,3
-6.6973,-6.993,1
4.339,6.6246,3
0.83877,1.8796,2
5.2285,7.5251,3
4.4905,6.1441,3
4.7302,3.4425,3
5.4308,5.5381,3
8.4266,4.4042,3
10.759,4.824,3
4.162,2.2944,3
3.2702,3.1983,3
5.7267,6.932,3
4.1692,1.8377,3
7.9982,7.7433,3
3.2729,8.0425,3
5.0401,3.7168,3
3.2838,5.0108,3
7.5083,5.7398,3
3.5962,7.3299,3
4.2819,3.6106,3
7.9867,6.8791,3
6.323,6.685,3
4.0489,3.3065,3
-1.0094,-1.1297,2
-1.2608,-5.665,2
5.7297,5.2365,3
5.6742,4.3402,3
-0.48333,1.4689,3
3.7412,3.5458,3
5.8538,6.1663,3
3.3175,4.2194,3
10.233,7.8455,3
6.7498,5.7888,3
2.3337,6.8099,3
6.0653,9.5998,3
-6.7148,-6.2271,1
3.8163,1.2171,3
4.6452,4.7359,3
3.4337,6.6781,3
8.2635,5.8459,3
6.7868,8.2096,3
6.5394,5.8218,3
5.6894,4.4398,3
3.2841,10.012,3
5.576,7.3874,3
-7.5846,-3.7114,1
-6.3513,-8.0491,1
5.1377,7.6765,3
6.4739,4.0539,3
3.6869,1.7688,3
5.7693,4.3208,3
5.4879,8.8698,3
6.5725,1.5425,3
3.9778,6.212,3
-2.4258,-2.6887,1
-5.138,-2.4316,1
4.9119,5.904,3
1.5592,3.8001,3
4.5408,6.504,3
2.196,2.3952,3
3.056,6.0003,3
1.8693,2.513,3
-2.7191,-2.1072,2
3.3024,1.4917,3
4.3179,2.881,3
3.858,4.6593,3
6.9644,6.8739,3
7.1517,2.9255,3
3.0158,3.5919,3
3.4545,6.2087,3
6.033,4.2152,3
1.8622,4.0282,3
0.83535,2.4339,3
8.6796,5.2112,3
5.0598,3.8488,3
4.4223,4.6302,3
6.0587,4.694,3
1.9153,4.8232,3
1.172,4.4573,2
9.7007,4.1097,3
5.1628,9.0946,3
3.7436,5.1159,3
4.4697,1.9196,3
5.7923,5.3283,3
6.1135,5.2352,3
7.1459,6.6699,3
5.9323,7.8367,3
7.3033,6.9223,3
6.9492,5.8437,3
-1.2439,-1.7738,2
6.9185,-0.517,3
4.8079,7.0647,3
4.2619,4.6638,3
10.419,6.3069,3
5.0336,3.6452,3
5.1769,4.7823,3
1.1773,4.6241,3
5.663,2.9956,3
5.0097,-0.25431,3
7.5126,7.6886,3
3.6373,2.6126,2
7.6971,6.1662,3
7.3517,5.9485,3
2.6936,2.4921,3
6.5029,7.2857,3
5.4819,5.347,3
4.0491,6.3616,3
5.1578,5.3507,3
5.2606,8.2233,3
6.6632,6.6063,3
5.676,2.0802,3
6.2354,4.2355,3
5.3569,5.2334,3
6.5242,4.659,3
3.2652,4.9401,3
3.8559,2.397,3
4.1216,-0.06639,3
2.0068,0.74059,3
3.0257,5.8097,3
2.8099,3.9489,3
7.34,1.4224,3
7.3157,3.7777,3
2.4458,3.8859,3
6.1995,5.7004,3
1.1794,4.6428,3
5.3726,1.6318,3
0.24674,5.6787,3
4.6404,0.18042,3
4.6625,4.5353,3
3.4285,7.4415,3
6.5554,4.0501,3
7.4989,9.018,3
6.1852,2.191,3
3.8907,5.6559,3
5.2122,6.7312,3
-0.92831,1.3501,2
5.1917,6.0798,3
-0.58542,-1.9432,2
2.9775,3.483,3
3.4569,4.3875,3
4.1556,7.4342,3
1.9541,1.4942,2
2.1225,4.6446,3
-0.089365,-2.4922,1
1.0863,5.9537,3
7.8302,1.8568,3
0.64906,4.8488,3
2.2848,4.6502,3
5.8125,5.0732,3
3.0766,6.9262,3
6.577,7.8587,3
2.2237,1.8483,3
-1.6921,-1.8757,1
0.38932,2.392,3
1.3576,7.6584,3
3.607,7.8864,3
3.6816,7.2699,3
0.52611,4.9056,3
5.2775,10.691,3
4.1843,-1.6859,3
6.1618,4.4455,3
-4.7193,-4.9518,1
1.2366,7.5912,3
0.83484,2.4437,3
7.7561,2.7673,3
8.0286,9.6922,3
5.3122,7.5219,3
-0.27469,-5.433,1
5.4785,1.9647,3
3.6964,7.792,3
3.4514,4.9121,3
1.8946,5.5797,3
-1.6106,-1.7772,2
2.3143,2.8678,3
6.9752,5.9093,3
7.4495,6.9106,3
7.7529,7.8643,3
8.6599,6.6151,3
5.2201,5.322,3
8.3703,0.89416,3
4.4669,1.4701,3
2.9929,3.2687,3
7.0024,4.8381,3
4.2793,4.0968,3
4.8294,8.7738,3
5.8021,2.9562,3
0.14565,-0.74907,2
6.117,7.6687,3
4.6323,4.2509,3
5.505,4.6763,3
8.7779,5.5657,3
3.4304,3.4564,3
3.7063,7.4141,3
4.9111,4.5289,3
-0.68173,-2.7138,2
7.3866,6.4857,3
3.243,1.8641,3
4.7271,8.0958,3
5.6822,5.1936,3
-0.93372,-2.0566,2
1.2911,-4.9499,2
3.4192,8.1138,3
-4.928,-1.7945,2
4.7089,6.3937,3
5.3166,9.2044,3
1.2759,-2.5743,2
5.9647,5.8928,3
1.4805,2.168,3
9.0113,1.7563,3
5.7284,6.7323,3
-2.3508,-1.8587,2
5.5343,5.7256,3
4.0166,4.0108,3
4.9151,7.5178,3
4.7706,-0.87673,3
-0.76124,-0.8325,2
6.6596,5.0111,3
6.8815,4.7732,3
7.9596,7.8649,3
6.7558,6.2857,3
0.95551,-1.8056,2
-3.3209,-1.046,2
3.5694,2.4533,3
6.91,5.5408,3
3.7853,1.8206,3
2.286,4.7684,3
4.5693,4.9067,3
6.5962,0.92409,3
6.7975,3.7855,3
5.6987,5.1516,3
3.45,5.5186,3
2.9383,2.9179,3
6.7959,5.1684,3
5.8819,3.1206,3
4.9427,5.2462,3
11.817,7.2232,3
3.851,4.4619,3
-0.52018,-1.7328,2
7.8936,7.6853,3
5.3918,2.3474,3
4.5864,4.0079,3
0.632,-1.85,2
10.83,5.6589,3
2.8067,2.4858,3
5.5771,1.7163,2
7.3441,5.5106,3
2.6186,5.7802,3
4.5997,3.9151,3
2.2147,5.0226,3
-4.3934,-3.2515,1
6.1893,3.7808,3
0.035382,8.1834,3
2.8882,5.3662,3
2.1883,1.713,2
1.2222,0.029622,2
2.8024,7.7133,3
5.2327,6.9577,3
0.063396,4.3426,3
5.3741,4.4676,3
3.7189,4.24,3
4.3394,6.5781,3
8.4761,5.7897,3
1.7623,2.546,3
1.9976,-4.0388,2
7.2837,5.4277,3
5.6656,6.4156,3
6.6736,4.0939,3
-6.1825,-3.877,1
4.9302,5.9818,3
8.3278,7.2596,3
4.2758,3.7557,3
5.8407,6.3088,3
-2.7389,-1.821,2
8.5213,5.5051,3
6.8817,2.1638,3
4.6652,4.6766,3
7.5688,5.6442,3
