-2.5052,-2.6841,2
1.228,-1.0491,2
-1.0502,2.0474,1
-4.2853,-2.2316,1
1.8946,0.40676,2
0.47587,-1.6189,2
1.9277,-0.70766,1
0.56799,-2.8886,2
-5.0495,-1.9572,2
-1.6953,1.6149,3
3.9863,4.2958,3
-1.0471,-1.3809,2
-1.1313,-5.0558,1
-1.551,-1.2734,1
2.0408,-2.6859,3
0.51846,0.52921,1
-0.53978,-0.39633,2
1.0587,-2.3382,2
-3.1153,0.2709,2
2.337,1.991,3
1.8552,2.5988,1
-4.3295,-0.69111,1
0.57285,-0.80245,3
0.88327,1.0807,1
2.4645,5.7049,3
-2.6407,-1.508,2
2.2383,2.1302,3
1.6137,-1.2159,3
-2.4678,-0.80191,2
-3.3887,-5.0877,1
-2.6066,0.81864,2
-0.28046,0.22027,3
3.4927,7.9081,3
-0.83616,3.908,3
1.394,0.28134,3
-0.1086,3.5201,1
1.2901,-0.35508,2
0.53394,0.40088,3
0.65913,2.6514,3
2.2654,-3.1327,2
-4.0046,0.97629,1
3.6674,-1.5954,3
-1.2958,0.9479,1
-0.23353,0.66032,1
-3.3643,2.249,2
3.6244,1.0302,3
-0.92423,-1.0498,1
-2.1982,1.5446,1
1.4649,-1.1862,2
1.2545,-2.8759,3
-0.20415,0.087795,3
4.5347,2.4127,2
-0.5559,2.7505,3
-3.4968,-1.8287,2
2.7102,3.7566,3
-3.2145,0.46385,1
0.38434,2.5165,3
-1.6027,-2.3846,1
-1.1853,0.087405,3
1.7365,-1.1669,3
0.80429,-0.43422,2
-0.14754,-1.5566,1
3.0948,-1.0131,2
-0.12692,-0.5917,1
-1.1388,-2.5132,1
0.12004,-3.0358,2
0.092762,2.8749,2
-4.3218,-3.2327,1
1.8984,1.553,2
2.1399,-1.7428,1
4.4086,1.9755,3
-2.2582,-2.845,2
1.1477,2.9856,3
-1.227,-1.7435,1
0.63747,2.2512,1
3.1251,0.53258,2
2.6018,1.6305,3
-2.7497,2.445,2
-2.5476,-3.0047,1
-3.7739,0.1737,1
0.60682,-5.0505,2
-2.0007,-0.2655,3
0.34462,1.5099,2
-1.9847,0.45213,2
-1.9835,-2.497,1
0.64076,-0.85647,2
-3.7876,0.37692,2
3.3185,-0.096898,1
0.111,-0.59521,3
2.7612,1.9764,3
0.37611,-1.1892,2
-5.7226,0.31605,1
-5.0633,-1.7893,1
1.5444,-0.12788,1
-0.6755,0.12126,3
2.1106,0.19085,3
-3.9734,-2.5263,2
0.28488,0.80294,2
-1.8178,-1.5742,2
2.2375,2.1472,3
2.8655,0.94416,3
0.83473,1.0423,3
1.9311,-5.7222,2
-1.8136,-3.6124,2
-2.7329,0.67441,3
-0.76511,-1.2536,2
-0.14446,2.6116,3
-1.0362,3.3335,3
1.8558,2.1293,2
2.4829,3.9136,3
-0.0016578,0.96991,3
-1.7247,4.115,3
0.10218,0.21911,2
3.8018,-1.0507,3
-1.113,-0.14568,2
-2.0411,2.5519,3
2.4539,-1.2577,2
1.2613,-0.048411,2
-1.9079,2.8869,3
1.55,-0.80848,2
-0.78597,1.2712,3
-1.0921,-1.2112,2
0.4281,-4.5198,3
-1.564,-4.4471,2
-3.2121,-2.5858,1
0.030169,-2.4262,1
0.053506,0.16492,1
-2.2797,-4.6769,1
2.2381,-3.5444,1
-3.8555,0.77639,1
-0.90981,0.67422,3
0.24234,1.5056,2
2.3175,0.45366,3
-4.4678,-5.7388,1
2.5051,-0.51871,2
-0.057227,1.7531,2
-1.1741,0.96923,1
1.8256,1.2293,2
-0.95543,-3.5274,3
0.053864,-2.4371,2
2.3705,1.5573,2
2.8884,-2.0343,2
-0.91024,0.76115,3
-1.8959,2.9922,1
4.2913,-4.9697,3
-0.51568,-0.588,1
0.83959,1.2608,2
-3.5867,-2.2313,2
1.0539,1.9278,3
1.6618,-2.7389,2
3.2863,3.291,2
-2.3865,-0.224,2
-1.4489,1.6182,1
0.24582,2.5677,3
-2.9294,-4.159,1
0.9638,0.75071,2
-1.6843,0.57217,1
3.9351,-0.073544,1
-1.7676,3.7451,2
-0.32949,-2.6392,2
-2.2897,0.51694,2
2.5324,-0.18443,2
-1.7057,-0.70922,3
-4.8601,-1.8449,1
-2.0523,0.84695,1
5.2131,4.3537,3
1.094,1.5131,3
2.2837,0.729,3
-2.2554,-3.7536,2
-2.1106,1.5112,3
2.4589,2.7036,1
-2.3856,1.8589,1
-0.62955,0.99113,2
-4.6108,0.97769,3
0.5042,-6.6246,2
-0.16264,-0.022541,2
1.4652,1.1329,3
-2.477,-1.6223,1
0.21249,1.9769,1
3.6219,4.2642,2
-0.024133,2.6642,1
0.28162,1.3385,3
-4.8397,0.20664,1
1.1758,0.55444,2
2.0187,3.1159,2
-0.981,-3.2323,1
-0.88199,1.4456,3
1.8176,-4.0674,2
-4.0802,0.88256,1
-2.4139,2.6067,2
0.36716,1.0509,3
2.5192,3.8122,3
-5.6964,-1.1932,2
-1.0218,1.7238,2
-3.3783,-0.37224,2
0.40892,2.6484,2
-0.21841,2.9093,2
3.1652,1.6143,2
-1.6611,-1.4355,1
-3.4238,-0.33559,1
-0.43365,2.6482,2
0.12102,-4.6518,1
-3.576,-2.2886,2
0.79375,-1.5306,3
1.6893,-2.3411,1
-1.474,0.23186,3
3.6093,0.0071787,3
-1.3218,-0.63057,1
1.7047,7.4563,3
2.1449,1.9037,1
4.5293,-2.6336,2
1.9849,0.84662,3
-1.0469,-4.2381,1
-2.5163,0.85837,2
-2.286,-0.58349,1
1.3514,-2.2174,3
0.66127,-3.6286,2
0.16883,1.3723,3
0.4959,0.48658,3
2.4182,-1.31,2
-1.1488,-1.3504,1
2.5606,-1.8815,1
-1.148,0.60295,2
-3.3278,-2.5716,3
2.9839,0.083696,1
0.016745,-2.7391,2
5.518,0.1443,3
1.124,3.5922,2
-0.78758,1.7997,3
-5.4398,0.255,2
-2.2364,2.598,2
1.7848,0.40979,2
2.1063,2.6218,2
-0.46572,3.1231,3
-5.1388,-0.025339,1
2.0757,0.11192,2
-1.3007,-2.5739,2
-1.3257,1.5672,2
3.3995,1.0813,2
0.21487,-1.9849,2
-0.62693,1.1901,3
2.7161,-1.1532,3
-1.6762,-4.0327,3
-4.635,-1.9365,3
0.67468,0.34104,2
-0.91892,-0.47554,3
0.54017,-0.16206,3
0.70703,-2.5989,3
-2.6454,-1.7171,1
-2.0214,1.5474,3
2.3919,-1.3726,2
-1.8017,1.4519,2
-4.617,0.43587,1
-0.60684,-0.47024,2
1.4788,1.4635,3
0.56269,2.3155,3
3.1709,-1.499,2
2.9773,0.56587,1
0.065133,3.4674,2
-4.6212,2.2596,2
-2.5133,0.16308,2
-3.8696,-3.2733,1
2.8075,1.4595,3
3.1562,1.842,2
-3.3899,-1.2727,1
5.1537,2.4916,3
1.0972,-0.98326,2
-1.8855,-0.10819,1
2.9166,-1.8206,2
-2.268,-2.0856,1
-0.02868,-1.8392,3
0.42746,0.40893,2
-3.6338,-3.841,1
3.2778,4.0917,3
-4.2874,-4.2502,1
-0.56879,-0.60218,3
3.372,6.2272,2
-1.5088,-1.6402,2
-0.76415,2.0962,2
-0.85646,-3.2292,3
0.7382,-0.83026,2
0.83177,1.6899,3
2.4923,-2.0007,1
2.4776,-0.32587,2
0.90095,-0.57995,3
1.0998,4.6276,1
4.6507,-2.1386,2
-7.5669,-1.2476,1
-2.9464,-1.9542,1
0.71,0.53322,3
-1.084,-0.95776,2
1.1662,0.6051,3
2.192,0.89284,1
-3.7334,-0.098739,1
-2.3678,-1.24,2
1.5454,4.2519,2
2.4402,2.6249,3
-3.2465,-1.0416,1
-0.99443,-3.2305,1
-2.1639,-2.0471,1
1.7677,-0.29492,3
0.91156,3.1444,3
-3.1936,-3.3658,1
2.5728,-0.43264,2
-1.0476,1.7665,3
1.165,0.15398,3
4.4067,2.0549,3
0.59628,-1.6372,1
1.1082,-0.92679,2
0.052381,0.25366,2
-3.7029,-2.1874,1
-4.4111,-1.2872,1
-0.4867,2.102,1
-0.51491,-5.6179,2
0.51256,1.9448,2
0.073315,-0.87591,2
3.0301,-0.95901,1
-2.4762,-3.7015,2
-1.0494,-0.027866,2
-1.8451,-1.6233,1
2.7888,0.99463,3
-3.8848,0.88749,1
-0.95076,-1.6026,2
-1.7724,0.77931,3
2.7773,3.2181,3
1.6606,2.568,3
-0.88719,0.83289,2
-4.9232,-0.11371,2
-1.9059,2.9809,3
0.8993,-2.5759,2
-4.1703,-2.2556,1
2.5996,-0.73571,2
1.3156,4.6634,2
5.681,-0.74813,2
-0.42851,-2.9502,1
2.3178,-3.8489,3
-1.0121,-3.1229,1
0.69858,-2.32,2
0.41996,0.13895,2
-1.8737,-2.8162,2
-0.97703,4.3946,2
-2.6423,-1.4348,2
-3.1215,4.1034,2
5.0619,-0.46057,2
-3.441,-0.40974,1
-2.4579,-0.41162,2
1.158,-7.0251,1
2.3165,3.5028,3
-1.584,3.2369,2
0.25192,-2.2454,1
-3.3277,-0.11947,2
0.069253,-0.23859,2
1.1205,-0.076518,1
1.5211,0.34392,2
-1.1175,0.84132,2
0.1591,-2.4283,1
-1.4799,-2.8634,3
1.4763,3.6488,2
-0.78345,-2.6909,1
-0.047658,-1.4379,1
0.69392,0.026845,3
0.23007,-0.7971,1
2.3761,2.0396,1
1.0827,-1.3571,3
-0.92595,-0.87484,2
0.6843,-1.418,2
1.8785,-5.1804,3
3.9135,4.1182,3
0.88198,1.0668,1
0.29418,2.2021,2
3.284,1.8687,2
0.36974,1.3179,3
-3.6752,-7.6123,1
-2.6279,1.7801,1
0.25106,0.19939,1
-1.9817,1.2214,2
-0.70668,-1.3996,2
-3.4306,-4.4395,1
2.2041,4.7069,2
0.34483,-1.706,1
1.8561,2.449,3
3.3226,-2.6353,3
0.63922,-0.66803,2
1.9667,7.3863,2
-0.81966,-1.6267,1
-5.2053,0.76196,1
1.8757,-3.3802,3
1.0804,3.5444,2
-1.1769,1.4233,3
1.4466,0.34301,1
-1.704,-0.90089,1
-2.2325,1.834,2
-2.125,3.3363,1
2.1504,3.1884,3
2.0187,1.418,3
0.7893,-1.8343,3
-1.5959,-1.7127,2
-0.80244,-5.1758,1
-0.70293,0.00020768,2
-3.335,-2.3302,3
-5.7319,-5.0843,1
0.071429,4.2185,2
3.6566,1.6969,3
0.86764,-0.019937,3
-0.98438,-0.78774,3
1.0975,3.4396,2
-2.9552,-4.1132,1
-1.791,-1.009,3
-1.3927,0.12608,3
0.29863,-1.7979,2
-2.0318,0.9482,2
1.0044,-3.3368,2
-2.9644,4.2045,2
0.9931,-0.069322,1
-0.47694,-2.3514,3
-0.6885,-2.3972,2
0.75684,-2.1586,1
-0.76811,-0.36303,1
0.82725,1.3401,2
5.6571,0.9879,2
-1.8825,-2.6278,1
1.2908,-3.0219,3
1.9197,2.5529,3
-0.86926,0.63158,2
2.4482,2.5363,3
-3.4042,-1.3862,1
0.0069858,0.20696,1
-0.33509,4.3836,2
-0.062023,0.06963,3
-2.2017,0.5777,3
0.48341,3.9308,2
-0.555,-6.7537,1
3.0985,6.6578,3
3.8408,-1.0053,2
0.77064,-0.9955,1
1.4899,-1.8455,1
-4.819,-1.8181,1
-1.379,-0.6981,1
4.6047,0.45651,3
-0.36275,2.7531,2
-0.67401,1.1266,2
1.9704,-2.4827,1
1.4381,-1.8185,2
1.625,1.4833,3
2.2014,0.96326,2
-5.0615,-1.9448,1
-2.1017,1.7547,2
3.205,3.9639,3
2.4891,1.5115,3
0.74127,1.1736,2
-1.0973,1.4925,2
-1.3622,-1.4938,1
-2.2732,-3.0015,1
-1.4578,-1.4242,2
-4.6022,2.1056,3
0.42928,-0.038968,2
1.6248,0.76841,2
-4.6423,-1.6524,2
0.5613,-0.91788,1
-1.7697,-2.079,1
0.078527,2.7488,2
-0.74091,-2.2183,3
-3.0131,-1.8752,1
-1.5506,-1.2175,2
2.9235,-2.0556,3
1.4272,0.87328,3
-2.4894,-2.4231,3
-2.3705,-5.2929,2
1.5752,4.4959,3
0.53576,1.0647,3
6.4012,3.9879,3
-0.70229,0.45056,2
0.096386,-3.4432,2
1.9657,-1.8399,3
0.85907,-3.0633,1
3.9815,-0.27522,2
0.16009,-0.052738,2
-2.7075,-1.4411,1
3.0782,0.31684,3
3.2088,1.8524,2
-2.3471,-1.7341,1
-3.4216,-0.59169,1
-1.2729,4.6065,2
-0.58601,-4.7382,2
1.5059,-3.7039,2
-1.5748,1.8901,2
-0.35398,0.69027,2
-1.3186,-1.1336,2
-2.4162,0.38854,1
-0.71832,-4.4967,2
-0.60757,-2.1898,1
0.5635,4.5471,3
1.6323,-2.0122,2
-1.3754,-4.9022,1
-0.60168,1.4409,1
-2.0308,-0.72925,2
1.8028,5.5367,3
-2.2929,1.2993,2
1.2272,4.7195,3
-2.1663,3.539,3
-1.301,1.6704,2
5.6,-0.80077,2
-5.2811,-1.7795,2
1.3531,0.97467,2
0.48715,-1.8833,2
-1.0271,4.3143,1
2.5371,1.5077,2
1.1534,-2.0545,3
-2.8176,0.28399,3
4.6195,2.2973,3
0.51328,-2.9204,1
0.4259,-2.3383,2
-1.3355,-0.97292,3
0.87906,-2.2324,1
2.6627,0.16823,2
0.48089,0.32024,1
0.31011,-1.5346,2
1.7276,2.9549,3
-0.47112,1.1442,2
4.3166,-0.46858,3
0.1089,1.2205,3
-1.6172,0.52833,3
3.5155,0.83887,3
-1.9513,0.6553,3
-0.75981,1.0375,3
1.5741,-2.5714,3
-3.054,-4.161,2
0.025363,-6.9524,1
-2.3113,2.6384,3
1.7091,-1.5077,1
-3.2944,-1.4499,2
-3.009,1.55,3
6.72,0.31369,2
-1.0056,-3.1881,1
1.4391,0.91679,2
1.0622,-4.2609,2
-2.1769,1.8926,2
2.1911,3.4065,2
0.87782,3.3227,3
-4.6514,0.64736,1
0.40173,-1.3042,3
0.71458,-4.7202,1
-3.3635,2.5174,3
0.13589,1.5402,2
3.3399,0.77418,2
-0.30442,0.56401,2
-0.60551,-1.4895,1
-1.8958,-0.62903,2
-1.1847,1.4512,3
-0.40713,-4.7598,1
1.649,-0.8392,2
5.7125,2.7613,3
-3.6135,-2.5404,1
2.6883,-0.99161,2
1.3593,3.417,1
0.67742,-1.5637,1
-1.3254,-1.8392,2
2.3209,-0.066612,2
2.8593,2.3985,1
-1.4214,0.58146,2
-0.44782,1.1551,2
-2.1145,4.6127,2
-1.5684,-2.7541,3
-0.94772,1.3254,3
-2.4134,0.65051,2
3.2654,-0.29711,3
-1.2331,-3.1505,1
1.4693,2.4943,1
-2.4662,1.2124,1
-1.194,0.35389,1
-1.6145,1.0978,2
-2.6283,1.0708,2
4.1508,1.7459,2
-4.8578,-2.0111,2
-4.3704,-2.0791,2
1.3104,1.3414,3
2.2725,0.52978,2
1.0909,2.4797,3
-0.60796,-3.8564,1
0.88713,0.15436,2
0.19038,-0.39185,2
1.4079,-2.4539,1
-3.8868,-3.6682,1
1.0241,-0.75709,1
3.06,2.2601,3
-0.2715,1.4065,3
-3.7017,-0.22843,1
-0.68203,-4.7722,1
1.2994,0.99371,3
1.485,2.2456,1
-0.20684,0.19992,1
1.609,-0.087773,2
-1.8277,-0.59432,1
-0.034486,0.41033,3
-1.6184,-1.5772,1
3.9738,-1.8146,3
1.8085,3.758,3
-2.5026,-2.329,2
0.3304,2.8521,3
-6.2847,-5.147,1
-2.998,-3.5517,2
-2.1442,-3.5843,1
-2.7552,-2.9184,1
-1.0324,3.9196,2
1.1036,2.7714,1
6.1664,-4.3501,1
-0.54498,2.542,1
1.2394,-0.31451,2
-2.3151,-1.9837,1
-3.204,-1.7378,1
-0.22623,-2.92,3
-0.71318,-3.1738,3
2.6085,0.21636,3
0.9608,-2.7118,1
1.937,0.15831,2
1.6615,0.4619,2
-0.8379,0.99824,3
-2.8248,-1.9729,1
4.9362,1.507,2
3.5321,1.0499,2
1.2633,1.3497,3
3.2591,-2.3832,1
3.209,-3.3276,3
0.20109,-1.2019,2
-0.51288,-0.56315,2
-1.2583,2.18,2
4.3281,0.026825,2
-0.79193,2.5925,2
2.0925,0.29298,2
0.19059,0.17778,3
0.88958,2.2187,1
-1.707,-4.263,2
4.6541,3.4736,3
-3.5098,-1.9874,1
-4.0396,-0.90908,1
2.6488,2.5697,3
0.019115,1.1127,2
-5.2868,-4.0566,2
-0.55803,4.0891,2
-2.3889,-5.8929,2
-0.085606,-1.0396,2
3.1309,-3.1968,1
-0.23682,-4.1739,2
-0.26749,3.1342,3
-1.4341,1.4032,2
-0.79894,1.0565,1
-1.7426,-1.3572,3
-3.5412,-5.0334,2
0.068231,-3.729,1
-1.1167,2.6238,2
-0.92519,1.09,3
-2.9386,-0.82117,1
-4.0064,-1.8592,1
-0.25894,0.61262,1
1.5127,2.0926,2
-1.5135,0.58622,2
-2.9676,-3.821,2
2.3576,0.82503,3
-0.73365,3.1826,1
1.9434,0.067594,3
0.80688,-3.7964,2
-0.63459,-1.5841,2
1.1077,-0.77178,2
-2.6486,2.2105,3
2.2842,0.13778,2
-4.1769,-2.6,1
-0.84154,-2.484,2
-2.4082,-3.9735,2
-0.79498,-2.6817,1
0.30343,3.1512,3
4.0127,-0.50474,2
0.91897,1.1608,3
-0.72523,-0.89487,1
2.4359,-0.20471,3
2.4103,-0.58206,3
1.9613,1.0536,3
-5.5539,-0.14945,1
-2.4954,-1.0083,2
2.8737,2.4178,2
1.6398,2.9792,2
-2.6707,0.98742,2
-0.89229,0.079648,1
5.3919,6.0681,3
4.0855,2.3891,3
2.7123,3.6456,3
2.5729,2.6383,2
0.62149,0.99596,1
-3.0916,-0.30214,2
-2.3997,1.7457,3
-2.1788,-4.3017,1
6.0789,3.2682,3
2.5002,1.7265,3
-1.3769,4.2157,3
1.5704,-0.4866,1
0.10175,0.35302,1
-1.0381,-1.2854,3
3.007,0.5327,3
0.14483,-2.0772,3
-1.3342,0.24654,3
1.2833,0.95801,2
-5.8053,-0.86344,1
-0.1739,0.73958,2
-1.0141,0.97168,2
-2.7841,-1.0731,1
-1.0577,0.40438,3
-0.17667,0.59724,2
6.5563,3.2174,2
1.5628,0.83672,1
-2.2173,-0.45387,2
0.66335,0.18945,2
0.070833,1.1357,2
-4.4125,-2.8034,1
-0.26576,-0.76263,1
-1.5857,-2.2518,2
-2.7012,-3.2379,3
-1.2025,2.673,2
0.98764,2.0987,2
4.4971,2.4147,3
0.11889,-0.40739,2
-3.1155,-1.1561,1
-4.1596,-3.9838,1
0.80587,-0.53852,2
-3.8461,-1.3034,2
7.7734,2.5723,3
-1.8887,-0.92071,1
3.6713,4.3736,3
2.8952,-0.73285,3
-1.3669,-0.89779,1
0.17152,-0.94462,1
-5.2569,-4.3971,2
0.61092,0.91055,3
-0.67769,-1.6532,1
-0.57369,-0.48221,3
-0.40549,-3.2055,1
-0.64862,-3.5053,2
-5.1735,-5.2725,1
-0.91914,-0.93423,1
0.19087,-0.44885,3
-2.399,-0.76413,2
3.5692,-1.6765,2
-0.14518,-2.2231,1
-0.025789,-3.0024,3
2.3538,-1.1243,2
-0.61768,3.1781,3
2.751,1.6789,2
0.63135,0.52606,1
-2.5256,2.4172,1
0.85571,5.2822,3
2.066,-1.3641,3
-2.1742,-0.33052,1
0.17235,3.6408,2
0.27908,-1.0466,2
-0.72101,-3.805,2
0.17567,1.0249,3
-1.9848,-0.9169,2
0.96292,-1.2767,3
-4.1395,-1.3749,2
-4.2556,-3.4282,2
2.1448,2.9568,2
-5.2451,-4.3934,2
-2.1316,1.2365,3
1.837,-1.0405,3
-1.3447,-1.4248,2
0.42434,0.48686,2
0.4837,-1.1173,2
0.18894,-0.43228,2
-4.0968,1.0468,2
1.9465,-0.63641,3
3.8266,-0.97446,3
-0.80131,-1.3912,2
-1.3685,-0.01547,2
-0.32787,1.9318,2
4.3517,2.594,3
2.8478,-0.29855,3
-1.3357,0.18748,1
4.1867,-3.5639,1
1.3995,1.252,3
1.2898,1.3065,3
-0.40955,4.6722,1
0.74568,-2.9996,1
-3.8635,-0.39955,1
2.8805,1.5333,3
1.3171,2.3201,1
2.6962,-1.3145,1
-4.2616,3.1967,1
-0.95407,-0.58867,1
-2.0475,-2.8519,3
2.324,-1.5878,2
0.29697,4.1883,3
-0.8865,0.49256,3
1.813,1.3674,2
1.5525,-0.039977,2
1.2282,2.2847,3
1.6211,-2.7576,2
0.5597,2.4552,3
-0.38326,2.5785,1
-1.2123,-4.3668,3
1.0343,-0.61701,2
-0.036363,1.0061,2
-1.4105,-2.6793,1
2.0787,-0.01872,2
-2.6039,1.172,1
3.4684,-0.27529,2
-0.80074,-2.2582,2
-1.8205,-1.2098,2
3.9689,-0.20419,3
-0.2586,0.78994,2
-1.9767,-3.0576,2
0.325,4.1775,2
-0.82249,-0.48076,2
-4.6376,0.026393,2
-0.29701,-0.28508,2
2.8727,0.6773,2
-3.4751,1.4766,2
3.726,1.1295,3
0.59677,5.4711,2
0.86714,1.3812,1
-0.57021,0.97611,1
-3.9656,-2.2015,1
-2.2003,-2.8342,2
2.336,1.6244,3
2.4919,-0.39452,3
1.1204,-1.0021,1
-0.5517,3.0336,3
3.7507,6.7622,3
-0.33284,-0.17138,3
1.5023,1.4483,3
2.6319,-1.3959,3
-2.5833,-1.1444,2
0.28812,-1.5937,3
0.95017,-0.90007,2
-2.6334,-3.0451,1
4.8622,0.51179,2
-2.4022,1.8997,3
-0.15446,-1.149,1
-0.90689,-2.2273,2
2.5587,-2.5232,1
-2.3487,-2.047,1
-0.83242,-3.3482,1
0.97828,-2.6772,2
-2.2275,2.3156,2
0.06818,2.7735,2
-1.6105,-1.7804,2
-0.70327,-2.2091,2
1.0767,2.1719,2
1.0146,3.9644,3
1.9007,-1.2906,2
-2.0215,0.78906,3
-0.35284,0.34584,2
3.237,3.6357,3
2.406,2.432,2
1.237,-1.3079,3
1.713,0.11588,3
2.5006,0.87429,3
2.47,0.63611,2
0.69755,-1.3762,2
-0.33831,0.88812,2
2.2103,-0.2537,2
-0.73306,-0.06283,3
2.7047,2.6509,2
-4.7407,1.0124,1
-1.7103,1.2422,2
3.3694,1.9743,3
-0.20992,0.37241,3
-4.3513,-0.41093,1
-2.2316,-1.8949,1
-1.3682,-4.1368,1
-0.1552,-2.2144,3
-2.1496,-2.8371,2
3.002,2.8292,3
3.3605,-1.1527,2
1.9827,3.3903,3
-0.70538,2.4161,3
0.75314,0.76588,3
0.80998,1.2889,1
0.52267,0.42607,1
-2.4788,-1.0819,2
1.7417,2.4209,2
2.8087,2.9326,2
4.8238,-1.5045,3
0.16489,3.0423,2
-2.1304,-2.6461,2
0.40804,1.0495,2
-3.1862,-1.6755,1
-3.1841,-1.0702,2
1.2905,3.7074,2
2.1114,-0.74239,2
-2.085,2.1469,1
0.10769,-2.6007,1
-2.0055,-5.1995,2
-0.35642,1.5496,3
-2.4362,3.1016,3
4.2169,1.9985,3
-1.0886,0.73728,2
-1.4635,-3.8337,2
-3.5148,-2.9173,1
-4.9198,-3.6188,1
-1.0717,-1.3267,2
-0.11616,-0.93329,3
-2.5192,-2.226,1
-3.101,1.6465,2
2.3589,-0.77137,2
-0.084798,-1.8019,2
-1.2967,3.9957,3
4.6197,-1.02,3
3.2093,2.5529,1
1.5332,2.7845,1
3.5916,-0.84795,2
5.48,3.7473,3
-2.0253,1.1455,1
2.4209,-1.4774,3
0.61718,4.9038,1
0.17578,1.4982,2
0.09785,-3.673,2
-4.7059,-0.31017,2
-0.44483,1.0917,2
-1.1313,2.3556,1
0.28609,-0.82952,3
0.78225,0.5204,3
-2.5746,-1.6555,3
1.4118,-2.7358,2
2.2042,-1.3779,2
0.90627,-0.41981,2
3.6109,-0.59237,2
-2.7985,-4.2609,1
-2.1104,-2.5794,1
0.91745,3.7365,3
3.1452,3.1871,2
-0.10402,-1.2796,2
-3.1785,1.0531,3
0.60508,-1.1364,3
-0.38478,2.0601,3
2.6176,0.53928,3
-1.6959,-3.7694,3
-2.0128,0.48048,2
2.8521,2.899,3
1.9689,1.655,2
-2.2959,0.90529,2
-0.94602,0.52964,1
3.1375,2.2671,3
-0.58112,0.50795,3
-3.3018,0.52352,2
0.79628,-1.9658,3
-1.3342,-5.1171,3
5.0877,0.037906,2
1.4519,1.9036,3
-5.1366,-1.4015,1
0.12366,0.38688,2
-1.2004,-1.4589,1
1.6526,1.9145,3
1.3302,2.0519,2
3.5413,1.1543,1
-1.4972,-0.92904,3
-3.7443,-7.4475,1
1.9935,2.9272,3
1.6536,-1.5125,2
-4.1594,0.52655,2
-0.91964,-2.1807,3
-1.3995,-0.19936,3
2.0729,-3.7772,2
-0.88689,-5.1216,2
-3.4646,-4.3869,1
1.539,-2.2603,1
-1.1645,0.47121,2
-3.557,-0.99144,3
2.8727,3.272,3
0.98304,0.45986,3
-0.53965,0.29744,1
0.87051,4.0756,3
-2.9878,0.51732,2
-1.6197,1.7159,2
-0.52814,-1.3358,3
-4.4274,-4.4348,1
-0.29376,-3.6471,3
0.96965,2.729,1
2.0826,2.0539,2
0.76358,-2.2136,3
-4.0525,-0.41355,1
3.3265,2.4019,3
0.52161,0.11653,3
-2.2017,-2.7767,1
3.123,-0.28286,3
-1.5443,-1.9086,2
0.15297,-1.0703,3
1.5021,-6.329,1
1.9741,1.0671,2
-3.5152,-4.1904,1
-0.98994,-5.0128,3
-1.9285,3.3855,2
-0.72851,2.8623,3
0.71028,1.0386,3
-2.07,4.5031,3
-1.3373,-0.82164,3
-0.31661,-6.2342,2
-0.57588,6.1632,2
-2.3481,-1.0726,2
2.0318,2.2843,2
3.0206,-2.7056,2
-4.4999,-2.768,1
1.1448,-0.15946,2
2.1084,-0.56803,2
-0.94918,-1.5023,1
-1.7316,-0.40377,2
-0.82784,4.9271,3
0.01643,0.0084918,2
5.8755,-1.3145,2
-0.78652,5.1281,3
0.75271,4.0753,2
2.1866,2.0377,3
3.0186,-2.6298,1
-1.7852,-0.88387,2
-1.6753,1.5377,2
3.8181,-0.026095,2
-0.13959,1.9365,3
2.2741,0.28964,2
0.089109,-2.214,2
-2.1467,-2.8245,1
4.9512,1.6478,3
0.70776,-3.1184,2
0.76923,0.88049,1
-0.91872,3.3113,3
0.83633,-2.5295,3
3.3506,-0.93929,2
0.34695,2.4685,2
-3.0854,-2.0913,1
-6.2352,0.6574,1
0.049355,-0.69406,3
-3.2866,-0.64695,1
3.6132,1.8931,3
0.057723,-5.0273,1
-5.1968,-1.5938,1
2.2878,1.3367,2
-2.8343,0.19512,1
1.9175,2.7036,1
-1.3036,-0.067383,1
2.8723,0.81659,1
1.2519,-2.4636,2
4.7904,3.7611,3
-1.887,2.1187,1
1.0391,2.3392,3
-0.71311,0.10448,1
-1.6921,0.35176,3
1.3004,-1.0093,2
0.34402,1.5562,1
3.4943,1.7459,2
-0.045777,-6.2459,1
2.3376,1.5073,3
3.6,1.0658,1
-0.232,-5.2261,1
0.22374,2.0199,2
1.2671,-0.95497,2
0.54462,1.4792,3
1.1931,0.60562,1
-2.3534,0.86249,2
-1.1184,0.71518,1
-4.3823,-0.09815,2
-1.6334,-0.38655,3
2.0213,-0.52225,3
-1.6971,-1.8589,2
3.6302,4.4844,3
3.0575,0.17103,3
-4.0093,-4.2061,1
-1.4374,2.4527,3
1.0405,-1.245,3
0.96264,0.38325,3
2.138,0.23289,3
1.7724,1.7131,2
2.8893,3.0044,3
-3.259,-1.7931,3
2.1479,3.173,3
0.30537,1.5479,2
-3.7401,-2.8663,1
0.11953,2.4206,3
-3.3208,-4.9142,1
-3.264,2.142,2
-0.95613,1.0391,2
-2.5497,-5.4709,3
0.24477,-0.71083,2
3.5702,2.1965,2
-0.82237,0.27869,1
6.7247,1.3153,1
-3.6899,-1.1361,1
-1.6821,-1.5538,2
-0.99821,1.876,3
2.297,1.7179,3
-1.3854,3.7653,2
1.5596,-0.5431,1
-2.5038,0.26557,2
2.5585,2.7741,3
-4.3916,-6.16,1
0.06872,3.6611,2
2.1034,3.155,2
2.7249,4.1571,2
2.1513,-2.1945,2
2.1371,-3.8792,1
-1.0279,-2.0057,1
3.761,2.8372,3
5.0589,3.6236,3
-0.10198,-3.7109,3
-1.8025,0.0089114,1
-0.078325,-2.549,2
0.3001,1.7366,3
-0.22161,-0.86989,1
3.1517,-1.3489,2
-3.0618,-2.622,2
2.3219,-1.8189,1
0.76376,-0.95765,3
0.3493,4.4206,1
-1.3655,4.2147,3
1.3696,1.2719,2
0.44795,1.2185,2
2.1652,-1.8118,3
3.893,2.5192,3
1.976,-1.7927,3
-1.3581,2.1093,2
-1.4166,-2.282,1
0.7483,1.3713,3
-0.89919,-3.2134,2
-0.93393,0.44017,1
-2.6129,0.45261,2
-0.075388,0.30573,2
6.4108,0.78301,2
1.4591,-3.2668,2
1.1573,0.81172,1
-2.3328,0.28222,1
2.8837,3.5927,3
4.0332,2.0396,3
2.1818,-1.3949,2
0.57917,3.4647,2
1.4768,0.32387,1
-0.68585,-0.25583,2
-1.4375,-2.9507,1
1.0166,0.12281,2
-0.24911,-0.67907,1
-1.5742,-3.0502,3
-0.013226,-3.1171,2
3.4319,-0.53117,2
-0.47072,-1.773,2
-1.0906,-0.71261,2
-1.2288,0.50813,3
-1.7745,-1.4649,1
-2.6433,0.8509,2
4.1368,2.1331,2
-2.0908,-0.031999,2
0.19535,2.3408,2
1.3325,2.6854,3
-0.31918,-1.6665,1
-3.3739,-2.2368,2
-1.8967,1.0607,3
-1.7341,2.3794,3
-0.13327,4.6076,1
-0.41055,0.68632,2
1.6042,3.8488,3
0.56097,0.5811,2
0.8487,2.0626,3
-4.9738,-3.0705,2
-2.7731,1.2229,1
-4.0602,-4.3048,1
0.46048,2.8369,2
-0.78948,-1.1335,1
-0.82291,0.94593,1
-2.2578,0.33925,2
-2.9474,3.7911,2
1.3092,2.0778,3
0.69406,1.5301,3
2.635,-5.5789,2
-0.52023,1.616,3
1.6669,-1.2219,2
-3.5809,0.95036,3
-2.427,-1.2315,2
-1.658,-1.7818,1
-1.6804,-3.9152,2
0.83015,2.0095,3
4.2209,-1.143,3
1.4949,3.5417,3
1.9164,0.063478,2
-2.2389,-3.2605,1
-1.7612,2.5544,1
-0.58922,0.27742,3
-0.76002,0.40241,1
-1.6251,0.14743,2
-3.833,-2.7696,1
-1.8919,0.9256,2
0.53599,0.83968,1
1.4619,0.57471,1
-3.0317,-0.08861,2
-4.77,-3.7425,2
-2.5035,-0.93315,3
3.55,5.4046,3
-0.54712,-4.2691,2
-1.361,-3.212,2
-2.4565,1.8918,1
-0.88815,2.3857,2
1.8054,2.8603,3
4.9603,1.1888,2
0.22624,-2.854,2
-1.7722,0.85574,1
-0.75787,-0.62648,1
1.6336,-0.95215,2
-0.93859,0.053673,1
0.75541,-0.19512,1
-1.3964,-1.0006,1
-2.5207,-0.87195,2
-0.19277,0.26004,3
1.4011,4.659,3
0.51353,0.096419,3
0.82796,-1.25,1
-3.3595,0.23421,3
-0.65234,-1.6572,2
-1.7757,3.2131,2
3.6822,2.8357,3
-6.2985,0.55167,1
-0.81427,3.1377,3
3.944,-1.6956,3
2.3039,0.32132,1
-1.6151,2.8715,2
3.8713,-2.0158,3
0.1716,-1.1278,3
-0.3688,-1.1191,1
-0.51202,1.1139,1
0.7184,-1.9333,3
2.0043,9.7569,3
-0.016453,3.1551,2
1.7154,-0.54608,3
-2.4788,-1.4794,3
5.3569,2.1808,2
-1.2048,-1.8799,2
1.258,0.34948,3
-0.79085,-1.4556,3
-0.3335,0.46033,1
-2.7011,-0.30159,2
-1.1477,-5.6552,1
1.4156,-1.2726,1
4.0216,-1.6276,1
1.1163,3.3082,3
-0.46119,-0.024957,1
-0.69229,-0.54583,1
-2.7708,-1.7535,2
-0.11797,-4.0395,2
0.15699,1.1053,1
-1.9806,4.2241,3
1.9626,-0.28933,3
-2.4934,-0.13102,1
-0.51846,-3.1283,3
1.7062,0.50046,1
1.0819,-0.53091,3
-0.79534,-3.4077,1
3.8959,2.7689,3
3.2641,-1.4958,3
-0.61623,-1.9651,1
3.0461,0.18218,3
-4.4602,1.1431,1
-3.7725,-3.2422,1
3.446,0.12504,3
3.1845,-0.1575,2
-1.675,-2.592,2
0.16356,2.4641,3
-1.4163,-4.3788,1
-3.6769,-3.9859,1
-1.9476,-4.8161,2
-1.4918,0.57833,1
1.8922,3.4754,3
3.4469,-0.10521,3
-4.6436,-4.2969,1
2.617,3.6422,3
3.9117,2.7112,3
-1.2236,-1.0972,1
-0.58696,-0.58569,1
5.0981,2.82,2
0.81604,-0.474,2
0.95641,-0.28394,2
-1.0833,0.92992,3
-1.6562,-1.7811,3
-1.8209,-3.0118,2
-1.4106,0.34058,3
-0.88131,-1.8493,2
-0.91678,3.1452,2
-1.9978,-1.7594,2
2.6214,0.94305,2
2.1161,0.27395,3
0.85225,-1.4074,3
3.746,4.3202,3
-0.97906,7.0851,3
1.2215,0.73417,3
-0.39968,3.2412,3
5.2854,1.524,3
1.8652,1.7285,2
-2.7964,-2.9791,1
1.1776,1.4964,1
-0.99454,3.3026,2
1.9126,-0.28857,2
1.1123,-1.9207,2
-3.9083,0.85019,3
2.9431,3.8243,3
-2.2751,2.8564,3
-0.48525,2.3943,2
0.7392,-1.574,1
-3.1052,-1.2804,1
5.6503,-0.59501,3
1.6366,0.78335,1
0.95871,0.43196,1
-1.5435,-0.89293,2
0.097907,-2.5203,1
-1.1589,-2.1045,1
4.2796,-0.50542,1
-3.4666,-3.0457,1
-0.23838,3.2301,3
-0.13908,2.5877,3
-1.0151,-0.10511,2
-2.9792,-0.98049,1
0.79109,1.5593,2
-2.6994,1.6661,2
-1.4932,-3.1378,1
1.6358,-3.2836,2
-2.3219,-0.80738,3
0.39852,0.14318,3
2.8481,5.8245,3
-0.96393,2.134,2
-0.58517,-2.7689,2
0.061381,0.9033,1
-0.5466,-0.10513,1
-0.096258,3.2296,2
-0.55558,-2.1493,3
-0.42884,-0.070028,2
-1.5457,-4.6627,1
-2.6263,-0.54343,1
-2.0792,-0.92404,1
-0.8838,0.97516,2
2.9739,2.1273,3
0.48397,2.5563,2
1.7416,-1.7089,2
-2.5454,1.7758,2
-0.079582,-3.2663,1
-7.864,-2.274,1
2.5771,1.4359,1
-2.0021,-2.7297,1
-3.1313,-1.532,3
0.76679,0.15147,3
-1.6579,-1.9217,2
-2.7568,-0.88809,1
-1.0056,-0.1352,1
2.8539,2.2946,2
2.4526,1.0181,3
0.15631,0.54367,3
-1.1133,-3.1485,2
2.3373,1.523,3
5.2587,6.6298,3
1.7444,3.2919,3
-2.8525,-1.3083,1
-0.064433,-2.6236,1
-4.8524,-4.2594,1
-3.4545,-2.3534,1
-0.27359,-1.844,3
-1.6057,-0.67871,2
-5.6198,0.59563,3
-0.72211,1.4984,2
-4.1162,0.22025,2
-6.7257,-3.5888,1
0.55051,-2.1665,1
1.9639,1.9593,3
-1.9325,-2.1695,2
1.5054,3.9099,2
3.5945,0.49512,2
0.78134,-1.6767,2
-3.6762,1.1848,1
2.1596,0.089827,3
1.6707,-0.11073,3
-0.93822,-4.1934,2
2.2761,-3.5702,3
1.6026,-1.9242,2
-1.289,0.26524,1
1.1004,-0.06141,3
-0.46144,-3.6465,3
-2.2397,-0.0077428,1
0.40084,1.1115,2
1.9946,-0.94266,2
1.5363,-2.7423,1
0.36683,0.90677,2
0.97649,2.963,2
0.73944,-3.6933,2
-0.4897,1.3311,2
-1.6278,-0.82737,2
0.82122,2.3448,2
5.1984,3.609,3
-1.8321,-0.76026,1
0.87948,-3.1391,3
1.7001,4.7452,3
2.5831,0.70013,3
-2.946,-0.85299,2
6.2699,0.37244,1
-4.1254,-1.7055,1
-3.9198,1.9654,3
1.2918,2.2046,2
4.1722,-1.6332,3
0.18909,-2.569,2
-3.7075,2.0824,3
-0.83552,1.4935,3
1.429,-2.9212,2
0.27378,-1.3382,1
1.9573,1.0822,3
0.53832,-0.049433,2
-2.9018,1.0818,1
-0.99839,1.8423,1
2.0055,1.5328,2
1.0407,0.33066,2
-0.83082,-0.057964,2
2.7595,2.4541,2
1.8279,-1.3004,1
1.5335,1.8428,3
-0.66289,1.3299,3
-1.079,0.11562,3
0.2472,2.3328,3
-0.3645,-3.6252,1
1.0547,1.1244,2
-0.23886,-1.7261,2
-2.7769,-0.66636,1
-2.039,-5.7971,1
-1.0522,-0.86591,2
0.01349,7.7749,2
-3.4968,-3.6772,2
-0.28193,1.32,1
2.0307,-1.2956,2
-0.78,1.8972,2
0.51646,1.2163,2
-2.1989,-2.7041,2
1.0957,0.19406,1
2.8204,1.9723,2
-0.0088645,2.5572,2
2.7603,3.2571,3
-2.153,-0.050011,1
0.38239,2.0067,1
-3.6172,0.35681,2
-6.7787,-3.6739,1
-2.5087,-4.1097,1
-0.18542,2.2339,3
-1.4313,1.9003,3
2.8315,-2.6646,3
0.16419,0.62114,3
3.7172,4.4754,3
2.2771,-1.5568,3
-4.1458,3.1522,3
3.0581,1.2719,2
-1.843,-1.1863,1
3.2037,-0.47971,3
1.1615,0.99348,2
0.78684,-1.9973,2
1.9363,0.2761,3
0.60268,1.1634,3
-1.0625,1.7186,1
1.2704,-1.5542,3
1.8228,1.7505,2
-2.3869,-1.3423,1
-0.48976,1.5744,3
0.97091,1.185,1
-0.97841,-2.9033,1
-5.4604,-3.1643,1
0.054196,0.031456,2
-2.4944,-2.1692,1
-3.3088,-3.6295,3
3.263,-1.5839,2
2.7846,0.20675,3
0.53004,-0.13069,2
-2.0025,0.22752,1
0.35071,5.3754,2
-1.526,-0.23825,2
2.7909,2.8125,3
-1.7906,0.91811,1
2.8983,2.5741,3
-1.4192,-4.6366,2
-1.8704,-3.4695,3
1.5186,1.975,3
-2.555,-0.25373,1
-1.8175,-0.64277,2
1.6623,0.6961,1
2.7161,2.081,2
2.2686,0.90765,3
1.9487,-0.2218,1
-0.22902,0.32711,1
-1.0872,-3.4274,2
-4.6277,1.6359,1
-3.665,-1.4643,1
-3.9234,-4.0425,1
-1.3787,0.26268,2
0.26101,-2.8247,2
2.3255,-4.6678,3
0.88535,5.1743,3
5.3912,3.0687,2
-1.549,0.82966,2
4.3506,0.80505,3
1.9634,0.6192,2
-1.4731,-1.8573,2
-0.12394,-0.91001,2
1.1791,3.2361,3
-0.18428,1.3572,3
-0.81979,0.14413,1
-2.2227,-1.9827,1
-0.67419,-0.87614,1
-3.9011,-0.35184,2
1.4257,-0.43671,3
-1.316,0.42522,2
0.27302,3.0591,3
2.5466,4.0449,3
0.010692,-0.70065,1
-0.90491,1.1478,1
2.911,-0.59358,3
-0.1034,1.6184,3
-2.7125,1.9992,3
1.9242,-4.2846,2
1.1707,2.4335,3
6.0703,-1.7363,3
-1.43,-1.4993,2
-0.63905,-3.1512,3
4.2724,-4.4689,3
-1.1583,-2.8655,1
0.55092,-0.3931,3
2.9991,0.21085,3
2.54,3.5385,2
0.54292,0.85479,3
0.70732,-1.1943,1
0.56267,-0.29609,2
-3.2766,1.6575,1
-0.86961,-1.0653,2
-4.9261,-4.1638,2
0.95209,0.50638,2
-1.5012,-1.064,2
-3.29,-3.2127,1
-5.1612,-0.64365,2
-2.1145,1.7784,2
1.2294,-1.1732,1
4.6312,0.96626,3
-3.6668,0.9761,1
1.0897,3.0507,3
-0.85944,0.79562,1
3.0219,-0.75196,2
1.4024,-4.6922,1
4.2703,-0.75049,1
0.42092,-1.6727,1
1.4005,-0.38078,3
0.33403,1.7191,2
2.0975,-2.0445,2
2.0722,1.6429,3
3.1658,0.14945,2
2.6176,2.1457,1
1.5979,-2.1758,2
3.126,2.4931,2
-0.3691,-1.2632,3
-2.7986,-1.2356,1
-1.1955,1.1863,1
-3.1359,-0.50309,1
-2.0205,-1.3325,1
-2.157,0.43241,3
0.46234,-1.2913,2
-1.6768,-0.28671,2
0.26701,6.7117,3
2.6282,-0.52139,2
-2.2134,-1.0894,1
-0.40009,-0.18607,2
-2.9778,1.148,3
0.17166,-1.6627,2
2.3719,-1.4344,3
3.1561,3.636,2
1.2959,2.9327,2
0.90773,0.9461,2
0.75449,-3.6361,1
2.4478,-2.278,1
-0.19851,-0.40509,2
-0.45103,-3.4697,2
0.39828,-7.8876,2
-3.0829,-1.6056,1
-1.4183,0.52842,1
0.34758,-0.83926,1
-1.0441,-0.32723,1
1.8158,-2.0925,1
2.4842,-2.8078,1
-0.094723,0.9152,1
0.42525,-1.1838,1
-1.6921,3.5541,1
1.4002,0.047413,2
-0.16079,-1.3899,2
-0.76855,0.41823,1
-2.2015,-1.9661,2
0.43217,2.8551,2
1.758,-2.5629,2
-1.8173,-1.8215,3
3.2344,5.1413,1
2.5103,2.9634,3
3.6203,2.137,2
-4.5703,-3.2014,2
-0.32145,-1.8303,2
-0.19099,-2.8883,2
2.0374,0.19987,3
0.91872,0.87348,2
-1.4002,-0.73682,1
-2.1558,-3.0122,1
-0.22028,-0.31458,3
-0.24213,-0.62205,1
-1.0292,5.3861,1
2.4816,-1.223,1
-1.4173,-0.28918,3
-6.4396,0.88941,1
3.5112,3.1796,2
3.3514,-1.6966,3
-0.68517,3.5006,1
0.1087,1.0613,3
0.69328,-3.6786,1
0.058795,-0.23645,3
-1.5253,0.51944,2
-2.8207,-4.3176,2
-1.7554,-3.0615,2
0.73085,2.3512,2
-2.0466,-2.7997,2
5.1683,1.9414,3
-1.7973,-5.7311,1
-4.8215,0.098131,1
4.6465,0.83172,3
2.3394,2.2026,2
1.9054,0.13192,2
-3.3447,-1.6286,1
-0.34484,-0.09591,1
0.38019,-2.809,1
-0.43421,3.5009,3
0.77223,1.5605,1
-3.5041,-1.74,1
-0.51712,4.4739,2
-0.35579,0.9096,2
-0.65572,-0.51899,1
3.0613,3.5904,3
-1.8419,-2.7885,1
1.3832,3.2064,3
1.53,1.2953,2
3.3031,1.1009,3
1.1196,2.1984,3
1.5982,2.8929,2
2.1203,1.1939,1
-3.7596,-3.6731,1
0.27786,-1.1426,2
-2.4302,-1.9315,2
2.0163,3.4939,2
-1.2154,3.9378,1
-0.32617,3.231,2
3.4031,0.15004,1
-0.88019,-4.6766,2
1.5779,2.2714,3
3.0181,-5.0717,2
-8.8622,-0.20034,1
-2.2614,-0.96301,1
-2.7616,-4.8199,1
2.2911,0.72882,3
0.7228,1.2353,1
-3.9072,1.6377,1
0.18215,-0.95519,2
-3.0915,-5.1893,2
-0.011116,-1.7183,2
1.2952,0.48051,3
0.63546,-0.69752,2
-3.0821,2.3398,2
1.9931,-1.5352,1
0.82764,2.6217,3
0.97913,-1.1239,2
-1.8535,-2.2689,2
-0.15746,0.54738,1
3.0864,0.57666,2
-2.234,0.42037,2
-0.099089,-1.259,2
0.59002,-1.3296,2
-0.42649,0.0047344,2
2.8716,0.92421,3
-0.39555,0.19511,2
-2.0914,0.82333,1
1.2936,2.2258,1
-4.3283,1.1326,1
-2.8845,3.0422,3
-3.075,-4.436,1
1.5733,3.246,3
-0.46237,0.87554,2
3.5258,5.3021,3
0.57312,-0.47326,2
-0.33943,1.3996,3
2.3408,0.23891,2
-4.0555,1.0637,3
3.3902,1.5563,1
-1.1098,1.3268,1
1.9585,0.384,2
1.0441,-1.1871,2
3.9429,-2.6571,2
2.6104,4.002,3
-0.67797,4.3054,3
5.2744,-1.3027,2
-0.20723,1.3301,3
1.4279,-1.8817,1
1.7741,0.96453,2
-2.4275,-0.99379,3
0.64623,1.3893,2
-4.3078,-2.7209,1
-4.0725,4.4294,2
-0.23328,2.9439,3
0.47838,1.3391,2
1.8742,2.5428,3
3.2232,5.219,3
0.86053,-1.9059,2
-0.19963,5.7113,3
-4.4814,-3.2589,1
0.63989,-3.1232,2
-1.7799,-1.8376,2
-0.10916,-2.1594,1
0.25078,3.2629,3
0.13987,-1.7976,1
-0.43578,0.72046,1
-0.20954,0.36021,2
-0.95329,0.096938,1
3.4844,-1.0684,2
-0.23895,1.8832,3
-0.30398,-3.3481,1
-0.55932,-3.896,2
-1.7663,-2.4376,1
-1.6072,-2.5014,1
-2.5588,3.3617,1
-1.7731,-0.074384,2
-0.82465,1.3124,1
0.75685,4.547,3
3.8549,-4.9882,2
0.95226,-0.18357,1
-0.79052,-3.0386,2
4.6178,0.27389,2
4.0021,-1.9188,2
-0.82433,-1.2676,1
4.3494,1.9072,1
0.56615,-1.8569,1
0.94569,2.0947,2
0.55311,2.6315,3
2.1564,-2.0171,2
-1.0369,2.1197,2
-0.73045,3.5426,1
-1.7727,-3.3919,3
0.95289,-1.014,2
0.84444,-4.0697,2
0.34612,-0.20187,1
-0.18107,-0.36373,3
-5.4167,-0.3394,2
1.2263,1.5227,1
3.0002,-1.9121,2
0.87877,0.080315,2
-1.8854,-4.6389,2
2.9103,3.1611,2
1.9268,-3.3179,1
5.8038,2.1609,3
1.3011,-2.7874,1
0.47715,-1.6902,2
-3.9456,-0.61567,1
1.5116,3.2379,2
0.95653,-2.0718,2
2.1106,4.9537,1
-1.2273,-4.2304,1
0.030839,-1.4672,2
-0.49329,0.6256,3
-2.6314,-1.8567,2
-1.9346,-0.16344,2
-2.1027,2.3903,2
-3.5607,-0.17644,2
-0.97061,1.5253,2
-2.8636,1.1122,1
-2.185,-3.2014,1
1.8323,4.688,2
-1.5416,1.5376,2
-3.1834,-1.4266,1
1.3385,-0.78648,3
-1.1785,1.3513,2
-0.54548,3.3501,3
2.3748,-2.3806,3
-2.36,-0.4491,3
1.7665,-0.32171,3
-0.87442,-0.76122,2
-0.84513,1.5557,3
2.8426,-1.8777,2
-1.272,-1.2029,2
0.71865,-1.1809,2
0.063315,0.53193,2
0.52421,2.5391,3
1.2925,-2.0844,2
-0.23408,-3.3045,1
3.4637,0.68166,2
-0.34527,-0.91709,1
1.6759,-0.27249,3
0.31245,1.0992,2
-1.3975,3.0747,1
0.44817,-1.1963,2
-4.7831,-0.27862,1
-2.1996,-1.3063,1
0.95292,-1.8116,2
2.1543,-0.86444,3
-1.079,-1.2446,2
0.74188,2.0404,1
-1.8948,0.12991,2
0.44899,-3.9809,1
3.4242,-0.80801,3
-0.63555,-0.070727,2
-1.0703,0.084119,1
-2.3971,2.8863,1
2.6283,2.099,3
-1.358,-4.1811,2
0.90676,0.44299,3
-1.2903,0.23092,2
-4.514,1.0767,1
4.298,3.4345,3
2.7126,-0.83405,3
-0.71456,2.925,2
0.037752,-1.0358,3
-3.243,-0.61199,2
0.72869,0.91612,1
3.3195,-2.5555,3
-2.2891,-3.3295,2
-3.1656,-0.24128,1
-2.4829,-0.58573,2
-0.5037,0.5617,2
2.424,-0.33959,1
-1.7311,-0.2319,2
-1.621,-3.1445,1
0.6631,2.8227,2
1.3233,0.23271,2
1.1194,0.43265,2
4.1216,4.0346,3
0.69943,1.7895,2
-0.43554,-1.0924,2
-1.9806,-0.45826,1
-4.825,-3.4395,2
-5.2883,-2.25,1
1.0903,0.87812,3
-1.167,-4.3309,1
3.6518,1.6168,3
0.44414,-4.6124,2
3.9579,5.3281,3
-1.9857,-3.4978,2
2.7747,-3.9075,3
0.5283,0.94401,2
1.4765,3.1376,1
-2.4051,0.99727,1
-0.20985,-0.29973,2
-2.1778,-0.13932,2
1.9446,2.4736,2
-2.288,-1.6595,2
1.3342,2.9614,2
-1.684,0.86547,2
1.4923,1.9613,3
1.6056,-4.2888,1
-0.89304,-4.8427,1
1.3245,0.15946,3
5.9372,-2.1555,3
-2.3123,0.01624,1
0.13562,-2.331,1
0.68681,-1.6436,2
-0.65289,1.655,1
2.637,3.7311,2
-0.70296,0.44473,2
-6.2648,-3.9635,1
-2.0616,-0.47101,1
-2.9515,0.83223,3
2.1885,0.36201,3
-0.82609,2.3849,3
4.1952,-2.2594,3
4.6152,2.505,3
0.12315,-6.7378,1
0.65783,-1.7169,1
-2.4091,-0.86808,1
2.3922,2.2819,1
1.9196,2.3512,2
-2.8372,2.5619,2
-1.2346,-2.6065,2
0.33729,0.13683,3
-1.4428,-0.13028,2
1.0125,-3.0608,2
1.6237,0.4438,2
3.0628,6.063,3
1.6839,2.2663,2
-2.3725,0.38632,2
-3.3574,-3.5261,3
-3.1468,-3.7004,1
2.1949,-0.66194,1
3.7442,-2.6288,2
-1.2716,-0.77637,1
1.6403,1.9344,2
-3.5787,-2.6077,1
-3.966,-1.2001,2
-2.4934,3.875,1
-2.4574,2.2162,2
1.7129,1.1028,2
-2.3521,1.1155,3
0.70724,1.0795,3
-0.088537,3.4934,2
0.84948,-3.8533,1
0.24347,1.7413,3
-3.4268,-0.29425,1
1.079,-1.1094,2
0.0040569,-4.1925,1
-0.85315,0.12329,1
-0.47195,-3.6183,1
-5.5813,2.4835,1
5.5891,1.7172,3
-6.1402,-2.5447,1
0.041306,-0.12084,2
-2.4074,0.048723,1
-1.5064,-3.2762,1
-1.1086,-0.11004,1
2.1655,4.3751,3
2.9791,1.173,3
-4.5072,-1.6889,2
-0.96897,1.0834,1
-0.17875,3.2933,2
2.4788,1.7708,2
-0.17955,1.4786,1
1.0706,-0.20721,1
3.3256,2.5646,2
2.8323,2.2139,3
0.17816,1.6368,3
0.73911,3.6409,3
-1.9357,-1.2699,1
1.4726,-0.02055,2
0.90751,-3.6745,1
-0.088711,2.531,2
-2.8625,2.5098,3
0.040118,-0.74488,3
1.6838,3.3488,2
1.3751,-0.94706,3
-0.61724,-3.4957,2
-0.83284,0.44838,1
-0.9621,2.0493,3
-4.0804,-3.2412,1
0.12263,-1.6573,3
-0.36285,0.48915,1
-2.5888,5.0191,3
3.9671,4.2548,2
-1.424,1.2056,3
-1.2787,1.7905,2
0.28902,2.553,3
-1.1299,2.141,2
-3.1166,0.36219,2
1.9775,-1.0075,1
4.6088,-0.75892,3
-3.776,0.79494,2
-2.6851,-2.3309,1
-1.4011,-0.21339,2
-2.3643,0.4638,3
1.6983,-1.5896,1
-1.9938,-4.485,1
-1.3841,0.25046,2
0.27975,0.78562,1
1.2436,3.6445,3
-1.3896,-2.9025,1
-1.1284,-5.0643,2
1.5596,-1.998,2
-4.2985,-0.37191,1
-1.9186,0.0177,1
1.3423,2.6531,3
-1.9599,0.40189,2
3.4242,-0.027215,3
-0.077527,-5.3839,1
1.1431,-1.2805,2
2.3283,3.5299,3
-2.0243,1.5764,2
-0.87821,-3.319,2
-1.9317,-0.90529,3
0.90633,0.91516,1
1.8094,-0.30194,3
2.4834,2.1105,2
-1.2779,-3.3928,1
-4.7651,-0.40554,1
-0.045848,-2.0605,1
0.23342,1.4573,2
0.86294,-6.8353,1
3.4643,3.8793,3
-3.2201,-3.6945,1
2.0947,-0.91888,1
1.3492,2.7076,1
-1.0066,-5.4346,1
0.65822,0.93722,2
-2.3335,3.1658,2
-0.80358,-1.5259,3
-0.48997,-2.326,3
0.337,0.65668,2
-0.93031,-1.2926,2
-2.1049,-0.88511,1
0.1156,0.20325,2
-1.8039,-0.56899,2
1.4784,2.0654,3
0.70327,2.8524,3
3.2801,-2.374,2
-1.6169,-7.3143,1
-0.23649,-1.1331,3
-3.1336,-3.1955,1
-1.716,-4.1675,2
-2.4816,1.0887,3
-1.4803,-3.107,1
1.406,-0.69852,2
-1.0631,-2.0294,2
0.98952,-4.0252,1
7.6752,-0.75239,1
2.4317,0.86034,2
-3.5018,-2.5447,2
-2.1932,-3.9876,1
3.3066,3.6149,2
-0.38755,-0.45658,2
2.8051,2.8167,3
0.67658,0.037099,2
-0.19956,-1.3453,1
1.4498,0.97034,2
3.957,1.5734,3
3.9,-0.55603,2
1.6931,2.8952,3
3.1294,2.5008,2
-4.7444,-0.92313,1
3.592,1.8541,3
0.15141,0.74707,1
-2.7737,1.5515,1
1.8074,1.2366,2
-2.6946,-0.41383,1
-4.4764,-4.3999,1
-1.6402,-0.69439,3
-3.438,-1.7154,1
-1.0401,0.2835,1
-2.0772,-1.8886,3
-0.071249,0.39439,3
-0.075103,1.0175,1
-0.51437,-3.0761,3
0.64848,-0.46204,3
2.2624,-1.3813,1
1.4315,-2.8375,1
2.2102,0.0087127,3
-1.2437,-1.6167,2
-0.77169,-1.4873,2
1.9384,-1.1314,3
1.7525,1.6207,2
-0.31114,-0.38795,2
-2.3,0.8507,3
-1.4128,-3.8734,2
0.27763,-0.84593,2
1.811,-3.5214,1
3.0221,-1.465,1
1.6422,3.3323,2
2.2513,-0.16922,3
-0.81854,1.937,3
-2.5132,-1.9337,1
0.40947,-3.0622,1
-0.35646,-3.651,1
1.0139,-0.28265,2
0.41232,1.6981,3
-3.6565,3.4731,2
-3.3148,2.0876,2
-0.63067,-0.32845,3
1.8119,0.78159,3
1.835,-2.9588,2
-1.8927,0.71756,2
2.9663,1.7519,2
-0.67903,-1.0412,2
-2.257,-2.3099,1
6.0899,1.375,3
-2.8045,2.1403,2
2.6557,-1.2091,3
-0.31468,0.28731,3
0.92937,-1.7302,3
-0.85798,-2.7184,2
-0.20037,-1.7639,1
-3.7677,-2.5988,1
-5.829,-2.3672,2
1.3061,0.62811,2
0.96499,0.53989,3
1.2831,-2.5823,2
1.8551,4.4276,2
3.2435,3.3701,2
1.6338,2.4175,3
-1.3715,-1.0168,2
1.1966,-3.4235,3
1.6715,2.8879,1
2.654,-1.0109,2
-2.4042,-1.507,2
0.83953,-3.3541,1
-1.45,-0.91014,1
-3.872,-0.34448,2
2.0434,2.7129,3
-1.8827,0.10844,1
4.0456,-0.44407,2
-3.5348,-0.11858,2
2.4219,-2.1432,2
-2.5398,-4.4202,1
-1.3634,1.581,2
0.91491,1.2762,3
0.28929,0.49863,3
-2.1482,-2.5502,2
-1.818,0.18433,1
1.4653,-0.97588,3
-0.17079,2.1351,2
1.244,3.6694,2
3.2179,-1.1314,1
2.2788,2.3702,3
-1.0913,0.32893,1
2.8834,1.1238,3
-1.5991,-2.561,1
-0.68695,0.36638,3
2.0287,1.4309,2
0.93547,-2.3485,3
-0.04627,-2.1558,3
-1.0717,0.79738,2
-1.1977,1.2236,3
-3.1831,-1.0211,2
1.8933,-1.158,2
-1.9195,-3.4757,2
-3.5899,-0.18496,2
2.0211,3.4383,2
-3.027,-2.8845,2
2.2245,-0.59191,3
-1.6333,-0.54114,1
0.66236,1.4305,3
-0.77312,0.12757,2
-0.23551,4.4463,3
-0.060704,0.16951,2
2.0711,1.002,3
-0.77587,-0.60404,2
2.9207,2.8924,1
-2.292,0.86238,3
0.98056,1.2615,3
1.594,0.63895,1
-1.7255,-2.921,1
-1.3147,-4.0861,2
-0.39778,1.68,3
1.5101,-2.3201,2
-0.36083,-1.9697,1
-0.75242,-4.1365,1
-2.8544,-3.1168,1
3.6282,3.3744,3
2.2296,1.1183,3
-1.1993,-2.5126,2
-2.2634,-1.7802,2
0.87916,1.0962,2
1.1085,-1.1747,2
1.028,-2.0503,1
-1.752,-1.0114,3
1.6879,3.46,3
-3.0232,3.1159,2
-3.9208,-1.6524,2
1.1453,1.1033,2
-1.3761,-1.6561,1
1.9648,3.741,2
4.2577,1.1975,3
4.1655,-0.6277,2
-2.1579,1.08,2
-3.0507,-4.5716,2
-0.36011,-0.089902,2
0.38524,4.8807,2
1.7183,1.5962,2
-2.2227,0.40858,3
2.152,0.31478,2
3.3988,0.27309,2
-2.5796,-4.0175,2
1.0852,-1.8799,2
4.5285,2.2674,3
-1.583,1.1284,2
-0.76574,-0.97714,1
-2.2629,-1.3217,1
-0.70969,0.098403,3
2.2735,0.46937,3
1.4813,-3.2026,2
0.16565,1.7489,2
-0.09037,2.661,3
0.8134,-0.098441,3
-2.6514,-2.944,1
1.3023,-0.44942,2
-0.5922,-1.1274,1
2.7294,-1.3968,3
0.94353,-1.0043,1
-0.33077,-0.2177,3
-5.8802,-0.74866,1
-1.074,0.32811,2
-0.3367,1.7273,2
0.46241,1.1148,1
0.96744,0.73089,2
-0.080077,-2.6025,1
0.53171,1.0429,2
-6.181,-1.8266,1
3.2722,2.6158,3
1.1823,1.9718,3
1.8356,-0.31893,3
-0.56778,0.9894,2
2.2093,2.875,3
1.9172,-3.9793,2
-0.67908,0.26912,1
1.9231,0.48991,2
0.27722,5.8012,3
-0.53681,2.4102,2
-2.6206,-0.13325,1
-3.0683,1.2171,2
-4.4323,-3.2909,1
-4.2648,-0.47326,1
0.34077,2.5495,2
0.4664,1.5059,2
-2.069,-0.77157,1
-4.0637,-3.9177,3
-2.1181,-0.33682,1
1.4507,3.2607,3
1.9072,-2.8656,1
2.8426,-2.3064,2
1.156,0.49419,2
-1.6417,0.087914,1
-2.9349,-4.4591,1
0.87251,3.1088,1
-0.51199,2.2366,3
-2.4012,-2.9966,3
5.1164,-3.3473,3
-2.4175,1.0263,2
0.62946,2.5964,3
2.6946,0.25995,2
-1.9605,1.0266,3
2.9403,-1.599,2
0.99903,0.79339,2
1.5305,-0.47259,3
1.5157,2.5206,2
-1.5545,3.0391,3
-0.50894,0.32921,2
-3.2317,-0.92533,2
-2.3583,4.1164,1
0.16679,1.8726,2
-2.9083,0.79158,1
2.6301,3.2033,3
-3.6,-1.8633,1
-2.4221,0.9147,2
-2.3116,-3.5435,1
0.1295,2.0589,3
-2.6141,0.22535,2
7.6001,3.7569,3
-0.047863,-2.0967,1
-0.34776,0.28078,3
-0.78084,-0.67874,1
-3.6765,-0.50908,2
2.5071,0.32583,2
-1.6973,-2.0437,1
1.1139,-1.9758,2
-1.678,-0.41908,3
-3.0211,6.997,2
1.256,-0.59486,3
-0.45131,-1.542,2
-1.5522,-5.5905,2
0.9097,-2.4441,3
-0.0066929,2.9957,3
-0.94101,1.8212,2
-1.5155,-0.047425,1
0.4179,0.66823,3
-1.037,-1.8684,1
-0.25956,0.11668,2
2.5277,1.0364,3
-4.0079,1.4972,2
2.252,1.4425,3
2.0776,-0.57903,2
2.0792,3.7442,2
-0.013152,-3.2496,2
1.8112,2.2913,3
-1.657,-2.5563,2
1.2583,1.3021,3
-3.1476,-8.4041,3
1.8526,-0.94649,3
0.28641,-0.015693,2
0.6365,2.6675,2
2.0886,2.1523,1
1.8082,-2.7383,1
1.8522,3.5168,3
4.604,4.7749,3
-0.59904,-1.0652,3
-0.84872,-1.8671,1
-1.7287,-0.21904,2
2.6911,-1.7588,1
-1.4212,2.1673,1
2.1766,0.66077,3
0.13995,-1.6789,3
-3.4568,2.7457,1
-3.6478,-0.98907,3
0.82053,-0.33266,1
0.45277,-1.7332,2
-0.18949,-1.3554,3
3.3415,-3.4049,3
7.0524,5.4258,3
-1.0503,3.8134,3
0.56327,1.8367,3
6.2008,1.1389,2
1.3603,4.2205,3
-2.3739,-1.6389,1
1.1731,0.96815,2
4.7288,7.697,3
0.59636,-2.0775,1
1.3728,-1.657,3
2.6149,1.7875,3
-0.72345,0.46289,3
-4.5111,-2.032,1
0.825,-1.3909,2
-1.7491,-3.8997,2
-0.74201,-1.3234,3
1.3808,-5.7986,2
5.6994,4.4615,3
1.905,-1.2162,1
-0.64785,-2.3122,1
2.8851,1.7544,3
-3.1489,-3.3482,1
-1.1139,-2.0792,1
-0.55027,-1.5418,2
-1.5897,-0.2662,3
-4.7557,-1.8083,3
-0.34092,-0.58763,2
2.113,-2.0703,2
0.32374,-1.7718,2
-1.6232,2.5357,3
0.57775,1.1408,3
0.042875,-1.1548,2
2.3621,1.5326,2
-2.649,-0.9813,1
-1.9348,-2.3306,2
0.75847,-3.064,2
0.34048,-0.65724,2
2.1166,-0.54874,2
0.66969,-1.1325,3
2.0165,1.4722,1
-4.3605,-2.2224,1
-1.2775,-3.0097,1
2.1037,2.579,3
-3.5116,-0.33324,1
0.11084,-4.2329,2
0.94916,1.2461,3
-1.2341,-4.9863,2
3.0942,3.5508,2
1.1509,1.6817,3
1.9409,1.0422,3
0.86441,-3.7637,2
0.87523,4.2045,2
-1.1557,1.0084,2
1.7661,0.77615,3
4.7274,0.65709,2
-0.95579,0.78557,1
2.4942,0.16777,1
-2.2917,-0.30881,1
-1.715,-2.0801,1
-1.7997,3.0622,2
2.1907,1.4585,3
0.87964,-0.51409,2
1.7675,-3.3719,2
0.048988,0.90641,2
-2.3897,1.2111,2
-0.89195,0.48374,3
0.050748,1.4069,3
0.3556,-0.50307,3
-0.3094,6.234,1
-1.2586,-1.113,2
1.3919,4.1083,2
-2.8541,0.064493,3
2.7925,2.1158,2
-0.14497,2.4517,2
-1.5822,-5.8653,1
2.0312,0.6665,1
-0.55789,0.52457,3
4.111,0.37664,2
1.7697,-1.9692,1
-0.46366,1.0995,2
1.0057,-3.0867,3
-0.85429,0.59693,1
-0.99169,-3.1585,2
-0.91688,-0.21048,1
-2.5212,0.38655,2
0.44875,-2.1948,3
0.81226,0.74276,3
-0.63126,2.1775,2
-3.1513,-1.825,2
-2.863,0.26504,1
0.55216,2.4474,2
-1.1157,-1.3301,2
2.4848,0.35107,3
-1.3816,2.2269,2
-3.3426,-1.0589,3
-1.0409,1.6887,3
0.88601,1.5157,2
-1.8215,-1.4772,1
-0.59802,1.3207,2
-0.11123,-0.42927,3
-0.14751,1.6839,3
-0.40575,0.54096,1
3.0957,1.4156,2
-1.7907,-2.3164,1
-1.5411,-2.0121,3
4.84,6.6736,3
-1.9293,1.7451,3
-1.3101,0.26951,2
1.1898,4.157,1
-0.0027661,1.6601,2
-1.5674,-3.576,1
3.2772,0.45984,3
-2.9568,0.39528,1
0.0031735,3.2434,3
2.0553,2.229,3
-1.3523,-2.8319,3
-1.7165,2.4672,1
-0.23104,3.4986,2
2.9568,1.1706,2
2.5365,0.80286,3
2.8905,1.8519,2
-0.99206,-0.9258,2
-1.0465,-0.5586,3
-7.0762,-2.2454,1
-3.8418,-1.9231,2
1.031,0.10661,1
0.79014,1.1837,3
2.6175,4.5084,3
0.62499,0.26303,2
-1.3801,-1.4028,2
0.49706,-3.8548,3
0.69686,0.44359,2
-2.5245,2.6172,2
0.40908,0.21163,1
3.1191,0.96945,3
-1.6625,-3.4304,2
-2.4175,0.56446,3
-0.72963,-2.3491,1
2.2305,-2.318,1
-1.2606,-0.64282,2
2.2647,0.73796,3
-1.2905,-3.3411,1
-3.0529,1.03,2
5.4945,1.3559,2
-1.5923,-4.2919,1
-0.15566,-0.6019,2
-2.3294,-3.4997,1
-3.1686,0.21338,1
1.0657,3.5739,3
5.4928,3.1035,3
-0.063,-2.2448,3
1.2069,1.4679,3
1.0721,-4.0002,2
-1.1458,2.9195,3
0.54031,4.5514,3
0.48215,-4.4204,1
-0.90777,2.0744,3
-1.1964,-1.0505,3
3.7264,0.73857,3
2.011,-2.1178,2
-2.2242,-1.3533,1
1.3692,-1.146,1
-0.53543,0.51742,1
-2.4606,-1.8118,2
1.6479,-0.085197,3
-2.5378,0.6599,1
-1.5599,0.26727,3
-4.4568,-1.6092,1
-0.37971,5.0587,1
-0.19621,-1.7151,1
-0.46907,-0.78242,2
1.366,-3.2335,1
-2.5368,-0.099084,1
1.2172,2.1324,3
0.32708,2.4696,2
-2.4189,-1.6153,1
-1.6456,2.1255,2
-0.92178,-3.988,1
-0.825,-3.0494,2
0.68474,-3.1872,2
1.2273,-0.23824,2
-4.6263,-3.4255,1
2.6611,1.641,3
1.2078,2.4104,2
-2.1021,-2.8124,1
-1.9895,-7.8787,2
-3.6635,0.0045288,1
0.99145,2.2424,2
-1.8913,-1.7072,1
-2.2192,-4.8697,2
-1.9267,-3.8802,1
-3.3325,-1.4454,1
-2.0145,-0.72959,3
0.81696,3.5126,1
3.788,2.3837,3
0.94644,-3.6321,2
-0.78748,-3.7485,2
0.6722,1.0287,2
3.9664,1.9822,3
-2.0482,3.87,3
1.1212,-4.4757,2
1.6484,1.122,1
6.8911,4.1114,3
-1.2597,0.20805,1
-2.8294,-1.5289,1
2.0917,-1.1029,2
-3.028,-1.9384,2
3.8898,1.5701,3
1.9451,-3.0764,3
-0.69209,-0.19973,1
4.2256,3.2696,3
1.142,0.41379,3
-1.5719,2.6535,3
-2.1927,1.1526,2
-1.7369,-1.8451,1
-0.35919,-3.8961,2
-9.0484,-5.7633,1
-1.2941,2.1625,2
3.1251,-0.28161,2
0.12687,0.54756,1
2.468,3.936,2
-2.5146,2.4394,3
2.0229,0.91957,2
3.5046,3.3876,3
-0.69075,1.7139,1
-0.89303,-2.1462,1
-0.1866,0.66651,2
0.43589,-4.9867,1
-0.55559,-0.32108,2
1.7051,-1.6977,3
5.2175,1.7594,3
1.8309,0.37755,3
0.2434,0.97535,2
3.9597,0.85046,3
0.67187,1.643,3
0.98683,5.1528,2
2.0787,-1.5928,3
-2.1314,-0.029451,1
0.84835,2.7984,1
-0.034798,-4.1692,1
-4.3843,1.7577,2
-0.89497,1.2542,2
4.1235,3.5719,2
0.8698,2.849,2
2.1622,2.1503,1
-1.0749,1.4613,2
1.2435,2.7305,3
0.39157,2.7355,1
1.9258,2.2716,2
-1.4344,-2.5025,1
0.56039,-3.1353,2
-0.06295,1.3417,2
-3.6778,-0.64024,2
-2.8647,-0.096969,1
4.2136,3.2668,2
1.6051,-0.22992,1
-5.7426,-6.7195,1
-0.010408,1.6429,3
1.353,-0.16232,2
1.3015,-0.066147,2
-0.57245,2.2472,3
-0.38519,-0.28269,1
0.55173,0.58325,2
-4.3705,5.2471,2
-1.8295,0.45184,1
1.663,-1.9954,3
0.75158,1.2587,2
1.2508,4.6053,2
-2.3771,5.3601,3
-2.2044,3.4347,2
1.3539,0.99063,3
0.78334,-1.4321,2
3.7443,3.3547,2
-2.168,0.655,2
-2.3311,-4.074,1
-2.3579,-1.2852,1
1.8767,-4.1227,2
1.049,-0.45629,3
2.4006,-3.8126,1
2.7562,1.0481,2
-1.009,0.51534,3
3.7325,-1.4149,3
1.8061,2.5481,3
-1.5934,-0.18235,1
0.056346,0.47668,2
-1.4837,-0.98541,2
0.61966,-1.4815,1
-1.4269,-2.0991,3
0.97776,0.37492,1
0.084349,-6.6355,2
-2.2142,-4.3516,1
0.71945,-2.0204,3
2.068,0.59564,3
0.27665,0.76848,3
-1.3925,-0.77811,2
1.8801,-0.55817,2
-0.20594,-2.2205,1
-0.48475,-1.0148,2
2.8283,2.838,2
-2.1775,-1.6809,1
4.3077,2.141,3
-3.2752,-3.9534,1
-1.6421,3.6252,3
0.53549,-2.1642,2
-0.70871,-4.027,1
-1.4077,-1.5618,3
-3.7248,-1.0118,1
0.77467,-0.82983,1
2.1764,0.073358,3
2.2228,-0.30693,3
2.7001,3.2174,2
0.67707,3.0801,3
-0.47853,-3.6521,2
-1.9977,-0.5143,1
2.9975,4.3256,2
2.3503,-2.7792,2
0.25484,-2.1447,2
-2.6072,-0.61214,2
1.8219,0.38669,2
1.0867,3.6646,3
4.0295,0.73078,3
-2.3035,1.2735,2
4.2504,2.6967,3
-0.19388,5.2453,2
3.2153,3.8367,2
-0.68478,0.58251,2
-2.055,-3.4927,2
2.6992,1.4846,3
0.53715,1.1192,1
1.4683,1.0127,3
2.1601,4.8962,2
2.0053,2.9046,1
-0.25489,0.10877,2
1.215,1.7117,2
0.62663,0.97844,2
-1.6255,-3.1615,2
-0.20774,-3.8717,2
2.5117,-1.4309,1
0.055641,-4.098,1
-1.8094,0.70478,2
-2.7454,-0.98497,2
1.8376,1.987,2
3.7846,6.5698,3
-0.57408,-1.1363,2
1.4747,-3.3222,3
2.019,4.088,2
2.1761,3.0765,2
1.2791,-0.58273,3
-1.7787,2.2989,3
2.6273,0.41329,3
-2.4829,-3.0786,1
3.3559,5.0697,2
3.1427,-0.17422,3
0.78637,5.8654,2
-1.2113,-2.7604,2
3.653,2.6493,2
1.7129,2.3939,2
-0.75688,-0.4958,1
-1.6378,1.5697,2
-0.91237,-1.6844,2
1.3338,-0.62049,2
0.8891,-0.84352,1
0.69701,-2.4959,1
-1.9139,2.5248,1
0.019753,2.8237,2
0.68035,1.9678,2
-1.9924,-1.8849,1
0.20458,-1.4165,2
-2.4055,3.6125,2
-3.9784,-0.72358,3
2.1524,-2.3633,2
-2.6202,2.6035,2
1.7999,3.939,3
3.4287,-0.69875,3
-0.79478,1.1634,2
-0.56829,0.15754,2
-4.5282,-1.0367,1
2.2554,4.8049,3
2.8456,0.34385,1
-1.3893,-2.5759,1
-2.27,-1.4961,1
-0.37633,0.20796,1
2.8901,-2.2834,3
-1.7061,-0.68249,1
-2.6422,3.0976,1
-2.5627,2.1142,1
-1.535,-2.6069,1
-5.0985,-1.3153,1
0.084774,1.2954,1
-0.10907,-1.6313,1
-0.41755,2.0343,2
-0.94113,-0.27969,2
-1.3995,-2.0109,2
0.44406,0.53742,2
1.3433,2.09,3
0.98201,1.43,3
2.6402,0.19849,3
0.23129,0.60674,3
-1.5369,-2.1597,2
1.8357,4.36,3
2.6513,3.4671,3
1.1315,-1.3985,1
3.4976,0.10291,3
-1.3143,-2.9543,2
-5.27,-3.1742,1
-0.38911,3.6252,2
0.04402,1.4427,3
0.36617,0.029695,1
-1.3886,-3.057,1
-1.5113,-0.23623,1
1.6141,0.80954,3
-3.1395,-0.36112,1
-2.7934,-1.5015,2
-1.4338,1.2263,1
-0.14421,-1.7716,2
0.064629,2.086,2
2.1244,1.4685,1
-3.6119,1.6433,2
0.44509,2.1238,1
1.1141,-4.4278,1
0.096342,-0.44048,2
-1.4008,-1.2344,2
2.551,-4.6958,2
-0.5251,0.93303,3
0.26435,1.5239,3
-0.18489,-2.7813,1
0.95836,1.0222,3
-0.76225,-2.2236,2
0.18987,0.59758,3
2.0778,-0.40996,2
1.4592,-0.45073,2
-2.9998,-2.6189,2
-3.4898,-1.8283,2
1.9407,4.0454,3
-6.1023,-3.5341,1
-1.1954,0.88774,3
-0.95109,3.7253,1
-1.1862,-2.0145,1
2.8352,0.48916,3
-1.0562,-2.5636,2
3.4181,1.5449,2
-1.8582,1.7994,2
0.91561,-2.1783,2
3.6725,3.4336,3
0.495,3.4397,3
-3.738,-1.6247,1
2.2093,3.0228,2
3.9073,-1.4685,1
2.563,-1.981,3
-0.48072,-0.48578,1
-0.59628,0.22804,1
-0.59472,-0.86974,3
2.688,1.7388,2
-3.3039,1.208,2
1.5099,3.3014,3
0.43936,-0.91774,3
-3.984,-2.2509,1
-1.8,-2.8324,1
0.036136,0.70012,3
0.55468,0.11476,2
-0.52151,0.22096,2
1.3116,2.0249,1
2.6077,2.893,2
-0.92304,-1.8474,1
0.72203,-2.9208,1
0.1114,0.27984,2
2.7367,1.1234,3
2.0906,2.7848,2
-0.99715,-1.1667,1
2.8508,1.3025,3
-2.9755,-2.9951,2
3.312,-2.6558,1
-0.89432,2.9469,3
-0.44543,-5.0467,3
2.032,1.4017,2
2.0915,0.76012,2
-2.3001,-1.4122,2
-2.75,-0.2687,2
1.3518,4.3208,3
2.7163,2.2815,2
4.1738,0.39924,2
1.6346,-1.6114,1
4.1112,3.9771,2
0.81415,-1.7054,1
0.15209,-1.9302,1
0.71074,-0.4922,1
-2.7051,-1.4812,2
0.92709,1.595,3
2.7727,2.9141,3
-1.9308,-4.1424,1
-4.5706,0.084534,1
-3.0467,-2.0232,2
3.3617,-1.3987,2
3.7441,0.29051,2
-0.64504,-2.2307,1
-0.81364,4.1011,2
0.37028,1.3092,3
3.3253,5.67,3
3.0213,2.9345,3
0.51691,0.32991,1
-5.387,-2.7213,2
-0.52907,0.36381,2
-0.92655,0.73022,3
1.5275,1.2865,2
-1.1213,0.52988,1
1.6935,0.63243,2
-3.1443,-1.1302,1
-0.89511,-3.1056,1
6.8299,2.2141,3
1.6197,0.92826,3
-1.9969,0.96003,3
0.85258,-3.1723,1
2.6829,0.482,3
-1.7265,0.25495,1
-1.1884,-3.7533,2
1.5758,0.61411,2
1.3262,1.3374,1
-2.5794,-3.1257,1
-0.44504,1.0722,3
1.8152,0.93268,2
0.6924,-4.4993,2
-4.2312,-4.013,1
0.59178,3.8532,3
-6.5761,-3.465,1
-2.0205,-2.2542,2
3.2649,0.66637,3
0.68694,0.53418,2
1.6758,3.6953,2
-0.19993,-0.30906,1
2.5004,1.4134,2
-0.25709,0.46987,2
3.127,2.9677,2
1.0986,4.1606,2
-0.063106,1.843,3
2.6826,2.4849,3
-2.0254,-1.3112,1
-0.18732,-1.5244,2
2.9155,-1.4891,2
-5.5106,-4.8381,1
2.5981,-3.1249,3
2.1225,-0.59222,3
-0.68291,-2.477,2
0.51909,-2.004,1
0.20537,-1.882,1
-1.5023,-1.5515,1
-3.7169,0.6593,2
2.074,-0.66153,3
0.22582,4.6083,3
-1.3709,0.25662,3
2.5756,-0.014475,3
-2.0165,0.29191,2
-4.3096,-0.52352,1
0.10533,0.15907,2
-4.7409,-8.1928,1
1.9495,-0.13851,1
1.8097,-3.8544,2
1.5227,-1.5191,1
2.1483,1.002,1
-1.4109,-3.631,1
0.75915,-4.0195,3
1.4714,1.9159,3
-5.0815,1.7022,1
3.8204,3.4209,1
2.1541,1.8888,2
2.272,-1.2468,1
-2.9445,1.4909,1
-1.0606,0.15999,3
5.675,-0.47509,2
0.57371,2.7595,2
-0.60297,0.91187,2
-0.54378,1.5439,1
-2.0596,-1.5532,2
-0.47409,-1.0589,2
-1.5435,0.38138,1
-0.36788,3.9137,3
-1.2277,-0.7934,1
1.6458,1.3186,3
-1.1652,-0.50656,1
-6.6977,0.21559,1
2.2816,-1.0144,1
-4.3378,0.82649,1
-0.19082,0.74862,1
-1.2814,-0.40003,1
-1.211,2.424,3
3.2291,-2.2985,3
0.78914,0.75284,2
0.17488,-0.26504,2
5.0939,5.3281,3
-2.2063,-2.1827,1
-6.5715,-1.7201,1
1.0833,-0.81236,3
4.2617,-2.1768,3
-1.8119,-0.7918,1
0.032628,-4.1877,2
-0.45077,-0.058505,1
0.73783,1.0772,2
0.28889,0.056066,2
-2.4829,-2.8874,1
-1.0657,-2.0021,2
-3.9414,-2.0141,2
5.5648,2.0081,3
2.4251,0.51311,2
-4.5168,-2.1852,2
-0.014778,-0.38337,1
-0.15238,0.34954,2
0.21563,-4.0235,1
-0.83419,0.36747,2
-1.7282,-2.6331,1
-1.0075,-1.0045,2
0.44009,0.24013,2
-0.029181,2.4688,3
-2.7696,1.2763,2
1.1455,-4.3051,2
-1.797,-0.098648,2
-0.69626,1.3264,1
3.6496,2.9791,3
-0.85139,-0.87219,1
-0.29307,0.068021,3
-1.2753,-0.32962,1
-4.4471,-0.064449,1
0.20414,0.015787,3
-0.9683,0.1104,1
-0.14991,0.083692,2
0.68326,-4.9375,1
1.4339,-0.44906,2
-6.1154e-05,-3.0059,1
-1.4731,-1.8948,2
-1.4771,1.5492,2
-0.43414,2.1541,2
-0.45134,-0.1567,2
-2.2804,2.4949,3
-1.1581,-0.53711,2
1.9433,2.0667,2
-2.4699,-1.5406,3
-5.1385,-2.6936,2
-2.1949,-1.177,1
-0.084327,-1.1055,2
1.6317,2.9147,2
-0.88998,2.861,3
-1.2673,-5.6152,1
0.89837,-1.2607,3
0.33822,0.1434,1
0.42069,3.6335,3
-1.9603,-3.1086,2
1.4438,-0.39408,2
1.5296,1.938,2
0.45484,-5.6141,3
0.00048293,-1.2096,2
-2.3613,-0.76124,2
2.4415,1.6283,2
2.23,0.78315,3
-1.9543,0.012255,1
2.628,-1.9046,2
-3.9781,0.64011,1
2.4538,3.5933,1
1.4708,-3.5861,2
1.7988,1.1034,3
3.762,2.4163,3
-1.6738,-2.5413,1
-1.0819,-1.1481,3
1.9099,1.5242,3
-0.70858,-0.35789,2
-3.5947,-1.7354,1
-2.7177,-2.7524,1
0.428,1.6035,2
2.1201,0.074076,2
-1.1683,1.4874,3
1.8096,-0.043637,1
-0.36236,-2.0177,3
-3.3137,-2.128,1
0.63141,1.2185,3
-2.1373,-0.78027,3
2.4737,-0.046446,3
-1.961,2.0096,2
-1.3904,0.56974,1
-1.4368,0.87208,2
1.3137,1.6429,3
-1.2434,2.2546,2
-1.1891,3.0829,2
-0.89929,-0.92313,1
-1.1208,0.57117,3
-0.068293,3.5084,1
1.2499,-1.2586,2
-0.69766,1.6072,1
1.33,2.8057,2
-3.8359,-1.5074,2
-1.7565,-1.5125,2
2.5843,1.4852,2
0.068642,-0.41042,3
1.6355,2.0817,2
0.78361,1.1714,2
-0.14411,2.2793,1
2.3327,1.1579,3
0.15026,0.4951,3
0.19251,-2.9227,1
-1.7031,-2.0002,1
3.1845,0.97537,3
-0.14052,-3.7892,1
3.3991,-3.237,3
0.20327,1.8159,3
-2.9853,-2.2853,3
0.79593,-0.11827,2
-1.8155,2.6901,3
-2.9696,-2.4235,1
1.6003,0.29185,3
-0.37633,3.6106,3
-1.6166,-2.1754,2
-2.6972,-0.29652,2
1.1892,-0.085518,3
-0.56385,-1.2061,3
-0.79089,2.1788,3
3.7017,1.3499,3
3.5859,-1.0257,2
-4.775,-0.26052,1
0.26498,1.3186,3
-2.2839,-2.0562,2
4.1198,1.5184,3
1.0475,-0.70143,2
1.5685,1.6234,2
0.78326,3.785,2
0.5484,2.5541,3
-6.2173,0.13356,1
-0.14458,-0.12202,1
1.046,-0.77563,2
-1.5356,2.1653,2
