-4.0852,-0.22489,1
4.7781,-0.6415,3
-2.9078,0.11173,2
0.92475,-1.3007,3
-0.1833,0.031351,2
2.9961,3.0338,3
-3.6849,-0.64377,2
1.7548,3.2169,1
1.3437,1.4564,2
5.1769,2.3602,3
-1.129,2.2513,3
0.23552,-0.089585,1
2.5809,1.6362,3
1.4835,-1.7139,2
0.13962,2.7684,3
0.078986,0.69033,2
3.7486,-1.5021,3
2.9067,-1.5652,2
5.1156,1.3111,3
1.8472,-1.4251,3
-1.0406,-1.597,1
2.3556,0.48268,3
-1.1356,-4.8263,1
1.1314,3.9159,2
-3.2864,-1.1201,1
-3.3868,-0.18537,1
-0.57538,-1.0724,1
-0.7393,0.70035,2
-3.0811,-0.8087,2
1.0389,-1.301,1
-0.62215,1.5492,2
-1.699,4.7241,3
0.2857,-1.7225,1
2.6199,1.9826,2
-0.52557,3.1943,2
-6.8335,-3.9857,1
1.1047,-1.2831,2
3.0885,1.1781,2
-2.3446,2.1331,2
-1.7897,0.096933,2
1.1131,-1.7671,3
-0.12426,0.17551,1
-2.6101,3.2123,1
-4.13,1.1748,2
1.3342,-1.5546,3
-1.7851,-2.6115,3
0.93946,0.47786,2
2.0859,5.2481,3
3.082,3.6867,3
-0.41806,0.50775,3
1.7044,-1.7677,3
0.63023,1.7569,2
-0.30075,0.74475,1
-0.1542,-0.98538,1
-2.5604,-1.4874,1
1.6469,-1.5442,2
-1.7011,-1.606,1
1.4069,3.543,1
3.2355,-2.6481,1
2.2988,-0.36723,2
-0.24948,-0.7762,3
1.3059,0.40343,3
0.58384,1.461,2
-3.8035,-0.65882,2
-0.28963,0.44127,3
-0.48776,1.5137,3
3.4842,-0.12765,3
-2.3191,-2.0624,3
0.24206,-0.45223,1
-1.9681,4.6343,2
2.8904,3.4867,2
2.7165,5.3684,3
-1.5569,-0.7121,1
-1.0182,2.9642,1
3.4481,-1.1529,3
2.1191,-0.63508,2
0.43267,2.0547,3
-1.5216,3.0269,3
-0.40622,1.9032,2
0.28219,2.367,3
1.3196,-0.19218,1
2.065,1.381,2
2.3688,0.25209,2
0.63893,-0.61374,2
0.28591,1.8915,3
4.4442,2.2915,2
-0.26429,-1.1129,2
-0.33931,-1.8275,1
0.051004,4.2133,3
-0.41077,-1.0211,1
-0.80519,0.68424,1
-0.11139,1.9897,2
0.43987,-3.3938,1
-1.7093,-0.89266,2
-1.1477,-0.78348,3
-0.52943,0.92859,2
-0.49195,-1.3619,2
1.7049,-0.61624,2
1.4375,-3.4335,2
0.46113,0.24898,2
-1.988,1.2648,1
3.8095,5.3497,3
-1.8515,-1.4643,3
-0.32544,3.7944,2
-2.2628,0.2591,2
5.3529,3.9566,3
-2.4201,-0.57048,2
1.357,0.36998,2
1.4139,-0.98719,2
-3.2257,2.483,1
-1.1927,5.3874,3
0.30747,-0.82784,2
1.9352,3.1173,2
-0.90092,-0.56051,2
-5.1358,-1.6937,1
4.2984,0.23035,3
-5.7122,-1.9726,1
-3.0852,-0.3985,2
-0.038961,-1.0218,3
5.0122,4.6579,2
-1.7377,-2.3244,1
1.815,4.581,3
-1.9771,0.54775,2
0.72954,-1.0504,2
0.23038,-0.37374,2
-2.1052,0.32553,1
3.4275,3.046,2
4.7055,3.0086,2
1.2451,-1.6525,2
-0.88283,0.88129,1
-1.3753,-3.7971,1
0.43977,0.47592,1
-1.3074,1.919,2
5.7274,0.7911,3
1.0458,-1.9713,1
3.547,0.64572,3
-2.0325,3.7432,3
5.335,3.5358,3
-2.9731,-1.3319,1
0.92567,1.4686,3
0.85238,3.3028,3
0.41327,-5.6218,3
3.4577,-4.2888,2
-0.61645,-1.4183,1
-4.8386,-0.6091,2
-2.4263,-0.73759,3
-4.2199,-2.1547,1
-2.4351,-0.20585,2
-0.7381,3.0397,3
3.836,-1.1037,3
-2.6309,-1.8755,1
-0.40042,1.0965,2
0.30742,1.213,1
0.63497,-3.3342,1
0.69783,-4.2459,1
2.9852,1.4083,3
-0.37238,-4.9384,1
-1.2428,-3.9373,1
-4.9944,1.7504,2
-2.208,-3.4642,1
-4.4178,-1.6199,2
1.4836,-0.10299,2
-0.43833,2.3594,3
1.501,0.11075,2
-2.8296,-2.8341,1
1.9039,-5.7122,2
0.53011,-4.6354,1
5.6129,-0.98654,2
2.2971,-1.5194,2
-2.1026,1.53,2
0.81632,-1.0241,2
-5.2012,0.52152,1
-0.9423,-0.44991,3
-0.93589,-1.4469,3
-3.0824,1.7207,2
4.935,2.4321,1
-2.8288,-0.98404,2
0.34375,-1.6938,2
-2.0257,-0.8737,2
-0.54171,-1.2486,1
-0.33784,1.4398,2
4.3391,2.2682,3
3.1084,3.0424,2
-4.9444,-3.2174,1
1.833,1.5514,1
-1.2401,-2.8448,2
-3.4166,2.737,3
1.2559,1.321,2
-2.0536,7.1117,3
-1.7639,3.4373,2
4.3206,-1.0963,3
-1.6417,2.9447,3
-0.29737,2.7056,2
-2.749,-1.6948,1
0.86639,0.69714,2
-4.9478,-0.54987,1
-0.39984,-1.0292,3
-1.6926,0.60088,2
-0.84258,1.4582,3
0.43905,1.6137,2
-1.777,2.2255,2
-3.3521,1.6803,1
1.845,-1.8282,2
2.1114,0.2922,3
1.9127,-1.642,2
-1.5087,-0.51552,3
-1.9125,-2.369,3
5.0192,0.40292,2
1.0807,-0.37804,2
0.81269,-1.0988,3
-1.3716,-2.2366,1
-1.5545,-0.33787,2
-9.039e-05,1.5799,2
-0.56504,-0.13435,3
-0.66136,1.4898,2
-0.13311,1.0985,3
-1.1286,-2.8916,1
0.2858,5.26,3
-1.9559,0.73797,1
1.7897,-2.3214,2
-0.59661,3.2025,3
-1.717,-1.108,1
2.3643,-1.5154,3
-0.58694,0.39973,2
0.89954,-2.2777,3
5.9561,1.8386,2
2.5986,0.90877,3
-1.5915,1.2279,1
2.055,-3.7942,2
-0.36103,-1.4139,3
-0.046824,-3.3769,3
1.5694,-0.19321,3
0.077179,-0.37836,1
0.80526,2.1071,2
1.6187,1.4339,2
3.2214,0.42928,3
2.1593,-1.0905,1
5.5412,-2.2498,3
0.20683,-3.0504,2
0.14269,2.9236,3
-1.3287,-2.3228,1
1.59,4.562,3
2.0686,0.56372,1
3.2536,-0.6675,3
1.1179,0.68416,2
0.63997,5.319,3
-0.23686,-0.17297,2
1.2249,-3.4182,3
-2.4158,0.070935,2
0.2871,-0.95385,2
-1.268,3.5301,3
-3.702,-4.0147,2
0.5672,2.0621,3
1.7037,1.1769,2
1.1435,0.21725,3
-0.49166,-2.7287,2
0.45606,-1.3197,2
3.6294,3.6479,3
0.94178,0.62466,3
3.2517,1.3414,3
2.2557,-1.0941,1
1.9662,-0.061208,2
2.9441,0.20472,1
2.849,-2.2364,1
-0.014624,2.8346,3
3.0376,2.5841,3
-3.1712,-0.020449,2
0.83699,-0.0067402,1
-1.5545,0.34474,3
-3.8759,-0.10246,3
-4.4504,1.9682,1
2.0425,-2.3506,3
3.0355,1.4178,3
-5.1024,0.37691,3
0.38319,1.4417,3
-1.7706,-2.5538,2
-4.6348,-2.0937,2
-0.41883,-0.98865,3
1.426,2.594,3
1.2537,1.2349,2
-0.34653,0.55475,1
1.5998,1.2654,3
-1.6144,-0.27501,2
-1.4754,-1.5537,2
-0.21265,0.11809,2
-0.17754,-0.47862,2
0.098636,0.12968,1
-5.1966,-0.97104,1
-0.2211,1.476,1
3.3391,1.6787,3
-0.28908,-1.8946,1
-3.141,0.86873,1
0.98383,-1.2379,2
0.2528,1.2485,1
-1.0355,2.9165,3
-0.8743,-2.1911,2
2.4684,2.2115,2
1.8578,3.7316,1
2.2691,1.141,2
-1.9933,1.3017,2
2.7346,1.7175,2
-0.0081793,-0.74432,2
-0.030912,1.3947,1
1.4316,3.4236,2
-1.4332,3.0698,3
2.1397,0.17306,2
1.1721,0.82856,2
1.3303,-2.4355,3
1.8151,-1.4204,2
-1.1561,-0.54058,3
-2.5439,-3.0963,1
0.56446,-4.3303,1
1.4921,-1.6856,2
2.3927,4.6145,3
-3.7563,-3.9775,1
-1.9122,1.8918,1
-0.42871,-1.3476,2
-3.421,2.2703,3
5.5824,-0.70702,3
7.5384,1.0432,2
3.2941,-2.0005,2
1.7169,1.8103,3
4.6331,4.7497,3
0.36093,-0.85423,2
1.7304,-0.94508,2
-0.40924,-0.5373,2
1.4836,1.0972,3
2.5148,-1.7038,2
-2.5856,-4.1275,1
2.1486,-0.40383,3
-4.5386,-2.0713,1
4.5718,5.0795,3
-0.71419,-0.04645,1
0.76291,-1.5837,2
1.8666,0.37348,3
0.53887,1.2946,2
-0.44302,-1.3146,1
3.5757,1.3427,3
0.90561,1.2552,2
0.74467,2.56,2
1.8599,1.8606,3
-1.5265,-5.4908,2
1.4429,-1.4388,1
0.42237,-3.8177,1
0.90356,-0.30421,3
0.50593,-4.8373,1
4.7018,1.473,2
2.2678,0.7193,3
1.3748,0.90129,2
1.3196,5.1367,3
1.6767,1.5104,1
-0.20019,-0.86752,2
0.19492,-5.2248,2
-0.41631,1.7145,2
0.013127,1.8495,3
0.22383,0.22876,1
0.15786,1.4144,2
-2.1106,-0.26595,1
0.0053316,-4.9581,1
1.8659,1.8577,2
-0.88515,-3.01,1
-1.2262,0.61453,2
1.2279,3.3959,3
3.9991,3.2332,3
-1.2452,-2.0263,1
0.68384,1.4741,2
5.3335,-1.006,3
-1.843,1.6581,1
-0.85189,0.61085,3
1.0252,0.76718,3
1.2002,-1.2411,3
1.3499,-3.1314,1
7.8743,2.6773,3
0.91246,0.3046,3
-3.1084,-3.6883,2
-0.79209,-1.6505,1
-0.51954,3.6079,1
2.3523,3.6762,3
2.8489,0.36677,3
0.5784,-0.50938,2
1.7247,-2.4425,2
3.5529,0.83018,2
0.23895,0.30789,1
-4.6065,2.1348,1
-1.4716,-3.0586,2
-1.357,-1.6503,3
0.65442,3.7759,3
-1.0713,1.8627,2
2.1243,1.1201,1
1.2513,-6.4262,1
3.3137,1.7924,2
-0.84607,2.1688,2
2.7837,2.8577,2
-0.89902,-0.4867,2
2.0551,-1.3876,2
-2.8173,-2.4045,1
2.182,1.7664,3
0.54382,-4.1827,1
-0.017148,0.39851,3
-0.56357,1.781,3
-5.0777,-2.4067,1
-0.41225,3.5301,3
-2.6736,-0.05596,2
5.1796,2.6128,3
0.39847,2.1359,3
-2.1091,-1.1891,1
-2.0086,-2.7313,2
-1.5774,-1.8176,2
-1.1672,-2.2739,1
3.5777,2.0364,3
1.018,1.5076,2
4.252,-0.67484,3
0.9266,6.1096,2
0.61211,3.6613,1
-0.34876,-0.4545,2
1.1556,3.1177,3
1.6555,-2.3354,3
3.1627,3.2263,3
-0.28144,4.4179,2
4.3039,5.6227,3
0.9776,-0.36848,1
0.51945,0.030899,2
1.5451,-0.59086,1
-2.1925,1.4547,3
-3.1349,2.6846,1
3.9658,3.1115,3
2.014,-1.8737,2
0.53859,1.5868,3
1.0344,-3.6892,2
3.5416,-1.8563,1
0.55061,4.8522,3
1.9453,-0.9243,2
-1.9937,1.6257,1
1.9613,-6.5186,1
0.276,3.8696,2
2.1875,1.6505,1
1.4884,-0.35286,2
1.265,0.59787,3
1.4389,-0.31729,3
-0.89918,-0.71048,2
-2.0786,0.11148,1
-3.2196,-0.18076,1
0.097707,-2.166,2
1.6767,2.4983,3
0.46182,1.9356,1
0.00031242,0.0763,2
1.3373,-1.208,2
2.5419,-1.1301,2
5.7988,0.78207,3
2.2451,-0.21796,2
-1.6536,-0.38824,2
-3.5555,-1.0943,1
-3.019,-1.9409,1
-0.90126,0.14688,2
-1.7783,3.1205,2
6.6707,1.3537,2
-1.562,-3.0837,1
2.5695,0.16269,3
-2.3487,3.6121,3
0.46332,1.9634,1
-0.42955,1.2519,2
-0.9683,-2.2382,1
4.8466,1.3375,3
1.2724,-2.066,2
0.63409,0.87994,3
-1.1253,4.1183,2
-2.21,-3.1372,2
0.084606,-1.8289,2
-1.137,3.2444,3
-0.17066,-2.9263,2
0.235,-0.34806,1
-1.0679,-2.7584,3
2.4325,4.0059,2
-1.6188,1.927,3
0.92555,-1.7815,2
4.5486,1.877,3
1.2917,-0.19855,2
2.5302,4.6364,3
2.1755,-0.80938,2
2.2484,-0.86444,1
-0.87758,0.070118,1
1.0956,-0.10678,3
-1.0578,-1.3237,2
-1.238,-0.4459,1
1.7677,-0.47926,3
-0.57755,2.0834,1
-0.59393,2.1447,2
2.031,0.19861,3
-0.11968,-1.8442,2
2.2127,0.1945,1
-2.9662,-2.1256,2
-3.7371,0.76445,1
-0.82596,1.1221,1
0.033505,1.1001,3
-0.66629,-3.2352,1
-3.1102,-1.3295,1
-0.30471,1.0535,2
-0.82459,0.50248,2
1.0765,0.51727,3
-1.8324,0.18796,2
-1.6497,-0.74561,3
-0.68172,-0.43674,3
1.3777,2.2507,2
1.8069,2.5653,2
1.7763,2.8646,2
-0.70233,0.52631,2
-0.10106,-1.5607,2
-1.9314,-0.51698,2
2.2068,-0.2143,3
-2.1207,-0.55535,2
-1.3003,-3.0571,1
3.4554,0.14997,3
2.9123,2.4514,2
2.2472,-2.292,1
-3.558,-1.503,1
1.2683,0.52622,3
4.1519,3.4736,3
-0.1472,0.4145,3
0.75172,2.9781,2
1.4487,-3.3167,2
0.66945,-1.4584,2
0.26214,4.8202,2
0.58215,0.070813,1
1.7769,-0.68106,2
0.82867,-1.3863,3
3.5184,2.6422,3
1.5164,-1.1046,2
0.45182,-1.5594,2
5.9547,5.7408,3
-6.793,-0.87569,1
-0.81204,3.567,3
2.9243,1.4847,3
1.0228,0.27337,1
-4.1312,0.055065,2
2.5563,2.1021,3
3.7252,0.048111,3
0.54776,-0.22254,3
0.53373,2.4499,2
4.6377,3.6841,3
-4.1548,-1.2977,1
-1.6372,-1.5808,2
-0.46922,0.75277,2
-3.0935,-0.25581,2
0.40061,1.0115,2
-1.8309,-1.8892,2
-0.18637,2.5299,3
-0.25405,1.4132,2
-0.39325,0.70911,3
-2.3487,-1.526,2
1.1642,4.0773,3
-0.85534,0.31376,2
-3.2545,0.57229,2
1.7772,1.6831,3
2.137,-0.54773,2
-0.99978,-0.70124,1
4.1063,0.84426,3
-2.9546,-2.6968,1
0.66558,1.0893,3
0.17495,3.2668,2
-4.0513,-0.015963,1
0.28263,0.75542,2
-4.2871,-1.6132,1
-1.5071,-2.0195,1
-2.0879,5.7018,2
3.4198,2.7135,1
0.44287,-2.0558,3
1.1418,-2.6269,2
-1.0599,-0.33692,2
3.3761,1.2901,2
2.6323,2.2965,3
3.5753,0.9609,2
-1.843,0.59559,2
-0.61883,-0.25439,1
0.071267,3.1437,3
0.44874,-2.0298,1
-1.2919,-0.74984,2
-2.6671,2.6201,1
1.1842,1.167,2
1.8653,-2.3556,2
0.46001,0.78093,1
-4.1239,0.52507,2
1.3112,-1.4335,2
2.6094,-0.3885,3
0.57337,-0.60938,2
-1.4458,-2.1902,1
-1.9775,2.4438,2
5.0421,0.69691,3
1.146,0.34973,1
-2.5765,-3.056,3
-2.1475,2.3817,2
-2.9266,-1.7359,2
1.8202,-1.2854,2
0.75102,-0.60295,3
0.82995,0.40898,2
1.2895,-1.438,1
-2.9928,-2.4218,1
-3.1832,-2.0232,2
-0.89538,0.85928,2
-0.26242,1.4099,2
-1.2325,-0.48448,1
0.28535,3.8899,2
1.6797,-1.727,3
0.59862,-1.3056,2
2.9003,-1.947,1
-1.1142,2.0457,3
-1.2913,-0.6486,1
-2.847,-0.81203,1
-2.467,-1.6899,2
-0.02663,1.508,2
1.3721,2.4675,2
-4.8909,-4.6757,1
2.1913,-0.95144,3
2.8412,0.12975,2
4.115,4.2917,3
1.8068,-0.87508,2
0.42365,-1.8879,1
0.041217,0.47163,2
0.73358,2.0186,2
0.28261,-1.5007,1
-2.8074,-0.18024,1
1.7715,3.1072,2
0.41776,2.7162,1
0.19147,5.8706,3
0.82023,2.1841,2
1.3114,0.66853,2
-0.61867,-6.2852,1
-1.6925,2.2733,3
1.6857,-0.56634,3
-1.8892,-1.6898,2
-2.9583,-0.25505,1
0.052348,-0.071404,3
0.25213,2.4762,2
-1.5915,2.8444,3
5.36,2.8748,3
2.6856,1.9814,2
-1.7477,-0.58725,2
-1.6405,0.17547,1
-0.21058,1.263,1
2.8628,-1.5809,2
-0.54276,-5.7325,2
-2.6017,0.3302,1
4.4868,5.4443,3
2.4429,0.28174,3
-1.2234,1.7271,3
-1.8227,4.4269,2
-0.6851,-2.2343,1
-1.786,-2.119,1
-4.8351,0.18103,2
2.64,-0.35083,2
1.0624,2.9801,3
-1.7318,-1.5495,2
-2.2377,2.821,2
-1.1766,0.97087,1
-2.7872,-1.1972,2
-3.5061,-2.696,2
1.7093,-2.811,1
-0.40036,4.1989,2
0.99365,0.92359,3
-3.7061,-1.9438,1
0.11709,-0.19304,3
2.3644,4.7456,3
1.9872,-1.5503,1
0.10087,0.27506,3
-2.2983,-2.7689,2
-1.1167,-3.8074,1
-1.311,-0.28182,1
1.4746,0.29061,3
-0.93198,1.5904,3
-0.41164,-0.8428,2
1.0358,0.13159,2
-3.7902,0.15906,1
-0.8942,-1.8437,3
-0.57934,-1.4059,1
0.56665,0.89909,3
-1.3814,0.003992,3
0.49629,-3.1891,1
-1.248,-0.5572,2
0.093301,-3.0778,2
1.1523,0.23756,2
-2.8654,0.51679,2
-3.7919,0.46483,2
0.31161,1.2687,2
-3.0799,-1.4425,1
0.85642,2.223,3
-6.2061,-1.1741,3
4.0749,-0.6266,2
2.6346,2.1657,3
0.2266,-1.7596,2
-0.77758,0.68343,2
1.3229,1.0059,1
-1.202,1.2601,2
-0.71946,3.9027,3
0.46401,2.578,3
-0.31066,-0.51503,2
4.0084,3.4559,2
-0.93396,-5.3952,1
3.3355,1.0677,2
0.99523,2.4136,2
-0.70852,0.79905,2
-2.6801,0.94056,1
2.4237,-0.62763,1
-0.64055,-0.423,2
1.059,4.0795,3
0.87472,-0.060884,1
1.4427,0.66752,3
-1.0249,-1.149,2
3.2214,0.27786,2
0.76226,1.2086,2
-1.4008,-2.0922,2
6.2901,0.34958,3
-3.3711,-2.6249,3
-1.8316,-0.66393,3
-2.1466,2.5627,2
0.37879,2.3348,2
2.8924,1.4524,2
0.56715,3.1492,3
0.62588,2.3863,2
-0.95537,-0.92825,2
2.2912,1.9684,2
0.088499,-0.024607,3
-2.4632,-2.1933,1
0.79774,-2.1284,3
3.715,1.3686,3
-0.40663,-5.622,1
0.79495,-3.1793,1
3.8588,-1.8691,3
-3.5194,0.077332,2
-3.7065,-3.9671,2
-5.0536,-2.7384,2
0.23729,1.2808,2
-1.4071,-0.26847,2
2.4855,1.6907,2
3.7406,4.7619,2
-0.38971,3.7923,2
3.6902,3.3379,3
-0.99046,1.2802,3
-1.7715,1.1248,1
-0.54213,-1.9081,3
-0.61534,3.2854,1
0.19167,-4.5595,2
-0.3999,-4.5219,1
-2.8946,3.0304,1
-0.31628,1.7936,2
-0.094733,1.8833,1
0.16004,2.4545,2
6.1238,-1.9868,3
-0.95019,0.75095,1
-1.0964,1.4679,2
1.7945,1.6518,3
-1.2576,1.2268,2
-1.1826,1.0834,2
-0.018491,1.2384,1
1.8868,4.5844,2
-3.8551,2.3753,3
0.6382,-0.35699,2
-2.7431,-4.5503,1
-0.080294,-0.64005,3
1.1879,2.0362,2
-1.4029,0.56698,2
-0.68736,-1.3735,2
1.7381,-1.1548,2
-2.0815,0.079597,1
-0.73312,-1.1296,1
-0.052052,-1.5097,3
0.12268,-1.5975,2
0.4003,-1.709,2
2.564,1.9596,3
1.6527,-1.3389,2
-2.9469,-1.6618,1
-0.38033,-2.1233,2
0.72193,1.0865,3
-3.2665,-0.3454,3
0.093199,2.6501,2
-4.6861,-1.2862,1
-2.4948,-4.9864,2
2.5849,-1.083,2
3.849,3.316,3
2.1249,1.0072,2
0.2244,3.7116,3
-2.784,-1.734,1
-2.3086,-1.3454,1
-1.1847,-1.6073,1
-0.3002,-0.034395,2
-2.8228,0.3714,2
2.6456,2.5026,2
0.54945,1.7265,3
-1.5949,0.84142,2
3.3021,1.1709,2
-3.4353,-6.5193,1
2.0464,5.7753,3
-0.038222,1.1288,3
-1.134,4.6133,2
1.4132,2.9479,2
1.9333,3.3462,1
1.4665,0.86593,3
0.63257,-1.9107,1
4.4971,0.5437,3
-3.2422,3.9666,3
2.3022,-2.5815,3
-3.7331,0.061388,1
1.8615,0.74919,3
-3.1229,-1.5953,3
-0.83241,0.97616,2
0.6721,-1.1792,2
-3.2822,-1.4194,1
1.312,0.94384,1
-0.83811,-1.239,2
-0.58,-0.24556,1
-1.9303,-2.7176,1
-1.11,2.6725,2
0.35476,-4.1091,3
-0.8936,4.3696,3
-0.78587,0.60597,2
-0.63114,3.7287,3
-0.9597,-1.5412,3
4.626,5.0579,3
-5.6656,-2.8952,2
-1.266,-1.0616,2
-3.0727,3.438,3
-1.2375,1.9755,3
-1.0915,-2,2
5.6275,0.84443,3
7.6014,1.0275,2
-2.5494,-3.1,2
0.19733,-2.4752,3
3.395,4.3107,3
0.87679,1.1371,3
3.5006,0.45187,1
1.934,3.6928,3
3.0787,1.2032,2
0.87422,-1.0892,2
-1.2872,1.0167,1
-1.4031,-5.6174,3
-0.31984,-2.6074,1
0.16519,2.3476,2
-2.8834,4.24,1
-3.9956,-2.4205,2
1.2744,0.82902,3
0.99051,2.3378,3
0.68256,4.5597,3
-2.0371,1.6392,1
1.334,-2.1206,1
1.5617,-2.2315,1
1.9521,0.48206,2
5.8339,2.6158,3
-0.33205,1.1638,2
-2.1981,1.5718,3
2.5484,0.080029,3
-2.143,1.7678,2
2.7739,4.9849,3
1.8965,-0.26118,2
-2.2153,2.6975,1
0.34477,0.68676,2
0.53313,-1.3519,3
0.62164,0.54608,2
3.2527,-2.0532,1
0.97692,-3.7464,2
-0.98692,0.11597,1
1.0381,3.2703,3
1.5048,-3.5692,2
1.9712,3.6788,2
-1.3329,-5.2896,3
0.13499,5.4891,2
-0.13956,0.72944,3
-0.17443,2.7346,2
0.52118,3.0305,2
1.962,-2.1797,3
0.79308,-2.2003,3
0.14116,-2.7127,3
0.77992,-0.50128,2
-5.5982,-0.14875,2
-1.5759,5.5685,3
-3.6936,-0.16733,1
3.7144,3.4976,3
0.88328,0.26851,2
4.3608,1.3957,3
-2.651,1.5861,2
-1.1104,-1.6676,2
0.10307,-0.96374,2
-0.89419,3.0185,2
3.642,2.4305,2
-1.7148,-3.3752,1
-1.4584,-2.6944,2
-3.0285,-1.6973,1
1.2711,2.5077,1
-0.66506,4.2682,3
-0.38897,2.5837,3
-0.41523,-1.1592,3
4.3033,0.68336,3
2.7703,2.5234,2
6.406,-0.50358,2
-5.8281,-0.91319,1
2.3996,-2.9047,2
-1.8429,-3.7404,2
-0.41644,0.18665,1
0.84128,1.7644,1
-0.29785,0.9881,3
0.87452,0.33592,2
1.6452,4.0129,2
-0.028221,3.8517,1
2.9146,-1.3057,2
-0.88653,-0.81947,3
-0.38046,0.13175,3
2.5097,-2.6293,3
-1.3397,0.45963,2
3.1979,0.45173,3
3.3287,0.61376,2
-0.77206,0.52683,2
-0.14898,0.43235,3
-2.2332,3.1012,1
-2.2877,-2.8063,1
-1.6842,-5.562,2
-2.8294,0.68336,2
-0.91768,-2.0102,2
-2.0023,-4.437,1
-0.20681,-3.4339,2
7.6845,3.3337,3
-1.9301,0.86766,2
0.9455,3.1515,3
1.5397,-0.43743,3
-1.3796,-1.6469,2
0.2997,1.7726,2
0.34073,2.3011,1
-2.0829,-0.069196,2
-1.2789,-2.8705,1
1.2033,-0.57409,3
1.6235,0.21502,2
0.086482,-1.2801,3
1.2157,-2.3897,3
2.1045,4.3068,3
5.7073,-0.071426,2
0.47761,-3.2832,2
-1.547,-0.2905,1
0.027012,1.2319,3
-1.1291,-4.5644,1
-0.006221,1.9965,3
-4.1827,1.8177,2
-0.59286,0.25546,1
0.35189,5.575,3
0.045255,0.14355,3
-4.3449,-1.9752,1
0.67779,-2.9722,2
-0.34494,-1.2063,2
-1.6962,0.83405,1
5.5893,0.82552,1
0.57744,-0.69062,2
-0.18026,-1.515,2
-1.9385,-2.1773,3
0.1778,-0.82459,2
-1.9635,-0.16317,1
-0.31143,1.6335,2
-1.3772,-2.048,2
1.2226,1.3806,2
3.0643,1.6143,3
-1.0522,1.2652,2
-1.7712,1.8174,2
2.8161,-1.4862,2
1.1474,-1.1263,2
1.3778,-3.3591,1
-1.1671,-2.9074,1
1.5792,3.2838,2
-0.23931,-1.7079,3
-4.3745,-3.3003,2
1.5209,-0.60306,3
-2.6689,-0.96333,2
0.6488,-1.1586,2
1.7652,-1.0053,3
1.0311,-1.2995,1
0.023532,2.6113,1
-4.5013,0.88962,1
0.85318,-0.0711,3
3.6428,-0.81204,1
2.6317,-1.6758,1
0.091243,-0.90685,3
0.20802,-1.696,1
0.939,-0.54003,2
-3.3483,-0.97804,1
-2.6418,-4.5418,1
-5.8971,-0.6809,2
-1.2173,-1.8825,1
-2.1896,-1.5251,1
1.081,0.82663,3
-0.70728,2.3325,2
7.3697,4.9688,3
0.73527,1.3319,2
3.0305,-2.4106,2
2.5822,-2.8911,1
3.7478,-0.80565,3
-4.9856,-0.83995,2
4.3183,7.0854,3
2.0672,-2.4267,3
3.4149,1.7329,3
0.2998,3.4393,2
0.30595,-2.4603,1
1.4254,-1.9347,2
0.16806,-3.0476,2
2.0498,1.1454,1
0.95554,2.1535,2
0.35198,1.0836,3
-0.66228,-1.2351,1
0.20356,-0.53055,3
1.8239,1.3501,3
2.6229,-2.6802,2
1.9668,-1.6482,1
4.3933,0.39819,3
2.2895,1.107,2
3.2172,-1.3947,3
1.5237,3.2393,3
0.24845,0.26878,1
0.25261,-1.8903,2
1.3283,0.87615,1
-0.63867,0.1668,3
0.47486,2.1751,3
-1.1539,-0.89342,2
1.5271,-0.70346,2
-1.3913,0.17481,2
-1.6527,-5.3066,2
1.0881,-3.1625,1
1.2392,1.2033,3
2.4796,-1.8121,1
0.87873,2.2628,3
1.1176,3.1133,2
5.9533,1.5323,3
0.68381,-2.067,3
-1.8207,-0.33333,2
-0.13284,-2.0756,3
-1.5774,-0.36394,2
-0.21561,1.3927,1
-0.5326,1.8548,1
-1.4671,0.48403,1
-1.0155,0.78757,3
2.0966,2.8385,2
2.0139,-1.8276,3
0.66205,3.1615,1
4.0966,0.87253,3
-1.4657,-0.94216,1
-1.8832,1.0823,2
-0.69287,0.46768,2
-2.3088,-0.18809,1
0.77581,1.2517,3
0.47007,-1.1201,2
-0.45181,5.6972,3
2.7215,-0.70956,2
1.7726,1.1645,3
0.27446,-1.2497,1
-0.5317,4.0125,2
0.61302,2.8755,3
-1.6768,3.1568,2
0.94066,-0.64398,1
-3.0562,-5.2529,2
0.94333,2.8893,3
2.09,-0.77677,2
-0.27472,-1.1057,1
-0.79929,2.5931,3
-1.0149,-1.6378,2
2.6778,2.4677,3
-0.40926,-1.234,2
-0.48861,-0.82598,2
-1.8981,2.0109,3
-2.3978,3.0094,1
4.1429,3.5532,3
-3.9756,2.3539,2
5.2116,2.8392,2
-3.7302,-4.4277,2
-1.4625,0.78344,2
-0.017618,0.94901,3
2.732,1.1866,1
-5.3004,-1.4464,1
2.754,0.74035,2
-0.5365,-1.0634,2
0.065074,4.1924,2
-2.1051,4.224,1
1.3807,-1.901,1
-2.9147,-3.2404,2
-0.44142,-1.6105,1
-1.264,0.64608,1
2.2726,-2.0115,1
1.3309,-3.3337,2
2.2917,2.983,3
-0.09968,-0.92136,1
-0.11126,-1.437,1
5.7881,3.9843,3
-1.4391,1.732,2
2.175,2.2016,3
2.7305,0.97715,3
-0.52132,-0.93289,2
-5.6798,-1.7691,1
3.0854,6.9986,3
5.323,-0.55585,3
0.16471,-0.2495,2
-1.0977,1.3242,3
2.7908,5.1368,1
-0.76067,4.3364,1
-0.7261,0.70569,2
-1.8646,-2.337,1
1.3324,-4.8206,3
-6.6289,1.525,1
-1.1582,-0.12169,1
-0.30764,1.3889,1
-2.6812,-3.2582,2
0.15992,-6.9312,2
-0.43232,-2.7675,1
2.9,0.77795,2
3.6287,1.9098,3
1.4784,0.39853,3
4.3686,-2.0903,1
-1.2319,-2.2779,2
0.70343,-0.49926,1
0.82244,4.1092,3
-0.44043,-0.21423,1
4.2151,6.3778,3
-1.5999,0.93002,3
-2.3724,0.89644,3
0.50025,-0.91321,3
1.7592,-1.9406,2
-0.37392,0.22556,2
2.3748,-5.6404,1
1.5027,-0.46727,3
1.3165,-1.3339,2
-4.2814,0.084854,1
1.2004,0.35827,2
-1.8291,-1.7863,2
1.8385,3.7043,1
3.1267,0.97295,2
0.46998,-1.9136,2
-1.7044,-3.8229,1
0.60793,1.4364,2
-3.2637,-2.9144,2
-2.1912,-3.0859,2
3.0225,-0.73879,3
1.4697,2.693,2
3.3754,-1.0791,2
1.4616,-1.1077,2
1.912,-2.0541,1
1.1306,3.0323,2
-4.5103,3.1449,1
-2.2775,0.15247,2
-0.69196,-0.2428,1
-1.2057,-0.40046,2
-0.13844,1.1182,1
0.28665,2.0521,2
-2.5296,-1.6046,1
-0.98998,-0.56424,3
1.012,-0.56231,2
-1.9422,-4.0976,2
1.6722,0.056638,1
0.75724,-1.4807,1
-3.1628,2.1045,3
-0.31651,2.5137,3
-0.00037188,-1.6057,2
3.4145,1.7394,2
2.1988,2.2141,3
0.38061,1.3083,3
-3.5203,-1.7361,1
-0.50418,-1.6234,2
1.7282,4.0642,2
0.4985,1.1578,3
1.636,0.81492,2
0.53833,1.4624,3
-1.7991,0.54682,3
1.0633,1.3136,3
0.94088,-1.1581,1
-2.6228,-2.8372,1
0.075255,2.3308,3
-0.85495,1.6323,2
-1.518,1.0612,2
2.4581,-5.6081,2
-0.96544,4.1078,2
2.7428,4.7121,3
-0.73985,-0.72899,1
-3.22,2.2969,1
1.1454,0.25843,2
2.591,1.6034,3
-0.70505,-0.50196,1
-0.51169,-0.97918,2
4.3739,2.6617,3
0.30279,0.50746,2
-0.98974,-2.5332,2
-2.558,-4.2263,1
3.3507,1.51,3
-0.89922,-1.2256,1
1.2273,1.872,2
-1.2028,-2.7093,2
-3.2814,-4.7852,3
-0.39413,1.4873,1
3.6713,-0.91504,2
0.8082,2.2797,3
2.7061,-0.27102,2
-1.9348,2.6728,1
-0.18775,0.56882,1
2.7109,0.92049,3
5.4306,-0.22462,3
0.018049,1.219,1
-4.3952,1.4798,3
3.1208,-2.9194,1
-2.2243,2.7886,1
2.3118,0.22285,2
4.0581,-3.8441,3
-2.2661,1.0619,1
0.59438,0.64149,2
1.6302,4.8431,3
-0.38361,0.78631,1
2.4045,0.68848,2
-3.5958,-1.4042,3
-1.9123,-0.15338,2
3.9585,1.5415,2
2.1724,0.47441,3
2.0261,-1.231,1
-3.1109,-2.6077,1
2.6078,3.3813,3
-0.023175,-2.9519,3
0.81356,2.4951,3
1.0806,-2.5698,1
-0.33044,-0.5456,2
2.3705,-0.1371,1
-0.69268,-1.077,2
0.19456,0.48366,3
2.8185,1.5074,2
-0.51597,3.9654,1
-0.83525,-0.046598,3
3.8126,-2.7789,2
0.40571,-0.85056,2
-4.5315,-0.41988,1
-2.1388,-0.057075,1
-0.38139,-6.4606,1
1.9096,1.9529,3
1.649,4.0224,2
2.7641,-0.51464,2
1.0079,-0.58234,1
0.44378,-5.1376,2
1.3893,-0.015973,3
1.1411,-1.0151,2
2.1834,4.8306,3
-0.48953,0.21841,2
-2.3794,2.7797,2
3.4127,-1.9345,2
1.1634,-1.5084,2
1.2931,0.74757,3
0.097388,-2.7511,1
0.61917,1.5152,2
2.3727,3.6013,3
2.5534,2.9788,3
-1.9208,1.1964,2
2.223,0.73112,3
-1.7369,1.5225,1
-1.4911,-1.0723,1
1.5065,3.2245,3
0.72917,-0.89828,3
-1.2442,-0.75776,1
2.0396,-3.4952,2
-2.337,-1.2894,2
-0.90933,-3.6454,3
-2.0707,0.67506,1
-3.6437,-0.98295,1
-0.86728,2.4637,1
-3.9692,2.0125,3
-0.086093,-2.3013,3
-2.4551,-0.94244,1
-2.4179,0.64788,3
-4.7686,-0.23019,1
2.9448,3.7129,3
2.3911,2.5303,3
3.2932,-2.2284,2
2.1965,4.044,3
-2.3523,0.52948,1
-0.29179,1.8411,3
-0.9232,1.0288,2
-4.7307,-4.7598,1
3.6059,1.2483,2
-2.8491,-4.3852,2
-0.23782,3.0392,2
-2.1745,-1.7454,1
-2.1134,-4.4467,1
1.8008,-0.56762,3
1.3304,1.7426,1
0.4639,-3.6689,2
-1.7244,-0.44556,1
2.6755,-0.15619,2
-1.5998,1.5904,3
2.5941,-0.29547,2
-2.1706,-3.8733,1
-2.8076,-3.4942,1
-2.9468,-1.8164,2
-0.73931,1.2015,1
-3.7134,-3.9702,1
-2.0707,-3.1981,2
1.8555,-1.149,3
1.2361,-0.11705,1
3.6842,2.2589,3
1.5472,2.2108,2
-1.7103,-2.063,2
0.05661,-0.5593,1
-2.4527,2.3742,3
0.29551,-3.1825,2
1.7461,2.5128,3
0.070667,0.50332,2
0.44515,-1.2157,2
2.3644,2.7352,2
-0.72745,1.3112,1
-1.9856,0.20726,2
4.0892,0.45216,3
0.77356,3.2271,2
1.4228,2.1491,2
-6.293,-4.8631,1
2.3878,3.4058,3
0.77322,0.27253,3
-0.64513,0.70401,1
-0.74344,0.34366,2
0.73693,1.7849,3
-3.7481,-2.74,3
-2.6989,-1.3117,1
2.1172,-0.48843,3
-1.9863,-1.8994,1
1.2672,-0.22113,1
-0.80228,-1.3571,3
1.8911,2.5282,3
-1.5912,-2.9838,3
-1.3981,2.6148,3
-4.0202,0.91345,2
-3.2565,-3.7323,1
-3.0759,-2.4966,2
-2.6925,-2.7177,2
-1.8542,1.0223,2
3.8357,1.6836,3
0.022591,-3.3986,2
2.0232,-5.5221,2
2.5841,0.31656,1
1.6111,3.3531,2
0.419,-0.64442,2
-0.36249,-2.3451,1
-0.93597,-5.0246,3
-3.5693,1.7118,3
1.187,1.6116,3
0.61296,0.2157,2
-0.9766,-0.62286,2
-3.1538,0.11683,2
-0.98107,-2.4964,1
-0.4929,1.2311,2
-2.1253,3.697,3
1.5891,0.10534,2
1.1311,-0.14237,1
2.5565,0.97575,3
0.22499,0.63851,2
0.6474,-4.4327,2
-1.7831,-1.1408,3
0.54841,-1.7826,2
1.0731,-1.8356,2
-3.3322,-4.7942,1
-0.60881,-1.9541,3
-5.3345,-1.8992,2
0.40107,-0.42848,1
-1.5299,1.9487,2
0.71775,0.21833,2
-1.3782,-0.82271,1
1.6641,1.8711,2
-3.5606,0.86907,2
-1.6279,-0.90348,2
1.465,-1.308,3
1.3746,-1.2751,1
-2.1497,2.682,3
-0.69027,-0.95024,2
-5.3191,-3.2029,1
0.50567,-1.0296,1
0.063927,-3.0692,2
-0.34118,-0.75609,3
-2.6166,-0.060627,2
1.0958,2.5996,3
1.2349,1.4324,2
-2.4026,-3.4517,2
1.7799,-2.6161,2
0.85561,1.6552,2
1.0561,-0.34479,3
-1.5876,-1.7441,1
-2.1654,-1.9865,1
-0.97408,-1.1815,1
4.4843,-1.7882,3
-2.0963,-3.514,1
-0.72204,0.5363,2
2.2302,-0.87425,1
1.9991,-0.029688,1
-1.1133,-2.7523,3
-2.7584,2.5472,2
-2.4079,4.7586,1
2.0407,-1.0601,2
0.53478,0.11565,2
-0.91739,-2.5403,2
-4.4752,-1.5755,1
0.22411,-1.8281,1
0.53535,-0.81188,2
-4.8826,-2.6711,2
0.29852,1.7542,3
-6.6235,-1.8568,1
0.47134,-5.0634,3
-0.11099,1.6939,3
-2.2516,2.3331,2
-0.33439,-1.2268,3
-0.6588,-0.75694,1
2.9819,-3.0357,2
0.73044,2.996,3
-0.57306,1.1003,2
-0.96613,-1.3585,1
-4.7958,-2.7444,3
2.8721,1.3282,1
-0.0017188,3.2912,3
-1.641,-3.8388,2
-2.0643,1.09,1
-0.36504,2.9531,3
1.4702,-2.2935,2
-0.51568,-1.8418,1
0.77049,-0.61032,3
-1.281,-2.4197,1
2.246,-0.09105,2
-2.3417,1.7026,1
-2.0426,-2.5399,1
-1.8401,-2.6294,1
4.7902,4.082,3
0.42829,0.35382,1
3.2609,1.4398,3
-1.8843,4.369,2
0.09216,2.5588,2
1.3861,0.35828,2
2.3775,-0.31397,3
3.2242,4.0727,3
2.7442,1.301,2
-2.9909,-1.7104,2
-0.21226,-2.0719,2
-1.2096,3.0562,2
-5.3044,-0.56299,2
-1.5854,2.7509,2
-2.7944,-1.2506,2
-0.15118,-1.1665,1
-0.56929,-1.2676,1
1.3126,3.8811,3
-1.3836,-1.2151,2
-2.0959,-2.7295,3
-2.7343,-2.3336,3
-0.55767,0.74977,2
0.090416,-1.2368,2
-2.3998,2.8657,1
0.28798,-0.8963,3
2.1416,-0.034852,3
3.8499,3.9828,2
-6.9639,1.4586,1
0.18557,-0.63293,2
0.27444,-2.233,2
-0.24198,3.0617,2
-1.3255,-3.1286,2
-3.1771,-5.8598,1
-1.7454,0.96609,2
0.30453,-2.0255,2
1.9818,-0.39516,3
-0.30521,4.6729,3
-0.17437,-0.86084,3
-3.6288,-0.076056,2
2.3291,-1.1106,2
1.0834,0.73586,1
-2.2336,-2.9728,1
-0.44655,-1.6185,1
-2.9815,0.45554,3
1.1606,2.7374,2
0.34835,1.8268,3
-1.5254,5.2467,2
-1.3109,0.61231,1
1.0453,1.0477,3
0.35617,2.1108,1
-0.60029,1.3796,1
-0.73748,-5.6497,2
0.83445,-0.13178,1
0.39022,-1.2357,3
-0.2306,-2.8691,3
1.3256,0.64412,3
-0.21096,1.3032,1
0.90687,-4.4887,2
-1.8299,-0.93814,2
0.80088,0.48333,3
0.085037,-0.49523,3
-6.4942,2.2584,2
-4.8022,-1.5749,2
2.5387,-0.26717,3
1.0746,2.343,3
2.307,3.5361,1
1.4543,2.0821,2
1.6468,0.98648,1
0.48507,2.8347,1
-1.894,1.6139,2
1.2289,-1.6136,1
4.4484,0.1409,2
1.9685,4.247,3
-0.6725,-3.4788,1
0.65796,2.4165,2
1.0496,-1.9285,1
5.1939,4.3776,3
-3.2781,0.58628,1
-5.1812,-1.7985,1
0.46825,1.5809,3
4.4508,-0.35478,2
2.0918,1.3433,2
1.039,2.5145,3
3.6677,3.8242,3
0.37841,-2.1239,2
1.6758,0.29711,2
4.3501,-0.37185,3
-1.0954,0.53127,3
6.9304,2.0251,3
3.5892,-0.1338,3
-2.3413,-2.2998,1
-1.7717,1.669,2
-0.46513,2.237,3
0.90849,-0.57501,1
-0.086202,-1.0862,2
-2.4901,-3.3628,2
4.4484,-1.4649,1
0.19596,2.6433,3
2.2848,1.7133,2
-4.2121,-2.9313,1
-4.8581,-4.568,1
2.6406,0.28941,1
1.2342,-2.9402,3
-0.25833,0.56129,1
5.7834,-4.5247,3
2.0975,1.6339,2
3.2767,0.052761,1
-2.2583,1.6001,3
-0.42103,0.41036,3
-1.6197,0.19788,3
0.32094,-1.6798,2
2.2818,1.9185,3
1.1849,4.2674,2
2.5417,-1.4333,3
-1.1261,-1.5625,3
1.6012,-3.088,3
0.32055,-0.25502,3
1.3444,-0.50844,2
-3.5979,-3.5705,1
2.1601,0.33972,1
1.3925,3.4394,3
-2.627,0.090863,2
-2.4865,-2.9305,1
4.8073,0.12757,2
-0.96998,2.0905,3
1.6083,-2.0862,2
-1.1703,-2.069,2
-0.82339,0.14803,1
2.9798,-0.66433,3
1.2942,-0.63025,3
0.24007,-4.4256,3
5.423,2.9327,3
-2.218,-3.0264,2
3.6334,2.8743,3
5.0082,0.98608,3
-1.6506,3.3285,2
-1.1022,-4.2271,1
3.6012,0.36309,3
-1.2831,2.1917,2
3.9816,2.1902,2
2.2656,1.0375,3
-2.616,1.4525,2
0.14499,-0.77535,2
-1.1568,-2.209,3
4.1734,0.40432,1
0.50733,3.6849,2
0.85002,-2.2794,1
0.54818,0.25283,3
-2.8219,-4.2994,1
-1.2293,-1.286,2
-4.2328,0.70905,2
0.93364,-3.3569,1
-0.72591,-1.9939,3
-1.3169,-5.1071,1
-2.3827,-2.6627,2
0.46428,0.74212,2
0.98393,3.9343,2
2.219,3.1919,3
1.6849,6.6398,2
-1.0542,1.4827,3
-0.70584,-1.489,2
-2.2656,-3.3232,2
-3.048,-1.9725,1
-4.2017,0.77642,1
2.9353,-7.04,2
-0.74598,0.46671,1
0.58085,0.61445,3
-0.67374,-1.4929,1
0.74339,-1.0363,1
-0.62178,1.6383,3
0.33834,1.1881,3
1.8922,3.08,2
-2.6449,-1.7706,1
-2.8835,-0.21356,3
-2.3263,-1.7448,1
-0.11263,1.3079,2
-1.4441,3.1765,1
0.95896,-1.6432,2
-0.29699,-1.9209,1
2.3094,2.0673,3
3.854,2.7115,3
-3.0909,-2.9328,2
3.0969,-0.27808,2
1.8996,0.5785,2
0.45479,0.30257,1
-1.2203,-3.0943,1
2.1377,1.1838,2
-0.96305,4.678,2
-0.59651,-2.7266,3
-1.0482,0.10388,1
-0.86587,3.1484,3
-3.688,-1.0396,1
1.0297,-0.40408,3
-0.056773,-2.1798,3
1.2718,0.19953,3
-0.062767,1.1375,2
-1.6205,-0.75643,1
-0.69381,-2.5229,1
-0.76129,-4.9923,2
0.61195,-3.8318,1
-2.9987,1.3623,2
0.93624,4.4159,3
-0.024813,-1.3069,2
-2.349,-2.75,1
0.56359,-5.7723,1
-0.86549,-4.4613,1
-0.31206,-4.5405,1
-3.3621,-2.7139,2
2.3188,0.027473,1
-2.0354,1.3382,1
1.789,-3.1043,3
-1.4341,4.436,3
5.7345,-0.91784,2
0.88568,-0.30795,3
0.8075,2.9609,1
0.20921,1.6259,2
1.2628,-0.85027,1
3.2325,-0.82523,3
-1.9276,-4.4024,2
4.2284,4.5329,3
-1.6715,-1.642,2
1.8555,1.4804,2
4.3748,3.6521,3
1.0557,1.5846,3
-1.8844,-1.6935,1
-2.6632,-0.55445,1
0.14204,-1.9837,1
-1.0054,-0.52398,1
1.9264,1.5137,3
1.6501,2.2777,1
-3.1312,-4.8152,1
0.86564,-5.1023,2
-0.44031,1.3858,2
2.2955,0.55658,1
-0.19721,3.69,3
-1.7638,0.87609,3
-1.713,-1.1182,2
4.4479,1.7679,3
-2.574,-0.86136,2
1.9336,-0.087802,3
2.461,-3.5856,1
-1.7584,-1.4946,3
0.4697,2.3316,3
0.46355,-3.5995,2
-3.2831,1.0565,1
0.4232,-1.0149,2
2.2266,1.8369,3
-0.78857,1.6777,3
-0.40641,-0.14678,2
-1.6774,0.021569,2
-3.2298,-1.091,2
-0.58449,-3.7056,1
-1.4914,2.5537,1
1.4032,-2.0094,3
-1.1693,-1.1004,1
0.66956,1.9458,3
-1.6447,-1.6234,1
-0.24896,-1.1851,3
-1.6849,1.9894,2
-0.93774,0.0076481,3
0.70824,-2.7929,2
-1.3954,1.3718,1
0.99809,-2.1803,2
2.5486,4.393,3
0.96917,2.0238,3
3.4625,4.1756,3
-5.1099,-1.3969,2
-1.6663,1.6258,1
-1.4594,-1.5979,2
1.6553,2.6803,1
4.6515,-0.39223,3
-0.50718,1.6137,1
2.9029,0.99557,2
1.8373,2.218,2
3.2798,-0.31879,3
1.7223,0.93964,2
4.4791,3.4297,3
1.5509,0.23669,1
-2.3254,0.86394,1
0.8139,-0.88777,2
-3.5273,-0.027975,1
4.6142,0.69822,2
4.9928,-0.54925,3
1.9831,5.9009,1
3.1427,0.3297,1
1.7892,3.1278,2
1.166,-0.054115,3
1.5037,2.2908,3
6.394,2.0953,3
-0.5625,-0.43139,3
-3.457,-4.1191,2
-0.052514,-0.041286,1
4.5955,-0.79677,3
-3.8426,-2.4154,1
-0.47986,-0.31502,2
-1.7319,-0.41616,2
1.4191,0.52308,2
-0.29374,-2.6758,2
-0.61329,1.3294,1
-3.1498,-1.2245,2
0.72965,-2.3515,3
1.406,0.2356,2
3.1751,0.41399,2
-2.8572,1.1313,1
-0.04292,-0.81082,2
1.3168,-2.0551,2
1.1958,0.48797,1
-2.9839,0.13165,3
-1.1057,-2.6843,2
0.47689,-0.42828,1
-0.58819,3.269,3
-2.5909,0.46963,1
2.4921,-1.6696,3
3.8746,3.8526,2
1.9761,0.29421,3
1.3217,-1.058,3
-0.88533,2.2964,2
2.7533,2.9545,3
0.88443,-0.76132,3
-1.687,-7.3185,2
1.9436,0.76132,3
0.0062816,-2.0672,2
-0.10018,0.46104,3
0.54615,-2.0246,2
2.1503,-1.9197,3
-2.1984,-1.4697,3
1.2445,2.1044,2
2.8795,1.0587,2
-4.4675,-4.2138,1
-1.5649,-1.0909,2
-0.28457,-0.073434,2
-0.44541,-2.9624,2
-1.1986,0.12252,1
-1.3561,-5.4417,1
-1.5069,-0.29532,2
-0.11061,-1.6374,3
2.5173,0.38083,3
-0.53093,-0.99028,2
-0.48278,0.68829,2
-0.57448,2.6118,3
3.5097,2.739,3
-0.73233,-4.3199,1
0.32632,-2.6515,1
0.42631,0.18414,1
-2.1129,3.2511,1
-0.023897,0.93978,2
4.1136,2.1843,2
-1.6474,1.0327,2
4.2603,1.6542,2
-2.1579,-0.11843,1
1.7733,-1.8743,2
-2.5098,1.3961,1
2.4184,2.7164,2
-1.1153,6.0284,3
2.151,0.030796,2
1.0458,-1.621,1
1.1762,1.3945,2
-0.65194,1.7392,1
2.6335,-2.1196,3
-1.38,0.21933,2
1.8282,-0.97721,1
2.3429,-0.84669,2
1.276,-2.8982,1
-1.2112,0.45029,1
-3.2083,0.62013,3
1.8746,3.0138,3
-1.2414,-1.1681,1
0.50848,-2.9524,1
-1.523,2.4111,3
2.2233,1.6191,2
-2.7243,-1.2111,2
-1.4274,0.098044,1
-1.4024,0.75971,3
-0.84518,-1.3868,1
2.4092,-1.0316,1
2.2923,0.51867,2
-2.7649,-0.26099,1
4.2599,0.472,2
4.193,1.4558,2
1.5233,0.8461,2
0.95739,-0.4352,3
3.2538,2.0696,1
-0.18777,-1.9519,2
-0.03686,-1.0503,3
3.7299,0.76985,3
3.8447,6.6304,2
-1.9337,-0.43184,2
0.82151,-0.88217,2
2.2247,-0.95858,2
-0.0098194,-1.2913,1
5.9843,3.3484,2
1.0886,-3.8504,1
0.90888,-2.1764,1
2.9343,0.89768,1
0.74978,0.067482,3
0.090438,-2.2775,2
-1.099,-0.30697,1
1.535,-3.6029,3
2.18,-3.0037,1
3.7222,1.515,3
3.074,0.27017,3
-2.555,0.34785,1
1.5309,3.2425,3
1.2597,-1.1031,3
0.44495,2.9032,2
-5.1454,-2.6902,1
1.0956,2.5084,1
-3.0255,-2.9687,1
-0.79696,-4.8477,2
1.9383,0.3396,2
5.7811,3.6574,1
-3.6795,-0.023521,3
0.18074,-1.615,2
0.51211,-2.1963,1
-1.5617,4.9775,2
-5.4838,0.54499,2
1.8962,2.7424,3
-2.3815,2.2912,1
-4.7139,2.3762,1
-3.1534,1.2513,1
-2.9102,1.8594,1
0.0095615,2.8429,1
1.6004,0.56814,2
-3.9444,0.6278,2
0.25517,1.6704,2
0.039623,2.4006,3
0.73318,-0.098511,2
-4.0206,-1.8104,3
-2.5014,-2.4743,1
2.1429,1.1885,1
0.50951,-0.21593,2
-1.2848,2.2679,3
0.33139,2.0414,3
1.6487,1.5582,1
-1.9643,0.085063,1
2.6839,3.8175,3
1.968,4.2177,3
-1.4025,1.8507,2
-0.17585,1.0893,3
0.38218,2.7333,1
-1.329,-1.8474,2
-1.5507,-0.6391,3
4.5058,3.3127,2
-3.5672,3.17,2
-0.43404,2.0906,2
-1.912,2.3331,2
1.0535,-2.1604,2
1.7091,2.1824,1
-3.3622,-2.9787,1
-0.3037,1.5096,3
-0.90664,-1.0492,3
-0.37582,-2.0341,2
-2.3389,0.9017,1
-1.3647,-1.7677,2
-3.4889,-6.191,1
1.8223,-1.3944,3
4.7362,1.4805,3
-0.38184,0.24012,2
0.45822,-2.5422,1
4.0094,2.6327,2
-1.7221,0.089503,1
0.2069,1.9051,2
-0.34181,-1.5273,1
1.5699,-1.8761,1
-0.74026,-0.72205,1
-1.4184,2.0159,1
1.194,1.346,1
0.32368,-2.13,3
-0.73476,-0.53017,2
3.174,-0.38553,1
-2.2205,1.0149,2
2.2247,2.7224,1
-0.52399,2.7168,3
3.2027,-3.5759,2
1.5287,0.63759,2
-0.1486,-1.3897,1
-0.34125,-0.40528,2
-3.6212,0.82297,2
-1.2781,4.0072,2
-0.21103,2.7781,3
0.78921,-1.9215,1
0.63576,-0.56654,1
5.3861,-3.2656,1
-1.7757,-3.1488,3
4.9444,0.067636,2
-0.046554,-1.7314,1
-1.8489,1.8359,2
-2.0286,-1.3467,2
-3.9523,2.1817,1
-0.99706,1.0507,2
0.52753,1.5384,2
-1.0783,-0.7527,2
0.62036,0.096244,1
-3.6859,-6.7344,1
-2.9939,-5.7576,1
0.69333,3.9337,3
-0.77999,-0.58045,2
0.085887,4.2733,3
-0.34786,-0.011493,1
2.7642,1.5755,1
2.51,1.1399,3
3.8286,-2.4592,3
-1.2422,-1.3739,1
-1.5764,-6.1343,2
2.0221,0.12179,1
0.65771,1.3635,2
-0.67064,-0.82115,2
2.3766,-0.61322,1
0.91144,-1.495,2
1.7651,-1.3358,3
5.2292,0.72745,3
1.1091,0.6919,2
-1.7171,3.0032,3
0.013611,-2.5198,1
2.3826,4.0965,3
-0.034805,1.3306,3
4.8606,3.0417,2
2.3556,-0.77023,3
1.9672,2.3879,2
-1.4686,-3.6162,2
-2.3769,-1.6459,2
0.84642,2.0905,3
-0.45831,3.7252,2
-4.1509,-3.0115,2
0.99458,-1.5636,2
-1.5899,-0.38997,1
-1.7842,-2.4919,1
0.30956,4.1834,1
-0.31978,-3.2693,2
-2.3918,1.6729,1
0.30506,1.317,1
2.2781,2.5623,3
-2.495,-2.139,1
0.47509,-1.8168,2
-2.2312,-4.7979,2
1.1102,0.84144,3
-4.8522,1.576,2
1.5841,-1.2641,3
-1.502,-0.5664,3
2.3653,1.2203,1
0.56397,-2.5386,3
-1.2794,0.24414,3
6.5554,1.0273,3
-0.17038,-1.9487,1
0.84246,-2.5716,1
0.29681,3.1743,1
3.1518,1.9547,1
0.073872,3.6992,3
-0.028181,2.0485,3
0.61458,-0.021388,1
-3.4614,0.048117,2
-2.6122,0.81972,1
2.3263,-2.0147,2
3.9612,1.1938,3
-4.0511,0.80423,1
3.3781,2.2279,2
-1.6491,-0.51053,2
-1.9519,-1.4747,2
-1.2503,-2.466,2
-1.8336,-1.2004,1
-3.4065,1.9768,1
1.6187,0.43692,2
-1.8328,1.6468,3
-0.093954,0.64996,3
-1.1743,-0.069439,1
-0.73492,5.5086,3
-2.4267,-0.5428,3
-5.1101,-0.4006,1
-1.0947,-4.8926,3
-2.7467,-3.2125,2
-0.32291,-1.4288,3
-1.1103,-2.1654,1
1.1141,2.5814,1
-0.38921,-1.4072,3
2.2411,1.5282,2
2.5829,-5.0203,2
4.0003,3.4402,3
0.12816,1.1035,3
1.7583,-0.095877,3
2.099,-0.55444,3
1.5159,3.5188,3
-2.2264,-0.40562,1
0.27961,1.1212,3
0.17849,-4.6858,1
-0.52608,-0.095824,1
1.8724,-1.9462,3
-2.7636,-2.9063,1
0.51882,-1.1301,1
-0.037024,2.334,3
-1.4125,-3.6804,3
1.4907,-2.5014,2
-2.9649,-2.7726,2
-2.247,-0.52427,1
0.65941,0.66743,3
1.3976,1.8409,2
-1.1943,-1.7588,1
-1.9753,2.2351,1
-2.0792,1.0413,2
1.7169,2.3986,2
-1.8917,0.12627,1
2.3073,-2.0478,2
-0.93724,-2.2239,2
-3.158,3.6535,2
1.3751,-0.73557,3
1.2076,0.73846,3
3.7858,0.39233,2
-4.2159,3.7891,1
1.2191,0.49442,2
-1.9718,-0.0022521,1
0.77695,1.5555,2
0.12214,-0.95754,1
1.9457,0.10189,2
-4.182,0.13509,1
0.67657,-1.9357,1
2.7286,-2.4164,1
-0.099136,-0.024249,3
1.7812,-0.06872,2
3.8456,2.9092,3
6.7648,4.9085,3
1.8265,-1.1924,3
0.61709,1.1576,1
-1.2675,2.594,1
0.49632,2.1452,1
-4.2382,0.35461,3
1.6458,3.7617,2
1.862,-5.1847,1
-0.14019,-0.38519,3
-4.131,-0.25287,2
-0.74425,3.0866,3
-0.41429,-0.72343,2
2.4447,-2.3005,1
0.1867,0.78636,2
0.9123,1.2264,2
-0.223,-2.1276,3
-0.16424,-2.5931,1
1.989,0.57878,2
-1.1035,-0.43382,3
3.6004,0.7399,3
-2.6393,-3.5719,1
2.7309,-2.177,2
1.1758,2.1399,3
-2.8095,-5.6659,1
1.5432,2.8956,3
-5.0354,-1.5502,1
0.062772,0.82866,2
-0.79381,1.6856,3
-1.0936,-2.2806,1
-3.4953,-3.6263,1
2.1389,-0.12689,3
-1.4442,-0.038816,1
0.93445,-0.47373,2
-3.6639,0.64111,1
0.30264,-2.5984,2
2.8372,2.451,3
3.3962,3.9443,2
2.0856,-0.71898,2
4.1092,-0.24836,2
-1.0068,-0.6391,3
1.0673,1.9385,1
2.5327,-0.90574,2
-3.1167,-0.4425,3
-1.9358,-0.21294,3
-1.4166,1.7431,2
1.2439,-0.69685,2
2.1979,0.80534,2
-2.5238,0.79914,1
-1.7335,-1.486,2
1.6916,-1.1364,1
-1.9034,-1.5066,1
0.55422,2.1333,1
2.7997,0.0065528,2
2.7848,-1.291,1
-1.3269,-0.69074,1
-1.2154,-2.2057,1
-2.8266,-2.2257,2
-1.4267,-0.66237,1
-2.3699,-1.9501,2
1.7703,0.22564,3
-1.3272,-2.0548,2
-2.4042,-2.7697,1
0.74632,2.2702,3
-4.5466,-2.7109,2
-2.0672,-6.1441,2
-1.6394,-1.528,2
-1.5075,-0.4536,3
-3.2278,-1.3163,2
-0.050967,-4.2358,1
2.0856,-2.6772,1
-0.20095,1.8105,3
-3.9317,-0.82176,2
1.5068,-0.42936,2
-0.5286,1.9599,2
-3.1104,1.8874,1
5.0364,0.16053,2
0.3103,-1.9831,2
-0.95824,-0.50644,2
4.656,3.7529,2
-0.68677,0.0096831,2
2.2365,-0.42844,3
-2.0098,-1.0886,2
-1.8922,-1.6155,2
-2.481,-5.764,1
-3.0606,-3.1634,1
-1.8136,-1.4042,1
2.6295,2.4194,3
5.0191,1.5138,3
-4.1368,-2.9965,1
-0.45604,-1.6923,2
-0.91436,-0.041909,1
0.32609,1.1469,1
-0.34326,0.52755,2
-0.53204,-3.4967,1
-1.4976,2.6191,3
-2.0805,-0.28662,1
3.5083,1.5713,3
3.041,0.62861,1
-0.361,-2.9524,2
-3.0496,-1.6665,2
-2.5045,-2.6483,2
1.163,3.2594,1
-0.81871,-0.54987,1
-2.6207,0.12541,2
2.4728,3.2174,3
1.3639,-2.2402,2
-1.9729,-2.6947,1
-1.0699,0.60552,1
1.5786,-0.20768,1
-3.8053,2.479,2
-0.16186,-0.0064576,2
5.5727,3.5282,2
-2.7079,-3.8702,2
-2.299,-0.37459,1
-3.5861,-3.2192,1
1.1498,-1.6067,1
4.4261,-1.2852,1
-0.030841,4.0472,2
-3.3772,1.2564,2
-4.4357,-1.1634,2
-1.3453,-0.4104,2
-2.3998,-2.3576,3
-2.1152,-1.8971,2
-0.27039,-1.0434,2
0.28572,-0.32283,3
0.87192,-3.0838,2
1.2379,-4.6776,1
1.2019,1.0754,3
0.45028,-1.5428,1
0.9886,-0.43847,2
0.13433,-4.0127,2
1.4399,-2.135,3
0.98114,1.0038,1
0.44897,-1.3518,2
-0.64287,3.0132,2
0.015289,1.3232,2
2.5542,2.3039,3
2.9872,-3.1748,3
-2.504,-1.4218,1
-1.916,-2.6652,2
1.7745,0.44278,2
-2.2528,-4.747,1
-0.36213,0.35983,2
1.8556,5.2648,3
-2.8988,-0.73924,1
1.3846,0.61834,3
-2.1003,-1.3523,1
-1.8609,2.1172,2
-2.9468,-2.0106,1
-2.8261,-2.2854,1
2.0027,-3.3187,2
-1.8816,-3.9254,1
-0.64862,0.61701,2
-2.3246,1.0571,2
-5.5621,-2.1377,1
-0.22885,-0.16017,1
3.2752,-0.093282,2
3.9742,-0.78661,3
3.2289,0.55351,1
2.939,-0.57612,3
-0.40661,0.15719,3
-1.5524,-3.698,1
-1.0101,-2.9852,1
0.6908,-0.29466,2
1.8887,1.585,3
0.39283,-1.15,1
3.2471,1.6481,3
-2.2504,1.447,3
2.1734,4.9593,2
-0.17676,0.37218,1
-1.9159,0.7802,1
-2.8543,-1.8066,2
-2.735,-2.0061,1
-4.3557,-4.2881,1
-0.76291,-0.8826,3
1.1816,-0.33478,3
0.08888,3.3085,3
-0.52955,1.8988,1
1.7269,-0.43707,1
-3.5427,-0.52672,1
1.5593,-0.12164,1
-1.1827,2.4728,3
-0.52458,-3.0371,3
1.8103,0.78616,2
0.67718,0.43619,3
-1.8155,-0.91449,1
-2.6573,-0.41955,2
2.539,0.082548,3
0.69188,1.5206,3
1.0259,0.047134,2
2.1753,2.873,3
-1.777,-1.0373,3
0.26969,1.6951,1
-0.78022,-0.67819,3
2.696,3.322,2
-0.40068,-3.5665,2
-4.7431,0.32402,2
1.6195,0.89595,1
-3.4934,-2.6407,1
-1.5662,-2.6906,1
-0.20121,-1.1641,1
-0.39405,-1.0921,1
2.452,-0.23568,2
-5.5731,-1.0486,1
2.8231,2.9181,2
2.9206,0.33997,2
2.6269,1.2479,2
-0.63123,1.0534,3
-2.0153,-2.5636,2
1.2614,-1.1157,3
-1.2242,-0.11388,2
1.9521,0.74596,3
0.52482,0.67376,3
2.3301,0.56419,2
1.3674,0.22306,3
4.6477,6.2583,3
-2.2478,-1.2821,3
2.6336,2.661,2
2.2211,-1.121,2
-1.626,-2.3116,1
0.45115,1.7441,3
2.6288,-0.091609,3
5.1951,2.648,3
0.77225,-2.4466,2
-0.47178,4.7831,2
-3.0411,0.25331,2
3.4856,1.7019,3
2.9048,2.2584,3
-2.5728,-2.1567,2
-2.2086,2.6165,2
-5.8536,-3.9353,2
0.54818,0.68174,2
1.5075,-1.8993,2
-1.3791,0.98574,2
1.7892,0.53079,3
3.8277,4.0518,2
0.43654,4.7243,3
1.4614,1.0391,3
0.27159,-2.3216,1
-1.1313,3.8459,3
2.0886,-3.3676,2
-3.4457,-3.432,1
0.039265,1.5333,3
1.2973,-0.80459,2
2.7118,0.28831,3
3.3554,-3.1042,3
0.40694,4.2313,3
-2.2029,-0.8176,3
6.359,2.0359,2
-1.3963,-0.53054,1
-0.91065,0.73794,3
-4.0159,-2.2952,1
-2.0756,-2.3637,1
1.2304,0.13519,3
1.0982,5.4216,3
2.8115,-0.46266,3
4.7711,1.5785,3
1.6456,-0.55109,1
-2.0185,2.7388,2
3.6853,1.7054,1
-0.53791,-2.2417,1
2.1088,2.0894,2
0.34255,2.8312,2
0.44189,-1.3219,1
-1.9573,2.8267,3
2.3254,1.2322,1
-2.0796,-2.3391,2
-3.5309,-1.9953,1
2.9606,5.0384,3
-2.1786,-4.198,1
1.1257,-0.10885,1
-4.8678,-0.5572,3
-0.347,-4.4261,1
-4.2564,-3.8879,1
1.2362,1.4758,2
-0.36785,2.8589,2
-1.0387,-0.39384,2
-0.78771,0.51137,2
-7.4568,1.4978,1
2.0032,-0.91519,2
0.27838,0.11471,3
1.3842,-0.13277,3
-0.60443,3.5753,2
3.5373,3.1598,2
-3.0487,0.82841,1
-2.0669,-0.81546,1
-0.40055,-0.43149,2
-3.5324,-1.1377,1
0.37808,0.45,2
0.98082,-2.2868,2
1.9233,-1.877,2
5.3942,3.9982,2
1.497,2.1462,2
3.4252,-1.2033,3
-0.42604,2.7974,3
1.3227,0.43498,2
1.5038,-0.62002,1
-0.77899,3.0085,3
2.4044,0.65365,1
2.0068,3.3268,2
1.5082,3.8492,2
-1.0946,-3.462,1
1.7533,0.40964,3
-0.56794,4.5971,1
1.8487,-3.3264,3
-3.1246,-0.66308,3
0.25303,-0.33846,1
-0.96355,-3.0981,2
1.2938,1.0186,2
-5.5112,-0.4864,1
-0.52529,0.9836,2
1.8885,-1.3936,2
-1.8739,-1.1315,1
0.53747,3.0041,3
-0.66685,0.68608,1
4.6638,-0.75119,2
5.3225,3.1465,2
-1.1063,0.035166,2
3.0557,1.7028,3
-3.9395,-1.0354,1
-0.98674,1.2174,2
-1.2604,-3.1635,2
-5.0048,-2.5139,2
0.95182,0.10869,3
-0.14482,-1.2093,3
-3.591,-0.17456,2
2.0484,0.5861,1
1.6906,-1.678,3
0.34005,-0.22298,2
1.5986,2.5501,3
-1.3208,0.084206,3
1.9931,4.3313,3
1.3928,-0.84645,2
-3.568,1.4373,2
-3.4966,-1.1682,1
-3.1591,-2.5632,1
-1.6352,-2.1469,3
-0.24522,-0.88958,1
0.33045,-2.4408,1
-1.0318,-1.4738,3
-0.48638,0.45016,1
0.48076,0.46078,3
-1.5621,-2.6607,1
1.3842,-0.42398,2
0.12609,-0.57123,3
0.69652,-0.62543,2
3.4398,1.3163,3
0.4952,-4.0926,2
3.0269,0.067047,1
-3.679,1.2944,2
2.3135,-0.57247,1
-1.6045,-3.862,1
-1.9624,0.54053,1
-0.20491,-1.1647,2
2.7019,2.7039,3
-0.58647,-2.0952,1
3.1544,2.843,2
2.2227,-3.4626,3
1.3563,-0.12918,2
0.19253,1.3979,2
-2.0297,-1.5424,2
-4.3007,1.1723,1
5.063,2.3451,3
1.0947,-1.2512,1
1.7308,-3.0401,1
-0.95245,-0.62405,1
1.9456,-4.0985,2
-3.4775,2.2566,2
5.2863,2.8878,3
-2.4879,0.4957,3
2.9793,-1.0809,2
0.23087,0.7703,1
0.031343,-5.8686,2
0.61402,3.0714,2
1.3682,-3.4004,2
1.6771,-0.76759,3
-0.77906,-3.1057,3
-0.5544,-0.30768,1
0.32724,0.4577,2
-4.1842,0.83488,2
1.9084,-0.87261,1
-2.6271,-3.5156,2
0.44548,1.6955,2
2.9481,-0.29321,3
2.141,3.7651,3
-3.4336,-1.2902,1
0.18072,-1.7134,2
0.87581,-3.3403,3
0.91074,-0.86753,3
0.069371,-4.5018,1
-1.4564,-1.3069,2
-1.2489,0.56481,3
-1.5454,-1.5857,1
-0.75019,0.42496,1
1.0004,1.4039,3
1.8394,-0.15705,2
5.7168,0.69008,2
-3.1749,-2.6101,2
0.41427,-0.93332,2
-2.0152,2.063,1
1.0828,3.4294,1
-0.24059,2.3773,3
-2.9421,-0.56299,2
2.0945,-1.897,3
0.016069,0.62534,3
0.1008,2.4679,3
2.5439,-0.39538,3
-0.65733,4.0695,3
1.3649,-2.7516,2
0.62583,0.24598,3
2.4479,-1.9005,2
-3.4795,-0.21159,1
3.6567,4.4066,3
0.49658,-1.2043,2
3.7401,0.24668,3
0.80195,-2.1246,2
0.36831,-1.174,1
-0.73774,-1.0334,2
2.6079,-3.9203,2
-3.0536,3.6885,3
2.3144,0.16241,3
-1.1584,-2.8637,1
-0.09739,-0.59736,2
-3.509,-1.7779,1
4.2472,-3.509,2
-0.22992,-2.3427,2
4.5662,3.1888,3
-0.28068,1.9624,1
0.22063,-1.7004,2
-3.3881,1.3424,3
1.2987,2.1932,3
-2.5037,-4.821,1
1.7907,0.93065,2
1.4908,-0.41392,2
-1.5105,2.089,1
4.1432,0.15548,2
-2.8111,-2.1136,1
0.24144,1.0295,3
-0.89551,0.05363,3
-2.8386,-4.061,2
1.8035,1.9582,2
-0.033806,0.22315,2
-0.69182,3.5069,2
-1.7872,-0.040307,2
1.6234,2.7957,3
1.0663,-0.10329,2
-1.5514,0.08309,2
-4.9704,1.8646,2
3.3061,2.0176,1
-1.3771,-1.2714,1
-3.2015,-5.0957,2
2.5384,-1.9353,2
-4.0583,-0.76051,2
-1.3336,1.1505,1
1.8097,0.61671,3
2.0242,1.7016,3
2.2311,-0.021553,1
0.87434,-4.03,2
1.2981,2.7191,2
0.75634,3.0677,3
-4.4214,-5.5033,1
2.1497,1.28,2
-3.2638,-0.71087,3
-0.5649,-3.5133,2
3.9378,0.86739,3
-0.90783,0.68208,2
-2.2241,3.4183,1
-3.3701,2.7935,1
-2.7933,-3.046,2
-0.38817,0.096126,1
0.38265,3.8416,1
1.1215,0.79648,3
-0.12881,3.6072,1
-4.0388,-1.981,2
-3.6649,-2.3814,1
1.1455,1.98,2
0.14219,0.55656,2
-0.1047,-2.729,1
0.069386,-4.1673,2
-1.4765,-0.044295,2
0.31156,0.82721,2
-1.2832,-1.1357,2
0.18558,0.4478,1
2.8637,1.5511,3
0.47925,-3.0587,1
2.294,3.2242,3
1.0906,-0.57599,1
2.2368,1.2774,3
-5.1538,-2.0676,2
4.5982,3.945,3
-0.17784,1.6664,3
-0.36353,-1.4051,2
0.67671,2.2078,2
-1.8648,2.3767,3
-4.2622,-0.19154,1
-2.7614,2.5665,3
-0.92469,2.3619,1
0.61578,-0.33841,2
-0.94118,1.0066,2
-1.9789,-1.5109,1
-0.88761,-1.3177,1
0.22698,-0.081881,2
-1.5604,2.4956,3
0.86524,-1.3723,2
-0.43037,1.225,3
-6.1443,0.37088,1
1.9496,2.2887,3
-1.8125,2.051,1
-2.8654,-3.7744,2
2.3364,2.8313,3
2.3005,0.072201,3
-0.3279,1.2637,2
-4.5107,-0.054267,1
2.1793,2.6605,3
4.9909,3.3693,2
-0.097046,-4.5119,1
-0.041818,1.93,3
-0.14322,1.2431,1
0.72347,-9.4597,1
-1.5023,-4.7729,2
-1.092,5.9648,1
0.0077786,-4.5078,1
0.297,-2.7894,2
0.67377,-0.24391,3
-1.1571,0.39121,2
-3.379,2.3181,1
-0.17796,-2.7838,1
2.55,0.00013941,3
1.7018,-0.67203,2
-2.3925,1.6678,3
2.6916,1.9594,2
-1.4385,-0.38831,1
2.4994,0.26657,2
1.3404,0.25656,3
3.4848,-3.3803,1
-2.7448,-3.185,1
-0.97428,-0.0093368,2
4.0274,1.7388,3
-0.55716,-1.2406,3
-0.2655,0.51201,1
3.0292,1.909,3
1.073,-0.84401,2
-1.6962,-3.8611,2
-1.3591,-2.4375,1
-0.27502,-1.0066,3
-0.64345,-1.3422,1
2.0787,4.3972,3
-0.44719,-0.31201,1
2.2884,2.6263,2
-3.9391,0.08313,1
1.259,-2.6621,3
3.0007,3.3878,3
3.8374,0.15946,2
0.3979,-3.4858,2
1.1245,-0.33808,2
-0.53593,-1.7457,1
4.1298,2.5372,3
-1.6534,-5.8811,1
0.39608,0.095124,1
-1.6854,2.2406,1
0.48882,0.65451,3
0.29983,1.2779,1
-1.2965,0.20922,3
-1.8141,-2.5926,2
-0.1528,1.1053,2
0.079001,7.0936,3
-0.44448,1.813,1
-1.9933,-1.0339,1
2.8571,1.8562,2
-1.3456,0.057527,2
-2.4512,-1.4097,1
5.1701,2.6868,1
-2.0806,-2.5446,2
-1.0693,-0.92697,2
-2.359,-0.86831,1
2.3317,1.3104,2
0.41643,-1.1118,2
-0.84489,0.25754,3
0.54018,2.6263,1
-3.329,-1.0243,2
-3.9965,-2.1856,2
-1.9552,-2.2678,1
-1.7463,-1.9835,1
0.12402,-1.3424,1
-3.5894,-0.85945,1
2.6461,0.22821,2
4.1166,4.0909,3
3.7694,0.66314,3
0.16399,0.54911,1
-1.0167,-1.3646,2
-2.0255,0.38773,1
-0.70823,-0.64208,3
0.2337,5.115,2
1.3959,-1.8874,3
2.0934,-1.8498,2
-1.3334,-1.0297,2
2.1407,0.28837,2
-5.4671,1.3513,2
1.9439,-1.1166,3
-0.49148,-2.7702,1
1.9529,0.55375,3
-1.6748,-2.3718,2
1.1322,1.8012,3
-1.4875,-0.6881,3
2.2058,-1.1421,1
-3.2723,-2.1449,2
-0.7938,-1.7572,1
1.4707,-0.60884,3
-0.033269,-3.5943,3
0.13539,-5.0554,2
-1.2819,2.0356,1
-4.1786,-2.1145,1
-2.5911,-1.7126,2
-0.78839,2.8975,2
-1.5019,0.17306,1
-3.4038,1.1054,2
-1.5362,-2.0508,3
3.4414,-1.4269,3
0.98137,-0.54197,1
1.2674,0.85997,2
1.3354,0.41714,2
0.65656,-3.1323,1
-2,1.727,1
-6.0039,-0.1633,3
-3.3847,0.33398,2
0.81127,-0.2334,1
-1.9788,-2.3842,2
-0.60247,0.68532,1
-2.1082,-2.98,2
-0.39943,0.58431,2
0.7847,1.6465,1
-3.9875,-0.14536,1
-0.11506,-5.2279,2
-1.1178,7.3327,2
1.4343,3.3991,3
2.0247,1.4478,2
-3.1212,3.2282,1
-1.326,-1.5646,1
2.7109,2.7755,3
-1.7832,-1.0548,3
3.0039,-2.3686,1
1.1331,-1.1975,1
1.6865,-0.91723,1
2.7122,0.73708,3
-1.8365,-0.36618,2
-0.22996,1.076,3
3.4103,1.4874,3
1.6304,-0.87505,1
1.0372,-0.59647,2
-1.1117,3.9782,3
3.2424,1.944,3
0.51927,-0.44746,2
2.5536,0.53053,2
-1.4017,3.5576,3
1.8969,1.8832,3
0.11686,-4.3655,2
0.65472,2.2299,3
-0.91451,-1.3957,2
0.93646,-3.757,1
0.2179,0.89923,2
-2.001,-3.7297,1
-0.46267,4.1072,2
0.22602,-2.1137,2
-0.66459,1.9314,2
-2.2034,1.4855,2
-3.5052,1.1669,2
-0.80279,-1.4753,2
1.3027,-1.3557,2
-1.2892,-1.0286,2
2.6974,-2.0295,3
2.4513,2.4825,2
-1.1522,-2.2107,2
1.5553,-0.35387,2
1.5047,1.168,1
-5.2248,-0.074732,1
-4.063,-4.6697,1
0.043829,-6.5788,1
1.7485,-1.5727,3
-0.73806,1.4479,2
-0.017069,3.9471,3
2.2174,3,2
0.65297,1.684,2
-2.3985,-3.4279,1
-2.3022,-2.0829,1
-1.5188,-0.62073,1
-1.3667,-1.9857,2
-1.6401,1.2761,3
-1.4101,-0.41025,3
2.3531,4.3023,3
-0.52371,3.8112,3
0.42063,-1.5907,2
0.94415,2.3058,2
2.0951,1.6371,3
-1.7176,-0.20794,1
4.1739,0.15947,2
3.4458,0.47515,2
1.1058,-1.104,2
3.379,1.4225,3
-0.95368,-0.42005,1
0.73267,1.3455,1
-1.6268,-1.2691,2
3.1445,3.9664,3
1.4445,1.8346,3
1.9978,0.22206,2
-2.1303,1.4937,1
-2.9861,-0.58306,1
-1.2146,2.0746,1
-0.30249,-3.2883,3
-1.0351,1.4432,2
0.66275,-1.6723,1
-3.6493,-3.1386,2
-0.83917,1.5509,1
-2.9086,-1.5371,2
1.642,-0.85201,1
-0.070081,3.324,2
4.0971,-0.35978,2
4.1683,-1.843,3
-0.49349,1.0785,3
-2.0472,-0.85281,1
-1.6531,-3.5388,1
-0.27845,0.1182,2
-1.8396,0.75386,3
-0.80727,-4.3595,2
1.0291,4.405,3
-0.90194,0.7231,2
-3.569,0.40032,2
3.1334,2.3159,2
-0.56037,-1.5829,3
-2.8916,-1.9672,2
-2.0695,2.4497,3
2.075,-2.3246,3
-0.78777,3.6125,1
-0.60574,0.33249,2
-1.8674,-1.2441,1
-1.5838,-1.5175,2
0.061745,0.10706,1
-0.16928,0.41758,1
-1.0167,-0.71995,2
3.0847,0.50956,2
-2.9789,-0.9001,1
-3.0397,0.27113,2
1.4188,-1.6501,2
-1.1494,-2.1413,1
-1.9991,2.451,3
1.598,0.83296,1
-0.92999,-0.26215,2
0.40859,-5.0938,1
-1.7443,0.90326,3
-0.90237,1.3276,2
-3.1882,-2.2069,2
2.2261,3.044,3
3.8104,-1.9293,2
-2.6493,-3.1451,2
1.849,-2.8416,1
-4.0604,-3.3273,1
0.54719,1.7878,2
2.1835,2.027,3
3.5865,1.5783,2
-1.5181,-2.4501,2
0.14678,-0.3737,3
-0.24479,2.0878,2
0.73422,-2.0016,1
2.7935,4.7667,2
-0.74994,0.69901,2
2.0851,-2.9794,3
0.49581,1.3809,1
1.6583,0.96728,3
1.816,-0.32886,3
4.1818,3.6285,2
0.72315,0.14242,1
0.10266,-2.6554,1
-1.9868,2.3523,2
1.9473,-2.0477,3
-4.3112,-3.767,2
1.8393,-1.2986,2
0.31247,-2.1679,2
2.0647,3.3897,2
-0.41616,1.1208,3
-0.62069,0.27656,2
0.87227,-1.9511,3
-1.8501,-2.8005,3
0.8113,1.3876,3
1.1292,3.5639,2
2.1771,-1.1875,1
-4.6094,-3.7096,1
0.4633,0.60631,3
-3.6999,-4.7641,2
-3.4591,-0.57534,1
2.3898,0.91516,3
0.17612,2.9626,3
-0.29141,-1.7429,1
0.70335,3.8436,2
-3.09,-4.1509,2
0.75364,2.001,2
0.19098,0.35874,1
3.34,3.444,2
2.581,-2.9111,3
-2.8613,-2.7091,1
1.6607,0.31317,2
0.50138,0.081898,2
-0.58938,-2.3616,1
2.6941,-0.18933,2
1.1286,1.2541,2
-1.6119,-0.026364,2
-4.6662,-1.657,1
0.81097,-2.5108,1
1.3986,-2.475,1
1.2084,2.0341,3
0.60197,-1.591,3
-3.2663,-2,1
3.0793,3.8559,3
-2.8154,1.332,1
-3.9859,-1.3191,1
1.9526,-5.663,1
1.4104,2.9459,2
1.1322,4.0562,3
0.24866,-1.8766,1
-1.3408,1.6733,1
1.9172,2.5806,2
1.5401,-0.47464,3
-0.23702,-3.6203,2
-1.0245,-0.94251,2
-2.9036,-0.6215,1
-0.94084,-1.2541,1
1.5647,0.44633,3
-4.0729,-3.5793,1
-1.3723,1.4283,3
1.8818,-0.1411,3
-0.056283,-6.4356,2
-0.40163,3.7839,3
0.20372,0.081322,1
1.6393,2.4431,1
3.4076,3.7775,3
-0.49003,3.5345,2
-0.84316,2.0436,3
0.044819,3.3223,3
-1.5599,1.567,3
-0.79818,-0.6949,1
-0.48566,-1.5759,2
-0.25523,2.1727,1
1.9207,1.9383,3
-0.86968,-2.2181,1
-0.20289,-1.5712,1
-1.6626,-0.80154,2
0.82294,-2.1502,2
2.1135,2.9847,1
0.54392,4.4792,2
0.15811,-6.6664,1
-2.5373,-1.524,3
2.0643,-0.99009,2
-3.8802,1.3628,2
-3.785,-1.2828,1
-1.5085,-1.0506,2
2.2839,2.0502,2
4.3872,0.69725,3
0.50215,0.4281,2
-3.0058,2.1494,3
1.1097,-1.21,1
0.50409,-2.9041,1
2.5754,1.9437,2
-1.0669,-3.6743,1
-2.9551,-4.3309,1
1.8364,0.12882,3
-2.6198,2.2432,2
0.16013,6.6081,2
-0.27827,1.8522,3
-3.9309,-2.5458,1
-4.0791,-0.97746,2
-1.5129,-0.64243,2
-1.2463,0.67593,1
-0.79167,-0.22925,1
-0.18357,0.50002,3
-3.3086,1.4545,3
0.50312,-0.8537,2
-1.4522,-3.8556,1
1.4847,-2.3757,1
0.12113,-2.8162,1
-2.6395,-1.5916,2
-0.84192,2.772,2
-1.1248,1.5214,2
2.674,4.6517,2
-2.0001,5.3956,2
-0.84186,-0.093045,2
2.4301,2.2374,3
-1.3132,5.2177,2
-0.72071,-0.71993,2
-1.2871,-5.7424,1
-0.025163,-1.2063,1
3.2149,-1.4142,2
1.4152,2.4978,2
-0.19516,3.0939,3
2.4666,5.1523,3
0.44055,1.7491,1
-1.0638,1.7365,1
-1.1137,-0.51292,1
-0.51694,3.559,2
-0.35721,-0.8247,2
-1.958,-3.2397,1
1.3851,1.3576,1
1.6692,5.892,3
-0.5796,0.80705,3
0.24838,1.0404,3
-2.5643,3.0393,3
0.31139,-4.1233,1
-1.0965,3.8401,1
0.72104,0.99249,2
1.0909,-1.6648,2
0.52209,2.084,3
-0.22675,-2.6917,1
1.75,3.1777,2
-1.1613,-0.066543,3
0.99128,3.6782,2
-0.90466,-0.27118,2
1.4965,1.9889,3
-1.0539,1.2304,2
-4.9056,-2.3819,2
-2.3398,-0.24541,2
1.4392,0.32445,3
-1.4896,-2.9715,1
-3.1153,-1.2313,1
-1.5982,0.063374,1
-4.5962,-3.0191,1
0.93037,4.9859,3
1.4946,4.2248,3
1.5134,1.5793,3
-3.8476,0.10759,2
-1.2378,-0.9589,2
0.04353,-2.1794,3
2.9105,-1.557,2
2.0078,2.6965,2
3.7716,1.4269,3
-2.5905,-1.7536,3
0.12124,3.1944,3
0.9719,-2.7805,3
3.5818,3.5696,3
6.4903,3.7647,3
1.4656,1.2764,3
-2.3086,-3.1407,1
-0.51593,0.24034,2
-1.207,3.6368,1
-4.2962,-3.3965,3
1.9097,2.1945,2
-0.69672,-0.15668,1
0.76579,1.107,3
1.7668,2.8905,3
-1.7785,0.94358,2
-2.2122,1.5284,1
0.41017,0.031531,2
-2.4094,0.37817,2
-0.79662,0.82751,2
-0.80809,-0.42324,1
0.49577,-1.1717,1
-1.6443,-2.5607,3
-1.6891,0.50557,3
3.0035,-1.1858,3
1.9696,1.431,2
0.06574,0.67486,3
-4.0368,0.99805,2
-3.7984,0.70887,2
-2.4656,2.6957,1
-3.5424,-0.10699,1
-1.1211,-4.2138,1
-0.11885,3.8852,3
0.52806,-3.1052,3
0.059468,-2.3693,1
-3.5385,-0.50866,1
3.5416,2.6984,2
