2.824,3.1765,1
-0.51768,1.8432,2
0.69071,0.39554,1
1.9026,0.88035,2
-2.2662,-0.5528,3
3.571,-1.6353,2
2.3798,0.24273,3
2.4327,-1.8826,1
0.68565,-2.5962,1
-0.69329,3.2971,2
3.1063,-1.6741,3
6.5496,2.1262,3
-2.1091,1.4894,3
-3.5275,-0.093863,2
-2.3139,1.0853,2
1.8721,2.6358,3
-1.1032,-0.1539,1
-1.9874,0.5692,3
2.3305,2.5835,2
-0.53015,-1.1,1
0.26261,0.099069,3
-1.905,2.9099,2
2.2872,2.8739,3
1.2218,2.2297,3
2.6044,6.0644,3
0.58003,1.8042,1
-1.4711,0.0035319,2
-5.4112,0.12861,1
-3.6981,0.98545,1
1.2064,4.0432,3
-2.2388,1.0684,3
1.3262,-1.1285,1
-2.3821,2.2017,1
0.36531,1.1453,2
0.22825,-2.1358,1
3.2116,0.39755,2
-4.9812,-6.003,1
0.12662,-4.334,1
-0.67657,-3.0647,1
-4.3673,-2.5028,1
-5.575,0.27338,1
2.377,0.78708,1
1.4005,-1.285,1
-0.13045,-5.2579,1
-2.6267,0.86602,1
1.3261,2.5712,3
-2.8728,-0.27204,2
4.0903,0.096228,2
-2.9023,0.37483,1
0.27143,-3.5212,1
-1.7483,-7.3845,2
2.8127,-0.076644,1
-0.28131,2.3087,2
-0.76797,6.0086,3
-4.0913,-3.5511,1
-0.13155,-2.9426,2
0.54959,-0.53273,3
0.14258,-2.5793,1
1.8182,-3.9349,2
-0.63195,0.05661,3
-0.087798,-4.1323,1
-0.060222,0.93113,1
-1.5735,0.90066,3
1.2673,2.0844,3
-3.688,-3.4243,3
1.2429,-1.9435,1
-3.0716,1.4836,1
-2.4134,-1.5489,1
-0.75489,-1.1194,2
2.996,2.2902,3
2.1425,0.76421,2
-1.5582,0.34292,1
3.7925,1.6787,3
0.97459,0.42831,1
0.90539,-3.4838,2
0.22604,2.7811,3
-1.8057,-1.9957,1
-3.0535,-2.2385,1
0.10685,-2.9442,2
2.2188,1.6956,3
3.2609,-0.57925,3
2.0935,-0.03851,3
0.29085,-1.3911,2
-0.84769,-1.3902,2
0.14287,-2.3137,1
-0.47707,-1.0977,2
2.8433,0.74887,1
-3.0429,2.6246,3
-0.56682,2.0528,1
0.11493,-4.1773,2
-4.0344,0.65545,1
-2.6996,-5.2493,1
-1.2622,1.4729,2
2.4786,-0.017231,2
-1.1654,-1.7171,1
2.22,0.1872,1
2.0989,1.2758,1
-1.4604,0.31958,1
3.5825,1.4658,3
-4.7438,2.4841,2
-2.5264,-4.008,3
1.6916,-1.3115,3
0.70609,-1.6883,1
4.4407,-1.7979,3
-2.1608,0.97931,2
-1.2848,-2.2989,1
-0.94299,-0.86341,1
0.50488,1.7124,2
-0.97762,0.23013,3
-2.4262,0.62768,1
0.8215,0.83701,3
-0.46354,-1.1447,2
-1.4804,3.2056,2
2.1574,0.83577,3
-0.29842,1.3495,2
0.53851,4.6446,3
0.71123,0.21679,1
0.13649,-2.9845,2
-0.54643,1.6818,1
-0.11942,3.1289,2
1.8604,-0.95586,2
1.2299,-0.90903,1
-6.848,2.0093,1
-1.3468,-6.2007,1
-1.91,-3.915,3
4.4276,2.5421,2
-3.743,-2.3384,1
-1.3285,4.0754,2
-0.2105,-0.94603,1
3.4994,1.8991,2
2.4651,1.3751,3
2.673,-0.12922,3
-1.7946,-2.2874,1
-1.0022,-5.4461,2
4.4968,4.8483,2
-1.55,0.66755,2
1.0483,2.759,3
-1.8387,-0.96068,1
-1.0849,-0.60091,3
0.37616,-0.79255,1
-1.9412,-1.8201,1
0.82136,-2.3219,1
3.0967,3.1133,2
-0.3685,-2.0623,3
1.6927,0.36408,3
-1.7702,-1.1729,1
-0.66123,-1.0258,2
-0.16536,2.2601,1
-0.093222,-3.412,1
0.45842,0.96795,3
-4.9088,-3.8561,1
0.72651,0.12457,3
-3.7429,-2.0867,3
1.1058,4.1575,3
2.0732,2.0074,1
-0.83113,-1.13,1
2.1943,3.6103,3
1.3117,5.4664,3
-1.5513,-2.4534,2
1.3237,1.8429,3
2.2833,1.154,2
-0.61834,4.6034,3
1.8895,3.5935,3
-3.0941,-2.6167,1
7.3887,7.6852,3
0.093849,0.79528,1
-2.4518,-0.80893,3
1.0506,-0.71034,2
0.47229,-4.0813,3
0.10472,-0.69215,1
1.8154,1.6531,3
1.1957,-1.554,3
-4.55,0.32053,1
5.5932,-2.0766,3
-0.95939,-0.49303,1
-0.92789,-1.9859,2
3.7312,0.54579,2
-1.835,-1.6921,3
1.18,-0.98236,2
0.52633,3.4654,1
4.4606,0.34156,1
0.36681,-0.92112,1
3.9793,2.7046,3
1.4905,0.46639,1
1.7522,1.2063,2
-3.3362,0.26332,1
-2.255,-7.3498,3
-1.2401,-1.5549,1
3.7142,1.9653,3
1.3931,3.683,2
1.7469,4.7289,3
2.8108,0.88725,3
-1.1874,-1.9907,1
3.8584,4.5182,3
-1.1828,-1.6874,1
-0.66685,-1.8873,1
1.3816,-2.5264,1
1.8248,3.7715,3
-1.4883,-2.1235,1
3.0959,3.3386,2
0.85006,3.3209,3
-2.2831,3.6887,2
-0.84538,-0.24861,2
2.513,0.34726,3
3.1725,4.9131,3
-1.2232,-2.5394,1
0.67853,1.4317,1
-1.4581,-0.4994,2
0.24179,-6.4844,2
-0.1654,-2.4546,3
-4.603,-1.7862,1
0.64891,-0.86725,3
0.91999,-4.2855,2
1.525,0.06245,2
1.1393,-1.8281,2
-0.94294,-0.3247,2
3.1981,-1.1253,3
0.84775,-0.27031,2
1.4985,-5.9014,2
-1.4901,0.61755,2
3.152,-1.0522,2
1.11,0.19923,3
5.0147,3.1729,3
-1.0811,3.8652,3
2.5266,-0.58293,3
-1.345,0.33803,1
-2.6767,-5.1359,1
1.3323,3.5993,3
-0.76253,3.4253,2
0.73407,-3.2731,1
-2.6399,0.8076,3
1.4369,-2.7071,1
1.7511,2.1938,3
2.8081,1.0468,2
1.9518,1.6872,3
-4.8049,-1.9307,1
1.0585,0.74173,1
0.92478,0.68384,2
1.4244,2.9198,2
-2.3338,-0.49506,1
3.3962,1.0024,3
3.5279,-0.9174,3
0.72176,0.2355,2
0.64999,3.2239,3
0.60009,-2.6362,2
2.4746,0.6325,2
-0.72435,0.2617,1
1.6311,-0.15932,3
2.0505,-3.0925,2
-1.7567,2.184,1
0.20527,1.9103,1
2.711,-0.42421,2
-1.0259,1.7607,2
-0.057762,-1.7606,3
4.9365,2.932,2
-4.047,-3.1798,3
0.82055,-0.71726,2
1.9846,1.3716,3
-1.953,-0.3268,3
-1.1836,-3.3268,1
0.76192,2.067,2
-0.66446,-2.1344,2
-1.9946,4.4168,2
-1.9474,2.2753,2
-1.3492,2.9437,1
2.1674,3.5489,2
-0.87937,-1.2925,1
-0.033355,5.5101,1
2.94,-1.2913,2
0.56026,-0.2786,1
3.8167,3.1849,3
1.4754,2.3906,3
0.89119,1.7262,3
-1.8817,0.21773,1
4.1135,1.6498,3
-3.9975,-4.4008,1
2.7882,-0.14973,3
-5.5725,-0.21932,1
-0.239,-1.0002,2
-1.7887,-1.346,1
-1.1573,-0.43329,2
-2.4001,-1.4903,2
2.7265,2.9246,2
-2.4037,0.99885,3
-1.1146,2.9308,1
-0.87879,2.2179,2
-0.98362,-1.851,3
-2.8144,-2.4138,1
0.50052,1.8204,2
-0.087953,4.6975,3
0.059944,-1.8184,2
-0.74476,1.7824,3
-5.5043,-2.748,1
-2.7044,-0.92102,1
-1.9413,0.19675,1
-4.3958,1.0498,1
0.286,2.8933,3
4.8419,3.4314,2
-1.1534,1.8712,3
-2.0792,-4.4525,1
2.7191,0.24242,2
1.4045,-2.168,3
-3.515,0.29911,1
2.8546,4.1025,2
0.67649,0.75083,3
-1.097,2.3986,3
0.71519,1.1362,1
4.4194,2.1046,3
-0.042264,1.3349,1
-2.7452,3.5686,2
2.8944,2.6442,3
-1.0908,1.5076,3
0.46728,0.65309,1
-2.5683,1.3878,1
2.5801,2.0683,2
5.2298,-1.3745,3
0.88319,2.7636,1
0.70501,-1.1064,3
-6.1873,-2.7229,2
2.2405,3.3879,3
2.2299,-0.032908,2
0.075419,0.94801,1
0.783,2.2007,2
1.7168,1.2155,3
3.3567,-2.465,2
-2.5056,-2.7384,1
0.44552,2.2767,2
3.6866,0.98137,3
-0.57414,-0.57349,1
1.2904,2.5519,3
1.684,1.4293,3
1.5122,1.8812,2
-0.31228,1.8964,3
2.5032,-0.98447,3
-2.9643,-2.6931,1
1.227,-0.12846,3
-1.1966,-5.6655,1
-1.4164,-2.9786,3
-0.46099,-0.032073,1
-2.1086,-2.2477,2
5.4386,0.65197,3
-0.87335,-0.18298,3
2.4876,-0.1811,2
-3.097,0.36346,1
-0.89429,2.278,2
1.3223,-0.42568,2
0.032751,-0.40041,2
-2.0371,-1.7278,1
-5.2169,0.81382,3
1.8705,3.8795,2
-3.2097,2.9488,1
-2.6398,1.7935,1
-0.0081284,1.5128,2
-3.4629,-1.6795,2
2.1797,4.343,2
3.3362,0.3611,3
4.1213,-0.71857,2
0.19627,-1.5692,1
1.079,0.058874,1
-0.76118,1.116,3
0.46476,6.1676,2
-2.2844,-0.44366,3
3.0657,-0.68409,3
0.87836,-0.35833,3
0.72386,-3.3182,1
-0.056351,-0.9083,2
-0.40181,0.01299,3
-0.3342,-1.4625,1
-0.49975,2.3908,3
1.1454,1.0781,1
2.2012,-5.6093,1
-0.77241,-2.4496,3
0.82479,-1.361,2
-2.9876,-2.6078,2
3.7088,2.7811,3
0.73696,-0.39644,1
-0.37456,-4.7612,2
1.2809,0.69563,3
-0.59064,-3.327,1
-2.5506,-2.3444,1
1.0825,1.05,3
0.87398,1.2878,1
4.2299,-0.249,1
-0.34046,1.9501,2
-5.1242,-4.3683,2
1.7287,-2.0725,3
-1.6826,2.0011,1
5.1562,-0.46092,3
-1.0522,0.82248,1
1.1617,3.6288,3
1.0573,0.11218,3
-4.5249,1.4963,1
-1.008,3.627,1
4.526,-2.8475,2
-0.44133,0.59492,3
3.6669,1.7576,3
4.5034,2.1204,3
-3.1553,1.3096,1
-0.71577,-1.1308,3
-0.34625,-0.64511,3
-1.4401,5.0165,2
1.0099,-1.079,1
1.1906,0.25082,1
1.9733,0.73664,3
1.8923,2.1445,3
-0.36702,1.0181,1
0.60758,-1.0354,1
-5.1159,-2.4516,1
-2.9144,0.76113,3
2.2284,0.17303,3
0.087876,-2.9336,3
-1.4216,0.68404,2
-1.1203,-0.099004,3
0.98931,2.7676,3
-2.8705,2.1896,3
2.2972,-1.1312,3
-4.3035,1.4149,3
1.1489,-2.0884,3
-2.9208,-2.1039,2
-2.8343,-1.2885,2
-0.27056,-1.6541,2
-0.19026,2.8885,2
-6.0262,-4.6262,1
-0.30154,-0.26061,2
-2.8281,-2.2883,1
0.69851,0.88992,3
-0.53186,-0.2799,3
-3.2898,-3.1303,1
0.13603,-2.8774,3
2.0756,0.012658,2
0.64858,3.7376,3
-1.8381,-1.0783,1
-2.0412,0.25101,1
0.26427,2.0174,3
-1.2537,-2.4835,1
3.8203,-1.4784,2
-1.5156,0.64746,2
-0.84861,-2.6322,1
-3.6606,-2.049,2
1.6187,3.6155,3
0.14103,0.023333,1
-0.85301,0.00587,2
1.6485,2.5905,3
-1.1731,0.74925,2
2.6552,0.0045325,2
-4.1986,0.69708,2
-0.017862,0.73552,2
-0.84062,-1.5012,2
-2.3231,0.58054,2
-1.0749,-1.2308,2
-0.21257,-2.2853,1
1.7327,1.9638,3
0.62641,-0.89933,1
0.6207,-1.4178,1
1.6917,2.0094,2
2.7758,5.8775,3
2.8752,-1.0646,1
2.8648,-2.4739,2
1.8606,4.1162,3
-1.6707,-1.918,1
-1.1064,1.3172,3
1.1171,1.0661,2
0.46886,-1.4154,3
-1.655,-1.9957,2
-1.4524,3.7416,3
1.9231,-5.7504,2
-1.2864,-0.67716,3
-1.8282,-4.2693,1
-2.1585,0.53554,2
0.83615,0.012071,2
-0.6144,-0.84031,1
-2.2076,1.2912,1
1.0017,1.2588,2
-2.5368,-0.35038,1
2.614,0.58062,1
5.0381,7.2523,3
0.081964,-0.3903,2
-3.1912,-0.50986,1
-2.6659,0.36084,3
2.6371,2.7965,3
2.7811,-0.38915,2
0.13493,-1.917,2
-0.77919,1.291,2
-4.2145,-3.3544,1
0.16923,4.498,1
-0.9125,-1.4144,2
-5.8888,-1.4864,2
2.4036,2.5621,3
0.042162,4.7983,3
2.9709,3.4005,3
-1.136,-2.4787,2
1.1561,-2.6194,2
1.5968,-2.047,1
-1.1674,-2.0506,2
-0.10964,-2.454,2
2.099,5.9099,3
2.1472,2.9014,3
-0.085248,-3.0569,3
-0.54665,-2.1092,1
-0.31003,0.51502,3
1.5549,2.3889,2
-1.2936,-3.1275,1
1.2467,0.9583,2
-0.69749,-2.8376,1
-1.3948,-2.4485,1
-1.5899,0.80605,2
0.68694,2.6783,3
-0.10926,-1.4051,3
-0.9142,-1.8049,3
-0.040673,-2.057,1
-0.92676,-0.78744,2
-3.2152,-3.7949,1
-3.3219,-2.3721,1
-2.2953,1.1025,3
-2.611,-8.8778,1
-3.5532,-3.9321,1
0.95586,0.54715,2
2.506,4.6294,3
1.2741,0.26173,3
-1.2346,3.4235,3
2.7296,-1.4564,1
-0.40678,-1.7554,2
-2.1972,-0.9141,2
-1.959,0.81807,1
1.0225,1.408,2
-0.35378,-2.4718,2
0.58068,-1.9486,1
-0.48721,3.1646,1
2.5216,-5.2591,1
-3.442,-0.53616,2
1.5493,0.20686,2
-2.2417,2.7281,1
-3.3882,-0.70418,1
-0.38964,1.4929,3
-1.4168,-1.9984,3
4.3781,-1.9366,1
1.2389,-1.7233,2
-2.1729,2.3068,2
6.3486,3.7517,3
1.9022,3.1824,2
1.6203,-1.7247,2
-2.0785,1.018,3
3.2606,0.39467,2
1.987,1.3045,2
2.5441,-1.5353,2
-0.25064,2.3959,1
-4.6057,-3.7793,1
-1.7089,-3.3864,1
-0.80203,-0.67083,1
-0.50761,-7.3126,1
-4.451,-3.1565,1
-0.60112,-1.3732,3
1.6235,-1.0781,3
0.1538,-1.1393,1
-3.3732,-0.76417,3
0.84035,-1.2804,1
0.42941,3.4835,2
-4.013,0.89587,1
2.0685,-0.0072857,1
2.7983,-1.8427,1
-3.9361,-4.7621,2
2.3063,-1.2645,3
1.4391,-1.1796,3
1.5597,3.5831,3
-3.0747,-2.5033,1
0.82076,-2.3166,1
0.56874,2.5181,3
-3.0571,0.04127,3
-0.051092,2.5059,3
3.3664,-0.37574,3
0.11487,0.28079,1
2.4932,0.19085,2
1.9572,4.588,2
1.9861,1.3058,3
-1.4227,2.7715,3
0.020744,3.0998,3
0.33572,3.1406,1
1.1789,-0.57514,3
-1.7181,2.0559,2
-0.69712,1.3837,1
-1.8231,2.4369,2
-3.4,-0.81209,1
2.9041,-3.5125,3
1.2118,2.6194,3
5.5388,1.5765,3
-2.2419,3.6564,3
0.95034,-4.7913,1
-3.1269,-0.50916,3
1.0507,-0.30376,1
-1.061,1.1031,1
-0.92532,-2.3578,1
3.8702,3.2969,2
-4.1983,-1.4359,1
1.2284,-3.105,3
2.9161,7.3032,3
-0.19023,-2.0812,1
3.057,-0.016075,2
-5.4886,-0.6652,2
-2.2846,0.34127,1
-3.9423,-5.4928,1
3.4054,-3.558,2
2.9927,3.3413,3
1.6028,-0.092989,3
-0.38797,-2.2298,3
-0.43271,-0.34407,2
-3.5826,0.82404,1
-0.67803,-3.5308,1
-3.3018,-5.183,1
-0.59005,2.1602,2
-0.64998,1.3787,2
-3.4722,-3.1603,1
-0.29324,5.3803,3
-6.7124,-3.1414,1
-0.45355,1.7768,1
-0.43485,-0.5296,1
-2.753,0.738,2
4.5519,4.0871,3
0.57368,5.2066,3
-0.54397,-0.19401,3
-1.0111,0.39717,2
-5.6341,4.8346,3
-2.098,-1.3307,2
0.45761,-1.5382,1
-5.1538,-2.9743,1
-0.86232,2.3406,3
0.73474,3.5713,3
3.5707,-0.024593,3
-0.56289,1.0183,1
-2.8885,1.016,2
-2.1783,3.2336,3
-0.22227,-1.3011,1
-2.293,-4.0867,1
2.3902,-0.17607,2
3.598,2.344,3
4.6662,3.9296,3
0.10744,4.1129,2
-3.5032,-1.4274,3
-0.66104,0.11619,3
4.2351,-0.29546,2
0.28125,0.68278,3
6.6859,2.4416,3
0.80365,2.2196,2
0.17066,-0.75377,3
1.9903,-1.254,3
-1.1513,1.8502,2
-3.9915,1.3963,2
-2.5074,0.72151,3
0.90298,2.219,3
-5.8177,-2.1438,1
0.58309,-0.76213,2
0.54307,-3.9035,3
-0.97209,-4.1432,2
5.9188,1.2648,3
3.3681,3.0076,3
-1.1762,3.852,3
-4.3981,-2.6127,2
3.1113,2.153,2
-5.6165,-0.53617,1
-0.002282,-3.8364,2
-3.8707,-2.5935,1
1.4928,0.9948,2
-0.41315,1.2395,3
-0.014376,3.589,1
4.3294,0.67817,3
0.86064,-1.915,1
-0.7351,0.43678,2
-1.6152,-0.59932,1
1.7246,-0.99466,3
1.8034,3.2744,3
-5.1083,0.49687,2
-1.1514,-0.72382,2
-1.2817,-0.75301,1
2.3653,-5.5456,1
2.4024,-1.3913,2
0.60953,0.23158,3
0.51391,-0.88618,3
-5.0196,-0.89058,2
-1.1186,-4.4081,2
1.5115,4.2555,1
2.4864,6.0396,3
-1.3842,1.2557,1
-0.89153,1.269,1
0.84072,-4.3873,1
-2.603,-3.9787,1
2.1148,2.7227,3
-0.2747,-0.86394,3
0.22412,1.4317,1
1.3188,-2.2977,2
3.117,1.9506,2
-0.89276,0.54063,3
5.2396,-2.241,1
1.3479,3.5839,3
-3.3694,-1.5213,1
1.8957,4.6415,3
-2.2562,0.19812,2
-1.9681,1.6675,1
4.4521,2.0468,3
1.1705,1.6314,3
-0.13079,-4.6039,3
-0.82681,1.2733,3
3.5083,4.3279,2
-4.5376,-5.9665,1
-1.8777,-1.561,3
-0.88017,-0.55685,1
2.2339,0.17513,3
-2.5362,-3.231,1
-1.9496,2.2084,3
-1.1921,-2.5451,1
0.85592,-0.9666,1
-1.3388,-1.2721,1
-5.5599,-0.41195,3
2.2167,4.964,3
-5.2249,-3.2058,1
-1.6257,1.3533,1
0.021678,-1.3849,2
2.2963,0.79731,1
-2.8964,1.9723,2
-0.41633,2.6426,2
-0.65934,5.4186,3
0.22965,-4.4072,3
0.83256,-1.1689,3
1.9054,2.1631,3
-1.9779,-3.6115,1
1.0181,1.3337,2
2.3579,0.97461,2
0.75923,-3.0437,2
3.1857,0.39621,3
0.015623,0.060472,3
0.86867,-1.1629,3
-4.9934,-1.0308,1
1.3408,1.8829,3
-0.7585,5.2691,3
-1.81,-0.16139,1
1.3742,0.99105,3
1.5331,-4.936,1
3.6108,0.36947,3
-0.040105,-4.116,1
1.0972,2.2293,2
2.6944,-0.8677,1
1.2082,2.4549,3
-2.0232,2.3913,1
-1.2497,2.7414,3
-3.3835,-4.2865,2
0.98683,1.2223,3
-3.8616,-5.4483,1
4.0207,2.0859,3
-1.1955,-0.34799,2
-1.0027,0.67229,1
1.5799,2.9843,3
2.8777,2.9221,3
-1.1547,1.2198,3
0.023262,0.61239,2
0.44755,-0.33633,1
-0.81829,-0.49499,1
-3.43,-2.6185,1
0.61769,-2.0339,1
2.0208,2.6286,3
-2.6059,0.55685,1
-1.9738,-1.8166,1
-1.062,-0.30029,2
3.8711,0.26644,3
3.7422,5.2746,3
-0.36124,0.66537,1
-1.9123,2.3275,2
-0.26372,-1.5039,3
-2.3124,5.5126,3
1.5849,2.2127,2
1.2654,0.22434,2
5.4164,0.83898,3
-4.8455,-3.2059,1
-4.3696,-2.4303,1
-1.1835,-3.2053,2
-1.0808,-2.9228,1
2.6116,4.1336,3
0.84441,1.6721,3
2.3446,-0.40924,3
-1.927,-1.9121,1
0.73646,3.5281,1
0.53009,-0.1972,3
-0.79237,-1.0901,1
-1.9961,1.6305,1
0.25947,-2.3358,2
1.5302,-1.3853,1
-0.67867,3.178,2
0.6399,0.21096,3
-1.1358,2.3963,2
1.3004,1.3809,3
-1.0315,0.50229,1
0.037943,-3.6154,2
-0.12334,3.8675,1
2.6846,2.3828,2
2.668,1.2014,3
0.18587,-2.1177,2
2.3012,-0.27603,2
3.5289,-3.4271,2
-4.5362,0.81647,3
0.91623,-0.26469,1
-3.3437,-2.1121,2
-0.71436,4.6433,2
-1.6339,-3.2638,1
1.9712,3.1897,2
-3.2117,-1.7005,1
-3.9784,-1.5119,1
3.0549,0.10942,3
3.2369,1.7428,3
0.22227,-3.8766,1
-3.5484,1.8676,1
-0.23274,-1.6463,3
-0.66191,1.3077,1
-1.5915,-2.6313,3
-0.028645,0.68019,2
1.3127,0.55014,2
-0.94066,0.98846,2
0.4899,-0.35741,2
2.4134,-2.6422,3
1.3036,-2.9523,3
-3.1519,-0.7414,2
-0.4703,0.58034,1
0.38833,-1.8372,2
4.8381,2.0977,3
2.1194,-2.4657,1
3.9313,1.9146,1
-1.8685,-0.84914,3
-0.10447,-2.4075,2
-0.69261,-0.86063,3
0.51499,-3.3451,2
-4.2981,-2.8627,1
-2.1114,-0.029278,1
-2.2197,1.0652,1
2.7905,2.2224,3
-5.3397,-4.3801,1
2.8627,2.1112,3
-1.4642,-2.6475,1
-3.6895,-1.0814,1
3.6628,0.68257,3
4.2121,5.0256,3
0.35463,1.8634,3
-0.43361,-0.48576,1
-1.862,-0.58714,1
3.097,-1.2764,1
-4.9599,2.945,3
-1.5515,0.25076,3
4.2434,-0.88279,3
5.5759,1.2294,3
-3.7213,-4.4669,1
0.6059,-0.34666,2
2.6727,-2.6399,1
-2.0655,-1.3375,2
0.10102,1.4881,1
-2.3144,-0.75682,1
-2.9074,-3.1541,1
-0.90317,0.10377,3
2.597,-0.67924,1
2.9485,-0.1525,3
-1.3819,-0.75113,2
-1.5852,2.0257,3
4.9989,-0.36232,3
2.5199,1.571,2
0.91465,-3.8128,2
3.7914,2.1084,2
-0.66919,0.082388,2
1.9073,1.1099,1
1.7002,-2.8143,2
-0.97176,-0.81051,2
3.1239,2.3773,2
0.33356,3.15,2
1.0174,0.024758,2
1.1745,0.43634,2
-0.48174,0.93076,3
1.8159,4.4722,3
4.0082,2.0732,2
-1.9577,1.0187,3
2.34,4.1829,3
-0.21468,3.1786,3
-1.6752,-2.9028,1
0.23408,0.26737,2
-1.3862,1.7946,1
1.7905,0.23862,2
5.1729,1.9462,3
-1.571,-1.2182,1
-1.0194,3.584,1
-1.1969,0.52818,1
-1.0335,0.15472,1
0.963,1.7151,2
3.8278,2.8834,3
-0.98611,1.5099,3
2.2152,3.1017,2
3.6095,0.7406,3
-1.7099,1.2257,3
-0.62946,-4.6358,1
-0.27867,-3.6,2
-3.8346,-1.166,2
-2.2923,-3.3049,2
1.1366,0.16786,1
-1.2181,1.5565,3
-3.5668,-0.99957,1
-4.8072,-4.3723,1
7.2473,-0.1718,1
-2.6326,-1.0694,2
2.5061,2.7412,1
0.57785,-0.5151,2
-3.6917,0.26753,1
2.168,0.99533,2
-0.17865,0.90837,1
1.2717,2.6833,2
3.342,1.6039,3
-0.20731,5.6903,3
0.81175,1.3186,3
0.27766,2.4587,2
-3.9735,0.71552,1
-1.5026,-2.5386,2
-1.5817,1.5614,1
1.9605,2.2366,3
-3.2733,-2.1615,1
-3.6906,1.1924,2
0.95861,-0.10666,2
0.25515,-1.0225,2
-0.42256,-1.048,3
-0.006765,-0.88029,1
2.9674,1.0877,3
-0.6384,0.75295,3
-0.70822,-1.7115,1
-1.4815,2.5544,1
-0.91392,1.2286,1
0.42078,-0.63107,2
-5.7936,1.6915,2
0.47067,-3.106,2
-1.9124,0.040691,1
-0.28525,1.8639,3
3.6308,3.696,2
-3.086,-1.0936,1
0.24378,0.39876,3
2.9114,1.6232,3
5.3542,1.8178,3
5.7183,1.9312,3
-2.7904,2.3477,3
0.7967,-3.6503,1
0.53625,4.9747,2
2.3793,1.9891,3
0.52918,-4.3998,1
-0.63896,2.2569,2
0.14308,-2.0334,3
-1.6282,-0.44875,1
-1.4945,2.3593,3
0.26801,1.6652,3
-1.6044,-3.7483,1
0.17137,-0.65264,1
-1.2678,-4.1595,3
1.6205,-1.9537,1
1.539,-0.41119,2
2.2893,-1.3314,2
2.1836,0.46084,2
-2.094,-5.8949,1
-5.0497,-3.9737,1
-1.4597,0.31273,1
0.54913,-0.063625,3
-0.62564,1.1741,2
-3.7627,1.6225,1
3.7424,5.6011,3
1.3451,-4.471,2
-1.6265,-1.4655,1
0.44864,-4.237,3
-2.4352,0.65705,2
-0.98215,-2.1191,1
1.7583,3.4313,3
-0.56334,2.4654,1
3.0896,1.9686,3
-3.112,-0.35918,1
0.86059,0.15375,3
-1.1466,0.021412,1
-2.467,0.2475,3
-1.1539,-1.4604,1
-2.852,2.4479,2
1.17,0.077827,1
1.4942,2.1026,3
-0.33253,-2.1032,1
-1.2977,-4.1854,1
-2.4108,2.3051,3
0.52619,-0.98805,3
0.41142,0.78696,2
1.4118,4.1332,3
-3.5958,1.4566,2
-1.7648,0.40363,1
0.19483,-1.4424,3
0.63477,2.5328,1
2.3444,-0.51875,2
1.0256,-2.794,3
0.38228,2.3063,2
1.6485,2.3629,3
0.29083,-0.69728,3
-2.0848,-0.24937,3
2.421,0.32651,2
2.4703,-2.8494,2
3.1903,-2.9274,1
0.40778,0.12395,2
-0.082814,-3.1682,1
-1.0551,-1.4652,2
1.2072,1.5741,1
-0.56922,-3.9679,1
4.3914,-0.51244,3
-2.95,-0.3232,3
-0.19882,3.4397,3
-1.258,0.2271,1
1.6973,2.1272,1
-1.7246,2.1676,3
2.6408,1.7571,1
-5.1198,-3.5408,1
-0.63758,3.1375,3
0.62964,-3.4133,1
0.53411,-2.1737,1
-1.0323,-0.70378,2
0.33532,0.26092,2
1.0504,1.4316,1
0.67761,0.012617,2
-1.0965,1.6203,3
2.1134,4.4968,1
-5.896,0.274,3
0.97859,1.6624,1
0.11719,-1.1809,3
-2.3484,0.080728,3
-0.48649,-0.88641,1
0.24536,0.60427,2
-2.3673,-3.9794,1
1.9923,0.66042,3
1.4831,-0.9001,2
-2.4889,-2.4405,1
-0.72214,-2.6734,2
-2.3248,1.396,1
1.5591,0.26543,3
0.65639,0.95596,3
0.55093,-0.62012,1
1.8828,0.019822,3
-0.7266,5.0108,3
0.36007,0.16962,3
-0.81823,0.74074,3
3.0522,0.47754,3
0.40574,-0.7341,2
0.13547,1.3055,2
1.751,-2.072,1
-0.25242,1.0777,3
1.0726,-0.63116,2
4.5949,4.604,3
-3.8896,-0.34787,1
1.7377,1.2455,1
3.865,3.0157,2
-3.5867,1.6601,3
-0.020536,-3.4674,1
-3.5303,-0.65368,2
-0.16179,0.22972,2
0.35569,3.4393,2
1.7077,0.18893,3
0.54478,-1.9941,1
-0.38925,1.6646,2
-4.3177,1.0413,2
1.227,0.8487,2
3.387,-1.5579,2
1.8166,-1.7331,2
-2.203,-2.7593,2
0.51667,-3.9449,2
3.2218,-4.4056,2
-4.4632,-1.8739,3
-1.8996,-2.4315,1
-3.9734,-1.5213,1
-0.77575,0.12685,1
-2.5895,-0.51056,3
-5.6855,-3.3383,1
-3.7778,-1.9122,1
-0.57024,0.8491,1
-1.7903,-5.7432,1
2.0191,2.4889,2
-3.3756,-4.6051,1
-2.2018,2.518,1
-0.72515,-0.49026,1
-1.741,-5.9619,1
0.13002,-0.011194,2
0.040697,2.2264,2
-1.1228,1.5368,3
3.9877,-0.13012,3
0.66578,3.8878,3
-0.78571,-1.796,2
-0.20698,-4.8431,1
1.4932,4.2231,3
-5.4896,-2.0577,1
-0.65984,1.5303,3
0.76737,3.3367,3
3.1988,2.4828,3
1.2636,-2.513,2
-0.95588,1.3036,1
1.9845,1.8321,2
1.0254,-2.0534,1
-0.71877,-2.4212,1
2.8411,-2.2155,1
1.4419,4.0178,3
-4.1405,-3.0844,2
-1.514,1.7004,3
-1.1051,-2.2579,3
-0.69844,-1.2059,3
-3.5441,0.11219,1
3.5312,4.1504,1
-0.19018,1.7085,3
-0.081382,0.60075,2
-1.8353,1.0651,1
-4.6386,1.0219,1
1.2557,1.9321,2
-2.4831,0.028845,3
1.1771,-2.4227,2
0.2263,4.2565,2
-2.7487,0.089943,3
0.29826,1.1239,1
-0.23801,1.3195,2
-2.5272,2.3218,2
-2.5061,-1.1229,1
0.41981,-2.4629,2
-2.0088,3.4759,1
-0.51021,0.81204,3
-2.6309,-5.5025,1
-0.27727,2.4617,2
-0.97863,-0.056992,3
-0.073502,1.1113,1
-0.92431,-3.9728,1
-1.1197,-2.3863,3
0.40565,4.4133,3
-0.85982,0.51389,2
0.26741,3.0521,3
0.59563,-0.001564,2
2.8168,0.67171,3
0.74399,-0.29123,1
4.0292,3.1065,3
2.2374,1.748,1
-2.214,1.3883,1
-0.97224,-3.1503,2
3.548,1.9812,3
-1.0864,0.082565,2
5.2078,5.6345,3
2.5158,0.94085,1
2.4339,-4.4598,2
0.8597,4.0837,3
-1.1022,1.3208,3
-1.3608,-2.1644,1
2.3937,2.5758,3
-3.9471,-1.8819,1
-2.7692,1.5537,1
-0.94665,-2.3493,3
-0.20025,0.6639,3
-2.0173,-0.77793,2
-0.57796,4.3217,2
1.071,-2.9872,1
1.6861,0.67017,2
-0.97437,3.527,3
0.31618,-2.2846,3
-2.6028,-3.8118,1
-1.2856,-3.7747,2
-0.46498,-0.69943,3
0.95522,-1.6392,3
4.2215,3.7005,3
2.2039,3.7823,3
-3.7323,-6.8486,1
-3.0109,0.22202,3
1.8428,1.287,3
-0.69655,1.541,3
2.3915,1.862,3
0.24986,0.63976,2
-0.38106,-1.1616,3
0.32848,-2.261,1
-2.892,-1.5817,1
0.98218,0.66496,1
2.7445,3.9216,3
-4.7309,-4.3581,2
1.2861,2.1884,2
0.68876,-0.72356,3
1.2292,-2.3719,3
0.50837,-1.295,1
-1.1198,-4.3628,2
2.5036,1.5381,3
-2.5696,1.6632,2
-0.65841,-1.707,1
0.31098,-2.9797,2
-0.50435,-7.1312,1
-2.3196,-1.2613,1
2.8659,-0.72605,2
5.0204,-2.2139,3
-3.1078,-1.6134,1
1.3188,-0.92463,2
0.13394,4.0149,3
-1.5597,-1.3857,2
0.42592,-2.9138,3
-0.69225,1.2417,2
1.0171,-0.59521,2
0.80859,1.0475,3
0.38832,0.42149,1
2.1341,3.0454,2
-0.92273,1.4882,2
-2.7617,3.3193,2
0.37461,-2.3889,1
-1.7349,1.7768,1
2.0363,3.454,3
-0.10639,1.5726,3
-1.8423,-0.057592,3
-3.1898,-2.1836,1
1.2073,0.93772,1
-2.6901,0.58871,1
-1.9577,-1.2187,3
1.5663,0.55954,3
2.157,-2.6802,1
1.5134,0.13967,3
0.72988,2.4754,2
1.1341,0.70002,1
-0.69531,1.6313,3
-4.3379,-2.128,1
-3.8211,-0.43435,1
0.63385,0.86565,3
1.7089,-0.39752,2
1.9377,-2.8218,1
-1.6277,1.3543,1
-0.039635,-1.4208,1
-0.60225,-1.3749,1
1.1821,-3.8435,1
-4.6856,-2.4866,1
1.8018,1.6003,2
-0.3912,-0.36172,2
2.9095,-0.23189,3
-3.226,-5.4153,1
-2.6213,-2.3406,2
3.4637,0.97401,3
-1.4486,1.5463,2
2.5059,2.3641,3
0.15592,0.4572,2
-0.92922,-1.1294,1
-0.95506,0.1997,3
0.05114,-0.98106,3
-4.1582,1.9959,2
-0.65611,-3.2213,2
-4.2444,-1.9814,1
4.8258,3.369,2
-3.4011,0.61085,2
-5.102,-3.477,1
-3.3387,-5.3449,1
0.17539,-3.3539,1
2.7844,4.4461,3
0.75289,0.53733,2
-0.96798,2.2414,3
-3.0098,-4.2485,1
-2.6402,-1.3326,2
-5.9012,-1.9487,2
-0.68087,0.4238,2
-1.6889,0.70758,3
2.203,0.65128,3
3.077,4.2273,3
-3.8322,1.2683,1
-0.6878,-1.4569,2
3.2319,0.99383,3
-0.47985,1.8263,3
4.6969,0.45425,3
-0.8046,-0.42379,3
-0.5358,-2.1221,1
-1.4,-0.061688,1
3.4743,-1.6311,3
4.6985,1.546,2
2.7516,1.0256,1
-1.1171,2.3799,2
-4.4446,-0.58045,1
1.261,1.4719,3
2.4024,1.7157,2
1.4099,1.2389,1
3.2638,1.7684,3
3.2606,-0.05505,3
0.1923,-0.13169,3
-1.337,1.3632,3
-2.3637,1.2047,3
3.3151,2.2988,3
2.0498,0.3141,3
0.21744,-0.49451,2
-0.92467,1.2134,3
-2.2792,0.65544,2
-0.90241,1.9139,1
-4.3334,-2.1987,3
-1.4904,1.7651,3
1.2197,0.24317,3
-0.8064,0.50128,2
-2.8396,-4.1265,1
-2.0972,-1.3087,3
1.4015,-2.718,1
-2.0765,0.031052,3
-1.3245,-3.7695,1
-0.10461,1.1335,3
3.881,1.0399,3
-0.3396,-3.2652,1
3.1526,0.6142,2
1.7343,-0.079588,2
5.0913,-2.1909,3
-5.8476,-1.9256,1
0.3092,3.7295,3
1.1247,-0.29443,3
1.5922,0.84056,2
0.054899,1.7106,1
0.053568,0.98911,3
-0.96358,-2.1009,2
3.1205,-0.51443,3
1.7826,-0.40932,3
0.72401,0.6455,2
-3.4962,-0.15258,1
5.4214,-1.1427,1
-1.3825,-4.126,1
-3.4621,-1.3229,2
0.76518,-1.066,1
1.6062,-1.048,3
2.4486,1.0228,3
-0.26657,-1.5377,3
2.3958,-0.060377,3
4.332,3.8869,3
-0.13214,1.204,3
-0.38594,1.3757,3
-1.2317,-1.4169,1
-2.4188,-1.4779,1
-1.8661,4.3296,3
-5.0543,-4.7173,1
-3.117,-3.0757,1
0.34668,0.4166,2
1.6822,1.6865,3
2.3795,2.8579,3
2.7789,1.1661,1
0.63817,-0.046453,2
-2.1548,-2.488,2
-1.7057,-2.889,1
2.7094,1.0373,3
-1.1076,-4.0143,1
-0.118,1.1576,1
-2.3675,0.70093,1
1.475,2.5214,3
-0.36514,-3.7742,1
0.34491,-1.0029,1
-1.2239,-1.1684,3
-2.0067,3.0781,1
-0.033093,-1.0432,3
2.0554,3.8754,3
-2.6896,-0.76185,2
-2.2356,-2.7084,2
-0.36057,-1.2866,1
0.88751,0.35572,2
-0.0055364,-1.8877,1
0.84752,0.24885,1
0.31422,-0.48624,3
0.78059,2.5747,3
-2.412,-0.45113,3
3.4297,0.29529,1
1.8515,-1.7625,3
-0.97545,-0.3917,3
3.425,0.85881,3
-4.0704,-0.61195,1
3.8494,-0.56613,2
1.9419,-1.9821,3
-0.0053087,-0.36303,2
1.3312,1.4387,3
1.7983,-0.25149,1
-2.5751,4.6081,2
-1.5,-1.9839,2
-0.83272,-2.5061,1
-1.7286,-0.5675,3
-7.3041,-4.1903,2
1.6456,0.74827,1
2.7109,0.98696,3
1.2199,1.2339,3
2.5939,-0.75512,3
1.213,-3.0872,2
0.73686,0.29496,1
-1.495,2.7631,1
1.4485,0.82485,1
0.7977,0.34133,1
-0.57198,-2.4842,3
0.17267,-4.0847,1
-1.9481,1.3265,1
1.6733,2.4417,3
-0.4863,1.432,2
-0.3248,-0.29417,2
0.43945,4.0375,3
-0.86798,0.098272,1
1.1385,2.5597,3
-2.5699,-4.8766,1
0.57734,4.2726,3
0.31224,-2.6173,2
1.7524,2.2169,2
-1.8711,-2.8813,1
-0.41145,-0.31441,3
1.4401,0.30426,2
-0.065867,-1.3768,2
-0.51695,2.7691,3
0.90664,0.14582,3
-3.0315,-1.223,1
-3.587,2.1479,3
-0.040962,-0.65033,2
-3.9076,2.7475,3
3.9188,-1.2589,3
-0.93671,-2.4073,1
-0.48422,0.6931,3
2.8464,-1.1683,1
0.09569,2.9085,1
-4.1005,-6.8122,1
1.6061,0.66349,3
-0.6799,0.055297,3
2.3792,3.888,3
-5.321,-1.1957,1
-0.14725,1.6183,2
0.64277,-1.5059,2
2.2582,-1.844,2
-2.0505,1.9577,1
2.4741,2.4473,3
0.73483,2.4585,2
-1.7241,-0.65914,2
-3.0845,2.1787,1
-0.71699,-3.9097,1
5.1515,-1.1169,2
-0.49327,-1.9846,1
-4.6172,-1.4138,1
2.374,0.55993,3
3.1769,-0.81218,2
-0.22256,-2.8197,1
5.0455,5.6438,3
1.1018,0.62454,1
2.4182,0.31778,3
3.0415,0.80939,2
0.038516,3.4918,3
-3.8488,0.029502,1
-0.41227,0.621,2
0.47444,2.3604,3
-1.8221,-1.3481,3
-0.68736,0.060838,2
1.9281,-4.0502,3
1.6286,5.453,3
1.609,-3.9823,1
3.5415,1.4996,3
-3.3694,-3.893,1
-0.78696,-1.3931,3
2.838,2.4693,3
1.9675,1.5021,3
-2.7194,-4.3813,1
-1.0624,-4.0533,1
-4.2067,1.9888,3
-0.023377,2.0165,3
-1.1728,2.3967,3
0.23832,5.5022,3
-0.76901,0.26146,1
-2.1268,0.4626,2
-0.26941,-0.71628,1
2.0504,-2.1451,2
-2.644,-4.6693,2
0.14168,2.1968,3
-1.7955,-2.5618,1
2.7695,0.99843,1
-2.2318,5.5032,2
1.1651,-0.75899,1
1.3671,0.086666,1
0.14723,-0.88444,2
0.87872,1.3356,2
0.38286,-0.3057,1
-3.2902,-3.1164,1
-2.0026,0.52549,3
-4.2812,0.3377,3
-5.5915,-0.75161,1
-0.94377,-0.99119,3
-2.8217,-2.2172,1
1.3781,-0.33402,2
-3.149,1.3579,1
-3.0975,-1.3802,1
2.1483,1.7694,1
1.4397,0.77854,1
-1.2559,-3.4977,2
2.2891,-1.4233,3
0.53121,-5.1046,1
-0.8165,0.80726,3
2.2348,2.2186,3
1.7953,0.41878,3
1.916,2.263,3
0.79645,-0.21651,3
-0.47113,-0.29358,1
5.7199,-0.97932,2
-3.3375,-1.2905,2
-1.784,0.13143,3
2.4626,0.79903,3
4.7334,3.3957,3
0.13356,2.3602,2
-0.10646,1.2845,3
-0.039012,0.047539,3
-1.8295,-0.72425,1
1.2586,-2.3414,3
0.054727,-1.3652,2
4.8617,-0.50089,1
6.0235,4.8003,2
0.66432,-3.029,1
-4.7436,1.0433,3
-4.955,1.1575,1
-1.9943,-5.4409,1
-1.7024,0.222,1
-3.0989,1.5019,3
0.40328,1.4709,2
-3.9161,0.56329,2
0.54237,0.087282,3
0.54876,-1.8748,1
1.4736,1.3736,3
1.4444,-3.2043,1
-0.21334,0.44219,1
2.4772,-0.4595,2
1.7034,1.7033,2
3.0106,1.4601,3
-0.21744,0.10901,3
0.04735,-4.6883,1
1.8509,-0.61966,2
3.7741,3.3956,3
2.5983,-1.1512,3
1.6804,-1.3735,3
1.6443,1.1101,2
-1.8764,-0.5512,3
-1.2667,-0.61448,2
-0.042243,-0.14739,3
3.212,-0.27684,3
3.3101,2.8039,3
-3.4719,-0.68157,1
1.4862,-2.8271,2
0.27707,-2.7205,1
0.68971,0.30539,2
1.6626,1.5989,2
1.5597,2.9329,1
-2.4214,3.4334,3
-3.5285,-0.75136,1
2.7964,2.326,3
2.7565,3.3092,2
-1.955,-0.11233,2
4.3621,2.7573,3
2.2735,2.9697,3
-1.7358,-0.5223,1
-0.89874,-3.3007,2
0.18668,-2.7386,1
-3.0386,-0.67994,3
0.6734,-0.30036,2
0.7098,-2.9801,2
3.4294,-0.33685,1
2.2249,2.0278,2
-2.3527,2.0163,2
-0.92909,-2.4099,1
0.4547,0.66072,3
-1.0496,-1.3123,3
2.7649,-1.2261,1
-0.45953,3.8083,3
-0.90252,5.3058,3
-1.4185,-0.3591,1
-2.0628,1.7033,3
-0.62289,-1.6263,1
-1.639,1.3387,1
-2.0106,-2.5746,2
-3.1243,-4.2296,1
0.34784,0.27928,2
2.1509,-2.7105,2
0.0072571,0.51064,2
4.2846,0.19589,3
-0.45012,4.107,3
1.367,-1.221,2
2.2128,1.1577,3
-4.0166,-0.041436,1
0.59403,2.9634,3
-2.1708,-2.3856,2
-0.63466,4.4639,3
-2.2183,-2.94,1
8.4665,0.42388,3
-4.9092,-1.335,1
1.2275,-1.8904,3
2.3556,-0.31328,3
-1.804,0.4689,2
-3.5021,0.18415,1
3.2219,3.515,3
1.7575,1.1468,3
3.3134,0.71581,1
-2.3729,-3.3198,1
5.5632,0.3358,3
-4.1713,-1.7582,1
0.22723,-0.60418,1
2.8607,2.8183,3
3.4704,1.5535,1
2.7868,2.8958,3
-1.6924,-2.3879,2
0.87224,1.2777,2
-0.7565,0.84504,3
2.9192,0.78545,3
4.8019,0.42144,3
-0.40806,-2.5905,2
-5.1184,-6.7082,1
-1.0643,-0.06144,3
0.98475,3.2538,1
0.29592,-2.0948,2
-3.7908,-1.3275,1
2.6973,-3.0417,3
1.5251,1.1749,2
-0.06544,0.66716,1
0.35617,-1.3711,1
0.37364,-0.68732,3
-1.5413,-0.05244,2
1.1399,-5.1336,1
-0.97741,-2.4911,2
-3.1743,2.0234,2
1.046,0.0054669,3
0.41108,4.7201,3
-1.254,-4.7356,1
-0.9908,1.1036,2
-1.462,-5.2073,2
1.9938,-1.7491,3
-1.684,-5.6856,2
1.7262,2.2989,2
3.1817,-0.23037,2
3.1757,-0.19335,3
2.6268,1.2542,1
0.66937,-0.022591,3
3.5586,1.1473,3
-0.85965,-0.63798,3
-1.5599,0.65697,2
-0.27334,-2.6189,3
1.6871,4.7032,3
2.5726,2.6412,1
-3.6001,-0.86861,2
3.4409,-0.66681,1
-0.71797,-1.2954,2
-0.33991,-1.8001,2
2.1926,0.46741,2
-1.9619,-1.6984,1
-1.4876,2.9301,2
1.7889,7.1803,3
0.18433,0.77018,2
5.4628,3.2605,3
2.1221,-2.0899,3
-0.41118,-4.0884,3
-1.9022,-1.2933,1
0.57207,4.4861,3
-1.5026,-1.1275,2
0.74481,1.3497,3
2.793,4.4259,3
3.4481,-1.1317,2
-3.1589,-2.1064,1
0.48798,-0.6261,3
-2.5774,-0.87779,1
-0.037327,-4.668,2
-2.0979,0.49126,1
3.9076,2.1038,3
2.3258,1.198,3
-2.9657,0.5486,2
0.88592,-1.5849,2
0.83913,0.045497,2
4.5234,0.64428,3
2.9171,-1.13,2
1.9752,0.25664,2
-1.195,0.31507,3
0.49018,1.9787,3
-0.22622,-2.6021,3
-0.3302,3.4096,2
4.5102,0.57849,3
1.957,-0.96368,1
0.85859,-0.25063,3
2.1763,2.7501,3
4.2413,1.9131,3
0.43943,2.193,2
1.2235,-1.3875,3
0.28995,2.8862,2
4.6304,0.98991,3
0.37477,0.35247,2
0.51857,0.44432,1
-3.0583,-2.3305,2
-0.472,-0.71235,2
-0.57797,0.86674,3
-2.0806,-3.6554,2
-3.7856,-1.0314,1
2.1797,0.30922,3
1.3268,4.2165,3
2.591,2.1084,3
1.816,-4.7129,3
-0.63601,0.93157,3
1.8668,2.1701,3
-0.56939,1.6628,3
2.4857,0.61128,2
-0.73874,3.9153,3
-2.8521,-1.2237,2
3.8867,1.1635,3
1.1382,1.9798,2
-1.2578,-2.5421,1
-3.2566,-4.6185,1
1.1611,1.4529,2
4.8832,-1.2225,3
-2.5766,2.1049,1
-0.38386,-0.89412,1
0.74237,-2.9731,1
-1.1291,-3.0705,2
0.90292,-5.6251,2
1.5802,-1.5466,3
1.3491,2.5202,1
-1.9384,1.3103,2
0.93523,0.74536,1
-0.63011,3.2069,3
4.2176,0.89544,1
2.8597,2.7193,2
1.2739,0.46717,1
-3.8584,-4.2441,2
-3.6598,-1.969,2
4.487,4.8421,3
1.9454,-0.60195,2
5.337,-2.7742,2
1.5734,2.1526,3
2.5696,-1.1399,3
1.5211,1.9038,1
-2.0208,-1.1972,3
0.83779,3.4093,3
-0.47343,0.24507,3
4.9302,-0.90451,3
1.7199,2.2057,2
-1.8612,-0.57926,1
-0.85037,0.58423,1
-0.52586,1.0287,1
-2.1638,-6.108,1
-0.85917,-1.9165,3
1.0351,0.5024,3
1.1377,0.99799,1
0.83128,-2.1409,1
-0.26072,1.1654,3
-2.2669,3.717,2
0.64959,-4.6611,1
-1.4334,0.65509,1
-0.63255,2.0423,2
0.15771,-0.88275,3
-0.9527,-2.6321,1
1.0325,-2.073,1
1.0163,2.4893,3
-3.8342,0.69635,3
1.9204,-1.8625,1
-5.5683,-4.3238,1
-1.7107,1.6418,3
-1.1882,-4.8586,1
0.3731,1.7424,2
-1.3606,0.24575,3
-0.037716,0.77586,3
-1.2791,-4.784,1
-2.0672,-0.21375,1
-3.0852,-1.0843,1
-2.8833,-4.0824,3
5.138,1.9629,3
2.0269,-0.54463,1
0.4169,-2.123,2
-0.27747,-1.6051,1
-1.1686,-2.3183,2
-0.52476,1.7458,1
-0.51164,4.1062,3
1.9032,2.0623,3
-2.2775,-2.4519,1
-2.1024,-4.6938,1
-2.0229,-5.2965,2
-0.80741,-0.59586,1
4.9753,1.2592,3
-0.03864,-3.6226,1
-1.9407,-1.9738,2
0.57711,-2.3369,1
-2.475,-0.234,2
-1.8058,-0.26728,3
1.283,3.4347,2
4.5283,3.6936,3
-0.39968,-2.0763,3
-0.82926,-0.31064,2
1.8132,-0.3275,3
0.55364,1.8,2
-1.5665,0.98603,1
-1.5255,-2.8236,1
0.92477,1.082,3
1.0623,-2.2982,1
1.6376,-0.16846,2
-4.1098,-6.5783,1
-1.3929,-4.2109,1
1.5485,2.4248,1
3.3138,2.4054,2
0.30848,1.527,2
-1.2925,-3.5396,1
-0.2897,-0.32862,2
1.8187,1.5477,2
3.3097,-0.90307,1
-0.07331,-4.2018,2
-2.7294,-2.1914,1
-5.2059,-3.9934,1
1.088,-2.977,3
3.609,-1.7689,2
1.6175,2.6634,3
-0.14894,-0.5572,3
-3.5859,-1.9251,1
0.36966,0.024663,3
-4.7076,1.0576,1
-2.89,1.764,1
4.0933,4.108,2
-0.50767,-0.87745,2
-1.1898,-0.87777,2
0.17864,-1.5866,1
0.74328,-0.45829,2
0.99471,-4.279,1
-1.8596,2.2323,1
-0.80162,-2.8178,2
-2.2883,-1.1496,1
2.1608,2.2482,3
-1.1799,1.1499,1
4.7748,0.70953,1
0.11196,-1.4439,3
-1.9211,-2.7436,1
-0.25448,-4.9478,1
2.5344,0.83945,1
-0.09725,1.8767,1
-0.4931,1.5065,3
0.23932,0.42528,3
1.2514,2.3087,3
2.4032,-0.22078,3
-2.3573,0.72041,1
-4.5069,0.50141,1
2.9369,3.4529,2
0.9673,-0.76767,1
-0.79473,-0.92226,3
-1.6197,-1.5483,2
-0.28923,-0.71125,3
1.7286,2.6306,3
1.7847,0.61451,2
-4.0101,-1.5569,2
-2.7135,3.1847,3
-3.2564,-1.0437,2
2.6361,0.87611,1
-2.4232,-1.36,2
-3.522,-2.0597,1
-0.14092,3.9005,1
0.40653,0.75854,1
-1.7022,1.5283,3
0.9721,1.146,1
1.3397,-1.3418,3
-0.34064,-1.665,1
-1.0229,-3.691,1
-1.5679,-1.5402,1
-2.6547,-2.757,2
0.13641,3.6477,3
0.54575,1.241,1
-2.3542,-1.9444,2
-1.8948,4.581,3
-0.56355,0.52516,3
4.1235,0.1036,3
0.86371,-0.67126,3
-0.79017,0.45806,3
-3.9213,-1.1785,1
-1.4752,-1.8803,1
2.6438,-2.5807,1
-0.79993,-1.8018,2
-1.3205,-1.4193,2
-2.2319,-1.501,1
-1.6392,-3.2902,1
-2.1242,-2.1843,2
-2.6679,2.2752,3
4.5995,3.2319,2
-0.68158,-0.25034,1
0.36071,0.42479,1
4.3474,-2.9677,3
-1.5946,0.39461,2
2.7357,2.8323,3
-0.030299,-1.9212,1
2.0474,0.28314,3
0.70948,6.8795,3
-0.46431,-2.6709,1
2.6954,1.9354,3
0.87702,1.0063,3
-0.87621,6.8136,3
-1.0559,-3.753,2
-2.8916,-2.4488,1
-0.19502,3.0242,2
0.41451,-1.6505,1
-0.40893,3.1853,2
0.92018,1.5707,2
-2.0413,-1.5128,1
2.7723,1.5214,3
-0.70416,2.4516,2
0.19209,-0.89419,2
-0.55185,-2.3556,1
0.3198,-3.8186,2
-1.746,3.2838,2
4.3585,1.1677,3
0.64188,1.5454,3
-1.4536,0.38343,3
-1.0567,0.18384,2
-4.6826,-2.82,1
2.4898,-1.748,2
-1.8387,-4.1475,1
-1.0994,1.5152,1
-3.0836,-0.52495,3
-2.0375,0.14081,2
-3.1774,-1.4028,1
1.2776,5.1867,3
-3.8387,0.26704,1
2.6996,-0.1075,1
-2.5915,-2.0049,1
-1.3867,-2.363,1
-1.1784,-3.3136,1
-1.9551,-2.1054,3
-5.0706,-3.0591,1
2.2414,1.457,2
2.1714,-1.6577,3
1.2859,2.7472,1
1.2218,4.6594,2
5.631,2.9605,3
4.2338,0.87429,1
-1.0062,1.0524,1
-2.6952,-0.28801,1
2.7826,3.2303,1
1.2179,2.2376,2
-1.7813,-1.5518,1
-0.93547,1.7354,3
1.0686,-2.2954,1
-0.25913,-1.167,2
-4.4669,4.2095,1
-0.56389,-2.4961,1
1.3935,1.4712,1
1.8629,3.5519,3
3.4994,4.3877,3
3.1472,-0.92459,2
2.8701,1.2051,1
-0.33377,0.82705,3
3.6064,2.1875,3
-0.88105,3.1088,3
1.2939,-1.5157,3
0.90439,-0.10277,2
-2.5291,-0.47829,1
0.15298,-0.071331,1
1.5934,2.7788,3
-0.19256,-3.6322,1
1.5732,-1.6831,2
-1.2805,-0.19505,2
2.0617,0.13456,3
5.1859,1.1911,3
3.2767,0.31812,3
-1.2804,1.2278,2
4.8223,-2.2469,2
-2.33,-3.4999,1
-1.6067,1.7247,2
1.8076,1.3389,2
1.0722,-0.38046,1
-3.296,-1.688,1
-2.393,-1.8056,3
-3.6408,-2.1967,1
-5.081,-3.2455,1
0.058827,2.6428,1
-1.0704,-0.37696,1
-1.7306,-2.8777,2
3.8661,0.73025,2
-0.81347,-3.079,1
0.74151,-2.4624,2
7.8256,1.8534,3
-2.4154,-1.9385,2
0.37957,-1.3921,3
-0.22509,-0.065482,1
1.6711,4.4141,3
-3.1967,-6.0914,1
-2.6526,0.21788,1
-0.82258,-0.54034,2
3.7495,5.5249,2
-2.8699,-2.1731,1
2.9844,-1.8039,3
-1.8525,-0.11676,3
0.59537,1.0278,2
-0.97163,4.5953,3
5.2927,-2.5447,3
0.55504,1.0926,1
-1.8626,-1.2029,2
-4.4537,-2.5849,2
-2.0002,-3.8513,2
1.4096,0.76916,2
-1.7736,-0.89959,1
0.68347,-0.64726,3
1.2652,1.4285,1
-3.6914,-4.4899,1
-2.8694,-0.99836,2
-0.25921,-1.8311,1
1.0031,0.70108,3
7.0899,5.0697,3
4.7441,1.5397,3
-1.6248,-2.0127,2
-4.3103,-1.6247,1
-2.0474,1.2371,1
1.5738,-2.9674,1
-3.9978,-0.24758,2
0.15896,1.5848,3
0.58465,1.802,1
2.2123,-0.35414,3
-1.1698,-0.47193,2
2.1076,-1.6004,3
5.3236,4.4592,3
1.1422,-1.3883,3
-0.98396,-0.0039427,1
0.60674,2.7871,3
-1.3902,-2.9477,1
2.3699,-1.2258,3
5.131,2.1066,3
2.4772,0.13739,2
1.8263,3.488,3
-3.6059,-1.2356,1
3.6566,-0.15491,2
4.8031,4.8061,3
-5.373,0.64065,1
-1.0627,-0.82251,1
-3.2193,-1.5179,1
-0.4007,-5.6101,1
-3.0906,1.384,2
0.024882,0.036935,2
2.7976,0.50139,3
-2.3853,-0.75949,2
-0.90754,-0.97541,2
0.74343,0.48378,3
0.64064,2.4638,3
-0.48782,2.6726,2
2.0949,-0.48674,3
1.6089,-0.82998,2
3.3214,0.87416,3
2.6359,1.7402,3
2.3834,1.4464,3
-1.8366,0.3615,3
0.78307,-1.1326,2
-0.5004,1.6956,1
-2.3376,-1.1412,1
-1.3919,-2.6815,3
-2.8722,0.14271,3
-0.78455,0.21357,1
1.5778,4.1007,3
1.9795,-1.9925,2
0.93903,1.6046,3
4.731,3.4602,3
0.042088,5.2389,3
-3.9144,-3.1638,1
-2.4434,-0.044808,2
3.2573,1.9197,2
-2.361,0.21559,1
1.5214,4.1102,2
-2.0508,0.036263,1
2.8491,4.5756,2
0.78035,-0.94537,2
0.080168,-1.7361,3
-1.9597,0.7602,2
2.0701,-1.2377,1
-2.8183,-2.3845,3
-1.2046,0.11927,1
0.99749,4.0096,2
-1.5311,-1.5048,1
3.1793,6.52,3
0.30766,-2.0219,2
1.7575,-2.0038,3
0.90694,3.1542,3
3.51,3.8701,3
-0.32085,-1.4565,1
1.5497,-1.2589,1
1.3968,1.8865,1
-0.88549,-6.6491,1
-1.8044,3.3486,3
1.2304,6.0244,3
4.7555,-1.5077,1
-0.12541,4.1855,3
-2.7309,-2.1044,2
1.8967,-0.28566,2
3.2135,2.9214,3
3.6213,-0.02921,3
-3.5922,-1.8302,1
-0.73752,-3.5333,1
1.53,3.5677,3
1.9446,2.1927,3
-1.8423,1.4015,1
0.8384,-0.25435,3
0.12559,-3.2172,1
-4.3949,0.9139,2
-2.2748,-1.0543,1
3.0894,1.5338,3
0.036466,-1.0742,3
0.094627,-1.2292,3
-0.48793,0.54472,2
-1.8176,-2.7231,2
-1.7576,1.3092,1
-1.7165,-0.88073,3
-0.30149,-0.11929,3
2.2726,-0.24939,3
-3.3996,3.3131,1
0.073375,0.42345,1
0.32917,0.87679,3
-1.0705,1.074,2
-0.71967,1.4956,3
2.3549,-1.7336,1
1.6485,0.13315,3
-1.445,2.3117,3
-1.7836,0.39532,1
-1.4201,0.896,3
-4.1043,-2.5562,1
-2.5853,1.8467,3
2.1493,3.1636,3
0.16774,-0.68907,3
0.23993,-0.26567,1
0.85901,-2.7981,2
-4.2154,-0.49226,1
-0.42943,-2.7878,2
-3.1495,-0.78335,2
-2.4711,1.2551,2
1.1593,0.99705,3
2.8553,0.73857,3
2.3949,0.0076707,1
-1.4808,-2.1525,2
0.65751,-0.87687,1
3.4693,4.7714,3
3.6257,-1.106,2
-2.7738,1.1535,1
1.0041,3.6163,3
-0.73806,-2.3766,3
-0.90432,-1.423,1
-2.5073,-0.23728,2
-0.00046713,1.0918,1
1.9411,1.9477,3
-0.066845,0.5049,1
-4.1008,-1.9005,1
0.54157,-0.42874,2
-1.4246,0.87971,2
0.020695,1.9743,2
-1.3267,-5.0445,1
-0.16984,-2.4811,1
2.8158,-5.2711,1
-0.93955,-1.0129,3
-1.7418,-0.47592,1
-1.166,0.87786,2
2.0205,4.2653,3
0.80192,4.9737,3
1.4829,-2.7581,1
-0.44769,-0.9536,3
-0.89086,-2.0438,2
-0.67134,0.098847,1
0.36951,2.1955,1
-2.7238,-2.0829,2
0.73521,-0.84625,1
3.0055,3.0058,1
0.50162,0.54582,3
0.6138,1.1232,3
-0.23249,0.30845,3
0.39362,2.1888,3
-0.55426,1.9483,2
0.72889,-2.5564,3
-0.73528,0.67699,3
5.0648,-0.041421,3
-0.92677,0.082963,2
4.8253,1.6005,3
0.88019,4.1581,2
-0.15293,-5.5221,3
3.178,2.0304,3
4.6666,-1.0721,2
-3.9042,-2.8522,1
0.021876,2.4625,3
0.36112,2.5463,3
1.9936,1.1132,2
1.2894,1.2081,3
-1.9647,1.9191,1
0.21862,2.9033,3
0.33167,1.8715,3
1.6418,4.5138,3
5.0581,2.2959,3
-2.018,0.21552,1
-0.77457,-4.139,1
-0.14588,3.4249,1
2.1863,0.30123,3
1.7812,0.17389,3
-5.1359,-1.7046,2
-0.59932,1.0331,3
1.8463,2.2142,3
1.8547,-0.44789,1
-0.44398,-4.9232,2
-1.6244,-2.8086,1
-1.5942,-3.7231,2
-1.9017,-2.1382,2
4.4848,0.60819,3
0.1573,-3.1346,1
-0.55597,2.8946,3
1.5041,-3.4978,1
4.0882,-0.80198,3
-2.6149,0.15362,1
-0.99814,2.0456,2
0.2269,3.7271,2
2.6285,7.1283,3
2.1879,6.0729,3
1.9936,-2.6698,3
-4.8522,-3.9823,2
-1.6556,-1.1274,1
0.70727,3.2831,2
-1.3621,-0.92352,1
3.3431,-0.021353,3
-1.8217,1.0542,3
-4.5355,-2.6862,1
0.69416,1.6921,2
1.4311,-1.1059,1
-3.6299,-5.7605,1
-4.2884,-1.5553,1
-0.21464,0.068773,3
4.5401,1.1839,2
2.1636,-1.0766,1
-4.8902,-1.5229,1
-0.1735,3.2907,3
0.47962,2.6066,2
-3.9047,-5.4514,1
-3.0086,0.74442,1
2.221,2.0595,2
-5.6337,-5.0801,2
-0.74229,-3.5996,1
-1.7643,-1.2945,2
-0.64562,5.3678,3
-1.2682,-0.80449,1
0.93921,-0.3179,2
-0.89818,-3.1877,1
-0.41866,1.072,3
2.9401,0.67223,2
1.1773,-1.037,2
-0.7846,-1.1749,3
-2.3841,2.3187,3
-0.88635,-1.4081,1
-2.3165,-0.28384,3
3.7827,4.9179,3
1.7635,1.2055,3
-2.3874,-1.0343,3
0.18936,1.85,3
5.1497,4.6485,3
2.0834,0.49791,3
-0.11128,1.8943,1
1.4292,5.1716,2
-0.36349,-1.7217,1
-0.65015,-0.26893,3
4.741,-2.0231,3
0.74725,-0.70324,1
2.1093,-1.4094,3
-3.7817,2.9199,3
0.1781,-0.2987,1
-0.033496,1.6355,3
-0.5864,4.5379,2
-2.0689,-1.026,1
-2.3545,-3.9401,1
1.3172,-1.2312,2
1.6621,4.3466,3
-1.3364,-2.4952,1
1.1825,4.089,3
0.17472,-1.436,2
3.1754,-1.5017,1
-1.3942,-0.95359,1
-2.6903,0.77655,2
-2.9018,-5.0617,1
2.5249,1.9611,3
-0.43494,2.1101,2
0.92322,1.2362,2
-4.1699,-5.3505,2
2.8522,-0.30888,1
-3.9235,-1.6261,1
-1.1226,0.85278,2
0.84335,-0.81965,1
1.6056,2.4958,2
-2.7758,-1.1602,1
-0.55555,-2.107,1
1.5663,-0.37224,2
-2.9572,-0.37658,2
-2.2072,-0.91696,1
-1.47,3.2884,2
-2.5479,1.5399,1
-1.3118,0.096545,3
-1.0065,-2.2701,3
2.2514,0.53682,3
1.5474,1.0325,3
1.9324,3.6523,3
-4.431,0.30567,1
1.6871,-0.32172,3
-0.39868,1.8039,3
-1.1482,-6.0464,2
-2.879,-1.1648,1
0.15334,2.4711,1
2.0019,1.2779,2
-0.023834,2.4307,1
0.69253,0.093745,1
-0.2589,5.028,3
0.31938,-0.037901,3
-3.9442,-6.5137,1
-0.19363,4.9956,1
0.14821,0.5584,1
3.767,1.6132,3
-0.26078,0.47025,1
7.6464,2.8105,3
-5.2348,-1.1844,1
1.2711,0.5223,1
3.4715,4.0333,3
-0.58985,-1.1598,1
0.005234,0.1042,2
0.18538,-4.2064,1
2.4089,4.0806,3
-0.047271,0.45069,2
-1.6925,-1.3469,3
1.4484,-0.74702,1
-1.1951,1.5012,2
-4.4735,0.00036236,1
-0.28041,0.23839,2
1.8169,1.6639,3
2.2438,0.047073,2
0.53975,-1.9045,1
-2.1607,2.8528,3
-0.1821,-0.38912,1
1.7074,1.3145,3
1.2749,3.0233,3
-0.10017,0.63196,1
0.37514,-0.35034,3
3.5043,2.6289,1
-4.4675,-2.0298,2
-2.9004,-2.0333,1
-2.2443,-0.73635,1
2.5915,1.3824,2
1.1505,1.008,2
-0.42575,1.7479,1
1.3545,0.65562,1
-1.5776,1.3619,1
0.85263,-0.11793,3
-4.0299,-2.676,1
-6.9014,-0.62225,1
-4.5027,1.6521,2
-3.1519,0.47801,1
-2.8479,0.27977,2
-0.85845,-1.0905,1
4.5371,-0.17688,3
3.2009,3.1427,2
-1.0625,-0.5171,2
0.96447,0.6156,2
-1.8757,1.5074,1
-5.5111,-3.731,1
0.33531,1.3455,3
0.4264,-3.188,2
0.95879,2.3023,1
0.30319,4.0159,3
1.9659,0.44616,2
-0.18217,-2.11,2
0.92141,3.4153,3
1.7165,-1.2596,2
-0.78202,-0.10487,2
-0.1093,-1.4347,3
0.29003,0.61223,3
-2.9967,1.8095,2
-0.75756,-1.7203,3
-1.5461,0.58291,2
-1.4646,-0.41257,3
-0.3421,0.79465,3
0.31306,-0.74519,1
-1.6149,3.1142,3
-1.3962,3.0948,1
-2.3069,-1.8648,1
-1.2703,0.19878,2
1.1629,-2.5573,2
-1.1595,1.6642,1
-1.6462,-0.4545,2
-0.11658,3.1152,2
3.4073,-2.3093,3
0.47328,-1.5315,1
-0.43968,-0.073957,2
-0.18968,2.0071,3
-1.4856,1.3567,1
5.806,1.6155,2
0.71798,-1.8396,2
1.2436,-2.617,1
-1.4079,-2.5301,2
3.7673,2.1268,1
-1.1762,-2.0317,1
-3.3577,-2.8428,1
0.50513,-0.15739,3
-1.3039,-3.1696,1
-0.73013,0.021328,2
1.3837,-2.2844,2
1.3478,2.5469,3
0.68714,-2.4164,2
-1.1751,-3.1489,1
1.8646,4.6572,3
5.2646,1.8255,1
-1.1053,-0.99077,2
0.15722,6.2576,2
1.9156,2.3235,2
-0.8538,-0.92286,1
-5.9877,2.4534,2
-3.8681,-1.6994,1
2.2151,0.24734,1
3.447,-0.071364,2
3.6078,-1.6206,1
-2.7861,1.9726,2
1.4978,3.478,3
-1.3812,-2.0476,1
-1.1666,-2.2201,1
5.9107,5.4617,3
-0.21895,-3.2688,1
3.8649,-2.1049,3
2.8976,-0.26967,2
-5.9736,-0.6088,2
1.3425,1.8254,1
1.1383,2.0559,2
1.3381,-0.42978,1
0.039751,2.3099,1
-2.3852,2.3616,1
0.15751,1.7239,3
0.090572,-0.32584,3
1.6892,1.6553,3
2.5743,2.192,3
0.97879,-0.72836,1
-0.49433,2.4152,3
-2.042,-0.50693,1
1.0598,4.8729,3
-5.8529,-1.6902,1
-0.15014,1.2793,1
1.5214,0.012484,2
-2.8094,-2.2184,1
-0.27587,1.0883,1
-3.1386,-0.094483,1
-2.5067,-0.83527,2
-4.0138,2.6968,2
-2.8781,-4.3078,1
2.725,0.41365,3
0.39547,0.61617,3
-0.64154,1.7943,2
-0.094994,-3.1671,3
-0.088066,-0.86109,1
2.2559,1.7307,3
-1.6377,-4.5519,1
-2.0894,3.7739,2
-0.67609,-2.7708,1
5.2803,-3.3032,1
0.18649,4.5401,3
-0.71366,-3.0094,1
0.07411,-1.2063,3
-2.8775,1.2969,1
1.3251,1.2107,3
2.0954,0.75213,2
-2.8471,-2.3412,1
-0.032042,-1.6023,3
1.9245,-0.18561,3
2.5473,-0.073166,2
-0.2293,4.4865,3
-2.3437,2.1873,3
-4.2115,-0.78132,2
1.2745,3.0999,3
0.061284,3.7269,2
-0.075786,-2.4038,2
1.1703,2.0834,3
1.1591,3.0706,2
0.33769,2.4191,3
-0.5598,2.7622,3
-2.2261,1.5446,3
1.894,-0.36783,3
-1.7749,-1.723,2
2.3944,-2.7015,1
-1.4567,0.2149,1
-2.6122,-2.4657,1
-2.2595,2.0726,2
-2.3038,1.5974,1
-2.958,-2.6167,1
1.143,0.43742,1
-0.97813,4.0245,2
4.6419,0.42173,2
1.8131,0.29584,3
-3.2376,-0.10487,1
-4.6546,-2.0378,1
3.388,0.24594,3
2.9164,0.686,2
-3.6308,0.056527,1
0.57426,2.8329,3
-3.4494,-0.80659,2
0.48409,-2.0284,2
-1.8217,-1.7464,3
-1.782,0.28882,1
-1.4195,0.15409,2
2.3183,1.867,3
-0.65905,0.11594,3
0.3451,1.0227,3
2.274,-1.0289,3
-0.53719,-2.0158,1
0.59105,3.4325,3
0.62054,4.1174,3
-1.8232,-0.95122,1
-2.3468,2.7962,3
3.2275,4.0793,2
1.0027,-1.2306,3
-1.1153,-5.1835,2
2.8111,1.7733,3
-2.4616,-3.886,1
0.94718,3.1656,3
0.96858,-1.0963,3
1.8752,1.7253,2
4.8245,2.8281,3
-0.79753,3.3564,3
-2.6519,0.32366,1
0.76467,-0.10456,2
3.0013,0.61075,2
-0.79557,-0.74492,2
0.3275,-0.81596,3
-2.407,-2.5146,1
-1.2994,2.3676,3
2.2154,-2.7965,1
-1.379,-5.8724,1
-3.0215,1.1914,3
-0.3187,-3.6268,2
-4.6978,-2.4744,2
-0.78373,4.2769,3
1.6179,0.82125,1
2.0294,-0.92348,3
-0.62137,-3.0209,1
0.71511,-0.14778,2
4.8958,1.8942,3
3.3871,-0.90354,3
0.50821,-0.54333,3
3.5736,0.94285,2
0.28419,1.8234,1
5.3621,1.6204,3
-0.81643,-0.22788,2
-0.20022,0.84351,1
-1.0443,1.8812,2
0.55518,-2.3127,1
0.80892,-0.53682,2
-2.8999,2.1958,3
3.1166,5.1318,3
1.4606,0.13314,2
-0.068405,-2.0314,1
1.4973,5.0317,3
-1.4608,-0.58668,1
3.124,-2.7864,3
-1.1227,-0.7957,1
-1.285,-2.786,2
1.3786,0.086161,3
3.7438,3.3988,3
0.95289,0.062088,3
0.90715,3.4391,2
0.57179,2.8933,3
-2.6033,-1.963,1
0.073563,0.66659,3
-0.064769,0.013504,2
0.87913,1.4634,3
-3.506,-1.5929,1
2.4077,-1.7214,2
2.6865,-4.4151,1
-2.1023,-0.75363,1
-3.081,-2.5206,1
2.2725,1.9833,3
0.71757,-2.5506,1
-4.3527,-1.6671,1
3.4669,0.19855,3
-0.86448,1.2823,3
1.8654,-0.26077,3
-0.66368,5.3126,3
-0.58472,-1.219,2
-4.2905,-0.11021,1
1.5045,2.4613,3
-1.1766,4.362,1
3.7631,-0.79578,3
-3.8002,-0.50874,3
1.9185,0.31238,1
-1.5133,0.09423,3
-2.1659,0.45018,3
0.64158,0.97996,3
-3.9003,1.6394,2
-1.2561,1.8247,1
-1.888,-1.0107,1
0.4195,4.2448,2
-6.3871,3.3385,2
0.956,0.60178,3
-1.7566,0.44824,1
-3.0917,0.64549,3
2.959,3.851,3
-1.9956,-0.57444,1
-4.3039,2.8857,3
1.939,1.7442,3
-1.0894,0.93334,3
0.97687,1.321,3
0.021031,0.25931,2
-2.0879,0.29549,2
-1.43,-0.6867,3
-0.35598,-3.6813,1
-3.9633,0.88535,1
0.63915,1.3364,2
4.1697,-0.032976,2
2.8553,-0.12383,3
1.4954,2.8524,3
-0.13975,-2.5084,3
-0.60459,-1.393,1
-1.2701,2.3187,1
0.34319,-1.187,1
-0.06612,-2.2169,1
0.93997,2.0625,1
0.86505,-0.16781,3
2.623,-1.9083,3
-4.1055,-2.5834,1
1.7512,-0.3928,1
-1.0319,-0.22416,1
0.96534,-1.6556,3
0.8165,1.7846,3
-0.020086,1.1128,3
0.50891,1.0812,2
-2.1088,-4.0567,1
5.0611,0.61375,2
-0.97858,0.28587,3
-0.26599,1.0469,3
2.7577,2.1623,2
-1.3515,0.82154,2
-2.8137,0.67837,2
-0.98385,1.2618,2
-2.4035,0.24142,1
0.31895,-1.3512,3
-1.3913,2.5285,2
-1.275,1.1658,3
1.9718,0.63436,3
-3.629,-1.5271,1
-0.58873,1.0309,1
0.47201,-2.2811,1
1.4349,2.0501,2
2.3574,-4.604,1
0.83425,2.8044,3
-0.9867,2.8098,3
2.7701,-1.6025,3
2.7154,-1.1737,2
-2.7979,1.9151,1
-0.088358,-1.0869,2
1.6433,3.518,3
0.20873,0.31493,3
-1.4707,0.71502,2
-0.51465,1.8842,3
-4.0396,-2.7651,1
-4.5316,0.6184,1
3.3312,0.4729,1
-1.5891,2.9213,3
2.8952,3.4195,3
1.7428,0.57116,3
2.0378,-1.7774,3
0.61044,-1.076,3
1.6209,1.4391,2
-4.5782,-1.3621,1
0.24049,0.93551,1
3.5597,-0.012739,1
-1.205,-1.0945,1
-0.55266,-1.0049,2
-5.2587,-2.2533,2
-0.207,2.5937,2
-1.276,2.9797,2
-4.2878,-2.9226,2
5.8291,2.6207,3
-1.2068,-0.061278,1
-1.9292,0.28198,1
2.8717,-0.68095,3
-0.32244,-0.014848,2
-1.556,1.4009,3
-3.8331,-0.33584,1
0.1984,1.1566,2
-0.58151,2.0213,2
0.70568,2.9699,3
2.4094,1.2789,3
-1.1729,5.1481,2
1.2579,1.0675,3
0.067187,-3.4862,3
3.7374,0.019434,3
-1.3031,-3.8495,1
-0.86044,-1.4795,1
1.5962,0.57705,3
0.31438,-0.037959,3
1.5729,2.227,3
-1.1222,4.5651,3
6.9958,3.1122,3
1.9185,1.282,2
2.0704,-2.7339,3
1.2429,6.2102,2
-2.5947,-0.12859,2
0.72096,-1.6105,3
0.71823,-0.68115,3
-3.596,-2.2392,1
2.7666,1.8725,3
0.55525,1.7421,3
4.2771,2.82,3
2.9975,-2.2167,3
-0.9209,0.35107,3
-1.1953,-1.0261,1
0.28669,-0.15924,2
1.6462,3.2631,2
0.61271,-0.99,3
-0.94037,0.89693,3
1.6142,-4.7367,3
-3.0343,-3.0949,1
1.8026,4.0014,3
2.9001,-0.025756,2
2.3711,-2.3632,1
1.3076,-0.38918,1
-1.6549,2.0008,1
3.1577,3.0679,3
-0.25802,-1.4572,2
2.3082,3.8374,3
-0.56626,1.0798,2
-0.27867,-3.182,1
3.9572,2.3694,3
-1.2848,-2.7973,1
4.4145,-0.31334,3
2.8461,0.67045,3
-1.5807,0.45308,1
2.9378,-0.74023,3
0.50584,2.9946,1
-2.6568,0.2064,1
1.3044,1.899,2
1.0621,3.0245,2
-2.5939,1.8849,3
-1.4845,-0.67538,3
1.6715,3.463,2
-4.5839,-2.8002,1
1.1276,1.7217,3
3.2058,-2.7668,2
-1.9664,2.1315,1
1.7175,-1.5101,1
2.0794,-2.0954,3
1.1599,0.28256,1
-2.8362,-1.1621,3
2.3488,-0.092866,2
-0.59332,0.48743,2
-1.2761,-0.95386,3
-1.1433,-4.0731,1
1.6066,3.8068,1
1.1626,-2.6937,1
-1.1936,3.9398,1
0.27335,-1.1811,1
-3.0264,2.8218,2
3.9242,0.86282,3
-0.90111,-3.6873,1
0.48942,0.89906,1
-1.5352,2.7554,2
-0.59502,0.57833,2
1.3056,1.5866,3
3.0995,3.3008,3
-0.018595,0.75371,3
-3.5437,-0.30495,2
3.5964,-0.55662,3
1.3048,-1.8831,1
1.1337,0.42509,1
0.78086,0.24505,1
3.4516,0.85781,1
-1.3916,-2.0303,3
-0.87929,-3.4059,2
0.22951,-0.63902,3
-1.6521,1.999,2
2.6125,-0.014701,2
0.99711,1.8415,2
-0.46244,0.75274,2
-1.6548,2.3972,1
-0.92239,-0.93743,3
-4.188,-3.5338,1
0.91117,-1.3106,1
1.3318,1.6898,3
5.1023,0.48735,2
-0.95325,-0.86734,3
-0.85749,-0.99938,2
1.4504,0.78976,2
-1.3613,-5.4304,2
-2.355,-0.43233,1
-1.2924,-2.9569,2
-0.35315,3.5906,3
-2.6389,-1.2339,1
-0.41502,2.7192,1
-0.17233,1.4434,1
5.8074,0.40411,3
-4.2648,-6.7489,1
2.3991,2.972,3
-1.7698,1.3799,1
-1.3656,-3.4183,1
2.1914,1.2955,2
3.8625,0.90763,3
-0.19029,-0.41357,2
0.93679,1.0166,1
0.15364,-0.388,2
-1.2108,-1.5991,1
1.5295,0.39797,3
-1.0511,2.9241,3
0.30815,0.86232,1
-1.0744,-3.9074,1
-3.6383,-2.7009,2
-2.3741,-1.566,1
-6.6803,-1.9204,1
3.8307,-3.8753,2
-1.3082,-1.6306,1
-2.0753,-3.4511,2
-1.6843,-0.17191,1
-1.3538,-1.9503,1
3.2689,0.041756,3
2.7674,1.947,3
1.1288,-0.57561,1
0.97673,1.6651,3
0.29623,-1.8756,1
2.948,-0.72901,3
2.8202,3.2133,3
0.36764,0.56651,1
3.7859,0.77489,2
1.1813,2.5953,3
1.7717,-3.0687,3
2.5639,2.2549,3
3.8034,3.4528,2
1.8528,-0.098839,2
0.85671,2.6782,2
0.67729,2.5581,2
5.2207,-2.5385,1
0.93762,-5.6316,1
1.9035,-0.56505,2
-4.8946,0.81565,3
0.78086,-1.2034,3
2.282,0.70535,2
2.9871,-2.1832,3
-2.9547,-1.1487,1
-1.7878,-3.9431,1
0.084092,2.8143,3
-0.35358,1.6151,2
-0.45154,-1.0289,2
-0.44886,-2.0297,1
0.018902,2.7955,1
0.64198,3.4039,3
-1.8254,0.91926,2
0.62621,0.41129,2
2.201,-3.5314,3
-1.0478,1.2438,2
-0.57709,-3.6608,1
-2.498,0.59729,2
-0.32552,0.725,2
-0.45408,-4.2609,1
1.071,-0.57346,1
1.7704,3.3103,3
-1.022,1.7997,1
-2.3661,-3.6116,3
-1.4541,2.3227,2
0.24574,3.0155,1
2.8838,4.29,3
-0.58421,2.1261,3
-2.0311,0.41055,3
7.4587,4.4565,3
-2.2906,5.2743,1
-1.2163,-1.9347,1
2.8307,1.9347,3
-3.1216,-1.9687,1
1.9178,-1.6442,1
2.6223,3.4791,2
-1.7938,-6.3012,1
0.78875,1.7821,3
-2.2262,-3.0091,1
0.76118,-2.4386,3
-0.61978,-3.6598,3
-3.2887,-2.4431,1
1.1349,0.75206,3
0.085823,0.71557,3
2.2883,4.5274,3
1.8958,4.7337,3
0.24498,1.9928,1
1.7951,-1.8851,1
2.9038,-0.16584,3
0.44045,-0.16888,1
-3.7476,3.2169,1
-2.9469,-0.20614,1
-3.0068,-1.8935,2
-1.2362,0.49871,3
2.7852,-2.981,3
-4.2361,-2.3444,2
-1.0609,-3.2305,1
-0.82749,2.8126,2
1.3441,-0.66398,2
1.4597,3.5259,3
-2.4605,-1.42,1
-3.9175,-1.4908,2
-2.7822,-0.77649,2
-2.6017,-0.82293,2
0.65769,-1.6638,2
-0.85113,2.0365,2
-5.6992,1.7987,1
-1.5155,-0.34357,3
0.76617,-1.643,3
1.7581,-3.5064e-05,2
1.5238,-1.3457,3
0.30231,-0.60407,1
2.5317,-2.6734,3
2.5683,0.45471,2
1.4555,-1.044,3
1.0502,1.5993,3
1.4598,1.701,3
3.2175,-1.3238,1
6.4467,1.9645,3
-5.0823,2.8168,3
2.8334,-1.8609,1
1.367,-0.9149,3
-1.8489,-0.70003,2
-1.4245,7.1075,2
0.18075,-0.41281,3
0.22601,1.0044,3
1.1342,-2.6756,2
-2.8192,-1.9255,2
-2.259,2.2644,1
-2.755,-1.2035,1
0.19595,0.99834,1
-3.5821,-0.44888,2
1.4731,2.0767,2
-2.6918,2.83,2
1.7501,-1.6973,2
0.97762,2.7836,3
1.418,-1.5972,1
-1.4321,-0.88102,1
2.7067,4.9309,3
-4.9662,-0.63646,1
-1.5162,-1.2593,1
4.565,1.2174,3
-3.0077,-0.0018244,3
0.86597,-2.0343,3
3.2215,-1.9426,3
1.178,3.2998,2
-0.96644,-1.7051,1
-2.5883,-1.9303,1
-0.84208,0.20701,1
-2.0515,-1.9072,2
-2.2345,-1.0073,2
1.973,1.6933,3
0.39862,-1.8108,1
1.1838,0.050824,3
-1.375,-0.88592,3
3.5421,1.8475,3
0.40925,-0.087763,3
1.5104,-1.6297,3
2.4389,4.5388,2
-1.5124,1.8007,2
-0.57147,0.79997,2
1.6524,7.524,3
0.00078332,-0.48245,3
0.46661,1.4315,3
4.9914,3.4772,3
1.1216,-2.0231,3
-0.080546,-1.7572,2
-0.79818,1.8098,3
-0.95925,-1.7827,1
-3.5555,-5.033,1
2.4681,1.653,2
0.38898,-0.23545,1
2.1051,0.24908,2
2.8895,0.14006,2
0.12807,-1.4491,1
-2.0108,-1.211,1
-1.0323,-2.7894,1
1.8983,2.2206,2
1.6527,0.61985,1
1.6671,-0.4858,3
-1.393,-2.3203,1
2.8512,-0.38496,3
-3.2298,-0.61986,1
0.25497,-1.5755,2
1.8456,-1.2195,1
-2.1061,3.2855,2
-0.53014,-0.81112,3
-2.358,-2.4098,1
4.9466,-1.0771,3
0.55986,1.0231,2
-0.31089,-2.8489,1
0.56112,-0.45235,2
3.5676,2.7477,3
0.64682,-1.9254,1
2.9043,2.3206,3
-0.097709,1.2408,2
2.0324,-0.29193,1
-2.7444,0.2932,1
1.3282,1.7503,2
1.0205,-2.093,1
-1.9799,-2.7433,1
-3.783,-1.9377,1
-1.2452,-0.27971,2
-1.2383,1.5839,2
2.1693,-0.64916,3
3.1625,3.5822,3
3.1006,5.0814,2
3.6375,-1.7259,3
0.9994,-1.5194,1
-0.63675,0.32237,1
-2.0002,-0.6522,3
0.52085,-1.5956,3
5.5974,-4.0498,1
1.9655,-0.49145,3
1.9918,1.4193,3
0.6062,-2.9555,1
1.4248,-0.49341,2
2.8389,1.8108,3
0.77626,-3.6994,1
-1.152,-5.7547,1
0.78714,4.0509,3
3.9069,4.0372,3
-1.6008,-1.7617,1
-0.8199,-0.57809,3
-2.7345,1.3215,1
0.58028,-2.7689,1
-3.3875,-4.5129,1
-4.4038,-4.1085,1
-1.4044,1.1341,3
0.50438,5.649,3
0.019045,1.6616,2
-2.0742,-0.77328,2
-2.4806,-1.4946,1
-4.9106,-0.80179,2
0.37523,-2.3958,2
0.85531,-0.038913,2
3.7846,5.8014,2
1.2006,3.6125,2
2.0354,-4.4107,2
2.3083,3.3318,3
2.3102,-3.5971,1
-2.7029,0.75659,3
-3.1019,0.19291,3
4.3189,2.7727,2
3.2073,0.053629,2
2.9719,-0.47856,3
-4.5763,-0.75268,1
-0.68824,1.5821,1
