2.5291,-0.045387,2
5.8144,0.43155,2
-2.5856,-0.8233,2
0.15989,1.4574,2
1.0742,-1.2536,2
-4.6453,0.87311,1
1.9946,-2.1506,2
-0.0085514,4.7824,2
-0.53045,-1.9292,2
1.0077,-0.50525,2
-2.0877,-4.9929,1
0.44696,1.4596,2
1.346,-3.0536,2
-2.7273,-0.7901,2
-2.9029,-1.189,2
2.4244,4.4766,2
-3.4298,-3.9912,2
-3.8642,-1.9537,2
1.323,0.10506,3
5.2469,0.052517,3
2.3684,0.39705,2
0.0056199,-0.29481,2
-0.44027,-6.9266,2
2.6393,0.73558,2
2.3672,0.044576,2
-0.65644,0.85327,3
-1.3239,-0.9719,2
3.9196,0.12392,2
-0.035087,2.6368,2
-0.1641,0.6511,2
-3.1436,-1.5201,2
0.9442,3.8795,3
1.9521,-0.98764,2
-3.9297,0.67847,2
2.3751,1.6107,2
2.133,4.2532,1
1.4644,-1.5305,2
5.6415,3.4679,2
1.783,3.4513,3
-3.2223,1.9225,2
-1.1476,1.993,2
0.57534,-2.1946,2
-1.1744,2.2558,3
-1.4168,-4.9685,2
-1.6076,2.6989,3
-0.83302,0.076242,1
-0.76319,-3.0071,2
-2.4099,-1.8659,1
0.25632,5.7699,1
2.2037,1.8044,2
-1.7117,-0.5815,2
-1.816,0.52022,2
-0.37581,-0.37513,2
-2.1821,-1.0295,3
2.5016,2.039,2
0.72678,0.78418,1
1.4432,0.61843,2
1.6775,-2.8733,2
-3.9938,-2.0428,2
2.2668,1.4756,3
2.7601,0.12121,2
0.08253,-0.12737,3
-2.837,0.17977,2
1.1696,2.0332,2
0.77855,3.8568,2
2.331,-0.43636,1
0.36141,1.6618,1
-0.41798,1.2459,2
-0.28303,-0.5061,2
-1.7343,-0.10245,2
-0.85541,1.8855,3
4.4167,-0.32986,2
2.9444,1.9738,3
1.9885,-0.63129,2
0.74867,-1.7354,2
0.15795,-1.0558,3
1.3741,-2.1231,2
0.88106,-0.88105,2
4.8357,5.0992,2
-0.39472,-0.20029,3
0.36069,0.35993,2
2.259,0.73131,2
1.674,4.3096,2
1.9106,-1.5709,1
0.9487,0.167,1
0.74418,-1.0957,2
-4.7396,-3.1172,1
-0.669,1.7678,1
-1.6713,-0.25685,2
-1.9619,-0.24269,2
-0.88067,1.7698,3
0.58856,-1.6252,3
0.649,1.26,1
0.59888,1.2817,2
-3.2818,-3.1359,2
-0.38512,1.6452,2
0.85255,2.0533,2
0.12727,2.9776,2
0.25336,1.3562,3
3.5598,-0.84043,2
-1.5474,-1.4425,2
2.5031,2.3892,2
0.28642,-2.0257,2
1.2988,-3.4805,2
0.8067,3.2615,2
-0.81056,3.0872,2
0.53896,0.4743,3
1.8894,1.0581,2
0.056811,1.567,2
-1.573,0.45569,2
-3.2414,-0.72591,2
-4.3887,-3.2654,2
-0.37751,-0.13399,2
-4.7972,-3.1554,1
2.3401,0.76805,3
2.5471,2.3172,3
-1.7762,2.6556,2
0.94543,-2.0632,3
0.71955,-1.8224,3
0.15578,-0.16813,3
-5.8284,-1.4564,2
-1.3204,0.92736,2
1.3623,-1.7785,2
2.2883,-2.8472,2
-0.83624,2.7782,2
4.9227,0.60425,3
-2.3828,-4.1476,2
2.0182,2.9001,2
1.78,2.0928,3
-1.4138,0.4946,2
1.0706,1.5978,2
-2.2267,-0.80044,2
2.2899,2.7868,3
4.4464,1.3434,3
1.0912,0.45658,2
-3.1412,2.8549,1
-0.33955,0.0091627,3
-0.49737,-0.64397,2
3.7964,-1.2108,3
-1.8081,-1.1959,2
0.61148,2.3295,2
2.324,4.3895,3
-2.0229,2.0899,2
-0.61886,2.2075,2
-0.68907,-1.8367,1
5.4465,1.8193,2
2.2656,-1.3602,2
-0.46009,-0.38904,3
-2.4426,-2.5477,2
-4.689,-0.62943,2
0.84812,1.5319,2
2.1253,0.88891,3
1.5866,-2.5982,3
0.81673,0.18036,2
3.5928,3.9914,3
-1.6947,1.3406,2
2.6799,-0.045533,2
-1.0514,-0.54698,2
-2.9741,-1.5381,2
-1.5933,5.6616,3
-0.27883,-3.0167,2
-0.26429,4.4346,1
-1.6354,-3.6577,2
-2.7031,-4.5504,1
2.8485,2.8395,2
0.23217,1.3017,2
-1.7356,-2.7085,2
-3.6363,-3.2635,2
-3.7604,2.4308,3
-1.2091,1.0432,2
-2.6068,-0.0043896,2
2.7098,1.7292,3
-3.1658,-0.83371,2
-2.8868,-1.395,2
-0.09615,2.4653,2
4.7197,-4.2496,2
4.3733,-2.0507,2
1.5115,-1.2809,2
-4.4251,2.1528,2
-0.40244,0.34425,3
-1.3505,-3.002,2
2.0843,2.825,2
3.9709,-1.0429,2
0.37453,0.20184,2
-2.2807,0.81863,1
0.57694,1.1771,2
1.4069,-2.2316,2
-0.51161,-1.0521,2
-5.9843,-0.7362,2
2.0332,2.4822,2
-2.4787,1.8554,3
-0.085023,1.4163,2
0.69586,2.9493,2
-3.688,0.24213,2
-1.9248,-2.4402,2
-2.2716,0.17381,2
1.8909,3.9625,2
-0.96589,-0.38891,2
1.5844,1.7505,2
2.3412,1.1085,2
0.49438,-0.47412,2
-0.09899,1.9336,3
0.97845,0.82617,2
-1.6886,0.37631,2
-0.98374,-0.7648,2
3.1304,1.9875,2
3.5232,-0.036642,2
3.2136,1.2031,2
-3.2725,-0.11887,3
1.7483,1.4872,2
0.52084,0.28013,1
-0.74295,-3.2227,2
3.2684,1.8758,2
-1.9539,1.5721,2
2.2872,-1.4953,3
-4.3267,-3.6056,2
-6.1924,1.5868,1
-0.29524,-4.3172,2
3.1706,2.407,2
-3.0227,1.8204,2
-1.2014,1.5585,2
-0.61467,2.2458,2
-2.66,-0.72867,2
-0.53047,-0.75744,2
2.3663,-0.035047,2
-3.4265,-2.4185,1
3.3039,-0.99202,2
0.58975,-2.5598,1
-2.279,-1.0538,2
0.20305,0.26647,1
0.99535,-3.099,2
2.0855,0.55379,3
1.4233,-3.053,3
-0.60099,1.3658,2
3.419,-0.22228,1
-0.40757,-0.078579,2
-0.042862,1.7837,1
0.99108,-1.0417,2
2.1469,-0.44604,2
2.0908,1.4107,2
-1.2055,-1.6607,3
-2.5556,0.81477,2
-2.1552,-0.68705,2
0.59634,0.50046,2
-0.15351,-0.59184,2
2.2037,0.42914,2
4.3911,1.1697,3
-0.28039,1.659,2
0.22357,3.9889,3
-1.3574,1.7732,2
1.0807,0.47588,2
-3.674,2.9206,3
1.6149,-1.4634,1
-1.0152,2.2283,2
-2.6549,-1.7837,1
2.3962,0.0022303,2
-0.96363,-2.5269,2
-1.1632,-1.7637,2
-3.5195,-3.0502,2
-3.176,-1.6288,2
1.6463,1.7373,2
-0.10476,-4.0213,2
3.8027,1.4612,2
-1.6743,-1.8561,1
0.6969,0.024608,2
-3.9084,-1.5503,2
1.464,2.8213,2
1.5182,2.6063,2
1.7107,-1.3172,2
1.6799,4.6392,2
-0.7981,1.4046,2
-0.6926,-1.3757,2
1.2664,-0.047326,3
-0.42921,-2.7266,2
0.45288,-0.27021,2
1.8513,-4.8112,2
0.24176,-1.1997,2
1.2593,2.7511,2
-0.97605,-0.96441,2
0.14709,3.1532,2
0.40626,-0.51556,2
3.0355,1.5013,2
-1.3604,-0.12409,3
0.063509,1.9665,3
2.9232,0.24277,3
-3.2052,-1.97,2
1.7959,1.1271,3
0.79861,1.5529,2
-1.2324,-1.4574,1
-2.2956,-1.1609,2
-2.2317,1.2072,2
-1.4926,2.4921,2
-0.85094,3.8463,2
-3.7953,0.76624,2
-2.6179,1.4779,2
-2.7753,-2.8706,2
-1.7534,-1.7244,2
4.3555,3.3713,2
-0.00076967,-1.6388,2
1.9084,0.59214,3
0.6716,-1.5261,2
1.366,4.3842,1
2.0368,5.3771,2
-0.65269,0.93057,2
-1.9191,-2.128,2
1.5061,-2.1413,1
1.3097,0.94245,2
-0.20544,2.5943,3
-0.89395,-2.1953,2
-1.6217,-3.1231,1
1.4013,0.94238,3
2.924,-1.0752,2
-2.5265,0.89974,2
-3.271,-0.48077,2
-2.6468,-1.1136,2
3.2992,1.7685,1
0.39432,-3.5374,1
-0.56796,-0.9729,1
1.7195,1.3661,2
0.67101,1.1587,2
3.9749,2.8763,2
-3.5521,-3.0794,2
-0.26745,-4.3308,2
-0.97823,-1.06,2
2.039,-1.3923,2
-1.2307,-2.8252,2
1.0705,0.67493,2
-2.8767,0.19367,2
2.507,-0.0063949,2
-2.2546,0.76657,3
1.174,-3.7974,2
-1.6899,1.1003,2
-2.5152,-0.7301,2
-0.31518,0.76439,3
2.4056,-1.318,2
-0.32178,1.3261,1
-0.66816,0.11256,2
0.010476,-0.062578,2
-0.8611,-0.78786,2
1.8346,2.1748,2
-1.5089,-1.9384,2
-0.18707,-0.14313,3
-2.9337,0.55027,2
-3.9554,-4.9477,2
2.0079,5.7005,3
-0.55946,2.022,2
-2.6926,0.55491,1
0.4328,3.1524,2
2.0624,2.2791,2
0.55525,-2.7557,3
-0.73579,-0.50135,2
1.6873,0.57379,2
0.25321,-0.94305,2
3.3159,0.049538,2
0.61252,-1.0463,2
-0.63578,-2.0817,2
-3.7489,-5.7263,2
2.958,2.3712,2
5.4852,1.1229,3
-0.72678,1.0193,2
-1.2639,1.4851,3
-2.4495,0.9554,2
-1.3665,-4.059,2
-3.4691,-0.53932,1
-1.563,-2.3839,2
-1.3443,-0.48425,1
-2.9875,1.216,1
-2.562,0.31144,2
-2.3021,0.36219,2
3.8618,1.6196,3
-2.8024,-1.1763,2
-1.6509,4.6205,2
0.17702,-1.0785,2
3.0864,1.8428,2
3.9954,-1.8988,3
0.1574,-1.3018,2
-2.3354,4.6556,2
2.1775,-2.029,2
1.6078,4.5024,2
1.5911,2.9987,3
0.37538,-0.71731,2
2.2824,0.070078,2
1.8439,0.91584,3
3.2592,3.9853,3
0.44704,-1.5602,1
3.3048,-3.1634,2
-1.2319,-0.79106,2
-1.2441,-4.5956,2
-3.6704,-0.3247,2
-0.61873,3.3759,2
1.0749,-1.5737,2
-4.7288,3.5956,2
1.3354,3.6686,2
2.3306,2.8431,2
-1.6535,1.572,1
-0.20073,-1.1155,2
3.7213,2.2636,3
-2.5293,-2.68,2
-3.4312,2.0679,2
0.80415,0.95109,2
-5.226,-2.8488,1
0.053603,-3.1237,2
-3.9317,0.90458,2
1.475,-2.0725,2
1.5858,1.7347,2
1.5482,3.3567,2
-2.6178,-3.0882,1
1.0935,1.1093,3
3.3241,3.6367,2
0.91031,0.68086,2
-1.261,2.858,3
1.9254,0.73033,2
0.86995,-3.2083,2
1.0356,-2.2937,2
2.0727,-1.1026,2
-0.36748,0.089344,2
-0.010886,3.3846,2
1.6317,0.82939,3
-3.9256,0.73908,1
3.6136,0.84758,2
1.1491,1.0064,3
2.4242,1.9006,2
0.27541,1.3775,2
1.3868,0.55015,3
-1.5512,0.25774,1
-7.7307,-2.1561,2
0.52637,1.7595,3
-0.28978,-0.67523,2
-0.51397,4.0362,3
2.6065,2.3367,2
1.6779,-1.0985,2
-1.1018,0.6516,3
1.8585,-0.1575,2
1.7845,2.2352,2
-2.6784,2.2856,3
-2.3082,2.0638,2
-2.7238,0.36296,1
-1.1087,-1.8529,2
2.9084,3.4126,2
-0.57905,1.6635,2
-1.658,5.1181,3
3.6922,-2.1537,2
2.6048,1.8598,3
-0.69328,1.7089,1
-2.3814,-0.25273,2
-0.24816,4.5965,2
1.5568,3.3575,2
-1.8456,-2.6026,2
2.5649,-2.0327,2
0.98139,-0.33157,2
-1.728,-2.727,2
3.974,2.5583,2
-3.6678,-4.8638,1
-0.65796,-4.2334,2
0.64331,0.66199,2
1.9608,-0.8627,3
2.2518,-4.2942,2
2.1465,-2.8893,2
-1.0842,2.0382,2
-5.101,-2.5261,1
-1.3505,-2.6433,1
1.0787,-2.1094,2
1.9355,-0.69196,2
-0.16193,-1.9685,2
1.9362,1.1471,3
-4.4325,2.0069,3
1.6452,1.9454,1
0.1823,1.2333,2
-1.3275,1.5523,2
3.101,-0.13092,3
1.0223,1.1582,2
0.15812,-1.8029,3
0.11783,2.1113,3
0.26644,-5.651,1
3.1192,-0.1187,1
2.9905,0.39359,2
-3.3486,-2.0637,1
-1.6963,-1.2814,2
3.6916,1.7406,2
3.704,2.4524,2
0.82616,-1.405,2
-0.39572,-1.5413,3
-1.857,-0.82294,2
-2.8862,3.1441,2
-1.0567,-1.5115,2
-2.651,-2.6228,1
-1.6553,1.4101,3
-1.2862,3.3778,3
2.8819,0.20465,2
-3.2655,-3.0947,1
0.62841,-4.2464,1
5.1216,-1.3848,2
-1.6323,0.20636,2
6.9412,1.4776,2
1.4956,-0.36729,2
1.2377,-0.46574,3
3.357,-0.47849,2
-1.6256,1.5417,1
2.3149,0.96073,2
3.4565,-0.93553,2
1.3254,1.348,2
3.8188,0.80211,2
-1.4676,1.1291,2
-0.21662,-3.0475,2
-1.6366,0.87805,1
3.7066,3.3056,2
1.4819,0.79585,3
1.3914,0.88317,2
-2.7525,0.26975,1
1.5222,-1.7553,2
2.3649,0.99429,2
0.038818,1.0035,1
-2.1106,-0.89492,2
0.31268,-0.27215,2
1.5304,0.81451,2
2.9831,2.8099,3
2.5747,2.5898,3
2.0272,-2.2021,2
-2.3564,2.9184,1
0.49021,-0.86423,2
1.4392,-3.7537,1
1.1204,2.006,2
2.1949,2.3165,2
0.066706,-1.2712,2
2.5441,-3.0025,3
-1.5899,1.3141,2
4.7571,-2.8948,2
-3.0661,-2.8327,2
-2.3292,-2.06,2
1.41,2.4424,2
-1.0799,0.92909,2
-0.13829,1.0378,2
3.1423,1.9878,3
2.1837,-0.79538,1
2.8078,-3.1115,2
1.1966,4.5544,2
-0.9148,-0.085662,2
-2.6345,3.6552,3
2.2552,4.1925,2
3.3672,2.049,2
1.7963,-1.5463,2
-0.50372,0.60761,2
0.65684,3.0439,2
-1.3536,0.5212,2
3.0433,1.4518,2
1.4528,0.77274,2
0.9832,-0.35458,2
-0.26983,-0.32011,2
1.0897,-1.7581,2
0.60327,0.40455,2
0.41069,-0.80826,3
1.0177,-2.627,1
-1.4929,3.3244,2
0.13249,-0.72835,2
1.5679,-0.55058,1
-2.4656,-1.3062,3
1.1604,0.36658,1
1.125,0.1746,2
1.0316,-1.5305,2
-4.1519,-4.8003,1
0.023152,4.6184,2
-0.61334,-1.6837,3
-1.1852,-1.1656,2
-0.27993,2.8626,2
3.3838,-1.6908,2
-1.135,0.97414,2
1.5413,5.2405,3
-1.6361,1.669,2
-2.8892,-4.0286,1
0.51838,-4.474,1
-0.01245,0.73081,1
-1.9075,-3.3459,2
-0.11561,-2.7954,2
-0.93375,-2.0455,2
-2.3666,-1.5444,2
0.086365,2.8286,3
2.8951,-5.403,3
4.9366,-0.49104,2
3.2291,-4.0867,1
-1.6227,2.0926,3
1.4795,1.9817,2
0.51253,4.4255,2
-0.18753,1.9485,2
1.4329,0.4464,2
-0.31656,1.9567,2
1.2899,1.883,2
-0.76413,1.616,2
-0.5703,-0.89009,2
-2.7626,-2.5476,2
1.6086,-1.1324,2
-2.3656,0.11288,2
-1.1061,0.28565,2
3.0432,0.88772,2
1.0954,-1.0281,2
1.4135,0.63934,3
-5.9756,0.83832,1
1.2879,-2.7883,2
1.2642,0.6338,2
3.1574,0.87204,3
1.049,1.82,2
2.9648,1.0288,3
-1.3146,4.3481,2
3.5227,2.4643,3
-3.5896,-3.3001,2
-1.0286,-1.4966,2
2.3338,2.4809,2
3.2588,2.1102,2
2.0739,-0.66917,2
-3.6004,-1.2103,2
-0.91638,0.69934,2
1.5288,-0.98932,2
0.9642,1.4912,2
0.60111,2.2113,2
0.25575,3.216,2
0.97247,2.3394,2
-0.8088,-0.39003,3
1.4744,-3.1071,2
2.4877,-2.1252,2
1.9017,2.6783,2
3.7272,5.8722,2
2.4374,0.72972,2
-1.4579,-0.21568,1
1.343,4.8769,2
-5.2407,0.23406,2
1.1497,-3.2999,2
1.1063,6.1933,3
-6.0746,-2.0103,2
-0.028817,-0.48076,3
-0.99453,0.90907,2
2.2361,-0.4355,3
-1.7522,-2.5982,2
-0.80972,3.051,2
1.5303,3.6914,2
1.7186,-3.2994,2
-2.2141,-1.3624,2
-1.2216,-0.39511,2
0.27967,-1.5958,2
-0.89511,1.5409,1
1.2724,1.0257,2
-1.8723,0.33064,2
-0.45481,-1.7665,2
3.6205,0.43603,2
0.94546,2.425,2
2.9252,3.2206,2
1.026,-2.5288,1
-1.2088,2.1789,2
1.5707,2.2469,2
4.5545,9.6694,3
-1.3808,-7.0021,1
2.927,-1.6957,3
1.1719,4.1443,2
-2.4243,-0.53,2
2.645,1.6817,2
2.9321,-0.75861,2
-2.3433,-0.99699,1
-0.29527,-2.8401,2
0.39272,-3.7055,2
-0.28728,4.6053,2
1.5649,-2.4271,2
4.0372,3.2219,2
3.1328,-0.99004,2
1.335,2.2181,2
0.3889,-0.76456,2
-0.078375,0.53472,2
2.3928,0.70908,2
-1.2879,-3.047,2
2.1177,-1.7928,1
1.0402,-2.2999,3
-1.4236,-4.2844,1
-3.9216,0.09633,2
0.012307,-0.24915,2
2.0922,1.79,2
0.61845,-0.44213,2
1.5514,3.5045,2
-0.87524,0.27812,2
-2.9141,-2.4538,2
3.9891,-2.6184,3
-1.4746,-0.88859,2
-1.3233,0.94698,1
0.42173,-0.14269,2
-3.3278,-2.0454,2
1.6494,-0.55137,2
-2.2941,-0.40734,1
-0.54986,0.40027,2
-2.5468,-2.6176,2
-1.2089,2.03,1
-6.9272,-2.3936,2
-0.99329,-0.096922,1
3.4818,4.0393,3
3.6032,1.1869,2
-1.9167,-1.3291,2
3.4403,-1.273,2
-0.16405,0.75363,2
3.5132,3.7118,2
-1.0854,-1.4678,1
0.53735,-0.088863,2
2.1987,-0.10608,3
0.87869,0.093513,2
-2.7894,-4.8231,1
-2.1432,2.1948,2
-4.8823,-2.062,1
0.89903,-0.13331,2
-0.73376,-2.2074,2
1.554,-2.0751,3
3.7039,3.2021,2
-0.80433,-2.1218,2
-2.9893,2.4243,1
-1.3319,-2.5494,3
1.471,-0.65395,2
-1.0357,-0.32989,2
-1.9561,0.18873,1
1.2997,-0.45253,2
-2.8784,-3.2706,2
0.77182,-1.8105,2
-2.9759,3.3886,2
-0.73649,3.84,1
-0.56994,-1.2513,2
-0.69508,-2.092,2
0.78567,-0.57377,2
-1.693,1.7957,2
2.6116,-3.7301,2
1.0116,-1.9027,2
-5.0056,1.1912,2
0.21782,-1.5867,2
1.7215,1.8381,2
-2.5008,-4.6659,2
-1.7185,1.8653,3
0.66154,-3.3355,2
-0.52899,1.1881,2
-3.2775,-1.6756,2
4.042,-1.8275,2
-0.88689,2.0207,3
-0.34596,-0.75009,2
-4.569,-1.1387,1
-0.32548,-4.0068,3
0.64835,0.37254,3
2.4523,1.4854,2
-2.2855,-2.1759,2
-0.41037,-0.21733,3
0.51677,2.9084,2
0.7672,-3.5821,3
-1.6996,1.0899,1
0.78062,0.20082,2
-2.1966,-0.95253,2
3.0126,3.8504,2
3.3793,5.376,2
-1.3503,1.5163,2
-1.1247,-3.1484,2
-2.1236,-0.67348,2
2.6443,-2.1476,1
-2.573,1.4716,2
4.2024,1.3899,2
3.6535,0.29117,2
0.056301,-1.5113,1
-2.1808,-0.98216,2
-5.1886,3.7923,3
-1.81,-2.7963,2
-3.0229,0.64332,2
-1.0586,-3.1901,2
3.1523,1.9936,2
0.84535,0.9156,3
-1.135,-3.7658,2
-2.1682,-3.9186,2
0.049625,2.3585,2
3.3614,1.0561,2
-1.5079,-3.2838,1
-2.2008,-5.5993,1
-0.1464,-2.4739,2
-4.1455,2.5232,2
-0.46543,-0.92911,2
0.4932,0.64336,1
1.7002,1.477,2
0.024171,2.4494,3
-2.4621,2.5287,1
-2.1272,4.0678,2
0.064738,-2.504,2
1.9191,-3.1281,2
-1.4459,1.374,1
-0.69084,4.5348,2
0.47311,-2.109,2
-0.62404,1.9793,2
-1.0524,1.4311,2
2.2642,-1.7723,1
-1.9233,0.57261,2
1.3106,0.23376,3
2.3976,-0.73235,3
-1.976,2.394,2
0.82503,-3.1624,2
2.226,3.4619,2
-1.3045,-1.2997,2
0.57166,-0.99839,2
2.6767,-1.0709,2
-0.16535,-2.7372,2
2.5952,0.031955,1
0.61654,-1.0539,2
-4.2122,-1.4092,1
0.35627,-3.6082,2
-3.1392,-0.57255,2
2.9773,2.6484,2
2.8635,5.0772,3
-1.6375,1.5499,2
1.712,-0.49201,2
1.9403,-0.40785,2
-0.32548,-4.3358,1
-3.811,-3.3837,1
2.3791,1.4276,2
-2.2025,0.41674,2
1.9438,4.7511,3
-2.8636,-4.7059,2
-3.9431,-1.9957,3
2.8307,3.3269,2
1.3748,1.0159,2
1.1646,1.8484,2
-0.61194,-1.3467,2
-2.2684,0.77743,2
1.8266,-0.27404,3
-0.10873,0.64232,1
-2.0127,-1.9635,2
0.021935,1.9833,2
1.7537,2.3963,3
-0.71157,-3.6658,2
3.3609,1.8297,2
3.8306,2.8818,3
-1.3881,-0.55954,1
-1.3514,0.58574,2
-0.15464,0.56097,2
-4.1364,-0.6491,2
0.69007,-1.8016,2
0.071146,-0.66739,2
-1.3891,-3.3326,1
-3.5529,-1.1347,1
-5.6015,-3.2575,2
-0.21795,0.65779,1
1.3634,-1.1212,2
3.6649,-2.983,2
2.9589,-0.56974,2
0.14687,5.3459,2
-1.3296,-5.4872,2
2.3176,0.7515,3
1.0779,-2.4069,2
3.1601,3.9073,3
-3.0523,-1.6292,3
-3.2579,0.19564,2
1.9425,-2.4855,2
1.2868,-1.0086,2
0.92487,-0.40541,2
-5.761,-0.64896,1
2.8276,1.1449,3
-0.73477,-2.9694,2
-1.2532,0.25675,2
0.53357,-0.53631,2
1.6578,2.3278,3
1.0912,-3.1543,2
1.7161,0.3713,2
-2.0417,1.423,2
2.647,1.5307,2
0.049555,1.3244,2
0.85046,-0.74509,2
2.0593,1.0376,3
2.2526,-1.4584,2
1.5273,0.29357,2
4.9535,1.75,2
0.32374,1.4546,2
1.6138,-0.43287,2
0.46498,1.5826,2
2.2106,2.7899,2
-3.1552,-4.1631,3
-0.77482,-1.1576,2
1.2732,-3.6084,2
1.4112,1.4958,3
-4.6574,-3.5377,1
-3.2455,-1.1598,2
1.0699,1.4698,2
1.1331,0.011879,2
2.0696,1.0993,2
0.73649,2.0826,2
-2.045,-1.2746,2
-1.657,1.5804,2
0.18845,0.53939,3
0.84372,-0.77079,2
-2.8818,-1.5456,2
-3.0346,-2.1997,2
-1.5472,0.083438,1
0.35588,1.5704,2
-1.2903,-0.73918,3
-1.9268,1.3978,1
-5.1388,-2.9294,2
3.6019,-0.065569,2
0.44934,0.48898,2
0.064848,-2.4876,1
-2.9164,-0.92082,2
1.173,2.4455,2
-0.060834,-3.2922,1
-0.46213,-2.2258,2
-0.11211,-2.207,2
-0.16487,2.2787,2
-0.54141,0.2702,2
1.8776,-0.15905,2
-2.5598,-3.9054,1
3.6826,0.10372,3
-3.0853,1.5754,3
-3.736,1.8784,2
-0.097716,2.8912,2
1.7534,-3.8574,2
-0.023976,3.1412,2
3.3267,4.2858,3
-0.5054,2.0657,3
-0.15206,1.9532,2
-1.2463,2.7125,2
2.6854,1.0036,2
3.4237,-0.41151,2
3.5123,-1.2265,3
0.83833,2.0473,2
7.3697,2.4035,2
-5.3802,-0.078668,2
-5.1874,-2.07,1
-5.2928,1.1423,2
0.21017,-1.3575,2
-1.2664,-2.974,2
-4.1396,-2.2514,2
-0.3485,1.0886,1
-0.11228,-2.271,2
-2.7016,0.45015,2
-0.29674,-1.8505,2
-0.064048,-0.67545,2
-4.676,0.11162,2
2.0003,-3.5188,2
2.6097,-1.0885,2
1.3959,-2.7448,2
-1.8165,0.47176,3
-2.4349,2.0021,2
0.054731,-1.7973,1
0.24562,-1.7454,2
-1.8055,-0.27231,2
0.30026,-0.052184,2
-2.0028,1.4779,1
-0.86241,3.9139,3
2.4661,2.4363,2
4.9859,3.5395,2
4.1954,4.1217,2
-0.98257,-2.3064,2
-4.8189,-1.9732,2
-0.89468,-2.3349,2
2.4831,-2.1501,1
3.9388,-1.2038,3
-2.0786,3.0953,2
2.6287,6.0863,3
0.22827,-2.2305,2
0.41363,-2.9922,3
2.6518,-1.8156,3
-1.6506,1.3558,2
2.626,-1.2695,2
1.9676,-0.73318,1
-0.47961,1.0904,3
-0.9482,-1.246,2
-1.3238,-0.5364,1
-3.5843,2.0063,2
-7.3078,0.097161,2
-0.2774,-2.1626,3
-0.59585,0.89886,2
4.3396,1.4892,2
-2.1435,1.8295,2
-2.1376,2.5056,2
1.3877,-0.44781,2
-2.7817,-1.1201,2
2.19,1.9859,2
-0.86718,4.9163,2
-4.9037,0.44583,3
-4.9447,-3.6712,2
4.629,0.28377,2
-0.36239,-2.2724,2
3.223,1.5762,3
2.1329,-1.1173,3
-2.6081,1.376,2
-0.34911,0.82632,2
-0.481,1.7286,2
-0.042335,-2.0884,2
-0.98803,0.058249,2
-2.8202,1.1,2
1.2616,-0.0016237,3
1.9292,-0.060509,2
-1.5821,-0.1095,2
-3.9885,-2.1474,1
0.20274,1.3143,2
-1.5103,-0.69835,2
0.17251,-0.20079,2
-0.74808,-1.6246,2
2.5803,0.465,2
-0.4689,-7.6052,1
2.5705,-0.68723,3
1.0129,0.73998,2
0.50191,1.6398,2
-0.7494,3.2252,2
1.115,0.8307,2
2.3471,-2.0733,2
-1.4613,-1.7211,2
1.6457,2.6964,2
1.3384,-0.47972,3
-0.027911,-0.49794,2
-3.066,-0.23968,2
-2.9518,-0.012858,1
0.86953,4.2434,2
-4.0344,-1.727,1
1.1325,-2.4249,2
2.011,1.73,2
3.4559,-0.89413,3
-2.3519,2.1604,2
-0.597,-0.63267,2
-2.8485,-0.9286,2
1.5192,0.93189,2
6.7564,-2.9864,3
-1.9337,-2.3678,2
-2.0525,1.4033,3
2.5146,-1.1727,2
-1.1117,-1.3909,2
-0.90267,1.2682,2
-0.8067,-1.4292,2
-1.9841,-2.4682,1
-5.188,-2.0661,2
-2.3187,1.1446,3
1.6815,-0.55247,2
-2.4546,2.2542,2
3.0417,-0.5724,3
3.5621,2.9499,3
-0.39894,-0.69399,3
-2.463,2.119,2
-2.8228,3.931,1
0.67959,3.4402,2
-3.0436,-1.0063,1
6.8115,3.0835,3
0.038766,2.8193,2
-0.52834,0.2782,2
-3.8151,-2.3444,1
-4.4991,-3.2995,2
0.093579,-0.86193,2
1.207,1.1719,2
1.0362,1.5445,2
-1.6764,0.15356,2
-1.6872,-3.6168,1
1.2323,-1.1045,2
4.6639,0.34189,2
3.5057,0.16761,2
0.20086,-0.67375,2
-1.8125,-3.9822,1
-1.396,-2.8736,2
-1.3312,-1.2533,1
0.35984,-0.30954,1
-2.2289,-2.8953,3
-0.50742,0.96111,2
3.3704,0.98515,2
-4.7313,-5.7902,2
-1.164,-3.5293,2
0.062243,3.2907,2
-0.70298,1.6902,2
-0.81485,1.4357,2
1.8996,4.1367,2
-0.5298,2.0254,2
-1.0001,3.9067,2
1.1443,2.6783,2
-0.34807,-3.2313,2
0.86281,-0.18997,2
1.6185,-2.2404,2
1.5148,3.9753,2
-1.4746,1.2809,1
2.0201,-0.04299,2
-2.9403,-0.77204,3
0.30492,-2.4598,2
1.2299,3.1809,3
0.23587,-1.9481,2
3.3277,1.5783,3
-0.15036,-1.3566,2
-2.5976,0.14148,1
0.2718,4.5305,2
4.0943,6.1636,3
1.0414,2.8403,3
0.36844,-0.90818,1
-0.54186,-5.6454,2
-0.60106,0.72954,2
0.60699,1.648,3
0.64171,1.4911,2
0.23957,0.50855,1
-1.709,-1.0789,1
3.3287,1.9043,2
3.5205,0.44648,2
-2.3425,1.7668,2
-1.0805,-1.6529,2
-3.0048,-0.76968,1
-1.6456,-0.25487,3
0.45817,-0.49242,2
0.46437,1.2252,2
-0.71678,0.25197,1
1.0275,-0.39761,3
-1.9527,-4.5819,1
1.953,0.87275,2
0.51864,1.1906,3
-1.3891,0.93332,3
-2.6176,1.8931,2
-0.76459,-1.7219,1
1.5249,0.6598,2
-3.4939,-1.2166,2
-0.31081,1.3768,1
2.4538,3.5497,2
-0.65475,-0.26987,3
2.7163,-0.47408,2
-0.31759,2.2748,1
-0.066353,-0.31444,3
-2.0957,1.8235,1
-0.56414,-4.5686,2
0.83796,2.8926,2
-2.3768,-3.9455,1
5.8977,0.0023989,2
0.62054,-0.80023,1
2.7225,0.84219,2
-2.5319,-1.2511,2
0.96939,-2.3224,2
1.4621,6.1909,1
-2.286,2.947,2
-0.4351,-3.6473,3
0.87383,2.168,2
5.2272,-2.0589,2
-0.70216,-1.0008,2
0.061217,-5.5832,3
-1.6433,1.442,2
2.6111,1.407,2
1.6273,3.1111,2
-0.28622,2.7464,1
1.7592,1.7652,2
3.6482,2.7234,2
-0.95915,-1.8493,1
1.3888,1.3749,2
-0.76241,0.59191,2
-2.9986,-1.5286,2
0.64829,-1.6475,2
-1.0062,0.67025,2
-2.8948,1.3306,2
1.3886,-0.50635,2
-2.7221,-2.2593,1
-2.681,-0.61234,2
-1.9133,-0.3744,2
-3.0919,0.14277,3
-3.4875,-4.8287,2
-1.2177,0.60766,2
3.4448,2.2331,1
1.721,4.3977,2
-3.0525,-0.93352,2
-4.2223,0.90213,2
-3.3432,-4.0866,2
1.7958,1.7983,3
-0.46677,-0.57311,2
-0.93553,-1.7279,2
-0.015793,-1.7057,1
4.34,1.751,2
-2.5389,-3.2276,2
2.1514,2.3608,2
0.19199,3.3471,2
1.3515,1.5902,1
3.6224,0.18229,2
-0.45028,-0.68253,2
0.54975,2.2595,2
-2.5351,1.9087,1
1.5427,-2.2035,2
-3.2728,-1.465,2
-0.53379,-1.1391,2
2.1428,3.5435,2
0.85822,2.4939,3
-0.65621,2.8781,2
-0.25638,-0.48127,3
-0.77888,2.6743,2
1.7053,1.9408,2
-2.2666,-5.8598,1
0.0062111,-2.5253,2
-1.3919,-1.3998,2
0.28569,1.7157,2
1.4953,1.0827,2
0.41291,1.2102,2
-2.9522,-2.6329,2
-1.6513,0.35921,2
0.19229,-1.5293,2
1.2939,2.6431,3
-1.1782,1.2197,2
0.73187,2.2553,2
-1.6413,0.43624,2
1.3756,1.9369,2
-0.52276,-4.8435,2
-1.0258,1.4175,2
4.5796,4.1416,2
-0.68732,-1.9424,1
-0.028588,-6.2192,1
0.61991,-3.6074,3
0.03058,1.8609,3
0.72992,-3.3297,1
-1.4592,-3.6359,1
-0.026275,-1.696,2
6.3034,0.98191,3
-1.0337,-0.6373,2
1.4886,-3.3628,2
-1.7786,0.84704,1
1.3874,0.19233,2
2.0604,3.8868,2
-1.9345,-5.0519,1
0.46745,0.30036,2
-1.7366,2.8661,2
1.4552,0.23037,3
-1.6549,-1.6429,2
-5.3016,-2.7406,1
0.59384,2.335,2
-1.1859,2.0777,2
0.61156,-0.36437,2
-0.23127,-1.0362,2
-0.28818,-2.764,2
-1.8419,-1.2463,1
3.0454,-1.174,2
-0.28102,0.34674,2
1.1906,4.0957,3
0.57175,1.756,2
2.5183,5.3513,3
0.61762,-0.79151,1
1.3643,-0.99553,2
-2.8444,-5.0176,3
-1.6078,-1.0201,2
1.3792,3.3406,2
-0.99726,0.50704,2
1.9741,3.1488,3
-0.49083,-1.2498,2
-3.8067,-4.8004,2
-1.154,0.89371,1
-2.9628,-0.33115,2
2.4789,3.1406,2
0.54965,2.3672,2
-3.0854,-0.027748,2
1.8132,4.6026,3
0.30658,2.7447,2
0.13724,-0.75111,2
-0.15823,3.4765,2
6.7551,1.4724,2
-0.26347,-0.097198,1
-1.5509,3.2971,2
-0.99502,-0.96845,2
2.792,-5.118,2
3.0044,0.25859,2
0.65288,1.2298,3
0.35333,-1.4691,1
-3.4882,-0.83752,2
-0.4929,-0.9219,3
-0.27171,-0.030139,2
0.030398,1.3167,2
-0.19765,6.0766,3
3.348,-1.3888,2
-0.67106,-2.8482,2
-1.5835,1.6939,2
1.7052,-1.2853,2
0.45781,-1.4954,3
-2.8095,-1.0288,1
0.49265,0.28337,2
0.18927,2.4326,2
0.14471,5.1322,2
-1.219,0.87921,2
-1.2803,-0.36952,2
-4.426,0.11348,1
-2.0696,-1.6061,2
0.44241,-1.1315,2
0.15501,-3.1662,2
0.80996,-1.7426,2
-0.23702,-1.0984,2
5.0057,3.1045,2
4.5632,1.9636,3
0.37486,1.8722,2
-3.0105,-1.7892,2
-3.5978,-3.749,1
-0.74897,-0.6514,2
-2.2958,-3.1354,2
3.7207,1.3763,2
-2.7016,-6.0261,1
-2.0378,-1.3292,3
0.93686,-2.9251,2
0.12854,-1.9441,2
3.3412,3.5914,3
1.8346,0.59013,2
4.6804,0.51033,3
3.124,0.69718,2
-2.8471,-1.2558,2
-4.6813,1.4236,2
3.5859,1.5797,3
3.7183,0.98727,2
0.30135,-3.0417,2
0.63488,1.0808,3
2.8457,-2.6956,2
2.6293,1.9786,2
-0.54758,0.77915,2
-1.4807,-1.5275,2
-0.58504,0.80354,3
-2.1265,3.0779,3
-1.5693,-2.1222,3
2.382,4.5207,2
2.1636,2.0583,2
2.99,2.685,2
-1.1706,-1.0227,2
-0.18711,0.16172,2
0.32776,0.49465,2
-1.5132,-3.9233,2
4.6959,-0.35435,2
0.14116,3.7577,2
1.2001,-1.6384,2
-0.36877,-1.5603,2
0.30076,-3.9814,1
3.0562,1.6169,2
1.6717,0.96216,1
-3.6631,-1.5108,2
-2.6796,-2.8681,1
2.386,-1.0611,3
0.91482,4.1268,3
-1.1523,0.17547,1
-0.87741,2.7041,3
2.5231,-0.29763,2
-0.53898,1.0363,2
0.86213,3.0678,3
-0.9373,2.0557,1
3.0682,-0.07093,2
0.3047,-0.43975,2
0.6198,1.5843,2
0.62051,-4.4072,2
0.91641,0.36769,2
3.5311,5.5419,2
-0.40855,4.8727,3
3.6319,2.131,2
3.3573,0.33688,2
-4.1098,-1.2775,3
-1.5725,-3.9752,1
3.4272,-1.7618,3
-3.4032,-4.1438,1
0.1355,0.77503,2
-1.8007,-0.9879,2
1.2348,-2.8639,2
3.0298,4.0907,2
5.5067,2.0631,3
0.94871,3.6429,2
0.58663,1.0206,2
0.86426,-0.076579,2
1.0049,5.0867,2
-2.8156,0.81785,1
-0.25525,-1.5934,1
-2.4831,1.9512,1
-3.4302,0.44235,2
-4.5042,0.18274,2
-2.5196,0.91147,2
2.8111,0.44813,2
-0.81273,-0.98119,2
1.1163,4.0986,2
-1.8561,-2.9767,2
-0.76223,-1.4027,1
-2.3741,0.18088,2
2.9914,5.6983,3
3.0912,1.467,3
0.18291,-2.2605,1
1.3344,3.2989,3
-2.6757,1.1556,2
-4.3727,-2.0811,2
-0.34072,1.2566,2
0.12325,0.30345,2
-0.81892,-1.3358,1
-1.0597,0.98005,3
4.3997,1.4397,3
-2.0744,1.0698,3
-0.70567,-6.0961,2
1.4033,-2.9855,2
-3.5674,-2.681,1
2.1948,2.1065,2
-0.16823,-5.1321,1
4.8389,-1.0738,2
1.257,2.1155,2
1.9786,3.4493,3
3.3334,1.5557,2
-0.096077,-2.3189,2
-1.4489,-0.76075,2
-3.626,2.0186,2
-6.1642,0.024436,1
-0.85179,-1.9137,1
0.64729,3.5872,2
5.7834,1.3476,2
1.8891,-0.15398,2
0.085381,-1.4947,2
3.4487,-0.3928,3
-2.5773,2.0915,2
0.80222,-4.2056,1
2.571,-1.3809,2
3.5764,0.70246,2
-0.70688,-0.68398,2
1.5635,-1.0373,3
-2.7147,-0.57072,2
2.7657,1.4033,2
1.4134,0.54062,2
2.7975,2.7012,1
-4.7723,-3.0523,2
-1.8132,0.25431,3
-0.23638,-3.1512,2
-2.448,0.18117,2
-2.5835,-1.6282,2
1.9678,-1.5568,2
2.2047,-0.61648,2
0.3677,-0.30431,2
-3.4014,-0.45396,2
0.81427,2.8267,2
-1.4832,1.4751,2
2.4558,0.78581,3
0.8205,0.38625,2
-1.8346,-1.7306,1
-4.2122,2.5729,2
0.53068,-2.1304,2
-1.1145,-0.23218,1
2.2119,3.4717,2
-2.8021,3.0966,2
3.1325,0.76742,2
-0.71803,1.7164,2
-0.5705,-3.3871,2
2.5532,3.3549,2
-1.4379,-0.022233,2
-1.1624,1.3276,2
-1.1422,-5.2594,2
-2.2119,0.21087,1
-0.61199,0.80449,2
-0.37355,-2.2417,1
3.1437,-0.56977,2
-2.0252,0.73098,2
1.6085,2.8539,3
3.2455,5.0452,2
3.4981,4.4693,2
-0.29243,-2.1615,2
-1.5579,-2.6459,2
-5.1808,-5.7133,1
-0.75934,-1.7184,2
-2.0573,0.68177,1
-2.2942,-0.82019,2
-2.0418,1.5389,2
0.51956,-2.1503,3
-2.4319,-0.5145,2
-1.5626,2.448,3
-3.795,-2.8478,2
-0.088185,-3.28,1
0.62385,0.097534,2
-2.1851,2.0816,3
1.76,2.9663,3
1.3796,-0.63672,2
-3.4937,2.1628,3
1.9041,1.163,2
0.24001,3.8283,3
-0.02704,-0.63572,2
-1.0063,1.5972,3
1.6743,5.277,2
0.3457,0.64429,2
0.87934,4.1157,2
-0.76525,-2.0823,2
1.6154,1.1525,2
0.98602,-4.6998,2
1.481,0.408,2
6.284,2.0143,2
2.569,-0.66895,2
-0.34816,1.6917,2
4.6492,3.3103,2
0.66488,-2.0721,2
-1.1528,2.352,1
-3.7779,0.41273,3
0.57443,0.46208,3
-0.042217,0.11898,1
2.934,2.4551,1
4.0225,1.2282,2
-1.3734,-0.55386,1
1.2121,0.48783,3
-2.4482,0.51479,2
0.81323,-0.9543,2
2.0934,-0.29651,2
-0.30674,-0.94051,2
-1.2092,-1.5963,1
-3.6491,-0.14075,2
2.7987,-0.14686,2
-1.1499,-2.118,1
-0.65497,-2.1389,2
-0.050594,0.48474,2
-0.011697,0.87567,2
0.52373,-0.42208,3
-2.57,1.5181,2
-2.4612,2.5228,3
2.942,-1.8495,2
1.1613,-0.14364,2
2.9957,2.4293,3
-1.102,-2.0739,1
-4.6821,-2.3038,1
1.8843,3.5457,2
0.55288,-2.3988,2
3.0893,3.1142,2
3.1027,0.73224,3
-1.4705,-0.26735,1
0.47367,0.61517,2
-0.47909,-1.4345,2
-0.52684,-0.13908,2
-1.1486,-7.9241,1
2.6409,7.1757,2
2.715,4.0015,3
-2.5016,2.5996,2
0.0020986,3.6164,2
0.4297,3.0877,2
-3.0167,-3.3702,2
-2.0069,-0.63629,2
-3.5864,-0.38443,1
1.6698,-3.0255,2
4.1296,-0.45587,2
0.15856,-0.042264,2
-0.097016,-4.0251,1
-0.25384,-0.25325,3
-0.65249,-2.9572,3
-0.7279,-2.2451,1
0.57274,-0.80888,2
-0.70214,1.5326,2
0.4208,5.4163,2
0.78513,0.79576,2
-3.317,0.72179,2
-3.5803,0.40094,1
1.9343,-0.49747,2
-1.1069,-2.4462,2
-1.0541,2.6132,2
-3.3547,0.025238,2
-1.3013,0.72144,2
-2.8397,-1.2728,2
2.0982,1.4589,2
-2.1045,0.72242,3
-0.32877,-0.050667,2
-1.6906,-3.2788,2
-0.64417,1.5811,2
0.14635,-0.95199,2
-1.5595,-1.6284,2
-4.6594,0.03727,2
0.078446,-1.0895,2
-2.3354,1.8667,1
-2.4402,0.64474,1
2.4336,0.90775,3
-3.0577,0.41938,2
-0.20542,2.2827,3
1.2644,2.5246,2
-1.552,-1.2317,2
-1.675,-1.6381,2
-0.27077,-2.4522,2
1.7736,2.9139,2
-1.618,-0.97855,2
0.81177,-1.6768,2
-0.3006,-1.5352,2
0.04359,2.4665,2
0.23914,0.31238,2
-1.5148,0.65655,2
-3.1193,-3.3122,2
2.9675,1.2876,2
-1.2991,2.6371,2
3.7192,0.8483,3
-0.73185,-0.0096852,2
3.5485,4.1872,3
-0.36519,0.86871,2
-1.7126,-1.1473,2
1.392,-1.1643,1
-0.19448,2.097,2
1.9602,2.7822,1
-0.21735,0.52626,2
-2.126,-3.3273,1
-0.35452,4.0938,2
-4.9999,-2.1893,2
1.0036,3.763,2
2.1567,-2.7498,1
4.3365,3.0219,2
-1.933,3.8654,2
0.28215,-0.2145,1
-2.9183,-2.9614,2
-1.1683,0.31743,2
-1.6717,1.5915,2
0.043249,-3.7614,2
0.51911,0.70252,2
-0.55973,2.06,3
-1.2547,1.1545,3
-3.5682,-2.6257,1
1.3268,-0.71809,3
2.9377,0.33782,2
2.525,-1.5218,2
6.154,1.5806,2
1.6322,1.7878,3
0.16534,-1.84,1
-3.8894,0.50888,1
0.091486,-0.42301,2
-1.4943,0.45569,1
1.7914,3.7496,2
4.2222,0.39115,2
0.87032,-3.4535,2
3.7787,1.775,3
0.62519,-5.408,1
-1.4483,3.3929,2
-5.1835,-8.9266,1
-6.7201,-5.3113,1
3.8392,0.095225,2
-0.3199,-1.9744,2
1.8064,2.2929,2
1.2739,0.47649,2
1.9221,-0.27732,3
-1.4813,-2.4314,1
0.40015,2.7274,2
0.30137,2.9527,2
-0.60588,-0.20065,1
3.1864,2.7171,2
1.315,-3.5673,2
5.286,1.6615,2
-2.4164,-1.0541,2
2.813,0.46637,2
-2.0297,1.8963,2
3.4411,2.862,3
0.097533,-1.847,1
-3.4673,3.68,1
-2.6482,-5.5323,2
3.2157,3.6814,2
-0.89288,0.41662,2
0.072528,-0.83952,3
1.4115,1.7423,2
-3.9006,2.0311,1
-0.84984,-0.5473,2
-1.3536,-0.30012,2
-0.51943,-1.4179,2
2.7858,0.2749,2
3.3972,3.2525,3
1.1891,6.3043,2
-1.9426,-4.1918,2
-0.052556,1.6445,2
-2.3453,-0.52063,2
3.4759,1.9273,3
2.5181,-0.13345,2
-1.9953,2.5968,2
0.64901,-1.3764,2
7.4095,1.745,3
-0.36159,-2.3575,2
-1.2634,-3.4512,2
-0.90247,-1.2704,3
0.11584,-2.9274,2
-1.0785,-3.7671,2
-0.31778,2.5247,2
1.9764,0.009915,2
-2.8987,-2.6327,3
1.177,-1.8048,2
0.89785,1.0939,2
-0.62404,0.19391,2
-1.5095,0.67976,2
-2.574,-1.858,1
1.4973,-1.2635,2
-0.63533,-0.03324,2
-1.4613,-0.6084,2
-4.2246,-2.8762,1
1.1327,-4.5084,1
3.6747,-0.46323,2
-1.6022,-0.74778,2
0.89541,0.16027,2
0.16446,-0.31594,2
-2.7424,-1.1386,2
-2.3469,-0.2737,2
-1.8889,-2.8868,3
1.5209,0.39323,2
-6.1927,-0.77526,2
2.6071,0.82192,3
-1.8948,-1.0571,2
-2.6569,-2.0016,2
-1.2923,-6.1509,2
0.3292,-2.2439,1
-0.29811,-2.0925,2
-2.3878,0.12177,2
-2.2102,-2.0014,2
-2.9636,-2.4214,1
-3.0862,-2.3884,2
-0.33595,-2.3615,2
-0.32747,-0.75842,2
4.5975,1.0202,3
2.0759,-2.5048,2
0.29088,-3.2246,2
3.3653,-1.4248,2
-3.3042,-3.2272,2
3.0767,-2.8915,3
-1.0383,-2.431,2
0.50305,-1.9637,2
0.22062,0.62658,3
3.8399,2.4871,1
-3.7727,0.56333,2
2.6615,0.90209,3
-5.0548,-2.216,1
-0.16213,-1.7782,3
1.0384,-0.0074652,2
-0.17756,-3.6945,1
-3.629,-0.26171,2
-0.62936,2.9746,3
-0.95111,-2.5602,2
4.1193,-0.20762,2
-3.6603,0.98845,2
3.1914,4.5739,2
2.2891,0.35377,2
1.1534,1.1175,2
1.4457,2.6583,2
-1.1061,1.6916,3
2.9873,0.90744,2
-0.47447,0.58963,2
0.45529,1.1531,3
1.7008,0.10575,2
-1.2166,2.123,2
5.7882,3.6194,2
0.72315,-2.0183,2
2.0084,-0.44377,2
4.4206,1.7274,2
2.941,1.1968,2
3.2677,0.66403,2
0.766,-2.6555,2
1.4973,1.3204,2
-0.72509,-1.3116,2
-4.1601,-2.6421,1
0.023207,-2.9337,2
1.1952,1.9567,3
-1.227,2.0126,2
-0.28931,0.77902,3
-0.49883,2.1687,2
-0.34291,-2.1383,2
-0.18778,5.0151,2
1.7828,2.483,3
-5.2504,1.0496,2
-5.6365,0.79882,2
0.30003,6.0671,3
-1.9794,-2.8367,1
2.2538,2.3352,2
-4.2893,0.76902,1
-0.17412,0.41834,1
4.1358,0.7607,3
3.0323,2.1501,2
4.3158,-2.9012,3
4.5664,7.1625,2
-1.6769,2.1528,2
-1.3557,-5.0538,2
1.6808,1.9026,2
4.3447,-0.57437,2
-3.6548,1.8673,2
-0.6513,0.84893,2
1.9355,-2.0687,3
-3.3721,-2.9533,1
-0.69642,0.57935,2
-0.41483,-2.5254,2
-2.1243,2.1342,2
0.66419,-1.2601,2
1.8019,-0.94132,2
0.16673,3.1976,2
0.4711,0.3827,2
2.8746,2.5611,2
-0.56172,-1.3132,2
-0.11984,-1.4671,2
-3.5067,-1.0816,2
-2.0387,-0.51126,2
0.70713,1.1767,2
-1.159,2.138,3
0.20393,1.7288,2
2.8529,1.6569,3
0.9088,-3.3775,2
-3.5871,-1.9526,2
0.66064,-1.9213,2
1.8826,0.037402,2
-4.3453,1.8067,3
-2.7401,-0.64376,2
-2.132,-2.1102,2
0.42599,-0.3774,1
0.77205,-3.4238,2
-0.43663,-2.0421,2
0.088121,-1.8533,2
0.7443,0.5993,2
-1.7121,-2.4416,2
-3.0766,-2.7569,2
3.0819,3.4272,2
0.76945,1.8357,3
-4.6639,-2.4267,2
-3.5249,1.0404,2
-1.035,0.85224,2
-0.026029,-2.1113,2
1.4995,1.278,2
-0.54781,-0.72252,1
-3.2674,2.4194,2
-1.2973,2.6375,2
-0.050371,4.2153,2
-5.1227,-2.0971,1
2.0135,-0.805,1
-1.3912,1.678,2
-1.4996,1.1063,2
-3.099,0.13106,3
1.5158,1.1654,2
1.2132,-2.3568,2
-3.9794,-2.6836,2
2.4426,2.1887,2
2.7951,3.4836,2
-3.5073,-1.523,2
2.832,-2.2959,2
1.6187,-1.0649,2
-0.018115,-4.4938,3
2.5452,-3.624,2
2.9617,1.1043,2
-1.1083,3.639,2
-0.8848,-4.3538,1
5.215,3.271,3
0.25123,-1.376,3
0.023231,-0.99592,2
2.2983,3.1344,3
-2.1005,2.9159,3
1.7377,1.1658,2
-0.25755,1.1497,1
-3.4045,-1.6263,2
-6.1024,-7.2789,1
-1.7954,-1.7402,3
2.2154,1.8191,2
1.0245,3.206,1
1.5916,3.7395,2
-2.0766,3.1227,2
-0.90173,0.053936,2
-0.50904,-2.1538,2
-1.5288,0.16331,3
-0.11423,0.45616,2
-0.35677,0.57497,3
0.79596,-0.85433,1
1.5189,0.71177,2
-2.602,0.37756,2
-1.5025,-0.8432,2
-1.197,-1.5824,3
-4.8565,-1.7524,1
-2.0234,2.2813,2
-1.5686,3.4079,2
0.56486,-0.52363,1
1.4759,1.8484,2
2.6606,3.0301,2
0.82473,1.3035,2
-3.4908,-4.5839,2
-3.374,1.9675,1
-0.4716,0.73265,3
0.81356,0.043677,2
0.76156,-4.6096,2
1.0538,-1.908,2
3.1703,2.0006,2
1.4744,0.98013,2
0.029643,-3.0787,2
-0.43653,1.235,2
-1.6211,0.28329,2
-0.74477,-1.9679,2
5.1179,2.9241,2
-0.37935,0.023611,2
1.1049,-1.0044,1
2.0996,2.1474,2
-1.9816,-1.818,2
3.3302,-1.9214,1
3.5141,-1.4899,2
-3.6279,-1.1246,2
3.0755,4.7944,2
2.8091,5.2622,2
-0.95611,-0.8087,2
1.1164,3.1211,2
-4.6377,-2.4447,2
2.6229,4.2014,2
1.9101,-4.0386,2
-0.92326,-0.084328,2
0.34046,-1.6491,1
2.6267,3.0739,3
-0.035927,4.4732,3
1.5105,2.5929,2
0.466,1.4924,3
-1.4001,1.2925,2
5.2533,5.7081,3
0.10236,3.2402,2
0.6966,-4.9654,1
0.61833,-1.2873,2
1.0706,3.8978,2
-2.2724,-0.92542,1
0.27253,-2.6612,2
0.5288,1.7486,2
-2.4779,3.2357,2
-2.5506,3.8732,2
2.3974,-1.795,2
1.953,2.3601,2
1.7846,-0.37361,2
-3.3649,2.1204,2
-0.35339,1.7142,2
0.88146,1.4059,2
1.4698,-2.1073,3
0.46073,-0.22539,1
1.4575,-3.0833,3
-2.0907,1.144,1
-2.7014,-1.0905,2
-0.08577,2.7197,2
-4.3837,-3.6558,1
-2.2904,-2.2598,1
2.4496,-2.421,2
1.9393,0.53247,2
1.0141,3.9062,2
-1.5485,1.8387,2
-0.52309,-4.1756,2
-1.6535,-0.66151,2
-2.7084,-1.4509,2
4.8041,-0.78831,2
2.5971,2.1585,2
-0.28422,3.1173,2
-1.1845,1.1627,1
-0.90672,-0.11742,2
1.9061,-3.1518,2
-1.8629,-1.0124,3
1.4958,1.4393,2
1.3271,4.5471,2
-1.9246,0.065534,2
-1.133,1.0876,2
-1.3748,1.4165,1
0.34645,-1.5047,3
-1.6302,0.49348,2
-1.445,-3.5214,2
-0.91689,-4.3967,2
1.4405,-2.1138,2
3.5026,1.0703,2
2.786,-1.4937,2
0.27637,0.49943,2
-3.4326,-0.90822,2
0.91732,0.66552,2
1.8522,1.6037,2
0.59165,0.067753,2
1.1112,-0.81641,1
-0.8078,-1.7676,2
-4.4789,-0.75002,1
3.7126,1.6642,3
-0.43005,0.088713,2
1.581,2.0034,3
0.90536,1.6247,2
4.8662,3.0097,3
-2.4772,0.27688,2
-3.897,-0.8152,2
-4.3046,-0.45972,2
2.1358,1.8431,3
0.88622,-3.7469,1
2.0948,0.45168,2
-0.18684,1.8991,2
-4.5139,-2.3649,2
-3.5183,1.073,2
1.0205,3.6529,2
-1.3438,-1.9297,2
3.8274,3.594,2
-0.19057,-3.4157,2
-3.0509,-0.57733,2
-1.2135,-1.1291,1
-3.5786,-2.5158,2
2.1214,-4.0195,2
-1.2981,-2.6294,1
-2.4578,-0.67906,2
2.9995,3.1228,2
-0.66334,-6.2575,2
2.6341,-1.8388,2
1.7581,2.4889,2
-1.9155,2.8182,2
0.98527,-0.78365,2
-0.50728,0.48573,2
-0.85232,-1.6607,2
0.23237,1.1965,2
3.0151,0.47423,2
-0.94618,1.0075,2
1.2187,0.15806,2
0.26117,1.03,2
1.598,1.3844,2
0.98224,3.8296,3
-2.0514,4.7406,2
2.5217,0.67629,3
-1.6143,0.52478,2
-0.67032,4.2804,2
-0.37337,-2.0578,2
-1.6165,-1.8931,2
3.8834,2.7491,2
-0.55649,-1.0124,1
2.1773,3.2876,2
0.49666,0.085293,2
-4.7699,-2.4198,2
0.126,0.75147,2
-1.7382,-0.72801,2
-1.4097,-1.7792,3
3.8974,1.5955,2
-1.0666,0.031923,2
0.6038,-1.7383,2
-2.3368,1.1984,2
-0.90534,5.3133,2
-4.0875,0.33704,2
1.3998,0.56769,2
-0.22273,-1.3944,2
1.6036,2.0478,2
-1.1419,-2.5509,2
0.083386,-1.3822,1
-1.8807,0.16642,1
0.79371,-0.99846,2
-1.4136,-3.1466,2
1.7893,1.9411,2
-0.27831,1.7613,2
0.12139,1.7754,2
2.7484,0.6875,3
1.8106,5.1434,3
1.5266,0.51935,2
-0.052556,-3.2691,2
1.6458,-4.1015,2
-0.98857,-0.98747,2
1.7162,0.3835,2
-4.0651,-2.1922,2
-2.2129,-0.92952,3
-0.20908,-1.4655,2
-1.8447,1.4631,2
-0.80091,-1.3847,2
2.7744,-1.7672,2
0.53076,1.0705,1
0.72838,0.77408,2
0.2029,0.3432,2
-0.60697,1.0962,3
1.393,4.9613,2
3.095,-0.20544,2
-2.4467,-1.2758,2
-2.1125,-2.3571,2
-1.1333,-1.7752,2
-1.2984,-1.3493,1
0.20222,0.30776,2
1.2189,0.92369,2
-0.10033,2.9908,2
0.74645,2.0264,3
-2.0643,-1.9124,2
-2.1138,-2.4908,1
3.971,-1.3424,2
2.5077,-1.0317,3
3.483,-0.10208,2
0.92603,-1.3917,3
0.90119,1.2775,2
-0.94609,-1.6352,2
-2.6256,-1.5755,2
2.793,-0.28099,1
2.9378,0.46687,1
0.98744,-0.03394,2
-1.9292,0.29868,2
0.81064,3.5663,2
-0.65711,-1.2928,3
-5.0403,-3.943,1
-3.6392,-1.6222,2
-2.2355,-1.4464,2
-2.5342,3.169,2
-3.7652,-0.12711,1
-0.0046598,-2.7672,2
-1.2431,0.6374,2
-2.7287,0.35732,3
1.562,-2.5099,3
-1.2032,0.17824,2
-0.81948,-0.97989,3
0.95627,2.5379,2
-5.2962,-2.5173,1
1.6411,-0.073446,2
3.93,2.9006,3
3.9238,-1.3849,2
2.8494,-1.4674,3
-0.69054,-2.7598,1
2.0337,-0.28589,2
0.84884,-0.030088,3
-0.0033425,-2.4062,2
1.905,0.90319,2
-0.58715,-1.6344,2
-1.402,2.0007,2
2.9568,0.61329,2
0.66315,3.3693,2
4.4067,0.78799,2
-1.6822,-5.3189,1
0.18874,2.0839,2
2.1191,-2.403,2
2.7051,1.4029,2
-2.7096,0.96592,2
1.2008,0.48648,2
4.1532,1.9635,2
0.70592,0.46569,2
-0.33945,-2.2087,1
-2.1023,-2.2281,2
0.89789,1.5783,2
-3.5956,-1.4027,2
0.5979,0.086364,2
2.028,0.18016,2
2.4955,-0.19459,2
-1.8149,-1.0174,2
2.951,4.7297,3
-1.313,0.27541,2
-1.3742,-3.1588,1
-2.2798,1.2643,2
2.7374,-1.7692,2
-1.9853,0.15326,1
-0.29764,-3.3215,2
1.8339,-0.094424,2
-4.8663,-3.8244,1
-0.58111,-1.0941,2
0.96583,-1.9555,2
-0.5881,7.1052,2
1.5596,-2.4918,2
-0.98872,-0.66691,2
0.49832,0.77193,2
-1.9704,-4.3548,2
-1.4894,6.3114,2
-1.0521,-1.4341,2
-0.82648,0.28436,2
1.7457,0.01876,2
0.38904,2.096,1
-3.8789,-3.8237,1
-3.4083,-1.0486,2
-0.90518,-0.33559,2
5.4544,3.328,2
0.60296,-3.0567,1
-0.90929,1.8146,1
-0.15365,-2.9389,2
3.6835,4.687,2
-0.17281,-5.6569,2
1.437,0.45594,2
-0.45188,4.5577,2
1.4519,5.5451,3
-4.7549,-4.2518,1
-0.606,1.6513,2
-2.4832,-0.69899,2
-1.3835,-0.79218,2
-0.7134,-0.11593,2
1.0168,-3.0515,1
-2.5773,0.59433,2
-0.9632,1.486,2
0.85594,1.2001,2
0.35384,1.4834,2
-0.34263,1.334,3
-1.703,3.9749,2
-2.9961,0.10508,2
-0.29421,-0.39403,2
0.21033,-0.72575,2
1.1793,0.33975,2
-2.6605,-4.4944,1
-0.10046,-4.6807,2
1.5391,-3.6677,1
1.5998,0.037571,2
-2.3932,-1.3714,2
2.6648,1.16,2
2.0561,0.65584,2
0.5903,-0.21495,2
1.455,1.0331,3
1.7632,-1.5279,1
-3.2918,-1.4144,2
-2.5247,1.5549,2
-2.2212,-2.4477,2
-0.56922,3.7558,2
3.4616,-0.87214,1
5.1161,-2.3949,2
-3.2565,3.3947,2
-4.3219,1.4012,1
2.5499,2.0591,3
1.4566,0.77951,1
0.25403,-3.236,2
-4.5353,5.35,2
1.4355,-2.4474,2
1.6399,2.7822,3
2.7302,1.7475,2
2.8415,1.9916,2
-2.914,4.2732,2
-1.8166,1.1255,3
1.6131,-0.89362,3
4.0145,2.1679,2
4.0839,0.43603,3
-1.5484,-2.6208,2
-1.812,-0.42278,2
-0.65371,7.2184,3
-0.8002,0.94292,2
-1.9658,2.7537,2
-0.89923,-2.2932,2
-1.3682,0.80573,2
-1.747,-1.0844,2
4.4928,-0.53324,2
2.5835,0.11792,2
-4.8101,-2.4778,1
-3.7044,-4.0191,2
1.2427,1.4788,2
-5.3681,0.20843,2
1.0422,-4.7634,2
1.0679,-1.7597,2
2.6333,5.6095,3
1.8893,2.109,1
0.52309,2.485,2
-5.9426,0.8221,2
-0.9097,-0.53363,2
-3.3596,-0.037831,2
0.15643,0.53587,2
-1.3777,-1.2587,1
1.8666,-2.2658,2
-3.9588,-0.20644,2
3.1575,0.60129,2
0.40851,-0.9901,2
-2.415,-2.3794,2
2.1599,-0.65916,2
-1.3998,-3.0041,2
-0.24531,-1.5475,3
-2.813,0.6018,2
0.42892,-1.6211,3
-0.20534,2.6286,2
1.8398,-3.0368,3
2.1395,-0.12637,2
-0.051997,-4.4371,2
2.4177,0.69303,2
0.20349,0.18805,2
-1.1207,-2.5271,2
1.8107,-1.4676,2
0.88009,-0.98723,1
-2.4428,0.34306,2
2.0558,1.7174,2
-1.2092,-6.1801,2
-1.4597,-1.8232,2
0.13254,0.85824,2
-0.0036888,0.35221,3
-2.0997,0.47288,2
0.23863,0.088743,3
-2.6221,-1.2457,1
3.9464,2.5491,2
0.24774,1.7073,2
1.6915,-1.8682,2
3.5695,2.8397,2
-0.92591,-3.5176,2
0.082045,1.0558,2
0.65718,-2.0142,2
2.5865,-3.0571,3
1.5952,-3.4534,3
-1.9083,-1.2729,2
0.64083,-4.0214,2
-2.4115,-0.87742,2
0.16419,2.9326,2
-0.19616,-0.30567,2
-0.53281,-0.38429,1
0.25139,3.5253,3
-0.61908,-0.92108,2
0.55895,3.3518,2
1.7979,-1.1637,2
-1.3172,-2.9161,2
0.35988,1.9281,3
-1.6536,3.0321,2
0.29515,-2.0936,2
-5.2797,-0.56141,2
1.0736,2.2966,2
0.16969,-2.5835,2
-1.2732,-0.62868,2
0.21545,1.3946,2
-0.36592,-1.0819,3
6.8233,0.3865,2
-2.6195,-3.6404,1
-1.7487,-3.356,1
2.0399,1.9775,2
-0.48065,-4.0829,2
-2.3605,2.8096,2
0.02572,3.1068,2
1.4924,-1.1615,1
1.8418,0.75291,1
-0.45373,0.82661,2
3.8382,3.4472,2
0.10678,0.8309,2
0.92724,1.579,2
1.3548,0.017282,2
-1.731,1.7867,2
0.75232,2.8894,3
-1.183,-1.7702,1
0.54907,0.70695,2
3.3345,1.2308,2
1.8711,-0.19665,2
-1.6839,-1.087,2
0.053543,3.039,2
-2.6661,0.68704,1
2.6927,1.9151,2
8.1115,2.0666,3
3.9082,-1.855,3
1.2522,2.55,1
-1.6255,-0.42472,2
0.533,1.7792,2
-2.9509,3.1922,3
-3.9409,-0.94565,3
-0.1091,-0.61099,2
2.8801,-0.24507,2
2.6605,-1.7017,2
2.4891,-0.31723,2
-0.25708,-0.20153,2
3.8968,0.86869,3
3.607,3.0834,2
-0.91886,5.1403,2
-0.76276,3.1177,3
-2.7374,0.41666,2
-2.3836,-2.1984,2
-2.8429,-2.1328,1
0.37322,-1.9162,2
2.9274,0.11306,3
2.6414,2.6423,2
-0.54143,0.40808,1
7.1367,-1.0566,3
-0.62333,1.3713,2
1.7748,1.4529,2
2.3691,-2.077,2
0.18028,2.6391,2
-6.2518,-1.3618,1
-1.2826,1.0287,2
0.31564,2.441,2
-3.0044,0.36656,2
-1.0954,1.9838,2
-1.746,-0.33813,2
1.9359,0.085501,2
1.2477,5.3982,2
-2.2675,0.24603,2
-0.081842,-2.5689,2
-3.6647,-1.2521,1
4.7881,1.706,2
-2.6625,0.45508,2
2.923,1.9356,2
5.0709,4.2609,3
-1.0832,3.3393,2
-1.4668,-3.6786,2
-4.4689,-2.2505,2
1.4495,0.87507,2
-0.14457,0.07782,1
-3.4619,-2.141,2
0.1942,-1.6307,2
-0.34346,3.5131,2
-1.6474,-1.6987,1
0.61762,-1.336,2
-3.1463,2.0315,3
-1.612,-2.4041,2
-2.9469,3.7235,2
0.30066,0.91698,2
0.9394,-2.716,2
-0.27137,1.1914,3
0.56938,2.0751,1
-2.6652,1.0817,1
3.5242,2.6066,2
-1.131,-1.3588,2
-2.0724,-4.851,2
-0.6318,0.079555,3
-2.3546,0.4588,2
-0.73469,1.3951,2
3.2997,-1.9534,2
-0.74421,1.0088,2
4.1976,2.5173,3
2.4257,-1.808,1
-0.86202,-3.7374,2
0.35646,-2.9393,2
3.3601,2.7197,2
1.9844,-1.1041,2
1.7031,0.30092,2
-2.242,1.2981,2
1.4047,-2.6686,2
1.0405,0.71269,2
3.3457,-1.4415,1
-0.5133,2.0962,2
-2.168,-3.1761,2
-2.9529,3.4285,1
0.1744,1.2054,1
0.89323,3.1263,3
-3.081,1.7989,2
0.3993,0.527,1
3.3467,-5.2781,2
-5.3918,-1.1698,2
0.77632,-5.1058,2
2.4604,2.1013,2
1.3164,-1.2253,2
-3.6971,-1.6426,2
0.32759,1.9252,2
-1.7442,-2.5778,2
2.4397,1.4356,2
2.3078,-0.14639,2
3.9534,0.012326,2
-1.0475,4.4966,2
1.0549,2.318,2
1.9581,-0.96056,2
-0.058751,-0.015766,2
1.0939,-0.15192,1
-2.8574,-1.2296,2
-3.5376,1.8238,2
-2.7047,-2.555,2
1.6146,-2.8194,1
1.7453,0.81342,2
1.8938,-1.0208,2
-0.33672,2.1652,1
-1.5882,0.34082,2
3.9431,1.8495,2
2.1652,-1.6516,2
4.4326,0.43631,3
-4.8355,0.35399,2
-3.0861,-1.778,1
-2.3723,-2.4987,3
-0.99422,-1.0303,3
-1.2016,1.1959,3
-2.0024,1.3737,2
-3.4059,-4.8644,2
-0.48792,-0.1563,2
-3.2839,-0.78977,1
0.35452,2.1891,2
1.8038,-1.1714,3
3.6451,5.8156,2
-1.6599,-4.281,1
2.5106,2.5009,2
0.47922,0.30818,1
1.379,5.0976,2
2.4641,-4.154,2
-1.2491,-1.6916,2
-0.65127,0.22868,1
-0.68965,2.3711,2
-0.96155,-0.74534,2
8.1236,4.573,3
-1.345,-1.1404,2
-1.5326,-3.7948,2
-1.7515,-0.66489,2
-0.33935,-1.7201,3
2.0927,0.24812,2
-0.87637,3.335,1
2.157,0.25046,3
-1.3131,-3.0923,2
3.244,-1.5389,2
0.44165,-1.7308,2
1.2547,0.23992,2
-1.5126,-1.4109,2
-1.1221,0.0041207,2
0.53592,4.0381,2
1.148,-0.097736,2
1.2851,1.5654,1
1.878,3.0264,3
-0.7222,-5.571,2
-0.68412,1.1594,3
0.2533,1.1503,2
-0.04558,1.8896,2
0.53119,1.4536,3
2.6882,2.3752,2
3.0707,0.64324,3
-0.87338,-0.070374,2
-1.7786,0.38304,2
1.4107,-1.1046,3
3.101,3.4062,2
1.7016,2.2818,3
-3.2432,0.19924,1
0.59569,-0.56082,1
3.8491,0.41577,2
-6.3653,-2.6163,1
-2.9676,-3.1057,2
0.71546,-1.0216,2
-0.30319,-1.6405,2
0.17079,1.9627,2
0.20027,3.3373,3
0.5777,1.1666,2
-0.78699,-1.8675,2
-0.67629,0.84063,2
-2.028,-1.9241,1
-0.9136,-0.40095,2
-0.10666,-3.5345,2
-4.0681,2.6335,1
-0.28188,0.062323,2
-0.11658,-3.3562,2
1.2319,0.33093,2
-1.2165,-2.793,2
1.3432,3.2584,2
0.36024,0.37696,2
-0.1583,1.3312,2
-2.2711,-0.327,2
0.016895,2.4058,2
-3.6748,0.32416,3
-4.1654,0.72361,2
-1.4246,-2.8392,2
0.045151,-1.2401,1
-3.1851,-4.2189,2
-1.0077,-0.80409,1
-2.2843,-3.0399,2
0.62945,0.62922,1
2.161,0.43987,1
-2.3706,-1.5027,1
1.3528,-2.9317,2
-2.9213,-0.13564,2
-3.7241,-5.6246,2
0.8941,5.1934,2
0.63775,0.6715,2
-1.5565,-4.0172,2
-0.22793,1.9884,3
2.9268,1.3075,2
-4.0171,-1.2262,1
-4.5746,-1.5726,2
-2.9213,0.43927,1
-0.32365,-3.0708,2
-0.91989,1.5726,3
1.0304,1.0287,2
0.53025,-2.4681,2
0.05505,2.0901,2
0.21173,-0.97796,2
4.0861,-0.67689,3
3.9426,0.91696,2
-0.80288,-0.16675,2
1.7771,0.92845,2
0.86598,1.1385,2
-0.63646,4.2709,2
-0.026777,-0.054272,1
-0.79202,-1.5513,2
-1.3633,-1.1679,2
-4.5845,-3.0373,2
2.3562,2.5646,3
-1.7094,-2.7285,2
-0.085988,0.54949,1
0.25742,-1.0328,2
-0.085242,2.5792,2
2.623,-0.42535,2
0.18031,4.2364,2
2.4922,1.069,2
2.1622,3.3341,2
-1.7748,-1.6091,2
-1.2203,-5.7583,2
-0.63223,-0.56123,1
0.63674,0.24264,2
-4.8044,-3.9076,1
2.7763,-2.6717,1
4.287,-3.9696,3
-0.67999,1.9833,1
4.2135,2.4129,3
1.5072,-0.052319,2
-0.45716,-2.2641,2
1.9854,-0.5333,2
0.2345,0.73539,2
4.1828,2.901,2
6.8397,0.17555,2
-0.5843,-2.4107,2
2.1959,-2.1313,3
9.0097,3.8768,2
0.48508,1.2639,2
-1.2742,-0.39455,2
0.23148,2.1713,2
-2.9701,0.86151,2
2.9095,-1.8426,2
-1.8481,1.8468,2
-0.041203,-2.5646,2
3.2139,1.3388,3
-0.098715,2.0565,2
0.92047,0.14561,2
0.32761,1.2714,2
0.063235,0.28962,2
-6.4738,-0.5536,1
-1.0089,4.3337,3
3.7354,1.3008,1
0.86784,-2.6053,2
-0.13461,0.12883,2
-1.9947,1.6919,2
-1.4951,-2.767,1
-0.22997,-2.283,3
-1.5619,0.010734,3
5.391,3.158,2
-0.66781,-0.17417,2
-0.94293,-0.87019,1
-2.0268,-3.3093,2
1.2126,3.5168,3
-2.8898,-2.3967,2
-2.7129,-1.4174,1
2.6521,2.0828,2
-1.0486,1.7139,2
0.6764,3.4332,3
2.8789,2.0074,3
0.93334,-0.67258,1
1.524,2.3659,2
-2.8415,1.3193,2
-3.8311,-7.2234,1
-0.6166,-0.19904,1
-2.4651,-2.2114,2
-2.4988,-0.83602,1
0.95141,0.095157,2
2.2816,-1.1185,2
-0.38272,1.9249,3
3.895,-0.29974,2
-4.1346,-5.9049,1
4.1071,0.32907,2
4.429,1.1311,2
1.9717,-2.4511,2
0.72459,-0.89603,2
-1.4909,0.10528,2
-1.6621,0.5464,2
-1.5953,1.5772,2
1.4631,0.48541,2
0.95195,-0.38295,1
-2.021,1.3711,2
0.83239,2.6298,2
4.3255,3.7482,3
0.9125,-0.41612,2
0.88641,-5.1052,2
-0.58969,-2.6756,3
1.3146,-1.6279,2
-1.1749,-1.1199,1
-1.0299,-1.2527,2
0.37111,-1.5785,2
0.33124,0.077485,2
-0.11497,-1.7619,2
2.743,-1.2001,3
-1.79,-2.9518,1
-1.5226,-0.70418,2
-2.9121,-0.51608,2
-2.2397,4.0993,3
0.41347,0.73921,2
2.8084,0.99806,2
0.44443,-1.2501,3
1.8588,0.31394,3
-4.4304,5.788,2
-2.2496,-2.4976,3
1.698,-1.0767,2
-3.0599,-3.6555,2
-0.28442,1.7889,2
3.4709,-1.7103,2
2.1891,-2.5316,2
0.22611,-0.12313,2
-2.2658,-1.6804,2
2.6964,-1.3978,3
-0.021294,-3.0294,2
-1.9308,-2.9953,2
-5.4718,1.2714,2
2.2105,3.2784,3
-1.0531,-0.59344,2
-0.82252,4.7364,2
3.1867,2.0224,2
-0.94875,0.93938,2
0.28815,-0.28368,2
-4.1945,0.51461,2
4.119,4.0874,2
6.0338,5.6307,3
0.33821,0.16543,2
-3.4428,-0.84003,3
-3.3154,0.7689,1
4.052,0.041323,2
-1.4925,-2.286,1
0.96972,0.11198,3
1.0903,0.72947,2
0.68421,0.18675,3
0.88186,1.3942,3
3.0286,-0.28343,3
1.2016,0.16021,3
1.4993,-2.3027,2
1.8641,2.5356,1
-1.6111,0.3558,2
-0.7099,3.4066,2
-3.2665,0.044733,2
-0.036062,2.8845,2
-1.2349,-0.73392,2
-1.1798,-0.72064,2
-1.8995,-0.70879,2
1.1945,1.4521,2
-4.0114,-1.8922,2
1.1632,-0.8011,2
-2.3057,-1.2884,1
1.8627,-1.0144,3
1.5829,-2.9486,2
-3.2414,-0.96855,1
0.86605,-0.46335,2
2.4295,-0.61639,2
1.5712,2.4101,2
-3.2577,-3.7523,1
-0.14156,-0.82596,2
-2.5036,-5.0715,1
-1.177,1.4601,2
3.4807,1.6882,2
0.80109,-3.9906,1
1.4354,0.0012817,2
-0.66306,-1.6913,2
0.50222,3.3569,2
1.3674,-2.066,2
-2.8954,0.15906,1
-1.2007,-4.788,2
1.8678,-3.8041,2
-4.2856,-3.3685,2
3.2428,1.708,2
1.8083,1.849,3
0.044061,0.64997,2
2.6419,1.5542,2
-0.10325,-4.4736,3
3.4598,3.2642,2
0.7098,0.42515,2
-5.3767,-5.4103,1
1.3167,-1.8376,3
-2.2703,-0.28002,1
-2.773,1.6454,2
-5.0069,0.23558,2
6.6565,-0.13743,3
0.54889,-0.02208,2
-0.59044,-2.6024,2
1.1817,-1.1815,2
0.2117,3.7085,2
4.2617,-0.23634,2
-1.9502,-1.6804,1
0.10741,1.5532,2
1.0161,4.1277,2
-0.036556,0.72301,3
2.7272,2.2131,2
-1.2131,0.266,1
-0.19792,-1.6815,2
-2.6045,-0.59351,2
1.2702,-0.16466,2
-2.1274,1.7077,2
-2.7747,-3.0812,1
-3.8695,0.026374,1
2.3365,0.34987,2
0.25784,-1.4188,1
3.1199,2.6934,2
-5.8786,-1.232,1
-0.025905,2.3127,2
-2.2279,-2.915,1
-0.2157,-1.0727,2
4.1927,1.5629,3
0.71169,-1.2037,3
3.1234,-1.1987,2
0.53103,2.7402,2
-1.6052,-2.7093,1
-1.9682,-0.31664,2
1.745,0.10199,2
4.4915,0.28946,3
3.5875,-3.2271,2
2.573,1.6738,3
-1.9721,-0.75054,2
0.29163,-2.6604,2
-6.0006,-3.5309,2
-0.15428,1.8007,1
3.1603,-1.1451,2
2.1602,4.0642,2
4.2245,5.1471,3
-0.11502,-0.098065,1
0.98206,0.78356,2
0.81649,-3.3817,3
-1.6108,4.9424,2
0.65245,2.4753,1
3.0848,3.1201,3
-0.45489,0.19444,1
5.7055,2.1509,3
1.3438,-0.21712,3
1.5401,-0.75532,2
-1.4552,3.233,3
2.0257,2.6318,2
-2.2095,-1.0795,2
2.7652,2.4671,2
-2.527,-0.28852,2
-4.0128,-1.3001,1
-1.862,4.3024,2
-3.7723,-2.4185,2
2.1738,-1.1815,2
-3.9452,-2.8443,2
0.72081,1.7022,3
1.8591,-2.0614,3
-1.3829,-2.2243,3
0.36999,-4.1098,2
0.9746,1.5813,2
4.778,0.21854,3
1.8424,0.49104,2
-2.0958,-2.8611,2
2.5345,0.2758,2
-2.2347,-0.5508,1
-0.65799,-2.1025,2
-0.4815,-0.0574,2
2.2902,-0.35975,2
-2.0524,1.4967,2
-2.2312,0.19915,2
4.492,-0.20833,2
1.101,-5.2232,2
-2.7012,0.50414,2
3.3659,0.37316,2
0.43905,-3.2365,2
1.0759,0.75598,2
-3.009,0.94312,2
-0.64287,-2.3128,1
-2.183,-3.2519,2
1.0263,-2.1058,1
-1.346,-1.3777,2
1.7583,-2.9173,2
-0.74875,4.0014,3
0.60095,-1.1059,2
-2.2152,1.1777,1
-0.31624,2.3168,2
4.0145,1.6042,2
-1.2324,-5.6839,2
2.1295,1.4107,2
-3.0193,-1.404,2
1.0424,-0.79015,2
-0.41378,-4.9031,2
-2.9064,0.55379,2
-0.07548,0.31365,2
-3.1408,-0.85965,1
1.0234,-2.784,2
-1.5183,3.3272,3
2.8989,3.4779,2
-0.77795,3.1426,2
-3.2896,0.043552,1
-1.1741,-1.6472,2
-1.1132,0.48678,2
-0.60993,-2.5462,1
-0.403,-2.2882,2
3.9536,2.3311,2
3.7865,-1.5126,2
1.9766,0.76896,2
-0.038839,-1.9578,2
2.3881,-3.7311,2
-4.4079,-0.77891,2
-2.4175,-2.5469,2
-0.76058,1.1519,2
-1.047,-0.27951,2
-1.3719,-1.3823,2
-1.7852,2.9422,2
-1.2846,3.4351,2
2.7245,4.847,2
-2.5182,-1.1413,1
1.6114,0.10824,2
-1.7354,-0.89538,1
0.4642,-0.83606,2
-3.2144,1.2614,2
-3.1843,0.054462,2
-1.5318,-4.0016,2
-3.7568,-3.4407,1
-0.060726,0.61393,2
2.9096,3.6915,3
0.51143,-1.1866,2
-1.9726,2.2365,2
2.4892,-0.24704,2
-0.90778,1.7428,3
-1.0359,-0.65233,2
3.5075,-0.16555,2
-1.6165,-2.1299,2
3.6628,-0.67662,2
-2.0853,0.061053,2
-1.5318,-1.3984,2
0.45222,0.96866,2
-1.7042,1.5017,2
-0.19695,0.85133,1
0.48715,-1.5626,2
-1.5151,-5.4684,2
0.24333,-1.7196,2
-0.22078,-0.52606,2
-1.0984,-1.7425,2
0.94172,0.47882,2
1.8777,-2.8039,3
-2.7081,0.49399,2
2.2806,2.0632,2
2.2791,-0.82544,2
-1.1699,3.816,2
-2.361,3.272,2
0.14641,0.28603,3
-0.6867,-4.5098,2
-0.53634,0.41477,3
-2.9357,-1.169,2
3.4017,0.19717,2
-1.8511,-1.9715,2
-1.658,1.5518,2
2.4018,-0.14928,2
-1.8288,1.617,2
-1.8064,-1.1323,2
-1.7479,-0.44446,2
-2.2097,-3.301,2
3.6875,-0.65907,2
-3.3974,-0.64713,2
-0.38991,1.5232,2
-0.90319,-1.8347,1
-0.64437,1.613,2
5.6847,0.41624,3
3.8398,1.6856,2
0.22386,0.95128,2
-0.63223,-1.2196,1
0.46923,2.6378,3
1.6339,-1.7524,2
-1.0346,-0.5837,2
1.3304,-2.8597,2
-4.911,-2.1342,2
2.5371,-3.4311,2
0.036965,-1.0099,1
1.2864,-0.011143,2
-2.0701,-0.49841,1
-4.0334,2.5759,3
1.4933,2.3364,2
2.7852,-1.6226,3
-3.1524,1.154,2
-1.7632,-0.63179,3
2.9087,7.7098,3
0.15628,0.54629,2
-0.80644,0.68281,2
0.16388,-3.1846,3
-1.6804,-1.9729,2
-1.3508,-0.55436,1
-2.0816,-3.9094,1
-4.7372,-1.7692,2
3.2252,0.64209,3
-0.097695,0.74411,2
-0.78186,-1.5148,2
-1.7774,-1.1378,2
4.7254,1.6489,3
-1.2275,0.072169,2
5.464,-0.83183,3
-0.23827,0.30408,2
0.52029,-0.4221,2
0.89429,1.6104,3
4.8075,-0.068325,2
2.8187,-0.76758,2
2.3085,-0.6482,2
0.74197,1.7987,2
0.36689,-0.78707,3
1.5561,-1.9034,1
-0.22171,-1.9978,1
-1.4239,0.7703,3
1.3127,4.6954,2
-0.28255,-0.39117,2
-0.11227,-1.3849,2
2.3471,3.9061,2
1.8022,-0.10787,3
0.60182,-1.0121,2
0.50441,0.29725,2
0.68181,4.9197,2
-2.8256,-0.72889,2
0.2788,0.25017,1
-0.84583,4.1878,2
-1.2931,-0.044316,2
3.297,0.77798,2
1.3749,1.9857,3
2.9915,-0.017401,2
1.017,0.5704,3
0.2912,-0.84506,3
3.336,-1.0935,1
4.4825,5.8725,2
2.0498,0.29584,2
-0.78972,-3.0631,2
1.8965,2.2937,3
-2.7765,-0.072194,2
1.7876,-1.8134,3
1.7749,-1.4902,2
0.27715,3.0615,3
-4.8741,-0.32404,2
0.95389,-3.5303,2
-0.95334,-1.1438,2
-0.29851,0.70932,2
0.8004,-1.948,2
1.868,0.014247,2
-3.7357,0.87047,2
-1.0163,0.48048,2
0.60683,0.32069,2
-2.3168,-0.064529,2
-3.7016,1.4998,2
-2.5547,-2.1558,1
0.51042,3.4208,3
-0.055641,3.0104,2
-1.0889,-3.8066,1
-0.12399,-0.012637,2
0.66396,-1.8959,3
-4.0242,-3.2564,1
-2.2142,2.4072,2
-4.038,2.2808,2
5.4691,2.4927,2
0.87162,-0.33606,2
4.0376,-2.0779,3
-0.97315,-1.8663,2
-0.56472,-3.2248,2
1.6339,4.4799,2
-0.94554,-1.0618,1
1.6387,3.4638,1
-1.097,1.2509,2
3.5169,4.1107,2
0.53164,0.40861,2
1.2286,0.77091,3
3.4125,3.3699,2
-0.1784,-0.098838,1
-2.0035,-4.7224,2
0.8602,-1.0524,2
-0.24229,2.5796,2
-4.6341,-1.0041,2
-0.8105,-2.719,1
1.8707,1.0464,2
-1.7572,3.3199,3
1.3612,3.8602,2
2.8979,-1.3008,3
3.2109,-0.73602,3
2.9407,-3.4088,1
-4.4333,-1.6795,1
2.0511,-1.0935,3
2.8106,-0.71601,2
1.0537,4.318,2
0.10912,-3.9318,3
-4.1458,2.3893,2
2.3842,0.07896,2
2.8433,-0.3539,2
-0.91923,0.22156,2
-0.95923,1.3532,1
-1.9166,-0.72366,2
0.54125,5.0684,2
2.4628,2.9555,2
-1.8281,-0.16505,2
3.8901,-0.43608,2
-3.7642,1.5232,2
2.3959,-0.097962,2
-1.3786,-1.3379,3
0.2063,0.31925,1
5.0706,2.2403,2
-1.198,4.2641,2
0.66786,-0.44323,1
2.1801,0.0096668,2
-2.708,-3.8953,1
-2.2215,2.2697,2
-1.9653,-0.15684,2
-1.0592,1.6838,3
-2.8367,-0.91654,2
1.5506,0.59291,2
0.24422,2.0972,2
2.5098,-0.17454,3
-3.8687,-0.60653,2
-1.8861,-3.4918,1
0.89561,-0.41553,1
0.015762,4.0968,2
-3.0748,0.62588,2
-1.8949,1.8749,2
3.1301,-0.26747,2
-2.7511,-1.4892,2
1.0395,-1.2022,2
0.94577,3.649,2
0.1995,-0.36262,2
-4.3711,-0.28625,2
1.9489,3.5286,3
