-0.59225,0.038129,1
-1.9653,-2.2852,1
1.4655,-1.944,2
3.5682,0.8568,3
0.92437,-2.0612,2
-1.477,0.86275,3
-3.3941,-3.759,1
-5.387,-4.7118,2
-1.6476,-0.083599,2
-1.5541,-1.3102,1
-3.0908,-4.6138,1
-1.8669,-1.46,1
-0.65384,-1.5089,1
-0.72163,-0.17105,1
-2.5292,-2.4123,2
-1.7977,-0.21022,3
-1.2177,3.9444,3
0.40956,-0.159,1
3.3721,1.529,3
-1.9237,-6.2462,1
-1.7326,-1.522,2
1.6591,-2.098,2
-1.8718,5.1629,3
1.5188,2.9892,3
0.64329,-0.63895,3
-2.8498,-4.1419,1
0.77847,-0.61855,2
-4.9819,0.77955,1
3.7997,0.40588,2
-1.6899,0.8797,3
2.7506,-1.5293,1
-2.589,1.4311,1
3.3875,-1.8748,1
-5.4907,0.067458,2
-0.66177,-0.88947,2
-1.2733,-1.2149,1
2.2877,2.1117,3
-0.91812,2.6231,2
-0.1636,-0.071375,1
0.26013,0.15767,2
2.5198,3.1119,2
-5.0534,-0.65837,1
1.5917,1.0169,2
-1.1345,0.17616,3
0.6958,0.25422,3
0.3376,-1.328,3
5.1162,1.6626,3
4.5314,1.9273,2
-2.7503,1.7201,3
0.5029,3.5016,2
1.4934,0.13248,3
0.3125,-3.7439,1
0.96476,-0.1864,3
0.74525,0.57319,2
0.41643,-1.4267,1
-0.39876,0.96636,1
-4.5697,-1.8161,1
1.82,0.48769,3
-0.49123,2.1311,3
-0.29382,-1.2705,2
0.93704,-0.48775,2
4.3447,0.73451,3
-3.1408,1.6046,3
3.1943,1.6549,3
1.3455,0.91256,2
-0.12119,-4.2405,1
0.73483,1.1329,3
1.873,-1.2375,3
1.1518,1.4518,3
-3.4533,-5.1228,1
-3.1366,-0.73668,1
-2.6303,-1.5051,2
0.84607,-2.2092,1
1.0871,1.8836,2
-1.3403,3.3262,2
3.6692,-0.92545,1
1.0294,1.9764,3
0.33112,-5.2218,2
-0.59219,1.8506,3
-0.18004,1.2696,2
-0.63971,-3.7759,1
-0.56513,-1.3938,3
2.7916,3.7474,2
-1.7135,3.5177,3
3.5616,1.8881,3
-1.7911,-3.1945,2
-3.8665,-0.098165,2
0.54978,-6.9668,1
-1.7915,-3.8457,2
1.3513,-4.4873,2
2.1706,-0.44067,1
3.222,2.6163,3
-1.0983,0.52576,3
-1.342,-0.055308,3
-1.5418,1.7894,2
-0.5417,-1.1559,1
2.2877,2.0996,2
-3.0371,-0.69762,1
-0.33135,2.5468,2
3.5235,-1.0103,2
-0.11493,-0.51636,1
3.9946,4.0553,3
2.4794,2.2103,3
0.80068,1.3383,1
0.098668,-2.0299,3
-3.4927,2.7294,3
4.3208,0.27482,2
-0.93287,-1.9329,3
1.0128,1.104,2
2.2322,-0.24278,3
1.2306,0.82316,2
-2.4095,2.4132,2
-2.1109,4.4185,2
-3.6764,-1.7893,2
-0.46561,-0.66367,2
4.0974,-0.53193,2
-0.7528,2.1692,2
-1.0878,1.9142,3
-0.019686,-0.93727,1
4.0775,0.79077,1
-2.1348,-0.69841,1
-0.090234,-4.8907,2
-0.31366,6.5431,3
-1.4716,1.31,2
0.037253,0.73668,2
-1.9024,-1.4681,2
1.195,-0.3366,3
0.35912,0.21369,2
1.8469,2.7441,2
0.70152,1.7389,2
-0.44063,5.2081,3
-2.9987,-6.1207,1
0.69307,3.285,3
2.336,4.4724,2
0.74907,-1.9713,1
-2.0274,1.0389,3
2.6619,0.0019963,3
-1.1171,1.6266,2
4.1774,4.5862,3
-5.599,-0.045503,1
2.4189,2.647,1
1.3647,2.373,3
3.2032,4.1047,2
-1.1095,-3.1713,1
1.3154,8.972,2
1.2363,-2.3182,2
3.3698,-1.1932,1
1.499,-1.0834,1
-1.2723,-0.39822,2
-1.1022,-5.6682,1
-0.0033734,2.6638,2
2.6183,-5.2733,1
3.9008,0.034313,3
-1.7209,3.2289,3
-3.7379,-3.5779,1
-0.089394,-0.35471,3
0.88453,-0.73114,1
-2.7821,-0.73352,3
2.4071,2.0942,3
-4.368,1.5764,3
-0.4437,4.2201,1
-0.55661,0.68545,3
2.0545,3.0648,2
4.9613,-1.1552,1
2.1918,-0.099776,1
-0.94291,2.8193,1
-1.7218,-0.7137,3
-3.886,3.3702,2
1.0155,4.3707,2
-0.07538,-1.5929,1
1.1774,1.2899,3
-1.8998,-1.0024,2
1.3846,0.76555,3
0.10076,-3.7317,1
-0.08997,0.99187,1
-0.75593,0.26734,2
-0.12285,-1.1135,1
1.0658,0.17063,3
-0.52109,2.4046,1
-1.8223,-0.48306,2
-1.0434,-1.1345,2
-2.485,1.3623,3
-0.03168,5.6571,2
-0.045794,-0.4641,3
2.3817,0.98085,3
2.4284,1.5457,2
0.6037,1.0175,3
4.5818,2.4766,1
2.9506,2.9188,2
-0.51641,0.16192,1
-1.9717,1.6038,2
3.7106,0.37529,3
-4.69,-2.4663,1
-1.5435,-3.0486,2
3.9024,1.1036,2
1.3655,5.4114,3
2.4464,3.7607,3
1.0985,2.0301,2
7.8052,3.1783,2
-2.3695,1.8871,3
4.4992,1.3374,3
-0.23327,-2.0617,1
0.27438,0.83802,2
2.2958,-0.12841,3
1.1572,0.43618,2
0.43507,0.82331,3
-0.63441,-1.7363,3
0.65318,-1.4664,3
-1.2141,-1.9461,2
2.1589,0.19269,3
-2.7167,1.8639,3
2.1158,2.045,3
0.92319,3.1732,2
-2.6708,-5.7721,1
-1.7101,0.026649,2
-0.31938,-0.57603,1
-1.4769,1.2465,2
-1.4158,-0.52986,1
-1.3443,0.19499,2
0.94069,0.19454,1
-0.13599,-3.883,2
0.84485,0.78599,3
-0.53379,-1.1571,1
-3.6778,-1.1915,2
-1.6258,-5.9427,1
0.40236,-0.73999,3
-3.1284,4.1913,2
-3.9094,-1.4566,2
0.44187,4.1166,3
1.5205,-2.8929,3
-2.9897,0.53364,3
-0.099495,0.33564,1
-2.7435,1.7598,2
-4.5526,-1.1143,1
-0.76131,-1.2129,1
-0.98329,-2.0974,3
1.783,-2.188,2
1.5484,-1.6385,1
-7.8741,-4.3131,1
-0.17272,-1.0197,1
2.2011,-1.1048,3
0.16767,4.6349,1
1.7933,1.8079,3
-2.5065,-1.2921,2
4.5117,-2.299,2
-1.7139,-2.4353,1
-4.9267,-0.89298,3
2.9286,1.2738,2
3.2067,-1.5704,3
-3.4613,0.73487,3
-4.2234,0.76236,1
1.5664,2.0793,3
-0.42102,0.989,2
0.44033,1.6968,2
2.0008,-0.053409,1
-0.25657,-0.61084,3
0.25948,-0.78475,3
0.33384,1.0546,1
3.2256,-0.22517,2
-4.2039,-2.3687,1
1.3697,0.85282,3
-2.1002,-3.18,2
-0.18576,-1.2185,1
-2.6837,-6.0622,1
1.1337,-1.6037,1
0.78897,-1.1723,2
1.4638,1.9014,3
1.1777,3.5203,1
0.18517,1.2834,3
-0.038904,-0.29588,3
0.88952,1.4496,2
0.090971,1.275,3
-4.0082,-1.5992,1
-1.5997,-4.0997,1
0.89762,-3.8244,1
0.096871,-2.4747,1
-0.5026,-0.38552,1
-0.20959,1.5583,2
2.9645,2.2968,3
1.5069,-1.4154,1
-0.6949,-0.013634,1
-0.55879,-0.37255,1
-2.9315,0.19901,1
-0.061897,-5.0546,1
3.5498,4.2963,3
-2.1228,-0.73745,2
-3.526,2.9942,1
4.0442,1.6496,2
-2.1729,1.4544,2
0.338,-1.9331,1
-1.1015,1.9851,3
-5.2283,1.3419,1
-1.49,-6.7458,1
0.20032,-0.077533,2
0.43098,3.221,2
-4.9921,2.0045,2
-0.69411,0.80214,3
-1.0252,0.54595,3
-0.068156,2.4652,2
-2.6117,2.0462,3
0.30555,-2.5601,2
0.0080632,1.3427,3
-1.843,1.4163,1
0.81901,-4.0201,1
3.4823,0.45882,3
1.5386,-2.4552,1
1.5457,-2.6584,2
-1.5253,-2.0587,2
-2.4262,-2.4639,2
-1.7931,-3.9405,1
-0.08546,-0.71918,2
0.70641,-0.026049,1
0.29549,-0.63709,1
0.77918,-0.92148,2
2.1736,-3.3652,3
2.7996,0.039845,3
1.0908,4.4228,3
-5.1609,1.7897,1
-0.58457,-0.43507,1
2.7098,2.0989,2
2.6425,0.48934,2
-0.5993,-1.7925,2
-3.0147,3.0164,1
-3.6388,-1.3333,1
-2.967,-0.57577,2
1.1148,0.80397,2
2.151,-2.6069,3
-0.52093,-0.69647,2
-0.55255,0.55658,3
3.6933,2.4021,3
-1.8869,0.65053,3
-0.98141,-3.5268,2
-0.96486,0.27803,3
0.083663,2.0531,2
1.2108,-1.1392,2
-1.1871,-2.4233,3
-0.89493,2.155,3
1.352,2.6542,3
-0.045514,-0.78714,1
-0.17912,-3.3419,1
-6.1003,0.86397,2
1.8236,4.2003,2
2.8739,5.8395,2
1.2747,2.9595,3
-0.30292,-0.75076,1
-4.2329,-3.8713,1
2.3032,-0.10659,2
-2.0165,0.25395,1
-2.7928,-0.95452,3
7.023,1.3676,2
-1.9668,-1.584,2
1.723,-1.6115,2
2.4614,-0.46903,1
-2.8772,-4.8132,1
-2.1936,4.4799,2
2.5874,2.0239,3
1.8332,-0.021368,3
-1.1253,0.62202,3
0.42912,1.2604,2
-2.5551,-0.8771,1
-0.36251,2.8547,1
-0.78745,-3.9644,1
0.87194,-0.039613,2
1.2215,1.1078,3
-2.0912,-1.3687,1
3.9104,3.6852,2
-1.1611,3.0118,1
0.20501,-1.6273,3
3.039,2.3944,2
-0.56727,0.55263,1
2.1016,0.013516,2
-1.6317,1.134,2
-1.0176,-1.4498,1
1.2623,3.1906,3
2.2422,1.5868,2
-1.4179,0.65148,3
-0.28481,3.4543,2
-3.2792,-4.2396,1
-0.46745,0.056253,3
-4.4194,0.032826,1
0.68793,1.5955,2
-2.4005,-0.83927,3
-1.4257,4.3647,2
4.4043,0.54857,2
-1.8859,-1.3372,1
0.73343,1.8243,2
5.1104,-0.88659,3
3.1064,-0.28647,2
-2.8548,-1.9626,1
-0.97157,0.89699,1
1.3298,1.0179,3
2.2917,-1.0048,1
-3.9459,-0.43605,2
1.5431,-4.0355,3
-0.68651,-3.907,1
-1.391,-4.1227,2
-2.3631,3.3934,2
3.1366,-0.042806,3
0.26377,4.3644,1
-2.8401,-2.7273,2
-3.2172,-1.7878,1
1.0467,-1.2037,2
-3.1509,-3.5781,1
0.34245,-0.23482,2
3.3809,-1.1141,3
-0.48852,-2.4629,2
-1.643,-2.033,3
3.1144,1.9239,2
0.12523,0.90916,2
-1.5761,2.7253,3
-3.6476,-1.4247,1
-3.122,-6.8478,1
-0.35435,2.635,3
3.7932,0.65648,3
-0.28642,-2.7029,2
-0.73837,0.75817,2
-4.5792,-0.13242,1
1.4416,2.3156,1
1.8082,0.61358,3
-5.4302,1.3117,1
3.0371,3.0963,3
-0.18598,-3.3134,1
0.46465,-0.35291,2
3.4467,1.5709,2
1.2708,1.8302,1
-1.5473,-1.2023,2
0.78913,0.74843,2
2.0053,1.8666,2
-1.0073,-3.7654,2
0.087884,5.2569,2
-0.52045,0.61948,3
-0.20951,1.3788,3
-2.8757,3.567,1
-1.8784,-2.408,1
3.4206,1.2092,1
-0.12166,-1.1274,2
-1.886,-0.24905,1
1.0984,2.2905,3
2.112,-2.5038,2
-4.1985,-0.56963,2
-1.504,-4.7708,1
-0.70014,-0.11908,2
0.07397,0.9826,2
-0.18745,-0.089346,1
-2.6603,-2.8379,2
-5.3531,-1.022,1
3.1607,-0.43837,1
3.9173,2.0616,3
-0.44256,-3.6186,1
0.66497,-0.69584,3
2.4291,-1.2999,3
0.71063,-0.094287,3
1.6614,1.0363,3
-4.4933,-2.7174,1
2.9778,0.033788,1
-3.8131,0.78788,2
0.242,6.9593,1
3.123,3.3654,3
-2.6325,3.0259,2
-1.8587,-3.0749,1
-2.3368,2.0434,3
-0.6236,-1.7325,2
-1.881,2.2965,3
1.9036,2.4287,3
2.1368,0.096819,3
-2.7306,-1.0243,2
3.2563,-0.42285,1
-3.1455,-1.1886,3
-3.1925,-1.4976,2
-2.5341,3.1367,3
-0.26695,2.5455,1
-4.1166,0.024088,1
-0.96307,0.49653,1
5.7329,2.5677,3
-1.2282,1.4961,2
1.5786,-1.6933,1
2.2554,1.0258,2
1.2804,-0.66552,2
2.5582,-0.86882,2
5.7726,0.48893,3
1.8199,-0.91578,2
-3.6082,-1.9764,1
1.1471,0.10157,3
2.1908,-1.567,3
-1.2681,-0.88941,2
-0.55279,-0.029081,2
-0.5595,-2.5315,2
-1.7349,-1.0643,2
0.17321,-2.9485,1
-1.7309,-4.5341,1
-2.5401,0.69709,3
0.51288,-2.0964,1
0.47623,-4.1432,3
0.30973,-2.8839,1
3.363,1.9434,3
3.4368,0.88248,2
-0.83159,-2.6348,1
-1.3315,-0.048928,2
4.1429,1.1934,2
-2.0948,1.0128,1
0.11605,5.2524,1
1.7015,4.7515,3
1.3512,-2.0477,3
-4.6981,-2.1379,2
-2.8703,-1.6505,3
1.3341,5.2383,1
1.963,-1.2111,1
-0.96707,-1.1395,3
-0.45704,0.80796,3
-1.1373,3.2334,3
2.7316,-1.0966,1
0.59631,-0.097391,3
-0.79432,2.8722,3
0.59646,1.4548,3
-2.4273,3.4643,2
1.5318,0.39018,3
0.38159,-2.6684,2
-2.3433,0.88758,2
-2.7536,-5.4076,1
-2.0817,1.8101,1
-0.48967,3.9478,2
-1.1856,-2.2855,1
0.42258,0.22702,2
0.81136,1.3988,1
-0.55589,-1.4665,2
-2.7494,1.1501,1
-0.55229,0.91534,3
2.7049,-0.92565,3
1.4343,-0.1076,1
-1.1242,-4.2236,1
-1.3646,0.18454,2
-1.9733,-3.2727,1
3.8805,0.79644,3
-1.3618,2.7184,3
0.691,0.35066,2
0.37718,4.057,3
1.4633,2.0065,2
-1.1572,-1.1086,2
0.47319,3.1451,2
-1.7193,0.44092,1
0.35682,-3.5804,1
1.1998,-2.1752,2
-4.3897,0.4429,1
0.91244,-0.78663,2
-5.99,-2.7819,1
-0.74875,-1.6923,3
2.0094,0.65797,2
-3.8541,-2.3185,1
-0.25107,4.3994,3
0.52688,-2.4294,3
-0.76707,1.304,3
-2.5052,-1.9231,3
0.61017,-0.22301,1
-1.321,-0.018595,2
0.15605,2.6838,2
0.14211,-1.9993,1
2.4753,2.4973,2
-1.9729,-4.6733,1
1.6816,-1.7203,3
-4.7319,-2.0159,1
-0.56078,2.2061,3
-3.2895,-0.45461,1
-3.1247,-2.484,2
4.8723,0.47008,3
-0.96619,-3.9526,1
-2.8968,-2.692,2
1.0707,-2.0065,1
2.1031,1.3996,1
0.94266,-1.8904,2
1.8326,3.2241,2
0.90511,-3.0748,2
0.49175,-0.48969,2
-3.7599,4.5943,2
4.257,-0.50549,3
0.67834,-0.10714,2
0.85554,-3.7227,3
-8.4785,-0.25218,1
3.3411,2.2411,3
1.2255,0.51227,1
-0.63543,2.3616,3
0.54826,0.80846,3
-1.0739,1.4125,3
1.342,-0.30441,1
1.1218,0.32156,1
1.3927,0.11019,1
0.21024,0.90639,2
-0.0027771,0.52077,2
-1.8388,-1.1555,2
-1.2832,-0.40677,1
-2.5308,1.4414,1
-1.5622,-2.7743,1
3.5718,0.95559,3
0.57449,0.41926,3
-2.6931,-0.63674,3
-2.8165,0.29445,3
4.9225,2.09,3
2.1076,1.0787,2
1.7934,3.1888,3
-5.4942,-2.2665,1
2.1911,2.0201,1
2.5037,1.5606,2
-5.3146,-2.8763,1
2.6424,-0.57213,2
-1.9695,-1.0797,1
-0.66988,-2.4257,2
-1.665,-1.4175,2
-0.28074,0.92323,1
-1.4227,-0.41958,1
0.39775,-2.7827,2
-3.0276,0.21565,3
-1.1031,0.60749,2
-2.3097,-0.2484,3
-0.12839,-0.34856,2
0.67824,1.6209,2
-1.4241,-1.8444,2
-2.6958,-2.8509,1
1.9737,1.1468,3
3.8451,2.4745,3
-2.7625,-3.152,2
1.2116,2.126,1
5.9543,3.1254,3
1.1955,-3.3185,3
-1.8799,-0.17095,2
-0.94472,-2.1078,1
-1.9644,1.1784,3
-2.4447,-1.1941,2
1.611,-1.3616,2
-2.883,-1.1512,1
-0.05892,-1.4534,2
-0.79711,1.252,1
2.8989,0.36787,2
0.5914,2.354,2
0.76274,4.2589,1
-0.57584,2.2124,2
0.15105,2.2788,3
-2.5762,-0.46518,3
-3.0382,0.58464,2
2.1119,0.95386,2
1.6645,4.1567,3
1.7265,1.0071,2
0.84649,-0.44192,1
2.5499,2.4221,2
-1.0807,0.92547,2
0.54366,0.55662,1
2.9601,-3.3324,2
-2.002,-2.0093,1
-0.019991,3.3523,3
-1.7685,2.7936,1
1.1887,1.7239,1
0.59824,-2.7735,2
-3.4907,-0.13635,1
-0.92924,0.44727,2
-0.47165,3.1981,1
-2.9745,-2.2393,1
-2.4999,-0.43882,2
1.3173,-0.76568,1
-5.1469,1.7335,1
3.907,2.3311,2
2.8276,1.8827,2
0.49303,-0.90116,3
-2.3332,-5.5352,1
-2.4571,-2.5258,2
1.1096,-2.2712,1
0.39171,-0.046503,3
1.8617,-2.7976,1
0.69875,0.39089,2
0.3213,-0.66617,1
-2.3038,-4.4356,3
0.58362,-0.83971,1
-2.7695,-2.1888,2
1.2827,-0.51406,1
1.1076,3.6683,3
0.77014,3.0953,2
2.7145,-3.6082,3
-3.3995,-3.4212,1
-1.9077,2.7509,1
5.0504,3.0054,3
-1.8998,-2.1236,2
1.375,-1.4914,2
2.4186,2.3615,3
4.8697,1.1888,3
-0.71361,1.0918,1
-0.41389,0.69519,2
2.517,0.56946,2
1.014,-1.6751,1
2.5882,-0.97213,3
3.3608,-0.074769,3
1.2937,-1.6008,3
-4.9509,-3.8237,1
1.949,-3.0383,2
-0.20745,-1.1895,1
-3.7104,1.3953,1
-0.96641,0.62891,3
-0.86253,0.98718,1
1.7215,-3.4511,3
-0.45261,-1.88,3
0.94955,-0.49964,2
1.3837,4.0108,2
0.07901,-2.1163,2
-0.53251,-0.88754,3
-0.038589,-2.9254,1
-1.1977,5.4804,2
-0.031264,-3.5421,1
-1.0969,-1.6665,2
1.5524,-1.001,2
-2.7883,-2.3982,1
-4.5535,-0.22435,1
0.59506,2.7015,2
-0.82027,1.1521,1
2.5083,1.1978,3
-3.1745,-3.9795,1
-4.7632,-0.80361,1
2.1315,3.6699,3
-1.5457,-2.9768,1
0.86496,3.2163,2
1.903,1.9059,2
1.066,2.2754,3
0.90968,0.22922,2
1.663,0.11276,2
4.7065,1.6293,3
-3.4814,-2.2127,1
-3.1067,-2.2022,2
-2.3082,1.2821,1
-1.2724,-0.71805,2
0.78374,1.3412,2
2.4314,1.8272,1
0.31615,-0.46389,2
1.0988,2.7856,3
1.3083,1.2047,3
-1.6044,0.60237,2
2.2611,-1.854,2
-0.9342,2.0709,3
2.0138,0.18222,2
3.4182,-0.48257,3
-2.2247,-3.2148,2
2.4542,-0.30157,3
5.7779,2.0208,2
2.4143,-4.6233,2
-0.4835,-3.4325,2
-0.11764,2.3304,2
-1.3097,3.2434,3
3.0584,7.2884,3
3.5883,4.1901,3
-0.6518,-5.3408,2
0.39407,-2.9033,3
0.76834,-2.6136,3
1.6193,-0.66419,1
-1.7639,-1.923,2
3.7746,0.91234,3
-3.4468,-0.72888,3
-1.8899,-0.82987,1
1.3554,3.5419,2
1.5194,3.5887,1
-1.6536,1.3215,3
-0.74289,-0.33179,2
3.2934,1.394,3
-1.9923,-1.5328,2
-1.6454,-2.8625,1
-1.6704,0.24029,2
-1.0659,1.476,1
-4.8007,2.6883,2
0.7807,-0.82627,2
3.0624,0.3572,2
-0.30453,0.91631,2
1.5227,1.9108,2
1.0751,-0.73224,1
-1.996,1.75,2
-2.6029,-1.3862,3
-0.92257,-0.33901,1
1.154,-4.6312,1
2.4038,1.538,2
-1.7829,1.1081,2
3.1489,-2.9695,3
-1.8179,1.8039,1
3.1798,2.4089,1
1.5575,-1.9646,1
0.41784,4.9751,3
1.8643,-0.18281,3
1.2598,0.63075,2
-0.25306,-0.03509,1
-0.66534,-3.961,2
1.352,-3.245,3
2.7338,0.6413,3
1.2221,-1.7089,2
1.2795,1.9941,3
-0.17342,-6.7174,1
3.5103,-2.4395,3
4.5415,1.8904,2
0.29925,2.9576,3
1.3496,-2.0772,2
1.3397,0.07753,3
-0.66229,-0.031779,2
-0.93514,0.47681,1
0.64441,1.33,1
0.46013,-2.6075,2
0.85053,-4.8995,2
2.1872,2.7352,2
-0.08368,2.4657,3
0.30498,-0.028518,2
-2.1888,1.7266,1
-1.0283,0.54411,1
-1.8833,0.66351,3
-0.17691,-1.1905,1
-0.81909,-0.57595,2
4.7997,0.12638,2
-2.3689,-0.076059,3
0.85834,-1.8291,2
0.25582,-2.4647,1
0.90664,-2.7578,3
-0.65695,-1.4202,1
-0.97607,-0.55372,2
-3.9098,-2.8044,2
-0.71203,-1.2708,3
-1.499,-1.658,2
-1.4479,-1.7873,2
-1.6421,-0.84571,2
4.1461,-2.6125,1
-5.2443,-3.7025,2
-3.4972,0.39574,1
1.0713,5.1761,3
-1.0474,-1.5296,1
0.26062,0.10647,3
-4.1954,-0.56473,1
2.6421,-3.7609,2
-1.2782,-4.3283,1
1.8261,-2.0385,3
1.2577,-0.63212,3
0.23993,-1.0679,2
6.148,-0.67206,2
3.7859,5.5484,3
-5.3437,-3.2251,1
-2.5425,-2.3119,1
2.1571,1.9218,2
3.7063,2.9521,3
5.1016,2.3475,2
-0.55906,-2.7093,2
-0.053883,-2.6845,2
-0.30186,4.1889,3
0.78253,0.53897,1
1.3846,1.3749,2
1.0647,-1.9828,2
0.11352,-4.1982,1
4.3821,-1.1061,2
-2.0469,-2.5234,2
-3.6791,-0.7665,1
-0.061811,-0.50169,3
-2.5577,2.6835,2
-2.6531,0.93182,2
-1.6067,-2.5156,1
-2.5615,-0.94697,2
1.9239,0.082604,2
-1.2657,2.7334,1
-0.38886,-0.62066,2
-0.98727,0.9507,2
1.8397,0.71049,2
-1.749,1.1335,3
-2.5342,-0.77544,2
-3.3823,-3.6335,2
-1.4433,-2.7382,2
-1.1826,1.2994,1
-1.4151,0.2879,1
2.4977,2.3521,2
-2.6909,2.8992,3
-5.064,-3.6611,2
-1.4759,-1.517,2
1.5409,2.0659,2
1.1885,-2.4193,2
0.0063996,5.0804,3
-5.0745,-0.70676,1
-3.1695,-2.9805,1
0.38865,-5.5352,1
-4.4245,-0.90735,2
-0.24286,2.4737,1
1.3542,-2.6464,3
2.8488,0.74313,1
2.8561,-2.3143,2
1.1714,1.2553,1
-1.9941,-5.3505,2
0.62327,0.87412,3
-3.4641,-3.1606,2
1.5154,1.7841,2
-3.7803,-4.4392,2
-0.30084,-0.75505,1
-3.5523,-4.2781,2
1.8314,2.9395,3
-0.41543,2.0746,2
1.7879,1.3091,1
4.1095,-1.9315,3
-2.0578,2.777,3
4.8903,1.8188,3
-1.6604,1.1345,1
0.33426,1.7455,3
1.1157,0.79793,3
-2.0909,-2.5096,3
1.6891,1.64,2
1.1314,-3.5883,1
1.69,-1.4686,3
1.8322,-3.7559,1
4.2317,2.8182,3
-3.2897,1.1552,2
3.6399,-1.8635,3
1.0001,-0.099342,2
-3.1527,0.88461,1
-2.0405,-5.1708,1
-0.72106,1.9021,3
0.38433,-0.83359,2
0.9214,6.6772,2
-5.3692,-3.6335,2
1.7848,-1.0177,1
1.8318,-3.9599,1
0.30128,0.67777,3
-0.40174,-0.75159,2
-3.0322,-1.7458,3
0.38201,0.51916,2
0.69943,2.6278,1
0.59954,2.2118,2
0.21435,1.0684,2
0.33661,0.80642,1
-0.98484,-0.83767,1
-2.2649,-1.7085,3
-1.2908,-1.6298,1
5.6971,0.074458,2
0.035944,-1.9391,2
-4.3171,-0.93791,1
1.2456,-1.8795,1
0.60371,-0.46973,3
0.69043,-3.189,3
-0.40245,4.2554,2
-2.7053,-0.71768,1
-0.70432,-2.3761,2
1.4541,0.21608,2
-3.0529,-1.4132,1
-2.6251,2.4067,2
-1.2943,-2.856,2
3.2213,0.15039,2
-0.64485,3.1304,2
2.1782,2.4256,2
1.7115,7.1272,1
-0.827,0.46455,2
1.2422,1.4065,2
1.4863,0.33197,2
-0.55367,-3.3045,2
-3.1667,2.5962,1
-1.8124,4.4631,2
-0.60052,-0.8482,3
2.6628,1.0446,3
-1.9658,1.15,1
-1.1803,2.1899,2
-0.21225,0.48792,1
2.6896,2.8232,2
1.3285,1.0044,3
-1.4727,-0.20385,2
-1.0724,1.3836,3
-1.7892,-0.74215,2
1.6537,1.82,2
-0.13715,0.26495,1
1.1711,3.0429,1
-5.0846,-0.042031,2
-0.39179,0.5893,2
2.5906,0.10192,3
4.7283,0.21381,3
-1.154,-4.2264,2
2.1883,3.5419,3
0.49756,-0.36816,3
-0.13775,-0.72108,2
-5.2395,0.2885,1
-4.7015,-2.2652,3
1.1086,-0.14503,2
0.11813,-0.38845,1
-0.68569,-3.8091,2
0.37962,0.63197,3
-1.0989,-0.2491,3
1.7968,-2.3261,2
5.8169,2.4806,3
1.499,2.8662,2
0.13152,0.84894,1
-0.20654,1.3434,2
-0.5563,1.0695,2
-3.9805,-0.51433,2
-4.044,-1.8624,1
-2.5193,1.2999,2
-0.14199,5.2082,3
2.7399,3.1931,3
-0.011145,-1.2391,2
-1.1717,2.6211,3
1.2077,1.1772,3
-2.8682,1.1817,1
0.62192,0.084824,3
4.5292,2.3351,3
0.55602,-5.2492,2
-2.8545,-1.0844,1
2.0184,-0.032272,2
1.6999,0.60166,1
-0.99947,-1.7141,1
1.1327,0.9883,3
0.30261,3.398,2
-1.4205,-6.8356,1
-0.89935,-2.6052,2
-1.6546,-1.7303,3
4.1623,0.95811,3
2.6832,-1.0851,3
-2.8706,-0.31608,3
1.9521,2.7116,1
-0.16797,0.81512,2
0.98891,-1.2871,2
-0.9268,-0.23268,1
-3.0814,-1.6468,2
-1.8659,-1.4182,1
-1.4266,1.5071,3
-2.1467,-1.7258,1
0.58323,-0.7454,3
2.2816,0.52738,2
-0.040533,1.2056,3
-3.7729,-0.18104,1
-0.6614,-0.77096,1
-2.1853,2.8341,2
-0.24906,-2.41,3
-0.93322,2.0789,2
-0.74671,2.6916,3
-2.6999,-2.0861,2
0.6575,0.71912,3
0.13042,-1.0442,2
-0.35871,0.71152,3
-2.9611,-3.7673,1
-0.208,-1.6301,1
2.3955,1.7317,3
2.882,1.0745,3
-4.2638,2.0245,2
-6.2746,1.2138,1
-1.6231,0.68427,3
-0.20122,0.70886,2
-0.27424,-0.38938,1
0.9384,0.81314,2
3.4575,3.9329,3
-2.1116,-0.11222,2
-0.091269,0.21038,1
-3.6928,-1.9008,2
2.2015,2.5214,2
-1.5537,-1.4645,1
0.64121,-3.5774,3
1.4553,-1.8856,2
0.55291,-0.53982,2
1.0234,-1.2411,2
-2.8289,0.70894,2
5.3481,0.13836,3
6.5055,2.7366,3
-0.40657,2.4281,3
0.44781,-2.7873,1
-0.42373,-1.768,1
0.84072,-3.1722,3
-2.9096,-0.44247,3
-2.7729,-0.59495,2
2.9154,1.96,2
-0.078156,0.61706,3
3.0102,-2.1327,1
1.9112,0.14627,1
1.8166,-3.2534,1
-0.1327,0.81812,3
-1.8578,-1.0729,2
0.49906,-0.95749,3
1.665,1.2635,2
-0.73142,-1.5664,2
0.24026,1.5414,1
2.3661,0.42613,3
-1.8191,1.3236,2
0.86549,-2.5689,1
2.1388,-0.74938,3
3.712,-0.62011,1
1.4819,-1.3129,1
2.2192,1.578,2
3.9024,-3.2075,3
-3.2352,-0.060518,1
-0.74149,-2.5353,1
-1.8216,5.8894,2
-2.605,-3.8906,1
-1.5319,-0.39748,1
-0.54404,0.058921,2
-1.7996,-3.6025,1
-2.2991,-3.0583,2
0.90353,-1.5474,2
2.8247,0.62279,2
3.3439,-2.1338,2
-0.46811,-1.521,3
4.6127,-0.37194,3
-4.4634,-3.1865,1
0.14923,-3.1993,2
-1.888,-0.45504,3
-0.79071,3.5643,3
3.291,0.91962,2
-0.33351,0.049247,2
0.89428,-0.012481,1
3.08,2.2464,3
1.8253,0.83162,2
-1.4917,-3.3101,1
0.54431,6.0553,3
-0.16635,1.0181,1
-0.56667,-2.251,1
-1.5182,-3.2781,2
0.20444,2.4038,1
-4.9375,-1.9408,1
-2.1149,-3.6522,2
-2.8075,-1.4976,1
-0.77424,2.8451,3
1.0519,-1.2603,2
-3.0325,3.4332,2
1.4609,-0.52895,2
1.0076,-1.91,3
-3.2173,0.36487,1
2.4241,0.89815,3
-0.84274,-4.295,2
-0.039945,-1.8423,1
-1.1031,-1.5545,3
-1.7929,-2.0379,1
1.3059,2.7608,3
-1.5018,-0.80122,1
0.33791,-1.4074,2
2.3263,2.9386,3
-1.2777,0.81212,3
-1.5845,-1.4112,1
2.2798,1.483,3
-0.12545,0.67402,1
-0.41983,0.49506,1
1.0337,-1.9692,1
-1.7833,-0.51654,1
-1.1833,0.85929,1
-0.59407,-0.44398,1
1.4232,-0.66128,1
4.2616,3.0683,3
3.988,-2.5992,2
-3.0012,7.8632,3
2.8896,-2.5106,1
-3.3524,-5.2319,2
-3.1055,-3.5585,2
0.98304,-0.64905,2
-0.13749,-2.3435,2
-2.6936,-1.0065,1
0.50381,3.2512,2
-0.87006,-0.95353,3
0.39381,-2.7419,1
5.0816,0.99733,2
-1.2429,-4.9299,1
4.345,1.1783,3
-0.21148,-0.83188,2
-0.20287,-1.502,3
2.6994,2.421,1
2.1408,3.2982,2
3.9809,2.6272,3
-0.50613,-2.9159,1
1.5473,-0.85491,1
-0.88709,1.1666,2
-2.6039,-1.9802,3
0.77311,-1.8943,3
-0.43152,-3.5208,1
3.4776,0.49425,3
-2.2327,-1.7604,3
-1.2007,0.14833,3
1.024,1.4542,3
-2.3265,-5.4947,2
-3.5263,-0.37284,1
-1.6231,-1.3592,2
-1.1451,-0.89989,2
1.3519,-2.4048,2
4.0593,-3.1634,3
1.298,-0.77821,1
-0.59918,-1.1421,1
-1.3608,-1.4667,3
-2.796,1.4591,1
3.9197,0.027272,3
1.9162,1.4716,1
1.8912,2.246,3
-2.126,3.4577,1
1.0403,0.63707,1
1.2182,-2.0847,1
0.2607,0.026827,1
3.3783,2.3554,1
4.6997,1.699,2
0.87835,2.0304,1
4.7099,1.3493,3
-0.82559,1.5869,3
-1.408,2.0236,1
-2.036,-1.7069,2
-0.89981,-0.10354,3
7.0876,5.2428,3
1.0857,1.0826,3
0.5912,-0.57755,2
0.1271,-2.2967,3
-4.4552,-3.2265,1
-1.7693,-3.0378,2
-2.6847,-4.8831,1
0.10767,0.031451,3
-1.4104,1.4877,2
-1.0744,-1.6522,2
1.3167,2.3329,3
1.5987,1.2835,3
-2.7698,-4.0699,1
-1.6738,-1.9712,3
-4.0049,-3.5462,3
-2.747,-0.29653,2
0.41367,1.6965,3
-0.74724,-1.7199,3
2.1991,1.0155,1
-3.3877,0.28251,1
-0.23761,-2.4398,2
1.4652,-0.91033,2
-5.6042,-4.6521,1
-1.7344,-0.96283,1
-3.2726,2.8476,1
2.8785,-0.64358,2
-1.9218,-5.2713,1
-0.43963,-1.1769,1
1.0291,-4.2602,2
-1.3419,-3.2498,1
0.47568,-2.1393,1
-0.82369,0.42956,3
2.5438,-1.7936,1
4.2096,0.14175,3
-4.2455,-4.2438,3
-0.55297,-0.86298,3
1.2217,3.2013,3
1.4273,-0.9741,1
1.084,1.5027,3
-1.341,-2.653,1
-0.098128,0.48885,2
-1.3013,-1.3401,2
3.8502,5.8091,3
-1.2823,-2.037,2
-2.3513,3.8097,1
2.0856,2.0831,3
1.4892,1.2993,2
4.7626,0.28509,2
-0.72656,-4.1714,3
0.51859,-0.26559,2
-1.0726,-3.1776,1
-6.5647,-3.0885,1
0.40784,-0.00097119,2
-2.673,-3.1754,1
0.40175,4.4508,1
0.45395,-0.23313,2
2.1184,1.1985,2
-2.7944,-2.4359,3
1.5797,-1.649,1
-0.81457,1.6455,1
-0.34791,-1.2392,3
-1.1466,4.0337,3
1.4553,5.0328,2
3.0366,5.6377,3
-5.5817,-0.28461,1
-0.39648,2.5698,2
-2.8279,0.296,1
3.3518,-0.08429,1
0.23897,-0.78669,2
-3.4249,0.21965,2
0.37351,0.094437,3
2.7372,-0.68253,1
4.179,-1.2448,2
-0.88085,-0.88418,3
0.11137,-2.7524,1
-0.26714,2.2495,3
-2.6376,-2.2212,1
2.7105,-0.99244,3
1.2727,-0.98538,2
-0.0047859,-0.40878,1
-3.9542,0.099835,2
-0.0056885,-1.3862,2
0.91786,0.044558,2
-1.7582,-2.4898,1
0.86541,-3.9446,1
1.0762,-0.16345,2
-1.5848,0.97292,1
0.20729,-1.8659,3
-1.7334,-4.455,2
-2.3656,-1.1728,1
-0.099467,4.1585,2
-2.6175,1.1064,3
-2.5727,-0.92149,1
-1.7983,3.4859,3
0.53187,-1.9573,2
-0.13287,-2.9915,3
0.056081,3.2537,2
-0.54015,-1.5772,2
1.0847,2.3123,3
1.7143,2.6561,3
1.1282,-0.56292,3
-3.2878,-1.1376,1
1.6913,-0.9967,2
1.6825,2.3361,2
-3.226,-0.44056,1
1.5344,0.33148,2
0.036052,3.1112,2
1.496,0.79108,2
0.024429,0.88926,1
2.1934,-0.92176,2
-0.24056,2.6088,1
3.9642,0.0052477,1
-0.71399,2.3485,1
-0.47746,2.1995,2
-2.7413,0.4597,2
3.4082,2.7795,2
0.065379,-2.0664,3
-0.34628,-3.7729,1
0.99776,-3.5348,2
0.39793,3.2468,2
3.4376,1.766,3
1.8126,0.25831,2
-2.892,1.2766,1
-1.1728,-1.7649,2
0.96267,-2.3776,2
-1.4249,4.7889,2
0.12854,-3.0851,2
-0.90971,-2.4868,1
-0.17539,2.531,1
0.22728,-0.83273,2
-1.8333,0.92292,3
-1.8713,2.759,1
0.47925,0.71817,3
-2.1401,-1.8976,2
4.2268,3.9573,3
4.0608,-0.45213,3
-0.20638,-2.5849,2
-1.0285,-1.2162,1
-3.6908,-3.6177,1
0.77785,-0.73981,3
-2.0341,-3.1887,2
-0.47928,-4.4993,1
-1.1946,-2.5668,1
3.9941,-1.6168,1
0.72261,1.8474,2
2.8449,-1.0994,3
-1.6698,-5.6843,1
-0.23108,-0.45705,3
0.015607,-2.3071,2
-2.1279,-2.4687,3
-2.6343,-0.10228,2
-0.60343,2.7572,2
2.0145,2.87,2
-4.6007,-0.15916,1
-3.5189,-2.6728,1
0.91189,0.56484,3
-2.0296,2.3344,3
-0.73127,-1.848,3
1.233,0.12391,1
-4.5699,0.9237,3
-0.1897,1.2792,2
1.0425,2.6442,1
-1.4867,-3.8372,2
-0.99038,1.4435,2
-0.20067,2.2755,2
-2.2931,-1.342,3
-2.9816,-2.0176,2
2.5803,1.842,2
1.9671,-1.4046,3
-2.1642,-0.48507,2
0.9909,2.4354,3
-0.95864,-1.9854,1
0.36916,1.6989,3
-1.9394,-3.9397,2
-3.2662,1.0529,1
2.3008,1.9824,3
0.26787,-1.2559,3
-0.59673,3.2598,3
5.2657,-4.7002,3
-0.13843,-2.9753,1
-0.55026,-4.476,1
2.7027,-5.1791,2
-2.9548,-2.9087,2
-4.546,1.0926,2
0.65122,2.1521,3
0.1107,1.3007,2
1.6047,0.33931,2
-0.7345,-1.6446,1
2.5782,1.3529,1
-2.6354,0.58286,3
-1.1053,-0.14853,3
0.21399,-0.82698,1
-0.44241,0.28971,2
-1.8621,1.0541,1
-1.1442,-2.5923,2
1.0307,3.3224,3
-1.5262,2.0111,3
-1.419,0.66111,2
-2.4634,-0.66232,1
-1.9706,-0.40273,1
1.4235,3.5566,3
0.6874,0.63387,3
5.9302,3.9759,3
0.31884,-0.45693,1
-1.3665,-0.51339,1
-3.8307,-0.53865,1
4.6057,1.7118,1
-2.6196,-1.4282,1
3.4835,-2.2428,2
0.95597,-0.37555,2
-0.71614,1.8868,3
2.2918,5.0778,3
-2.5768,1.5785,1
-0.19247,0.75157,3
3.3063,-2.0296,3
0.91027,-1.7118,1
-0.22831,-0.18919,1
-1.6942,-3.0121,2
-0.42211,-1.254,1
-1.476,2.6735,2
-3.1916,-1.1865,2
3.0873,-5.085,2
-2.116,0.12517,1
0.6921,0.059991,2
0.82279,1.1861,2
0.46042,-0.39526,3
-0.23173,-4.4727,1
2.6746,1.3837,1
-0.67587,2.1132,3
0.83082,-3.8247,2
-1.6595,-2.1488,2
-1.2073,1.9455,1
0.90691,-0.3261,2
-1.9026,1.2289,1
2.2354,-2.7164,2
-0.96822,1.1165,3
0.73151,1.5442,3
-0.081578,-2.7642,1
-1.97,-2.5188,1
3.8738,1.5756,3
0.63411,0.088252,2
0.93857,2.7291,3
-3.6842,-4.1084,1
3.0034,4.2562,3
-2.2294,-3.0614,1
-2.515,-0.65145,2
-0.69671,-2.6639,1
-1.9187,-1.5662,1
4.1676,0.3232,3
-1.5055,-0.73209,2
1.0265,0.16568,3
-2.1665,-1.6555,2
-1.7056,0.45514,2
-0.11778,1.0873,2
1.2691,-2.5341,1
4.8623,1.9502,3
-1.861,-1.4766,1
1.5258,1.6501,3
-3.6535,-4.6266,1
-1.6812,0.934,2
-2.6738,-1.5551,1
-1.0774,-2.9499,2
1.3655,1.5443,2
-0.93287,0.61938,2
1.3936,1.814,2
0.61309,0.4644,1
-1.5437,-1.383,1
-5.8159,-0.41931,1
-1.1945,0.35762,3
2.6044,-0.9443,2
0.75409,-1.5048,2
-1.9134,-0.90331,2
1.1817,-2.801,3
-0.1982,-2.2227,1
0.47833,4.2324,2
2.9605,1.5624,1
5.6995,1.0114,3
-5.4109,-1.7667,1
-2.2107,-0.5274,2
-0.56511,-0.2865,2
2.2621,0.64862,2
5.1804,2.1783,3
-3.4616,-0.48814,2
3.3862,1.4364,2
1.5747,-0.42589,1
-0.12563,-0.98569,1
1.4933,-0.64131,1
2.3865,-2.1424,3
-1.4646,-0.16039,1
0.47874,1.9062,1
4.6854,-1.5289,1
3.7552,-1.3582,3
-4.2621,-1.0646,3
0.54698,-2.1914,1
-3.1034,2.2675,2
-3.5902,2.0878,2
3.1293,1.5047,2
1.1208,-0.66025,2
-1.3839,2.1101,3
-1.7946,0.33503,2
0.83755,-0.15754,2
-0.68539,-0.68257,1
-1.1539,1.5791,2
-3.4519,-0.23074,2
-0.33359,2.7469,3
1.863,2.6298,3
0.62768,0.74057,3
-1.206,-1.1597,1
-0.43744,-0.32163,1
-1.6541,-3.0661,3
-0.66447,-2.2061,2
-1.1409,1.0476,2
0.49764,-0.69726,2
-0.34236,-5.3238,1
-0.53852,-3.5015,2
-0.43857,-2.0678,3
-2.5207,4.4195,1
-0.29442,1.6232,1
2.6629,-1.6538,3
5.5216,4.8793,3
-3.4884,1.2348,1
-1.8303,-0.48163,2
2.1171,3.1572,3
0.63884,2.046,2
-0.5725,1.3503,2
4.0793,4.5499,2
3.041,4.4524,3
0.9608,-3.2843,3
2.0308,-0.47166,2
-2.1214,1.4212,3
1.8617,-0.50709,2
0.74193,0.97355,1
0.89959,-1.3603,2
2.826,-0.4659,2
-3.3082,2.9993,2
-0.83281,-0.18563,1
-1.0166,0.87951,3
-0.43785,2.7737,2
1.8016,0.048161,3
2.7684,0.17196,2
1.0139,-1.5769,1
-0.45497,1.5571,2
-0.92725,-1.5524,1
0.39272,1.2056,3
3.1486,0.64002,2
-0.75253,-0.98325,2
-1.2222,-3.1223,1
-1.4872,-2.7655,2
0.46418,-2.3413,3
-1.8048,-0.22816,1
2.3546,-1.2563,2
2.711,-0.9051,2
-2.1017,0.49811,2
-1.8769,-0.74782,3
1.269,0.12808,2
-0.71627,-0.63266,1
-2.9852,-0.12037,1
2.8435,4.7171,3
2.6172,0.60914,3
2.2104,2.0279,2
-1.1751,-2.5787,3
0.94692,-0.8812,2
1.9501,4.3357,2
1.9149,3.4712,2
0.81554,4.138,2
-1.5493,-2.3489,1
-2.5885,-2.4553,1
7.0698,-1.4356,3
-3.9332,-1.2494,2
-4.0742,-1.8743,1
1.6571,-1.6346,2
2.0492,1.3239,3
1.1405,-0.35146,3
0.02672,3.2491,1
4.6498,-3.1684,3
-3.5625,2.4497,1
-0.36762,-0.2133,2
0.98816,3.3852,3
-1.0746,-1.4326,1
0.23716,2.4842,1
-3.3153,-3.6202,2
-0.14266,1.1365,2
-0.2817,1.0002,2
2.5302,0.66427,3
1.8531,3.0685,3
2.8892,3.8372,3
0.53427,2.2278,1
2.6749,5.6068,2
2.7897,-2.7417,2
-0.36287,3.3543,3
-3.966,-0.71165,1
2.4494,-2.891,3
-0.92931,-1.1153,2
0.42916,-0.25415,3
3.2452,-3.212,2
-0.012402,-3.4876,3
0.06913,-0.84407,2
0.93835,0.031789,1
-1.3916,-2.6288,1
-0.2546,-1.7242,1
3.4023,5.8203,3
-0.74501,-0.037351,1
-1.5092,2.3387,2
-3.2936,-2.8733,2
2.8739,-1.561,3
-1.577,-3.7624,1
-5.8399,-4.3643,1
1.6298,2.3742,2
1.3237,-0.038314,1
-1.2313,0.74849,1
3.2998,3.228,3
-0.28593,0.29867,1
-0.98083,0.10982,2
0.99963,-0.84338,3
-3.3994,-0.15196,2
-1.5912,-3.9532,1
-1.146,0.66139,1
2.7957,-0.076552,2
-2.4066,1.6498,2
1.5479,1.8273,2
-0.95919,-1.5922,2
-3.5102,-3.4962,2
1.3319,0.25741,1
-1.1521,-4.2364,2
-0.99689,0.51348,3
-1.8021,1.8146,3
2.4422,1.2389,2
1.4796,0.81519,3
1.3156,3.2784,1
-3.3647,-1.9556,1
3.2725,2.0344,3
-1.4618,-3.601,1
-3.853,0.23266,3
-0.053101,-0.13695,2
-1.3048,-0.47111,2
-0.49893,-4.07,1
0.3872,2.7256,3
-1.0823,0.27529,1
-2.3445,-3.2807,1
-2.4174,3.1747,3
0.35626,2.0836,2
-2.4329,-5.6818,1
-3.1737,-3.2333,2
4.9887,2.4767,3
1.8647,-4.0993,3
-1.7511,-0.49407,2
1.638,1.0145,1
-0.5119,2.9113,2
4.1993,0.96302,3
2.8032,0.77501,1
-2.7349,0.14788,1
2.4742,-2.3849,3
1.0535,-0.93651,1
2.6045,-1.1089,1
0.40182,-3.5311,2
3.3393,0.90413,3
1.8139,3.1052,2
-1.7665,3.0353,2
3.196,-0.9053,1
1.0696,0.025019,3
0.422,-1.4994,2
-1.508,0.31342,2
2.5022,1.1356,2
2.3753,1.3883,2
3.5224,1.5652,2
3.1163,0.15312,1
2.3517,5.337,3
-0.81512,4.6563,3
-2.9857,0.089085,2
-3.6019,-3.3119,2
1.4583,5.4261,2
-0.096409,-1.7839,1
0.56097,1.4568,2
-2.5843,2.0936,3
2.2634,4.4308,2
-2.7217,1.0798,1
-4.2048,-0.84553,3
-0.077836,-1.4101,1
-2.9819,-2.0754,3
0.12966,0.43036,2
-0.33879,0.1268,3
6.0297,4.9567,3
1.9758,0.3579,2
-1.6542,0.6408,2
1.022,-0.35773,1
2.2116,0.48753,3
-0.33229,-0.34731,3
-0.95301,1.4143,3
1.1386,0.15614,2
-2.9558,-1.3851,2
-2.4515,-0.22941,1
0.9938,3.4077,1
8.6542,3.4103,3
-2.2096,-0.95524,2
3.9195,3.824,3
-2.7705,-2.584,3
-1.9856,-1.7377,1
2.9883,1.7501,2
-0.43871,-1.4813,2
1.4371,1.8462,3
-0.53037,0.24396,1
1.0214,3.3887,2
-2.4026,-2.3759,1
0.18854,-1.0812,2
-3.0021,-3.0925,2
-1.9587,-0.59787,3
0.80133,-0.59496,2
-3.079,-0.2073,1
-0.88016,-3.6405,1
0.60091,0.75529,2
-0.6541,-0.90188,2
-0.42121,-2.713,1
-2.4968,-2.8628,1
1.9279,3.5808,3
0.44521,3.4617,2
0.19873,3.1887,2
0.66422,0.32315,2
0.21472,4.1479,3
-0.36391,3.0124,3
1.1201,2.5326,3
-6.2151,-0.90042,1
-1.9069,2.4158,3
3.0302,-0.10451,3
-4.6872,-3.4324,1
-0.63188,-1.7899,1
-0.90213,-4.4568,2
-0.81785,2.1889,3
0.76335,0.47315,2
1.6537,-0.32609,3
1.4465,-2.0236,2
2.816,2.2885,2
-3.4879,-1.5302,1
2.5141,-3.8251,2
3.2168,-0.69725,3
3.0545,1.4056,2
3.2871,3.0425,2
-0.399,-1.9881,1
2.2467,1.0339,2
-2.9593,-1.5065,2
-0.93595,-3.8642,3
-0.61151,-1.3468,2
-3.1603,0.03058,1
-3.6716,0.33712,1
1.5419,3.9136,3
-1.2019,-1.7356,3
2.3284,0.79082,3
3.2308,1.6837,2
3.2697,5.2903,3
-3.4076,-0.8313,2
0.6319,-1.5151,3
-0.81324,-3.5856,2
2.2736,-1.5208,2
0.52525,-0.94308,3
0.1946,-0.81729,2
0.88105,0.36698,2
3.6372,0.855,2
3.7931,-3.2736,3
-2.5624,-0.49758,1
-0.45545,-1.2389,1
1.8763,3.1964,2
-5.0406,-5.4791,1
-2.086,0.55827,1
3.2202,0.30743,1
1.5665,-2.8121,1
-1.4412,-2.2655,1
-4.3197,-3.3888,3
-1.4443,-3.108,2
2.2976,0.93521,3
1.8055,-1.8852,3
4.8936,0.15544,3
-2.0986,0.2033,1
0.25335,-0.039739,2
1.7007,5.5289,2
1.5809,-1.9447,3
2.1292,2.1523,3
2.6552,-0.64983,3
-3.6976,0.73305,1
-1.224,1.5303,1
5.8373,3.0601,3
2.1642,2.7846,3
-2.0965,-5.597,1
0.12758,-0.81789,2
-4.8414,2.0344,2
0.4192,-1.0944,2
1.1039,-0.83276,1
0.035413,1.126,3
-1.118,1.8385,3
1.679,0.99807,1
-3.3108,1.8778,2
-2.4591,-1.4932,1
2.5172,1.2995,3
-1.0167,2.9109,2
-3.5892,-2.6166,1
-0.54799,0.90326,1
-2.4148,-1.2788,2
4.6457,2.1458,3
-3.204,3.5959,3
-1.9551,-6.0593,1
0.31198,2.894,3
-0.038833,1.2367,3
-2.096,4.1463,3
-1.4922,0.91681,3
-1.3597,-0.019858,3
-1.724,-1.2578,1
0.36004,1.2666,3
-2.1096,5.1652,1
-4.6355,-1.5524,1
-0.22032,-3.116,1
2.0682,0.6433,2
1.3683,-1.2166,2
-2.8565,0.29974,1
4.2339,-1.8022,2
-0.51785,-2.4681,1
-1.3432,-1.0839,2
-2.0667,-2.1833,3
0.5995,0.71831,2
0.78125,0.0043727,1
0.7593,1.0196,3
2.0795,4.8567,3
1.9852,4.1923,2
-2.9382,-2.1806,2
-0.04752,3.5188,2
0.54403,-0.461,3
2.1002,-4.6329,2
2.1402,1.0112,3
-2.2386,-2.2386,1
-3.3475,0.14286,1
2.3353,2.9676,3
5.4547,1.4874,3
0.30607,-1.3297,1
-3.9304,-1.5775,2
1.1191,0.39245,3
-0.2492,0.16978,1
0.028211,5.0842,2
-2.9368,1.4997,2
-2.1693,0.82311,1
1.7716,-1.7027,2
1.5395,-4.8558,2
-4.6278,0.18904,2
0.62889,0.46777,3
-0.32291,0.13183,3
2.1016,-0.18965,1
1.1873,5.1177,2
3.8632,-2.1302,2
0.37573,0.16702,1
-2.4336,2.9805,2
-0.81841,1.2083,2
-0.60787,6.0721,3
-1.9477,-4.2161,3
-0.80191,1.1407,2
0.54854,-2.0157,3
-0.71931,-1.6202,2
-2.6309,0.23141,2
2.0209,-0.050016,3
2.1039,0.41854,1
-3.0949,4.6648,3
2.9063,3.5204,2
-2.2303,1.3436,2
2.5412,2.1409,2
0.2764,0.83366,3
1.2084,-1.9351,3
0.84585,4.5263,3
1.4622,0.14636,3
-4.1332,-1.2722,2
-2.6731,-1.5278,2
-2.2048,0.37009,3
0.84091,-4.2267,1
1.9468,-1.3883,2
0.48522,-0.73889,3
3.1569,0.94007,1
-0.4483,-0.54569,1
2.8042,1.7693,2
-0.83474,2.2416,3
0.78148,3.0102,2
1.3173,2.7267,2
0.97433,1.5928,3
-1.5208,0.51277,2
-1.6824,2.142,2
-1.7194,0.21562,2
-3.547,-5.5058,1
1.5518,4.0628,3
-2.893,0.53359,2
0.32417,-2.7392,3
-0.41267,1.4753,3
0.89523,-2.7056,3
0.66729,-0.46312,1
1.6403,2.2446,3
2.9306,6.5563,3
2.3667,0.50923,3
0.18959,1.0503,2
-0.29692,-0.33739,3
2.1615,0.062592,2
-6.5692,-2.9946,1
-3.1193,-2.008,1
-1.2295,0.29189,2
-0.2899,-3.0287,1
-1.8521,1.3161,1
-0.49483,2.3377,1
2.9531,-0.28102,3
2.9115,1.3094,3
2.6344,-3.1007,2
-3.5268,0.57594,1
-1.3629,1.6974,1
1.4763,0.57613,3
1.6564,-0.62434,1
0.68564,-3.5564,1
2.9528,0.39264,3
1.0912,1.5691,3
6.4614,3.0786,2
-2.1641,3.9273,2
-5.1658,-0.45888,2
-2.9285,-1.1066,1
0.6626,-0.78237,1
3.9136,0.59695,3
-6.0108,-6.0062,1
-1.7546,-0.17423,1
1.8456,7.3603,3
-1.7206,1.0556,3
-6.9202,-2.7189,1
0.7759,1.3051,3
-2.6705,4.9922,3
2.0154,-0.87691,2
0.52469,-2.3327,2
4.2278,1.9961,3
-1.9529,0.67012,1
-3.8946,-0.093402,1
0.51622,-3.1976,2
-1.1805,2.5107,1
0.2152,-2.0891,3
-4.5689,-3.8573,2
1.1378,2.1297,3
5.0625,-3.2332,2
-2.4154,1.9855,2
1.8221,-0.033368,1
-0.026209,-3.1587,1
1.0009,-1.7548,2
-2.2997,-2.85,1
0.39941,-2.0151,3
2.9616,1.72,3
-3.6785,1.4492,2
5.6904,-2.7721,3
1.3192,0.76616,1
-2.8838,-1.1953,3
0.93239,4.5558,3
-2.8967,-3.5914,2
-1.6815,-0.26217,2
2.9642,3.6047,1
2.178,0.5097,2
0.66616,-0.48437,2
-0.11543,4.6919,1
2.2391,1.8812,2
2.0472,-0.4882,2
-0.99498,0.32636,3
-0.79173,0.77811,2
-0.80455,0.51728,1
-0.088958,-0.70487,2
2.9222,1.9992,2
-0.16585,0.36872,2
2.7333,-1.3934,2
4.7115,2.8777,1
2.0177,-0.44066,2
-1.4171,-2.341,3
2.2156,2.6608,2
1.9865,2.8028,3
-0.49327,-0.50794,2
1.5433,2.6935,1
-1.033,-4.0132,1
-0.39024,2.1009,2
2.1883,1.3418,2
-0.82389,1.0341,1
-1.1907,0.33179,1
1.3279,-3.2175,3
4.4531,1.7644,3
-5.9295,-5.3492,1
-3.4638,1.6407,2
2.7451,6.6647,2
2.0081,0.75485,1
-1.8371,-2.7166,1
-1.3404,-1.1729,2
2.8809,-0.27344,3
0.39697,1.1887,1
0.042735,0.78674,3
-1.5146,-0.96331,1
-2.4707,-3.7026,1
4.9396,2.9841,2
1.879,2.0991,3
-0.065349,-0.76283,2
-3.9515,-2.2965,3
-1.0799,-3.5471,2
0.84775,-0.014225,1
2.1115,-0.4924,2
-3.1242,-4.9154,1
1.2217,-2.6181,2
-4.8055,-2.1268,1
-0.34873,1.6773,1
-5.5378,-0.50609,2
2.4378,4.4565,2
2.5939,-0.27221,3
2.6088,1.4881,2
-2.5567,0.6844,2
-0.0055078,4.3221,3
4.4964,-0.99019,1
1.872,-1.2092,1
1.6659,1.2937,3
-2.1624,2.1381,3
2.11,-0.70015,1
1.4714,1.7768,3
-0.070061,-2.6073,2
2.6361,0.85862,2
2.7305,-3.8307,3
3.3223,3.6329,3
-0.95506,-2.8025,1
-6.3132,2.7402,2
-2.2155,0.32492,2
-0.83188,-1.9906,3
-0.86498,2.6908,1
-1.4136,-5.1591,1
-0.27298,0.75802,1
1.0572,-0.30211,2
-2.7484,1.613,2
7.2729,1.9844,3
0.93771,0.60717,2
-2.8944,-5.0452,1
0.003513,-2.5269,2
-0.081959,-1.0344,2
1.6738,-3.8102,1
-0.16,-0.82026,2
-1.5624,-0.25702,2
-0.83143,-3.5195,1
1.7944,1.8552,2
0.36401,2.6982,3
0.15459,-1.1367,2
0.27583,-1.1038,1
0.80859,3.2222,3
-1.2118,3.9194,1
-4.2811,-0.17063,1
-1.1807,1.4011,3
2.9177,0.71591,3
0.53039,1.4524,3
1.8745,-2.1728,2
0.68114,-0.68919,3
-2.6133,-1.1338,2
-0.19911,-0.35114,3
-0.2797,2.7835,3
-1.5093,1.0348,1
-2.7515,1.3945,1
4.1295,2.9093,3
0.30364,2.4805,3
2.9149,-1.7744,2
2.6075,0.56208,3
1.5079,1.5847,2
-4.5681,3.0085,2
-2.0392,1.4472,2
0.32495,-5.1305,1
2.1846,-0.51915,2
-3.175,-2.8469,2
5.7223,3.1115,2
3.0296,-4.0245,1
-1.3202,-0.33051,2
-0.73459,-0.72311,2
-5.7485,-6.3957,1
0.8147,-0.63883,1
-4.3702,-1.6442,1
-1.5802,2.159,3
1.1136,0.76776,3
1.5144,-0.10698,2
-1.9567,-4.1958,1
-2.8367,0.994,2
2.628,3.5845,3
1.4237,0.50331,3
1.7373,0.8447,2
-0.90401,0.94041,2
0.24935,3.2415,1
1.5431,1.3388,2
-2.6258,-1.8644,1
-2.9179,0.21119,2
-2.3115,-0.90538,2
-1.2534,-0.7506,2
-0.55773,-0.71189,3
-0.77246,-1.6747,1
1.1145,2.1291,2
1.2595,1.8283,1
0.49273,-2.2277,2
3.0751,0.17555,2
-1.8634,-0.51511,1
1.5744,2.4183,1
0.20119,-0.28632,2
2.1383,-0.053394,3
0.96842,-4.4372,2
0.44223,2.0843,3
2.132,5.1738,3
-0.70544,-0.57501,2
1.9575,-1.5357,2
0.048517,-0.35696,2
-1.0545,2.9559,3
0.79301,1.6645,2
2.8133,-0.91749,2
3.3994,2.317,3
1.2198,3.1511,3
1.6409,4.5629,3
4.3831,3.2871,2
-1.0144,3.9545,2
-0.57002,0.35709,2
-2.0729,0.1567,2
-3.2092,-2.64,1
-2.5848,-2.2675,1
-1.346,0.75907,1
-2.2026,0.70172,2
-5.0533,-2.1327,1
-0.73186,-1.132,2
7.2401,1.9309,3
1.3847,-3.8857,2
0.034628,-0.87662,1
1.1781,-4.6916,2
1.0068,-1.2602,2
-0.78864,1.1116,3
-1.3087,-2.074,3
1.2157,-2.9455,1
3.0023,1.7683,2
0.89392,-0.70903,2
-0.10852,0.37097,3
0.98393,2.7581,3
-1.5775,1.8724,1
-2.2796,2.377,2
-0.033383,-2.6943,2
-3.8726,-1.0996,1
-1.591,-1.5181,2
4.4735,-1.9914,2
-0.062193,1.0529,1
-0.78706,-3.113,1
1.2804,-0.23942,3
-2.7855,-4.8944,2
-0.40252,1.1423,2
-3.5337,0.032942,3
3.6419,3.171,3
-1.3731,1.073,3
1.1773,0.27629,1
0.34781,-0.86069,2
2.4726,0.31953,2
3.1282,1.8795,2
-3.9276,-2.2175,1
-4.3593,-4.327,1
0.66197,-0.61006,2
-6.1912,-3.7054,1
4.3673,-0.59612,3
2.6773,3.8387,1
-4.3043,-2.2882,1
-0.82646,-4.5792,1
-3.9502,-0.062219,2
0.48951,-1.6647,2
1.4707,0.52267,2
-4.4586,-1.8889,1
-0.12656,-0.37193,3
-0.62887,-4.5195,2
5.4357,-3.0436,1
-2.4066,-0.70691,2
-3.9768,-1.8492,1
-0.13512,0.68576,2
2.4263,-2.1336,1
1.6622,-3.1334,1
-1.8034,-2.9584,1
-0.27215,1.9807,3
3.9274,1.7706,3
0.22861,2.0823,2
-3.2301,-3.799,1
-2.6597,-3.571,1
-0.55068,3.7996,3
-0.59567,1.9014,2
3.3482,1.6557,3
0.035268,0.37463,3
1.0769,2.8905,3
-0.72239,-2.7084,2
3.49,2.3978,3
1.3702,0.87661,1
1.4592,-0.86385,2
3.7686,2.5885,3
4.4347,-0.28287,3
-2.8516,-0.19689,2
0.051134,2.7963,3
0.33507,0.098978,2
2.9795,5.787,2
0.5438,-3.5095,2
4.8187,-1.6561,1
-2.5367,4.8402,3
-0.96119,0.32764,2
-2.6878,0.61381,2
-1.5022,-1.8058,3
0.40659,2.0261,3
-2.5937,-1.8835,1
-1.874,-0.16124,1
-2.7938,0.5732,1
-0.36453,-3.9371,2
0.043364,3.118,2
2.0675,0.96911,3
-4.8531,1.1189,1
1.0872,-0.40893,2
1.3448,1.8464,1
0.93297,-1.5383,2
0.78698,-0.23609,2
-4.6594,-0.34164,1
-3.3991,3.1571,1
-3.9099,-2.9802,1
-1.5466,-0.15419,1
4.1753,3.4534,3
0.52114,-3.7456,3
1.7721,4.7403,3
-0.81384,0.42271,2
-4.5895,-0.80588,2
5.5224,1.9499,2
0.70737,3.4349,2
-1.4812,-1.9548,3
-3.4466,2.0871,1
2.6872,-3.671,2
1.6722,2.2513,3
2.3076,-2.7254,2
-5.2348,0.74794,1
0.57769,1.9443,2
-2.275,-4.7948,1
-2.0683,-0.70451,3
-4.5831,1.6781,1
-5.2909,-1.0553,1
-2.146,-4.7092,1
0.3737,1.3786,3
-5.2944,-3.4865,1
-2.1551,3.725,3
-0.60566,3.4579,3
0.39939,0.2495,1
0.75126,-2.7128,1
2.339,-4.8891,1
-3.094,-1.7871,1
-3.8925,-4.1177,1
3.7633,-2.2982,2
-1.756,-2.649,1
1.4591,0.89617,3
-0.0052346,-1.1227,2
1.331,2.6599,2
3.8078,-2.0429,1
1.5844,0.015466,1
1.6745,2.3881,3
5.5618,5.0267,3
-2.9965,-3.0945,3
2.7218,-4.276,1
1.9154,0.6766,2
-1.3497,-3.0267,2
-1.6893,1.5014,1
-0.22972,4.1204,3
-1.2512,-0.65028,1
1.6653,0.64862,1
-3.6263,0.20274,2
0.0084194,3.345,3
1.2652,-2.01,3
-0.93699,-2.7838,3
4.0978,6.2982,3
3.4713,2.2356,2
1.541,2.0186,2
-2.238,-0.1768,3
3.0067,1.9122,3
-2.8556,1.2409,2
3.2236,0.54659,3
1.0855,1.3349,3
-3.3307,-2.946,2
-3.2519,-2.7143,2
-0.54096,6.0814,3
2.0897,3.4339,3
-2.8426,-2.7518,2
3.7891,-3.9689,2
-3.5695,2.1249,1
1.5124,1.5724,3
0.81873,3.0211,2
-0.82215,0.87829,2
-1.8872,0.83182,1
2.8695,-0.5997,3
2.9643,4.5566,3
1.2661,-1.8839,2
-3.5725,0.77852,2
1.8524,2.7335,2
3.2652,1.2993,2
-3.2275,-0.0024347,1
2.425,-1.2229,2
-2.8314,-0.47233,2
-0.66021,-1.4762,3
2.3322,-2.0049,2
3.463,-3.5418,2
0.18458,0.77225,2
-1.2494,1.9934,2
0.90502,3.059,3
0.9005,-1.8979,3
-3.8742,-3.8435,1
-1.2684,4.9558,3
-1.3761,1.3778,3
-2.4212,-3.9374,1
-1.8051,-0.26893,2
-0.94421,2.2422,3
-0.15444,-1.5572,3
1.5151,2.8192,2
-3.3965,-3.0276,1
5.2102,-1.3979,2
-0.49242,-1.7742,3
-0.67858,-1.0551,2
-0.96651,3.4445,2
1.2856,-1.6855,2
0.47642,-1.1753,3
-1.4991,1.4817,1
3.4931,-2.8817,3
0.61364,0.73153,1
2.1629,1.8569,2
-0.7477,1.0589,3
3.1071,-2.7625,2
-2.4108,-4.571,2
0.33726,0.11761,1
0.30301,1.3756,2
-4.3131,-2.0259,1
2.7793,2.3994,3
2.8056,4.814,3
-4.0036,0.44555,1
-0.40442,3.1541,3
-1.9965,2.2766,2
0.30826,-1.6548,3
-2.3871,-1.9984,1
0.76547,-0.65537,1
-0.26666,-1.74,3
2.9166,5.0174,2
4.4211,0.62139,3
0.97324,2.3351,2
1.551,1.4777,2
-0.061591,2.4015,3
-5.593,-2.717,1
-0.68319,1.4434,2
-3.1824,0.86949,2
2.4054,3.2838,3
1.5888,-3.5631,3
-1.9146,0.85667,1
-1.6582,2.1109,2
-0.21485,-2.3442,1
-2.8952,1.982,2
-3.7723,-8.3965,1
-0.50353,0.25909,1
-4.123,-4.0077,1
5.8231,-0.28991,2
-4.1646,-2.4655,1
-0.28577,1.2222,2
-0.8513,-2.636,3
-2.5505,1.1971,2
1.4291,1.381,2
-4.3318,-5.5559,1
-2.4748,0.14167,3
2.3913,-3.1313,1
0.61224,-1.9783,1
-5.7329,-3.5209,1
-0.11437,-1.2982,2
1.8076,-1.4507,2
-2.1035,2.9763,2
3.2005,1.2436,2
1.8888,2.1132,3
-1.749,-3.5944,1
-1.6924,4.504,2
0.56634,-2.4402,1
2.1164,3.4922,1
2.6361,-0.83733,2
-2.4563,0.77603,2
-0.43775,1.1361,3
-1.9822,-0.2491,1
-1.6117,-2.1615,2
3.3849,-0.30744,2
-1.1982,-0.072307,1
-0.47424,-4.4037,2
-0.83967,-2.023,1
-1.5252,-4.8221,2
-1.2166,-3.487,2
-0.18528,0.021127,2
1.4097,2.9737,3
-0.54506,-0.59019,1
-0.63891,-1.6646,2
1.3056,-1.279,2
2.7159,1.1605,3
0.74136,2.0189,2
-1.3016,1.5011,2
-0.32543,2.7806,3
-1.7826,0.88368,3
1.0619,-2.1522,1
-2.0086,-1.16,1
-0.91634,1.8657,3
-2.7712,-0.53018,1
1.2833,2.9678,3
1.2607,-2.9246,2
-0.43655,1.6964,3
4.6088,-2.3504,1
1.3933,2.8785,3
-1.2022,0.9263,1
-2.4671,-0.54919,2
1.1385,-1.9254,2
1.7435,-1.1951,1
0.32581,2.7956,2
-4.6641,-1.2963,2
4.4894,2.7994,3
4.3699,2.4618,2
-1.2845,2.1742,2
-2.5696,0.76523,3
0.58403,0.8697,2
-3.5558,2.8757,2
-0.80649,-0.39178,3
0.53827,-2.6105,2
-0.33566,2.6718,1
-0.83927,2.8761,1
0.87826,2.6879,1
-1.9117,-0.46355,1
1.6287,-2.4628,2
-4.1159,-3.136,1
-5.0247,-3.6452,2
1.4897,-1.0391,1
-0.30804,-0.34149,1
-5.058,0.16706,2
-2.0921,-2.4811,1
2.224,2.1195,3
3.5866,0.49469,2
-3.396,0.38821,1
-1.3278,4.8415,2
3.0464,1.5958,3
-1.716,-0.34253,2
0.26455,-0.19667,2
-1.2324,-0.2174,1
-0.14415,-4.6273,3
4.2599,5.648,3
-0.35969,-0.42399,2
1.9271,5.3685,3
0.091492,0.16933,1
-3.3676,-2.4354,2
1.6485,-0.29321,3
-1.8334,-2.4977,2
-0.83026,-0.31864,2
-1.195,2.8658,3
0.50898,-5.0723,2
0.24273,2.4024,3
-0.98144,0.053558,2
-5.929,-1.9668,1
-2.4554,-2.1856,2
5.2226,-2.4596,3
-1.195,-1.2332,1
1.3967,2.0876,1
-1.4606,-3.9983,2
-1.8468,1.1388,2
1.2645,-1.8295,2
1.9872,5.0196,3
-5.0126,-2.9074,2
-1.2813,-0.6901,3
2.0668,1.6288,2
2.2991,0.21855,1
-1.0778,-1.9112,2
1.8458,0.36115,1
1.7795,1.6103,3
-2.7401,-0.14438,2
2.1793,1.207,1
-0.23845,2.0292,3
-0.76183,-0.41792,3
-5.092,1.1353,1
0.092563,0.1693,2
-3.1663,-1.4554,1
1.0739,0.87249,3
1.6134,3.0641,3
-0.79161,1.0491,3
-2.5098,-0.65326,3
-0.66264,-5.2057,1
-1.024,2.4964,2
3.0779,-1.7715,2
-1.0385,-0.16878,2
-1.4879,1.8941,2
-0.2035,1.5367,3
-0.46455,0.59046,2
3.0121,3.8143,3
-0.89836,-5.3699,3
1.4594,1.7655,3
0.96978,1.9893,1
-2.2586,0.50772,3
0.76651,1.0278,2
1.5091,-0.058561,2
-0.45634,-0.93375,2
-0.57697,-4.94,2
-0.79814,-2.2702,3
3.1722,1.9788,3
-1.2894,-0.25366,3
-0.3503,-1.2374,1
-0.66902,-1.5816,2
-2.1597,1.0839,2
-0.5306,0.896,3
1.1596,2.9467,3
-3.4431,-1.1683,2
0.58483,2.9824,2
-1.1001,-3.181,2
-1.6248,1.8606,2
3.6447,-3.1325,2
3.2806,-2.411,2
4.8056,2.68,3
-1.6062,0.56268,2
-2.2341,-6.6813,1
-2.5633,-3.3756,2
-4.349,-3.5352,1
-1.575,2.2912,2
5.0175,-0.62097,2
2.3825,4.1774,3
0.0032149,-0.12456,2
0.99522,-0.19425,2
1.3021,1.6129,3
0.51929,2.8328,2
1.9387,-3.0492,2
-1.9636,0.41379,1
-2.5056,-0.38141,1
3.6911,2.2128,2
-0.57476,-2.2533,1
-0.30936,-0.57622,1
1.184,-1.2342,1
2.2934,0.29371,1
2.3548,-1.5866,3
-1.9961,-4.7814,1
-1.1921,1.1688,2
-0.82027,-5.3355,1
-1.8328,0.64298,2
1.933,3.0345,2
0.58125,-1.8769,2
4.4818,2.4469,3
2.3281,0.31532,1
2.8886,0.25286,2
-2.3828,0.20991,1
0.99154,1.0246,3
5.8,3.7348,1
-2.2609,1.0961,2
-1.3712,-1.3313,2
1.6941,2.2752,2
3.6912,3.1809,3
-0.77924,1.0617,2
2.348,-1.1519,3
-5.038,4.1656,3
0.23484,1.0559,2
1.2073,1.46,3
-0.61386,-2.1218,1
0.08212,-0.36781,1
1.5293,-0.2992,2
-2.1616,0.83452,1
-2.2822,3.2616,2
-0.39003,0.42857,2
-2.3506,-1.3867,1
4.1601,1.3809,2
1.755,2.0895,2
0.33602,2.8369,3
-1.7486,4.8385,2
-0.12635,-1.1521,1
-0.81375,-0.26892,2
-0.6119,0.51218,1
-2.8776,0.067345,2
2.5981,-2.6209,3
-2.4042,-2.068,2
3.265,-1.0443,3
-1.4037,0.81802,3
1.6462,-0.46609,3
2.1649,-1.6701,2
-0.61882,-2.7253,2
2.2204,0.83175,3
-2.7077,-2.7602,1
-3.3582,0.36184,2
-5.2333,0.44527,3
-1.1865,0.83778,1
-0.29086,-3.1525,1
-1.2631,-1.1093,1
-1.9916,-1.5037,3
-4.3283,-2.1735,2
1.3751,1.1496,3
3.2339,1.3208,3
0.58178,0.07388,3
-0.79205,-1.1508,2
-2.4074,0.69225,1
-1.1484,-0.5821,1
-1.5542,-1.6254,2
-2.2141,-2.8282,1
3.6879,-1.0927,3
3.903,0.20492,2
0.062822,1.6624,2
-2.7387,-3.9441,1
-2.0657,0.098892,2
1.4098,-3.2198,1
-0.060324,1.1975,1
0.18942,-1.8401,1
1.2689,-0.76403,2
-1.2443,-4.9861,1
3.0233,2.1076,3
-1.7196,-2.5514,2
0.35422,-1.2229,3
1.5454,-0.52986,2
-1.33,-0.35961,3
1.4058,3.8417,2
-0.49391,3.1123,2
2.5916,-1.0592,2
-1.5188,-0.0054653,3
-3.1462,1.045,1
2.6117,0.35661,2
-1.211,-0.93063,2
4.3558,0.73612,2
1.1063,-0.57394,2
0.49452,0.82736,1
0.93833,2.7677,3
-1.9617,-1.1971,1
-1.8881,-1.665,3
3.4716,2.7839,3
0.76063,-0.35367,3
0.3952,1.8385,2
-2.1656,-1.6318,3
3.1427,0.75457,2
-0.71265,0.36245,1
3.0125,2.4558,3
-2.8378,2.2816,1
1.4692,-1.5862,1
0.45109,0.78486,1
-1.7872,0.51338,2
-3.2007,-3.2878,1
7.8871,4.0156,3
-1.2087,0.39307,3
0.50227,-1.0271,2
3.6352,0.19254,2
-0.0857,2.0995,2
-1.9938,-1.2068,3
-4.1027,-3.3474,1
3.9486,3.5289,3
-1.6709,-2.1176,3
1.8661,5.2287,2
-5.5014,2.5441,1
4.068,0.53933,2
3.2706,-0.22211,3
2.9156,0.95025,2
2.489,-0.34719,3
-0.87042,3.5644,3
-1.9558,1.8707,3
2.4888,0.68263,3
-0.21498,-0.23293,3
-3.6694,-2.2144,1
-2.613,2.5998,1
2.5142,0.75518,1
-1.5558,-3.7924,1
-4.4269,3.0241,2
1.4142,1.9285,2
0.81636,0.15912,2
0.26547,0.56505,2
-1.1983,0.48507,2
-0.78878,-2.7714,1
1.3837,1.7578,2
-2.533,2.2515,3
0.85069,-2.9252,1
-1.3147,1.8191,1
-2.7194,2.5919,2
2.0732,-0.13545,2
0.24039,0.65986,1
0.79975,2.2144,3
-1.551,-0.53548,1
2.755,2.1106,3
2.2796,1.5141,2
0.78318,0.44966,1
-0.92158,1.5686,3
2.5294,-1.981,2
-1.3092,-1.4844,1
-0.86696,-2.251,1
0.53235,-1.6219,1
-3.3628,1.1517,1
-1.0311,0.2543,1
0.77531,-0.25071,2
-1.1977,-4.2318,1
-0.52498,-2.6133,2
-0.84482,1.3042,3
-0.14033,-2.0593,2
0.88933,0.59343,2
0.11671,-1.1708,2
1.9901,4.5543,2
-2.3286,-1.068,1
1.3878,0.10116,3
-3.4693,-1.1114,1
-1.5194,-2.798,2
1.8612,-1.3584,1
3.1553,0.89078,3
-0.31252,0.83836,1
-2.2141,-5.9312,2
-2.049,0.056696,1
-2.0472,-1.4572,1
2.5538,0.18553,3
2.2995,4.133,3
-3.4759,-1.4595,1
1.2318,2.6465,3
0.69777,-0.56208,3
0.46327,3.071,2
0.61501,-1.5914,1
-2.1637,1.4371,3
-3.179,0.99747,1
0.22961,2.1127,3
-1.5279,2.1928,2
-0.39653,0.12749,2
0.36239,-0.83001,2
1.005,0.78522,1
-0.69816,-3.2169,1
1.6062,2.7973,3
-0.15301,3.0164,1
0.87489,-0.47961,2
-2.8285,0.72468,2
-1.0422,-0.51853,2
1.5352,1.6228,2
-1.1842,0.62715,2
-1.1597,0.90117,2
2.8539,-1.6216,3
-6.0365,3.2065,2
-0.73196,-1.5847,2
3.1126,1.985,2
-1.4042,6.5772,3
0.31007,-1.0342,1
0.8364,-1.6438,1
-0.67751,-0.12765,3
-3.1743,2.5452,3
-1.2594,-1.8661,1
1.8738,-1.2387,3
-4.0295,1.9863,3
-0.26052,3.0083,2
-0.5624,1.0703,2
-2.4135,1.1796,1
0.81179,1.0705,1
4.3468,2.2475,3
2.8409,2.7571,3
-5.6555,-8.143,2
1.586,0.39448,3
-2.6501,-2.6381,1
-1.7407,-0.5747,1
3.007,3.1605,2
-0.015299,-2.7751,3
-1.0482,2.6745,2
-1.766,-1.3794,1
-0.58067,-0.28741,2
-1.5435,-2.8079,2
-1.6011,-0.35802,1
1.8398,1.2345,3
-4.1704,-0.22227,1
-1.8224,2.5168,1
0.25739,-1.4129,1
-3.8251,1.225,2
-1.4082,-1.3119,1
-3.4461,-0.59032,2
1.6783,1.8128,1
-0.2454,3.5749,3
-0.30517,0.85129,2
-0.20673,0.70661,1
-0.18557,3.235,3
-2.001,-2.5263,2
-0.95942,-2.2315,2
-1.8643,-0.45435,1
1.8777,1.8756,2
1.0788,1.139,1
-2.5528,-3.5503,1
-4.7828,0.1006,1
-2.2958,-1.944,1
0.052048,2.0209,1
1.7856,1.5141,2
0.33313,2.8671,2
-1.3417,-2.9725,2
0.43102,0.21684,1
-2.3562,-4.5125,1
3.822,0.69392,3
0.54864,-1.829,2
-2.3013,-2.7735,2
0.22962,-0.18823,3
-1.4267,-0.29325,1
2.0201,0.18387,2
-0.79136,-1.4843,1
-5.8601,-3.5754,1
3.0347,3.9113,1
-2.3797,-3.8765,1
-1.1923,-3.0572,1
2.2719,2.386,3
2.1779,0.65017,2
-0.07989,-0.91116,1
0.12259,0.61043,1
-2.867,0.37117,2
-0.6207,1.0528,2
0.61932,0.13378,1
-1.453,-1.924,1
-1.4911,0.65993,2
0.29067,2.0526,2
-0.013921,-0.71821,1
1.3744,3.0393,2
-0.51608,-0.59336,1
4.6514,0.79524,2
-0.74043,-1.4885,1
0.68283,2.604,2
-1.3792,-3.2219,1
-1.2583,-3.8505,1
1.3574,0.21694,3
-2.9253,1.7675,2
2.168,1.5367,1
-0.82356,-0.041284,3
2.5194,-3.8373,2
-4.4025,-4.7207,1
-0.66669,-0.64473,2
0.3047,-1.0514,3
-0.21378,-1.8579,3
5.7327,1.4079,3
-2.1907,-0.18429,1
-0.75744,-2.378,1
-1.8209,-2.9246,3
3.1667,-0.066357,2
-4.1799,-1.1985,2
-0.85752,-1.8887,2
1.6084,1.57,2
-1.3003,-3.5899,2
1.9421,2.2217,2
-0.86062,1.7204,2
0.95499,-3.361,2
-4.9181,4.6292,2
4.8056,4.9965,2
2.0614,0.3992,2
2.5006,-2.2162,2
0.31306,1.8805,3
-0.89553,1.2357,1
-0.15542,-0.030171,3
-0.41078,-2.4988,2
-4.3803,-0.14757,1
-0.061243,4.0449,2
-3.3644,3.8231,2
-2.9999,2.3748,1
6.6764,0.66572,2
-1.7184,-4.0854,1
2.4923,4.2045,2
-0.45115,-0.060243,1
-4.2257,-4.6179,1
-0.55827,-4.0448,1
-1.186,0.28065,1
5.0739,3.5503,3
5.0373,1.4348,2
2.5022,-1.4734,2
1.323,1.4948,3
-0.35934,0.73006,1
0.51496,-0.64533,2
0.51363,-3.5857,2
0.32264,-0.33456,1
-1.0598,-2.6904,2
1.322,5.5666,3
0.60253,-0.75917,2
-0.84861,0.046162,2
0.43514,-2.8565,1
-3.0846,-5.3784,1
0.1618,-1.2639,2
2.6653,0.67208,2
0.46561,-0.65327,3
-1.8881,-2.7161,1
5.2258,3.7556,1
0.21369,-1.8684,2
1.2597,3.4571,2
-3.0189,-0.41669,3
-1.5174,-1.87,1
0.54928,-1.9481,1
0.43222,-0.77573,2
2.3677,-2.8082,2
1.2433,-0.49138,3
-1.9837,-1.0566,2
-1.9749,-0.89928,2
-0.22234,1.2332,1
0.86217,-2.0423,1
0.36736,0.47534,3
0.14418,-2.6235,3
-1.4851,-0.4194,2
1.0378,1.9298,3
-3.7078,-7.5942,1
-0.66153,-2.6219,1
0.41095,3.2292,3
0.57233,0.60994,2
0.52802,0.38932,2
-2.5923,-0.061211,3
4.4246,1.3386,2
2.6076,3.0186,2
5.1927,-1.5813,2
1.975,-1.8447,2
-1.2008,0.80714,3
2.4994,6.1486,3
-3.7691,-0.8895,1
-3.9968,-1.1181,1
-2.2147,-1.1738,2
1.9871,-0.81519,2
-1.3361,-1.0126,1
6.534,4.0767,3
-0.4637,-2.0355,1
0.71995,-2.8837,2
-1.8797,0.6329,2
-0.76709,0.89962,3
-0.85571,-0.83876,2
2.3349,0.84904,3
2.7191,-0.63234,2
1.0477,-1.9684,2
0.071799,1.3708,3
1.2604,1.9342,2
-1.3408,-1.656,3
0.85897,-1.5723,1
-0.06636,-2.2472,3
1.425,1.0305,3
-4.2368,-5.0087,1
1.2447,-2.1033,3
-1.9819,0.12183,2
-0.32381,2.698,2
2.0103,2.1028,3
1.8988,-1.567,3
1.7945,2.4109,1
2.4911,1.8198,2
-0.65015,2.0627,3
-2.7809,-0.2134,1
-1.3772,0.57328,2
2.1908,-0.662,2
2.7018,3.3124,3
0.97447,0.34703,2
1.5045,-0.32495,2
-0.75997,-1.4503,3
-0.41177,-1.5983,2
2.8865,1.0197,1
-0.65621,-0.091775,2
1.9738,-3.067,1
3.1727,-1.9316,1
-1.1437,-0.81929,1
-0.374,-2.2424,2
-3.3618,-3.6055,2
2.5851,0.69952,2
-3.7156,-0.00069576,1
1.1043,-2.8751,2
-0.053111,-2.2721,1
2.7328,1.6699,3
2.3706,4.1507,2
-1.9317,-2.1567,2
0.14955,-1.1386,2
2.8049,-1.0918,3
0.15219,5.2367,3
-1.1942,-3.3103,1
-4.6889,-3.4264,1
-0.58318,-3.9886,1
-7.1557,-2.4283,1
3.8102,2.3311,1
-0.46735,-4.7068,2
1.6342,-2.5711,2
3.6766,1.5771,1
-1.629,-0.33021,1
-2.0603,-3.2139,1
-1.3685,1.9867,3
7.6139,-0.84195,3
-1.3106,2.1483,2
-3.5151,-4.3777,2
-0.91433,1.9015,3
-2.3837,1.3745,2
1.8655,4.3329,2
-0.43791,-3.5679,1
-2.5036,-0.11791,3
-3.4587,-1.7096,1
3.8845,2.4221,2
0.60604,-4.5755,2
1.0278,-0.45276,3
1.6288,0.31644,2
-1.7142,-2.4137,1
-1.7614,-0.7355,1
-2.3486,-5.322,2
-3.2603,-3.0453,2
1.0794,1.2412,1
0.24451,-0.518,1
-1.3957,3.5634,2
3.6196,1.0401,2
-2.2977,0.83284,2
0.24671,0.63897,2
-0.5011,2.3965,1
-0.41492,-4.3322,1
2.9821,2.2929,3
-1.3218,-4.3183,1
-1.4403,0.79033,3
1.2827,-0.59139,2
-3.2439,-0.40113,1
-1.0604,-1.4891,1
-3.2036,1.7141,2
0.26421,-0.83583,1
0.12375,1.2754,1
-1.3517,0.24541,2
0.84496,-3.0753,2
-0.059233,3.4888,3
0.68242,1.2054,3
-0.33207,-2.3315,2
1.9258,3.7478,1
3.2934,1.2661,2
-0.14151,2.4712,3
0.12305,-1.5022,2
-0.12455,-2.6313,3
-1.4052,0.62557,2
-0.37213,-1.4872,3
1.8061,1.9939,3
-3.7262,-2.3607,2
-4.6201,2.657,2
2.5315,0.59073,2
-0.053836,4.4782,2
-3.1268,-6.7199,2
-2.2537,-2.6633,2
-1.4452,0.23745,1
2.382,1.4649,3
2.1103,-1.6984,3
-4.3689,0.85376,1
-4.2589,1.0045,1
-1.6743,-1.7225,1
0.45482,3.3009,2
-0.37395,-2.7051,1
2.5469,-3.3409,2
-1.9431,1.8905,3
0.35968,-1.6337,1
-2.996,1.2252,1
1.9655,5.0503,3
-1.0644,1.2315,2
0.38554,-1.4229,1
-0.66332,-0.22409,2
-1.545,-0.89985,2
-1.8833,1.1016,2
-4.1837,1.4987,1
-2.1107,-1.6585,1
1.6131,1.3199,2
1.7618,2.3622,2
1.918,2.6539,2
-3.7788,-0.67611,2
0.58458,1.3145,2
1.1733,0.93137,3
2.7993,-0.090681,2
-4.2115,-3.7924,1
