1.6599,-1.8557,3
1.061,1.9598,3
0.7377,-1.8533,3
0.37858,-4.2378,3
-0.10763,1.7899,3
-1.2637,2.2925,3
2.0492,2.2968,3
0.91105,1.4691,3
2.3969,-0.55589,3
-0.20433,-2.217,1
-1.9991,-2.5531,2
-0.34102,-0.43043,3
2.8487,0.011527,3
0.5608,2.5078,3
-1.7278,-2.177,3
-2.0146,0.79866,3
-5.4208,-0.21629,3
-0.94377,-0.40442,1
1.1376,3.872,3
1.6555,-1.8199,3
0.036114,0.0045105,3
2.6207,-3.1989,3
0.90531,-2.3626,3
0.37235,0.0031737,3
0.015709,2.8705,3
0.99606,-0.22236,3
-1.3073,-2.4003,3
1.6146,2.8659,3
1.1959,1.4644,3
-3.3999,-2.3793,3
6.7195,2.3347,3
0.19434,-2.5205,3
-2.993,-2.0248,1
-3.276,3.7082,3
3.4357,1.3782,3
-1.1132,1.3092,3
1.736,-1.7023,3
-0.58925,4.0571,3
-2.8666,2.7284,3
-0.3254,0.28922,3
2.4189,-3.4856,3
-0.44066,3.8888,3
1.6326,-0.72249,3
3.051,2.4073,3
-2.7066,-2.9191,3
1.2119,1.0225,3
2.5717,3.7542,3
2.6831,-0.30177,3
0.55389,-2.4623,3
-2.0998,-3.9574,3
0.51278,0.29376,3
-0.18357,-2.3352,3
-0.65156,0.1354,3
1.2662,-0.046493,3
1.1635,-0.3342,3
-0.45233,-1.6036,3
1.7441,1.945,3
-4.0473,3.6978,3
-1.4838,0.57516,3
0.6531,2.8243,3
1.4132,4.4639,2
0.8898,0.57027,3
-0.41315,-0.14352,3
-1.571,0.52167,3
-0.47241,-0.20822,1
3.5761,2.8501,3
0.65845,-2.9668,3
-0.67288,1.1261,3
0.6785,1.1968,3
-1.1158,1.4411,3
0.2154,0.83415,3
-1.519,3.0442,3
-0.88782,-0.776,3
-0.49137,0.59716,3
1.5781,1.4321,3
-1.8499,0.81895,3
-2.7667,-2.3101,3
1.0949,-1.6057,3
2.5188,0.010785,3
-3.5787,-2.4792,3
2.1706,-2.7247,3
2.4193,-2.3498,3
-0.64891,-1.8045,3
0.73103,0.19828,3
0.29082,1.9119,3
0.047137,4.1466,2
3.6376,0.23203,2
0.99453,-1.034,3
0.92605,0.57638,2
4.1461,0.43696,2
0.22765,-4.4941,3
-3.6753,-4.5797,3
-0.87892,3.5466,3
0.46774,1.1864,3
-0.37419,1.1835,3
-0.9179,-0.83566,3
1.0994,-1.5006,3
-0.49702,-4.0643,3
0.39946,2.1077,3
-1.0153,0.67169,3
-1.063,-0.85096,3
-1.7474,3.5006,3
1.2731,1.7964,3
4.4473,-0.17693,3
-0.88785,-0.29148,3
1.0854,1.2996,3
-0.17831,2.6171,3
4.8325,0.55521,3
-2.5572,-2.0002,3
1.067,2.3129,3
-0.6666,-1.608,2
-0.8129,1.3812,3
-1.5303,0.014292,3
-0.83537,-0.71516,1
1.8025,2.2572,3
0.41679,3.4208,3
-1.5826,-2.5295,1
-0.53236,-2.5452,3
-4.2585,-1.612,3
1.3365,-0.61453,3
-1.8081,-1.02,3
4.4105,-0.16235,3
4.0767,-0.04647,3
-1.2452,1.7758,2
1.1447,-0.85039,3
1.6544,-1.7327,3
-0.0054791,-4.4037,3
1.7063,-2.0985,1
1.1261,1.5414,3
2.7274,1.706,3
-0.35556,1.4007,3
0.4585,-0.21185,3
2.6515,-0.71518,3
0.85473,0.48756,3
0.41921,-2.0031,3
3.0932,-0.15065,1
1.9175,5.7324,3
-0.34531,1.707,3
0.07759,-1.1557,3
-0.1823,1.7007,3
-2.3738,-0.40708,2
-2.868,-1.872,3
-1.7016,-2.4942,3
-1.2956,-0.80766,3
1.8193,-2.8685,3
2.1807,-2.2804,3
0.85066,2.3095,3
0.54286,-0.16519,2
-1.3318,0.54351,3
-1.2399,-0.79629,3
1.2654,3.415,3
2.2695,-2.93,3
0.15825,-1.3973,3
2.3923,-0.27334,3
-3.225,1.1673,3
1.7114,-0.28828,3
2.3194,1.197,3
-2.2218,1.6173,3
6.0251,1.7303,3
-2.2089,-2.6727,3
1.3751,-3.4389,3
-1.9114,-0.98928,3
2.6662,1.0704,3
-0.51329,0.31983,2
2.0501,3.6876,3
0.56977,-0.3945,3
2.7021,-2.0575,3
-2.899,2.1092,3
0.3799,-0.51763,3
3.1745,-0.052555,3
-0.22478,-2.3901,3
-0.33177,-1.9759,3
-4.5408,-1.4191,1
1.2472,-0.087566,2
1.1912,2.5243,2
-0.07889,0.12141,3
-1.0522,0.87342,3
0.74666,0.078385,3
1.8921,-2.3855,3
-2.7127,2.3708,3
-2.5601,4.6944,3
2.243,2.7308,3
-0.16567,-2.1211,3
1.6673,1.8443,3
0.0073656,0.29961,3
-1.1763,0.62685,3
2.4967,-0.082872,3
-1.3098,-4.3635,2
4.0968,0.35441,3
0.0705,-3.7273,1
-3.0372,0.9732,3
-3.6194,-1.4984,3
0.94811,3.2637,3
-1.5776,0.7707,3
4.1099,-1.9693,3
1.0365,6.1896,3
2.9602,-2.3791,3
-0.6322,-0.51467,3
-1.9308,0.39307,3
1.0941,-2.7039,3
0.87966,1.0522,3
-2.1918,2.6547,2
-4.09,-0.31851,2
2.2145,-1.1108,3
0.24883,5.5162,3
-0.51248,2.9907,3
6.4138,4.376,3
0.064669,-1.4161,3
2.6657,-1.3888,3
1.7535,-3.0919,3
0.2928,1.1886,3
0.96749,4.8934,3
0.23388,-3.5799,2
-3.547,-1.5568,3
0.35039,0.58882,3
1.4202,-2.4277,3
-0.5301,3.2549,3
0.87555,-1.0476,3
1.9985,-2.1956,3
1.6389,2.9047,3
4.4906,0.69122,3
0.53659,2.5097,3
-3.073,0.094444,2
-0.63809,0.31722,2
3.7457,1.7967,3
0.81902,2.3367,1
-3.3697,-0.83222,3
-1.5182,1.68,3
-2.8969,1.2187,3
-0.30771,-1.8082,3
0.65355,2.1563,3
-0.86638,1.9843,2
0.72729,3.892,3
-1.0836,-2.3088,3
1.6083,2.3162,3
-1.0545,0.22832,1
-2.8214,0.61518,3
-0.51946,-0.92744,3
-4.1413,-0.0033709,3
1.5276,-1.5557,3
-0.15123,-1.4627,3
1.1291,-0.5616,3
0.87258,-4.1167,3
2.8259,0.82131,3
1.298,0.64181,3
1.6403,1.66,3
1.625,0.51089,3
-2.0497,0.97341,3
0.11991,0.20912,3
0.40797,2.2477,3
-0.81462,1.3167,3
-0.24971,0.27108,3
-1.1518,-0.75352,3
-1.0376,4.7005,3
-0.41473,3.0046,3
-6.068,3.3804,3
2.2021,1.9462,3
0.82368,3.5486,3
2.9382,5.252,3
1.6888,1.8215,3
2.9554,2.7596,3
2.0749,4.5238,3
0.7072,-3.7434,3
1.5302,4.5175,2
-3.7602,1.8471,3
2.0816,4.3126,3
-1.4517,0.85997,3
2.497,0.98242,3
0.072008,-1.6059,2
-0.47439,0.39527,3
-0.88778,2.675,3
1.3225,-1.2523,3
1.0401,-2.2527,3
0.57244,2.6161,3
-2.0132,-0.44381,2
-0.62015,-3.5397,3
-1.4209,-1.7183,3
-3.6941,1.4881,3
0.46903,0.45782,3
-1.5915,1.3244,3
1.4233,2.7756,3
0.60255,1.6752,3
-0.85742,-4.031,3
-0.23557,-3.0619,3
0.42351,6.0675,3
4.366,-0.096483,3
0.64134,0.96962,3
-1.6851,1.8178,3
3.3839,3.2243,3
-0.8367,-0.55991,3
-2.4616,-0.26219,3
-3.4133,2.8184,3
4.5361,4.0208,1
-0.12418,3.3295,2
0.073091,3.3243,2
0.73814,2.4511,3
3.8669,-4.0697,2
2.2352,-0.65801,3
1.3944,1.369,3
0.91758,0.04842,3
-1.6644,1.1128,3
0.15778,5.2435,3
3.5648,5.1435,3
-1.7062,-3.908,1
1.6132,4.2134,3
2.1623,-1.5067,3
1.9859,-0.89116,3
-0.9961,2.5155,3
1.6872,1.1209,3
-0.65759,-0.50319,3
0.9213,3.9161,3
0.76449,4.7959,3
5.939,0.29212,3
2.2597,1.3728,3
0.078818,1.3594,3
-3.5198,-2.0458,1
-1.3304,0.7508,2
5.0684,1.2248,3
4.6269,0.97309,3
-3.7578,0.55331,3
4.1977,3.946,3
4.9978,-0.51869,3
2.0738,0.7818,3
-0.41361,-1.0947,3
5.0142,2.3414,3
2.7595,3.9847,3
-6.0481,1.3308,3
-0.86987,2.0621,3
-1.9677,0.73325,1
1.844,1.2775,3
-1.7201,-1.6276,3
-1.1087,6.122,3
2.8288,-0.67334,3
-1.0612,0.34776,1
-2.5468,-2.2956,2
-1.4122,-0.63999,3
-0.43384,3.5637,3
0.19902,-0.36432,1
0.53795,-1.8269,3
-0.048805,0.82803,3
1.3633,3.3842,3
1.0748,-1.3376,3
0.67387,1.4989,3
3.0491,-0.42183,3
-0.95395,0.056474,1
1.8718,0.37996,3
1.3907,0.35165,3
3.1921,-0.82956,3
2.4484,3.6883,3
-2.7241,-4.6748,1
2.9603,1.3939,3
2.4309,-0.1956,3
1.8427,2.1023,3
0.79075,3.5714,3
0.87979,3.2052,3
3.5111,3.0086,3
-3.402,-0.62861,3
5.1005,0.6785,3
2.7167,0.88683,3
0.36398,2.7759,3
3.06,-1.1174,3
-1.2951,-1.6139,3
-4.4577,3.0042,3
1.6329,-0.21315,2
3.3675,-0.6127,3
1.9666,3.6455,3
4.1783,-0.8674,3
1.1769,1.2658,3
-0.73724,3.7639,3
2.9757,-1.1571,3
0.93344,0.72375,1
1.4616,1.1254,3
1.7504,2.6483,3
-0.32674,-3.1835,3
2.3565,0.34563,3
3.6083,2.9153,3
-4.1503,-0.17543,3
1.0739,-4.203,3
2.709,0.78694,3
4.3325,-0.86167,3
0.50007,0.026309,3
-1.1012,-4.7828,3
1.4925,2.204,3
1.2648,2.0165,3
0.50003,0.84888,3
-0.17379,-0.91481,3
1.6529,-3.8411,3
1.5714,-1.5934,3
-1.1808,2.5932,3
1.682,-0.47699,3
-2.2003,-0.14479,3
0.066951,-2.0588,3
0.72577,-0.039903,3
-3.2425,-1.3463,3
8.3306,2.5856,3
0.58316,-1.3114,3
1.1464,-1.1026,3
0.20869,0.026295,3
0.91287,-0.91277,3
2.7745,2.2884,3
-4.3713,1.5877,3
-4.7207,0.76071,3
3.6796,1.5717,3
-0.54172,4.4552,3
1.408,2.0539,3
3.2945,1.6474,3
0.29912,2.5361,3
1.3008,4.5691,3
-2.4885,0.89736,3
2.6411,-0.64547,3
0.5651,1.2338,3
1.8847,-3.4371,3
-2.1877,-2.0596,2
2.3051,-1.984,3
0.89184,1.9851,3
-0.14317,0.41492,3
-3.3313,1.2891,1
0.13344,2.1797,3
2.3064,4.9778,3
1.8147,-0.081567,3
3.2199,4.7332,3
-0.80577,-4.1702,2
-1.4692,-1.5964,3
-1.6699,2.2492,2
6.5818,2.1326,3
2.5531,-2.639,2
-1.5339,1.124,3
-2.4123,-2.4369,3
4.2606,-1.8785,3
2.3389,-0.48878,3
3.5167,0.82135,3
2.8645,3.6878,3
-1.3899,-0.13743,3
-3.8989,-1.0641,3
1.6586,2.4239,1
-1.7889,3.2396,1
0.6688,3.3617,3
1.6048,-0.55663,3
2.7436,0.40302,3
5.2747,4.3644,3
-1.3957,0.059705,3
-0.23629,-2.4697,3
1.6587,3.4328,3
-2.1257,-0.71639,1
-0.9395,-0.38766,3
1.3362,-0.13226,1
2.5914,3.82,3
0.27183,0.98484,3
-0.65461,2.9119,3
2.1869,3.1632,3
1.633,0.56667,3
2.0609,-0.4937,3
1.838,-4.0002,3
4.3887,0.02351,3
2.0686,4.8279,3
3.3575,0.70077,3
-0.98229,2.8578,3
-5.0357,-0.90144,3
1.4112,-2.3199,3
-2.3492,-3.6533,3
0.21974,-3.4484,3
0.74091,3.1088,3
3.8791,1.9522,3
-1.8299,-0.70289,2
-0.94743,-1.8198,3
-2.3192,1.721,3
-2.6109,1.4613,3
1.0884,-3.2023,3
5.3143,1.6257,3
4.5201,0.37535,3
2.0104,1.5643,3
-0.17785,-0.15755,3
4.6956,1.3585,3
-1.4591,-0.41175,3
-2.2751,-2.1785,2
6.1346,1.1143,3
0.43326,1.5805,3
-0.59918,-1.7276,3
-0.42493,3.272,3
1.6416,1.923,3
0.79696,-0.77303,3
-4.2908,6.0881,3
0.98631,-1.5092,3
-1.9869,3.608,2
-1.6055,-0.20597,2
0.14154,-1.2374,3
0.61223,3.7315,3
0.93162,-0.18805,3
1.5696,4.7912,3
0.12196,-3.2292,3
3.4534,-2.0851,3
-0.52055,-2.3773,3
0.0052426,1.1258,3
1.0348,-2.4583,3
-3.0054,-2.1785,3
3.3699,0.78505,3
1.9873,-2.0411,3
1.6353,-1.5125,3
-1.3448,3.5622,3
-0.15201,-2.9031,3
2.7504,1.7929,3
-2.7517,-2.5192,3
1.6642,1.1136,3
0.12129,1.7011,3
2.6209,4.4073,3
-5.343,-3.2704,3
4.0567,3.9702,3
-1.3707,-1.6746,3
-1.2655,-0.64588,3
3.2727,4.3819,3
-1.6974,-0.57641,3
-0.75254,2.282,3
-3.0351,3.5653,3
-1.8509,-2.4234,1
1.6049,1.8274,3
-2.9264,0.45007,3
-0.20071,-1.7868,3
3.7852,3.0137,3
-1.716,-1.644,1
2.8987,-3.7403,3
1.5109,-0.037592,3
-0.27226,-0.44653,1
2.0513,0.30459,3
0.52558,-3.9826,3
2.1784,-2.6637,3
-1.2251,-1.4431,3
0.39649,0.81177,1
1.7049,1.3867,3
1.753,2.8734,3
0.40277,-0.42308,3
6.3021,-5.417,3
0.95333,0.36023,3
1.9501,-0.87431,3
-1.6147,0.89714,3
3.0661,1.7918,3
-4.3012,-2.7205,3
4.1059,1.2111,3
4.379,1.7659,3
3.1785,2.9123,3
4.8596,0.63748,3
0.40927,-0.9008,3
1.7512,-3.4748,3
-4.1581,-2.2763,2
2.2586,0.45706,3
-3.1677,0.036918,3
-2.0238,1.9459,3
0.13464,-0.50141,3
0.2261,-0.28474,3
1.3291,0.99299,3
-5.6637,2.6578,3
-2.5347,-0.019166,3
-1.7622,-1.2449,3
-2.0399,-1.1316,1
-1.9288,3.5288,3
-0.1732,2.6588,3
-0.82201,2.8805,3
2.3462,3.2572,3
3.1943,2.2822,3
-0.89277,-2.1834,3
-2.0359,-0.39267,3
-0.99875,2.7472,3
2.0891,2.2972,3
-1.3839,-2.0875,3
-1.2455,0.025728,2
0.43833,2.9909,2
2.1274,3.4949,3
-0.99334,1.9814,3
3.6216,4.1447,3
-0.44398,3.6672,3
-2.393,0.72593,3
-1.4818,2.1788,3
3.0473,2.7958,3
0.26148,-2.4757,3
-2.6123,1.7704,3
-1.8312,3.085,2
6.2601,3.4568,3
-2.2321,-0.67826,3
-2.5936,3.6847,3
1.4701,-0.68489,3
-1.6033,1.5703,3
-0.45426,-0.92807,3
-0.28338,-1.0777,3
0.38178,-3.2332,3
3.2613,0.95718,3
0.61839,0.95607,3
2.0877,2.9698,3
-0.27047,0.87346,3
-1.6232,1.6395,3
3.7698,-0.81952,2
-2.9333,1.2342,3
3.1571,2.8587,3
1.1306,-0.68956,3
3.2587,0.49946,3
2.8341,5.2547,3
2.3688,-0.65893,3
-1.7486,0.66426,3
-0.05307,0.49743,3
-3.0594,-0.59296,2
4.0784,-0.13651,2
-1.7895,-2.3262,3
-0.022603,0.31264,3
-0.11174,1.302,3
4.4007,5.0292,1
0.42454,-0.78231,3
-2.0134,0.046887,3
-2.2714,-1.46,3
2.5942,2.2949,3
-0.0054925,-2.2036,3
-0.58514,2.6941,2
0.78057,-0.66456,3
4.1895,1.3687,3
-1.4456,1.126,3
0.70004,-0.5959,2
1.0659,0.88856,3
0.82306,-0.73393,3
0.98591,0.26437,1
1.1375,1.7829,3
-1.7611,-0.34456,3
-0.97169,-0.93237,3
-4.5246,-3.5326,3
0.040826,-1.9961,3
3.938,-4.5104,2
1.3267,-0.26902,3
-1.0588,1.1948,3
-1.0908,-1.7031,3
0.61956,2.3212,3
2.5204,-1.6044,3
-1.2922,2.2598,3
0.60497,1.1084,2
-0.26378,-0.082738,3
-3.1101,-1.9661,3
2.1449,4.1332,3
2.1616,-3.8024,3
0.864,-2.143,3
2.0664,1.974,2
2.3381,0.91641,3
1.6055,0.96321,2
-0.13993,3.8029,3
-0.43615,0.20751,3
3.4246,2.512,3
0.44676,2.1315,3
-0.57582,1.8294,3
4.3134,3.8118,3
-0.042965,-0.28464,3
-2.4532,1.9871,3
-1.1155,-2.3534,3
0.23928,-3.5342,3
3.5539,4.578,3
-0.53203,-0.58008,3
1.7259,1.0358,3
-0.10247,-2.7194,3
1.3383,-1.7325,1
4.5557,-1.7088,3
2.8361,-1.574,3
2.2583,4.1263,3
-1.1127,0.71615,2
2.0203,-0.64376,3
1.7825,-1.0382,3
-1.7299,0.95534,3
-0.42266,1.3746,3
0.031014,0.97875,3
-1.529,-2.9723,1
0.50151,1.2372,3
1.5038,-0.78405,3
-2.3064,-1.2108,3
3.7481,-1.316,3
1.6405,-0.31939,1
2.1492,1.8333,3
-0.070484,-1.8409,3
-0.83963,4.6373,3
3.4273,4.2047,3
-0.83904,-1.4453,3
-2.2414,-0.95826,3
1.5418,-5.2141,2
4.0642,1.579,2
0.20723,-1.505,3
-0.05745,-1.3396,3
3.9448,-1.3365,3
-0.87745,-1.0148,3
0.16879,-0.89749,3
4.1603,1.1022,3
-0.18441,-4.3815,3
1.4379,-0.69544,2
5.7405,-2.8261,3
-2.9537,-0.36429,3
4.3153,1.8939,3
-0.10569,0.79197,3
0.50011,-1.8783,3
0.57384,-0.6516,3
-1.4229,1.5016,2
0.057311,1.6495,3
0.88843,1.6883,3
1.4766,-0.16578,3
2.1013,2.1469,3
3.8931,2.4146,3
0.16074,-2.0437,2
0.53226,4.6963,3
-2.3147,-1.0574,3
2.6913,2.2022,3
1.2801,-0.16606,3
-3.8216,0.85586,1
0.95934,3.0639,3
0.38177,4.3878,3
0.51167,-2.2918,3
-6.7352,0.78898,1
-1.4587,-1.519,3
-2.0416,-3.6272,3
0.32754,-2.5946,1
-3.4064,0.12284,1
3.3636,-2.7057,3
0.97191,1.7193,3
2.5976,1.6799,3
-0.19062,1.0925,3
2.9313,0.50124,3
-0.1796,0.4148,3
1.2204,-0.72686,3
2.144,-3.1047,3
4.5366,-0.28568,3
1.7738,0.72954,3
-0.80485,-3.3736,3
-4.444,-2.8729,3
0.74549,1.7332,3
0.66174,1.1726,3
0.26063,3.7428,3
-0.27461,-1.294,3
0.18487,-2.6817,3
-1.4986,0.33947,3
0.5581,4.7962,3
0.96462,-1.1877,3
-1.4859,-1.5199,1
2.789,1.8093,3
3.4247,0.95457,3
2.0515,1.371,3
6.0433,3.2282,3
-0.91726,-0.93909,3
1.7274,3.1053,3
1.2717,0.48938,3
-0.98685,-1.8954,3
1.5541,-2.2392,3
-0.59166,0.072946,3
0.6322,0.38187,3
2.7998,1.7366,3
1.1828,2.3478,3
-2.2965,1.3953,3
-2.2773,-3.2261,3
1.0428,-1.5448,3
3.0043,0.92274,3
1.9521,1.3807,3
1.1744,4.5252,3
2.627,0.47607,3
0.71348,0.77046,3
-2.3619,0.48417,1
1.3801,4.5783,3
2.7789,3.7053,3
0.17317,0.23217,3
1.6488,-2.4923,3
-1.5376,1.6777,1
1.0134,0.24847,3
1.7798,-0.19298,3
2.0628,3.9548,3
1.5462,2.9086,3
-0.12906,-0.69251,3
1.5531,0.33396,3
0.32673,-1.8048,3
3.7637,0.56647,3
2.1203,1.5805,3
1.6929,0.14108,3
2.3053,-1.4846,3
-2.5495,1.4608,3
-3.7556,1.6382,3
-1.834,-1.0564,2
4.4947,3.1855,3
-1.1286,1.538,3
0.46382,-0.068817,3
-2.3901,-0.70148,3
2.5368,2.9389,2
-0.17684,1.1683,1
-1.2436,-0.79383,3
-0.55231,1.5201,3
-3.3321,-0.92885,3
0.015401,-0.54823,1
-2.6839,-4.3918,3
0.61065,-1.9384,2
3.937,-1.5174,3
-2.3223,0.99376,3
0.86465,0.94851,3
1.9706,0.57346,3
-1.2155,1.7769,3
0.39901,-3.4101,3
-0.30432,3.5353,3
1.8203,0.99223,3
0.88711,-1.9541,1
5.6879,2.4834,3
1.8276,6.066,3
-0.52613,-1.757,3
0.069849,-3.4991,3
-0.50605,-2.0818,3
1.1251,-0.37867,2
3.9647,1.5465,3
-0.1177,-1.6303,3
-3.1459,-1.6392,1
1.1992,2.2334,3
-5.2205,0.25523,3
-0.72955,-2.5147,1
3.2382,-2.5882,3
-1.4272,1.1636,2
3.9205,5.5166,3
2.3632,4.4164,3
-2.431,0.077718,3
-1.7335,1.4423,3
-0.13805,-0.33719,3
2.6099,-3.2142,3
-2.8373,1.8132,3
2.707,0.43235,3
0.0045682,-1.8502,2
-1.626,-0.87735,3
-2.1228,-1.3573,3
2.7277,-1.9268,3
0.60571,0.64175,3
-3.3142,0.15951,3
2.5319,1.9896,3
0.13284,-1.81,3
1.7991,1.2339,3
-5.2035,2.6374,1
0.36373,3.858,3
1.4757,-0.18535,3
-2.1103,4.0529,3
2.0418,2.5693,3
3.7995,0.49554,3
4.1554,1.969,3
2.7081,1.8393,3
1.6696,-3.2843,3
1.5799,0.16644,3
3.6204,1.4459,3
0.94602,1.8269,3
1.8924,0.32957,3
-3.9948,3.9564,3
1.6801,-0.58466,3
-0.069795,0.95834,3
6.2252,0.94774,3
0.97728,-0.13529,3
2.941,-0.57782,3
-1.8128,-1.0529,3
1.3491,-2.2515,3
0.43791,-2.8304,3
-5.5705,-3.874,2
1.4739,2.1692,3
-1.9156,-0.86533,3
0.16,2.6311,3
-0.98304,1.1884,3
1.1557,1.5516,2
-2.434,-0.53259,3
0.13649,-2.1352,3
1.97,-3.0562,3
2.5458,3.6411,3
-1.5538,0.26828,1
0.67783,1.3042,3
-0.61846,-1.2272,3
1.7627,1.1298,2
-0.52017,0.090008,3
-3.6526,1.0313,3
0.88528,1.212,3
3.2282,1,3
2.4766,-1.1217,3
4.3711,1.5732,3
1.9005,-1.848,2
-0.54866,1.7158,3
0.44846,4.4234,3
-0.23692,1.9815,3
0.076957,-2.5661,3
0.71356,2.7858,3
-0.13776,-1.5981,3
0.5984,-0.39091,3
2.7352,-1.3239,3
1.9242,1.4532,3
4.455,1.4746,3
0.62143,1.1352,3
0.59065,-3.5331,3
-2.3178,-2.3655,3
-0.74822,0.0097063,3
0.65034,-3.2554,2
2.3707,-0.59301,2
-2.6929,-1.7004,3
-0.17683,0.21837,2
1.9816,6.0356,3
-2.5887,-1.4774,3
-0.44532,-2.7535,3
-0.027756,-0.32455,3
-0.7691,1.5409,3
-3.2494,-4.5457,3
-0.34595,-0.3723,3
1.2084,1.1347,3
-1.48,-1.3406,3
-2.8563,-1.4992,3
-0.51812,-1.6566,3
1.9947,0.96585,3
0.2806,-0.12705,2
4.1688,0.071224,3
-3.3131,4.1863,3
1.4377,-0.73276,3
3.8884,3.8069,3
-4.1986,-3.0383,3
0.89458,-2.639,3
2.2329,7.8508,3
-0.30991,1.6984,3
1.4566,2.7346,2
2.6166,2.4764,3
6.3171,1.2546,3
-0.29385,-3.2764,3
1.0376,4.0141,3
-4.3566,-0.064455,3
0.37113,-0.13054,3
-0.29553,-3.0762,3
2.4336,1.1276,3
2.3183,2.1005,3
-0.96197,-0.4065,2
-0.421,-1.6262,3
-1.4547,2.0224,3
2.485,4.0163,3
0.36739,-0.40021,3
-1.8174,-4.8151,3
1.1761,-1.7592,3
-5.4371,-1.9783,3
0.36245,-2.1124,3
-2.3877,1.8682,3
0.1038,1.4007,3
-1.254,2.7259,3
-1.9079,-1.781,3
1.7934,2.0343,3
3.9642,0.74059,3
-0.74456,0.88765,2
-0.42442,-1.0469,3
-0.7278,-0.5445,3
-0.95379,-1.615,3
-0.1401,-2.5115,1
-0.38873,-2.0607,3
1.0532,-2.244,2
-0.86036,-1.7611,2
1.377,2.024,3
-4.9284,-3.8129,2
-1.3589,4.6073,3
-0.57881,2.1967,2
-0.94615,-0.60481,3
-0.70918,-5.2795,3
0.5629,5.9081,3
1.6835,-0.81583,2
0.3448,-0.1907,3
-0.94409,2.9573,3
0.9424,-2.6727,3
1.3418,-0.28829,3
-0.3605,0.58578,3
-4.4714,-0.23153,3
2.2087,0.61518,3
4.354,2.2824,3
-1.3818,-2.8768,3
1.5178,1.5494,3
-1.9064,-2.2494,3
2.958,0.55452,3
-1.0741,-2.4643,3
-0.41384,-0.73251,3
-6.0694,-2.128,3
0.2105,0.11555,3
0.066692,-1.1165,2
-0.94847,-2.831,3
1.4556,-2.6185,3
-1.5166,-0.12675,3
-2.5518,-2.961,1
0.52835,-0.44647,3
-1.7832,-2.8147,3
-0.13794,-0.22727,3
2.4179,2.0577,3
4.149,-1.6295,3
2.3147,0.82473,3
1.3962,1.6814,3
-1.0538,-0.1034,1
2.4934,1.7885,3
1.4112,1.5001,3
0.47025,-1.3435,3
4.5796,0.35841,2
-3.6231,0.65176,3
-0.37476,2.6483,3
1.2056,-2.9403,3
3.318,0.17963,2
-2.3748,-1.723,3
4.2458,3.5211,3
-4.2622,-0.82961,3
-5.5791,0.57088,3
3.4612,2.0124,3
1.9164,4.4623,3
1.9035,2.3239,3
-2.7549,0.12417,3
2.6002,3.5568,3
-2.0563,0.62133,3
-0.75551,1.4429,3
-3.115,2.0508,3
2.7666,-3.4891,3
-0.24891,-0.43201,3
-4.9584,-2.0033,3
3.2584,4.4826,3
-2.4208,1.3774,3
-2.5997,-1.9055,3
0.27398,1.0168,3
3.4443,-0.59793,1
2.1188,1.9597,3
0.31475,1.2468,3
1.9177,0.2164,3
1.3347,-2.5809,3
-1.0973,6.1427,3
3.2087,3.8429,3
2.7338,-0.87422,3
-3.3699,-1.4785,3
1.1747,0.80385,3
0.38742,-1.6701,3
-1.2998,0.08058,2
1.1167,-0.82895,3
0.7056,4.0855,3
-0.97329,1.9765,3
-0.68574,-1.0575,3
2.7953,0.66766,3
0.95286,2.8249,3
-1.3002,-1.5292,3
-2.1425,0.72228,3
0.28637,2.0929,3
1.1847,1.7479,1
1.857,1.1228,3
-0.13304,2.439,3
0.34438,4.9537,3
-1.4535,1.9545,3
5.3014,-0.83999,3
-3.3371,0.98413,3
1.9015,0.56171,3
1.2336,2.1291,3
-0.69546,-2.2298,3
0.98254,4.5549,3
-0.78162,-0.5888,2
6.7683,-2.9281,3
1.0777,1.1503,3
-1.8517,0.51306,3
-2.57,0.052896,2
0.35083,-0.89594,3
3.9386,-0.72195,3
1.9138,-4.1256,3
0.92146,0.47567,3
1.1571,-0.58743,3
-0.82593,-1.065,3
3.3287,-0.77556,3
2.3807,1.1902,3
2.2134,-1.7564,3
2.1316,3.5181,3
1.8215,-1.8205,3
3.4986,-1.8746,2
3.5355,2.4969,3
-0.87555,-0.42516,3
0.74377,0.65356,3
1.7192,0.15963,3
-2.2793,-0.55486,1
-0.31183,-2.5713,2
-1.661,-0.52826,3
1.9318,4.6975,1
2.9347,1.3679,3
-0.4994,0.38816,3
0.21115,1.1852,1
4.231,4.1892,3
-3.6977,-0.77244,3
1.0638,5.4517,3
-1.7407,2.1763,3
0.19513,3.497,3
-1.5501,4.2245,3
0.38788,1.6187,3
2.7648,3.9006,3
3.262,2.4668,3
-1.3449,0.078655,3
-4.1061,2.5119,3
0.54852,2.7466,2
0.48151,2.728,3
-0.30307,2.3522,3
-2.0567,-1.4871,3
0.32875,-2.63,3
-0.28159,1.6382,3
-2.8045,-3.475,3
0.54258,-3.7032,3
-1.448,0.833,3
-5.6575,2.4663,3
-1.8168,2.3365,3
1.512,0.75519,3
4.981,2.7066,2
0.5546,1.0201,3
1.8861,4.4187,3
-1.7884,4.146,3
1.4454,2.3951,3
3.178,0.11311,3
3.8253,0.56686,1
-1.6103,0.43332,3
3.4171,0.41495,3
-2.2683,-0.88135,2
6.3149,2.5446,3
2.7608,1.1544,3
1.9925,-0.19858,3
0.89811,2.7373,3
-2.5651,-1.656,3
1.6501,2.6185,2
-3.466,-1.162,1
-1.1061,0.8472,3
1.0318,-3.9202,1
3.0261,3.3279,3
2.2443,-0.59644,3
-2.2118,-1.7097,3
1.826,3.7149,3
3.8436,-0.70163,3
1.0319,-1.3088,2
-2.1605,3.7933,3
0.58825,-0.017269,3
1.9673,4.5839,3
-0.57998,1.3358,2
-2.2988,-1.731,3
-3.4488,1.2515,2
0.36916,-0.19275,3
-0.80859,0.16995,3
-0.043336,-1.4405,3
-2.2982,-0.36276,3
1.2342,-0.78192,3
2.0899,0.72265,3
-2.0684,-0.23023,2
-0.13794,-2.2989,3
1.051,-4.6487,3
-0.46637,1.955,3
-1.1334,2.8505,3
-0.14204,-4.589,2
1.0239,3.6675,3
4.9438,-0.4641,3
-2.4104,0.22589,2
-2.9891,-1.2144,3
3.8018,-0.25128,3
3.5478,-0.14061,3
-0.7798,-0.98734,3
-1.7841,-1.0923,1
2.734,-1.5907,3
-2.9488,1.9677,3
-2.4836,3.278,3
0.33962,-2.0083,3
4.8094,7.0198,3
1.6006,1.3231,2
1.1951,-1.2827,3
3.2754,-4.3225,3
-7.0782,-4.1351,3
0.022426,-1.4091,3
-0.63917,-0.34234,3
1.5535,-3.4215,3
0.31327,1.845,3
-4.9375,-0.11276,3
0.18392,0.70706,3
1.4029,0.67405,1
-4.2322,-0.22911,3
2.2703,0.32217,3
0.87541,1.9085,3
0.14383,0.18333,3
0.21067,1.2301,2
0.67767,-1.8858,3
8.845,-0.061741,3
-2.57,0.55325,3
2.2613,0.27572,3
0.2998,1.5691,3
1.5458,0.54389,2
3.8734,1.4981,3
1.5615,-0.14879,1
-1.8873,-0.93843,2
-3.2936,-0.5154,2
3.5718,2.2354,2
-1.3597,-0.70076,3
0.16026,-1.6143,3
1.4552,4,3
2.4016,0.89598,3
0.56337,1.1646,3
1.9796,-0.42281,3
-2.5607,-2.5407,3
-1.4114,-0.88674,3
0.46707,-2.0104,3
-1.0447,-2.2505,1
1.7619,-1.0231,3
0.52047,-0.18821,3
2.0162,3.3346,3
-2.4471,5.492,3
0.25145,2.1904,3
-3.2628,-4.402,3
2.7067,-2.0479,3
0.24707,5.5189,3
-2.0772,-2.0732,3
0.14097,-1.1332,3
-4.4126,-1.1519,3
-0.64069,0.13095,2
2.1949,-2.4974,3
1.9661,2.6295,3
0.6079,3.0848,3
1.0445,-5.7433,1
-1.0599,-0.36375,3
0.41463,-1.1191,3
-0.0236,0.32475,3
-3.1121,1.2358,3
1.2794,-1.9393,3
-2.6373,0.24422,3
-1.4086,-0.55055,2
-0.88154,2.5355,3
-2.649,-0.38875,3
-0.49469,0.079622,3
-1.1384,-1.2445,3
1.7976,1.6475,3
-1.6696,3.5639,3
3.4876,1.7749,3
-1.9749,3.2364,3
-0.68535,-4.1504,3
2.0696,3.3952,3
0.71107,5.4181,3
-4.3045,-1.0121,2
-1.0894,0.46178,3
2.1651,1.2065,3
0.64773,0.95555,3
1.1766,-3.2718,3
1.8508,3.6105,3
2.9585,-0.4809,3
2.2658,1.0751,3
1.0542,-1.8073,3
2.1423,2.5364,3
2.7334,8.5961,3
-3.0369,0.028343,3
2.6797,0.73174,3
-3.8724,-1.0819,2
1.0258,1.7044,3
-0.7307,1.9115,3
-1.4803,-1.4775,3
1.2622,0.94375,3
3.1804,2.292,3
-4.2347,1.2046,3
-0.97515,1.91,3
-0.21431,-0.88349,3
-0.94697,-1.8101,3
1.2637,2.128,3
1.2342,0.2158,3
1.1921,0.7462,3
1.1976,-0.41573,3
-0.46234,0.88212,3
-4.5445,0.26102,1
3.1165,1.6541,3
-0.46934,-3.4757,3
2.8109,0.38665,3
0.06827,0.12351,3
3.008,-3.6713,3
1.4194,-1.6646,3
3.606,-2.4213,3
-4.0494,-4.8447,3
-2.9234,-1.3729,3
3.1795,2.3953,3
-0.96055,2.1856,3
1.1458,2.2966,3
-1.2929,2.2315,3
-4.144,-2.3011,2
1.8036,-2.6592,3
2.0714,2.317,3
-1.6154,0.15272,2
0.22517,5.4856,3
-2.5981,2.3713,3
-0.31592,-0.1277,3
0.91159,0.34271,3
-2.6276,-0.16448,3
-0.52702,-3.878,1
0.29873,4.1956,3
2.6577,2.1155,3
-0.60046,-2.4012,3
-2.2472,0.44145,3
0.77195,1.1533,3
2.7306,-0.76782,3
-1.919,4.0832,1
-1.0231,0.3837,3
-1.195,-1.7556,3
0.28667,-2.1715,3
2.0424,4.8684,2
0.73366,-1.1127,3
-0.67325,1.9435,3
-4.1243,2.0528,3
5.0427,3.4716,3
-1.2574,0.43098,3
2.7643,5.0657,3
-3.4767,-2.9026,3
4.4552,-1.5395,3
3.7884,3.3923,3
-2.6269,-3.6989,3
-0.76443,0.61195,3
-2.4078,4.1677,2
2.3853,-0.99243,3
-2.5349,0.77935,2
2.2631,0.33658,3
-0.96736,0.21727,3
3.0348,3.8686,3
1.6298,-1.1235,2
0.82849,1.8608,3
-0.74595,1.6811,3
2.2207,-0.12773,3
0.16036,-3.2812,2
0.68616,-2.1944,2
3.7711,3.7193,3
-2.371,-0.95116,3
-1.675,-0.88627,2
2.1486,3.0711,3
0.86127,0.28147,3
-0.081979,0.50048,3
-0.1232,2.0657,3
3.2935,-0.036811,3
4.1496,6.2604,3
1.6568,2.999,3
-5.1699,0.83009,3
-0.54724,3.6311,3
2.9442,4.7346,3
3.4452,-1.8172,3
1.8421,0.80916,3
-1.6844,1.999,3
0.43584,0.53039,3
3.3141,0.78141,1
-1.1966,-1.5617,3
1.3314,-2.0831,3
-5.3923,-3.361,3
2.8757,2.1103,3
0.30347,-1.6093,1
-0.62843,0.53686,3
1.1598,0.84729,3
0.93636,-3.8641,3
-0.56535,-0.092146,3
1.98,-1.0515,3
4.0701,1.9668,3
-2.407,-0.60346,2
4.5694,5.1727,3
-0.041727,0.35174,3
-0.62542,3.2214,2
0.95261,-2.1582,3
-0.14297,1.6958,2
-2.1882,-2.62,3
-0.8658,-0.060223,3
0.66621,2.2181,3
1.6021,1.9838,3
0.8663,-0.61485,3
4.4754,-0.31428,3
-3.5273,-1.8073,3
-2.5727,-1.1792,3
0.85526,0.82249,3
-1.8544,-2.9533,3
-0.55881,3.8472,3
2.4075,3.8996,3
-2.346,1.8043,3
-2.2158,-0.76958,1
-2.0429,-1.1033,3
3.2633,3.6484,3
-1.0261,-1.1627,1
-2.0098,-0.24361,3
4.7714,2.6517,3
0.53623,-1.0901,3
-1.1911,-2.91,2
2.285,4.9287,3
2.6284,-2.4564,1
-0.946,2.2837,3
-0.57219,-0.37057,3
-0.019689,-1.7078,3
2.7599,0.020479,3
1.6265,-4.0327,3
-2.1748,-2.3414,3
0.31748,3.8139,3
0.31072,0.58114,3
1.7512,3.1015,2
0.36277,-0.87405,3
0.04963,-0.00085036,3
-0.077264,2.7525,3
3.3571,-4.3266,3
1.4729,0.38163,3
2.2325,-2.8133,3
1.367,1.0284,3
-3.6773,-0.95683,1
2.2556,2.166,3
4.8276,-0.45317,3
2.0936,3.6663,3
1.0555,-1.2746,3
-0.96441,1.5148,1
1.0915,0.90612,3
-0.53326,0.98105,3
-1.7514,1.3785,3
-1.7259,0.45984,3
-1.8588,3.1482,3
1.3953,-1.6854,3
5.4375,-2.3402,3
3.0654,-1.9677,3
-0.082904,4.4014,3
-2.1201,-4.1323,3
3.1651,1.7729,3
-1.0724,-2.9797,3
1.5686,-0.34251,2
2.3495,-2.8095,3
-1.6638,2.072,3
0.13274,0.3197,3
0.073477,0.015472,3
0.29874,-1.1065,3
1.209,-0.43063,1
-3.5663,-1.6695,3
3.5471,1.1117,3
-1.6376,-3.7745,1
3.3836,-0.63826,3
0.73797,0.1723,3
1.2198,3.2978,3
0.34515,-1.3336,3
2.1127,-1.4138,3
1.1893,2.2413,3
0.18763,-0.37559,3
-0.55074,0.066988,3
1.9986,1.5014,3
-2.9617,-2.7531,3
-1.6913,1.6735,3
7.9813,2.8807,3
3.3124,0.58978,3
-1.2105,-0.80494,3
5.3181,2.9648,3
-0.28348,5.0897,2
-3.0934,1.2273,2
-0.35644,-1.8141,2
-1.9907,3.2682,3
1.0765,0.57276,3
-1.7219,-4.0386,3
1.5822,1.8904,3
4.9334,3.1245,3
-2.4841,3.0578,3
-0.03259,-1.9109,3
0.55762,-0.070796,3
1.8088,-0.56323,3
-0.54825,-4.0217,3
0.82482,-1.2437,3
-1.5163,0.81497,3
2.4002,4.4619,3
-0.010847,0.56026,3
2.528,4.4518,3
3.7176,1.9371,3
-2.0001,3.7664,3
-5.0978,-1.8847,3
1.1501,1.5452,3
3.3658,6.2239,1
1.1986,-1.3757,3
-1.8106,0.61571,3
0.18611,2.5777,3
-1.8602,1.3777,3
-0.67001,-0.41246,2
2.9877,0.92213,3
-0.29527,2.4642,3
0.7417,-0.80417,3
-1.86,-1.0209,3
0.19491,2.0187,2
2.1151,0.41957,3
3.1205,1.6492,3
2.9012,1.7964,3
-3.4001,0.74478,3
-0.60383,-0.17257,3
1.594,-2.0494,1
1.6974,0.10403,3
-2.3189,1.0078,3
-2.0411,-0.89364,3
3.663,3.3927,3
0.30611,-3.2578,3
1.8346,-2.4417,3
1.6835,5.5808,3
-1.3684,-1.8667,3
-3.608,-1.5661,2
4.3564,2.5056,3
-1.5028,2.1324,3
3.802,0.5332,3
2.6366,-2.5782,3
-1.3076,-0.11742,3
-1.9182,-3.2343,2
-2.389,-1.8821,3
1.2796,-0.83612,3
1.6349,0.39285,3
3.6186,1.383,1
-2.1551,0.0824,3
3.6024,1.9377,3
-0.60033,-6.0298,3
-1.3934,4.0522,3
-0.28297,-3.2463,3
-0.33028,0.243,3
0.25463,2.5098,3
0.55821,-0.96108,3
2.2955,0.42376,3
-1.9531,0.66526,3
4.3392,0.83365,3
-0.87856,0.67096,3
-0.47684,1.5647,3
-0.69539,-2.6541,3
0.22579,2.6723,3
0.44243,-1.6663,3
-0.49926,3.853,3
-1.7636,-4.8211,3
-1.8855,-3.2299,1
2.3037,1.8324,3
2.0737,1.1499,3
0.84221,-0.13336,3
0.60107,3.7389,3
-1.1243,4.8423,3
2.6165,-0.73369,3
0.47582,0.50311,3
-2.1268,-0.32154,3
-1.2898,0.19569,2
-4.1095,-4.2003,3
1.5115,1.2345,3
1.5764,-1.4493,3
0.80202,-1.5589,3
2.0621,0.99733,3
-1.4965,-0.36327,3
1.152,2.3094,3
-1.3439,-1.0946,3
3.8719,2.2448,3
2.8758,0.80529,3
1.3806,-1.7695,3
-2.44,-2.0028,3
-1.977,1.549,3
-1.0575,-3.3211,1
-2.6439,2.5922,3
-2.2556,-1.3207,3
2.9121,1.6382,3
1.6068,-3.2461,3
0.31499,0.39195,3
0.80156,-0.18459,2
0.14105,3.5256,3
0.42675,1.4011,3
1.9512,-0.38861,3
1.7748,0.0098288,1
-2.8689,1.8514,3
3.3688,1.6198,3
-0.92816,-0.072508,3
-0.86531,1.6959,3
-2.3447,-1.551,2
-5.1174,-1.0694,2
-0.25538,-0.38122,3
1.7194,-0.47038,3
-2.1325,0.43606,3
1.0664,2.5416,3
1.1343,2.2339,3
-0.83768,3.7892,3
5.4423,3.3528,3
-2.1748,-4.1062,3
2.628,-1.8461,3
0.15316,-1.9276,3
1.6995,0.36822,3
2.5708,-0.64758,3
0.65086,3.2545,3
0.93072,4.5823,3
2.1043,1.9981,2
5.2039,2.4898,3
-0.34891,-0.14369,3
4.1829,0.15633,3
-2.0612,-1.7195,3
1.2085,3.0219,3
-1.0427,-0.02737,3
2.9362,0.48514,3
3.6919,-0.49156,3
-0.61786,-5.4929,3
5.2557,3.5796,3
-0.27092,1.2756,1
-3.5748,-4.6265,2
-0.49901,1.2756,3
-0.30084,2.2885,2
1.7167,1.4584,3
-1.1951,-0.11978,2
-0.0045296,-1.0471,3
2.2779,-2.6064,2
2.8991,-1.2259,2
2.2634,-1.5276,3
-0.34546,-0.55707,3
2.0249,0.76228,3
3.5796,0.27083,3
2.196,3.9379,3
3.2396,3.722,3
-1.3273,0.79794,2
-2.1432,-5.5647,3
0.44016,-1.6659,3
0.59238,-0.64294,3
5.2434,0.59903,3
0.73222,0.47962,3
0.14303,-4.9566,3
1.4253,0.44684,3
2.669,1.8231,3
-0.45059,2.7733,3
1.7402,2.5092,3
2.9535,2.1543,3
-1.9071,2.2916,3
1.6953,-3.153,3
4.5627,0.85849,3
-1.1728,-2.3191,3
0.63876,-1.3237,3
4.6705,1.179,3
2.3742,4.1363,3
1.3584,2.0536,1
-2.6959,-0.90084,3
1.287,0.49854,3
-0.66493,-0.077427,3
-0.57328,0.1384,3
-2.4072,1.3636,3
1.6512,0.52965,3
-0.37079,4.5779,2
-0.3911,-2.7068,3
2.456,2.0281,2
-0.52697,0.35347,1
-3.8962,-2.8197,3
1.8535,0.85033,3
-0.16714,-2.192,3
-3.7913,2.5149,1
-0.021375,2.237,3
0.83357,2.139,3
-0.92349,-2.3272,3
0.69104,0.92611,3
-0.4454,6.0176,3
1.2835,0.50989,3
-0.33489,-0.21465,3
1.9982,2.6281,3
-0.54322,-1.9137,3
-1.352,-1.3364,3
-0.49349,-0.86373,3
-1.2176,1.3922,3
3.9889,4.2135,3
3.1734,-0.45793,3
0.75084,-1.0679,3
1.4245,-0.46747,3
2.8633,3.5439,3
6.4052,2.4565,2
1.9449,-1.9887,3
-3.7618,1.4705,3
0.57731,1.1119,3
2.7563,2.64,3
-0.3717,-0.24574,3
2.2476,0.86962,3
4.9529,-0.5851,3
-1.2648,4.053,3
1.7704,0.15313,3
-0.61677,1.6562,3
-1.0582,0.35632,3
3.1847,1.7765,3
1.3717,3.9705,3
-0.67176,-1.8703,3
1.5051,2.7014,3
3.9086,2.1985,3
2.2504,0.21378,3
5.0791,-0.37432,3
1.407,-1.0241,3
-0.5297,0.39292,3
2.1748,1.0208,3
-0.37774,-3.6845,3
-1.3707,-0.21888,3
3.349,1.924,3
1.0714,-0.46304,3
2.7778,2.4706,3
0.93845,2.4491,3
1.8697,-0.60202,3
-0.96741,0.050512,2
-2.7481,-0.46933,3
4.3282,-1.9062,3
-4.412,1.8987,3
-3.1017,1.1013,3
1.9489,0.032848,3
-0.82545,0.92983,3
3.6021,-0.19561,3
2.7647,-2.3474,3
-1.9707,1.463,3
-1.8916,0.056852,3
-2.1585,-0.57498,3
-0.073948,0.842,2
1.2831,-1.4253,3
-1.0546,1.4183,3
4.2564,3.9322,3
4.0183,1.678,3
0.84881,0.23322,1
-0.82139,3.6146,3
1.7272,0.081771,2
-3.2529,-2.923,3
2.8301,-3.4978,3
0.070174,-1.3234,3
1.9455,1.6334,3
1.4798,-1.6263,3
-0.85898,0.70078,3
0.28701,3.2214,3
1.0182,4.0098,3
-2.6196,1.2284,2
2.7805,-0.10896,3
0.97045,1.3704,3
0.38517,-0.64593,3
-0.60778,2.439,3
-0.0023357,2.2517,3
-2.9744,-1.2295,1
0.2877,1.5662,3
0.50747,0.9479,3
-1.6009,-0.056673,2
2.3641,2.3876,3
-1.7813,2.6055,3
1.2527,0.07639,3
-0.081531,-2.0579,1
4.8249,0.19606,3
5.8645,3.2521,3
-0.4935,0.23877,3
-1.0844,0.94133,3
1.5179,0.49299,3
3.735,1.8715,2
-0.66353,-1.2051,2
0.35971,1.2906,3
3.5535,0.46251,3
3.5679,0.31257,3
-0.052947,-1.8676,3
4.3923,1.8605,2
-4.3688,0.38903,3
0.1659,-1.0598,3
-1.4788,-4.4093,2
-3.3135,-3.9505,3
0.99559,2.4303,3
0.087604,2.3193,3
-1.4637,-1.3528,3
-0.056674,1.6552,3
-1.3806,-0.90876,3
-1.7595,1.4896,3
0.53327,-0.75934,3
4.7881,4.0104,3
-1.2829,2.9663,3
2.1789,-1.8198,3
2.0779,0.95351,3
5.5524,1.2981,3
1.9748,-0.52645,3
-2.1476,-2.6973,2
0.96132,0.1021,3
3.0199,5.8612,3
1.1672,0.36325,3
-0.68116,0.94123,2
0.40233,-3.7808,3
-3.0911,1.1396,3
-0.74606,0.27758,2
1.032,-1.2445,1
-1.3437,-1.5347,3
-2.158,-0.93978,3
0.15692,3.8754,3
0.75719,-0.86814,3
1.3432,-3.0172,3
-0.95182,-0.83778,3
0.1332,0.26487,3
2.0714,0.6629,3
-2.1851,-2.7789,1
-2.1571,1.7421,3
3.1026,0.85788,3
0.54317,0.31426,3
-0.41437,-1.1077,2
1.4098,0.2455,3
-0.16297,3.6463,3
-0.83806,-1.0331,3
-0.31497,1.0681,3
4.8576,2.8716,3
1.204,5.6792,3
-0.54264,-1.5299,3
-2.5141,-0.51348,3
-1.7997,-3.5365,3
1.1029,0.11816,3
2.6403,1.2428,3
-1.7171,3.6094,3
0.83116,1.7741,3
4.2294,2.6177,3
0.053701,-1.3316,2
0.59343,-0.20706,3
2.8608,4.1251,3
2.2672,3.512,3
-1.9114,3.7594,3
2.892,1.083,3
3.8213,-1.3667,3
0.02832,1.1868,3
1.8794,0.12702,1
3.7041,0.6559,3
-1.4485,3.653,2
2.5295,-3.9859,3
1.7473,2.8581,3
0.5751,1.417,3
1.3646,0.53939,3
-1.1765,2.674,2
2.4228,5.5531,3
-0.48165,2.3035,3
0.57388,0.70546,3
-0.42041,0.57833,3
3.2022,-1.6195,3
-1.5583,5.2586,3
-0.36835,-2.8416,3
-1.1193,-2.5079,3
3.1507,0.33532,3
-3.3247,1.1987,3
0.12809,-3.321,3
3.0315,1.0876,3
1.309,-2.3129,3
1.7276,3.2162,3
-2.9877,-2.204,3
-0.45102,-0.77706,3
1.4039,0.65404,2
-1.9273,-0.98077,3
-0.79308,-0.84165,3
3.0619,2.4554,3
2.4276,-0.37905,3
-0.065161,5.1347,3
-1.244,0.14278,3
1.5134,1.2284,3
-2.0606,2.8642,2
0.98692,1.622,3
-0.093137,2.5624,2
1.9128,-2.402,3
-1.6076,0.6289,3
1.5203,-1.8009,3
-3.3577,0.27112,3
-0.73705,2.6924,3
-0.39653,1.9524,3
3.802,4.7769,1
2.3773,0.38492,1
-0.0064356,-0.39254,3
-1.6975,6.7193,3
-2.6483,-4.9853,2
1.7118,0.44374,3
0.25171,-1.7438,3
-2.902,-0.45846,3
4.1745,-2.3122,3
-0.51595,3.828,3
-2.3893,-1.3416,1
-3.4317,-1.3721,3
-1.0464,3.8627,3
-1.1738,-0.42421,3
-3.7455,2.9654,3
-1.8478,3.1429,3
0.70753,0.29651,3
-2.9163,0.87202,2
1.3463,-2.3355,3
-3.9063,0.11484,3
1.7414,-1.8385,3
-2.0568,-1.6802,3
2.5011,1.1769,2
3.4008,5.3629,3
0.88599,-1.5435,3
-0.16796,1.6062,3
-0.36962,1.7212,3
-5.2385,-3.6506,3
1.6645,-0.2984,3
-5.9796,-2.3253,3
-4.2213,-3.1144,3
1.9249,2.4559,3
-0.81507,0.59548,3
3.1128,-0.44325,3
-4.053,1.7256,3
-1.9381,4.8175,2
-2.3167,1.424,3
0.73926,1.7522,3
1.3587,4.3841,3
1.8923,3.7584,3
2.3146,0.36479,3
0.17809,-1.263,2
-0.64195,1.2825,3
0.018696,3.4609,3
3.8875,-0.62117,3
-1.143,-1.6181,3
-1.0841,-0.15448,3
-0.95714,-1.8464,3
0.063486,-0.43822,3
-2.1375,-0.013956,2
1.3028,-0.74925,3
0.48033,-0.83623,3
-1.3775,-0.97659,3
-5.4781,-0.10694,3
2.2991,-0.4785,3
-0.55563,4.5905,3
1.03,-4.4547,2
3.4373,-1.7136,3
5.2715,1.245,3
4.4671,-2.4766,3
0.7554,-2.7998,3
-1.2676,-0.54474,3
-0.60489,2.3551,2
3.2903,1.8631,2
0.80241,-2.4041,3
-0.89745,0.95387,3
-2.1851,-0.36017,3
2.4196,-1.8705,3
4.1824,-0.65517,3
0.78372,0.85895,3
-0.22297,-0.72498,3
2.3691,0.95285,3
-0.43987,2.6737,3
4.2073,-0.32443,3
1.9118,1.9562,3
-1.2253,-0.19867,3
-2.1308,-0.594,3
0.28585,0.40435,2
0.37876,3.9148,3
0.26953,0.93531,3
1.3222,1.9248,3
4.9574,-1.744,3
0.62309,2.2238,3
1.2052,-0.4696,3
2.9793,-0.44382,3
2.5502,-0.11833,3
-1.812,-0.71313,3
-1.1411,-1.5204,3
-0.34416,-1.6527,3
1.951,-0.33387,3
-4.3399,1.129,2
-2.2154,-0.069021,1
3.6796,0.78041,3
0.4911,-2.3794,3
1.114,2.6792,3
2.4162,-3.4454,3
0.2835,0.3815,3
1.5851,2.7839,3
-3.8159,-1.737,3
-0.76238,-0.61842,3
-0.25128,-3.2833,3
-0.66221,1.6212,3
6.4473,0.50566,3
0.14559,-1.3154,3
-2.0582,-0.075681,3
1.5363,1.6619,3
-0.23546,-3.1121,1
1.4932,-1.3814,3
4.2708,1.7879,2
0.16026,-5.7772,3
-1.4091,3.9501,3
3.6131,1.7791,3
3.0872,0.93902,3
3.0503,3.6935,2
3.4792,-2.2461,3
-1.3131,-4.1236,3
-6.4587,-5.7322,3
1.3127,1.5385,3
2.5795,1.4312,3
0.04918,-0.066604,3
3.1311,3.1757,3
-0.013412,-4.6984,3
-2.1953,-1.4185,3
2.0071,2.0411,3
3.8867,1.1232,3
1.7929,-1.0358,3
-2.3166,-4.5463,1
-1.3291,0.41995,3
-0.5786,2.0349,3
1.2716,-3.2241,3
0.23072,-1.1699,3
2.7217,3.1572,3
-3.2513,1.2443,3
-2.7671,-3.1521,3
-2.5266,-3.0556,3
-4.087,0.11039,3
0.58391,0.86842,1
0.20305,3.0047,3
3.2354,-1.6195,3
0.44886,2.1128,3
2.9494,-0.12616,3
1.6288,5.2999,3
-1.467,-0.58907,3
1.3113,-0.30923,3
-1.4288,-3.2619,3
-1.8328,-1.3579,3
-0.088745,1.6972,3
-0.28246,1.0449,3
-5.7722,-2.1668,3
1.2763,-0.28106,3
-3.2945,-1.3748,3
2.5619,-1.8184,3
1.7718,-0.46867,3
-0.32371,-2.4371,2
-0.83613,1.1525,3
-0.092732,2.2346,3
-1.4375,-2.0625,1
0.085413,-1.8701,3
0.97586,-0.52829,3
-0.17862,2.2153,3
3.9755,-0.66549,3
0.27914,4.0112,3
0.75961,2.177,3
1.652,2.3813,3
-2.7562,1.0384,3
2.567,-0.24498,3
1.2691,-0.8598,3
-2.1072,0.24153,3
1.3138,1.7425,3
-1.0346,0.97666,2
-0.97523,-0.80172,2
3.9267,2.1858,3
2.7535,-0.96293,3
4.0612,0.065425,3
-0.87606,1.2822,3
-0.88548,3.2098,3
1.2208,0.95032,3
-0.99833,-1.3785,3
-0.63878,-1.6169,3
-1.4537,-2.5072,2
4.863,-0.35614,3
3.7002,2.5379,3
2.2346,-1.0137,3
0.55412,1.0222,3
1.9231,0.68404,3
-3.2812,1.1265,3
0.74481,-1.5939,3
1.075,6.4772,3
-1.5695,2.2108,3
1.8204,1.4371,3
-3.1513,-5.6764,2
-3.2878,2.5487,3
-0.66467,-0.095953,3
2.5446,-1.4086,3
2.7023,1.1227,3
2.4498,2.2361,3
-0.18917,-0.58881,3
1.9894,5.7349,3
1.0626,4.1807,3
-0.9101,-1.6331,3
-2.0141,-0.89332,3
0.67191,-1.4688,3
0.15838,0.69783,3
0.28609,-2.5797,3
1.1701,2.8002,3
-1.8305,1.5306,1
2.7337,4.9526,3
-0.68099,1.7458,3
-1.0144,-2.7251,3
3.5561,1.7711,3
2.1854,-1.6718,3
-2.4282,0.19564,3
1.2097,-1.547,3
-2.1844,-3.2418,3
3.7026,0.3527,3
-2.0345,1.7426,3
-1.161,1.2816,3
1.7342,1.3978,3
2.5687,4.0203,3
0.8829,-0.13676,3
-1.3268,3.1139,3
3.028,-0.21184,3
2.0698,4.922,3
4.9166,1.6741,3
5.7521,-0.93497,3
-0.79481,0.38091,3
2.0594,4.344,3
2.828,-0.030589,2
-2.1922,-0.79864,1
-1.1807,-1.7792,3
1.0333,-0.51459,1
6.653,-1.5887,3
2.2731,0.95617,3
-0.10679,2.6026,3
1.7478,0.31672,3
2.2292,-1.1991,3
0.19218,-3.5527,3
-0.62892,1.9093,3
1.2115,-1.7757,3
-0.69736,-4.214,2
-3.8714,0.6672,3
2.4453,-0.1366,3
1.2402,6.1991,3
-0.4088,3.6073,3
-0.74718,-0.47138,3
1.338,7.8465,3
-0.29648,0.28581,3
-0.54935,-1.5401,2
0.060939,-3.6013,3
-2.3367,2.9731,3
3.1564,2.1999,3
-1.6581,-0.83165,3
-4.6212,0.53848,3
-1.0346,2.3529,3
-0.62421,2.6809,3
-0.755,-1.5885,3
2.8134,0.45776,3
3.2282,2.3928,3
1.97,2.9406,3
2.2351,-0.052547,3
-2.451,0.94372,3
0.75972,3.1501,3
0.57445,-0.67501,3
-0.20506,-0.022391,3
5.1033,-0.80027,3
5.4161,0.48602,3
1.8792,0.54911,3
-6.0186,-1.89,1
-2.3294,-0.064429,3
2.4953,1.7521,2
3.1237,0.75635,3
-1.0776,-2.1674,3
0.45596,-2.4739,3
-0.3088,-1.9672,3
-0.024427,1.6326,3
-1.069,1.4503,3
1.6375,1.5418,3
-2.7631,-2.7309,3
-0.42538,3.2884,3
-0.46085,1.5654,3
0.6897,1.4985,3
0.86915,0.82181,3
-2.9415,1.8431,2
-3.6378,-1.8589,3
0.47243,1.9722,2
-2.4068,-1.144,3
4.8343,0.97006,3
0.8252,-1.9556,3
0.34547,0.021822,3
2.4106,1.3981,3
5.0559,1.9966,3
3.3264,1.7299,3
-1.0181,0.64977,1
1.0018,3.0164,3
-2.6641,-2.636,3
-1.0508,1.7775,3
-1.9787,0.41788,3
4.654,3.0372,3
-2.3383,-3.0901,3
4.2806,4.5713,3
1.9128,5.5562,2
2.1659,1.3272,3
-0.76641,-1.704,3
4.5142,1.448,3
-0.78517,-1.0046,3
-0.42686,-3.2542,2
-1.3483,3.7407,3
-0.59327,-2.0145,3
-1.8941,-0.88566,3
-2.09,-0.42033,3
4.2134,0.18394,3
-1.7409,0.66818,3
-2.2164,3.944,3
3.5897,0.8414,3
1.4092,-0.12973,3
-0.57058,-0.51825,1
-2.208,1.2336,3
1.6977,-0.96453,3
0.77185,-2.3562,3
-0.47053,1.9006,3
3.1849,4.499,3
-4.9972,-1.6582,2
-0.27344,-3.3164,3
0.13399,3.2168,3
1.1802,2.0033,3
-4.2824,1.2043,2
-3.0828,4.328,3
-3.4769,0.04599,3
0.47548,0.96087,3
5.4433,3.0635,3
2.6381,1.1676,3
1.352,4.1507,3
-0.26122,-0.77919,3
-1.6417,-1.5229,3
-1.8356,-0.96049,3
1.1695,-2.3533,3
2.7106,5.1167,3
-0.58501,0.11681,3
-0.52563,-0.29876,3
3.0679,2.1593,3
0.5409,4.3469,3
0.51978,0.9239,3
3.1567,-0.31423,3
-0.069195,-2.9997,3
3.3567,4.713,3
0.93044,1.3765,3
-2.4588,3.302,3
-1.9467,-0.80503,3
2.3094,0.42589,3
-0.92793,-0.97299,3
2.5376,2.4802,3
2.0717,-2.4496,3
-4.8171,-0.74726,1
3.8739,2.8794,3
2.2814,2.2229,3
-2.3034,-2.0355,3
-0.22278,2.7902,3
2.6891,4.0673,3
1.0778,3.1447,3
3.5488,0.39988,3
0.27166,2.7032,3
0.18886,-0.77562,3
-1.2703,0.47585,3
0.44857,-1.6724,1
2.4908,2.9788,1
3.0065,0.92437,3
1.7839,2.0732,3
0.75202,2.3263,3
2.14,-2.6804,3
-2.8791,1.0825,3
1.3963,4.0152,3
1.433,2.0635,3
1.9633,-0.84472,3
0.90141,2.4356,3
0.28959,2.1925,3
-0.3772,-2.6807,3
-0.77133,0.395,3
-2.8484,-4.2333,3
-0.85193,0.011753,3
4.8678,1.0071,3
2.231,1.3862,3
3.363,5.1942,3
-2.6222,-2.8038,3
4.0838,1.0893,3
2.4235,-0.93649,3
1.2292,2.1944,3
-1.3467,2.8667,3
0.95118,4.3273,3
-0.59402,-1.5801,3
-0.23333,-2.0524,3
0.68397,-1.686,3
1.443,-0.81852,3
1.8655,3.7455,3
-3.3888,-4.6207,2
0.75629,-1.4698,3
1.1933,4.0076,3
2.0731,4.2278,3
2.4504,-2.2422,3
0.82244,-1.0895,3
-4.4831,-0.21159,3
-2.9474,-0.27367,3
-0.44787,3.0236,3
0.95209,0.69272,3
3.1211,0.013389,3
2.2641,1.42,3
-2.8269,-1.1938,3
0.56079,-4.1646,2
-1.928,3.2195,3
2.1752,0.059846,3
0.80778,1.5958,3
0.13073,0.85485,3
-0.76486,4.165,3
0.6576,4.3998,3
0.83447,2.5949,3
2.629,-0.64932,3
2.9849,1.7759,3
-3.506,-2.0481,3
-3.4217,2.0153,3
0.24408,1.5509,3
0.53095,3.1313,3
1.6303,-0.96863,3
-1.7853,-2.1793,3
3.0408,6.3611,2
3.1736,-0.64884,3
-1.773,-1.5599,2
-2.4586,-1.1139,3
-1.3245,-0.5979,3
1.8864,3.5623,3
0.29195,3.602,3
6.3966,-5.1054,3
-1.0237,-1.0569,3
-0.082559,-0.066138,3
-0.53943,-0.38639,3
2.4398,1.6054,3
-0.33656,-2.4837,3
-2.052,-3.7032,3
3.2635,-1.2284,3
3.2307,1.0821,3
-0.31946,1.4488,3
3.4821,-4.0905,3
-1.8012,2.1364,3
-0.042632,3.5072,3
1.6523,-1.3737,3
-2.971,0.54684,3
-1.4311,-2.237,3
-1.1911,1.911,3
-0.10779,0.33734,3
-1.0149,-0.47911,3
2.8259,-2.3995,3
2.8515,-0.77896,1
2.0138,-0.61693,3
3.9578,3.4449,3
-1.6713,-2.5065,3
-3.3893,-0.32499,3
0.86498,4.4664,3
1.5783,-2.2573,3
-0.43676,0.0042983,3
1.0248,-0.7727,3
4.9868,0.6566,3
2.3024,3.2106,3
0.65241,-0.030804,3
-0.53079,0.72287,3
-1.7616,-2.241,3
-3.426,-2.7322,2
0.81291,3.3248,3
-1.8424,-3.7946,3
0.47193,3.1451,3
0.73729,2.4466,3
1.2463,0.64652,3
-0.44869,0.72484,2
1.2072,2.0129,3
2.1203,1.7219,3
-2.3042,-2.7423,3
-0.49446,1.6255,3
-3.6862,-0.18097,3
0.44371,0.4862,3
3.5389,-0.69162,3
-0.40153,-0.84678,3
-1.6317,3.1812,3
3.5598,4.1202,3
2.3608,-0.50624,3
0.49735,2.2891,3
4.6341,4.6895,1
-0.37741,-3.0546,3
-4.6584,-0.98967,1
3.7583,2.2392,3
-1.2077,-0.87286,3
3.2929,1.7726,3
1.6923,0.79979,3
-2.3118,-0.8568,3
0.97902,0.052318,3
2.9113,6.0461,3
-0.015626,-1.9065,3
1.6737,0.56739,3
-0.057645,3.5761,1
1.6625,3.3708,3
1.5225,5.5361,3
0.75203,0.66554,2
-0.56469,0.66443,2
5.255,1.6593,3
1.0099,-2.2389,2
0.77179,2.1207,3
-0.02451,2.2731,3
-1.5858,-1.0387,3
0.030069,-1.7241,2
-0.83148,0.18664,2
-1.7832,-1.0488,3
0.69101,0.64435,3
-2.1638,-1.2808,3
1.0281,-0.75851,1
1.5755,-3.4591,3
0.25345,-2.7734,3
-0.17521,-0.21492,3
1.7643,0.40119,3
-0.72345,-0.10513,1
0.60227,2.3757,2
-1.6495,-0.95082,1
1.019,-0.88683,2
1.3555,1.5985,3
1.6367,0.75497,1
2.2378,4.0664,3
-2.2062,2.0022,1
-0.28319,3.4599,3
0.13795,-0.21759,3
4.7239,2.9837,3
-1.0958,2.0606,3
-0.60613,-3.1139,3
1.8745,-0.44399,2
-0.68594,2.4031,3
-1.3362,-1.866,3
-0.4335,2.0605,3
-0.62836,-0.86039,3
2.0117,3.5367,3
4.0548,-2.3905,3
-4.1505,0.36376,3
-0.1894,-0.50292,3
-1.0269,-0.918,3
2.5963,0.036505,2
-2.6757,-1.7003,3
3.9469,-0.083592,2
5.9795,2.3899,3
-0.017155,0.083198,3
-3.7094,-2.7051,3
1.1185,0.89585,3
0.41335,2.7521,3
0.11877,1.1626,3
-0.076897,0.93067,3
-3.2259,-1.846,2
-0.5413,0.44849,3
0.073673,2.9297,3
3.5671,-1.3036,3
-1.1337,-7.0602,1
-1.8199,-0.25374,3
6.3085,-1.5357,3
-0.2659,3.6827,3
-2.1076,-0.37613,1
-2.4994,0.83029,3
3.9726,3.2325,3
-1.6315,-1.8598,3
-2.8728,-2.2357,1
-0.73269,4.6088,3
2.2941,3.6481,3
3.7891,4.0658,3
3.9486,-0.44475,3
-0.0879,-2.1302,3
-2.4284,-0.5487,2
5.6773,-1.1577,3
1.306,-0.98202,3
2.8231,-2.7711,3
3.0398,0.50341,3
3.4263,3.0798,3
0.33114,-1.0085,3
0.38309,1.8956,1
-1.2482,-0.22687,3
-0.84654,-0.72721,3
-2.5886,1.161,1
-0.62602,1.4356,3
-2.5908,2.3208,3
0.36378,4.3101,3
5.2598,1.0777,3
1.1044,-1.3824,3
0.18394,-2.6176,2
2.4531,0.53139,3
-3.4061,-3.6152,3
-1.5385,0.94856,3
0.74222,-0.36433,3
2.7574,-0.55565,3
-3.3348,-3.0993,3
1.0456,-1.2766,3
1.8042,-3.5414,3
1.7492,-0.9501,3
1.8191,0.5351,3
-2.2065,1.3698,2
5.8745,-1.5164,3
0.71446,-3.1082,2
0.1981,0.094647,3
4.1777,-1.387,3
1.2586,0.88052,3
-1.8866,2.7457,3
2.181,-2.8222,1
-0.97854,0.39542,3
3.7993,-0.61897,3
2.6689,2.474,3
1.7654,4.6144,3
4.049,-2.7352,3
0.44639,0.90694,3
-0.10584,3.6825,3
-0.43861,-0.92103,3
-1.0424,-0.82419,1
-3.878,-0.87403,2
-1.7697,-0.29562,3
3.9752,-0.33529,3
-0.76123,0.25922,3
-1.4714,-0.19581,1
-0.69114,-2.323,3
-3.3553,0.56744,3
-1.5622,0.37891,3
0.10522,0.39593,3
-1.5174,1.6059,3
3.9758,3.7067,3
2.6982,4.6202,3
2.7807,-1.7962,3
2.3212,-0.55091,3
1.3639,3.4001,3
0.48277,4.4916,3
-0.74811,-4.0609,3
-1.2397,-0.75406,3
-1.226,-1.2002,3
-2.7312,0.50699,2
-4.7961,-3.2166,3
-0.13547,2.0872,3
-3.1259,-1.2364,3
-1.0749,-1.9197,1
-3.7356,-3.4928,1
-2.3522,-3.2968,3
-0.54176,0.18779,3
2.4654,1.3109,3
4.7644,2.8291,3
2.9007,2.3716,3
-2.2448,1.787,3
5.5167,3.0906,3
2.2389,2.4705,1
0.96916,-4.9192,3
0.66637,5.4953,3
4.4231,5.2671,3
2.8712,3.579,3
2.8382,0.63059,3
1.5788,-1.6044,3
1.3578,2.3128,3
-2.8946,-1.0898,2
-0.9923,-1.062,3
2.6403,4.1625,3
-1.6996,-2.8363,3
-0.12676,0.87451,2
1.2536,-0.5695,3
3.5681,4.2926,3
-0.11639,-1.7067,3
0.77886,-2.2012,3
0.46385,-3.6192,3
-1.6403,-1.356,3
2.872,4.4822,3
3.3022,2.1742,3
2.7634,2.6376,3
1.385,1.9076,2
0.92422,2.8964,2
0.26638,7.5439,3
-2.1901,0.28652,3
-2.6865,0.83341,1
-1.5053,-0.63587,3
-0.17576,-4.2359,3
5.5381,1.8734,3
0.65681,0.14671,3
-0.94604,0.36554,3
0.66972,1.6715,3
1.348,0.8223,3
0.85301,1.0986,3
0.22493,0.41137,3
1.9858,-1.4118,3
1.043,2.5144,3
3.108,-0.68045,3
-1.3991,-0.80216,2
3.6004,2.1109,3
1.4067,1.1996,3
-2.2669,-3.5983,3
3.0527,1.3261,3
2.3501,0.85756,3
3.3032,-3.7847,3
-4.2602,-1.2558,3
0.11343,-1.8972,2
-1.6922,2.9227,3
-1.5531,-0.35294,3
2.0411,-0.464,3
1.9977,-1.4933,3
1.5329,-0.15113,3
-2.6534,0.1918,3
3.0819,2.7,3
1.7351,3.4278,3
-1.5734,0.47341,3
1.3407,1.376,3
1.2585,0.67448,3
0.90361,1.8901,3
1.1081,1.4653,3
-3.0876,-2.4945,1
-0.18307,2.26,3
-2.4569,-0.43651,3
-1.6939,-1.2807,3
3.5272,4.8731,3
1.0295,-0.58415,3
-2.9372,-2.6077,2
3.1603,4.0698,3
-2.27,2.3044,3
-0.29875,-0.72223,2
-2.2262,1.4649,3
1.9855,2.9783,3
3.3665,3.0051,3
4.0925,-1.2416,3
0.13903,6.8187,3
3.3005,-1.9956,2
-0.72742,-0.59636,3
-0.27196,-2.383,2
5.4472,6.339,3
-2.6018,0.083901,3
0.88627,3.4194,3
0.70379,0.18553,3
1.3454,2.4695,3
0.39152,1.0576,3
-1.3633,-3.2116,3
0.72297,2.6102,3
1.8195,-0.45572,3
0.81653,0.18338,3
-1.9971,-0.76352,3
0.50608,-0.63609,3
1.1226,-0.58855,3
2.1884,0.52075,3
-2.4002,-0.013642,3
-2.0345,-0.30146,3
2.4963,2.7224,3
-1.1756,1.2241,3
2.0639,-2.0265,3
0.68258,-5.0036,3
1.7356,3.6882,3
3.3891,-0.44586,3
4.9896,-1.4658,3
-1.4096,0.44139,3
-0.56274,1.6454,3
-1.1406,3.5138,3
-0.38358,3.0738,3
-1.5578,-0.10416,3
-2.2826,-0.52161,3
1.7107,-0.75452,3
-3.5846,-3.6408,3
-1.9718,-2.6551,3
0.75586,-1.2984,3
0.87413,2.619,3
0.87387,-0.01528,3
4.4191,2.9055,3
-1.2019,1.1611,3
1.2649,-0.77017,3
1.671,4.7873,3
-5.044,-1.4203,3
2.5003,0.23028,2
-3.3662,1.2393,3
3.9099,-0.34538,3
-4.9512,0.33241,3
3.9075,1.8713,3
0.98332,-0.45371,3
-4.8376,-2.5099,3
-1.4767,1.035,3
1.2219,-0.35567,1
2.1338,-0.11885,2
-1.6464,-2.3861,3
-4.9117,2.547,3
-0.31754,-0.027486,3
3.5891,0.57811,3
0.72733,-0.87514,1
-3.4512,2.0009,2
1.6216,1.1291,3
1.7136,-4.4121,2
-2.4905,-4.4577,3
2.2244,-4.068,3
4.449,-1.1997,3
0.90277,-3.929,2
2.6513,1.9951,3
0.39802,-4.3145,3
-2.6109,-1.3939,3
-0.94525,1.579,3
-2.0875,-3.188,3
-0.17212,-1.7368,3
4.1059,-1.4815,3
-0.16119,-0.1225,3
4.7051,-0.12945,3
-0.67137,-1.488,2
0.4433,1.521,3
-2.179,-5.5918,2
-3.9303,-4.5375,3
3.2914,0.2367,2
0.5994,1.331,3
5.9907,-3.9054,3
3.5889,-3.2356,3
-2.6856,1.8829,3
1.5635,6.9977,3
-4.1226,-2.6607,2
-1.4837,-3.284,3
0.25361,-3.8743,3
-5.3672,-0.94747,3
0.35503,-0.59926,2
-1.1638,0.9922,3
0.92472,0.80802,3
-0.40776,1.6215,2
1.2652,0.62351,3
-2.3199,-1.1122,2
-1.3938,0.55322,3
-1.0865,1.3944,3
3.3918,0.089998,3
1.0442,1.168,3
0.21123,4.7166,3
-0.50537,-2.6551,3
4.2295,4.5095,3
2.6645,1.8993,3
-1.2008,0.80611,1
1.2162,-2.7947,3
-1.545,2.3374,3
1.8702,-0.19888,3
1.9912,3.5953,3
-1.8183,-3.8297,1
1.2537,-0.85467,2
0.33861,2.6373,3
-0.15303,1.7742,3
2.5463,3.6559,3
1.1344,1.337,3
-1.4035,-0.52703,3
3.6621,0.55691,3
0.66253,1.3463,3
1.5237,4.1623,3
-1.1161,-0.36714,3
-4.8393,-2.738,3
3.4691,-2.416,3
3.4565,-1.8087,3
0.51786,4.9268,1
-1.3121,0.88249,3
-0.88054,3.1464,3
0.79091,5.299,3
8.7982,3.8904,3
0.43329,4.9075,2
0.63255,1.5257,2
0.80331,-2.1509,3
-2.7362,0.37679,2
-1.7124,1.2504,3
0.9459,1.1141,1
0.61656,-1.2778,3
0.48457,3.9265,3
-3.1987,-0.51889,3
0.82767,1.015,3
-0.774,0.7729,3
-1.4334,3.1982,3
0.88087,3.5243,3
-1.7768,2.0971,3
-0.032078,-0.42693,3
0.43293,0.57306,3
0.36423,-0.80615,1
1.1572,2.7266,3
2.1549,4.7839,3
6.0258,0.97317,3
1.7428,-0.66506,3
-1.4014,5.2515,2
1.0732,2.8803,3
0.60277,0.15557,3
-2.7149,-1.9863,3
-4.9223,0.8718,3
5.3565,0.85754,3
0.10877,-1.2699,3
-2.7126,-0.78701,2
0.27496,-2.8075,3
2.1806,2.8036,3
1.2855,1.0342,1
-1.4963,2.2531,3
1.4328,0.0067026,3
-2.2857,1.3203,3
4.0003,1.0128,3
0.85589,1.8743,3
-3.1913,2.451,3
-0.97292,0.92307,3
-0.34465,0.23737,2
4.0447,1.3494,3
0.98987,-0.33897,3
-0.15778,1.0357,3
2.4028,-2.6351,2
3.2107,4.1072,3
-1.6258,1.7405,3
2.9451,6.6266,3
-1.1304,-0.53681,3
1.5464,1.0537,3
0.21439,3.2358,3
3.1316,3.0265,3
-0.81601,-1.0737,3
-2.1481,-4.1142,3
1.3444,2.9301,2
-0.97263,0.73978,3
0.58968,-1.4933,3
1.5167,-2.7394,3
0.2238,1.9336,1
3.9713,-0.81133,3
-1.7836,-0.40681,3
2.1734,3.9045,3
0.88585,3.6679,3
2.2858,0.050544,3
-1.9257,-0.76581,3
5.3216,1.5363,3
-0.16245,-0.3781,3
0.57471,-1.6936,1
1.7459,-0.94103,3
-1.4006,1.9169,3
-1.197,-1.3286,2
-0.22576,-0.58679,3
2.2427,0.23223,3
-0.18399,-1.6898,3
2.5831,4.4078,3
0.95881,-0.050632,3
-4.0568,-0.32552,3
-0.99618,3.4683,3
4.0226,1.9726,3
-0.81615,0.08381,2
-2.2498,2.5846,3
0.2452,-2.0011,2
3.4143,0.49028,1
2.5158,3.3936,3
0.048422,1.7406,3
1.1836,1.6845,3
-2.2519,2.5448,3
4.0841,2.8205,3
-2.8105,-0.215,3
2.3831,3.0752,3
3.0794,1.0096,3
-2.1146,-0.29605,2
0.25123,-0.99353,3
2.2727,0.45039,3
1.0254,1.6024,3
-0.56156,-0.47483,2
-0.31963,-3.0641,3
1.1302,0.78573,3
-2.1798,-0.84779,3
0.24967,1.7108,3
-2.2357,-2.6695,3
0.97786,-1.0748,3
1.4186,-0.5151,2
-1.9984,-1.6965,1
3.4339,-2.5956,3
2.3576,0.17678,3
0.34885,1.5774,2
0.44572,-0.41652,3
2.9748,1.3192,3
2.1303,3.3611,2
-2.8553,0.12025,3
2.5529,-0.52353,3
0.93182,-4.8143,2
-2.9913,-1.9646,2
6.6563,3.7862,3
1.4492,-1.8097,3
3.0833,0.27979,3
-0.87218,-0.54101,3
4.4816,-0.31306,3
-0.56322,0.3023,2
-0.095241,2.7292,1
2.1846,2.1996,3
-2.2665,2.9325,3
-0.7351,3.5031,3
1.9167,1.5909,3
4.1897,-1.9663,3
2.6967,-0.55142,2
1.8475,3.4933,3
-3.0747,2.1575,3
-2.7595,1.676,3
-2.9231,3.4219,3
-2.7551,-1.1323,3
-0.86648,-3.0651,3
0.57988,3.5375,3
0.96007,0.38856,3
-0.80862,-1.625,3
1.1562,-1.9765,2
0.34207,4.7528,3
1.5348,0.69539,3
2.3969,5.8335,3
2.5146,-0.23165,3
0.44419,-0.13147,3
-1.0608,-0.9919,3
2.8298,-0.20549,3
-1.1361,0.56016,3
-4.9984,-4.2306,3
0.52623,6.0841,3
1.7314,5.2855,3
-1.2814,0.48671,3
4.25,2.3969,3
-1.1037,-2.1232,1
-1.444,-5.246,3
-3.3025,-0.090847,3
2.8049,0.51446,3
0.065401,0.21897,3
0.15447,-3.5791,3
-0.029568,3.7014,2
2.0396,1.7834,3
0.095531,1.2728,3
-2.6362,-1.155,3
-0.6162,-2.9257,3
0.73418,0.55282,3
-2.8402,3.9116,2
1.3605,-0.049993,3
1.5549,2.9771,3
-3.634,-1.4071,3
0.7939,-2.0837,3
3.6535,3.2035,3
0.51142,1.9005,3
-1.35,-4.6559,3
1.2468,0.78735,3
-0.35083,2.8655,3
2.6449,-0.27383,3
5.3149,1.5983,2
0.52987,1.2903,2
-0.7582,0.84124,3
1.7934,2.5165,3
-2.6727,-0.50213,3
4.8735,1.2647,3
-2.9005,-0.46042,1
-2.4911,0.17303,3
-0.1918,-1.9173,3
1.3041,0.098497,3
2.1735,0.68823,3
0.052252,-2.0476,3
-2.8479,1.4679,3
3.6642,1.4846,3
1.1358,0.58736,3
-2.764,-2.0866,3
-0.26662,2.9116,3
-2.3323,2.9927,3
-3.9529,-2.0464,3
0.3257,-1.8957,3
-1.3666,3.2022,3
2.3467,-2.0873,3
3.8828,0.82941,3
0.011831,-0.48437,3
0.42921,2.5384,3
1.0887,1.7168,3
5.0487,1.63,3
1.6237,1.2143,3
1.6385,2.9748,3
0.17767,-1.0081,3
-0.44434,1.0365,3
0.89844,2.4485,3
1.9038,1.7235,1
-1.3376,-1.3979,3
0.90352,2.8646,3
2.9872,3.0638,3
-3.8232,-2.1586,3
0.48908,-2.1189,3
0.35564,3.6235,3
-4.4731,-1.9786,3
-2.46,0.45171,2
1.7979,2.4643,3
3.4589,2.1928,3
-4.1927,-0.51498,3
1.682,0.21151,3
3.7152,0.36731,3
0.37035,-0.33334,3
0.15165,-1.1402,2
-1.0022,1.9762,3
-1.5897,-0.74798,3
2.6833,0.8052,3
-3.3242,1.1768,3
3.048,1.2371,3
3.9906,2.6012,3
-3.5094,-0.80681,3
1.9203,-0.21526,3
1.0406,0.57948,3
0.07206,1.0062,3
0.16065,-3.107,3
2.522,-1.5054,3
-0.37874,2.5074,3
0.48605,3.126,3
0.80602,0.13851,2
5.4907,0.20914,3
-0.15347,-3.158,3
2.6797,2.2032,3
-1.0222,1.9869,3
5.5021,3.8321,3
-1.0161,0.85832,3
0.060359,0.081434,3
0.6156,1.3685,3
-5.4431,-3.4975,3
-1.513,2.7369,3
4.039,1.352,3
0.15471,0.061599,3
-1.1486,1.9346,3
1.6525,3.2042,2
1.8367,6.5018,3
-0.68137,2.3311,3
2.0386,0.20721,3
-1.1833,-0.72245,3
0.6941,-4.8975,3
-0.99514,3.5719,3
-1.3936,3.381,3
0.90606,1.8899,3
-0.93305,-0.45747,3
1.0635,1.1222,3
0.45718,0.15457,3
1.3893,-1.9185,3
-3.9113,-0.52252,3
-0.5019,-1.2947,2
-0.087314,1.0828,3
5.0851,-1.6076,3
-1.2645,-1.3358,3
-2.2045,2.3166,3
2.2799,-0.98701,3
-0.84915,0.0069562,3
0.0025977,1.1521,3
5.5603,4.5931,3
-2.818,4.2762,3
-2.8592,1.9938,3
-1.0873,-1.4404,3
1.1473,1.3573,3
0.21857,-0.66032,3
2.4768,-0.51883,3
1.2766,-0.32484,3
0.52193,2.8468,3
-0.83487,3.6912,3
0.65656,-1.2685,3
1.7726,-2.701,3
0.86012,4.1248,3
-0.48738,1.5089,3
2.5835,0.83835,3
-1.5736,3.373,3
1.7973,1.68,3
-0.71248,-1.971,3
2.4408,-0.57938,2
0.81989,-0.091256,3
-2.4465,-1.9049,3
0.33915,2.4614,3
-1.7077,-2.2241,1
-1.6185,5.4611,3
3.7843,0.20495,3
-2.017,1.0544,3
-1.2568,0.52853,3
0.56249,-1.2243,3
-0.052042,1.1019,1
1.238,3.8782,3
0.059808,0.0332,3
3.4886,3.9308,3
-0.41488,-2.1889,3
-2.8061,0.20195,3
-0.99499,-2.5322,3
-2.1269,-3.1449,3
0.95905,1.3285,1
-1.9177,0.3678,1
0.82739,1.4319,3
0.5493,2.9406,3
1.3475,2.6817,3
-0.86326,2.2116,3
0.85063,1.8317,3
2.4297,-2.3645,3
0.7574,-0.17323,3
2.9764,1.8908,3
0.15384,-2.1327,3
1.4886,-2.4445,3
2.767,3.0637,3
-0.63675,2.5114,3
-1.8359,-2.8678,3
-1.2009,1.6367,3
0.13157,4.0612,3
-0.56805,1.6223,3
3.8313,2.5841,3
1.1307,0.9939,3
-1.8783,0.53642,3
0.10129,0.9378,3
-1.4171,-1.6345,3
-4.7198,0.11054,3
-2.6546,-0.31877,3
0.79841,2.5463,3
-2.1046,2.1682,3
1.0278,-0.88278,3
0.95419,2.7096,3
-1.6534,1.5447,3
-2.6409,0.5091,3
1.3753,-1.563,2
1.0157,2.1212,3
-1.1662,-0.59623,3
3.7571,2.3315,3
4.6953,0.32616,3
-2.8732,1.9112,3
-0.52463,-1.0741,3
0.67995,-1.8257,3
1.7232,1.406,3
-0.54834,5.1736,3
-2.0959,-1.1282,2
1.999,1.5953,3
1.0258,1.233,3
