-0.77895,2.835,3
-0.22476,-0.095066,3
7.2687,0.63683,3
-1.353,-1.4751,3
0.73784,-3.1025,3
4.9691,-3.0647,1
0.18491,-0.60139,3
1.5722,3.3559,3
-0.98993,-0.57117,3
3.9885,-1.5053,3
-0.56373,2.005,3
1.9294,3.7147,3
-1.4116,4.4221,3
0.96904,-1.7267,3
2.805,2.2147,3
2.0322,2.3746,3
-0.21777,-1.3919,2
2.8566,2.1279,3
0.65387,-0.52327,3
1.8652,2.7415,3
-0.6159,-0.21532,3
3.6753,3.7324,3
5.8091,4.3848,3
2.6729,-0.60645,3
-2.4302,-5.9282,3
1.7388,-1.1168,3
2.3969,-1.0487,3
5.1829,2.892,3
-0.77139,-1.0951,3
0.14569,0.79155,3
1.4876,2.518,3
-1.4752,-0.98785,3
0.8168,3.006,3
-1.1742,-0.37209,1
4.6512,1.7719,3
-1.0799,-1.6818,3
3.6076,-1.5009,3
-0.17455,-3.9114,1
0.25337,3.0099,3
-0.68973,1.108,3
-0.0039265,0.15546,3
-0.16684,0.30548,3
2.0864,-0.48821,3
-0.28018,0.44446,3
-2.4906,-3.4554,3
-0.52973,3.1814,3
1.0455,-1.2681,3
1.9831,2.2684,3
-0.16951,-0.50152,3
-0.73022,-0.90479,3
3.0915,1.9006,1
-0.32069,-4.6903,3
0.75727,-2.1113,3
-6.8445,2.1142,3
4.3002,1.6224,3
0.34005,-1.146,3
2.9934,1.4655,3
1.8579,-2.7787,3
-0.22088,-1.3868,3
-0.21133,-2.4936,1
4.6439,-2.4145,3
-1.0487,-1.4792,3
2.0458,0.52465,3
-0.49128,1.3874,3
2.8256,2.4616,3
4.8314,-0.44289,3
0.52239,1.1654,3
-1.5892,-2.4769,3
5.1696,-1.2951,3
2.2157,1.5523,3
1.0136,-0.33643,2
1.0211,1.3191,3
0.12268,-0.88854,3
-0.4619,1.0108,3
-2.0598,-0.075444,3
1.5158,1.6298,3
0.35524,4.5535,3
3.3606,5.7341,3
-2.9611,3.0971,3
0.044966,2.816,3
1.3646,3.4894,2
1.2632,-1.0099,3
5.9697,3.4609,3
0.81287,2.0624,3
-0.34764,0.43158,3
-3.1403,-0.83776,3
-0.58013,-2.0929,1
-0.39923,0.1434,3
1.5209,0.27425,3
-2.0868,4.6645,2
1.6976,3.1979,3
5.3424,1.6751,2
1.7312,-0.25776,3
3.6492,1.6053,3
5.1051,1.3837,3
0.50168,2.6896,3
-2.9397,5.1772,3
0.82228,-0.54633,3
2.0944,4.9029,3
-1.2012,1.5681,3
4.4705,2.7219,3
0.76051,1.8789,3
2.7639,-1.2409,3
0.68166,3.2277,3
3.9562,2.1567,3
-1.6234,1.8111,3
-0.033473,-2.8654,3
-0.48412,0.10634,3
0.65154,-0.19433,3
0.25989,1.6462,3
-2.5137,-2.5651,3
-0.56015,-5.5169,3
-0.81374,-1.5284,3
0.64235,2.0569,3
0.94735,-4.0233,3
0.1511,-1.9513,3
0.33047,1.1876,3
-0.30145,3.3595,3
-2.4179,2.4431,1
-3.1021,1.2083,2
-0.4409,-3.3309,3
-0.78865,0.039203,3
-1.7807,-1.2013,3
0.69639,2.0656,3
-1.9478,1.9411,3
0.93164,2.2516,2
-0.5136,-2.4962,3
0.55319,-2.5739,1
1.3703,2.5064,3
-0.51128,-1.5811,3
3.7001,0.33353,2
-1.003,-0.070938,1
-0.29906,-0.62524,3
-0.11776,-0.55841,2
-1.705,0.82558,3
2.6749,1.0595,3
-0.24858,3.4426,3
0.39938,-0.46776,3
1.5188,-0.60512,2
1.4339,-2.3118,3
3.2591,0.90796,3
0.7851,1.3954,3
-1.0106,-1.8657,1
2.0589,0.62514,3
-3.7592,-2.8909,3
-2.8196,-1.529,2
4.037,0.80542,3
2.3143,-2.548,1
1.3786,1.371,3
-1.367,-0.77735,3
0.85029,-0.75567,3
-1.7893,0.98961,3
2.6412,0.89021,2
1.4808,5.3745,3
-1.4804,1.7659,3
3.3639,1.6394,3
-1.279,5.1448,3
3.3073,1.9193,3
-0.83976,-0.15095,3
0.32359,1.6202,1
2.3547,1.1215,3
0.76633,1.2826,3
-2.3585,-0.78446,3
2.5271,1.2794,3
1.6308,-1.92,3
-2.2914,1.2599,3
3.158,-1.1002,3
-2.523,1.0426,3
1.093,2.4765,3
-1.3828,3.6288,3
1.3294,2.1919,3
0.84955,1.3418,2
-0.52307,3.3548,3
5.0084,1.1731,3
1.9861,1.5151,3
-0.054721,-1.4819,2
2.4705,2.0005,3
0.28247,-2.3457,3
0.67834,0.48895,3
1.6978,1.3462,3
0.52544,3.053,3
-0.73298,0.68666,3
-2.415,0.14721,3
-2.0531,-0.25094,3
-4.4656,2.7774,3
-0.9033,4.3297,3
-0.63208,3.4395,3
1.727,-0.79059,3
-0.32088,-0.28802,3
0.38142,0.61461,3
2.0626,0.85534,3
-4.3161,-0.022924,2
0.55933,-2.8814,3
0.16899,1.8764,3
-4.0224,0.52633,3
0.090036,0.48803,3
-0.5529,1.0408,3
1.6051,2.4373,3
0.78592,2.7375,3
2.6028,-0.52688,3
-2.9351,-0.49008,2
3.3892,3.705,3
-2.1398,1.8609,3
-1.0059,-1.0792,3
-0.38401,-0.13194,3
1.0017,-0.65047,3
2.5998,1.8102,3
-1.6134,0.095243,1
-4.2775,0.068525,3
4.441,0.19674,3
-4.7398,-0.83783,3
2.6183,1.1665,3
0.095832,-0.88309,1
0.037604,3.8575,3
1.6658,0.4587,3
1.1577,-0.28856,3
1.1373,2.6558,3
-3.7295,2.9382,2
-0.84695,-1.7293,3
-0.19972,1.557,3
0.79844,-1.204,3
1.3419,2.9392,3
2.4762,-1.0832,1
-3.7614,0.73791,2
-5.1084,1.4221,3
-2.4295,2.2586,3
2.9629,1.4214,3
-0.63309,0.16116,2
-3.038,3.2286,3
2.69,-0.25493,3
-0.040241,-3.8203,2
-5.0736,-1.3106,3
-1.3311,-1.56,3
3.7599,-1.1702,3
1.5056,-4.3546,2
-0.14896,1.2753,3
-1.2015,2.5119,3
-0.4873,3.7858,3
-3.1754,4.923,3
-1.162,1.8361,3
-3.1055,-0.24657,3
2.3738,2.0426,3
2.9087,0.97441,3
4.7246,2.9543,3
-0.92528,-0.5835,3
2.0678,-0.47197,3
4.0533,-0.10004,3
0.98158,4.6155,3
-0.55996,0.84814,3
1.1031,-0.89686,3
4.2701,-2.3749,3
-3.8271,-3.0236,3
1.5906,-3.1375,1
-0.7234,1.1848,3
-2.1512,-1.7145,3
1.8762,1.4883,3
0.89549,4.7868,3
4.1492,1.0126,3
3.1185,0.62483,3
-0.32161,-2.1146,3
0.39562,-0.28328,3
1.6984,0.070541,3
-0.89844,-4.1831,3
-3.029,-0.95974,2
3.5608,3.8069,3
0.97913,1.2911,3
-3.8616,1.9489,3
-1.7202,-1.811,3
5.2386,3.5142,3
-3.6815,-3.541,3
-0.10496,-3.0283,3
-0.79609,-1.603,3
1.4559,3.7726,3
-1.7222,-0.4474,3
-1.2815,0.65307,3
0.77652,0.18354,3
2.8836,2.2059,3
3.1962,2.1962,3
0.70944,1.2615,3
0.48394,1.0788,3
-2.4221,-1.5039,3
3.6635,1.1428,3
-3.0173,0.47383,3
0.67219,5.0834,3
7.2468,0.58463,3
0.217,-3.5074,3
3.303,2.3323,3
-4.1496,-6.2871,3
-0.62851,2.5603,3
0.065601,-0.92961,3
-1.6994,-3.5192,3
-2.4964,0.090093,3
-0.47125,2.7461,3
1.1339,4.1147,3
-1.8253,3.3847,3
-1.1694,2.1544,2
-0.16189,0.30091,3
1.136,-2.0688,3
-1.9028,-0.74153,3
0.47507,0.57383,2
-2.7897,5.7818,3
-0.45352,0.26964,3
-0.56202,0.060236,3
1.468,4.081,3
-1.2376,2.0658,3
1.9758,2.7214,3
-0.24433,1.5943,3
-0.058758,-2.281,3
0.98473,1.896,3
2.2357,1.9693,3
-5.289,-2.385,3
-0.42983,-2.4846,3
1.9567,0.37255,3
-0.11311,3.5712,3
-1.2245,-5.3838,3
3.4031,1.3454,2
0.84719,3.2157,2
-1.0144,-0.90781,3
-2.1741,-0.141,1
1.3026,1.4763,3
-0.45843,1.1546,3
-2.2563,-2.7024,3
2.0258,2.1517,3
0.57334,0.767,2
0.24157,-2.1457,2
3.5746,-0.19817,2
0.67382,-1.0021,3
-2.0302,-2.406,3
5.4263,0.44017,2
1.0135,-1.0539,3
2.3188,1.5895,3
-0.26822,3.4935,3
2.0833,-2.8809,3
2.6617,2.1489,3
2.426,-1.8514,1
-1.1817,2.6009,3
3.5292,2.0882,3
1.1339,4.5194,2
0.86371,1.4311,3
1.9952,-1.4496,3
-1.3779,-3.312,3
1.4691,-2.1311,3
-2.2831,-4.5231,3
-0.31638,-1.6906,3
0.18276,2.1872,3
3.3556,4.2235,3
0.28425,0.32027,3
1.4739,-1.7101,3
-0.40021,-1.6043,3
1.6097,2.1874,3
-0.76343,-1.7924,3
2.7413,3.1526,3
1.2993,4.3336,1
0.64407,0.2652,3
1.0797,-2.2044,3
0.28944,0.14797,3
3.4083,-5.1112,3
3.6346,-0.2655,3
-0.25943,3.7323,3
4.4167,-1.1599,3
2.7513,0.52419,3
1.9946,3.2279,1
2.9533,0.72615,3
-0.19848,-0.1447,3
1.3999,0.067338,3
1.308,4.1959,3
-2.8921,3.3074,3
-1.3497,3.3988,3
1.5475,0.51357,3
1.0127,-1.7844,3
1.7548,0.83206,3
-2.8943,1.0153,1
2.0544,1.8572,3
-2.8802,-3.0718,2
3.7215,4.2644,3
0.35783,3.0156,3
-1.4986,-0.61678,3
-0.019152,1.7434,3
1.9122,-1.1793,3
1.7266,-1.2083,2
-1.3575,-1.2803,2
0.03684,2.7515,3
0.84521,0.53225,3
3.3636,0.52304,2
1.5014,-2.5158,3
3.7307,0.099755,3
1.9888,1.178,3
2.3061,3.6678,3
-0.64659,4.1788,3
1.4847,1.2382,2
-2.9509,-1.8305,1
0.48159,-0.60854,3
2.8743,2.0115,3
1.7592,5.1378,2
1.5351,1.0096,3
-0.30984,4.9443,1
-2.7977,0.90269,3
-1.6241,6.8041,3
-1.3696,0.91169,3
1.737,3.8462,3
-0.96156,-0.67589,3
0.17312,4.5155,3
-4.3028,-0.96332,2
5.7747,0.11664,3
0.53027,-2.2742,3
1.7913,-3.5049,3
0.71265,1.3125,3
0.95548,3.686,3
2.9165,1.3018,3
0.67332,-1.1375,3
3.8746,1.6204,3
0.67467,1.3794,3
0.27108,-0.81893,3
0.80882,1.5032,3
-1.4607,-5.1374,3
-2.0157,2.4203,3
0.36016,1.4774,3
0.2631,-3.3781,3
2.271,2.7745,3
-6.3796,0.64374,3
4.4092,0.31072,3
3.2178,1.1005,3
1.6662,-0.029528,2
-3.2826,1.568,3
1.8156,1.1304,3
-2.4959,1.9911,3
2.619,0.869,1
-1.2963,-4.4452,1
-2.283,3.6196,3
-0.88552,3.0411,3
1.0165,4.4623,3
1.9941,-0.2445,3
0.69739,4.0657,3
0.023754,-4.1841,3
-3.2527,-0.84906,2
0.088072,1.9299,2
-0.4189,-1.6372,3
-0.8576,0.44461,2
-0.084303,4.5855,3
0.83308,1.7445,3
1.5643,2.7339,3
2.1468,-1.0315,3
0.65254,-0.32151,1
2.4759,1.6941,3
-0.26162,-1.6161,3
-1.0533,1.3722,3
3.1382,-1.433,3
-1.2945,-2.0836,2
2.6783,4.9421,3
2.9416,-2.1033,3
-3.2546,4.2804,2
1.3385,1.2474,3
2.6887,4.1103,3
2.2775,3.3712,3
-1.7023,0.099064,1
1.0943,0.38173,3
-0.080645,-1.6964,3
2.8853,0.87791,3
-1.7655,0.48144,3
4.0149,1.3997,2
1.4412,3.1933,3
2.9428,0.19996,3
3.1845,-0.20368,3
1.5664,0.2859,1
-0.58324,1.124,3
-1.016,0.90507,3
1.4891,0.65306,2
2.6271,-3.169,3
-1.6554,-0.40212,3
0.84621,1.4546,3
0.62821,1.9664,3
1.6628,2.5922,3
-5.5067,-2.7853,3
-0.49066,1.7915,3
1.5724,1.9177,3
5.7442,2.2651,3
-3.8328,3.8689,3
1.6831,-2.2701,3
4.1577,-2.6506,2
-0.70556,-0.12475,3
-0.20681,-0.041499,3
2.1091,-1.1868,3
1.0627,1.8865,3
2.148,4.0479,3
-3.4653,-1.7731,3
1.5815,3.1501,3
-1.1651,4.7909,3
-0.66462,0.066797,3
-1.0758,-0.75217,3
-1.7647,-1.4225,3
1.6036,3.4687,3
0.98134,-3.957,3
2.6341,2.9704,3
1.2772,1.3883,3
2.1868,0.32472,3
1.802,0.37755,3
0.035743,1.6648,3
4.232,1.2133,2
0.24488,0.62526,3
-2.6749,-3.2341,3
-3.099,2.5593,3
2.8233,0.067831,3
1.1721,-2.8884,3
-0.015189,0.32287,3
0.23333,-0.61227,3
2.1342,-0.14333,3
1.2126,1.4372,3
-2.54,0.22127,3
2.9141,2.6369,3
2.5592,2.4531,3
-1.9418,-1.8192,2
-0.27973,0.10629,3
-0.54411,0.67643,3
-0.26206,-1.3123,3
1.6235,4.211,3
4.3738,2.8194,3
3.0237,2.3425,3
-1.1072,-1.6476,3
3.6882,-0.75197,2
2.107,2.9603,3
-3.9022,-0.46956,2
-3.5928,-0.94852,3
-2.0601,0.42294,3
-1.4701,-0.7496,1
4.364,2.0722,3
0.28094,3.6022,3
-0.075448,0.99287,3
0.032291,0.56979,3
1.7152,1.1725,3
-1.446,-1.4111,3
3.7705,-0.4115,3
0.82216,-0.61088,3
0.85537,1.4542,3
2.2963,-3.0062,3
0.56102,1.7018,3
0.72315,-1.0936,2
5.1758,-3.7694,3
0.020983,-0.28234,3
2.9976,4.0043,3
2.8558,3.4865,2
2.1654,1.8572,2
1.9838,0.8238,3
1.0492,0.67924,3
0.25183,6.3999,3
-0.11357,0.6883,2
-1.9902,-0.19541,3
1.1018,3.6817,3
-0.90846,2.1788,3
5.254,3.1886,3
4.4241,-1.5296,3
-1.454,-0.20329,3
3.0422,4.979,3
3.8164,2.7535,3
-2.3018,-1.8751,3
2.3313,-0.78836,3
0.6501,-0.17947,3
0.15083,1.2266,2
-1.2723,-2.361,3
-4.6766,-1.5891,3
-0.39538,3.5448,2
3.9555,-1.1745,3
0.14972,3.6044,1
-0.8582,-5.1544,3
0.74289,-0.80448,3
1.5531,2.5903,2
-2.0898,0.65549,3
1.7068,3.6989,3
0.53586,3.1077,3
2.5997,3.6211,3
-1.3462,-4.6552,3
0.12194,-1.8973,3
1.3728,-3.088,3
-0.34855,-4.399,3
-3.0267,-1.3851,3
-2.734,3.5764,3
2.4623,1.6732,3
-2.2511,2.3402,3
2.1243,1.428,3
0.28907,0.78433,3
3.3539,1.4743,2
-0.66922,-0.050441,1
-0.35165,0.22379,3
0.99274,4.1119,3
1.5531,-3.0879,2
3.4046,1.5276,3
1.4039,-0.1053,3
-1.0289,-1.5466,3
1.9316,1.3781,3
2.0572,0.76743,3
2.5579,2.107,3
-1.2028,1.216,3
1.1675,3.2409,3
-1.5509,1.998,3
2.9805,3.1089,3
5.593,1.8499,3
2.3121,1.5115,3
1.8924,0.89634,3
2.7079,1.1222,3
4.0324,1.0848,3
1.3176,-0.45775,3
3.0979,0.053301,3
2.2317,-1.2739,3
0.34447,4.5695,3
-2.3805,-0.98032,2
-1.43,3.5497,2
2.0793,0.78373,3
-2.1979,2.5034,3
-1.5787,-2.7225,3
0.37371,0.019039,3
3.748,1.9644,3
-2.2562,0.10885,3
1.4701,4.4821,3
-0.47587,2.3928,1
3.2098,1.1912,3
1.7568,2.2098,3
2.291,0.42072,3
0.50243,2.2351,3
0.30586,-0.67129,3
-3.0146,0.84006,2
4.5604,0.31892,3
2.9264,3.849,3
-2.6457,-0.69091,3
-1.8497,-1.1219,3
2.1418,-0.92509,3
2.4329,2.3796,2
-3.9281,0.23481,3
3.0649,2.9587,3
0.1294,-1.6802,2
3.9302,1.1796,3
3.7485,-1.0981,3
0.91551,-0.9875,3
-1.9542,0.40574,3
-0.9393,2.5024,3
1.5258,2.0889,3
1.712,2.1014,3
1.48,1.0826,3
-0.095928,1.346,3
1.2008,-0.97205,1
-1.1688,-1.6771,3
-0.85947,1.4603,3
2.9376,0.63221,3
0.0092574,-2.8109,3
-4.2623,-0.63704,3
2.6767,4.5673,3
1.0729,-4.3009,3
-1.4416,2.0324,3
1.5699,0.62554,3
-0.25175,-6.5668,3
0.75656,7.9731,3
-2.3582,1.5248,1
0.78987,0.11634,3
-1.6735,-1.777,3
2.4524,1.5262,3
-1.272,1.5832,3
-1.0563,1.5549,3
-0.61267,2.8665,3
-2.2598,0.84387,3
0.81326,-4.2958,3
0.78493,-0.90991,1
-1.3153,-0.023868,3
2.3342,0.81529,3
0.31724,0.10519,3
0.64361,1.1518,3
1.9835,1.9283,3
1.035,1.6355,2
-1.6178,-1.9437,2
-1.5423,2.1867,3
-0.19144,3.6819,3
-2.9822,-0.40652,2
-1.967,0.69083,3
2.4281,-1.7096,3
-0.20584,-3.661,3
-1.6933,-0.90424,3
-1.8614,0.091861,3
1.6593,5.2273,2
3.0263,1.0338,2
-2.2362,-1.0733,3
0.34745,-1.0248,3
0.22622,-1.5996,2
-2.0504,-2.2206,3
-1.9075,-0.30752,3
2.674,2.6456,3
-0.015991,-0.99984,3
-0.80846,-0.37468,3
-0.841,3.3681,3
-0.91047,2.5392,2
1.893,0.40797,3
0.076575,-4.8178,3
1.9303,-3.2886,3
0.10882,4.2008,3
-1.2463,-2.447,3
4.2975,1.7185,3
-0.78131,3.0884,3
0.3976,3.4974,3
3.244,1.2961,3
-1.3048,0.26269,3
2.2729,1.7855,3
1.4498,-1.4652,3
4.4141,0.32315,3
6.4055,0.61757,3
-2.6055,3.9662,3
3.6741,2.4683,3
-0.15869,2.9647,3
2.5089,1.485,3
-2.0442,1.734,3
-1.2339,1.8183,3
1.3169,0.85073,3
0.33338,-6.1025,3
-0.3398,0.61289,3
1.4903,-0.075122,3
-0.84212,1.7292,2
-0.1734,0.67285,3
-1.4753,5.0884,1
5.2078,3.964,2
0.76288,-4.2046,3
-1.8673,-0.43792,3
-4.0705,2.2113,3
1.5422,-0.076702,2
-2.9646,0.45437,3
1.6429,2.6351,3
1.3053,1.2088,3
-0.63392,-5.0112,3
-0.3665,-0.79154,3
-1.9382,1.7398,3
1.7696,5.0012,3
-4.4709,2.0269,3
1.0409,3.6913,3
4.5961,3.1104,3
-0.4083,4.5612,3
1.5842,-1.3255,2
-1.9902,-2.5706,2
1.7807,2.6039,3
-2.5746,0.36953,3
1.2932,1.1697,2
-1.5632,6.2043,3
1.3871,-1.1874,1
-3.2518,4.9267,3
0.54975,3.2962,3
-5.3636,-1.0917,2
2.2113,2.9973,3
-4.6965,-0.58671,3
4.5976,-5.0915,3
1.8596,-0.3436,3
0.81166,0.15755,3
-1.9983,1.1592,1
3.9554,2.668,3
-0.16099,-1.7464,3
0.80015,-0.89758,3
0.44257,0.74509,3
-0.60736,-3.6577,3
-3.7193,1.0793,3
1.8093,-1.6832,3
2.9019,2.5632,3
0.62604,-0.90115,3
1.2579,-0.12605,2
3.1406,-2.0689,3
1.7778,-1.1006,3
2.8938,4.397,2
3.9497,-1.2984,3
3.1814,1.7379,3
-0.85027,-0.79901,3
-2.7525,-0.89144,3
-1.2514,-1.3347,3
2.0432,0.75652,2
1.303,6.8562,3
2.1252,1.0307,3
-0.14558,-1.2773,3
3.8723,1.1072,3
-0.17076,0.99442,3
-0.55441,-2.9538,3
0.9369,1.3952,3
0.092776,1.6635,2
-0.098548,-2.7019,3
0.51131,4.0823,3
4.2949,-4.5626,3
-0.48072,1.7924,3
-2.0881,2.3805,3
3.6936,-0.86973,3
1.0025,3.4415,3
3.5022,1.7864,3
-1.0637,2.0704,3
1.0696,4.5663,3
-0.49191,-0.84182,3
-0.91491,0.097722,3
4.3539,-1.306,3
5.2264,-0.010957,3
1.1731,1.4823,3
2.879,1.8136,3
0.50383,3.5102,3
0.1922,-0.08319,3
0.31389,-1.4588,3
-2.021,-0.25251,3
0.074044,-0.73634,3
0.2978,0.55762,3
-0.32769,-5.4114,3
2.2208,3.2291,3
0.012327,-0.533,3
-1.502,-2.5107,3
1.0864,0.1215,1
-1.4445,3.5573,3
1.0178,-4.516,1
0.81149,3.5943,3
0.73081,0.6114,3
-0.91317,-1.6389,3
-2.4817,0.18224,1
-3.4959,3.7807,2
0.90223,1.4414,3
1.5749,0.25313,3
-0.38853,2.0521,3
3.3022,1.3188,3
-0.30522,1.6578,3
3.4406,4.3788,3
3.2104,0.80443,3
-0.51771,0.53594,3
1.6413,-0.64459,3
-3.8584,-0.65711,3
-1.8384,4.1409,3
-0.84791,-2.3305,3
4.8389,-3.1361,3
0.039442,2.3271,3
-2.0686,-5.3124,3
2.4869,-0.020435,3
0.53456,2.4484,2
-1.0959,-0.49662,1
2.388,3.8607,3
3.2775,3.2003,3
-0.044902,0.6885,2
-0.70032,-0.052415,3
5.8815,0.88253,3
-1.109,3.7018,2
3.4847,1.2508,3
-1.0458,0.51227,3
2.8016,0.64341,3
1.6831,3.0441,3
-3.5426,0.21804,3
3.4346,1.8306,3
1.7109,-1.2172,3
-3.0801,3.9518,3
2.1774,-2.9533,3
0.67723,0.84065,3
-2.369,2.9155,3
-0.48589,0.39988,2
-0.69729,-1.4894,3
2.1025,-4.6784,2
0.35417,0.69182,3
-2.469,0.89038,3
0.64264,5.8168,3
2.4568,2.3302,3
3.2142,0.68291,3
-0.83057,3.8463,3
3.5784,5.706,2
0.61933,-0.17023,2
3.5319,2.3121,3
1.1835,1.6149,2
0.97386,-0.32662,3
2.5559,0.41749,3
3.2168,0.99795,3
2.054,0.1219,3
-1.7621,2.9038,2
2.625,3.0499,3
0.98401,-1.221,3
1.5533,0.91042,3
3.6093,2.522,3
-2.1661,2.2212,3
1.6492,3.0496,3
2.5325,2.7642,3
0.36252,-3.6674,3
2.7008,-1.0582,3
2.6108,0.36809,3
1.5836,3.4488,1
0.32359,-1.7724,3
1.6653,6.8038,3
2.248,0.58888,3
0.85616,0.93194,3
1.7643,-1.4252,3
-2.3719,4.0634,2
0.23618,-1.1953,2
2.5317,-0.33541,3
-1.7497,-0.30686,2
-1.8921,-0.47417,3
-1.1326,1.6133,3
3.9026,2.0836,3
-2.6156,1.8655,3
0.44696,0.10966,3
1.496,-1.0347,3
-3.0883,4.0268,3
-5.3485,-4.955,3
0.97961,-2.4913,2
-1.7678,-0.2055,2
-1.868,-0.2708,3
-3.1379,1.8542,2
-0.81056,-2.2299,3
-1.722,-1.6643,3
0.13661,-4.4002,2
-0.67853,1.5942,3
0.35027,-2.0097,3
-0.55252,-1.4205,3
0.2961,1.8622,3
-3.7828,0.67219,2
-1.4664,-1.3647,2
-3.9719,0.6667,1
-1.9277,-0.10311,1
1.3232,2.7923,3
0.42268,4.9556,3
-1.5931,-1.5541,3
-1.2135,2.0973,3
1.2542,0.91671,3
-0.932,-0.39385,3
-0.62553,-1.2395,3
-2.3039,-3.6653,3
0.17807,-2.1694,3
1.9105,0.69316,3
-1.1803,-0.051006,2
1.0288,1.0067,3
1.0767,0.45105,1
3.2042,1.031,3
0.4817,-1.106,3
-1.3383,-1.1412,3
-0.056304,-1.4543,3
-0.056948,-1.0613,3
1.6026,0.062546,3
0.11769,3.5039,3
4.625,4.761,3
0.88282,0.05563,3
-2.5532,3.3373,3
-3.6909,-2.6817,1
1.1175,-2.6197,3
1.9122,1.174,3
-0.058821,-0.40072,3
-1.4382,-0.74763,3
1.1941,2.4572,3
-1.0577,1.4788,3
1.2718,1.7832,3
0.0064958,1.1123,3
-4.4329,1.9345,3
-2.8651,-2.3112,3
3.9953,-0.36437,3
-2.2233,-0.085044,3
-0.26382,0.061366,3
7.069,4.1378,3
-1.9502,-3.2582,2
0.86122,-2.3265,3
0.39546,3.6838,3
0.14343,-0.5576,3
0.44044,-0.034155,3
1.6464,0.014132,3
0.6743,1.0396,3
-1.9288,4.2696,3
-0.58438,-0.14354,3
-1.1968,0.41105,3
-4.2353,-0.63334,2
2.8436,5.5025,3
-0.47103,1.59,3
1.3601,-2.3903,1
0.99367,-0.92854,3
3.5046,4.0954,3
1.36,1.8785,3
2.9719,5.3404,3
-3.3838,-2.7437,3
5.7201,4.1124,3
-1.8933,-5.0157,3
3.0036,0.15777,3
-1.2236,-3.2785,2
3.3461,3.2738,3
0.66795,-0.50351,3
-0.85842,-0.42234,3
0.7563,0.40649,3
1.0072,1.8617,3
-0.96029,-0.57795,3
-0.45396,-0.63284,3
-2.3683,2.7227,2
-0.77691,1.5194,3
0.81263,0.87015,3
0.25238,6.5409,3
0.44546,3.5147,3
1.6729,4.0778,3
0.93074,0.65677,3
2.0218,1.7827,3
2.7584,0.8559,3
0.18298,3.2234,3
1.5592,-2.7485,3
-3.04,2.7033,3
-2.6555,1.5619,3
-1.3686,-2.1262,2
4.4716,3.5467,3
3.6268,-1.1606,3
0.90388,3.6808,3
0.45125,1.1982,3
4.5453,2.0892,3
-4.3799,-2.7401,3
3.829,2.7584,3
-3.8912,2.485,3
-0.19817,-2.7532,3
-2.3112,1.943,3
2.9985,-1.4122,3
-0.34464,1.7494,3
-0.24366,0.18917,3
5.2134,3.7301,3
-0.79363,0.94426,3
-0.61186,0.9651,3
0.18299,-0.93011,3
2.6837,1.1302,3
4.0091,1.9041,3
3.0846,1.29,3
-0.39318,-1.3576,3
1.559,2.7901,3
1.7778,-2.1154,3
2.6812,0.93742,3
-2.3284,0.32941,3
2.8023,-1.2579,3
-2.9659,0.29242,3
-0.61334,2.9769,3
1.4067,4.2467,3
3.7436,-2.5408,3
-1.8772,2.1452,3
-0.61754,2.342,3
3.6771,1.2767,3
-3.0573,-3.2448,3
-1.5886,1.0465,3
1.9064,1.314,3
3.0579,-1.4166,3
6.1023,4.3875,3
2.3408,0.89124,3
-2.1882,-0.29592,3
-0.31197,1.4762,3
-1.8254,-0.42378,2
1.9853,-5.3813,3
1.5745,1.4885,3
1.6935,0.15534,3
0.86582,1.6674,3
3.7319,1.7039,3
-0.47148,3.449,1
0.055105,0.73881,3
0.53364,-3.7527,3
1.9018,-1.1027,3
2.4841,3.2703,3
1.2461,1.4543,3
-0.55797,1.3803,3
-1.3395,5.8146,3
1.2144,1.9765,3
0.71525,-3.31,3
1.3925,1.9674,3
2.1873,-2.8957,2
1.6913,1.4493,3
0.12161,-1.4708,3
2.3754,-0.04489,3
2.3997,3.7496,3
0.14008,-2.4352,3
-2.201,0.099383,3
-0.41833,-1.1234,3
1.7646,-0.96147,3
-2.0182,0.46141,3
0.6704,1.3555,3
-2.7413,-3.0851,3
2.1439,1.5048,3
2.0457,4.9421,3
0.61953,0.33128,3
0.80808,0.11114,3
-1.3579,-0.38877,1
3.6113,3.1314,3
4.8189,-0.50937,3
2.728,-2.7536,3
0.25165,0.86339,3
4.5603,4.1179,3
1.5029,-2.2359,3
0.84531,-3.4074,3
-1.2625,-1.7219,3
2.7446,-0.41565,3
-1.0476,3.8034,3
0.53286,-1.0846,3
0.21597,-0.12041,1
-0.9295,-3.9352,3
-0.45971,1.5715,3
1.9812,0.21118,3
-1.1043,0.094817,3
-1.578,-3.468,3
-1.9061,-0.77282,3
-2.6276,-3.0669,3
1.614,0.40333,3
-1.4368,-1.3742,3
0.40533,-3.3017,3
0.598,2.5273,2
-1.008,2.1459,2
-0.099878,-0.62143,3
0.90615,2.9326,3
-3.7039,-2.0662,1
3.1349,3.0812,3
-3.1075,0.37771,3
3.8257,0.57364,3
-2.7486,-0.29562,3
4.7028,1.2164,3
1.4056,0.2485,3
-0.81224,1.8017,3
0.61737,1.7052,3
3.5686,0.70306,3
2.6657,0.19562,3
-1.8113,1.5519,3
0.28264,-1.3778,3
2.7017,0.31775,3
0.20951,-2.4346,3
4.5711,-2.097,3
-2.3787,-1.3613,3
0.20198,2.6763,3
1.8891,-1.013,3
-1.2315,0.28908,3
4.5017,0.55807,3
2.3531,1.4258,3
1.3959,0.94927,2
-1.2163,0.60796,3
3.0082,-1.8501,3
-0.50504,1.6813,3
-0.30286,-0.068383,3
2.2598,3.3938,1
1.2165,1.5459,3
1.7078,5.5222,3
0.7361,-1.9065,3
-0.61743,-3.8073,1
-1.7224,0.90789,3
-2.3379,-3.1399,3
2.8856,-0.5828,3
-0.69996,4.2422,3
1.8211,-0.21948,1
2.1171,-1.0181,3
3.5923,4.4471,3
-3.1755,-0.81428,3
0.59427,-0.70411,3
-2.0505,-0.15302,3
-0.1309,0.67276,3
5.0356,-0.89316,2
0.8424,1.1961,3
0.77669,-3.3803,3
-2.7933,0.83782,2
-0.081524,2.1455,3
-0.57755,3.4069,2
1.4134,-0.17603,2
3.3242,-0.017387,3
0.71991,3.1816,3
-2.1696,-0.60509,3
1.9599,-0.41187,3
-1.0129,2.6741,3
-3.2623,0.44047,3
0.991,1.0372,3
0.21635,-0.5051,3
1.9934,-3.0597,3
-0.16562,1.4798,3
1.1915,-1.8081,3
-4.2804,-1.044,3
-5.3377,-6.1009,2
1.156,-1.5917,3
1.5047,2.2608,3
2.0067,4.085,3
0.063868,0.15617,3
-2.2142,1.7872,3
-1.3057,0.9857,3
2.3748,-0.080493,3
5.6072,1.0058,3
-0.60304,-0.68604,3
0.61622,-2.0214,3
1.902,-0.15775,2
2.0874,2.8377,3
-0.42228,-1.3598,3
1.3711,1.4193,3
-0.3789,-0.24168,3
0.45468,2.3664,3
-1.2677,1.9642,2
-1.5306,-0.95296,3
-1.0515,-0.39189,3
0.26694,0.65965,3
1.3502,-0.94332,3
0.8551,4.5786,3
2.6833,1.6374,3
0.95463,-0.22076,3
0.95537,-5.5995,3
-2.4644,-3.1643,3
1.5941,1.8947,3
0.19234,5.1484,2
-1.1766,2.3636,3
-0.84972,-1.9723,3
2.4179,2.781,3
-2.7009,1.2327,3
-1.2711,-1.9598,3
2.8184,2.5197,3
1.7,-0.0013517,3
-1.3123,1.9456,3
-0.0556,-1.4094,3
-0.97517,-1.9244,3
0.92907,1.9079,3
1.1007,3.4917,3
0.47952,-0.5989,3
2.04,3.8306,3
3.997,-1.1634,1
0.58343,-0.51755,3
0.64633,0.07415,3
-1.1768,0.13578,3
0.33574,2.7145,3
1.0063,-0.57006,3
-2.1501,1.0981,3
0.036699,-0.95626,3
-0.38972,-3.7507,3
1.0816,-2.4033,3
-2.4472,-4.8429,3
-2.5647,0.9497,3
-1.4351,-2.6051,3
1.1329,3.114,3
0.79591,-1.4069,3
0.45096,-0.41661,3
0.39203,1.3875,3
-4.3035,-3.6208,3
1.7624,0.37523,1
2.2196,-3.7673,3
-3.7676,2.7213,3
2.089,-0.25725,3
-1.0667,-1.4231,3
-2.7813,-0.27888,1
-2.4522,-0.5049,3
2.9715,0.64864,3
-3.3232,-3.5646,3
-4.7925,-1.069,3
3.3578,3.2339,3
-4.9135,3.0895,3
0.1525,0.074653,1
-3.9398,1.8112,3
-2.3681,-4.0121,3
-1.5354,-3.4657,3
1.0868,2.4756,3
2.5213,2.641,3
0.2261,0.41361,3
0.055356,1.3461,2
-0.47492,0.73748,3
-0.92184,-1.3443,2
-2.5895,1.0889,3
4.4262,0.59689,3
-2.6658,-0.73116,3
0.2304,1.8155,2
-3.7692,-3.542,1
1.9675,2.7696,3
0.32372,0.6034,3
-1.5273,1.5474,1
-2.3459,0.89618,3
-2.0086,4.1008,3
-3.1798,-1.484,3
-5.2533,-1.902,3
4.253,4.6303,3
4.4186,-0.69221,2
-0.51569,-0.37012,3
1.4912,-0.86779,3
1.9781,-0.12824,3
-1.1794,-0.52072,2
0.85652,2.5583,3
2.3577,-0.52619,3
-0.17201,-3.8486,2
3.5298,3.2603,3
0.29111,0.91474,3
1.549,1.3907,3
6.1232,0.54983,3
-1.3422,1.2256,2
2.2048,1.825,3
-0.17489,0.33348,3
-2.2691,-2.4743,1
1.9104,3.212,3
0.36395,1.3405,3
4.4997,-3.5897,3
-2.8433,-3.3831,3
0.3192,-2.7316,3
1.4662,0.69068,3
2.4145,-1.3138,3
1.5411,0.2256,3
-2.7157,0.72082,3
2.0289,0.93019,3
2.4098,0.28387,3
-0.76801,0.207,3
3.5123,0.98227,2
-7.022,-0.27752,3
-3.545,-2.5418,3
-0.39541,2.4223,3
1.3632,-1.782,3
-0.12367,0.26265,3
0.9564,1.8937,3
2.7258,-0.60445,3
-4.435,-1.116,3
-0.74465,0.38884,3
3.0631,1.2571,3
0.36205,-3.1072,3
3.2451,-0.3884,2
0.64075,2.1432,2
1.2708,-2.5954,3
1.8743,-0.085918,3
-2.3897,-0.58059,3
0.11857,-1.9801,3
-2.1762,-3.1222,3
0.34552,1.2702,3
-0.7247,0.44372,1
-0.48512,0.37719,3
0.97683,5.5362,3
-1.0372,-2.1812,3
-5.3501,0.69017,3
-2.2099,-1.3844,3
-3.4614,-3.8692,3
-1.9125,0.28297,3
3.0527,3.0064,3
-1.6298,1.8002,3
2.2249,2.6487,3
2.194,0.50545,3
0.089004,-0.28518,3
2.2074,0.91209,3
-3.925,-0.20304,3
-1.838,-0.56782,3
1.2741,2.5255,2
1.1516,5.8057,3
1.4948,2.3054,3
-1.4085,0.96871,3
1.458,-1.0521,1
-1.5977,-1.1147,3
-2.0163,2.1821,3
3.1642,-0.46694,3
-4.8001,-2.4126,1
2.0212,-0.66548,2
0.27163,2.0111,3
-2.3412,-6.6417,3
0.82373,-0.25954,3
3.962,1.3357,3
0.041443,1.3514,3
-0.42996,4.74,3
-0.59396,0.058299,3
4.6891,1.6281,2
2.2789,-1.0537,3
1.9418,-0.43063,2
-2.7023,-0.50884,3
3.588,2.1387,3
1.5009,1.3205,1
-0.99517,-1.4808,3
2.6912,1.3553,3
0.76681,2.6395,3
-1.9671,1.0229,3
1.8984,3.8043,3
0.25711,3.5756,3
-2.5926,-3.3702,2
1.6758,-0.11298,3
1.0832,1.6278,3
-3.5474,4.4974,3
0.25341,-2.8917,1
-0.038399,2.7298,3
-2.5471,-3.9447,3
3.0442,3.6096,3
1.7644,3.745,3
-0.66965,2.6869,3
3.9619,0.84864,3
-1.8386,2.9566,3
-1.9006,-3.2731,3
4.1373,0.64153,3
-0.57576,0.71656,3
-3.39,1.9611,3
-0.95733,1.0962,3
-0.87783,-5.3419,3
-3.8947,3.4381,3
-1.5034,-0.136,3
2.8601,0.5089,3
1.8684,2.6226,3
0.17033,0.77318,3
-3.0862,-1.4025,3
-0.95119,1.2604,3
1.4509,2.6148,3
-0.37331,-1.6119,3
-0.11196,-1.9446,2
0.28512,1.0819,3
-1.4235,0.16199,3
-0.99158,1.4166,2
-1.5311,0.89237,3
0.16841,1.8228,3
0.40811,3.2948,3
-2.0516,0.68507,3
0.31929,0.8369,3
-1.4703,4.1025,3
0.52378,1.9605,3
-3.0133,2.7831,3
-2.8506,1.3351,2
0.81287,0.42377,3
-0.14325,3.6716,3
0.12077,-0.49756,3
-4.1625,-3.3055,3
0.045496,-0.62333,3
-0.62897,0.92793,3
2.3177,1.5022,1
-2.1622,6.0876,3
-1.1898,-1.8387,3
-1.5412,-1.1199,3
1.7385,-0.91491,3
-1.4627,-0.39846,3
1.738,0.26126,2
-0.98297,-0.13118,3
2.9965,1.3028,3
-1.0439,-1.7332,3
4.3683,-0.59552,3
1.3431,-0.032065,3
0.2951,1.2952,3
-0.26344,7.8514,3
3.7804,2.5332,3
0.80839,1.3646,3
-2.3307,0.57729,3
-4.0659,-4.2187,3
-0.82003,-1.2232,3
-3.7495,-1.3408,3
-2.2713,2.2645,3
0.9805,-3.7244,1
0.95658,3.6777,3
-2.3954,1.4546,3
0.67252,1.2895,3
-4.369,0.44588,3
2.1395,6.0883,3
0.1958,0.21515,3
-0.38281,-1.6228,3
-0.73558,-2.5856,3
-1.5852,2.6431,3
0.48648,-1.9027,3
-1.2652,7.1236,3
0.22761,1.8212,3
-0.64723,2.4734,3
-0.80576,0.43768,3
4.7949,1.0826,3
0.48736,-2.479,3
-0.79048,0.41769,3
0.88568,-2.2956,3
1.9336,-6.0865,3
-1.1269,0.28749,2
-1.2313,2.7763,3
1.7788,2.5222,3
1.6498,-2.0665,3
3.8895,6.3532,1
0.59541,-2.0202,3
-0.8279,-0.14077,3
3.0207,-0.54646,3
1.8732,0.53277,3
5.2513,5.1507,3
-2.8666,-1.8682,3
3.6459,-1.7546,3
-3.2839,1.347,1
2.4248,-1.5156,3
1.724,-0.30233,3
1.1328,0.51459,3
-6.4895,-3.5833,1
1.9243,4.6786,3
1.2456,1.0706,3
-2.815,1.1418,3
1.0913,3.2705,3
-2.9499,-1.05,3
-1.5351,1.8451,3
2.2382,-0.45041,3
-4.8867,0.59287,3
1.3442,-4.0555,3
5.5498,0.65668,3
1.4981,-1.0179,3
0.48928,-1.3115,3
-0.085098,1.8633,3
-3.0176,0.28297,3
3.8353,3.9563,3
2.4255,0.83745,1
1.9224,3.7416,3
1.2726,-0.33094,3
2.3926,1.252,3
0.18604,-1.9044,3
1.9138,-1.9334,3
-0.0067514,-0.74441,3
-1.768,0.038915,3
1.6453,3.8142,3
1.5148,4.0446,3
1.2417,-0.76363,3
-2.5869,-5.4819,1
-1.6183,1.536,3
-2.9962,-0.25737,3
1.3553,-1.038,3
3.353,2.0568,3
-0.54927,1.9769,3
-1.7443,1.5599,3
1.1463,0.29767,2
1.875,0.2952,3
-3.2674,-1.7145,3
1.8724,-0.96158,3
0.076538,1.3003,3
-1.3016,0.82047,3
-1.0684,-1.168,3
-0.051844,-0.90883,3
0.3833,-2.3434,2
2.1194,-2.5406,3
1.216,-1.4587,3
1.4315,-0.80625,2
3.8469,1.622,3
-0.63622,1.2279,3
-2.2195,1.89,2
1.2084,1.3006,3
1.7971,-0.24682,3
-1.0113,2.9375,3
5.575,2.3765,3
2.2156,-4.7056,3
1.8426,-3.3196,1
4.8724,-1.5859,3
1.0766,3.5202,3
0.15085,-1.0699,1
2.066,5.0027,3
1.8635,-4.6338,3
1.6979,1.9624,3
-1.053,-1.132,3
3.6118,0.25183,3
-0.85349,-0.016344,3
2.7628,3.4751,2
-1.9994,-4.4063,3
-3.8294,-2.8153,3
2.3444,0.14244,3
-2.0487,0.84106,3
4.1725,1.3429,3
1.5486,1.7829,3
-3.5494,-0.25943,3
0.58915,-2.7061,3
-0.39594,1.8175,3
2.9028,1.1495,3
2.6048,2.3476,3
3.1245,-1.9368,3
1.0297,2.397,3
-0.94117,-0.62494,3
0.9046,2.646,3
2.1547,0.33996,2
2.7311,0.51385,3
-0.12641,-1.5972,3
2.34,1.3075,3
-1.2606,0.96411,3
-0.82614,0.72051,3
2.0438,4.1385,3
-2.434,1.3328,3
2.3085,0.64392,3
-2.4136,0.20504,3
1.1243,-3.27,3
-4.687,-2.8341,3
3.5451,2.5013,3
-3.7803,1.2176,3
1.4551,4.9308,3
0.41709,-0.63188,3
2.0692,2.9325,3
4.412,3.6684,3
4.4673,-1.9663,3
5.3774,3.7271,3
1.3904,1.341,3
1.4833,1.1104,3
0.29225,3.6078,3
0.23094,0.31306,3
-0.46794,-4.007,3
0.65733,0.75751,2
-0.35784,-0.30382,3
-3.1065,1.6663,3
-0.9419,-1.4556,3
-0.85335,-1.39,3
0.69133,-1.3603,3
-5.0991,-1.6125,3
-0.60215,-1.6518,3
-4.1079,-2.5699,3
-0.23396,-1.311,3
0.52385,-0.29757,3
-2.2855,2.2923,3
0.15999,1.0528,3
4.4926,1.2204,3
0.043215,1.9291,3
-0.049297,-1.9765,3
1.2797,-1.1716,3
-4.3868,-0.030726,1
-2.9441,2.2125,3
3.8077,3.4234,2
-6.4766,0.47357,1
2.8964,1.3433,3
0.70365,3.5621,3
-2.2293,1.7872,3
-0.65212,4.2505,3
-3.8086,2.3043,1
0.60462,-2.5813,3
-2.7975,4.3145,3
-1.5606,-1.2374,3
-2.5968,-5.196,3
-2.88,2.2466,2
1.6936,0.18553,3
-1.632,1.2731,3
0.59436,-2.8145,2
1.7696,-1.9693,1
-3.5248,-0.46754,3
1.2566,0.67776,3
-2.9564,1.0858,3
3.1897,-0.51687,3
3.4945,0.44027,3
2.5745,0.16302,3
0.01793,1.0444,3
1.0518,3.0673,3
-2.4691,-0.57635,3
0.65772,2.9015,3
-5.9813e-05,-2.0877,3
2.1433,1.8975,1
1.325,-2.1697,2
-0.56871,0.35767,3
-0.41413,-1.9634,3
4.7093,1.3326,3
1.5565,-2.0692,3
-0.7659,3.1366,3
0.90742,1.1709,3
1.6698,3.6044,3
-1.5111,1.6711,3
-6.1814,0.05174,3
1.3397,0.13081,3
0.58752,2.5633,3
1.0943,-1.6829,3
-0.27186,3.1709,3
2.6978,-0.7449,3
1.1367,-0.18718,3
4.0407,2.557,3
0.95399,-3.6012,3
-0.69637,3.4752,3
3.1734,2.0948,3
1.0254,3.1628,3
0.65734,-0.31242,3
3.2897,2.9606,3
0.9963,4.8402,3
-2.503,-2.5629,1
-1.0165,-1.0739,1
1.2232,2.5903,3
-0.87914,3.7344,3
-0.79787,-1.0557,3
0.93456,1.1317,3
4.9614,0.6347,3
3.7423,1.2989,3
1.1673,0.93689,3
-0.69221,-0.40058,3
-1.8571,-1.1072,3
-0.96484,1.186,3
2.5307,-0.33574,3
-1.5914,-2.3739,2
-2.4946,-0.0528,3
0.20139,1.1687,3
3.9249,0.64792,3
4.8215,1.6035,3
2.6349,2.0416,3
1.3489,0.87935,3
1.4066,3.6198,3
-4.7546,-1.934,3
3.3329,3.3774,3
-3.6283,-3.2799,3
-1.2845,1.8307,3
2.9151,2.1085,3
1.4031,-1.0846,3
2.5893,1.2864,3
3.2137,2.6154,3
-1.8418,1.0855,3
-2.5477,-0.45477,3
0.3428,0.88956,3
-3.1821,-1.1091,3
-1.5756,2.5142,1
2.9278,1.1366,3
-1.0165,-2.9291,3
-3.4776,-0.80854,3
1.8482,1.4089,3
-3.7166,0.013085,3
6.1719,1.598,3
2.6373,1.8959,2
-1.6226,0.41569,3
-0.70758,1.0645,3
0.59809,0.97944,3
-0.70487,3.8248,3
-0.90423,-3.0131,3
-0.65789,4.2617,3
2.29,0.42174,3
0.20254,3.0171,3
0.60795,-0.25449,2
0.99537,-2.9748,3
0.7457,-0.68788,3
0.12069,-1.0803,3
2.3124,-2.3537,3
4.2017,0.66681,3
0.8612,1.727,2
-1.717,1.3588,3
-1.9103,-2.9775,3
3.7714,-0.31109,3
2.4883,-1.0735,3
0.043352,0.63341,2
1.217,-0.64454,3
2.5159,2.4479,3
2.2106,2.4334,3
6.5863,3.7283,3
1.7713,3.9762,3
4.6961,2.5193,3
-2.8338,4.1769,3
2.4266,2.4595,3
3.6923,1.6487,3
2.813,2.0411,3
3.5079,-0.82435,2
-1.8528,-3.9639,3
0.40215,-2.562,3
-1.9019,0.99715,3
0.77274,-1.1815,3
1.8261,2.9735,3
4.2157,1.2327,3
0.76897,-2.6064,3
-0.44891,-4.4523,3
2.5111,2.0126,3
2.9864,4.0587,3
-2.1429,3.13,3
-2.4205,0.018112,3
3.8035,-0.32278,3
-1.6301,1.0274,3
4.6348,3.7561,3
-0.053778,-0.84589,3
3.3302,2.1572,3
4.2273,6.1852,3
2.2119,1.3096,3
-0.91136,-1.2239,3
-0.42234,-2.4553,3
1.1786,-0.93679,3
-1.869,1.8294,3
0.87222,-1.7822,3
-0.83773,-0.77334,3
4.1047,0.80712,3
-0.40272,-2.4357,3
1.2201,1.3277,3
-1.963,3.1851,3
0.28054,0.7761,3
1.5535,-1.6792,3
0.13776,0.88057,3
-0.31986,2.4605,3
3.3952,-0.30362,3
1.8134,5.9855,3
1.7263,4.1005,3
3.8856,0.7399,3
0.21,-0.71154,3
-1.3509,0.45428,3
2.7928,-1.2364,3
-2.0404,-1.4703,1
-0.44707,-0.62939,3
-3.5509,-0.70824,3
-0.62209,-0.33237,3
-0.86971,1.0978,3
3.8165,2.7536,3
-2.5129,-1.131,2
-0.080412,-0.28629,3
-2.7332,0.70099,3
2.7855,1.3295,2
2.2778,0.72026,3
1.4831,-1.1449,3
-2.3176,-0.98792,3
-4.7528,-3.7659,2
-1.78,-0.13971,3
-0.23333,-2.2869,3
-0.058474,1.4663,3
1.4927,1.4182,3
0.56382,1.5822,3
0.21541,1.5149,3
1.3172,3.4489,3
-1.748,1.3012,3
1.8479,1.4152,3
-0.78229,-0.66783,1
-2.2085,2.2994,3
-0.16051,1.5523,3
1.8907,3.587,3
1.3534,3.0928,3
1.5275,-0.20071,3
0.15745,1.7253,3
-3.0235,0.84194,3
-0.70783,-1.443,2
-0.77092,2.3479,3
4.7273,-0.19932,3
-0.46005,2.7812,3
-2.9792,-3.5892,2
1.044,3.9342,3
3.5314,4.5787,3
0.57868,-0.26523,3
-0.36438,-0.20761,3
-1.3284,-0.36601,3
-2.2362,-2.0021,3
-1.1884,-1.5672,3
0.16793,2.0707,1
0.097122,3.4547,3
-0.46201,1.769,2
0.80811,-1.3285,3
0.43971,2.5109,3
-2.3338,0.11802,3
2.6124,0.22008,3
-2.9872,2.613,3
1.4997,4.3851,3
0.52137,-4.0456,3
-0.33858,0.45833,3
3.1503,-3.4896,3
-2.5156,0.88332,3
2.3737,3.4619,3
0.90981,-1.6979,2
0.63519,0.21809,3
-2.7627,-1.9552,3
0.45304,3.3093,3
0.7854,0.6424,3
2.501,-0.10008,3
-0.41857,-0.4534,3
0.60124,2.5875,3
4.6193,-1.3635,3
3.3124,7.3248,3
0.34143,0.16258,2
1.8593,2.0551,3
2.6403,-1.5576,2
1.6146,-1.3266,3
1.7379,-4.1318,2
0.056184,-1.0535,3
0.014809,-1.5266,3
3.3634,-1.383,3
-1.0219,2.944,3
-0.84329,4.0909,3
-2.0102,2.0229,3
-0.5631,-1.4042,3
1.576,-0.89847,3
2.3121,2.4422,3
1.1989,-0.43701,3
4.5349,-2.6555,3
0.50096,0.11504,3
3.1316,0.23423,3
-1.1099,-0.53127,3
-0.98402,-1.2936,3
2.5011,-0.7126,3
1.1123,-1.705,3
0.88807,-5.5072,3
-0.6909,1.4649,3
-3.8702,-0.87821,3
-1.3769,-1.9205,3
4.6914,-1.5719,3
-0.89025,0.18573,2
0.39835,3.5637,3
2.6712,1.8822,2
2.603,4.5734,3
1.2583,2.4254,3
-2.121,-1.5028,3
0.3221,-1.9606,3
2.6758,-1.3174,3
2.6128,1.8775,3
-1.3142,1.4512,3
-2.2473,0.22062,3
-0.10033,1.7561,3
4.6939,1.8855,3
-0.016273,-0.35662,3
-0.92901,-0.93116,3
-0.21167,-3.1459,3
-2.1862,-0.83802,3
-3.8207,-5.2065,3
2.8188,0.58575,3
4.528,1.6554,3
-3.7404,1.5922,2
1.1377,3.7291,3
-4.5745,-1.723,2
0.63838,-0.36626,3
3.875,-0.35675,3
1.1115,-2.5532,3
0.41918,0.15172,1
-0.27988,-0.18023,1
3.5897,0.20125,3
1.9385,1.8063,3
-0.96947,-1.7805,3
-0.51423,-1.8282,2
4.225,3.2282,3
-0.19448,-1.3432,3
1.0376,-0.23228,3
-2.6234,-2.0798,3
-3.5728,1.0798,2
-0.61665,0.36083,3
-1.4273,-0.736,3
-0.49363,1.3441,3
1.2466,2.8451,3
0.73606,-1.1197,3
1.5845,-1.6575,3
0.063339,-3.0993,3
2.4884,-1.4521,3
-2.7731,-4.0996,3
1.8143,1.5495,3
1.4008,-1.2576,2
0.13517,-1.515,3
3.4444,-0.24999,3
1.9236,-1.4262,3
-0.65425,-0.20457,3
1.3443,0.55184,3
-0.36357,1.7011,3
0.093653,2.51,3
-1.027,2.8833,3
-1.1393,-1.6944,3
2.1894,-2.3739,2
2.862,-0.52367,3
-3.9505,0.35801,3
-0.6448,3.2099,3
0.19298,1.1535,3
-1.1694,2.079,3
0.96921,-1.6053,3
2.6028,1.1977,3
-0.0094075,-1.3786,3
3.6329,-1.236,3
0.69508,1.7592,3
2.2503,-2.3883,2
2.299,-2.6972,3
-0.57623,-0.83141,2
0.77407,-0.5842,2
2.598,-0.92098,3
-1.5321,2.2512,1
0.87561,-2.0455,3
-1.107,-1.1748,2
1.179,1.6552,3
2.8501,-1.5883,3
5.182,-6.42,3
0.24114,-3.3329,2
1.2201,5.9987,3
2.3947,-1.3844,3
1.5201,-0.62862,2
-3.0654,3.8217,3
1.4402,2.4086,3
-2.6778,1.747,3
0.39557,2.7483,3
-0.27068,-0.69113,3
-0.015214,2.4305,3
2.2127,0.93372,3
-2.3104,0.23555,3
-0.15318,-1.9699,2
2.7415,1.6353,3
-0.68739,1.2587,3
-2.6647,5.1084,3
-2.8426,-4.3631,1
-0.62342,2.6516,3
3.2276,0.46646,3
3.4137,0.44394,3
-2.4429,-2.279,3
0.33132,-1.3626,3
0.52234,-2.0665,3
0.40222,-2.9888,3
-1.471,-1.3912,3
0.8508,-2.7756,1
-1.1677,-2.6331,3
-0.88254,2.7392,3
1.0436,0.069112,3
1.8962,0.16802,3
1.5764,1.4524,3
2.5101,-3.9758,3
4.9471,4.7024,3
1.7718,-4.1081,3
-4.7306,-1.559,3
1.2553,-0.050882,2
0.076316,-2.1392,3
-1.678,-0.16997,3
2.3536,-0.53043,3
-1.753,1.7192,3
0.29664,-1.8285,3
5.686,0.029848,3
-1.0842,1.0084,3
1.2649,-2.1484,1
3.0636,0.86007,2
-0.75161,2.1762,3
4.007,2.4245,3
1.2396,1.6888,3
0.43407,-1.2158,3
-3.4313,-2.3595,3
0.40566,2.3394,3
3.4773,0.68818,3
-2.8545,-1.9787,3
2.611,-2.6012,3
1.7091,3.1382,3
-0.51384,-1.0977,3
0.71122,0.76075,3
3.3728,1.5281,3
2.6529,-0.48509,3
0.57,-3.2663,3
1.6694,-3.7,3
-0.58514,2.0726,3
0.40277,-0.52681,1
-0.14302,-1.5832,3
-1.8637,-0.64803,3
-1.5307,0.28258,3
3.3154,2.2807,3
1.3795,0.13456,3
2.2079,-0.0062908,3
0.59881,-0.88268,3
4.6117,3.4236,2
-1.5335,-1.7716,2
-2.7624,-2.921,3
-1.2926,1.8082,3
-1.1243,-0.13487,3
2.3482,0.80795,3
1.4423,0.42871,3
2.1783,0.92971,3
4.0529,1.0965,3
-0.40962,0.82292,3
2.0633,0.96208,3
0.051026,0.4397,3
1.3397,-2.7916,3
3.1187,-0.71029,3
-0.094917,0.72314,3
3.0731,1.7588,3
2.9187,2.924,3
0.22715,-1.4541,3
2.353,1.0643,3
-3.3618,-0.36496,3
2.4682,0.95904,3
4.2005,2.7951,3
-0.58991,-3.7087,3
-3.058,4.5147,2
-0.73763,4.4287,1
-1.2004,1.367,3
-0.33418,3.3469,3
-2.976,1.8031,3
-1.8225,-3.3245,3
0.14955,2.0559,3
-2.284,4.0915,3
-1.6205,2.2959,3
-4.6837,-2.5125,3
0.07365,-1.732,1
0.11431,-0.33936,3
2.0403,0.98709,3
0.68149,0.73464,3
3.8758,3.9362,3
0.12593,1.6185,3
1.1377,2.4121,3
-3.2494,-2.6018,3
1.5328,0.21879,3
-3.0583,-0.65914,3
5.7623,-0.93727,3
2.7576,1.5853,3
0.71189,0.78354,1
-0.67065,-1.9006,3
-2.9708,-2.105,3
0.073724,-0.63092,3
-1.8031,-0.05027,3
-1.838,-3.6853,3
-0.025573,1.4512,3
-0.87044,-2.0943,2
0.080854,-0.94453,3
3.6866,2.773,3
-0.94502,-0.99771,3
0.86713,-2.6581,3
4.5262,1.8189,3
2.843,-1.6508,3
-2.6276,0.86634,3
0.61797,-1.473,1
-5.525,-1.6225,3
0.91043,-0.67422,3
-0.70663,3.5506,3
-0.66952,-1.0901,3
4.3807,-0.061537,3
-1.6783,1.455,3
-1.0861,-1.0701,3
0.093755,-1.4478,3
-0.72978,-2.1293,3
-1.9419,-2.5337,3
0.29564,-3.0299,3
-2.1338,-1.6149,3
-1.7609,1.9905,2
0.94786,-1.753,3
-1.7473,-3.591,1
0.71532,0.53835,3
-0.73332,3.3551,3
-3.14,-1.0096,3
1.1444,1.8102,3
-2.5419,-1.9455,3
0.57134,-6.2353,3
0.52238,4.2754,3
1.6206,-0.71838,2
0.86079,1.9929,3
3.536,0.57809,3
0.67836,0.73188,3
-2.0128,-0.90749,3
-2.5646,1.4526,3
3.227,2.6289,3
1.6938,-0.57007,2
1.1647,1.0383,3
2.7208,-1.1193,3
-1.0908,-2.2455,3
-2.1678,-0.31916,3
1.4759,-0.81771,3
2.0869,1.4705,3
-3.8198,-3.4056,3
-0.3464,-0.63014,3
-1.928,0.74717,1
-6.3751,1.8855,3
-1.5862,-0.67711,3
-0.15781,-1.285,3
-0.68118,0.44252,3
0.29498,-2.433,3
-3.0054,1.8991,3
-0.52772,-0.62164,3
-1.4713,0.41656,3
-2.5935,1.4215,3
-0.29028,-2.0438,3
4.9947,1.3433,3
-0.34867,3.1388,3
0.65955,-0.39152,3
-0.41768,-0.25685,2
-2.3102,-0.11722,3
0.83775,3.5907,3
3.251,-3.6804,3
1.2347,-0.76424,3
-1.8821,-0.64791,3
2.3573,1.301,3
1.8286,4.7111,3
0.68231,0.088662,3
-1.5187,-2.1437,1
3.6846,1.8039,3
3.5735,-0.90733,3
3.1064,2.989,3
0.65941,4.5934,3
-1.7093,-1.0911,3
-2.1557,-0.36164,2
2.3524,4.5536,3
4.2456,-1.3523,1
-0.63466,0.91886,3
-0.325,1.7407,3
-3.2142,-1.9478,3
4.7476,0.40144,3
0.99928,-0.12021,3
4.0385,2.7103,1
2.6352,2.3158,3
-2.2692,-7.2613,3
2.0925,-0.099542,3
1.4847,0.54399,3
-0.89756,3.4992,3
2.3326,2.6447,3
-1.4983,0.063752,3
2.6709,0.048731,3
-2.598,1.4071,3
-2.049,-4.3577,3
0.87743,-0.11322,3
2.1861,4.1813,3
2.1654,1.3514,3
1.4374,0.28784,3
-0.84962,0.94695,3
-0.3781,-1.3186,2
-0.36394,1.0343,3
-0.05582,1.808,3
1.4644,-1.5829,3
0.41461,-1.6153,3
-2.9867,3.3006,2
1.0169,-2.8614,3
3.5358,-0.055165,3
1.3534,1.6427,3
3.1488,-2.5297,3
-2.8784,3.7806,3
0.19165,-1.9435,3
0.039193,-0.51452,3
-0.10367,-1.2298,1
2.7241,-1.7795,3
1.3853,-0.81134,3
2.8857,2.8771,3
0.5057,-0.70381,3
-0.012115,-0.90556,3
4.8464,1.6556,3
1.218,-0.28755,3
-1.3536,3.0584,3
1.3827,2.6573,3
1.2138,-0.46279,3
-1.129,1.8672,3
-0.10836,0.5198,3
0.22943,-1.3978,3
2.1432,-0.45973,3
-0.64424,0.79003,3
0.4759,0.57764,3
-0.32361,2.0014,3
-3.3507,-0.51579,2
0.27044,-1.4656,3
2.7585,-1.0096,3
2.4269,4.7172,3
-0.57313,0.88825,2
-1.7963,1.7717,3
0.20505,3.3762,3
0.039569,1.7975,3
0.79764,0.99777,3
-0.32217,1.0552,3
1.1152,-0.39432,2
0.021686,0.96871,3
-0.30449,-0.69708,2
-0.069006,-1.7201,3
1.1768,-2.0171,3
-1.9022,-4.316,3
0.70441,2.1777,3
3.2708,3.7888,3
-0.35529,3.3237,3
2.8344,2.5518,3
-4.0477,-0.37078,3
-1.2428,5.937,3
-2.6263,-2.818,3
-0.44229,0.89737,3
-5.4468,0.69384,3
-0.51241,-0.72634,3
5.4894,2.01,3
1.3643,-3.703,3
2.598,2.1462,3
-3.4413,0.16506,3
1.967,0.64859,3
4.6203,0.93071,3
1.7812,1.9968,3
0.26691,0.22683,2
0.094645,1.2824,3
0.45548,2.2758,3
3.9528,-3.7387,3
4.2383,3.6725,2
1.869,-0.64664,1
0.11867,0.28986,3
2.024,-1.5026,3
1.1734,2.111,3
-1.8994,-1.6004,3
-1.2892,0.69352,3
-4.4207,-0.23203,2
0.69171,2.7493,3
3.2878,1.1569,3
1.0955,-0.3643,3
0.78848,1.6465,3
-3.5647,0.14134,3
3.74,2.0652,3
-1.2021,1.4606,3
-2.5203,-2.3436,2
-0.95844,2.4029,3
0.95207,-2.1951,3
3.208,3.1139,3
-1.8003,-0.87553,3
-1.8576,-1.5645,1
0.4731,0.38562,3
-4.967,0.63289,3
1.7297,2.0462,2
0.5295,-0.023802,3
-0.96833,1.3319,3
-0.89041,-0.65474,2
0.60052,-0.7669,3
-6.2997,0.83969,2
3.3726,-1.0913,3
1.4377,0.50359,3
-2.4334,1.7674,3
2.277,1.3174,3
0.44196,1.4182,3
0.29118,5.8952,3
0.69388,-0.8816,3
-1.0627,-5.069,3
1.6987,-0.076354,2
1.9236,2.0051,3
-0.54542,1.1775,3
0.60209,1.3915,3
0.23216,2.1961,3
0.93996,-0.25544,3
-0.4378,2.4076,3
1.8894,0.32637,3
1.7196,0.765,3
-1.1986,1.0665,3
-0.34136,-0.71402,2
3.6457,-0.30864,3
0.47011,-0.73391,3
-2.9344,-3.5706,3
0.71782,-2.767,2
1.2472,-0.85355,3
0.2873,-0.13367,3
1.0167,4.4599,3
0.90303,-1.7641,2
1.3852,-1.9322,3
-1.2049,-2.4739,3
-2.5124,1.7488,3
3.494,4.6822,3
1.147,2.7571,2
2.4316,0.32471,3
-0.7999,1.502,3
-3.2007,-1.7853,3
3.1869,3.2442,3
0.7709,-0.66922,3
-1.8436,2.4704,3
-1.7724,-0.28342,3
2.524,-0.863,2
1.1793,1.4164,3
2.6433,0.41182,3
-1.1861,-2.592,2
2.0306,2.1439,3
1.6976,3.6098,3
1.2433,0.65936,3
1.7787,4.8264,3
0.94359,-0.9508,3
1.4301,1.1071,2
-1.5143,3.9065,3
-3.0136,-0.52266,3
1.3563,-2.938,3
5.5299,2.136,3
0.68727,2.8482,3
0.99705,0.29123,3
0.19212,-0.23364,3
0.012683,2.9691,3
0.27925,-2.9256,2
3.3569,3.1213,3
4.4484,1.7303,3
1.0638,2.4306,3
1.9837,-1.8695,3
-2.3909,0.62397,3
-0.2498,-1.2283,3
-7.1202,1.0891,3
1.644,-1.0927,3
4.115,0.23588,3
-2.5619,-3.0569,3
2.9269,-0.20569,3
-0.015323,2.2024,3
2.4719,-0.5112,3
0.73697,1.733,3
0.311,-4.1723,3
-3.5002,1.2985,3
0.19931,-3.4085,3
0.78213,1.4763,3
0.44393,1.7366,3
1.0613,3.1731,3
0.30377,-1.119,3
1.5462,-3.9191,3
1.3857,1.0097,2
6.1395,1.4063,3
1.9258,4.7221,3
2.2528,-0.24161,3
-0.37393,1.9157,3
-0.2039,-1.1751,3
-0.78999,1.0743,3
5.2064,3.1452,3
1.822,2.4425,3
0.08857,-0.049298,3
1.9298,-0.71039,3
2.0786,0.35739,3
-1.305,0.59967,3
-0.80066,-2.4911,3
1.082,-0.15604,3
-2.0587,-0.77429,3
1.2956,2.5629,3
5.7649,1.7039,3
5.5166,1.6463,3
3.2193,-1.9208,3
1.4596,-0.76092,3
1.7382,2.8168,3
5.2119,2.6065,3
-0.44448,-0.76361,3
0.50144,2.183,3
-0.16934,0.71495,3
-1.6713,0.79371,3
3.6102,2.5681,3
0.46455,0.48071,3
0.47163,0.1898,3
2.2277,2.0224,3
1.0296,-1.2731,3
-4.9781,-0.46406,3
-0.11723,-0.79767,3
0.56182,0.77767,3
1.8793,1.1152,3
-3.9896,1.1682,3
2.4546,-2.6979,2
1.2781,1.561,3
0.84966,-0.44707,3
2.129,2.5114,3
3.0745,2.4039,3
4.0217,1.813,3
-0.58688,-0.48538,3
-4.3095,0.72839,3
-2.622,-0.37113,3
2.0151,0.74402,3
-3.1862,-0.6588,1
-1.186,-0.40483,3
0.11373,2.729,3
0.90788,0.80214,3
1.2409,-1.994,3
-2.3392,1.9776,3
-0.89541,-1.2826,3
-0.3624,1.7635,3
1.4422,4.829,3
0.17586,-0.019599,3
-1.0215,0.72464,3
2.4073,-0.0333,3
-1.2514,-3.7315,3
1.7573,0.67298,3
-0.63375,3.7565,3
-0.49846,-2.502,3
1.9225,-2.0201,3
-2.76,1.0137,3
2.4676,1.4182,3
-0.58617,0.74425,3
-1.7932,2.9226,3
-0.94675,0.023411,3
7.4512,3.3559,3
-0.51394,-0.53432,2
0.49181,2.1151,3
0.78138,2.3653,3
1.3477,-3.2558,3
-1.2959,2.7199,3
0.98447,3.8085,3
1.0684,0.87661,3
-0.93745,-3.2299,3
-4.0342,-0.31435,3
-3.4918,0.93149,3
1.7492,-2.7386,3
-0.33965,-0.45766,3
1.494,4.048,3
0.85135,-1.4783,3
-0.46438,-3.215,2
0.051339,-4.1194,3
0.26324,3.7022,3
0.39405,-1.2027,3
0.9262,1.3812,3
5.8176,2.9796,2
1.2349,0.76379,3
0.13266,-2.2358,2
0.54242,0.75469,3
2.0235,-3.3597,1
3.1118,-0.29163,3
-1.4198,1.6811,3
1.6166,0.15585,3
0.53923,5.8374,3
1.0714,-1.2128,3
-3.0958,2.5435,3
-2.6529,-1.5185,2
3.5559,0.40375,3
-3.7544,-1.8182,3
-0.1626,0.73176,3
1.6913,-2.323,3
1.3826,0.025457,3
-0.092935,-0.15277,3
-2.0306,-0.34286,3
1.7726,2.3211,2
-2.0733,0.98991,1
0.34042,-1.5064,3
-1.448,-1.4334,3
1.3958,1.3169,3
2.7225,0.8388,3
-2.247,0.54827,3
-2.3652,-0.60378,3
-0.050069,1.2307,3
-4.1092,-2.8392,3
-0.25415,-2.0806,3
2.5276,4.7566,2
-1.3461,-3.9079,2
-1.1756,3.3219,3
-0.28811,2.0385,3
-2.2437,-1.1896,3
-2.3568,-3.9131,3
1.271,2.4273,3
-0.17892,-1.8693,2
4.0336,1.3902,3
0.45431,-1.569,3
-4.1684,-0.28063,3
4.7167,5.4297,3
2.9228,4.6388,3
1.7902,3.4208,3
-0.42009,-0.73711,3
3.5854,0.34942,3
2.8873,1.4205,2
1.88,0.092143,3
0.33156,-0.18508,3
0.61518,-3.3297,3
-1.4241,0.40883,3
0.11472,-0.6784,3
1.5614,4.1159,3
-1.3215,-2.6595,3
2.1166,-0.48141,3
1.4733,2.3437,3
0.55938,-2.6741,3
1.2169,3.9217,3
1.7501,-3.5202,3
2.2026,0.90991,3
-0.22462,4.2854,2
2.0538,-2.3328,3
1.9053,0.98036,3
-2.5732,-1.2788,3
-1.1902,2.8596,3
1.091,0.051754,3
0.84655,-0.91971,2
-3.5009,0.09555,1
-2.34,0.8841,3
4.8113,2.1031,3
3.6656,-1.1754,3
-1.1674,0.59831,3
-0.18372,-0.48563,2
4.2272,1.9758,3
-2.1222,-2.1566,3
-0.18244,2.3592,3
2.672,0.2227,3
-0.59769,1.7189,3
1.2978,-2.6617,1
-0.2716,2.155,2
-0.6482,3.7534,3
2.6517,0.44035,2
2.0506,1.8076,3
-1.5396,-1.9779,3
-1.0372,-2.5545,3
4.9139,-0.17975,3
0.61303,0.19417,3
0.17189,2.0941,3
0.58527,1.1951,3
-1.4647,-3.0611,3
4.2581,4.0343,3
1.3579,-2.4574,3
-3.6203,-2.8861,3
-2.7058,-2.2912,3
-0.18003,-3.7691,1
-2.1289,0.22178,3
-0.5845,1.3763,3
1.9078,3.0049,3
-1.6196,2.8828,3
-0.18697,-1.8243,3
0.038767,-2.2149,3
1.5025,0.7853,3
0.3464,3.4126,3
-1.705,-1.0322,3
-2.1548,1.6123,3
-0.24505,-0.24532,3
-0.18999,0.030161,3
1.3211,-2.0692,3
3.2656,5.1526,3
1.6716,-0.38817,3
0.88359,-0.43875,3
0.45529,1.9713,3
-0.26763,1.272,3
0.68938,0.43437,3
0.93814,-3.7253,3
-1.3368,3.9531,3
1.1844,-0.5713,3
-2.0466,0.83362,1
-0.1013,0.059318,3
-2.3371,-2.2133,2
-0.75622,-1.0281,3
-3.086,1.1377,3
1.3988,2.258,3
2.5986,0.7906,3
-1.8297,-7.1835,3
-2.0776,-1.3501,3
0.082825,-1.4857,3
0.30695,-0.5496,3
-0.60917,-0.71531,3
0.93031,-0.16574,1
-0.38977,3.3108,3
0.66641,0.70451,1
1.3543,-0.27106,3
0.45626,-2.3724,3
3.6908,2.3581,3
-0.062412,4.4609,3
-0.045726,1.3984,3
-0.45393,-1.2288,3
-0.77388,3.7091,3
0.66775,0.055277,3
-1.7429,2.2498,3
-1.5261,3.6895,3
1.8233,3.3991,3
5.017,0.64685,3
-2.7144,-1.8747,3
1.1848,-1.4647,3
3.6902,1.2378,3
3.7704,1.35,3
-1.6096,-3.982,3
3.2681,2.4839,1
-2.0693,2.224,3
0.40212,0.87289,3
0.29038,3.5326,3
1.9986,0.53457,3
-0.41561,1.8929,3
-0.6715,1.3873,3
0.26607,4.5565,3
-3.3041,-1.5676,3
-0.58507,-2.1246,3
2.7877,0.42177,3
1.2962,-0.3812,3
0.37964,2.827,3
-0.26699,1.0715,3
0.86526,2.6685,3
-2.6081,-0.89342,1
-0.58474,-0.28704,3
2.8889,0.74482,3
2.1683,1.9402,3
2.7715,2.1776,3
2.8462,0.44755,3
1.5846,0.36103,3
-3.4094,0.11944,1
2.8294,0.15624,3
-0.87136,-4.2445,3
-2.0303,-0.080868,3
-2.8321,2.5535,3
-1.7776,0.63114,3
0.90188,-0.083631,3
-0.893,-2.1864,3
2.0533,-0.79677,3
-0.080274,0.72076,2
3.8264,-1.5166,3
5.7714,-0.67085,3
-2.4653,3.0482,3
1.0489,-1.3362,3
-4.3237,1.3642,3
1.6477,-1.3868,3
2.9629,3.5351,3
1.4358,-1.3851,3
1.3305,3.3147,3
-4.1411,-1.3583,1
0.40828,-0.16946,1
1.0624,-1.8795,3
-1.3271,-1.1635,3
-0.04116,1.1083,3
2.6612,-0.88084,3
-1.9329,4.0718,3
-1.289,2.4715,3
-0.69047,1.5882,2
1.1378,0.57483,3
-3.3571,2.7735,3
2.1115,2.9819,3
0.60827,1.588,3
0.90382,0.056338,3
-1.9716,1.2051,3
0.6391,2.3609,3
-1.4969,-0.034038,3
-2.1083,-0.70433,3
-0.35757,-2.591,1
0.024022,-0.57708,3
0.056812,4.0023,3
2.2737,0.35806,3
-0.47335,4.7671,3
3.2064,0.21071,3
-1.8835,2.0382,3
-0.27751,1.4158,3
5.4488,-3.8298,3
0.51599,0.87622,3
-0.35963,2.1919,3
-0.30089,-3.4486,3
2.7696,1.5246,3
2.1344,-0.69223,3
-6.1143,-0.36095,2
3.2654,3.4164,3
2.5162,3.1116,3
-0.23418,-1.7579,3
3.8023,0.80914,3
5.257,-1.7129,3
4.7894,0.68045,3
-0.67654,-0.20035,2
-0.35359,0.21774,3
5.2074,2.3704,3
0.7957,-0.00078457,3
0.42863,-1.0709,3
-2.1021,0.92151,3
0.60354,0.63466,3
-0.67103,1.0032,3
2.2509,1.8424,3
1.7923,-0.39586,3
-2.7669,-1.8003,3
0.4479,3.2118,3
-0.35125,0.92138,3
2.2712,2.2352,3
-0.89059,3.2077,3
0.82315,2.4439,3
2.7206,1.6507,3
-0.40048,-0.93778,3
-5.6151,-4.3833,3
1.6802,0.38669,2
-1.9706,3.1572,3
-4.0281,-0.49498,3
0.011386,1.8556,1
-2.2338,-0.48397,3
3.263,1.0729,3
-0.80788,0.76974,3
-1.3454,-1.4014,3
2.104,1.4804,3
-0.21636,1.625,3
-1.9712,3.5648,3
-0.030154,2.6416,2
0.61871,-1.4585,3
-1.8219,-0.77763,3
0.17465,5.3808,3
-0.23669,-0.82127,3
2.2418,1.6607,3
2.3298,-0.35665,3
-0.62963,-1.641,3
0.95355,0.95849,3
0.30116,-1.5821,2
-1.5413,-3.0513,3
-0.70409,-1.7039,3
-1.889,1.7314,3
-0.59066,2.7732,3
0.29633,3.1277,3
2.7572,3.5685,3
-1.1468,2.7564,3
0.45198,-3.2615,3
1.2173,5.3426,3
1.0911,1.3117,3
3.2194,-1.6871,3
2.7974,2.0113,3
-1.7391,1.5126,1
-0.69813,-0.315,3
1.4514,-0.36847,3
0.50621,0.83088,3
3.4842,-1.7445,3
-0.040545,-0.066169,3
3.5213,5.2381,3
0.98079,3.5007,3
1.1378,0.29701,3
-2.3504,-3.0827,3
-3.1628,-1.0347,3
-1.5461,1.0955,3
-2.6852,-0.47949,3
0.42498,0.79004,3
-1.2113,-1.0629,3
3.0934,0.49864,3
0.25478,-2.308,3
-0.11596,-0.66524,3
-2.6061,1.4081,2
-0.21403,1.0315,3
-0.94675,-1.928,3
1.5849,-2.0949,3
0.9839,-0.050198,3
-0.15338,1.6201,3
-2.3809,1.2372,3
-0.79405,1.6771,3
3.2886,-0.74201,3
-4.5353,2.9322,3
-1.4326,0.72087,2
-0.93751,5.0497,3
4.2476,3.7878,3
0.8092,-0.44287,3
-1.1835,3.6944,3
1.917,-0.4329,3
-0.36619,-2.726,3
-0.3593,0.57731,3
-0.48435,-0.87314,3
2.3531,0.47914,3
0.86044,2.8915,3
3.9576,-0.30481,3
4.3516,1.5142,3
-3.0454,2.9206,3
1.4729,1.0728,3
1.0174,0.098186,3
2.2565,3.6259,3
-0.1324,2.4738,3
-1.001,0.3763,3
-0.55643,1.1349,3
-1.8486,4.2636,3
-1.2512,-1.367,3
0.30303,2.3978,2
2.2218,1.5863,2
1.3177,0.57111,3
2.2584,2.9039,3
-2.3747,-2.3897,3
-3.0224,-2.4069,3
2.3803,-1.8222,3
0.56983,0.251,1
-1.3599,-3.6183,3
-1.1636,2.0201,3
-2.3689,0.071024,3
-2.6764,-2.7793,1
-0.41247,0.062199,3
-0.38891,-0.51416,2
-1.1241,2.9346,3
-1.0773,0.28394,3
0.57804,1.2477,3
0.40273,-3.9367,2
-0.32962,0.32486,3
2.3797,1.9111,3
0.44825,1.3285,3
1.227,2.2483,3
-1.8602,2.2853,1
2.4416,-1.4922,3
-0.87701,-2.9314,3
2.1035,0.27992,3
1.431,0.30291,3
0.31322,1.0935,3
2.7284,0.75975,3
2.3083,4.1809,3
0.066344,0.9208,3
-2.2093,-1.3582,3
1.5693,-1.4083,3
-2.0953,-3.4559,3
1.5022,-0.47947,3
3.9662,0.00042216,3
-1.2685,-0.30952,3
-2.6439,0.70764,3
1.2745,4.9303,3
2.6542,2.3411,3
1.6099,1.6582,3
-5.0627,-3.444,1
2.8059,0.36733,3
0.34341,5.231,3
0.86697,1.5485,3
-1.9162,-0.98658,3
-0.61253,-3.3005,3
-0.18205,0.71832,3
1.0658,0.87921,2
1.0008,-0.049876,3
-1.2338,3.5599,3
-0.26265,1.3293,3
4.4724,-1.2735,3
3.9998,-0.9861,3
0.89815,-4.83,3
0.97643,2.1667,3
-2.5035,-0.94793,3
-1.3192,-2.7497,1
-2.5007,2.8233,3
0.94597,-3.0378,3
0.31734,-1.8912,1
-0.32182,3.7928,3
-0.70214,-2.0625,2
0.67438,2.5038,3
3.737,1.8037,3
3.841,-1.6186,2
0.9382,1.2568,2
0.18203,1.9669,3
0.77806,1.8531,3
2.6839,2.5963,3
-1.7472,2.2414,3
-0.46212,0.49529,3
1.0768,3.6625,3
0.99878,-2.1154,3
-3.4806,0.14918,2
5.2177,4.1472,3
-0.43683,2.1662,1
-0.73296,1.3064,3
2.3128,0.76916,2
-1.6313,-1.4041,2
-1.8707,-1.7145,3
2.0761,-0.042989,3
2.2017,-2.5175,2
-2.0576,1.0084,3
3.1608,2.3234,3
3.7164,-2.6063,3
-0.62753,0.97732,3
0.64327,-0.62385,3
-6.2849,-2.7448,2
0.37699,0.059248,2
-1.5235,-0.9273,3
2.1477,1.8369,3
-1.3987,0.61338,3
-3.2969,2.972,3
1.5842,0.87408,3
1.2315,-1.6071,3
-2.082,-1.6758,3
-1.251,0.31842,3
0.83432,-2.1432,3
2.5544,-2.0206,3
1.7889,1.5518,3
0.49987,0.86864,3
-3.6843,-1.245,3
2.2277,3.12,3
-1.171,3.9835,3
1.3349,0.35059,2
0.81833,0.20061,3
0.23767,1.2441,3
1.6386,2.8147,3
0.93608,-1.2679,3
2.6565,-1.2065,3
-2.05,0.98175,3
-3.6162,2.3326,3
-2.044,-1.6525,2
0.20087,0.67243,3
1.1221,-0.021169,3
-1.1663,-3.6143,3
3.8315,-1.311,3
4.0651,-1.6449,3
0.86002,-3.0333,3
-1.825,1.2777,3
1.7806,0.62213,3
-2.741,-0.17058,3
-1.0398,2.2436,3
-0.61257,-1.0932,3
-2.8917,-2.2875,3
0.9333,4.306,3
-2.9607,1.9824,3
2.7153,2.3125,2
1.5362,2.089,2
0.033577,2.1804,3
1.2275,3.4654,3
-1.6709,-2.4753,3
1.7241,-1.0156,3
-0.19957,1.7178,2
2.1822,2.5347,3
2.0979,1.2961,3
3.4391,-2.2744,3
-2.3419,-2.1022,3
-0.6044,1.9924,3
3.4089,1.7383,3
-3.9025,-0.73308,3
1.3225,0.20055,3
-0.83146,-4.2843,3
-0.27801,0.30706,3
-3.1956,-1.4115,3
-1.6513,0.040788,3
-1.5033,-2.3756,2
2.4,4.5764,3
-0.054276,2.068,3
0.69058,0.18007,3
0.81983,-2.5468,3
2.7946,-4.0584,3
-0.63451,-3.0854,3
3.7032,0.27435,2
5.0011,3.0032,3
1.1629,4.7484,3
-3.9118,1.2976,3
-0.19952,-1.3135,3
2.0953,6.2597,3
-0.37535,3.471,3
-1.5209,0.33281,3
-0.9363,0.95785,3
-5.3473,2.2291,3
2.5564,0.98684,2
1.8248,-0.85196,3
0.77411,1.0917,2
3.428,6.2021,3
-0.8401,1.054,2
-3.9135,0.055597,3
-0.74143,-1.3347,3
1.2476,2.1266,3
-1.4876,-0.61885,3
2.4793,-1.0769,3
-3.6741,-1.311,3
0.15341,2.4252,2
2.6521,-0.28355,3
2.7966,0.75197,3
2.7163,-2.3467,2
1.3306,3.6783,3
4.19,2.9616,3
-0.78801,3.4918,2
0.59236,3.3767,3
-2.9943,0.60673,2
0.9986,0.081959,3
-0.49964,2.5776,3
1.6817,2.625,3
-0.054199,-2.729,3
2.7618,3.533,3
-0.59232,0.051798,3
-1.0061,1.9226,3
0.98389,-0.91688,3
1.6143,1.6394,3
1.9342,-3.6841,3
0.38105,-0.97224,3
0.061297,2.0365,2
0.69767,-0.52395,3
0.94522,1.4401,3
0.43337,3.911,3
3.3954,-2.7119,3
0.73394,0.59053,3
-1.4344,-2.305,3
2.3236,0.98731,3
0.92806,0.37553,3
4.6171,0.92523,3
-2.1906,3.1497,3
3.1027,0.42507,3
-0.065919,0.87762,3
-1.1313,-0.60547,3
3.163,0.16235,3
2.564,1.5828,3
-6.7303,0.073946,3
-1.2231,1.3725,3
1.6916,2.5481,3
5.0613,-2.8736,2
-0.93458,-0.91455,3
1.4214,1.1551,3
1.2425,3.7531,3
-0.71954,1.7811,3
4.0044,-0.42575,3
2.5179,3.2838,3
2.4398,2.9668,3
-1.1233,-1.0463,3
3.2991,-1.1878,3
1.9958,0.67771,3
0.020926,1.6547,3
0.23066,-0.31046,3
3.2719,0.31804,3
4.4416,0.8297,3
-0.49298,1.9453,3
-2.0801,0.92345,3
2.8008,2.7947,3
0.67888,-0.5311,3
-1.4771,1.8419,3
3.9357,7.1299,3
1.2884,-0.87005,3
0.52958,2.8379,3
0.2231,-0.73928,3
-1.0214,2.6517,3
1.4442,-2.6755,3
0.10394,-1.2682,3
-1.8525,4.5749,3
0.20747,0.12607,3
-3.7107,-0.43986,3
-1.7194,2.5763,3
-1.4484,-2.8201,3
1.1129,-1.2142,3
3.6552,1.194,3
-3.3304,-2.4775,3
0.52502,1.0958,3
-0.90417,-0.084344,3
-1.3989,-1.7211,3
0.6251,7.3017,3
1.3462,0.79082,3
2.8259,-0.90457,3
2.1678,2.7779,3
-0.89728,-2.1198,3
-1.1631,-2.7326,3
4.8938,3.1326,3
2.8623,-0.065002,3
-1.2331,1.8161,3
-0.90139,3.4767,3
0.3581,1.9665,3
1.8653,2.3594,3
3.4581,0.53043,3
-1.7091,0.034447,2
1.0682,-1.5249,3
3.0431,1.028,3
-0.49268,1.2406,3
-0.1905,-0.18202,3
-2.6669,1.7849,3
-0.49346,-0.91489,1
-0.18235,2.2813,3
-2.2651,1.6979,3
0.2462,-0.80848,3
1.1582,0.95073,3
4.2538,3.1301,3
2.4384,-2.1135,3
1.1323,0.1872,3
0.30031,0.82328,3
1.8251,1.0021,2
