1.212,1.4074,2
0.1075,-0.02434,2
2.2231,-1.4398,1
-5.1678,-2.334,2
-1.8037,2.7547,3
1.1001,1.3552,2
0.75607,-2.0178,2
2.6721,0.21009,2
0.40666,0.44971,2
0.43215,-0.80973,2
-3.2932,-2.483,2
1.4578,0.98623,2
0.85836,1.8943,2
-3.7254,-3.0796,2
-0.60642,-1.2742,2
-1.9756,-1.3171,2
1.2291,-1.5211,2
2.3391,0.2531,2
-0.32652,-0.049663,2
-2.416,0.60629,2
-0.97737,-1.2471,2
-0.47729,0.19875,2
1.7119,0.8537,2
0.29246,-5.4416,2
1.2599,-1.7801,2
-0.55899,0.6238,2
3.741,-2.9951,1
2.3055,0.58875,2
-3.2851,-1.159,2
-0.62152,3.0114,2
2.9838,2.7273,2
-1.8601,-1.4754,2
3.0297,0.23641,2
2.4659,2.5615,2
0.66163,3.9668,2
-0.10621,1.821,2
3.0829,3.5662,2
-1.6569,1.6917,2
2.5615,0.1628,2
1.7347,-1.7412,2
-2.1427,-2.298,2
1.0903,1.6336,2
1.0357,1.2073,2
-1.2216,-2.5033,2
1.4425,0.14681,2
2.2228,5.3717,2
1.0261,2.3345,2
-3.1318,-2.5582,2
3.3316,0.63151,2
-1.8139,0.65063,2
0.43536,-1.9796,2
-1.4439,-4.3409,2
-3.2533,-2.915,2
0.12913,5.264,2
-3.158,1.2439,2
2.747,0.15575,2
-0.86714,-1.3864,1
2.7808,4.654,2
3.4797,1.2213,2
-1.253,-0.91746,1
-3.3213,0.35847,2
0.20835,-1.2426,2
-3.1934,-3.1629,1
2.5984,2.3768,2
-2.4744,0.85269,1
0.34688,2.5108,2
-1.1969,-1.9205,2
-1.8233,2.1473,2
3.3738,-2.1231,2
-0.074788,0.18962,2
1.7053,1.7864,2
-0.61154,-0.49061,2
-1.7089,0.12658,2
-0.88922,0.68998,2
1.8641,0.0022573,2
0.94354,-3.5595,2
1.3859,0.21445,2
0.66304,-0.59435,1
-3.0989,3.2833,2
-3.4475,-2.7452,3
2.7469,1.4517,2
1.2598,1.4296,2
-0.52394,-4.1887,2
0.0064547,-1.5909,2
-4.7145,0.43126,2
0.78255,1.3179,2
0.31929,0.59717,2
-4.0365,-1.915,2
1.3898,-2.6571,2
2.1437,-3.4695,2
-2.7346,1.6473,2
-4.726,-0.25715,2
-1.6096,4.0157,2
-0.8335,-1.4141,2
-2.985,-2.2792,2
-1.6597,-0.020321,2
0.29027,-1.6974,2
1.3951,4.0581,2
1.1556,-3.5861,1
-2.8231,-2.7862,2
2.3161,2.8367,2
-2.9497,-2.4039,2
-1.4207,1.1547,2
2.4546,-0.73452,2
3.1169,1.1756,2
1.9279,-3.4081,2
0.84874,1.548,2
1.5776,2.1865,2
3.6495,3.1572,2
-1.3611,-3.0809,2
-2.2193,3.7857,2
-1.6081,1.6176,2
0.70188,-2.8336,2
-0.048638,-1.9537,2
-0.0052895,4.2681,2
-0.74209,1.2347,2
3.711,0.061528,2
-0.45034,-0.81855,2
1.0578,-3.4898,2
-1.4958,1.303,2
-0.43278,-0.37067,2
-3.34,0.59416,2
0.19717,-1.7372,2
0.11767,1.666,2
-2.9478,-2.3938,2
-3.2646,1.0151,2
-2.387,-0.85031,2
1.257,-0.9443,2
-1.6857,-1.0699,2
0.15566,4.4323,2
-0.96732,1.3358,2
3.0817,0.71393,2
1.4503,-2.5838,2
1.0826,-5.0609,2
-3.9228,-0.76749,2
-5.8684,-2.1607,2
0.28621,-0.85167,2
-0.16026,3.2434,2
3.9028,3.6128,2
-2.0916,-5.5072,2
-2.3911,0.08515,2
-0.573,-0.84751,3
1.4625,-0.63039,2
3.0521,-0.073606,2
-2.3306,5.5015,3
0.88878,-0.99862,1
1.6687,-1.7795,2
2.1689,2.4803,2
-3.1534,-3.1769,2
-0.81327,-0.31366,2
-0.2771,-4.2923,2
-1.6213,-0.18951,2
1.3386,1.6852,2
0.42244,1.0174,2
0.54224,-2.33,2
-0.73051,2.9929,2
0.1737,-1.5306,2
1.6077,-3.0872,2
1.9408,-1.7561,2
-0.55283,-2.7663,2
3.0276,-2.7196,2
-0.15893,-1.9427,2
2.6979,0.72815,2
1.6516,3.6319,2
1.6985,1.2238,1
-0.63427,-1.4629,2
1.5582,1.4323,2
2.0832,-0.69889,2
2.9427,1.8472,2
-0.12658,0.015475,2
-1.5239,-1.9556,2
2.2098,2.3472,2
-2.6556,0.048394,2
1.1304,1.7361,2
-1.2862,-1.1698,2
1.011,-1.3577,2
-0.51974,0.26788,2
3.578,0.87194,2
-3.2547,-1.0479,2
4.4459,2.8632,2
-1.8324,-0.027657,2
1.6589,1.348,2
-0.50955,0.76005,2
-3.6072,2.3777,2
-0.86978,-1.384,1
0.75621,-1.1016,2
1.7443,0.62937,2
0.97765,1.1093,2
3.1881,0.95761,3
-3.7853,-1.3237,2
1.1225,-0.96588,2
1.0321,-3.0748,2
-3.7364,0.13799,2
0.06985,0.7034,2
-2.99,-0.7135,2
-1.9443,-0.11862,2
-3.4357,-0.43545,2
-0.84413,-1.2031,2
-0.86494,-0.12569,2
-1.0986,0.17865,2
2.0747,-3.4955,2
3.8934,-2.2621,2
-0.15023,-0.23182,2
0.022919,1.0939,2
-0.74241,0.57861,2
-4.4073,3.3605,2
-0.61151,1.2398,2
3.0815,1.6591,2
-1.0761,-0.87502,1
-3.1231,-0.83614,2
-0.3938,1.3104,2
-1.8406,0.18965,2
-0.51545,1.6019,2
-1.8123,-1.5498,2
-0.783,0.029203,2
0.14342,3.7432,2
-1.3215,0.5967,2
0.71645,1.8543,3
1.7937,0.32162,2
0.69239,-1.6156,2
3.5943,1.8596,2
-4.6536,-2.4746,2
3.8183,-0.4309,2
-0.40657,0.41042,2
-1.0272,-2.7126,2
-0.80675,1.1244,2
0.35207,-0.71094,2
-1.5134,-2.8573,2
-2.3937,-3.5035,2
1.7246,0.079487,2
3.4203,0.50086,2
-1.7893,-0.49122,2
-2.7269,-2.7463,2
0.2545,-2.7675,2
-0.96393,4.5434,2
-1.4679,-0.13651,2
-0.11126,2.5785,2
0.62918,-0.01444,2
-2.0092,-0.4416,2
0.37803,-0.05312,2
0.71228,2.0229,2
-3.4128,0.84818,2
-2.8202,-0.24246,2
-1.1211,-0.60339,2
-1.5781,4.0833,2
0.31722,1.8361,2
3.7495,0.89288,2
-0.21525,1.5077,2
-0.065242,-0.71718,2
-3.6228,1.6872,2
0.91762,1.1879,2
-1.3239,2.6173,2
0.41756,3.2166,2
0.83184,2.6926,3
0.60338,-0.85715,2
-4.6192,-0.64228,2
-1.1615,-0.23675,2
-2.6075,-0.40991,2
1.4027,-0.14241,2
-2.1929,-0.1075,2
-1.3628,-0.59616,2
0.58299,1.3158,2
-1.5746,-1.7236,2
-0.57443,-2.3486,2
2.6699,-3.2138,2
2.4913,-3.1332,3
-0.6504,-1.7286,2
-4.3481,-2.1369,2
1,1.6067,2
0.25113,0.40808,2
-1.2904,-1.6271,2
-0.65073,-1.1826,2
0.039225,3.9657,3
1.4012,-2.5288,2
-1.2048,-3.861,2
-0.63345,0.89593,2
0.62949,3.6961,2
0.92271,-2.0234,2
-0.53645,-0.73382,2
-1.7482,2.6374,2
1.9558,4.2014,2
-2.6753,0.76838,2
-2.4492,1.9687,2
2.512,1.7748,3
3.2345,0.34753,3
-2.6413,2.3265,2
1.7779,1.1929,2
0.53602,-3.4591,2
-3.1247,-5.4329,2
2.9937,2.2315,2
2.809,3.0481,2
-0.1675,1.2751,3
2.2243,-0.3671,2
0.34415,-1.9691,2
-2.6263,0.234,2
-4.0524,3.1146,2
-1.2063,2.0811,2
-0.3669,-0.56133,2
-0.17657,0.98843,2
-1.167,0.45789,2
0.099302,-2.3529,2
-1.0707,0.070176,2
-1.4654,-3.3624,2
-2.3448,-0.74517,1
0.69023,1.685,2
-1.4457,-3.9795,2
1.3846,1.2725,2
0.91979,1.2927,2
-1.2872,-1.8068,2
-0.89875,1.1452,2
0.0028274,1.9595,2
-2.7906,-1.9915,1
1.2105,-1.7382,2
1.5045,0.10793,2
-0.23184,-3.1988,2
2.6779,1.726,2
-0.34026,0.037321,2
3.6441,2.602,3
-1.0984,0.57771,2
-2.1666,3.7687,2
-0.78988,3.0697,2
3.0809,1.3709,2
1.8058,0.69366,2
3.3328,2.3475,2
-2.9335,-0.36196,2
1.7364,2.6319,2
0.82338,0.17907,2
-1.699,-0.92917,1
0.63088,-0.50228,2
1.1448,1.383,2
-1.5511,-0.38908,2
0.60844,-2.2201,2
0.17427,-1.0251,2
1.2471,1.1705,2
-2.9032,-1.7713,2
-3.9765,-1.46,1
-0.089455,0.62862,1
1.0501,1.11,2
4.1751,0.18912,2
-0.8041,-6.3781,2
-0.42042,-1.6699,2
2.5407,1.916,2
-2.6605,1.8324,2
3.9033,-2.7788,2
4.0366,5.5237,2
2.2133,0.059776,2
-2.6205,1.4972,2
1.9903,1.5488,2
3.8135,4.2678,2
4.6816,2.733,2
-0.83068,0.6701,2
-1.4523,1.3277,1
-4.9812,-2.8463,2
0.42834,-0.36266,2
-1.1288,-1.6384,2
-0.53003,2.3583,2
0.46872,-0.25242,2
1.3514,2.7217,2
3.9977,2.1741,2
-2.1265,-1.4893,2
0.92924,2.9418,2
-2.3406,1.2307,2
1.2481,-0.93026,2
2.1033,4.4216,2
-0.84987,-0.18085,3
-0.66147,0.94171,2
-0.32865,-1.8635,2
-2.3921,0.25351,2
1.4239,-2.0951,2
3.3729,5.2779,2
-1.8834,0.048292,2
-0.70425,-0.54746,2
-2.9224,3.6115,2
4.4413,0.54521,2
-2.7071,-0.086427,2
1.3259,1.7441,2
-0.74953,2.7604,2
2.7387,-0.87494,3
1.2748,4.1013,2
1.1155,-2.2304,2
1.0227,1.6598,2
0.89295,0.31398,2
-1.4566,-1.8946,2
-0.20428,-1.2335,2
0.63497,-3.1116,2
-4.3488,-3.1256,2
-3.4347,-0.59184,1
-2.0033,-0.089336,2
-1.0904,0.9553,2
-0.90566,-0.61729,2
1.3175,-0.11921,2
4.8734,5.1536,2
-2.6617,-2.2949,2
-2.2977,-1.7033,2
1.4137,1.8516,2
0.53033,3.0162,2
0.051626,-0.81826,2
0.0078212,-3.8479,2
-3.0402,-2.4457,2
1.1452,-0.84915,2
2.7808,3.4666,2
1.5047,-1.8955,2
1.977,3.0868,2
3.4752,-1.5061,2
1.391,6.8866,2
-0.40773,-0.98693,2
-1.0572,2.4508,3
-0.53413,-0.63553,2
-2.7942,-0.44773,2
-2.0222,-3.2832,2
-1.2162,-0.1153,2
-0.11778,-2.2928,2
2.038,-1.2602,2
-3.6855,-1.6683,2
1.5654,-1.689,2
2.2763,-2.5197,2
-0.67701,-1.8538,1
2.4974,1.411,2
-1.1651,-0.082317,2
2.1183,2.2881,2
-1.5351,3.7692,2
2.0375,1.1015,2
0.97541,1.753,3
0.0028283,1.3392,2
3.7461,1.9975,2
-1.3311,-0.45142,1
-0.48623,-0.078962,2
-0.25911,-0.25528,2
3.7163,-0.12602,2
2.6681,3.1417,2
-3.977,-2.5463,2
-0.62108,-2.3188,2
-0.39216,2.5571,2
0.7292,1.1606,2
3.2635,3.4919,2
-0.12869,-2.5278,2
0.97858,-0.65002,2
-5.5543,-1.1987,2
-4.2792,-1.3331,1
1.2602,1.2198,2
-0.099375,1.0041,2
1.5306,-0.18649,2
-3.0245,3.1115,2
-2.7339,-0.10268,2
2.4029,4.6525,2
3.2848,0.45777,2
-2.7692,1.9559,2
-2.628,3.5829,2
-3.0313,1.667,2
0.32856,1.5473,2
1.3075,-0.57436,2
-0.72515,-0.95773,2
-1.2147,-0.37615,2
0.87659,0.0025462,2
2.761,4.1153,2
-2.7738,2.1905,2
0.64537,-1.5121,2
0.45302,-2.8149,2
-3.3881,1.3501,2
0.81346,1.535,2
3.1271,3.285,2
1.8125,-1.3863,2
-4.2225,-1.9326,2
-0.56937,1.0305,2
-1.9111,1.0193,2
1.144,-1.9467,2
-2.504,-0.27697,2
-1.7968,-2.6722,3
0.53158,2.8691,2
-3.4953,-1.488,2
1.0587,0.64034,2
0.67443,0.25651,2
-2.5621,1.2226,2
-0.29503,-0.87703,2
-0.14636,2.6973,2
2.9293,-2.1434,2
-2.5117,-3.8755,2
2.7935,1.8652,2
-2.0131,-0.6594,2
-0.061225,4.4795,2
1.7988,0.75316,2
1.1396,1.9105,2
-0.92517,1.8683,2
2.8099,-1.2364,3
-2.6838,2.5989,2
-3.941,0.63304,2
0.70403,-1.4175,2
-2.1064,0.40521,2
3.9958,-3.6119,2
-0.58849,0.92375,2
3.0194,-0.11955,2
2.3312,-0.41897,2
1.4749,-1.8984,2
3.2749,0.52468,2
-0.68705,-2.7404,2
-2.5629,-1.0849,2
-1.9171,-1.4036,2
-0.32712,1.5826,2
-0.3925,0.70988,2
3.0867,-0.13942,2
-3.1426,2.1532,2
1.938,-1.2988,2
-1.7213,-0.54972,2
0.0095997,-0.10359,2
1.5556,4.7808,2
2.643,3.446,2
1.9076,2.4875,2
1.6776,0.93985,2
0.46971,1.2938,2
-2.948,-1.4199,2
-1.6542,-0.39746,2
-0.39581,0.302,2
3.04,0.10138,2
-2.6471,-0.57586,3
-0.3137,-0.58189,2
-0.22816,0.43113,2
-0.30506,-1.7149,2
-4.425,0.31353,2
-2.2226,1.2767,2
0.95004,1.1774,2
0.10715,-2.644,2
1.9149,4.1379,2
-3.8661,-6.0131,2
1.5746,-0.62021,2
-3.1088,-1.4287,2
4.1021,-0.82075,2
-2.2464,1.904,2
1.3279,0.74771,2
2.015,-0.61559,2
-0.98053,0.93975,2
-0.29684,-0.074969,2
4.4486,-3.3612,2
0.70438,0.058111,2
0.50949,0.3461,2
4.1653,1.509,2
0.84968,-0.857,2
1.2978,-0.99506,3
0.93925,-1.3012,2
0.62437,1.3362,2
3.7951,3.7403,2
1.1338,1.1235,2
0.16938,-0.2564,2
0.76765,-0.37593,2
2.0981,-1.6442,2
-1.6653,-0.78588,2
-0.051268,0.96844,2
0.74773,2.6756,2
0.0015096,-1.3763,2
5.3284,5.0881,2
3.3251,-0.93109,2
2.9859,0.89648,2
-0.76221,-0.21597,2
-1.0542,0.99689,2
5.5107,-1.0924,2
0.81178,-1.5134,2
-2.4117,0.30058,2
-2.2833,3.9474,1
3.3209,-1.064,2
-4.8662,-1.9396,2
-0.36818,0.54883,2
-1.5382,-0.68777,2
3.0348,-3.4864,2
3.0343,-0.030455,2
1.4285,3.263,2
0.2669,2.0842,2
-2.1142,-2.3293,2
-2.7242,-0.39382,2
2.5529,2.7881,2
-1.5414,1.4559,2
2.7483,1.1581,2
0.02434,-1.5361,2
0.036195,-3.0541,2
-2.2339,0.15492,2
2.4151,-1.8265,2
0.69129,-3.4429,2
-0.23589,-1.5281,2
-2.2978,-3.6411,2
0.52408,-3.6286,2
1.7403,0.074725,2
2.5466,0.45916,2
2.5614,-1.6461,3
-3.9156,-2.6593,2
-4.2981,-0.14269,2
-0.76556,-3.5355,2
0.4067,-2.6818,2
3.2634,5.6241,2
-6.5156,-2.9228,2
-2.6316,0.075093,2
1.8479,0.78932,2
4.6104,0.41066,2
2.4582,2.6436,2
-1.5734,-1.1121,2
1.4255,2.6003,2
2.0011,-0.22613,2
4.7346,4.8126,2
0.18884,2.7872,2
0.90887,0.44497,2
2.1935,-2.1743,2
3.6414,-1.6302,2
-0.79371,2.9526,2
1.4601,0.077002,2
-1.369,1.6395,2
2.3067,5.0871,2
0.084558,-1.7527,1
0.17134,-0.60301,2
-3.4151,-2.4676,2
-2.0508,1.8908,2
4.0496,0.09761,3
0.51361,5.2504,2
5.7448,0.29264,3
1.9475,3.3941,2
-4.4583,0.23161,2
1.1445,-1.6438,2
-0.39727,0.5095,2
3.4931,0.19474,2
2.6977,3.2541,2
-0.080214,-1.4165,2
-0.13407,-1.9176,2
4.6664,-3.6269,2
0.90118,-0.16525,2
1.6932,-5.0397,2
3.2747,2.2004,2
-2.3585,-2.0744,2
-3.2939,2.0545,2
1.8088,-2.2655,2
-3.5358,0.28505,2
1.6394,4.0288,2
-1.7493,0.94918,2
2.3167,-1.3319,2
1.454,-2.8754,3
2.7915,-0.44636,2
-1.9808,2.3488,2
3.1504,1.9877,2
0.53359,-2.6946,3
2.1358,-1.3054,2
0.21866,1.4373,3
-1.3508,-2.1921,1
-1.7552,0.064019,2
2.5422,-0.54242,3
3.7295,-1.1985,2
0.17365,-1.9652,2
0.9919,-0.046547,2
0.43077,3.4276,2
-6.4425,-2.5708,2
0.50046,-0.028481,2
0.39814,-1.8177,2
1.2792,0.68637,2
-1.2316,0.67601,2
-2.6897,-2.4042,1
1.2867,-2.3615,2
-3.5373,-0.8693,2
-0.033067,-0.72436,2
-4.6584,0.23502,2
1.1178,-2.5858,2
0.57867,0.59808,2
-0.10688,0.71241,2
4.9599,2.0066,2
-2.1135,0.40421,2
-2.6323,0.92082,2
-1.2797,-1.3428,2
-2.6287,-2.8511,2
0.60883,-2.5528,1
2.7275,0.55263,2
2.6646,-2.9163,2
-1.1005,-2.3094,2
1.3955,0.26437,2
2.0771,0.48509,2
-2.0634,-0.69035,2
3.3787,-1.8636,2
-3.6781,1.9582,2
-0.15081,0.69905,2
0.50575,1.4742,2
-1.2888,1.9368,2
-2.3817,-1.1049,1
-0.77181,4.3446,2
-0.56436,-0.42908,2
0.24215,2.7528,2
-0.98304,1.9145,2
-2.606,-4.2363,2
3.4551,0.98308,2
0.79238,0.72373,3
-0.79395,-3.7906,2
1.6398,1.0445,2
1.6303,5.2894,2
-0.58655,-1.1016,2
0.5612,2.6082,2
5.1813,2.2825,2
-0.53419,-1.9471,2
1.6291,-4.3786,2
-1.2742,0.85809,2
-3.8924,-1.2973,1
-1.4557,-0.48324,2
-0.92645,-1.6745,2
1.5896,0.28393,2
-2.4974,-1.2769,2
2.8649,1.4968,3
3.7396,-0.83039,2
-0.78431,2.646,2
1.5441,-0.63801,2
-1.6818,-4.3821,2
-2.0737,-1.8227,2
-3.522,0.45079,2
-1.3711,0.36414,1
-0.97723,-1.3583,2
0.31115,-1.9657,2
-0.36841,1.4142,2
2.9837,-3.1727,2
-3.9987,0.73404,2
0.80177,-0.86127,3
0.60247,-2.4773,1
-0.63026,4.1148,2
-0.57255,2.0676,1
-3.609,-1.2335,2
-3.3456,-0.72472,2
-1.2029,-0.16418,2
-0.42172,0.79545,2
1.4525,-0.83716,2
-0.45053,1.9981,2
-2.5725,-3.7659,2
-2.1682,3.7165,2
0.93417,0.97559,2
1.6447,3.2408,2
2.8858,0.12172,2
1.4228,-0.26,2
2.5966,-2.027,2
-2.6776,-3.3589,3
0.15324,-2.2239,2
-0.85229,-2.1771,2
-1.2175,-0.60773,2
2.5244,-0.23169,2
-0.33066,-0.88748,2
-2.7547,-2.3189,2
-4.1989,-4.1515,2
-2.0165,-0.78296,1
-0.17177,4.3502,2
1.3239,-0.037058,2
-0.69641,4.5866,2
3.7153,1.1189,2
2.2976,2.3832,2
1.0138,-1.108,2
1.7649,6.0836,3
2.1359,-1.6678,2
2.5876,1.4068,2
-4.9572,-3.292,2
3.1014,1.1769,2
-0.94047,-1.5239,2
0.50997,-0.55242,2
-3.9858,2.0488,2
-2.6331,-3.5377,2
-0.19547,-1.5541,2
1.3894,-1.6644,2
3.0917,3.3347,2
0.83348,-0.93482,2
1.7721,-1.4672,2
0.53192,-0.71801,2
-1.9139,-0.87275,2
0.66197,2.286,2
0.63291,-2.6745,2
1.9982,-1.2709,2
1.0261,-1.5856,2
-0.69686,5.1035,2
-2.2155,1.2347,2
3.7374,-1.3525,3
-1.6301,-1.4188,2
0.38306,0.18128,2
-2.4536,0.80225,2
-1.6197,-0.19958,2
-4.6692,-0.25601,1
-1.0092,-2.1745,2
-4.112,-3.5932,2
-3.467,-4.3784,2
0.40946,-1.3949,2
-0.35599,1.7801,2
-1.6423,-4.0561,1
1.7406,3.7329,2
-0.01698,-2.7332,2
1.9031,-2.2566,2
2.2148,0.24592,2
-0.020549,1.0001,2
0.88469,2.8306,2
-1.2944,0.37769,2
-2.0863,-0.021313,2
-2.6385,-0.27303,2
-0.46391,0.93693,2
-0.85314,-1.9986,2
-4.7841,-4.1318,2
-0.64311,-0.01514,2
2.2159,-1.6552,2
-1.3621,-0.4597,2
3.5782,4.9655,2
-0.094458,-0.32766,1
-0.015809,-1.4432,2
-1.6697,-3.6284,2
1.8094,4.6311,2
-1.122,0.045627,2
0.32856,-0.32688,2
0.91092,-2.1894,2
0.95995,1.6301,3
-1.2944,1.1098,2
-2.2163,4.5107,2
-1.061,-3.8174,2
-2.5713,0.15116,1
0.17044,-0.67087,2
-1.0837,0.54529,2
0.34425,-0.1779,2
0.31741,-1.2671,2
2.4685,0.095928,2
2.5951,-1.1381,2
-3.9855,-0.97397,2
-3.2751,-1.9316,2
-0.27015,-3.1972,2
-1.5017,-5.5429,2
0.40975,1.9745,2
-3.3741,-0.73051,1
-3.0659,0.49842,2
2.023,1.9293,2
-1.7913,1.9065,2
4.4525,-0.71843,2
-0.076375,-0.55738,2
-3.497,-2.4468,2
-0.95216,1.6689,2
-2.2989,-1.4341,2
1.9567,-3.1702,2
-0.91915,0.64097,2
-1.5561,0.47022,2
-2.1512,0.28759,2
-2.4959,-3.1515,2
-1.108,-0.074695,2
2.002,1.3115,2
2.6621,0.040106,2
0.268,-0.78703,3
4.8802,-1.5806,2
-4.8023,-1.5243,2
-5.2157,1.0731,1
-0.7477,-0.6043,2
-1.6994,-0.76153,2
-2.0491,3.6785,2
-1.7825,-1.697,2
-1.0502,1.0283,2
-1.2164,-0.19892,1
0.61587,-1.394,2
0.32599,0.8371,2
2.4386,-0.58045,2
5.2204,3.4174,2
1.1431,-1.7358,2
1.8223,0.66045,2
-0.048741,2.5433,2
1.2344,1.9042,2
3.2359,2.4964,2
-0.38348,0.61534,2
2.0864,-0.42564,2
4.2974,-1.8019,2
-3.4019,-0.40927,2
-3.8742,-3.7319,2
-1.1269,0.33342,1
2.0082,-1.0651,2
-0.1603,1.0262,2
-2.8007,-5.5126,2
-3.1404,-1.4346,2
2.564,0.61134,2
-0.20241,2.9013,2
6.3657,-0.93445,2
-0.81288,-4.8004,2
-2.1477,0.030025,2
4.3738,1.428,2
-0.37017,-0.31816,2
-2.2859,0.74552,2
0.0049887,-1.7346,2
2.9234,0.49694,2
0.4196,-2.0635,2
-3.7674,-1.6204,2
-0.23629,-0.026679,2
-2.6967,-3.1769,2
0.83508,2.4084,2
-1.4447,2.6869,2
2.1665,-1.6914,2
-0.16634,-0.79825,2
-0.40862,1.029,2
-3.0747,0.36208,2
-0.91835,-1.0237,2
1.3305,2.3845,2
-0.54752,1.449,3
-2.4568,-3.1755,2
2.7115,-0.42163,2
0.80332,-2.1738,2
-1.4523,-3.4323,2
4.768,2.5927,2
0.053467,1.0832,2
1.7337,0.09509,2
1.9111,-1.181,2
-3.4105,-0.85322,1
2.4821,1.7114,2
4.1572,1.3582,3
-0.40369,-2.3108,3
0.27194,-1.8047,2
3.2191,1.7612,2
-0.43672,0.10232,2
0.15,0.23916,2
-2.7314,1.778,2
0.62312,-1.0463,2
3.6477,2.0047,2
-2.045,-3.2338,2
-0.57726,1.5208,2
-2.7552,-2.7288,2
1.748,-0.97606,2
-3.2221,-2.7705,2
1.5989,-0.67405,3
2.5325,-2.751,2
3.2132,0.9641,2
0.40151,0.23487,2
-0.41149,-0.21757,2
0.90736,-3.8812,2
-4.0291,-0.84195,2
0.516,1.3325,2
-1.3407,2.234,2
1.7075,-2.6878,2
-1.6094,-0.97851,2
-1.2486,-1.5384,2
1.4817,-1.9207,2
0.82651,1.131,2
-0.0098558,1.0286,2
0.29816,0.22148,2
-2.7442,2.6219,2
3.5052,-1.2603,2
-0.019837,1.9035,2
-2.1228,1.8136,1
-1.3031,-0.16547,2
-1.151,-0.77726,1
-1.1214,-5.5196,2
-4.5971,1.5877,2
4.0579,-1.6084,2
-2.923,-3.2074,2
-0.59967,-5.3011,2
-1.0423,-2.339,2
2.4259,1.7461,2
-3.6214,0.050493,2
-6.2729,-4.7266,1
1.5027,1.2765,2
-0.64717,-0.48946,1
1.556,0.23764,2
2.2607,-1.6793,2
-3.4366,0.8886,2
0.33596,1.1018,2
1.0402,-1.7412,2
1.405,-0.15001,3
4.0828,1.7692,2
-0.92105,0.23302,2
-2.6287,-2.1353,2
-0.78812,3.2015,2
3.3722,3.8626,2
0.57875,-2.2202,2
-4.2857,-5.2452,2
-3.38,3.8636,2
2.574,1.6904,2
-2.5169,-0.86023,1
-2.2892,-0.39108,2
-1.9785,-0.27498,2
-1.0092,-0.40724,2
-0.78071,0.3115,2
-4.7349,-1.2098,1
-0.26262,1.4138,2
0.50938,2.2478,2
1.7102,-0.49128,2
1.5939,0.7244,2
-1.537,1.7952,2
-0.6928,-3.8838,2
-3.8548,1.1263,2
-4.9497,0.29475,1
-2.6162,-0.1847,2
-4.7509,-4.2908,2
-1.7766,-0.19064,2
-3.0287,2.9936,2
-4.1643,2.9605,2
-1.3776,0.73063,2
3.2278,0.61722,2
2.2698,-1.9973,2
2.3986,-3.3675,2
-0.3129,-3.4163,2
0.12592,0.82035,2
-1.1114,3.005,2
0.67836,-2.5012,2
2.7999,-2.0458,2
-4.3177,-2.6807,2
-4.1608,-5.011,1
-2.9097,-3.5248,2
3.1941,0.37559,2
2.2794,-2.8659,2
3.974,0.63512,2
0.65618,-1.7411,2
-1.3512,2.3498,2
0.16003,4.6138,2
-2.749,-1.457,2
0.58289,0.92293,2
3.1052,1.6462,2
-0.82941,3.2607,2
-3.3212,-2.083,2
1.7493,2.686,2
0.48925,2.1759,2
-2.4107,0.16328,2
0.64456,-4.3801,2
-3.27,0.042662,2
3.5741,1.9856,2
-1.3951,-3.4789,2
0.3923,1.5737,2
0.33172,1.1089,2
-4.3601,-1.5873,2
0.39418,-1.1782,2
-1.6446,-0.63438,2
-0.98052,1.0176,2
1.8336,1.6858,2
2.0528,-0.83902,2
1.6901,1.1724,2
-0.09092,2.2984,2
-1.3428,1.207,3
-3.0546,-1.173,1
1.5311,-3.4858,2
-1.562,-3.0583,2
-1.8982,-0.89715,2
-1.013,0.92202,2
-0.41902,-3.0328,2
1.4245,4.2391,3
-1.0101,1.9968,2
0.022302,-5.1306,2
-1.8165,-2.4141,2
1.1121,0.17797,2
2.5343,-1.8993,1
2.3755,-0.16931,2
-1.8786,1.6446,2
-2.4848,-1.2731,2
-1.0056,-3.249,2
-1.8638,-0.66642,2
-2.5554,-0.20477,2
-0.12514,0.6617,2
-1.8374,0.91581,2
2.1226,1.8761,2
-2.0911,-1.2005,2
3.0709,1.5271,2
2.0085,-1.9775,2
2.0168,-1.387,2
-0.35878,2.112,2
1.8716,0.43036,2
0.3311,-1.1035,2
0.4744,-2.1033,2
-3.2487,-4.7488,1
-1.8119,-0.28092,2
-0.36095,-1.812,2
-2.1598,1.9465,2
2.3454,3.077,2
-0.79952,0.17354,2
4.3206,3.0231,2
0.49556,0.60964,2
-2.5633,-2.48,2
-4.7582,-4.1633,2
0.20431,-1.4454,2
2.8968,2.9355,3
0.16281,0.60049,2
-0.96144,-0.88553,2
2.3637,2.9822,2
1.8699,-1.1777,3
-2.3284,0.80148,2
2.4207,-0.19644,2
2.8663,0.015302,2
2.1605,-0.50461,2
-2.4596,-0.37789,2
-4.5504,1.4649,2
-2.3212,-2.4072,2
0.59836,-4.7197,2
-3.638,-1.1404,2
0.66361,-2.492,2
-3.9696,-3.001,2
2.7794,2.5006,3
3.8531,-0.81337,2
-2.8717,4.5401,2
-1.4592,-0.8303,2
-0.29116,-1.5053,2
-3.4932,1.6285,2
0.012222,0.87519,2
-0.70411,0.36504,2
-1.0207,2.5547,2
-0.44582,-0.88395,2
1.6222,0.46247,2
-1.1974,0.96533,2
-0.015843,-3.4466,2
1.9126,-0.56736,2
1.8642,-4.0503,2
1.3616,2.8354,2
-1.7471,-2.5371,2
-2.7876,2.3732,2
-0.96234,-1.012,1
1.1562,-0.52547,2
0.64408,-0.95954,2
4.2964,0.78503,2
2.4166,-5.6688,2
-0.57186,-0.62031,2
3.2993,-1.2017,2
1.8406,2.8071,2
-0.40528,-0.37479,3
-2.0319,-3.1396,2
-1.6396,0.10003,2
-1.4568,0.11959,2
1.6899,0.44748,2
-0.42942,0.10113,2
5.8502,0.080989,2
3.4552,-0.76674,2
-2.3516,-1.882,2
-4.7377,-0.69962,2
2.7789,1.4442,2
2.8472,1.6812,2
-0.69293,-1.5606,2
1.9785,0.065404,3
-0.35148,-0.55828,2
2.3735,-1.5423,2
3.7304,-0.60473,3
-2.2295,-4.2871,2
0.019281,-0.67231,2
1.2739,0.72098,2
-0.43174,-2.5819,2
-2.0839,-0.25679,2
0.041646,-1.2006,2
3.5283,1.2506,2
0.47091,-0.26301,2
0.024008,2.1818,2
1.9881,-3.2716,2
3.111,-2.6402,2
2.9843,3.3646,2
-0.98614,4.3605,2
-1.6231,1.9117,2
-1.3023,1.148,2
-4.6488,-0.30926,2
-0.7045,-1.8233,2
0.76198,-4.3235,2
-0.43597,-1.9003,2
-1.4543,-3.47,2
0.058086,1.5598,2
3.7032,0.17364,2
0.29263,4.0844,2
-0.98696,-3.1858,2
-0.17023,0.54468,2
2.058,1.1968,2
-3.9381,-3.5177,2
1.1226,-2.1293,2
0.93016,-0.93631,2
0.63834,1.1572,3
2.1124,3.3801,3
-3.2112,-0.86303,2
1.6572,3.6728,2
-2.4438,0.25834,2
0.33456,-4.8117,2
-2.3422,-1.7283,1
7.5302,1.1604,2
-2.0374,0.6838,2
-0.22664,-0.53503,2
-0.90724,1.0128,2
4.8834,6.9546,2
1.4918,3.5949,2
4.1459,0.52778,2
-1.6958,-1.3729,2
0.084575,2.0349,2
2.7014,0.42706,3
0.16685,3.0051,2
2.7566,-3.9357,2
-0.15659,1.847,2
0.50158,-0.036095,2
1.1413,-0.59649,2
0.40745,3.0247,2
0.94138,1.9977,2
1.8474,1.844,2
-1.2892,2.2237,2
0.4342,0.58016,2
2.0771,3.1838,3
1.3106,1.8632,2
-1.5897,-0.51535,2
-0.18431,0.79168,2
1.2621,-0.20228,2
-5.587,-0.41877,2
-0.23263,1.0455,2
-1.5039,0.43282,2
0.44078,1.5755,2
-2.2895,0.91368,2
0.03333,-2.1589,2
3.1114,-0.9026,2
-3.067,-0.35768,2
-2.6523,3.2944,2
0.2013,-0.45546,2
0.01232,-0.58229,2
-1.0146,-0.88383,2
0.43082,0.42545,2
-2.8607,-1.0094,2
2.5079,2.7298,2
-0.18818,6.0138,2
-0.12064,5.6891,2
-2.4022,-0.33894,2
-1.3507,1.3461,2
5.5018,-1.4409,2
2.5316,2.1032,2
0.33573,-1.9007,2
-2.129,3.1054,2
0.70742,1.1343,2
-1.5918,1.9464,2
-1.6371,3.3497,2
-2.2941,-3.4462,1
3.4738,0.87753,2
2.8286,2.2885,2
-0.50119,-3.021,2
-5.2736,2.6445,2
0.76262,3.5027,2
1.7096,-0.32066,2
0.89218,-1.0147,2
-0.85026,1.2552,2
-3.9643,-0.92895,2
-3.1532,0.63925,2
0.39546,0.47967,2
0.76793,0.52646,2
-0.36494,0.095028,2
3.6212,1.1481,2
-1.0336,3.1933,2
-1.2146,-4.148,1
0.53446,-3.0031,2
1.3114,1.4342,3
4.1875,2.9742,2
0.21522,-0.91031,2
-0.91908,-2.0684,3
-2.8169,-2.6739,2
-0.87101,-1.1346,2
-2.114,1.7978,2
-3.774,-1.4199,2
2.0695,0.36704,2
-2.8609,-4.0653,2
0.39882,-2.9371,2
-1.833,0.39284,2
-0.56439,-0.072886,2
2.5982,0.81081,2
-3.1785,-0.37878,1
2.4747,4.0284,2
0.19191,0.8135,2
-0.95944,5.3709,3
-0.55165,0.81916,2
0.020705,2.5748,2
1.1,-1.1404,2
-1.4718,3.1098,3
0.39312,-2.384,2
2.2626,2.526,2
-0.3766,-0.11917,2
-2.9747,-1.1972,2
-0.12098,-2.6631,2
-2.8947,3.3918,2
-0.68889,1.0568,2
0.7439,-1.6297,2
0.39506,2.3067,2
0.62501,0.70581,2
-0.7389,-1.8849,2
-2.2928,1.3973,2
-2.083,1.9303,2
2.926,2.5021,2
-1.6874,-0.37709,2
5.8471,0.31748,2
2.6911,-1.9291,2
-3.0377,0.42679,2
-2.1708,-1.665,1
1.3614,3.1347,2
-2.1129,1.9661,2
0.60533,-0.10007,2
3.2005,-3.728,2
-1.0573,-1.0295,2
0.035528,-0.78541,2
-1.4161,-3.1581,2
0.31213,-0.24329,2
2.7689,-1.704,2
1.421,-5.0842,2
-1.4711,-0.025459,2
-0.79275,-0.18413,1
-4.1006,-3.8589,2
1.876,2.4966,2
0.17553,1.2657,2
2.5435,-2.4441,2
1.2705,-1.1947,2
5.8158,-1.0556,2
1.1262,1.598,2
1.9346,-3.5264,2
-0.5054,0.57263,2
0.3131,2.1718,2
0.75209,-0.061239,2
-1.561,-0.63076,2
-1.3569,-0.49109,2
0.26837,-0.12624,2
4.4124,2.9365,3
1.7132,2.7409,2
-1.0623,-3.1719,2
-2.0907,-2.3115,2
-1.5565,2.4695,2
-3.8653,-3.5378,2
2.8736,1.9079,2
1.9468,-2.2736,2
0.86345,-0.14791,2
-0.80774,-1.9506,2
3.3544,-1.7771,2
0.60238,3.9545,2
2.503,-3.6737,2
2.2069,2.7259,2
-2.8778,2.4066,2
-2.8324,1.1972,2
-0.34924,-4.4213,2
1.6557,1.0594,2
-0.9543,0.5106,2
-0.78905,-1.0114,2
-1.9599,-1.4473,2
3.1582,2.9899,2
0.051338,1.237,2
1.99,2.6003,2
1.6218,5.9192,2
2.4527,3.7428,2
0.66351,1.1241,2
-3.2715,0.88025,2
-2.5888,-2.0049,2
2.664,1.0536,2
-1.215,-2.7636,2
-3.2196,0.54645,2
2.8974,-2.3345,2
0.88245,-1.0127,2
-1.0944,-0.78803,2
1.6514,1.9844,2
-0.8007,-1.1036,2
2.4814,1.1143,2
0.84819,0.21504,2
-2.4766,1.2787,2
-0.96207,-5.0437,2
1.4253,-1.491,2
2.8848,4.263,3
3.4241,-2.9236,2
0.20683,-2.809,2
0.057302,0.95523,2
0.22841,2.9105,2
-0.13833,6.741,2
-2.2144,0.56603,2
-0.56033,-0.40589,2
-3.2524,1.2349,2
-2.9664,2.2349,2
-0.90863,-3.9417,2
1.3358,-1.8842,2
-1.6684,-1.0353,2
0.89163,0.57072,2
5.2462,2.6874,2
-0.081411,-0.52902,2
3.4058,-0.14248,2
0.41584,-3.7496,2
1.2256,2.1844,2
1.26,-2.4264,2
1.0339,2.5464,2
-2.2561,0.27804,2
-2.5919,0.66633,2
0.92215,-1.6283,2
-1.3168,1.6165,2
-0.41108,1.5469,2
-1.5639,1.6716,2
-0.20232,2.5214,2
-1.2854,-0.28206,2
-1.4732,-3.3074,2
2.4235,2.2588,2
0.53845,2.5942,3
0.29616,1.3726,2
-0.24873,-3.7373,2
3.1818,-0.72446,2
4.6429,1.3863,2
3.9693,-0.0016715,2
0.61049,2.2392,2
1.4084,2.4868,1
0.68163,-5.2165,1
2.4406,4.4561,2
1.7262,5.7513,2
1.855,-0.54858,2
-4.0806,-2.1693,2
1.0731,-1.7367,2
0.068861,2.4568,2
3.0597,0.18942,2
1.06,2.3451,2
2.9499,-2.3945,2
-2.246,-1.6389,2
3.1086,0.19884,2
-2.4916,2.3161,2
-3.6786,0.91376,2
4.7996,4.4592,2
0.72131,2.5632,2
3.0403,-0.89885,2
3.6194,1.1599,2
1.8033,4.3864,2
3.7663,0.0032546,2
2.6735,1.4904,2
-0.11929,-5.004,2
-0.43911,3.0038,2
2.6698,0.11502,2
1.2545,6.2733,2
1.9487,-1.9341,2
0.44857,-1.7796,2
1.6575,-1.1059,2
1.1221,1.2507,2
-3.8681,-1.0318,2
1.2571,0.80078,2
1.2568,3.0101,2
-3.4858,0.73722,2
0.37661,1.6726,2
-1.7773,-0.70304,2
-0.55578,1.4336,1
0.85035,0.96706,2
0.43606,-1.0082,2
-1.1691,2.8066,2
0.25152,2.5679,2
-6.3737,-3.6851,2
-1.6382,-0.50742,1
-0.52693,-0.59535,2
1.3711,2.0275,2
0.23775,1.3753,2
0.59912,-0.0030115,2
-4.1296,0.50372,2
1.8512,0.22259,2
4.6404,-2.2618,2
0.20589,-1.2662,2
1.8606,-3.4918,2
-5.377,1.3223,2
1.2328,-2.5023,2
-4.7917,-1.0343,2
-2.5483,-0.66183,2
-0.3122,-0.50465,2
2.0295,-3.9615,2
1.4747,3.7106,2
-0.89072,2.5973,2
-0.97365,2.2824,2
-1.5622,-1.1703,2
-2.0281,-0.45929,2
-1.1176,-5.1235,2
-0.8002,2.9365,2
3.0476,1.1835,2
-1.2501,4.9358,2
-5.9997,1.3678,2
1.0953,2.6571,3
1.5541,0.58001,2
-1.0646,0.69365,2
3.0971,-1.8618,2
-2.3252,2.0041,2
-0.51136,-1.0063,2
0.012678,-3.363,2
1.7985,0.15317,2
2.8003,1.787,2
2.825,0.71777,2
-0.33412,1.9925,2
4.0448,0.9562,3
4.7229,0.51699,3
-0.0095263,4.2761,2
1.2931,3.813,2
-1.9069,-2.6388,1
4.3213,-0.20119,2
0.18741,-0.10588,2
-2.2858,-3.6785,2
-1.9769,0.15175,2
2.8729,0.9183,2
1.5986,0.19884,2
-2.9371,-0.074986,2
-1.1104,-2.0518,1
-1.714,-1.9826,2
-0.43101,-1.3346,1
1.9491,0.96235,2
-0.73052,0.40382,3
0.42585,-1.0267,2
2.6054,1.4177,3
-1.6714,-2.0248,2
2.0369,-0.36646,2
-1.1752,1.6526,2
1.9501,-5.244,2
-0.85536,-1.1441,2
4.5137,2.9236,2
-1.112,-4.5888,2
-2.404,1.9843,2
-0.62558,1.5106,2
-1.8216,0.91219,2
-1.3652,-2.4761,2
1.1328,0.91355,3
0.15774,-0.093871,1
3.1001,3.7281,2
0.30597,3.1621,3
4.661,0.46435,2
-2.5781,-4.5636,2
-5.0492,-4.4499,1
4.2228,-2.7197,2
0.80471,3.2555,2
-0.65145,0.12508,2
2.17,1.7315,2
0.89424,0.99453,3
4.742,-1.2086,2
0.54246,0.5488,2
-1.0393,3.7088,2
-0.0055832,-3.1234,2
0.062786,-0.45047,2
-0.11287,-1.0662,2
1.6251,0.20654,2
-5.3836,-0.71869,2
-3.7717,0.4656,2
-0.3823,0.64341,2
2.0606,-0.70509,3
1.2136,0.93157,2
3.9504,4.5173,2
-0.54144,-1.3652,2
-0.61762,-1.3596,2
1.6291,3.7231,2
-0.82341,1.5516,2
-2.1868,-1.6085,2
-0.84493,0.98029,2
3.6039,0.44133,2
-0.784,-2.3907,2
-4.3093,-0.43241,1
3.1166,-2.0576,2
0.53113,-2.3531,2
-1.291,-3.206,2
2.1536,-4.0578,2
1.4058,-2.0049,3
-0.081376,-0.36109,2
2.4873,2.5132,2
1.6321,4.6543,3
-3.3701,2.2663,2
1.7762,-3.3161,2
-4.3473,-0.098854,2
-0.13575,-5.1518,2
-2.6274,-2.63,2
2.9149,-0.41133,2
-0.58604,3.0494,2
3.7141,0.69645,2
-4.2614,0.28263,2
-1.6838,-4.4281,2
-3.4143,-2.939,2
-0.38989,-1.5388,2
-0.64359,-0.034848,2
-0.74528,4.0307,3
-1.2345,1.2762,2
-1.2039,-1.6095,2
-0.88673,-0.26595,2
1.4655,2.4604,2
-3.9756,-0.80237,2
-4.2089,0.59829,2
3.1903,-0.65624,2
0.17864,2.7809,2
7.4732,-0.18757,2
-1.9017,-3.5134,2
-2.1746,-0.6431,2
-1.8751,5.5215,2
-0.22134,-1.6097,2
4.3569,3.0047,2
-4.3209,1.1343,2
0.40127,-1.4025,1
1.348,1.1959,2
1.0784,1.4018,2
-2.9671,-0.8489,2
3.7505,1.4832,2
-2.3144,-2.1198,2
1.9509,-0.39677,2
2.3081,0.43938,2
-0.01681,-5.4549,2
-1.4028,-2.2401,1
-0.48426,0.043992,2
-2.2362,-5.2439,2
-1.5341,-1.7004,2
1.7038,1.9856,2
-2.1087,1.1118,2
-1.1714,-0.64109,3
1.309,1.5066,3
-2.1053,-5.4239,2
0.35021,3.1913,2
0.25652,1.7457,2
2.2023,3.0331,2
-2.8191,-2.7547,2
-2.2911,-1.7106,2
3.0452,3.2506,2
-1.0585,-0.3078,2
3.7574,7.5381,3
0.85706,-0.18921,2
-1.2418,-0.33474,2
3.3735,4.2144,2
0.38641,0.49344,2
1.0918,3.4333,3
3.9255,-0.48191,2
-1.7719,-2.23,2
-0.80678,0.39886,2
-1.2072,0.6914,2
-3.2802,-4.0493,2
-2.3649,1.5192,2
1.9025,4.8243,2
-1.8214,4.9066,1
1.3908,-0.60524,2
-0.98326,0.24783,2
0.32218,-2.7675,2
1.2651,0.75886,2
1.6538,-1.9903,2
1.8336,2.1033,2
2.3578,1.0448,2
-0.68644,0.071352,2
-0.74898,-1.5223,2
-3.8353,1.0118,2
0.28795,1.5827,2
-0.47363,4.5543,2
2.173,-3.211,2
4.6678,-0.82831,2
-1.7394,0.69081,2
0.031346,5.0297,2
-3.3218,0.43544,2
2.131,1.5456,3
-1.2531,-3.7261,2
1.0066,0.90768,2
0.86525,-2.9483,2
0.86854,0.13838,2
0.10691,-2.8112,2
-3.6285,-0.50384,2
5.4147,-0.5674,3
-0.62896,-0.14165,2
-1.4033,2.3146,2
-1.1779,0.082448,2
-2.2021,0.64106,2
2.8655,0.59696,2
-0.46327,2.3155,2
3.9452,2.8224,2
-2.9787,-0.5931,2
4.9172,-3.6367,2
-1.0749,0.24173,1
-1.5042,0.44184,2
-1.664,-1.3119,2
0.55351,5.3078,2
1.6186,0.12153,2
-0.22079,-4.0316,2
1.0979,-2.3142,2
-3.4533,-3.9177,2
-1.2593,-2.6244,1
-4.4354,-2.0763,2
-0.48531,-0.19318,2
-0.31769,4.391,2
0.98281,-2.7792,2
0.46904,-1.5421,2
1.7749,1.6175,2
-1.3069,-2.0025,1
-0.63667,-0.64249,2
-2.0446,-0.073862,1
-0.059424,-3.2974,2
-1.3076,-1.405,2
-3.7396,-3.4485,2
-0.43014,2.4325,2
0.54937,1.7204,2
-2.2998,1.033,2
0.44945,-3.9693,3
0.82764,-0.32168,2
2.3708,-2.6341,2
-1.1884,1.5521,2
2.4424,2.3825,2
1.6709,-0.70653,3
-2.2383,1.5483,2
0.45655,-0.85482,2
2.0034,-0.39044,2
2.9808,2.2203,2
-1.5525,1.5031,2
4.5054,5.2528,2
-0.15688,-1.8591,2
1.4042,1.6409,2
4.3225,-1.4231,2
-2.1778,1.5011,2
-0.77488,1.773,2
3.0174,1.4998,3
2.2797,2.0907,2
-0.5022,2.7004,2
1.8628,-0.15498,2
2.0579,-1.1317,3
0.2222,0.13942,2
-1.1419,0.23259,2
-0.36212,0.94954,2
-0.86199,-3.8604,2
-0.28634,-2.0237,2
1.009,0.25066,2
-2.9473,-1.0093,1
-3.751,-2.0864,2
0.51443,-3.2134,2
-1.8804,-3.2431,2
-2.4481,0.1303,2
-5.4872,-3.9718,2
-2.6668,2.3304,2
-0.81955,-1.7086,2
-5.4447,1.3194,2
-1.1228,-1.5964,2
1.6236,3.825,2
2.0823,-0.59132,2
-2.6222,-3.0906,2
-1.3208,-1.1157,2
-1.6447,2.8492,1
-3.5662,3.6983,2
-0.60884,1.0183,2
1.8154,-0.08369,2
1.6289,-0.46022,2
-4.6175,-1.1399,2
-2.8363,1.0334,2
-0.18761,-1.4741,2
0.17756,-2.6647,2
-0.07086,-0.74952,1
-2.6156,-0.9945,2
-1.7115,0.20992,2
-0.76915,1.2345,2
0.35684,-0.67843,2
1.2085,-7.0775,2
-2.2555,-3.9359,2
2.011,-0.66049,2
0.93634,-0.80635,2
0.13145,-0.18799,2
4.4098,1.2084,2
0.1501,0.89,2
-0.86212,1.8644,2
0.83788,-0.45598,2
0.41911,-1.5748,2
-2.025,1.4243,2
-6.3407,-3.7279,2
-3.0917,2.6818,2
3.8338,-0.10923,2
-2.1874,0.29813,2
1.215,0.85224,2
0.77589,-0.052662,2
-4.9817,-0.18464,2
2.6846,1.1096,2
0.27162,0.35778,2
-0.19204,4.2015,2
4.6698,0.97555,2
4.9046,0.76704,2
-4.6856,-0.66729,1
-2.9333,-1.0405,2
-1.7338,-2.6536,2
-2.1278,-1.5367,2
-1.3357,-0.16748,2
-4.6195,-1.7366,1
1.9118,-1.6525,2
0.95963,-1.6366,2
1.9548,-6.3582,2
2.6984,1.3267,2
-0.58458,-0.18291,2
5.7187,0.90965,2
-2.217,-1.7226,2
-1.6571,-0.021404,2
-1.4949,0.72188,2
-0.91282,-1.0157,2
1.03,-2.6645,2
-4.707,-3.3229,2
-0.83504,4.2214,2
-0.89138,0.10401,2
1.1317,2.1385,2
-1.1923,-1.5839,2
-4.3395,4.0203,2
-1.9808,-4.0556,2
-0.36395,2.1065,2
-0.68934,-0.36173,2
-2.7201,-2.1464,2
-1.1628,2.9634,1
-0.98842,0.40299,2
-0.27908,-3.0145,1
-1.3462,3.441,2
2.2675,-1.1865,2
-3.1969,2.143,2
-1.7624,0.26201,2
2.5962,-0.63779,2
2.8138,-3.2872,1
-3.4614,1.9828,2
-2.1544,-0.25252,2
3.9103,3.182,2
1.5649,0.64359,2
-0.35011,-2.0587,2
-2.625,-4.0792,2
2.1463,1.1963,2
-1.8813,0.060731,2
0.033938,-2.6337,2
0.23406,2.5842,2
0.463,-4.1216,2
-2.6947,1.0945,2
2.1072,-2.9456,2
1.3543,-1.0906,2
-0.31371,-1.7395,2
2.5266,1.4396,2
-0.97279,-2.453,2
-2.9963,-0.32137,2
0.89165,1.0856,2
-4.4777,0.94423,2
-0.12798,-0.38011,2
-0.22837,1.5915,2
-2.5268,-0.22233,2
0.44602,0.22694,2
-1.7091,0.76586,2
-1.7681,1.0794,2
-0.10035,3.5792,3
4.9592,-1.1297,2
-0.17903,-6.1104,2
3.0943,0.11147,2
2.4438,6.0593,2
0.99006,1.8733,2
-0.77191,0.34538,2
-4.6415,1.8629,2
-0.8828,-3.1154,2
-0.33622,-2.8818,2
6.1384,-0.67258,2
1.5302,1.897,2
1.7767,-1.1987,2
-2.3641,-0.884,2
-2.002,-0.39785,2
0.27305,1.9865,2
-1.1508,-0.26817,2
2.5596,3.1531,2
-0.21543,-0.84659,2
-1.7034,1.8005,3
-0.25118,-4.9264,2
-4.1754,0.64477,3
-0.43545,1.724,2
-0.4806,-3.6657,2
1.4421,-3.5366,2
-3.5185,-0.03453,2
-0.05221,0.49037,2
-1.2246,3.1181,2
0.3832,1.7875,2
-1.3599,0.3868,2
0.38288,-0.10664,2
-2.3472,-1.5362,2
0.47368,0.71633,2
-0.34513,-2.8178,2
0.55581,-1.9032,2
-2.1341,-5.041,2
-2.0644,-0.58478,2
0.091593,-0.36487,2
1.9183,0.20984,2
-0.94551,1.762,1
-0.82335,-2.1849,1
0.56263,-0.14793,2
-2.1489,0.92892,2
0.49462,-0.40694,2
-2.1522,-0.86359,2
1.9768,-4.3238,2
-0.87995,-0.24849,2
1.2452,3.1309,2
-2.5981,-2.4826,1
-2.3882,-0.4564,2
-1.6194,-1.5856,2
1.1391,0.75013,2
1.1331,-0.18409,2
0.871,1.6276,2
1.7555,1.5837,2
0.9621,-0.65621,1
2.5954,2.9522,2
-2.7479,-3.9709,2
1.3716,5.1815,2
-1.435,3.0955,2
-0.75124,0.12865,2
1.4563,-0.089732,2
3.1154,-0.47312,2
1.9366,0.43092,2
3.1086,0.23144,2
0.90676,1.8662,2
-1.1773,-1.805,2
-0.83173,-1.0753,1
3.1526,2.1443,2
1.8127,-3.0585,2
-1.8851,-1.3912,2
4.6881,-1.2764,2
1.1116,1.2581,2
-0.31009,1.7812,2
-2.9353,-2.8135,2
2.0476,0.52977,2
-0.95336,1.1059,2
-3.729,-3.011,2
0.079903,-1.2298,2
-3.3377,-1.4536,2
-2.0158,2.0963,2
-2.3178,-2.1931,2
-0.08557,0.080747,2
-1.6482,-3.4556,3
3.2962,5.0558,2
2.471,2.0548,2
0.19535,-2.0129,2
-2.0731,-1.7705,2
0.27806,1.8758,2
1.4602,-0.81747,2
2.705,1.6253,2
-3.4351,-0.14671,2
-1.7378,-1.8698,2
2.6865,-0.64123,2
-0.62152,0.061603,2
2.0628,2.3423,2
3.8059,-2.0834,2
0.79115,-0.25709,2
-3.171,-2.5405,2
-3.797,1.1805,2
2.4889,-3.0789,2
-2.962,2.125,2
-1.731,1.5234,2
2.8001,0.20237,3
-5.586,-1.8352,2
2.5456,-0.84414,2
1.0141,0.0019625,2
-2.4122,-0.23171,2
-0.0091621,-2.0913,2
-1.1666,-3.5995,1
-2.5407,-0.69024,2
0.23576,2.2012,2
0.3765,-4.8596,2
-0.15066,-0.95052,2
-1.7102,-2.2401,2
-1.2574,0.68784,2
1.6525,0.41928,2
-0.45382,-1.7166,2
0.56324,0.21939,2
-0.70547,0.97212,2
2.8514,0.28438,3
3.2213,2.2,2
1.278,-0.64923,3
-1.582,1.4569,2
-2.4588,-0.31415,2
0.68111,2.5884,2
1.0631,0.58267,2
0.034419,-4.094,2
-1.1206,-0.84111,2
4.6694,3.7615,2
-0.23991,1.9094,2
-0.62121,-4.7306,2
-2.6896,-3.3653,2
0.15594,-1.0587,1
0.57194,0.43855,2
1.5736,0.32709,2
-1.3393,-2.9981,2
0.5919,-2.8213,2
1.0158,1.5134,2
2.1389,3.3726,2
-0.85004,-2.2461,2
-2.6207,0.012931,2
0.65838,3.3014,3
2.7727,0.98714,2
1.9458,-0.93387,2
-1.7876,1.3677,2
3.9491,4.4924,2
1.256,-0.0085347,2
-1.3536,-2.1931,2
-1.293,0.21446,2
-0.082467,-1.7178,2
1.7684,1.3324,2
3.4138,4.7335,2
-1.2396,-3.289,2
-1.0079,2.1831,2
-1.6185,1.6993,2
-3.1298,-0.13112,1
0.87341,0.85239,2
-3.0743,-2.8484,2
-0.57945,0.74307,2
0.69199,-1.0449,2
-1.89,0.57432,2
-1.4096,1.2171,2
-1.0156,0.48982,2
1.7333,-2.6951,2
-0.35427,-1.4936,2
-0.098648,1.1583,2
0.6655,-0.26882,2
-4.5671,1.123,2
-0.92884,-2.2937,2
-2.7996,-5.0718,2
2.3687,0.66981,2
8.1953,0.8403,2
0.39368,0.17015,2
-0.49095,-0.1549,2
-3.3388,-2.0578,2
-2.4401,1.143,2
3.3712,0.108,2
-1.3793,-2.0878,2
-1.9852,-3.3271,2
0.61702,-1.4095,2
-1.1851,-1.7347,2
-3.5102,0.91619,2
-0.52254,0.26955,2
-0.53596,3.3432,2
0.77412,-3.4351,2
2.2003,2.1864,2
2.7565,-0.708,3
0.11986,3.1307,2
2.6114,1.4468,2
1.6193,-3.0593,2
1.5346,-0.22717,2
1.9126,-1.9758,2
-0.43707,-1.074,2
0.3046,-1.656,1
2.929,1.913,2
0.4764,1.851,2
2.2552,-2.1899,2
0.61027,2.4849,2
2.3869,-1.5205,1
0.92404,-1.3523,2
1.4544,-0.55978,2
1.8573,-0.85692,2
-0.5004,0.34856,2
-1.9607,-4.4863,2
0.49451,2.0586,2
2.1506,-0.050948,2
-1.2759,-1.352,2
2.8758,-1.493,2
-1.7328,2.8513,2
0.43328,0.80341,1
-2.8624,-1.611,2
1.0148,-0.18967,2
-0.66907,-2.8046,2
2.6037,0.55907,2
-1.2363,2.6914,2
-2.6865,-3.665,2
2.4786,2.7205,2
1.2555,-0.0073507,2
-4.0143,-2.2317,1
1.6275,1.4438,2
-2.0841,-0.14216,3
5.5877,0.73216,2
0.32338,-2.603,2
-0.14658,2.4137,2
0.76894,5.1065,2
0.034187,3.3273,2
0.017213,-0.14529,2
-3.057,0.2991,2
-4.4387,-3.5094,2
4.7041,3.155,2
-2.2474,-0.15309,2
-0.36235,-2.9497,2
-2.849,-0.15043,2
0.63125,5.5858,2
-0.56581,-1.836,2
0.72081,2.4343,2
0.6388,-0.87636,2
-3.1793,-1.0868,2
0.86679,3.0414,2
-0.9318,-3.4043,2
0.283,-1.9789,2
-2.2237,-1.8809,2
0.17474,-3.1453,2
-1.4847,0.3598,2
-0.97991,5.1145,2
0.94154,-1.206,2
-2.4268,-2.8973,2
1.2346,-0.050219,2
-5.0737,0.034046,2
-0.83121,-0.89271,2
-3.145,0.50028,2
-2.5353,-1.9708,2
0.38786,2.218,1
-2.0601,1.9478,2
-1.3653,1.5346,2
-2.7356,-0.92554,2
-1.4212,3.3509,2
-1.2177,0.70518,2
-0.55648,4.3912,2
2.5952,3.1683,2
-0.43898,0.090031,2
2.2546,0.017937,2
1.6487,2.2881,2
-1.4714,1.2444,2
-2.0823,1.3544,2
-0.055568,-0.36172,2
0.99566,5.2808,2
1.1179,-0.54581,2
1.6378,0.49482,2
2.1471,-2.3669,2
2.0761,-3.1898,2
0.46731,1.8608,2
3.4355,0.74876,3
-0.63079,-3.561,2
-0.78387,4.3413,2
-0.92082,1.6772,2
-0.10658,1.2215,2
-2.1041,-1.3804,2
1.4391,-1.8841,2
-4.4028,1.4393,2
1.3823,-1.9776,2
0.13959,-7.242,2
-2.1499,-4.4709,2
1.6468,0.95702,2
0.95943,-0.59523,2
-0.69608,-1.0545,2
-2.4699,0.12891,2
1.0103,3.3943,2
2.3119,0.010861,2
-2.5327,2.2338,2
2.8052,1.6655,2
-0.23246,-0.66644,2
-3.9553,-1.3063,2
-4.3619,0.66248,2
2.2528,2.4692,2
0.8127,-0.64582,2
1.797,-4.4273,3
6.438,1.3711,2
-0.50564,-1.5558,2
-1.937,-0.15835,2
-0.75326,2.7678,2
-0.47281,1.7085,2
2.1661,3.2345,2
2.1881,-0.70985,2
-1.0635,-2.0494,2
2.874,0.80151,2
0.70694,3.5237,2
-3.2898,3.6929,2
-3.8712,-1.445,2
2.1842,1.5248,2
-1.8478,0.61902,2
-4.903,-1.7138,2
1.6367,3.8192,2
0.20073,-2.8149,2
-0.6712,1.8431,2
-3.5118,2.6237,2
0.69229,2.1013,2
-7.172,-3.0797,2
0.55889,-0.69507,2
-0.72493,1.6326,2
-2.2713,1.5038,3
1.5017,-0.64616,2
-1.5219,2.493,2
1.5352,-2.2602,2
0.55548,1.3212,2
-2.8335,0.97252,2
-0.43149,-2.4884,2
-1.2279,1.4979,2
-2.3469,-1.6872,2
-3.2434,-6.3672,1
2.5102,0.2768,2
-1.6652,2.665,2
1.5255,-1.6898,2
-1.3905,0.11903,2
-1.3713,-3.0083,2
-0.12531,-1.1361,2
2.3106,1.576,2
-0.93457,-1.1664,1
-2.1702,5.4574,2
-0.22403,3.1352,2
3.0013,-1.8207,2
-0.21671,1.5801,2
-3.5631,-1.2645,2
-0.59015,-4.0049,2
3.5535,-1.7395,2
-0.84833,0.42247,2
3.9555,1.8222,2
2.3117,-1.4053,1
1.4581,-2.7848,2
-3.1873,-2.7569,2
-3.3343,-2.5147,2
-1.1523,-0.7997,2
0.12855,-1.3235,2
-1.7721,-1.8347,2
-3.4177,-3.957,2
0.111,1.9868,2
0.84453,-1.1262,2
3.5288,6.2173,3
2.3266,2.2187,2
0.76727,2.5471,2
-0.80281,-2.9377,2
-0.099567,-0.42545,2
-1.0165,-1.2378,2
0.41008,-1.8557,2
-0.27334,0.63345,2
-1.3549,-1.446,2
-2.8115,-3.3229,2
-3.6154,-1.9592,1
-0.6024,0.89049,2
1.3746,-0.37386,2
1.6148,-2.9208,2
-7.4375,-5.4395,2
0.11418,-1.6803,2
2.8934,-2.0919,3
-0.60599,-0.026925,2
0.030108,-3.295,2
-2.0993,0.36465,2
-1.4183,0.47996,2
-2.7598,2.1236,2
-2.4076,-1.2686,2
-1.3709,0.85493,2
3.7733,-0.5601,2
0.9716,2.3413,2
3.3931,1.4696,2
-1.9008,1.3172,2
0.77246,0.78436,2
0.14231,0.70767,2
-0.4456,-3.287,2
-0.11729,0.41337,2
-2.4056,1.5936,2
-0.042217,-1.9084,2
1.3076,0.63252,2
-2.7592,-2.5436,2
-1.2891,-0.54159,2
-0.90303,4.3789,3
1.8128,-3.4265,2
4.0602,1.5462,2
-3.495,-2.1772,2
0.19604,0.79347,2
-1.8049,2.0609,2
0.96997,-1.1844,2
-3.5022,-0.65397,2
0.81461,-1.7071,2
-1.5592,-0.72347,2
1.0846,2.069,2
2.0492,0.19649,2
1.4269,-0.93098,2
-0.48998,-0.51978,2
5.5007,0.39651,2
0.079212,1.9147,2
-1.4797,1.5612,2
1.0913,-1.1713,2
0.82564,1.3731,2
2.461,0.50344,2
-0.65268,-3.6987,2
-1.1556,5.0559,2
-0.46497,-1.9108,2
0.7582,-1.7508,2
3.7348,-1.66,2
-1.3121,2.4754,2
-1.2254,1.4902,2
-4.2121,-0.082043,2
-2.7318,-0.047877,2
-0.47493,1.2834,2
-1.364,-2.1628,2
1.2821,0.89488,2
3.7149,-1.5751,2
-3.6804,2.4508,3
2.7158,1.6978,2
0.30597,-1.9873,2
3.2858,-3.2892,2
-0.46801,-0.29017,2
-1.9155,-3.7373,2
-0.43259,-1.7831,2
-2.1957,1.9322,2
0.6465,-1.4544,2
1.1243,0.51655,2
-0.015585,-3.1754,2
-5.2078,2.3774,2
-1.1002,4.1524,2
-1.7177,-0.2483,2
-3.3271,-1.881,3
-4.7736,-2.662,2
-1.5369,4.1705,2
2.8668,1.8975,3
-0.21155,0.55212,2
-1.9462,-1.696,2
0.96299,4.0109,2
-0.13452,-5.1022,2
0.76153,-0.95231,2
3.4484,2.8007,2
0.65779,1.4127,2
-0.44201,-1.4349,2
-2.6918,0.88457,2
-2.2751,-0.23231,2
0.67359,-1.2494,1
-1.3457,2.9523,2
2.2523,1.018,2
0.84351,2.9365,2
0.78655,-3.5646,2
3.4174,-4.4096,1
-2.4907,-2.1699,2
-0.014439,-0.74394,2
3.8562,-0.12401,2
1.984,2.7612,2
0.0052681,-1.5387,2
2.2957,4.3244,2
3.1322,-0.12358,2
-0.90443,1.0658,2
-0.23506,-0.61232,2
2.4967,0.60294,3
1.5303,0.60618,2
0.49189,0.20272,2
-0.66766,-1.8677,2
1.7013,-0.9373,2
0.26525,2.8528,2
1.7254,-0.3342,2
-1.6229,-3.0253,2
6.7104,2.8338,2
2.1244,3.1926,2
1.0499,2.2356,2
2.0932,1.3776,2
1.0525,2.2926,2
-4.0067,-0.96714,2
-5.6142,0.80129,2
2.5046,2.9207,3
-1.2978,-3.0978,2
-0.63713,-1.774,2
-0.87587,0.11804,2
1.6028,-0.87947,2
2.5429,1.6438,2
1.3972,1.0798,2
0.098297,1.9414,2
7.1705,0.59952,1
2.9269,4.0714,2
-2.7804,0.79375,2
-0.94251,4.1887,2
-0.19894,-0.20004,2
-0.52657,-2.1323,2
0.43951,-1.4873,2
1.3284,-0.89403,2
1.0833,2.8533,2
-0.43684,1.2287,3
-0.8214,-0.66015,2
-0.091506,0.92184,2
-5.5793,1.8733,2
-1.7552,-3.5671,2
-1.0354,-2.5916,2
-1.7563,2.6709,2
-3.0756,-1.1043,1
2.5381,1.2876,2
0.53957,0.45027,2
1.8505,1.5399,2
-2.6261,0.15458,2
2.4292,3.8778,2
1.3422,-2.3423,2
-0.2699,5.5959,2
3.0308,-0.0072587,3
0.95849,-3.1736,2
4.966,-2.5108,2
0.42826,2.7165,2
3.2993,-1.1646,2
1.6726,1.1051,2
1.5931,0.023541,2
2.4184,-2.2319,2
-0.67815,-0.25249,2
0.73044,1.9537,2
-0.5057,-0.15293,2
0.2415,1.3675,2
-0.46935,-0.55112,2
2.2572,1.1247,2
-0.13595,2.5958,2
-0.586,-1.9479,2
-2.7739,-5.579,1
2.7336,6.3182,2
2.4336,2.6317,2
0.25459,-1.482,2
0.27227,0.029511,2
-0.016674,0.25049,2
1.0083,1.3692,2
1.7561,-1.5706,2
3.0085,-0.50702,2
1.5367,1.9554,2
1.6046,-2.1017,2
-0.0053628,-1.8883,2
2.1608,3.5337,2
1.403,-1.6614,2
-0.98107,-1.285,2
1.9988,3.6176,3
-3.3311,-3.861,2
1.6299,-0.9695,3
1.6532,4.2502,3
-2.7377,3.2264,2
0.46268,-4.0614,2
-2.8369,-1.9672,2
-1.6288,-1.4019,2
1.336,-0.28273,2
0.16357,-0.48004,2
-5.2812,1.7575,2
0.37318,-0.2545,2
-0.70169,-1.3728,2
3.4933,1.9542,3
2.5376,-2.4393,1
0.90617,-1.7747,2
4.2636,1.5752,2
1.2278,-1.5806,2
-1.6546,-0.30066,2
4.0273,-0.084484,2
2.2957,-1.1335,2
-0.19352,1.5368,2
0.88691,-3.3811,2
0.99394,-6.4396,2
-0.97497,0.40264,2
2.1084,0.27386,2
-3.7828,0.62866,2
3.8338,3.5905,2
-4.0462,-1.6035,2
0.21269,-0.5848,2
-3.3208,-0.2062,2
-0.216,1.4811,2
-1.9858,-0.8606,2
-1.6645,1.5424,2
-0.11857,-2.4051,2
-1.9966,-0.84176,1
-2.6499,1.0876,2
0.37689,-0.34717,2
3.4799,-2.2555,2
-1.7674,0.3745,2
-1.6846,-5.2726,2
2.1824,3.85,2
0.414,-0.087051,2
-1.8812,-2.6246,2
-2.6973,-3.9762,2
1.1421,1.4507,2
2.106,0.35504,2
5.4597,2.6613,2
3.4506,1.2809,2
-0.75924,-1.6435,2
0.29623,3.1547,3
1.2991,1.4316,2
-0.63325,2.9993,2
2.4403,1.3778,2
0.58904,-2.5436,2
-1.8603,-2.4685,2
1.0406,-2.3954,2
-0.68598,-1.5904,2
0.37869,-1.5817,2
-4.0605,-1.1818,2
-0.92506,-2.7838,2
0.27422,3.5909,2
1.822,0.2247,2
0.57999,1.947,2
-1.1493,-0.67087,2
1.8684,2.8915,2
1.7434,0.98533,2
-2.5625,-1.3558,2
-2.2228,0.12861,2
-1.0979,-2.6618,2
0.096569,-2.2437,2
-5.8316,0.18672,2
-0.84065,-1.2332,2
1.5314,0.25019,2
-3.2982,-2.4638,2
-0.28477,-2.2831,2
1.7442,0.025648,2
2.699,-2.304,2
0.27602,5.6528,2
0.057334,-2.3444,2
-2.5303,2.847,2
-1.4092,3.8573,2
-3.3518,-3.4059,2
-0.40465,1.3243,2
-5.7986,0.40266,2
1.1831,-2.6504,2
2.5284,2.1379,2
2.5777,1.4429,2
0.47596,3.7876,2
-1.038,2.9718,1
2.1673,0.087981,2
4.408,5.3897,2
3.6802,-2.0718,2
-0.059115,1.4289,2
2.2157,-2.1054,2
0.93953,0.20475,1
2.5606,-2.8964,1
-1.4765,1.4364,2
2.703,0.70044,2
-2.1551,0.30581,2
-4.7585,-0.31396,2
-0.63492,-2.3233,2
-0.93005,2.5421,2
1.1296,-2.2647,2
0.30536,3.6333,2
-1.6091,2.5968,2
-0.92329,0.25875,2
2.2348,1.8041,3
2.1165,3.968,2
-1.135,-0.58988,2
1.4267,2.991,2
-1.7738,-4.9121,2
1.6911,1.8402,2
-4.2485,-1.0166,2
-0.53489,1.5446,2
0.62387,0.70257,2
-1.4828,-0.6074,2
0.52827,-1.9227,1
1.455,1.0658,2
-2.2805,-1.6349,3
0.99563,-4.3036,2
7.7537,-0.54216,2
-0.5655,1.3062,2
2.4422,0.85472,2
-1.78,4.1597,3
0.56422,3.5066,2
-2.5304,-0.096101,2
2.3173,0.64056,2
-0.8125,4.557,2
-0.67672,-1.5934,2
-1.7757,-1.3353,2
0.59353,-0.069185,2
-2.9172,-1.6085,2
4.4961,2.1471,2
1.1376,-0.69747,2
1.1276,-4.8315,2
-0.39806,1.8287,2
-1.612,-1.6512,2
1.2804,-4.2733,2
2.4549,0.76394,2
-1.2499,2.9359,2
0.66655,0.12051,2
2.472,1.8746,2
2.3473,1.0202,2
-2.0201,-1.0907,2
-3.8522,-4.8178,2
-2.1984,1.0776,2
3.0766,0.971,2
-1.0938,2.4563,2
0.20782,-2.9025,2
0.27111,-0.96691,2
-2.5758,2.9882,2
0.13667,0.16466,2
-4.0594,0.75852,2
-1.4195,-0.018531,2
2.6849,-0.41896,2
-1.3709,-1.818,2
2.1749,1.8329,2
-0.25757,-0.41576,2
-0.1272,-1.3173,2
0.54998,-1.082,2
0.44399,3.0471,2
0.4572,-1.509,2
-3.6523,-3.4789,1
3.0608,1.8829,2
-0.13288,-1.3645,2
-1.8027,-1.4668,2
-4.4917,-2.4482,2
1.0711,-5.1441,2
-0.98887,0.87138,2
0.45312,0.90762,2
1.2625,-2.4901,2
1.1549,-3.1634,2
3.7297,-0.30049,2
-6.5252,-4.4289,2
-0.34497,2.1906,2
5.9743,-2.8579,1
0.055462,-0.60003,2
-0.90289,-0.52461,2
-0.94106,-0.98213,1
0.86493,0.58631,2
-1.2717,-2.799,2
5.0595,1.634,2
-1.7913,2.9579,2
-1.3457,2.3385,2
4.0027,0.78185,2
-0.23777,1.464,2
0.77561,0.5111,2
3.459,-2.8071,3
-2.3981,-0.4085,2
2.4184,0.60833,2
-4.1038,1.9674,2
0.98952,-1.8665,2
-2.3395,-3.0481,2
1.6241,-2.7538,2
0.082564,-1.1164,2
-1.7224,-2.824,2
-2.8768,-6.3749,2
-2.0634,0.37898,2
1.2905,0.6922,2
0.92734,-2.1885,3
3.1695,2.0014,2
-2.6356,-0.63479,2
-2.7412,2.6279,2
-0.35948,-2.777,2
1.931,-1.616,2
1.7675,0.3016,2
1.1409,-5.4133,2
-0.95366,-0.31398,2
-0.98371,-2.6785,2
4.5061,0.49067,2
-0.52162,-1.836,2
-4.6602,0.62232,2
0.71226,-0.16025,2
2.4082,0.83674,2
-0.60812,-1.3863,2
-1.976,-1.2067,2
-1.991,0.79373,1
-0.35828,1.4888,2
-2.8303,-0.41016,2
1.4099,0.69137,2
2.6893,1.1802,2
0.10443,3.3082,2
0.82642,2.3506,2
1.5884,3.094,2
-0.042353,1.1023,2
-2.5353,1.8685,2
-0.74095,-1.3395,1
1.3312,0.68689,2
-2.4071,-2.4173,1
-1.2742,0.68844,2
0.98608,2.4543,2
0.99565,2.0195,2
-3.2253,-3.05,2
1.0003,0.32203,2
-2.4652,-0.21797,2
1.5152,-3.6371,2
-2.2352,-2.7762,2
-1.1633,-1.8389,1
-0.93818,0.53678,2
-1.1355,2.2961,2
-1.0573,-1.2768,3
0.59037,-1.2011,2
-0.67787,-3.8161,2
2.8314,-2.6931,2
-2.6188,-0.62843,2
-0.97284,0.5608,2
-0.96161,-2.2566,2
-1.2561,-1.3291,2
2.981,-2.1103,2
-2.8982,-0.34231,2
-4.5601,-6.2916,2
0.40769,3.126,2
-0.80459,-3.9423,2
5.0701,3.3716,2
-0.913,1.7045,2
0.83734,0.7558,2
-3.4403,-3.8938,2
-2.2517,-1.2504,2
-3.4323,0.080591,2
2.5236,1.4458,2
2.3254,-2.1124,3
0.05972,-1.6129,2
1.4981,-3.4404,2
-1.5285,0.54981,2
-3.5596,-1.947,2
0.60508,-2.5204,1
-0.062606,1.6327,2
-3.0578,-0.44433,2
-1.8514,-2.5987,2
-1.8652,1.291,1
3.2137,0.40891,2
-3.595,0.87415,3
-1.3029,0.68523,2
-1.9684,-0.96761,2
-3.7527,-2.4041,1
-1.9853,2.9228,3
0.11028,-2.3668,2
0.87898,-4.4137,2
0.8995,-2.5212,2
-0.55806,2.783,2
-0.26028,-0.46977,2
-3.4474,-2.8923,2
-0.77629,2.4744,2
-1.7965,0.11655,3
-3.2522,-2.7773,2
-0.10109,5.3908,2
0.81302,1.1967,2
-4.1623,-2.5849,2
-1.0447,-5.1776,2
2.1754,3.0902,2
-0.74067,0.42418,2
2.085,1.5749,2
1.3754,4.3225,2
0.49395,0.7453,1
-0.91515,1.4883,2
1.0225,0.1238,2
1.503,2.9038,2
2.0298,1.3374,2
-1.9795,1.1773,2
-1.6438,3.6681,2
1.2535,1.1461,2
1.3897,-2.1941,2
3.8292,-0.63259,2
1.3418,1.3185,2
-0.5415,0.92489,2
1.4593,-1.9317,2
1.1211,-3.5739,2
-0.97269,-3.3441,2
3.1181,2.5562,2
-4.2345,-2.2553,2
3.0921,-3.803,2
2.4729,2.0699,2
-2.1092,-0.056904,2
-0.65162,-0.47129,2
0.097261,-5.9293,2
1.7949,1.3312,2
2.1224,0.6941,2
1.6123,-1.1379,2
-3.4434,-1.4899,2
-1.9873,-6.7918,1
0.32541,0.64268,2
-1.4166,-1.3785,2
-3.0884,5.3113,2
-1.3046,-1.8391,2
1.5661,1.104,2
0.031306,-0.96205,2
2.31,5.0003,3
-1.2518,2.7534,2
1.9242,-2.8155,2
-2.7299,-1.5265,2
0.38894,-1.2932,2
-0.1196,2.1742,2
0.1871,0.23649,2
-5.097,-1.3545,2
0.18976,-0.94529,1
1.844,-2.214,2
-1.1267,1.3374,2
3.1223,0.44949,2
-1.509,-4.6784,2
-2.6705,-1.0382,2
-5.2222,1.0494,2
-2.3286,-1.2757,2
-1.6293,0.23406,2
2.4476,0.4534,2
0.90915,-0.63376,2
1.4527,0.68653,2
2.4942,0.71521,2
-3.0684,1.4313,2
-2.8267,1.5261,2
-0.046558,0.4883,2
-2.0057,-1.6762,2
-2.8649,1.7398,2
0.76216,-0.55004,2
-0.38342,-0.30052,2
-3.5573,-3.9385,2
-1.7372,-0.86456,2
-1.2031,0.61891,2
-1.7352,2.7397,2
1.5238,-0.52786,2
0.29513,3.4768,2
-0.55985,4.3889,3
2.1098,2.3413,2
-4.3699,0.035467,2
-6.4589,1.3751,2
0.62154,4.0121,2
4.3769,0.37402,3
0.98413,-0.039116,2
3.0694,3.9569,2
1.0643,1.5032,2
-0.41018,-0.89244,2
-0.84898,1.4118,2
0.27306,0.79879,2
1.8069,-0.18365,2
-3.566,-0.49308,2
-0.52526,2.5846,2
2.6058,-0.60632,2
-3.5652,-0.53961,2
-0.76512,-4.8113,2
4.0619,4.7011,3
-0.56755,0.60134,2
2.3741,0.1168,2
2.4635,3.8632,3
-2.931,-2.9809,2
-1.9541,0.48531,2
1.2809,4.0702,2
1.6195,2.6205,2
-3.922,-4.5048,2
-0.62931,-1.942,2
-1.9048,-3.9349,1
-1.6123,-0.42948,2
0.15763,-1.6132,2
-2.347,-0.89952,2
-1.2785,1.3929,2
1.8989,-2.1479,2
3.6606,2.3442,2
1.9005,3.679,2
-1.0701,-3.3372,2
0.25651,2.8904,1
0.38904,2.0679,2
-3.3948,-2.205,2
0.040265,-2.1382,2
0.13686,0.54501,1
-2.9595,-0.83607,2
1.5661,0.31633,2
-1.6684,-2.0262,2
-3.0197,3.2261,2
2.6129,3.6326,2
1.5976,-1.0481,2
-0.88203,2.3045,2
-1.8375,2.2564,2
0.20459,0.9023,2
-3.7672,0.56903,2
1.6546,1.8413,2
0.30808,1.4869,2
-4.3779,-1.1449,2
-1.9422,-1.0092,2
1.8659,3.5055,2
3.3508,1.2951,2
-1.7322,-1.5934,2
-2.2814,1.759,2
1.4128,2.5193,2
-2.0438,-0.84255,2
5.0138,6.7586,2
-1.1437,-1.6328,2
-1.4937,2.7293,2
0.046684,-1.4088,2
0.16063,-0.5846,2
1.5653,-0.8544,2
-0.25064,0.21447,2
0.32235,-2.6371,2
-0.042167,1.4799,2
3.1604,0.95046,2
-1.4326,-0.57776,2
-2.37,-3.4007,2
-1.8456,-0.38229,2
2.4241,1.9409,2
7.9023,3.4835,2
1.4905,0.21115,2
-1.8213,-0.20135,2
0.016205,1.6302,2
-2.6571,-1.5456,2
-3.4859,-0.40403,2
-0.97854,-3.451,2
-2.3298,-2.9642,2
1.7371,6.003,2
2.6607,-1.2603,2
0.17126,-3.0795,1
1.9367,-1.7163,2
-0.45917,-0.54358,2
0.9598,0.075839,2
1.4962,-3.229,2
0.61588,1.7485,2
1.5231,1.1004,3
-0.91604,-2.571,2
3.3633,-2.3146,2
0.20018,1.9183,2
0.35627,3.0844,2
-1.7825,1.5898,3
-0.075563,1.0021,2
-1.4112,-0.0060695,2
-0.24671,-0.12769,2
1.105,0.61996,2
1.0491,-0.0099122,2
1.181,-0.07434,2
-0.94019,-2.5607,2
0.31661,0.23596,2
0.66131,0.57819,2
-5.333,0.8347,1
-1.5343,-1.3049,2
-0.3649,-0.73579,2
-2.2347,-1.0382,1
2.2369,-3.0019,2
-2.1288,1.2141,1
-2.5693,1.4159,2
-1.4865,-1.5221,2
-1.2661,2.0246,2
-3.6903,0.76804,2
1.2876,-0.19713,2
4.7305,-0.61901,2
-2.0625,1.2013,2
-2.7658,-0.8893,2
-0.2626,3.7682,3
3.3618,-1.1854,2
2.9511,0.67928,2
1.6382,1.7698,2
0.89856,-1.1315,3
-2.3295,1.3778,2
-0.34703,2.4887,2
1.828,2.7898,2
1.0271,-0.87931,2
-0.31164,-0.3753,2
2.1062,3.1971,2
-5.4325,2.453,2
2.4037,-0.66153,2
-2.6969,0.061846,2
2.9179,1.9159,3
0.062688,-1.5293,2
-1.8842,-2.3946,2
-1.6248,-1.991,2
1.172,1.8605,2
0.24461,1.4528,2
-0.91245,-1.5222,2
-0.33267,-1.1848,2
-0.27903,0.78731,2
1.6569,-2.8102,2
1.7882,-1.7208,2
-2.8925,1.4026,2
3.7108,-1.0714,2
1.7477,2.9222,3
0.29126,-0.35225,2
-2.8535,1.7099,2
-1.3674,0.66941,2
-3.1503,-5.2836,3
3.2535,-0.032997,2
-2.6849,-0.30991,3
0.043822,0.95748,2
-0.86794,0.82435,2
1.9375,2.4245,2
-0.67978,2.7223,2
-2.2194,-1.5938,2
-5.2367,-0.085717,2
3.1582,0.99421,2
2.0709,1.3267,3
3.3571,1.0694,2
-0.86765,4.3788,1
-0.86344,-4.0542,2
3.7541,1.6049,2
-1.9083,-2.7483,2
0.50434,-0.43344,2
1.3182,-0.44786,2
0.64589,0.73511,2
2.7098,-3.231,2
-3.294,-2.9886,2
-0.82895,1.4328,2
-1.2913,-3.4502,2
-0.157,-4.8712,1
-1.4176,2.1767,2
-0.31496,-2.9241,2
-2.9479,-6.4603,2
-0.53427,2.5341,2
0.72152,-3.2842,2
2.7107,2.7152,2
0.6819,1.1718,2
-3.9998,-4.3512,2
5.7032,1.2425,2
5.2935,4.5677,2
-0.81988,2.7869,2
-1.6285,0.27306,2
-2.8685,-1.9605,2
-0.64809,-1.5916,2
0.58693,2.8885,2
0.79233,-1.1833,2
-0.74648,-3.8368,2
-0.45049,-3.4103,2
-1.464,0.055487,2
-0.86858,-1.8369,2
-3.8391,0.55134,2
-2.0999,-1.5684,2
2.3696,4.6016,2
-1.2054,0.80246,2
0.9161,-0.019821,2
2.5076,-3.4695,2
-1.9855,-0.57542,2
0.58384,-1.6808,2
1.7691,0.83488,2
0.5052,-0.16672,2
-0.19908,2.7627,2
-4.0994,-1.3247,2
-2.764,-2.1655,2
1.1003,-0.19947,2
1.9284,0.916,2
-4.653,-1.9259,2
1.1097,-0.23546,2
-4.6209,-0.87405,2
0.4896,-1.472,2
2.6324,-1.1786,2
2.5886,-0.11988,2
0.8009,0.62113,2
-0.010889,-3.0225,2
-1.0212,5.4986,2
-1.9814,-0.87484,2
3.2985,-0.074264,2
3.0132,1.4439,2
3.8384,-0.91546,2
7.384,2.1171,2
3.1789,0.029656,2
2.2096,1.9105,2
-0.17874,0.41333,2
1.5563,2.2375,3
2.652,0.66164,2
1.2704,-0.7995,1
3.5345,2.3052,2
-4.6802,-3.6777,2
-0.37693,4.0512,2
-1.1741,0.95759,2
1.294,3.1668,2
3.9806,-1.2723,2
-2.6542,0.52265,2
1.7234,-1.371,2
-3.5584,-1.9007,2
-0.76992,1.9395,2
3.3582,-0.2196,3
1.7939,-0.80025,2
1.6478,-0.94692,2
1.5831,-0.64401,2
0.47233,-0.5652,2
-0.68143,1.1425,2
4.163,-0.52351,2
4.4617,-4.1482,2
0.51433,0.035335,2
-0.13884,3.2436,2
-3.4203,-1.3116,2
-2.7338,-0.5421,1
-5.0748,0.59571,2
-6.6462,-2.4884,2
1.8062,3.7357,2
2.9268,-0.8729,2
-0.824,-0.97993,2
-1.5594,1.4234,2
3.1376,0.41302,2
-0.16635,-3.9168,2
-0.41976,2.8007,1
2.6706,2.1657,2
-5.5675,1.1537,2
2.1667,3.0923,1
-1.7477,-6.3103,2
-4.8131,-2.5696,2
3.6844,-2.371,2
0.17951,1.3677,2
-0.69751,2.4476,2
5.007,3.3681,2
-1.7594,0.011374,2
4.2769,0.68043,3
3.1416,-1.4214,2
-5.3076,-1.2089,1
1.5098,1.4366,2
-2.1406,0.30188,2
1.9568,-0.13298,2
1.0321,4.7701,2
-1.2505,0.58694,2
2.6381,-1.5553,2
-0.78241,-1.0026,2
-1.9074,0.56355,2
-2.595,-1.3005,2
-0.75636,0.33072,2
-0.65793,-2.5315,2
2.9287,4.6007,2
-0.44094,-0.094131,2
1.0348,1.5009,2
3.5491,-2.6209,1
-3.5701,0.54702,2
-1.1521,-2.0016,2
-0.38896,6.5009,2
-3.8036,0.97367,2
-3.1359,2.5172,2
-3.6271,-1.2188,2
0.14489,-2.1462,2
2.7489,2.0667,2
-1.471,-1.1506,1
-1.1658,-2.0045,2
1.6399,-0.58777,2
1.7967,0.59582,2
1.0748,-1.6436,2
-2.6585,1.1255,1
-2.0458,0.63496,2
-0.35249,-3.0081,2
1.7139,0.93846,2
