4.684,3.3619,2
1.7087,2.6113,2
3.1059,-3.9494,2
-1.8096,-0.24222,2
-2.6108,3.2187,2
-1.0939,1.9732,3
4.1461,-3.2715,2
1.3951,-2.0625,1
1.3983,-0.60368,2
2.2593,0.6875,2
3.1953,1.9965,2
-3.5778,-4.943,2
-0.48484,-1.1417,1
-0.99961,-6.2412,2
-2.0891,-1.143,2
-3.0301,2.0031,2
-1.5227,-5.084,2
0.63563,-3.1363,2
-3.5217,-1.1474,1
2.5137,0.13667,2
0.95597,-3.6785,2
-0.32644,-0.03663,2
-2.7383,-0.14034,2
0.41797,1.7481,2
1.2902,0.58875,3
4.389,2.1025,2
-0.61206,-1.4954,2
1.0362,0.28908,3
-2.3863,2.9559,2
0.32525,2.8989,2
2.8324,-2.0587,2
1.5337,0.94776,2
1.2514,-1.0243,2
-0.30382,4.1075,2
-0.049415,-2.0906,3
1.0361,-3.3665,1
0.21209,0.46834,2
0.84435,-0.51673,2
1.4389,3.7753,2
-4.0854,-0.77849,2
-1.2988,-0.051402,2
2.1128,2.7758,2
0.28651,-1.3866,2
1.586,1.6204,2
-0.82037,-1.0563,3
-2.8635,0.64663,2
0.2341,-4.9255,1
0.71321,0.60224,2
1.6852,0.26286,2
1.7004,1.6549,2
0.23963,3.5862,2
4.2382,4.0132,2
-1.3806,-3.8686,2
0.63404,2.4657,2
-0.94884,1.2007,2
6.8471,2.7416,2
0.88418,2.9557,2
0.2611,-2.3285,2
-8.2709,-0.91966,2
-1.7567,-1.859,2
3.9233,4.2983,3
1.6143,0.27722,2
-3.7556,-3.4069,2
2.308,1.1344,2
-2.5772,-2.1082,2
-0.35558,-1.8992,1
4.4618,0.48255,3
-0.95988,1.6358,1
-3.6062,-4.4468,2
1.2304,-0.56955,2
1.8409,1.8102,2
0.20425,4.6704,3
2.1849,-1.0221,2
-0.50038,0.9862,3
-2.1246,-0.84976,3
-0.23521,-1.3817,2
-0.67818,-3.9089,2
2.8536,3.0355,2
-2.2197,0.8845,2
-1.2712,1.0059,2
-2.6006,-3.0351,2
-0.89496,2.1648,2
0.27747,-0.68756,2
-2.6964,2.9244,2
3.2099,2.2209,2
1.9613,3.5338,3
2.5793,0.08257,3
-4.2688,-2.7407,2
2.6376,2.5082,3
3.8812,0.6287,2
0.62474,-1.7586,2
0.90928,0.58956,2
0.59125,-0.50904,2
-1.6687,4.0057,2
1.9373,-0.94456,2
-1.1955,-1.9597,2
-0.41272,2.0251,2
-2.0116,1.1702,2
0.65448,-1.7447,2
-1.7241,-4.1806,2
-0.4371,4.4542,2
-0.39669,-5.1945,2
2.0032,-0.3057,2
-4.2635,-0.96386,1
2.9265,3.4524,2
5.2127,4.7894,2
2.8956,2.4169,3
-1.4804,-2.1576,2
-1.7491,-3.6691,2
2.0591,0.82576,3
-0.69942,-1.2688,2
-0.65047,-0.5502,2
1.9818,-0.24143,2
-2.0092,0.99604,2
-1.4953,2.8218,2
0.99012,-2.0989,2
0.93248,0.0088456,2
-0.042927,-3.6271,2
-3.6476,-4.9785,2
-1.7439,-2.3919,2
4.1327,5.0613,2
-3.8243,-1.0132,2
-2.9513,-1.0614,2
-1.0544,1.3569,2
-0.88405,4.6629,2
-0.62686,1.7062,2
-0.59676,-0.49545,2
3.8306,-2.1437,2
-1.9564,-3.5214,2
-2.5227,-0.803,2
-5.6212,-0.17266,2
-0.26106,-1.4121,2
0.99703,0.27448,2
3.8665,0.49245,3
-1.4501,-1.8333,2
0.63211,0.37634,2
1.2894,-0.55313,2
-1.1775,-2.5885,2
-4.4426,1.0117,2
-4.2977,-1.2274,2
4.1707,2.3488,2
-2.3464,-1.1947,2
1.1136,-0.09449,2
-1.8674,-0.20254,1
-1.4676,0.24614,2
-0.22605,0.77328,2
4.3292,1.1465,2
3.4695,4.4827,3
-5.2595,-4.2672,2
-0.12864,5.0895,3
2.2298,0.93492,2
0.03548,1.4338,2
2.4961,-2.146,2
1.6265,0.60175,3
0.37393,-0.1737,3
-0.89465,1.5548,2
0.74258,0.92729,2
-0.47646,0.29675,2
3.0559,3.4872,2
1.6582,-1.2827,2
0.24564,0.20985,2
1.4502,5.2005,2
1.2953,1.374,2
-3.3555,-1.5962,1
3.1404,1.4301,2
-1.1492,0.11764,2
-0.34612,-2.0933,2
0.11845,-2.8145,2
-4.7998,-2.0963,2
-4.7592,0.11902,2
-2.5183,-0.93841,2
3.2191,-2.167,2
0.2491,4.1726,2
0.17375,1.0775,2
-0.96933,1.0785,2
1.1874,5.0632,2
0.87732,-0.52707,2
-2.7662,-3.7657,2
-2.715,2.9221,2
0.66885,2.7118,3
1.423,2.0711,2
-2.3811,0.3065,2
0.69335,0.53783,1
4.0627,-0.5937,1
0.78103,-0.037981,3
-0.6427,-1.0445,2
-1.2304,2.0143,2
-2.5506,-3.3126,2
-2.6006,-0.21216,2
-0.030196,0.98092,2
0.36972,0.42147,2
2.3151,1.2055,2
-4.3884,-0.95806,1
-0.10579,0.21325,2
-1.9595,-2.4767,2
1.0548,0.2871,2
2.0265,0.84375,3
1.612,2.6784,2
-2.4982,-0.27913,2
-0.53228,-1.5519,1
-0.33159,-1.5863,2
-0.32599,3.4503,2
-1.7614,-1.8457,1
-2.5438,-1.4057,2
-2.4597,-1.1328,3
1.7779,1.0795,3
-1.688,-0.045751,2
1.5687,3.7412,2
2.1758,0.67905,3
-0.43089,2.1031,3
-2.3162,-1.6636,2
1.7501,1.4238,3
1.824,1.9769,1
1.8904,-3.4672,3
-0.012378,-1.507,2
-1.3781,2.1757,2
3.9736,0.18748,2
0.16003,1.8478,2
2.4806,0.56401,2
0.13447,-0.14855,2
0.064205,2.6881,2
-0.18843,-0.56489,1
-0.79216,2.0854,2
4.6843,0.83455,2
-0.86707,-2.4648,2
3.2148,-0.50055,2
0.43013,-0.5991,1
-0.49225,-2.6222,1
-0.77123,0.36004,2
1.3868,-3.4216,2
1.3852,0.31524,2
2.7319,0.65459,2
0.46056,-4.9737,2
-2.6857,-3.2699,2
-2.5281,-0.65976,3
2.1957,-3.5116,2
0.14156,-0.37082,2
-0.93272,2.8532,2
-1.1364,1.9392,2
3.1553,-0.84264,2
0.27164,0.10016,2
-1.0688,3.9166,2
3.3705,2.8138,2
-2.306,-1.3367,2
2.5913,0.34632,2
1.0767,3.7558,2
0.089912,3.2483,2
0.71831,-0.90608,2
1.9357,0.064857,2
-1.9988,-2.3276,2
0.14703,1.6426,2
0.34979,-1.3684,2
-0.69714,0.072137,2
1.6542,2.4707,2
3.5797,-2.4201,2
1.8625,3.8162,2
-0.6592,0.43848,2
-1.2015,-0.39326,2
-1.5609,-0.39775,2
0.017501,0.65274,3
0.57665,2.3902,3
-0.48229,-3.1165,2
-1.2815,-1.1936,2
-1.0021,-0.6027,2
2.7989,-2.2293,2
0.83602,2.0926,3
-1.7015,3.9221,2
-1.8778,2.3896,2
-1.5829,0.3141,2
-2.7441,1.5105,2
1.6247,0.67906,3
-4.8216,0.26442,2
0.18141,4.3936,2
-2.6376,-2.8083,3
-3.5962,1.933,2
-1.343,3.3057,2
-1.1705,-3.8763,1
-2.7793,-1.3945,2
-0.91933,0.68096,2
-0.92572,1.6122,2
2.0312,1.0176,2
-3.0992,-3.3645,1
-0.74058,2.6271,2
-0.70687,-3.2117,1
3.6479,-2.8358,2
1.1756,0.82758,2
3.2468,0.076563,2
0.89637,2.457,2
-1.1194,0.95298,1
2.8766,2.054,2
-1.7352,-1.7581,1
-1.1955,-1.4837,2
0.18685,0.74929,2
-1.6781,1.8229,1
2.0772,-2.1787,2
-0.62597,-0.54128,2
2.0499,1.4938,3
0.54663,3.2185,2
-1.6905,-5.5029,1
-2.4668,1.916,2
0.98282,2.9983,2
0.61999,-3.3152,1
1.6578,-0.75088,2
-0.93736,-0.51993,2
1.5,-0.91625,2
-2.0535,-3.6944,1
2.9208,0.10399,3
4.0525,4.2089,2
-1.9398,-2.9367,2
3.5388,2.2589,2
-0.28883,1.542,2
3.7391,0.57354,2
-5.0736,1.3281,2
2.5423,-2.2007,2
4.3944,2.8999,3
2.2037,-2.7489,2
-2.6202,-0.248,2
2.8328,3.4282,2
-1.8297,4.3312,2
-0.92865,-0.81411,2
-1.7005,0.35187,2
1.109,1.1133,2
1.1072,-0.88305,2
-0.11637,-3.9735,1
-1.4899,2.57,3
-1.8051,0.83213,2
-3.5559,-1.7864,2
0.93067,2.0881,3
1.8474,-2.5183,2
0.63618,-0.56502,2
-2.4691,-0.72871,2
0.90817,0.71741,3
1.7086,0.5827,2
0.0082903,5.7761,2
-1.8364,2.1224,2
-2.5229,-1.3015,2
-0.76087,4.3596,2
-1.6587,2.3587,3
-2.4109,-2.2311,2
-0.044202,-4.2089,2
1.4404,1.0986,2
1.2814,3.9596,2
4.7054,7.8414,2
-2.3157,-0.079165,2
-5.9015,-1.4307,1
1.5355,0.48825,2
4.0597,-1.1846,2
1.5044,-2.2495,2
2.2735,-0.30221,2
1.8131,3.444,3
0.49737,-2.3675,1
0.031599,2.4184,2
1.7197,-1.3327,2
0.55664,0.024745,2
1.0421,1.5661,2
1.8739,-0.3313,2
0.69287,0.2919,2
1.0907,-1.7135,2
-0.3789,0.87927,1
1.7372,-1.4837,3
0.093474,-0.30006,2
-0.86873,-0.48569,2
3.8294,3.2951,2
-0.23919,-0.29091,2
-1.5418,-4.1123,2
-2.1519,0.29019,3
1.4001,0.80469,1
2.9135,2.1414,2
-1.6866,-1.9815,2
-0.56469,2.0768,2
1.5379,0.9269,3
-0.84227,-1.2805,2
4.0353,0.35943,2
-1.8556,1.3212,2
-4.0086,-1.4819,2
-1.0934,2.0605,2
3.0493,2.349,2
-0.64778,-1.0597,2
-2.6395,3.1605,3
1.2146,-0.86101,2
-4.6677,-0.44846,2
2.9182,-0.77503,2
0.87518,-1.876,2
-2.4608,-2.0678,3
-0.72314,0.58247,1
-2.2385,0.98978,2
-2.986,0.07398,2
-0.46142,-0.81735,2
-3.0893,4.2509,2
-1.6338,-0.11087,2
6.4344,-0.43141,2
-0.41802,1.8049,2
-0.46076,-3.3006,2
-3.1694,-0.066329,2
2.2818,-3.2541,2
-2.7829,1.4889,2
-3.9483,1.8505,3
-4.2307,-2.6473,2
1.2325,-1.2255,2
-0.2158,1.5929,2
-0.13071,-5.5077,2
3.8325,3.612,2
0.025698,-1.922,1
0.84348,0.55591,2
-0.31466,1.0505,2
-1.9378,0.53773,2
-1.3665,-0.34799,2
-1.9867,-2.2789,2
0.19841,2.3847,2
2.0533,-1.0737,2
-0.077441,-5.0727,2
-0.97117,-0.23472,2
-1.3945,2.4907,2
-2.2871,4.4839,2
1.7017,-3.9886,2
0.50046,-1.603,2
-2.0235,-2.4691,2
1.7761,1.397,2
-1.6294,-0.49136,2
1.4498,-4.9146,2
4.8707,-4.241,2
-2.3829,-0.63367,2
0.18062,-2.4874,1
-2.9779,0.19626,2
-2.8401,3.115,2
0.4104,0.92398,2
2.4024,-0.86909,2
3.0511,1.2697,2
1.9593,1.9891,2
0.17877,-0.16081,2
-2.9656,-0.3921,2
0.96477,-2.2276,2
2.5686,-2.422,1
3.3624,2.4848,3
1.1822,-0.30859,2
-1.6088,-1.7068,2
0.076679,-0.60667,3
-1.8001,-0.17358,2
-1.1073,5.0767,2
-3.6804,5.0313,2
2.4663,0.91892,2
-1.3776,-1.8446,2
1.9992,2.4491,2
-4.8074,2.3649,2
3.0093,4.8615,2
-0.37434,-2.2276,2
0.90322,1.1584,1
-0.62077,-1.0125,2
0.17001,-0.35225,2
1.579,-3.9663,2
0.50173,1.7224,2
0.27712,0.66103,2
-1.103,-3.0867,2
-0.14197,0.57902,2
3.3794,1.6854,2
-1.233,0.50347,2
-0.98352,-1.2148,2
-0.66421,-0.37126,2
1.0208,-1.6827,3
-1.3857,-0.7569,2
-0.62084,0.74758,2
-1.9696,-1.3375,2
0.34556,5.0255,3
-0.62665,-1.7556,2
-1.2827,0.10061,2
-2.1292,2.4354,2
1.8958,-0.14901,2
-0.32013,3.9605,1
0.14473,-0.10409,2
1.7748,-0.65076,2
5.9384,4.7679,3
1.1078,-1.5269,3
3.3135,6.5392,2
2.0473,-2.973,2
2.6722,1.4083,2
1.9105,1.2263,2
2.2014,-2.5,3
0.24814,0.013866,3
-4.168,-2.3799,2
-1.5392,-0.86348,3
0.24252,2.0053,2
0.30198,-0.96286,3
-2.3956,-3.3525,2
0.78842,4.0932,3
0.25325,0.36777,2
-1.6973,1.0035,2
-3.5829,-3.8562,2
3.1878,3.1203,2
-1.1849,-0.9316,2
-1.4694,-0.0080991,2
-0.82348,-0.69445,2
3.1197,-0.41061,2
2.5263,4.2418,2
-6.2713,-1.3505,2
0.25824,3.4676,2
-0.72504,-1.0654,2
1.4454,2.8427,3
-2.5457,0.36504,2
-0.69069,-0.8659,2
2.493,2.5756,2
-1.2346,-0.44688,2
-0.60882,5.3987,2
1.7697,-1.454,1
2.157,0.28651,2
1.7551,0.66872,2
-0.44789,-2.0399,1
-3.2633,-5.4632,1
-4.0183,-1.6387,2
-3.7754,-2.0423,2
0.66115,3.3298,2
1.3005,0.28761,2
3.4285,2.1042,2
2.0094,0.10042,2
-2.0342,0.30231,2
-4.4223,0.45875,2
-0.050437,2.9874,2
1.7398,0.74895,2
1.73,0.29772,2
0.43214,-1.1946,2
0.67215,-2.6974,2
-1.604,1.973,2
2.4772,-1.6947,2
-0.85694,-3.742,2
0.7894,-0.4376,3
1.6391,0.38822,2
-1.1408,-2.9238,2
-3.2004,2.0537,2
-3.234,2.0882,2
3.7539,-0.5567,3
0.751,1.3199,2
2.5733,0.19011,2
-5.0776,0.1003,2
-4.5067,1.3221,2
3.5762,-0.76716,2
3.0886,0.87995,2
0.19362,0.9379,1
3.103,3.7021,2
-1.1228,1.0339,2
-1.342,-2.6647,1
-0.97667,-0.81709,2
-0.61979,-0.53059,2
-0.3192,-3.5194,2
-0.010777,6.1574,2
-1.2541,1.589,2
-3.1602,0.46231,2
1.0326,2.7628,2
-1.203,-0.34662,2
-3.0069,-3.3606,2
0.66233,1.3166,2
-2.8747,-1.7078,2
-0.53018,0.30435,2
-3.6018,1.5392,2
1.1766,-0.60307,2
0.88361,-2.2536,2
0.59448,1.1947,1
0.8083,1.7793,2
-5.3656,-1.124,2
-5.3053,-2.4263,2
3.0227,0.69872,2
0.89377,-1.1987,2
1.5225,1.7818,2
2.7331,-0.7793,2
-0.63445,-0.95257,3
-0.27208,-1.5836,2
-2.3031,3.9143,2
0.81246,2.0518,2
-1.8995,-0.49017,2
1.1894,-1.7904,2
3.7949,6.8566,2
-2.2022,2.38,2
-0.97561,0.3441,2
2.0774,-3.1711,2
-1.5223,-2.6468,1
-1.6215,-0.61504,1
4.137,-0.33337,2
-0.071207,0.87464,2
2.9385,3.0433,2
-0.58972,1.1146,1
-2.035,-1.1286,2
-2.8956,-3.3861,2
-1.7053,2.6481,2
-3.0254,2.2782,3
0.28261,0.066351,2
0.82118,-0.11137,2
0.66753,0.48183,2
2.0643,-0.84732,2
-1.2831,3.0445,2
1.9052,1.5545,2
2.8001,2.3193,2
1.931,1.4151,2
-0.57111,-1.1483,2
1.1658,-2.8903,2
-0.51864,-2.7924,2
4.8401,0.43113,2
-3.5014,-1.3283,1
-0.22576,-1.3963,2
0.50397,3.2414,2
2.0507,0.40494,2
0.85571,1.0406,3
0.654,1.3468,3
3.2967,-0.4678,3
1.7941,-2.9771,2
0.034939,1.4398,3
-0.17178,-2.6083,2
-0.30249,-0.92216,2
1.0132,5.8122,2
-0.39343,-0.34337,2
-1.5734,1.7102,2
-4.8887,-0.68837,2
-2.2382,-1.7429,2
3.0914,1.3396,2
-2.4126,-4.9141,1
3.7695,2.0554,2
1.0985,-1.8481,1
-2.9736,-2.2299,2
-0.41585,-4.0381,1
-2.1631,0.44061,2
1.4676,2.4166,2
-0.28046,0.41306,2
3.7345,-1.0463,2
0.55974,2.1079,3
-1.3541,0.52223,2
0.23714,2.0657,2
-2.9955,0.42767,2
0.66545,-1.9071,2
2.0979,3.3394,3
2.3592,-2.3511,2
1.5342,-2.6,2
3.2941,-1.2077,2
1.2078,3.7363,2
0.79523,-2.1982,2
0.065442,2.3362,2
1.0428,-4.366,1
2.5808,0.18361,2
-0.43237,3.1617,2
2.1016,0.11825,1
-0.064483,0.86724,2
0.83044,-0.067211,2
4.9189,1.417,2
2.4233,2.1087,2
-1.9354,3.2108,2
-3.8433,1.8266,2
-3.6673,-1.6577,2
1.7696,1.0507,2
-1.2165,2.9753,2
3.3252,1.6666,2
-2.2932,-4.6889,2
1.0435,2.4833,2
-0.10057,-1.624,2
1.1184,0.89779,2
2.6662,4.1763,2
1.2904,-2.5351,2
3.9054,2.9466,2
-1.1915,-2.0373,1
-0.31154,-3.6695,2
-0.47595,1.411,2
-1.859,2.6867,2
-0.49911,-0.23843,2
2.9949,1.1145,3
-2.4875,0.64651,2
0.16288,-0.042187,2
1.3935,-2.1781,1
-0.15294,-0.81074,2
-0.53421,-4.0632,3
1.8538,-2.8501,2
-1.1933,-0.31126,2
-0.47351,1.3175,2
0.37982,0.38197,2
-1.4879,1.5657,2
-3.6346,-0.61692,3
-0.33388,-2.2966,2
-3.2943,4.2008,2
2.081,-5.0145,3
6.2845,-1.6022,2
2.6727,2.4315,2
4.1692,-2.3804,2
-3.4789,1.781,2
-2.1469,-3.0698,2
0.57672,1.5381,2
4.9115,1.6223,2
0.33979,0.87178,2
-2.4256,0.44469,2
-1.2154,2.7698,3
-2.5513,-0.27011,2
-1.5086,0.24977,3
-0.43369,-2.5994,2
3.838,-4.079,2
-4.2264,-1.1387,1
-3.1477,0.5196,2
-0.57959,-2.3758,2
0.78096,0.33159,2
-1.8404,-1.185,2
0.69219,-6.6291,2
-0.27675,-2.335,2
-4.2136,-3.5437,2
-2.5422,-1.2074,2
4.65,0.73569,2
-0.29918,-1.6384,2
2.5299,-1.7107,2
-0.47219,-0.40477,2
1.2643,-1.3894,2
-0.091833,3.87,2
0.96088,-2.0293,2
0.22862,-0.1833,2
3.1485,2.6159,2
-0.2441,0.50163,3
-0.41282,0.61009,2
2.2826,-0.57384,2
1.457,0.10834,2
0.99804,1.0347,2
1.93,2.3456,2
1.4978,-2.1366,2
4.21,-0.27092,2
-2.4067,-1.5588,2
0.95161,0.5566,2
-0.21119,0.79605,1
0.50617,1.2197,3
-1.1384,-3.0579,2
-0.41372,0.02326,2
-0.55444,2.3243,2
5.2484,-1.0444,2
-0.09424,0.43228,2
-0.15015,1.4642,3
-1.9753,-1.0658,2
-2.2128,-1.5787,2
-1.8636,-1.056,1
-1.465,0.11985,2
-4.5229,-2.4311,2
0.63606,3.1824,2
-0.39484,4.1444,2
0.009122,1.4927,1
-2.6674,3.5183,3
-0.3752,-2.5878,2
2.2679,-0.87241,2
2.3266,-1.4622,2
1.3181,-2.0259,2
-2.6886,0.56051,2
0.78835,-3.7232,2
1.3384,-0.21644,2
0.62965,-1.8509,2
0.73403,0.59771,2
-2.0584,-0.61357,2
-0.9986,1.4313,2
-0.42779,0.50964,1
-0.62537,-1.571,2
0.43667,-2.4504,2
0.29701,-0.011143,2
-1.2251,-2.1481,2
-1.0237,-0.58575,2
-1.3976,1.3367,1
-0.47388,-1.2604,2
-0.35305,-0.48327,2
-1.5828,-0.060483,2
3.0344,1.708,2
3.3798,-1.8752,2
4.4181,-0.95898,2
-4.5808,-0.81801,1
2.0447,-3.2206,2
-1.6189,3.9285,2
0.74755,3.4018,2
2.2917,3.9768,2
1.1451,-0.75632,2
-2.7606,3.4033,2
-0.61266,-3.0144,2
0.89269,-3.8514,2
3.5826,3.8116,2
-3.4295,4.235,2
2.5105,1.2916,2
1.1398,3.7665,1
0.44435,-2.5446,2
0.42945,3.0594,2
-0.25898,1.9529,2
-1.5061,0.20885,2
2.3911,1.4222,3
0.76393,-0.79117,2
-3.774,-3.0128,2
-1.208,3.5128,2
1.2491,-1.7773,3
-2.4678,1.8101,2
-5.0698,-3.99,2
2.3581,1.6971,2
-1.5299,2.1653,2
-2.0657,-1.8049,2
-1.8358,-2.1928,2
-0.47776,0.11655,2
0.20255,-2.4712,2
-0.73295,0.39917,2
0.33421,1.1054,2
0.58734,2.6937,2
-0.43268,-3.1135,2
-0.077022,-1.9388,2
-1.7391,0.0056673,2
-2.8484,-0.85639,2
1.973,0.29699,2
-2.7066,0.090044,2
-0.16595,0.60846,2
-0.50591,1.0142,2
1.0104,3.4769,2
2.1635,-0.37728,3
5.1485,-1.9654,2
0.91868,0.46153,2
0.80336,-0.5005,2
2.5442,1.9246,3
-1.1928,-6.0447,2
-2.4473,0.9639,2
-3.9645,-0.89849,2
3.8459,-1.7672,2
2.693,-1.567,2
-3.489,-1.0286,2
2.4288,0.88207,2
-0.14602,0.73614,2
2.0583,-2.8474,2
1.4367,0.15386,3
5.0869,1.3108,2
-3.9693,-4.5041,2
-4.1158,-1.8048,2
0.28605,-2.8835,1
-0.86347,0.77646,3
3.9263,-0.18675,2
0.52937,-0.098181,2
0.61825,-2.7027,2
2.4919,0.48269,2
0.40486,2.3818,2
-1.3949,-1.5828,2
2.3261,2.2372,2
-4.6359,-2.9105,2
-0.0042441,0.49235,2
0.027441,3.9926,2
1.9011,-1.3668,2
2.2618,2.6108,2
-1.8365,1.9045,2
-0.055333,-0.89274,2
-6.1119,0.59878,2
2.386,0.14069,2
2.1602,2.4026,2
-1.7513,-1.4437,2
1.7954,3.8571,3
0.90645,2.6935,2
-4.5135,1.7479,2
-1.0846,-4.6725,2
0.11873,-5.8707,2
3.2466,0.9868,3
-2.3129,0.92403,2
2.9132,4.4275,2
0.20659,-3.7102,2
-1.0347,-3.5871,2
-0.37541,2.0164,2
3.5202,1.7012,2
-1.171,-2.7598,2
0.47802,-0.16343,2
-1.2995,1.6038,3
-1.0007,-0.74052,2
-0.91687,0.55213,1
1.921,0.88519,2
-2.147,0.37531,2
4.9109,1.9042,3
0.11729,-0.50397,2
-6.1988,-5.581,1
-0.97376,0.61354,2
2.5334,-5.1441,2
-2.0412,0.66726,2
4.3332,2.4165,2
0.092281,1.3666,2
-1.8928,-0.011725,2
0.84336,-0.43199,2
0.39841,1.5378,2
0.2393,-3.5111,1
-0.38875,3.13,2
0.088266,0.41089,2
-0.76356,-1.6571,2
-1.4488,1.7736,1
1.6951,3.7627,2
0.93283,-4.8403,2
-1.9656,0.31021,2
3.6718,1.7994,3
2.3355,-0.019433,2
-1.1942,0.030854,2
1.2026,0.22634,2
-1.4475,-3.4755,2
2.2211,-0.49271,2
4.5505,-0.85004,2
1.6,-1.5958,2
-0.093561,-1.5899,2
-1.7938,-0.95923,2
1.0568,1.2112,3
2.9924,-0.63189,2
0.318,-1.1111,2
-2.256,1.0204,2
-4.6892,2.5468,2
2.6337,4.2812,3
0.8396,0.76012,2
0.62181,-1.6444,2
-2.4795,-5.8588,2
-0.82741,3.7347,2
-0.32224,-0.30346,1
-0.31287,2.5397,2
1.0714,1.9895,2
1.1129,-0.33631,2
0.47567,0.32333,2
-2.6994,-3.3364,2
1.2246,1.2949,2
2.7448,-0.24551,2
-3.1267,-1.1957,1
-4.0172,-0.5504,2
2.4439,-2.1308,2
1.8549,2.824,2
-0.47553,-0.15971,2
-1.9877,-0.66155,2
0.80797,-1.4118,2
-0.37694,-0.12591,2
1.3274,0.44347,2
-0.11679,2.9718,2
0.16176,-1.6727,1
-3.0302,-0.11633,2
-2.9406,-2.1771,3
0.87182,-2.6942,2
0.62332,-1.6771,2
-7.4453,-0.09299,1
-0.54884,3.3078,2
-1.0403,-4.4739,1
0.054228,-2.5677,1
-0.3635,0.58555,2
2.5427,1.0922,2
0.86383,-1.68,2
0.73543,-0.14958,1
1.2285,2.9097,3
-2.1942,0.8962,2
2.0102,1.2747,2
5.6233,-1.1892,2
-0.52909,-5.168,1
0.44286,0.017795,1
1.6011,-0.042018,2
-1.6576,1.9377,3
3.1349,-0.56371,2
2.6894,2.1989,2
2.2686,0.22294,3
0.42603,1.2797,2
0.98083,1.9636,3
-1.7455,-0.92192,2
1.1731,0.033768,2
1.569,1.4839,3
1.5231,-2.7329,2
0.90597,1.4459,2
0.17952,-0.60959,2
3.7482,-0.26163,3
-0.86874,-2.5006,2
1.9422,1.4962,2
-3.1979,-5.2331,2
-3.7284,-1.884,2
-3.6109,-0.1228,2
-2.2945,-0.58679,1
0.5938,-2.1816,2
1.4924,6.2509,2
3.6283,1.4373,2
-0.67854,0.74081,2
2.7094,-1.4564,2
-2.5868,-0.99428,2
4.9695,5.4572,2
-2.1159,0.76103,1
0.15293,0.19503,2
0.99277,-2.2824,2
0.1493,2.1756,2
-0.81032,2.8766,2
0.36448,-0.5041,2
2.6043,5.8032,2
0.48529,-0.10117,2
-1.5506,-9.1674,2
-2.5743,1.4442,2
-1.7859,0.642,2
-0.22164,-2.5077,2
-0.48443,1.8063,2
-2.4878,1.6136,2
0.043258,-1.4977,2
3.2176,-0.025793,2
6.2394,2.2505,2
1.4308,-2.0913,2
1.4398,1.48,3
-1.3192,-1.9485,2
-4.877,-2.1945,1
3.6635,0.032673,2
-0.87531,-0.991,2
2.2816,-3.1818,2
-2.3712,-2.0728,2
-0.51608,-2.6639,2
-0.13549,1.8022,2
-2.1095,-2.7795,2
-2.7029,-2.0195,2
-4.0951,-2.0586,2
-1.6608,0.86229,2
1.3747,-1.6972,2
2.036,1.4151,2
-1.0936,-2.6315,2
2.1919,0.31378,2
2.2277,-1.8293,2
-0.55423,-1.4787,2
-0.83738,-2.8903,2
3.3944,0.11286,3
-0.16004,0.20407,2
-1.7417,2.0101,2
-3.8296,-0.73674,1
0.67803,1.8066,2
-4.1002,3.856,3
0.64615,4.2908,1
-4.5919,-0.55349,1
-4.6402,-0.91629,2
1.2056,2.2844,2
-2.4456,-1.3062,1
-0.014849,1.6056,2
0.69753,-1.9066,1
-0.40004,-0.63662,2
0.96988,-2.0819,2
3.5784,1.4461,2
-1.132,-0.45337,2
0.7736,-0.89319,2
3.4119,1.3462,2
-2.6724,2.5823,2
-1.7091,-0.57929,2
-1.2465,-4.2314,2
3.2879,0.78864,2
-0.82577,-2.0521,2
-1.3033,-2.3706,1
2.0719,2.6065,2
-3.3688,-1.9399,2
-0.89539,-1.9121,3
-0.17821,2.106,2
-2.2108,-4.3568,3
-3.3013,-2.7081,1
-1.9547,-3.7817,2
0.45224,2.6853,2
-2.6707,-0.98683,2
0.076572,-0.67582,2
-0.057667,1.5403,2
-1.5052,-0.21603,2
-0.40377,1.4105,2
3.618,1.9628,2
3.6243,0.15248,3
-3.8283,-3.1412,2
0.47095,1.0752,2
-0.94593,-2.5044,2
-2.4507,4.3741,2
-4.5579,1.7642,2
-0.17137,-0.69092,2
1.6308,-0.70515,2
-0.98519,2.8685,2
-0.73087,-0.12294,2
-1.3988,4.8424,2
2.2878,-0.77212,2
-0.49344,-1.462,2
2.2685,1.9025,2
-0.54063,-3.352,2
2.1243,6.0559,3
-1.2102,-3.8942,1
-3.8182,0.36386,2
-1.7743,1.467,2
0.17481,0.62986,2
-1.4938,0.48312,2
0.82061,-0.012025,2
0.86583,-0.80627,2
0.10861,-0.61985,2
-3.525,-1.1254,1
2.9527,-2.0703,2
-1.4093,-0.19479,2
-2.8289,-1.827,2
1.7583,3.1196,2
2.7598,2.0091,2
0.02918,-2.725,2
-0.42769,-1.5191,2
0.99335,-3.7844,2
-3.1111,-0.67489,2
3.7292,4.682,3
1.7988,1.5709,2
-1.7379,1.3506,1
-1.352,-0.39324,2
2.42,1.1114,1
-2.4432,0.85418,2
-0.49375,0.99718,2
3.0109,-3.2435,2
-0.58689,-0.52858,2
0.28943,-1.5187,2
-0.91455,-6.6742,2
1.1548,-2.3753,2
1.0909,1.4415,2
1.3571,2.2899,2
0.28626,2.317,2
0.34988,3.4881,2
-0.45846,0.6034,3
-2.5116,1.9978,2
2.6605,2.2491,2
-0.23475,-2.6152,2
-0.08703,-4.339,1
2.6755,-1.0184,1
1.0555,0.69659,2
4.5717,-0.58465,2
3.5032,-0.47058,2
-2.0324,0.69281,2
0.06708,-1.677,2
-1.5761,-5.3509,2
-1.6436,1.1538,2
-0.97679,-1.5349,2
5.7594,3.2024,3
3.5789,3.4293,2
-2.5069,1.8891,2
-0.14559,2.5649,2
-2.1513,2.4236,3
-0.68813,1.7582,3
-1.9061,-1.6697,2
1.3895,0.17498,2
-1.3983,-0.99436,2
-0.77129,-3.1018,1
-1.499,0.24429,2
-1.1927,2.2914,1
1.1797,3.1565,2
0.20498,-0.15305,2
-0.41918,1.3887,2
-2.3184,6.0975,2
0.12106,1.3324,2
-3.0685,-1.7998,2
2.0462,0.76564,2
1.0448,3.4506,2
0.37411,-1.7204,2
2.836,6.048,2
-0.1828,3.364,2
0.077537,-0.065067,1
1.473,-3.3571,2
-1.2105,-0.51709,2
-0.16255,0.91081,2
-0.67712,0.22148,2
0.818,1.4421,2
-4.9272,0.8183,2
1.4417,4.0685,2
1.6435,1.9528,2
0.9982,3.1536,2
-2.4169,-1.4694,2
2.3519,-3.4609,2
-1.292,3.3506,2
-1.6557,1.8931,2
-3.4072,1.4445,2
0.46762,-2.376,2
2.0189,0.4262,2
2.4354,0.56915,2
-0.09138,-1.2806,2
-0.040423,-3.1869,2
-0.72472,-3.3832,2
-2.7269,2.7548,2
-0.61168,-0.97537,2
-1.4772,-1.7402,2
0.4715,-3.7972,2
0.29244,0.02383,2
0.77514,2.8189,2
-1.4993,-0.25522,2
1.8655,0.050746,3
-3.0562,-3.9413,2
4.0546,4.9564,2
-2.2065,-0.26465,1
-1.4916,-0.76168,1
0.28741,-0.95945,2
1.174,-1.4983,2
2.1946,-1.539,3
-1.1185,1.3372,2
3.3357,-0.35502,2
-2.8715,-1.4326,2
-1.5775,2.2781,2
1.2729,0.98775,2
1.58,-0.14626,2
1.3273,-0.48692,2
3.981,0.78234,3
-1.8736,1.6093,3
-2.8911,-3.0632,2
0.53902,-0.64179,2
1.5681,1.1256,2
-2.6939,-3.7896,2
-1.0597,4.8033,2
0.25722,2.1558,3
1.4729,6.1166,2
0.85037,0.80132,2
-2.4821,-2.0925,2
-1.8887,-1.3458,2
3.1166,2.1409,2
-0.55485,-0.72734,2
0.55043,0.23079,2
-5.2534,-2.0102,2
3.7132,2.2187,3
0.43225,2.1704,2
0.46887,-4.7929,1
-1.0149,-1.9284,2
-0.21536,1.2648,2
-1.0766,-2.2394,1
-1.3739,-3.7341,2
0.69636,1.3888,2
-2.7662,-3.1229,2
-1.4047,-0.99025,2
-2.3239,1.8606,2
0.44336,0.50534,3
3.3216,-0.92402,2
-0.14991,1.2732,2
5.8748,2.9644,3
1.1311,1.9692,2
2.4331,2.7064,2
4.2427,1.547,2
-0.059546,1.6654,2
-3.9679,-0.053242,2
-0.36082,1.3719,2
-0.15025,4.0145,2
-1.806,-1.0495,2
0.62202,2.3657,2
-0.25756,-1.6103,2
-2.8117,2.1973,2
-5.0793,-3.8389,2
-0.09877,-0.76275,2
3.0047,1.7091,3
3.9244,-2.9368,2
-8.4806,-2.4492,1
-0.84359,0.67052,2
-2.8448,-4.7425,2
-2.9327,-1.3624,1
0.15613,4.8749,3
4.039,-0.071537,2
5.9086,0.19769,2
2.7732,-0.76579,1
3.2752,-3.9959,1
1.5931,-0.21107,3
-0.046048,-2.1142,2
-1.3837,1.001,3
1.2596,2.8051,2
0.69494,0.77686,2
-2.1422,2.4049,2
-1.4816,-4.7247,1
-3.3873,3.0846,2
4.1508,3.0135,2
-2.9849,-3.2244,2
-3.2856,0.20387,2
-1.9577,0.33147,2
-2.5377,0.4896,2
-2.3804,0.49725,2
-2.8493,-2.1892,2
2.7935,1.5832,2
2.6657,-0.2838,2
2.0173,3.5424,2
1.8797,2.0783,2
2.0259,4.6419,2
6.8515,-0.064274,2
-1.1102,-1.2513,2
1.3799,-0.37978,2
5.8818,3.2802,3
-1.0574,-1.0679,2
-4.3748,-3.1287,2
-2.7258,-0.24094,2
0.093336,-3.379,2
-0.70722,-0.93998,2
1.4941,-1.3052,2
1.939,0.75689,2
0.44185,-3.0736,2
-0.046492,-3.0899,2
3.4186,-1.7426,2
-0.78411,1.9254,2
-3.4603,2.9302,2
-1.3469,0.71103,2
-2.3643,-3.1179,2
2.3424,-0.050414,2
1.0643,2.0595,2
-0.32314,-4.7313,2
-1.0139,1.3843,2
0.14021,1.4762,2
-0.306,-2.8536,2
0.93159,-3.0949,2
0.26255,0.62112,1
-1.1811,-0.051777,1
3.7397,0.15446,3
1.0995,-2.7987,3
-2.9995,1.4076,1
2.3784,4.4626,2
-0.36736,0.78307,2
1.5788,2.9402,2
-0.36502,2.026,1
-0.86656,0.54501,2
0.24764,0.05569,3
-3.8575,-0.37707,1
-1.7738,0.22797,2
1.5642,0.39496,2
3.2769,3.3886,2
-2.5224,-0.36795,2
-1.652,-0.73845,2
0.38311,-0.82152,2
3.7467,4.7328,3
3.1114,0.63417,2
-1.3838,-0.81304,2
-1.7215,1.1106,2
2.6985,2.6951,2
-1.1838,-0.30994,2
-0.41203,-0.22675,2
0.56102,-3.2201,2
1.6043,-0.37784,2
-2.2074,-3.5591,2
-1.863,1.6155,2
-1.6851,-0.18716,3
5.2842,-0.2721,2
-1.4841,1.3312,2
-1.5313,-0.94259,2
-0.63219,-0.65541,3
2.2291,-1.2446,2
-2.0737,0.93196,2
-0.93526,0.85965,2
-0.94471,-2.3557,3
-2.0566,-1.4847,2
1.5905,2.5068,2
-2.111,-3.7113,1
1.2934,-2.1122,2
2.2681,0.087869,2
2.7306,-0.44078,2
2.2593,0.84508,3
-2.4542,1.1879,2
1.5413,-1.1939,2
-4.5715,-0.57399,2
2.8032,-0.20756,2
0.40615,-1.5599,2
-2.6217,-1.0988,1
2.111,0.55933,2
-1.1083,1.726,2
0.68263,0.46741,3
-0.54986,0.51428,2
-5.0305,0.74654,2
-1.1254,0.31889,2
-3.3857,-2.7429,2
3.0297,3.6579,2
-0.011501,3.1,2
-0.52412,-2.4074,2
0.26785,-4.1177,2
-5.2297,-1.5909,2
-0.34717,3.3662,1
0.064813,-3.2784,2
1.1632,-0.35842,1
-1.8901,4.7609,2
-1.2974,-2.1507,1
-3.1522,0.29631,2
1.973,2.938,2
-0.74973,0.64129,2
0.51868,-0.37325,2
-3.0052,3.5592,2
-3.4612,0.3103,2
-1.9401,3.0796,2
0.48326,4.0961,2
1.5564,3.7367,2
2.9862,1.9797,2
0.81142,-1.401,3
-4.4568,0.16153,2
3.6955,3.374,2
-3.5963,2.0432,2
0.25867,-4.8787,2
-5.4394,-5.3582,2
-3.9522,-1.0783,2
1.7447,0.28768,2
-1.3003,-0.71641,2
3.1689,6.0708,3
-3.3258,-0.70973,2
-1.0422,0.92085,1
1.9107,3.1239,1
-3.3458,-1.2062,2
0.9978,0.67104,2
1.8715,2.5544,2
1.9239,-1.688,2
0.01772,-2.7713,2
-5.7754,-0.94414,2
1.193,4.1317,2
-0.18143,3.4682,2
1.8517,-4.3599,2
-0.40873,1.0702,2
1.8959,1.7181,2
-1.1243,-0.38514,1
-0.39754,1.9355,2
0.22035,0.1845,2
-0.054977,-0.35259,2
-0.05262,2.3637,2
-0.85207,0.15042,2
0.85747,2.7836,2
0.2153,1.123,3
0.49277,2.7401,1
-1.8878,4.6127,2
1.0345,0.35705,2
-3.4919,-0.26223,2
0.67202,-2.7898,2
-0.096041,3.9072,2
0.9263,-4.9617,2
1.6742,-1.5548,2
1.5856,-0.60724,2
0.96605,0.16587,2
0.9798,0.10725,2
-0.6221,-0.71825,2
-1.1182,-0.64986,2
-1.2327,-0.31561,1
0.87245,-0.43633,2
-0.62721,-2.259,2
5.454,-1.4682,2
5.618,-1.881,2
-2.4334,-3.3307,2
-1.9558,1.7205,2
3.7277,-0.64203,1
-2.7451,-4.508,2
3.9825,-2.1972,2
-2.3641,0.29614,2
1.4696,-0.58144,1
-1.5846,1.7682,1
-3.4226,-3.6932,2
-2.6735,-1.1208,2
0.55787,1.5273,1
1.8394,-1.9808,2
-2.96,-2.0994,2
0.67477,0.45532,2
0.57847,-0.26426,1
1.9498,-2.2878,2
-4.4345,-1.5379,1
-1.6144,-2.3553,2
3.0011,-0.93804,2
-2.5337,0.50683,1
2.1972,-0.81635,2
1.8858,3.1286,2
4.0488,1.3759,3
2.8671,0.17266,3
-0.98404,-0.036617,2
2.8663,1.2437,2
1.1117,1.6843,2
-3.3591,-1.4459,2
2.5866,3.1643,2
-4.0611,-1.1962,2
-0.6959,1.7846,2
-0.93404,1.7604,3
-0.37168,2.4676,2
4.5707,-3.7045,2
0.78308,-0.35207,1
1.4251,3.5801,2
-0.93033,-0.94602,2
2.0312,0.83741,2
3.3266,-0.60167,2
1.0996,-3.0324,2
0.2343,-2.316,2
0.51617,0.64049,2
2.3763,0.081773,2
0.31865,3.9422,2
1.2968,0.58277,2
-4.3048,-1.6915,2
3.1196,3.1758,2
0.8624,-0.089791,2
2.4036,-4.0429,2
3.2214,3.9797,3
3.3227,0.4418,1
-0.87763,-3.6199,2
0.36779,2.4792,2
2.4721,-0.44029,2
2.1394,-0.59839,1
-0.32304,0.041066,2
-2.6423,4.2733,2
-1.5116,-3.3912,2
1.6783,-1.1414,1
1.8727,1.35,3
0.6061,-0.97153,2
0.035591,0.26053,2
0.22847,1.2126,2
3.9098,0.71783,2
-1.794,-3.3314,2
3.8536,-1.7443,2
1.3805,-3.2038,2
2.0592,1.6275,3
-0.83254,0.53501,2
2.7351,1.8359,2
0.2917,-0.37568,2
-3.5864,-4.2756,1
-2.5506,1.1056,2
1.8845,2.1451,2
0.8897,3.0683,2
-0.20757,-1.124,2
3.833,1.407,2
0.39681,-1.2419,2
-1.7652,-3.1891,2
0.2872,-2.9508,2
-1.1885,-1.2582,2
1.4608,-2.1806,2
1.5953,2.976,3
-2.4117,0.27338,2
1.8243,4.1657,2
-0.14362,0.56191,2
0.84562,1.2859,2
0.23494,-0.83402,2
-2.1144,0.16103,2
0.10492,4.2625,2
0.67116,0.81244,2
0.21542,-1.7652,2
1.1816,5.1664,2
5.2283,-3.6978,3
1.5137,-0.89104,2
-2.7369,-1.3437,2
-3.4295,0.4724,1
-2.0469,0.52103,2
-1.6104,2.6095,2
4.5371,0.13963,2
0.24131,0.91473,2
3.7922,1.1665,3
-2.5975,-1.4077,2
1.8402,-0.46773,2
-0.38961,0.21344,2
2.8502,-1.312,2
3.533,1.2137,1
-0.96989,0.86711,2
-1.0131,-1.3938,3
0.97624,2.2623,2
-2.3884,3.1791,2
-0.11209,-1.4119,2
-3.9708,-0.095689,2
-2.9342,2.2477,2
-2.9468,2.533,2
1.6873,-3.3343,2
3.1846,0.73707,3
0.33817,0.04274,2
-0.15812,0.45646,2
-0.34458,-3.6599,2
-0.73081,-0.18539,2
-0.81061,-4.0219,2
1.3137,3.4083,2
-3.9908,-2.7608,1
-2.9049,-0.91069,3
2.0368,0.16554,2
2.5035,3.6162,3
-2.3333,0.253,2
2.8676,-1.5669,2
0.17775,-1.7733,2
-1.874,1.4702,2
2.8184,1.618,2
2.8004,0.13257,2
0.3584,3.6289,1
1.7328,0.47483,2
1.5393,-0.15061,2
-1.9867,3.1989,2
-0.24334,-4.0361,2
0.55925,-1.4964,2
-1.6349,-3.4563,2
-4.3317,0.99312,1
-0.54133,1.8366,3
-2.4913,-3.0761,2
2.1551,2.1521,2
3.4542,-4.0468,2
-1.9946,-4.0988,1
0.48138,-2.3019,2
-2.8126,-3.1906,2
-0.48653,3.0767,3
-0.7181,-1.4769,2
0.96602,1.6137,2
2.3975,0.91431,2
1.5487,3.0181,3
0.58731,-0.57382,2
-2.3781,1.7576,1
-1.6945,-4.7202,1
4.1864,0.20237,2
0.41733,3.1553,2
-4.4448,-1.8193,2
-3.2393,1.3266,2
-2.457,1.6433,3
-1.8594,-0.8014,1
0.3577,-0.79345,1
-0.26956,4.3615,3
-0.99423,-0.46372,2
0.35494,-1.3239,2
-0.55607,1.8817,2
-2.4085,-4.7663,1
1.805,-0.72751,2
-1.276,-1.6096,2
4.13,0.26929,2
1.8023,3.1529,2
-2.3343,-0.42747,2
1.2445,0.47254,2
-0.80849,-0.14619,2
1.2856,-0.40687,2
-1.0419,-2.6823,2
1.4598,-2.5467,2
4.156,-1.0998,2
-3.2689,-1.0638,2
0.43544,-2.7321,1
-2.6425,0.036579,2
0.66695,-2.1248,2
-3.9987,-3.2647,1
-0.43651,2.5784,3
0.75712,3.8058,2
-0.50361,-1.8946,1
-1.3149,0.26146,2
2.5471,2.7957,2
0.22761,-2.0263,1
1.0227,2.1374,2
-4.3179,2.6836,1
-2.4442,2.4577,2
1.4256,-3.3325,2
0.46921,-0.64673,2
1.3883,1.6273,2
-1.2434,1.1809,2
-7.0352,-0.89924,2
-0.90878,-2.2761,2
-2.5265,-0.25371,2
1.4699,-0.015789,2
-0.45578,-0.42996,2
0.7588,-0.82502,2
0.22814,-2.1109,2
0.86254,-0.70718,2
3.2886,4.4249,3
1.379,0.25432,2
0.25827,-1.5751,2
-2.296,1.492,1
0.69525,-1.3171,2
0.41711,0.096052,2
-0.61438,-0.98815,2
-3.3316,-2.5051,2
1.1011,4.3674,3
-0.55419,0.61337,2
1.4589,-2.9756,1
-3.8763,-0.75332,2
1.1159,2.6103,2
-0.97052,0.21317,2
-0.8849,0.15974,2
1.7076,1.4783,2
-3.161,-4.1893,2
1.9285,-2.1205,2
-2.8208,0.16261,2
-5.2236,-3.9535,2
2.0942,-0.26215,2
1.4685,-1.4604,2
0.4072,2.4295,3
2.2588,3.2574,2
-0.90399,-1.0992,1
-3.7031,-2.764,2
-0.50925,-0.70635,2
4.9015,1.7977,3
2.3601,0.99541,2
-3.4714,0.35892,2
-3.6404,-1.0473,2
-0.30988,0.47034,2
-0.13165,5.737,2
-1.4463,3.5192,2
3.6972,1.8742,3
-0.38419,1.0279,2
-0.88455,1.536,2
-5.4629,-1.833,2
2.1595,0.89492,2
-3.0122,-0.053095,2
4.4206,-3.1661,2
5.1683,3.4227,3
3.7088,-0.74743,2
-2.798,-1.9537,2
-2.5994,-0.4604,2
0.076016,-0.80971,1
3.9754,3.9744,2
1.0978,-2.364,2
-4.1589,-1.6548,1
2.3016,2.3763,2
-2.7858,-4.7545,2
-3.5625,4.748,2
-1.7159,0.71657,2
-1.4264,1.0245,2
2.6309,3.7796,2
3.3883,3.0787,2
-2.1678,-4.5147,2
3.2348,3.5718,2
7.2803,5.0662,2
1.1572,-1.7773,2
1.742,1.7806,3
2.8016,3.6058,2
0.5445,-0.24459,2
3.2476,-1.7534,2
-0.16803,4.295,2
-2.2338,0.20335,2
1.1402,2.5719,2
-5.2892,-1.8734,2
1.8441,-1.1099,2
1.162,3.0089,2
-2.6884,-0.50751,2
0.53992,4.3658,2
-1.1302,-0.48258,3
1.6779,2.374,1
-1.2097,-8.2663,2
-2.1972,-1.0731,2
2.4841,6.6094,2
1.3957,3.6391,2
4.7026,3.554,3
1.2218,-2.8807,2
-0.4172,-2.3023,2
2.7935,-2.8595,2
0.019644,2.3025,2
0.84593,-1.5872,2
-0.71718,-1.3088,2
-5.5991,-4.9696,2
0.77097,1.0086,2
-1.9903,-3.4314,2
-0.72063,-2.527,1
0.55223,-0.25316,2
1.9152,-2.7302,2
-0.51726,-1.369,2
-1.7317,-0.22922,1
1.0872,0.66453,3
-1.7599,1.0668,2
-2.2908,2.2582,2
-1.4033,-1.6364,1
2.2936,-2.4203,2
0.2149,2.9934,2
1.4983,-1.0041,2
1.3848,-0.85606,2
1.4261,-2.5992,2
3.0882,1.217,2
2.7733,1.5296,2
-2.6591,0.88517,1
-0.98155,1.8902,3
-3.1184,0.86973,2
-0.83351,-0.87196,2
0.094272,-1.0753,2
-2.523,-2.0705,1
-2.2998,-1.3758,1
1.0594,3.1549,2
1.2804,6.9522,2
3.2163,0.22588,1
-1.7402,0.42995,2
-1.8487,-0.5844,2
0.76888,2.8146,1
-0.88605,0.68593,1
0.73114,0.62891,1
-0.80089,-5.2728,2
2.4661,2.929,3
-1.1307,1.8895,2
-0.12799,-1.3117,2
-3.2945,-1.7127,2
1.9251,0.34937,3
2.7224,4.2148,2
0.89052,-4.5609,2
-2.4861,0.89973,2
1.4698,0.43495,2
-1.7983,-6.7851,2
-3.7741,-1.3868,2
0.48756,1.7024,2
-1.3181,-0.32216,1
4.8642,4.9762,2
3.4605,1.8253,3
-1.0142,-4.3691,2
-1.7945,-1.7813,2
-0.324,0.36339,2
1.1834,-0.13545,3
2.9445,-0.67914,2
1.6278,-0.27035,2
-0.98594,0.47707,2
0.024063,3.5957,2
0.24513,-0.78936,2
-0.74193,-1.6138,2
-3.8541,-0.94333,2
-0.78275,0.56852,3
-0.81775,-1.3016,3
-1.4689,-1.3241,2
-6.3235,-0.049076,2
-3.605,-1.3257,2
4.4436,-1.2656,2
2.638,1.1815,3
-3.3366,-3.6309,2
4.5663,3.2283,3
-2.7159,-0.33999,2
0.55529,-1.7479,2
0.52769,-2.2125,2
-2.9151,-0.18242,2
-1.4453,4.4717,2
-1.5918,-3.4618,2
1.7396,1.1477,2
0.47963,-1.4372,2
4.0991,0.27093,2
-1.8383,-2.47,2
-0.039484,-2.5858,1
-0.089025,-0.82868,2
-1.8439,-1.554,2
-1.3229,3.5929,2
0.47317,-1.0367,2
-2.3246,-0.82229,2
-2.1147,4.4195,2
2.3743,-0.31367,2
0.044822,-0.84153,2
-2.7573,-0.36109,2
1.7493,-1.5689,2
0.58019,-2.0194,2
-0.28609,-2.793,2
-2.6874,-0.24027,2
-1.6238,-1.3352,2
0.38678,1.0857,3
-0.5909,4.9773,3
0.81724,0.21516,2
1.4363,0.39718,1
-1.663,0.37268,2
-0.063495,-1.5686,2
-3.8919,-0.35156,2
0.55257,-0.072227,1
-1.6343,-2.899,2
2.2721,-1.6403,2
-5.7612,-4.5416,2
2.7312,0.1089,2
1.7305,2.8341,2
-0.93987,-0.79318,2
3.8449,-0.66109,2
1.9434,0.8669,2
4.0424,-1.3325,2
1.0858,-5.0628,2
-0.46797,-0.39022,2
-0.85986,3.7342,2
1.2369,2.0382,2
1.3588,-2.4648,1
0.2187,-2.7456,2
1.1737,3.0391,2
0.70252,-0.77423,3
-4.7435,0.06051,2
-3.6692,2.5513,2
4.5086,-4.2343,2
-3.2372,-0.083343,2
2.1909,-1.2191,2
-1.0877,0.53553,2
-0.022991,1.6436,2
-0.8868,3.4564,2
-0.61211,-0.45684,2
-4.7727,1.1947,2
4.4735,3.6795,2
-1.0232,0.85322,2
-1.3381,-2.6709,1
1.9805,0.6645,2
0.19651,0.3137,2
0.19238,1.801,2
-0.21258,1.7643,2
1.9939,-3.6712,1
-1.752,0.91871,2
-1.2114,-2.8453,2
3.512,1.4242,2
-0.37772,-3.7793,2
1.178,3.107,2
3.9332,-0.54646,2
1.6934,-0.59691,2
0.84127,0.10262,3
-2.6157,1.5081,2
-0.80484,-1.1681,3
-2.5077,2.4429,2
-1.5602,0.50172,1
1.7207,-1.0116,2
-2.9173,-3.2574,2
1.3369,-1.0152,2
-3.2465,2.1029,2
-0.94192,1.1334,2
0.42703,-0.16634,2
0.67291,-0.1612,2
1.6076,-0.97153,2
-2.9381,1.401,2
3.3223,0.34796,2
4.438,0.74138,2
-4.6647,-1.7561,2
1.1958,5.5156,2
-1.4501,2.1394,2
1.9577,1.0606,2
-0.87022,5.1382,2
-2.3664,-5.6909,2
-4.8475,0.006635,2
-0.99075,-1.4585,2
0.94123,-0.1167,2
-2.3146,-2.9071,1
-0.97087,-1.5204,2
-1.479,-1.8533,2
-1.9338,1.3239,2
-2.0576,-3.6334,2
-4.1061,-1.3518,2
2.5904,2.2373,3
-1.1212,1.505,2
-2.3912,-2.8973,3
-0.058446,-0.67694,2
-0.91558,-2.2466,2
-1.1382,1.7334,2
-2.9159,-0.9405,2
-4.9364,-2.2771,2
-0.63911,-0.61347,1
0.62321,0.48276,3
1.0618,-0.83761,1
1.9901,-1.5281,2
-1.551,-1.9655,1
-2.1393,0.44789,2
-3.493,-0.63158,2
-1.8819,0.79895,2
0.42983,0.042737,1
-2.9718,-1.2863,3
-2.2208,2.5018,2
-0.63178,-0.14649,2
0.72339,-4.3687,2
0.50519,1.6579,2
3.35,-2.3213,2
2.9546,-0.34836,2
1.7594,2.1758,2
0.42177,-3.3739,2
-1.9305,-2.3932,1
-2.41,1.5465,2
-0.655,0.94459,2
-0.44139,0.054933,2
-0.43769,-0.24576,2
-0.72142,-0.18312,2
5.7324,-0.72076,3
-2.149,-0.59476,2
-2.3124,-3.4762,2
0.4447,-2.0081,1
1.7595,-0.0067845,2
-1.8124,-1.7712,2
2.5109,5.8056,2
-4.39,1.0228,2
0.82685,-1.455,2
-2.3114,-4.2069,2
1.0897,-1.8215,2
-3.4749,-2.6526,2
-1.2899,-1.1103,2
1.329,-3.4742,2
3.4932,0.48704,3
0.45553,0.56678,2
1.5961,-2.4065,2
-1.9805,0.41026,2
-0.65485,4.3176,2
3.0955,3.6681,3
-2.0004,-3.5512,2
0.71011,0.45783,2
-0.049143,2.6922,2
1.6562,-1.0137,2
2.4099,1.0646,2
-2.5217,-5.9729,2
3.0599,2.166,2
0.045478,2.3977,2
1.5882,0.39829,1
-2.7077,1.516,1
-2.5067,-1.7626,2
-2.4825,-2.8382,1
4.0287,2.3611,2
-2.6238,-0.58125,2
0.26074,0.25538,1
-0.43408,-2.949,2
-3.0323,-1.242,2
2.9027,4.4312,2
1.1371,2.3302,2
2.928,-0.19007,1
0.96597,0.794,2
-2.8488,-2.1315,1
0.078767,2.059,2
2.8294,3.9501,3
-2.8,-1.6862,2
-1.3938,-0.14159,2
1.4215,2.147,2
-4.7303,0.81647,2
6.4041,-0.0879,3
-1.5559,2.1108,2
-4.0308,-1.8431,2
-0.47544,0.74303,2
0.68649,1.7446,2
3.4999,-3.0052,2
0.74522,-0.57649,2
-1.8512,0.28031,2
-2.2019,0.58957,3
-3.3465,-1.84,2
-3.0787,-4.3685,2
0.40552,2.5973,2
-0.25159,4.0756,3
0.56336,0.83514,2
1.5076,-0.34775,2
4.9845,3.0943,2
-1.9633,0.27018,2
-0.1517,-1.001,2
-1.5773,-1.1356,2
0.65307,5.1486,2
3.6514,5.6256,3
-1.6692,-1.85,1
0.29735,-0.31444,3
5.2337,2.7962,3
3.1256,4.1408,3
0.26921,2.6968,2
-1.6993,-2.4143,2
-0.614,-1.8501,2
2.4602,2.1659,2
-2.9915,-0.55873,2
-0.90954,-0.21508,2
1.3111,-0.20064,2
2.1859,2.9216,2
-1.4041,-3.7852,2
-0.023833,-0.64752,3
0.17954,-1.4342,2
-4.2179,0.39872,1
-0.0558,0.20389,2
2.065,-1.0153,3
-2.0224,3.9821,2
1.3928,3.1048,2
4.3344,2.8529,3
-1.419,-0.34384,2
-4.365,-1.2547,2
-1.4654,-1.7201,2
-1.9779,-0.42514,2
-2.0804,-0.89657,2
-0.67298,-4.145,1
1.0362,2.7246,2
-1.553,1.5361,2
0.59074,0.72699,2
2.619,-2.1932,2
-3.5644,-0.99563,1
-1.6111,-1.3644,2
-0.63626,1.6072,2
-1.341,-1.5308,2
-1.9115,-0.021809,1
0.75983,6.2263,3
1.8527,4.6817,3
0.53436,-1.0012,2
0.65303,3.7332,2
2.8702,0.331,2
-1.5712,-2.4399,1
3.1722,0.96116,2
5.6995,-1.8846,3
-1.5059,-3.1306,2
-1.4097,1.0143,2
5.2423,6.8836,3
2.6339,1.5286,2
2.0696,2.7623,2
0.32671,-3.279,2
-0.46851,3.8919,2
2.1496,0.44748,2
1.7703,3.6337,2
0.42069,0.22361,2
-1.8364,1.2242,2
2.4532,0.39074,2
0.32664,0.87303,2
-2.1633,-0.76423,2
-0.095119,-1.6802,2
1.6376,1.9028,2
-1.2204,-2.3988,2
-1.4116,-3.0746,2
0.14465,1.5153,2
-0.83594,-0.017508,2
2.8705,3.9958,3
2.2185,1.5401,2
-4.7805,-1.0618,3
-0.037914,2.6738,2
0.27227,0.35979,2
2.4067,1.2938,2
3.289,3.5808,2
-1.6905,-1.9512,2
1.2255,-0.10985,2
2.0473,2.2408,2
-1.466,-2.9352,2
0.21872,1.0036,2
-0.53344,3.7864,2
1.4546,0.68044,2
-0.52931,0.080706,2
0.96031,-0.3696,1
0.98168,-0.68832,2
-0.18121,1.2264,1
-0.553,8.2229,2
1.3485,2.2649,2
0.7118,-1.4109,2
0.63144,1.743,2
-0.014323,-1.2468,2
-1.9213,-0.41782,1
-1.9095,-0.37788,2
-2.5901,0.70268,2
1.2384,3.5197,3
2.288,-2.2325,2
-0.27354,-2.3711,2
1.8224,-1.7351,2
0.86038,-3.9577,1
0.71656,-2.1053,2
-2.6247,-0.69518,1
0.051653,3.5719,2
-0.078163,-2.5476,1
-1.1795,0.37671,3
0.90004,-2.5828,2
-4.0214,0.066036,2
-0.30104,-0.45332,2
0.99079,0.42835,2
-3.4353,1.0432,2
3.9231,1.4453,3
-4.6015,-2.992,1
3.5326,0.40123,1
-2.0485,-1.7022,3
1.5761,3.4015,3
1.7442,2.0388,2
1.7375,3.2551,2
-1.3178,0.96811,1
-1.4552,-2.8816,2
1.69,-3.1014,2
0.27381,1.3364,2
-0.34096,0.022685,2
5.0231,0.89541,2
1.576,-1.8065,2
2.0686,2.4209,2
1.2785,0.51401,2
-1.1891,1.258,2
2.0376,0.6685,2
-2.2669,2.0348,2
0.55221,-1.1858,2
-1.8495,0.60976,2
0.92617,2.2703,2
3.6392,3.944,2
-0.50362,1.3021,2
-2.8799,-1.0122,2
1.6142,0.43399,2
-2.6078,-3.4745,1
3.664,1.2271,1
-0.37736,-0.63122,2
2.4245,6.7718,2
-1.5822,3.4993,2
-1.4537,-2.449,2
0.38388,1.893,2
1.5849,0.38595,2
-0.054114,-2.6722,2
-2.0302,-2.7615,2
0.063705,-0.13343,2
0.23414,-3.238,2
-0.11835,-1.1682,2
-3.2791,0.62906,2
-0.6069,-2.1251,2
-0.6651,1.7229,2
-3.7931,-2.7808,2
0.25406,-0.4732,2
1.8749,-2.0242,2
-0.50233,-3.7078,2
-3.6348,-0.49295,2
-0.90329,2.1307,3
1.7912,4.289,2
-2.0268,0.16747,2
0.32172,-1.0844,3
1.2532,-0.03582,1
1.3059,-0.70121,2
0.85114,1.215,2
-2.6128,-4.819,1
0.48642,1.7952,2
0.95509,2.6625,2
1.188,-0.66214,2
-0.7025,1.8351,2
-2.7837,2.7451,2
2.6066,-0.66663,2
-4.4803,-2.0193,2
-0.91893,-0.027088,2
-2.6375,-1.2431,2
-2.8497,2.5735,2
-3.0812,-3.8853,2
2.5072,0.21409,2
2.8136,2.3019,3
-1.5993,2.0856,2
1.9944,-0.22197,2
-1.6197,2.7026,2
0.63553,4.1179,2
-1.5592,-1.6403,2
0.91616,0.70659,2
-5.0048,-2.6728,1
-0.33722,3.1886,2
-3.1804,1.6814,2
0.28811,0.66642,2
0.19907,-0.19967,1
0.34579,1.8749,2
-0.3589,-0.33705,2
0.58576,-2.0528,2
0.34243,2.0974,2
3.729,-2.4783,2
-3.1798,-2.5619,3
1.5073,-0.18346,2
1.6729,0.76024,2
1.9097,-0.10444,2
-2.5142,-1.143,1
1.1819,-2.0445,2
4.503,-3.6327,2
1.0419,1.5103,2
-1.3228,-0.62191,2
3.7522,-1.7152,2
-3.9503,-1.819,2
-5.3349,0.87962,2
2.541,1.0014,2
-0.78791,3.8693,3
1.0327,-0.54851,2
-1.1574,-0.76945,2
1.3305,0.45692,3
1.3671,0.22874,2
-3.4139,3.7552,2
1.9004,1.2402,2
-1.2326,-1.1161,2
3.3263,2.5132,2
-4.1505,0.23033,2
2.5952,-4.671,2
1.2282,1.9551,2
-4.482,-3.6131,2
0.55195,-2.197,2
0.44791,-0.66334,2
-3.3162,-4.3277,2
-4.2529,0.021453,2
2.3054,1.551,2
3.05,2.1628,2
-1.1066,1.7257,2
-3.8451,-3.996,1
0.76536,-0.33168,2
-2.5678,0.7495,2
-0.83981,-2.4295,2
-2.5285,-3.6862,2
4.8279,-0.19067,2
-2.4052,-0.34315,2
1.2652,3.2494,1
0.027196,-1.3537,2
-0.23365,-0.96854,2
0.069121,-0.1142,2
-0.66759,2.5631,2
1.4472,1.4698,2
-2.5958,0.3593,2
0.48502,0.38111,1
0.95362,0.94932,3
0.30861,-2.8355,2
1.9742,0.23414,2
-3.8588,0.83567,2
2.4634,-1.5545,2
-2.7233,-1.2796,2
1.5787,0.29294,2
1.0196,0.44361,1
-2.9443,2.961,2
1.7658,3.6851,3
4.6817,0.74202,2
-0.16829,-1.8696,2
-1.9352,1.6095,2
-0.11248,-1.5864,2
-2.0496,0.73837,2
0.05165,-3.5848,2
-2.1269,1.8423,2
-2.2965,1.0018,1
0.31401,0.81286,2
-1.3045,0.15378,2
4.3864,-3.1317,2
-2.2337,0.59387,2
-0.5275,-1.6369,1
1.3091,-3.7129,2
1.6284,0.3423,1
-0.96997,-1.0601,2
-0.057849,-1.5745,2
-0.56199,0.79741,1
2.1005,1.7947,2
3.284,-1.4555,2
0.84431,-1.7242,2
2.4179,1.8321,2
0.28445,0.18304,2
-2.9894,-2.067,2
-0.83685,-1.5287,1
3.0091,-1.4848,2
-0.057168,-0.24026,2
-1.6665,-1.8462,1
2.1175,-0.050286,2
0.43312,0.086986,2
-1.4353,-3.1569,2
-5.4205,1.4768,2
-9.0558,-0.44377,2
2.6446,-1.5643,2
-0.097363,-0.96096,2
2.5449,-1.0916,2
0.2247,-5.1296,1
-4.21,-2.4406,2
2.6783,-4.0891,1
2.4548,-0.90653,2
0.25235,-1.8085,2
2.9803,-0.3215,2
-1.5952,-1.0133,2
-0.81214,-1.3435,2
-1.3615,-0.61541,1
-0.58322,0.61238,2
-6.5053,-1.3208,1
3.4479,1.2922,2
0.11109,-4.3094,2
-1.1508,1.2915,2
-1.5386,0.28135,2
-0.084369,3.051,2
0.23202,4.8627,1
-1.7052,2.3238,2
2.6032,-1.246,2
-0.26973,1.6345,2
-3.0543,-4.1531,1
2.5013,3.0901,2
-4.2322,1.3689,2
0.51966,1.3202,3
3.6823,0.35775,2
1.7977,1.6382,3
3.2322,0.82296,2
-1.8596,-0.26003,2
0.95329,1.7155,3
3.0728,-0.65534,1
-1.5527,-2.1114,2
-0.73911,0.59443,3
-3.7141,-1.2642,1
-1.5167,-1.1735,2
-0.37645,1.3688,2
-1.2523,0.43126,2
0.7848,0.33854,2
4.0006,3.1467,2
-3.0998,-2.8954,2
0.044732,0.47908,2
-1.2441,0.43611,2
2.2429,3.8882,2
-2.1502,-2.7155,2
-0.88546,-1.8808,2
3.1947,2.4489,2
3.6779,-3.2462,2
1.5492,1.5176,2
0.14275,0.42198,2
0.74889,-1.8706,2
-3.0097,1.4141,2
-1.8584,-1.0688,1
-0.37339,4.1607,2
-3.1878,0.95256,2
-3.4945,-1.1842,2
-2.0595,-1.368,2
-1.2097,1.5997,2
1.239,1.2733,2
2.7279,4.3789,3
-1.0491,-0.14173,2
-2.4533,1.3852,3
-2.3468,-4.5625,2
-0.86406,-0.10187,2
0.48205,6.0521,2
-0.66062,-0.84132,2
0.71376,-3.838,2
-0.55163,-0.4033,2
-3.4425,-1.6915,2
2.8998,4.8748,2
-0.66031,-2.2069,2
3.7434,3.6813,3
-0.76106,2.7746,3
-1.4273,-0.79996,2
1.7073,4.2592,3
-0.4528,-1.0263,2
-4.9655,0.52925,2
-0.04139,-0.52503,2
0.6726,-0.68115,2
-1.0995,2.3306,2
1.1372,1.6547,2
3.5663,3.3747,3
-1.1739,0.29824,1
-0.48687,0.19861,2
1.6129,1.8622,3
0.025685,-3.5416,2
2.2049,3.4214,2
-1.3819,0.41649,1
0.88604,0.75821,2
1.4085,1.878,2
-0.10479,3.2325,2
2.3809,-0.57175,2
-2.8481,0.30198,2
-0.15977,-0.049842,3
3.1802,6.378,2
-0.53382,0.35805,2
-3.5573,3.091,2
-0.14739,2.1956,2
-1.4028,0.32802,1
1.5965,0.98164,2
4.5894,4.7142,2
-0.74339,2.1407,2
2.3894,1.8798,2
0.96901,0.4639,2
2.1175,-1.2798,2
2.4949,0.24317,2
-1.2992,-2.3006,2
-2.2654,1.0024,1
0.94964,5.5687,3
-1.6367,-2.3474,2
0.26117,2.0443,2
-1.823,-0.41858,2
3.6112,-1.6519,2
1.1106,2.2256,2
1.7304,-0.5663,2
0.23286,-0.57964,2
2.5944,-1.4308,3
2.075,1.8575,3
-1.5764,-3.5404,2
-2.0384,-1.0322,2
-0.42444,-2.1354,2
-0.60044,-2.2072,1
1.5865,1.7993,2
1.3379,-1.4262,2
-1.5476,2.1587,3
0.40556,2.6391,2
2.9121,0.49893,2
3.275,2.1211,2
-0.72716,0.87518,2
5.535,-0.79532,2
1.6087,1.5776,2
-1.6457,-3.005,1
-0.65903,1.0096,2
-0.85164,-2.2711,2
1.1842,-0.36694,3
-0.83017,1.936,2
-1.8726,3.1524,2
-1.4711,-0.67719,2
-0.29618,-2.2265,2
-0.35864,-0.14853,2
1.9501,-1.5896,2
-1.7867,-0.99563,2
1.2434,-1.6195,2
-0.38919,0.34189,3
-3.347,-2.252,2
-3.4708,-0.77872,2
-2.8027,-6.8371,3
-1.8956,-1.6611,2
-1.0311,-0.53659,2
1.5275,4.9006,2
-1.1979,1.3186,2
-3.6014,-2.3657,2
2.021,3.983,1
-2.536,0.51236,1
-1.472,3.5907,2
0.33506,-0.66621,2
-0.94102,-3.5178,2
2.1264,-3.0636,2
-3.6471,0.69427,2
-1.9033,0.162,2
5.0527,1.4312,2
2.5377,-0.24484,1
-1.9808,-4.614,2
2.0753,-1.1498,2
1.4266,0.6099,2
-0.92476,-3.0399,2
0.3828,-2.3954,2
1.5398,-0.49527,2
-1.4733,-1.0964,2
0.56799,-0.80919,2
3.8483,4.488,2
-0.0032048,-1.8798,2
2.7388,4.3417,3
3.5518,-2.0427,2
-5.7443,-0.86701,2
1.5478,-0.93712,2
-0.10444,1.4028,2
-2.4361,5.1913,2
0.16359,2.4611,2
1.6241,1.2308,2
-0.064383,-0.9779,2
-1.2943,-2.037,1
-0.86455,2.1689,2
0.29524,1.194,2
-1.9989,0.17898,2
-1.0506,-0.12697,2
3.2204,2.4744,2
-5.7644,-1.5908,1
5.2959,0.30981,3
-2.2682,2.8851,1
-5.2827,-1.8154,1
-2.1453,-0.90504,2
-1.5953,-0.5989,2
0.55571,-5.0177,2
3.2411,2.6319,2
-3.7254,-1.9265,2
2.8165,-3.4924,2
2.6736,0.96091,2
2.4442,2.3945,2
0.79325,-2.1482,1
-2.2279,-3.4463,2
-4.8853,-4.8758,2
2.9679,3.0785,3
-1.8751,-1.3891,1
0.57028,0.83062,2
0.7059,-3.7424,2
5.4544,0.63399,2
-0.1658,-3.2266,2
-0.87869,1.8338,2
0.54228,-2.9866,2
0.83362,-1.5144,2
-0.11308,-1.0613,1
-0.60557,-2.3641,2
0.059705,1.1474,2
-0.71051,-1.6649,2
-1.333,-0.67478,2
2.5393,3.528,2
-2.5965,0.17481,2
0.40636,0.4217,2
0.90812,-0.97117,2
2.3883,-0.57799,2
0.48854,5.8288,2
2.5208,1.112,2
1.6535,-0.12403,2
1.5402,-2.1788,3
1.1186,-2.452,3
-0.64419,3.0099,3
1.4002,-2.8215,1
-1.0468,-1.9442,3
-1.3463,-1.1065,2
0.68909,-1.8829,2
-2.3108,-3.4087,2
1.9232,-3.1696,2
1.2825,-1.7124,1
7.8041,-1.6459,2
2.0691,-1.3576,2
-1.4382,-2.0352,2
-2.8318,-2.8081,2
1.5356,4.1061,3
1.651,3.1303,3
-2.0833,2.8554,2
-0.69735,-1.9228,2
5.5083,1.3531,2
3.7604,2.7583,1
2.9509,1.7916,1
-1.2333,3.6132,1
3.1393,0.80884,2
0.49359,-0.69663,2
3.7901,0.50732,2
2.3079,1.6296,2
-0.8122,1.5323,2
1.8183,0.367,2
0.20658,0.054918,2
3.4854,3.2354,2
0.1437,1.5596,2
-1.5723,-1.7233,2
-0.85879,-2.8442,1
-1.8786,-1.6928,2
-1.136,2.655,3
-2.6838,-2.205,2
-1.2424,0.4462,2
-2.7298,1.6169,2
0.40182,4.556,3
3.8866,1.2892,2
0.33113,0.03589,2
0.44824,-2.6769,2
-0.25164,-1.966,2
2.3072,0.49301,3
-1.1074,-1.3278,2
3.1438,-2.8654,2
-3.0989,-2.2279,2
0.16523,-0.060354,2
-2.1741,0.13657,2
-0.15642,0.56412,2
-2.9165,2.6609,2
-2.2677,2.5089,2
-2.8278,-3.0939,2
0.4259,1.2385,2
1.9636,-0.41537,2
0.080956,0.7617,3
-0.77137,-3.6302,2
2.263,-0.00084249,2
0.07636,0.35433,2
0.36733,-0.028058,1
-0.2255,0.58495,3
2.1363,-2.4592,2
-2.0201,-1.7539,3
-0.9151,-3.4615,1
5.2998,2.1602,2
0.081473,0.30088,1
1.3908,-3.0207,2
0.86281,-1.5318,2
-4.9389,1.5013,2
0.74703,-0.26227,2
2.721,-1.6578,2
0.55273,3.0591,2
1.4734,-0.83485,2
-2.786,-1.2334,3
-1.566,-2.9704,2
1.6115,-1.9191,2
-0.18233,-3.7974,1
-0.12827,-1.2911,2
-4.3117,-2.4487,1
1.773,0.12691,2
1.0487,-1.8199,2
2.8383,4.5688,2
0.96225,0.80752,2
-0.82046,0.98127,2
-2.0324,4.1545,3
-1.7049,-2.9745,2
0.77639,-4.1509,2
-1.6442,4.0077,2
2.3311,0.98337,2
2.6857,0.77993,2
-2.6991,-2.1607,2
-0.3455,-1.5356,2
1.6225,-0.62423,2
3.8603,-0.39318,2
4.0743,-3.9741,2
-0.86904,1.2178,2
0.67631,0.59663,2
1.9711,-1.2066,1
0.075894,3.3532,2
0.61903,-2.231,2
-2.3415,-1.0185,1
-0.5764,3.2554,2
-0.16911,-0.030949,3
-0.55903,-0.011601,2
1.0429,4.7503,2
-0.076712,1.186,3
0.99886,0.04549,2
-3.5467,4.387,1
2.7309,-3.0245,2
-3.3087,-0.41349,2
-0.30319,3.8294,2
4.3516,4.1078,2
-0.51203,1.8506,2
2.7595,2.3652,2
-0.18648,-3.7724,2
0.53505,0.84888,2
-0.20809,-0.6768,2
-1.8424,-2.2187,3
-1.8434,-0.94114,3
-0.72274,0.18977,2
-3.7088,-1.3705,2
0.15303,4.1927,2
1.1276,1.0621,1
1.3681,0.50528,2
1.8165,-2.4119,2
-1.1319,1.6134,2
-1.9238,1.7829,2
4.5678,1.6258,3
0.31134,-2.3003,1
1.5933,2.2553,2
-0.72262,0.47183,2
-2.0808,-2.6089,2
-0.99233,1.7981,2
2.0297,0.24258,2
0.44691,-1.2465,2
-4.7091,-1.1015,2
-0.82354,-4.443,2
3.3825,1.9304,2
0.76376,-0.43462,2
0.45871,-1.2971,2
0.89322,2.5223,2
1.2555,1.5241,2
0.75484,6.1511,3
-2.4356,0.024176,2
-5.496,-3.1946,2
-1.5219,-3.7434,1
1.0753,2.483,2
1.1944,4.2849,2
-0.85545,0.77567,2
4.7405,2.9538,2
-0.55464,-1.6109,2
0.41588,-3.8746,2
-0.66925,-2.4489,1
5.4906,-1.6714,2
0.034993,-1.9813,2
-0.6931,-1.1033,2
-2.6199,5.0849,2
-1.9147,1.7588,2
-3.6318,1.4951,2
-3.4912,1.6964,2
0.90635,-1.3145,2
-1.4494,-1.8989,2
2.479,0.52045,2
1.8624,-1.6566,3
0.63318,-1.6878,2
4.5354,1.5784,3
0.72032,1.0647,3
-1.8683,1.9432,2
-0.61207,0.89658,3
2.8687,1.1016,2
2.2957,-0.63678,2
-0.053489,-0.87139,2
-1.0012,-1.7069,2
1.1298,-0.62587,1
-2.235,1.8317,2
-1.4092,3.3838,3
-4.2065,-6.0792,2
0.55931,1.2217,2
-1.421,-0.061123,2
0.69217,4.2596,2
0.43293,3.4838,2
0.32934,-2.3271,2
2.3487,-0.042347,2
0.47229,-1.9679,2
2.7357,0.38748,2
0.81268,2.8482,2
-0.14772,-0.63555,2
-0.65937,-0.78714,3
2.8701,0.32475,2
2.0038,-2.2894,2
-0.56475,0.18601,2
0.97257,-2.9971,2
-3.4555,-0.31388,2
-1.4048,0.64095,2
-4.1225,-2.6465,1
-2.5482,-0.96018,2
-2.6905,-5.4326,2
2.9543,3.0306,2
-2.8405,0.5408,2
1.6144,-1.4151,2
-4.9836,-0.94519,2
3.7173,0.73369,2
-2.326,-3.6808,2
-1.1283,0.39179,2
-3.9599,-5.1184,2
1.0054,1.4448,3
1.2115,0.37995,3
0.10272,-0.34356,2
1.4853,-1.025,2
1.5237,2.9813,2
0.12813,-1.233,2
-3.3978,-4.2025,1
-2.6941,-4.5173,2
1.6158,-0.19709,2
2.8092,-0.10216,2
4.1574,0.016611,3
-2.4879,-0.71385,2
-3.6464,1.0036,2
0.83578,2.0665,2
-2.9006,-1.7569,1
1.5798,3.1992,2
-0.16147,-3.0088,2
0.40589,2.6517,2
-1.851,-1.1913,1
-0.85609,-3.02,2
1.3791,2.8577,3
-0.63097,-2.1177,2
0.15413,-1.1393,2
0.056574,2.2556,2
-1.073,-3.0855,2
-1.3467,5.3993,2
2.2728,2.8083,1
2.1847,-2.7713,2
-2.595,-1.0326,2
1.9728,-0.63978,2
-0.30957,-2.6426,1
3.2106,-1.3381,3
-0.069315,-3.8968,2
0.98355,1.7987,2
-2.4814,-3.1775,2
1.0073,4.7808,2
4.1415,-0.78408,2
0.77124,1.1512,3
-4.5552,1.6143,2
-0.36995,-2.7959,2
-2.7206,-1.8775,2
2.9709,-0.12201,3
-0.34725,0.15021,2
1.8794,0.62777,2
-0.95522,-1.9637,2
-2.1664,-4.0866,2
0.0053602,0.14291,2
0.88624,3.2179,3
-3.6887,-0.72824,1
0.38634,1.3662,3
3.4431,-2.6421,3
-0.46593,-0.052763,2
0.73207,0.7161,2
-1.1245,-2.2017,2
0.67899,-2.9611,2
-2.0367,-3.3062,2
-2.1004,-0.53491,2
3.6944,1.5097,2
1.8485,6.1608,2
2.8938,0.02131,2
0.9841,0.62518,3
0.45809,-0.34164,2
1.2209,2.4314,2
-0.031495,1.7699,2
2.3838,-0.37702,2
0.68183,2.273,2
5.4142,0.52872,2
0.608,-0.83728,2
-0.94788,-1.0262,2
-1.1606,-2.8345,1
-5.1104,0.86638,2
-1.3792,-1.3314,2
0.7429,-1.2371,1
1.231,-0.57017,2
1.1686,6.6578,2
0.8027,2.0401,2
0.12527,-1.8152,2
1.0201,-0.93076,2
0.80193,-2.8699,1
1.0342,-2.0313,2
-0.5385,-4.3634,2
0.4066,-2.7925,2
0.0084957,0.23032,2
-0.2311,1.4867,2
-0.78941,-1.8043,2
0.30913,0.18874,2
-0.54101,2.281,2
-1.1795,-0.28609,2
-0.70614,2.5897,2
-0.13029,-1.8904,2
0.10564,-0.24408,2
0.5161,0.3405,2
2.0747,1.7177,2
6.257,-2.3906,2
-3.8571,-3.4288,1
-2.6412,-0.60422,2
-1.3844,-2.8232,2
0.33432,2.9743,2
4.8721,-1.924,2
0.51968,0.77002,2
0.10258,0.53616,1
4.773,-2.614,2
-2.2804,0.26596,2
1.8871,3.6714,2
-2.5631,-5.2052,2
-0.45067,-1.3048,2
-1.0469,3.7341,2
-1.3015,-2.2979,2
0.29964,1.7277,2
1.1342,1.4881,2
4.0793,2.8759,2
3.7834,3.6926,3
-0.29655,0.31932,2
-0.35062,0.14546,2
0.58599,2.0361,2
0.89053,0.17719,2
1.7809,-0.75133,2
-0.081422,1.3902,2
-0.65362,3.7981,2
-3.908,-3.0789,1
0.31298,-0.19296,2
-2.6076,-3.3693,2
-4.619,-1.8933,2
2.0617,-2.8459,2
-1.5099,-2.2588,2
-3.4505,-1.3798,2
2.6858,2.1222,2
-1.244,-0.5404,2
-0.5679,2.5647,2
-1.2576,0.32777,2
-2.1697,1.2251,3
-0.85828,1.8652,2
-2.2147,-2.444,2
-0.734,0.32157,2
-2.7344,-4.1563,2
1.619,-1.9092,2
4.2844,2.9654,2
-2.9497,-1.7771,2
2.6944,3.4316,3
0.633,-1.7326,2
2.3475,3.2545,2
0.72523,-2.0867,2
3.9769,1.3716,2
2.0272,0.33828,2
3.8024,-1.4874,2
-2.2986,-6.1821,1
-2.2897,0.71508,2
-1.2294,-0.5545,2
0.30639,-1.3493,2
-0.91385,2.3004,2
-0.57559,-4.2386,2
-0.19068,1.7567,3
0.48017,-0.96785,2
1.8824,-0.47366,3
-2.8777,0.07544,2
-0.075925,-3.8983,2
-1.74,-1.065,2
-1.1388,1.7497,2
-1.2512,-3.82,2
-1.6788,3.4201,2
0.64709,1.5925,2
2.9658,-0.60428,2
1.1309,2.9898,2
2,-1.7881,2
-2.4587,-1.5595,2
2.301,3.506,2
-0.34513,0.22583,2
1.5736,-1.5701,2
1.6495,2.1358,3
-1.6026,0.22858,2
0.92218,-0.62817,2
-0.66393,-3.5865,1
1.0384,1.6571,2
-1.0339,-1.1115,2
0.41366,-4.4919,3
0.084955,-0.34263,2
1.495,0.2981,2
-0.99479,-2.718,2
-4.2908,-2.1104,2
0.044981,-0.042865,2
2.5706,5.1263,2
-2.1051,-4.9417,1
1.9039,-0.63419,2
-1.102,0.033214,2
0.37254,-0.75874,2
0.24941,2.4331,2
-2.1795,-2.4011,1
-0.2491,-2.6936,2
-2.2135,0.99244,2
3.6934,0.053649,2
0.77997,0.39851,2
-0.12543,-0.34571,2
-0.0591,-1.4143,2
-2.6112,2.2025,2
1.4986,5.8822,3
-0.63684,4.6081,2
-1.3078,3.9019,3
-2.2502,1.2172,2
-4.0902,-0.59309,2
-1.4641,2.621,3
1.0288,-1.1248,2
-0.5181,3.4957,2
-0.026075,1.676,2
3.3001,2.2172,2
-0.85717,0.12836,2
-1.7808,0.71966,2
1.0089,-1.1472,2
2.5905,5.4644,2
1.0395,8.2161,2
-2.2006,-2.3824,1
5.013,1.348,2
-1.639,-0.39195,2
2.9327,2.3673,2
-1.0517,1.0186,2
-1.832,-3.499,1
-0.51898,1.9404,1
0.65734,-0.52667,2
0.63275,-0.67239,3
-0.18698,5.4576,2
-0.48247,-2.0015,2
-4.174,0.403,2
-2.4268,0.65791,2
2.629,3.138,2
-1.0396,1.4579,1
-2.0427,-3.5399,2
-0.23778,-2.5455,2
-0.71525,-1.6891,2
-1.0637,-1.2284,3
3.6538,5.5774,3
-2.3197,-4.6122,2
-2.2106,2.1341,2
-2.0717,-4.0757,2
-3.3713,-4.7785,1
1.8431,-0.087809,2
0.71168,-1.4284,2
-3.6482,-3.4986,2
3.8759,2.519,2
-0.40723,0.28986,2
3.9497,0.93952,2
2.9819,-0.51927,1
-5.0846,-2.062,1
-1.4372,-1.0052,2
-0.41031,-0.19664,3
3.5632,-0.78277,2
-1.2487,-0.28074,2
-0.68776,0.87815,2
1.2747,2.102,2
-2.178,1.0884,2
-0.84036,3.0815,2
0.86764,-3.2135,2
-1.205,-0.49714,2
1.5976,0.32429,2
0.25853,-5.1154,2
-3.4962,-0.3675,2
-0.13475,-7.6911,2
-0.73597,-1.518,2
1.66,-1.892,1
5.7397,3.2978,3
-2.1136,-0.034706,1
0.41635,-1.2185,2
-1.7268,2.3914,2
1.8261,3.6296,3
0.07939,0.96651,2
1.9762,0.84825,2
2.0258,-1.6696,2
-0.7339,0.22094,2
1.1351,-0.066281,3
-1.2625,-0.080803,1
-2.16,-5.5077,2
-0.26352,0.32636,2
1.8333,0.43155,2
-6.018,2.2692,2
0.53091,-1.6345,2
-1.8044,-2.768,2
2.5696,-1.9742,2
-0.057871,-0.66248,2
-3.0873,3.1136,2
-1.6714,0.69911,2
-2.4421,-0.79631,2
1.4822,-0.44337,2
0.75702,0.3192,3
-0.067538,1.9424,2
0.35753,0.73221,2
-3.4846,-0.32167,2
1.4553,-0.86342,2
-3.7985,-2.8544,2
1.6485,-1.9095,2
-0.13759,1.8086,2
-3.468,-2.1466,1
0.57272,0.78788,2
1.1442,2.5688,3
-1.2596,-3.4475,2
-2.459,-1.8598,1
3.1709,-2.4767,2
-1.3628,0.91567,1
-2.0775,-1.1828,2
1.0091,-0.58718,2
-0.14413,1.9274,2
1.8263,0.80632,2
-1.0277,-0.32253,2
-2.1532,2.2224,2
-3.3007,-2.9315,2
1.1535,2.9482,3
5.0234,0.029576,3
1.5324,1.6817,2
-0.42152,0.049413,2
1.7721,1.0061,2
-1.1475,-4.519,2
5.4688,1.7069,3
3.7296,1.3272,2
2.251,0.076986,2
-1.4537,-5.4223,2
2.9078,1.264,2
-0.97344,-1.4526,2
1.1227,3.4142,3
2.7112,1.671,2
-1.4538,2.4909,1
0.77587,-1.9239,2
-0.95544,-2.5054,1
1.6523,-1.0182,1
-2.8362,2.7055,2
1.5189,2.4337,2
-0.78523,-0.8594,1
-2.917,-0.53695,2
0.9545,-1.0323,2
-0.62893,3.7529,2
-0.78415,0.28904,2
1.2682,-0.89399,1
-1.4721,-0.57885,2
-0.053679,3.2062,2
