0.93767,0.87547,1
-0.17027,-0.56436,3
-0.25181,-2.6668,2
1.6388,2.4724,3
-0.58643,2.3127,2
-1.5855,-1.0919,2
-0.3629,-0.5962,3
1.3366,-3.4196,2
2.2807,3.1536,3
-0.59927,1.3395,2
-1.4605,-1.5492,1
0.55394,1.0194,2
-5.9194,0.29834,2
-2.7338,-1.4785,1
2.4985,2.0886,2
-1.8885,-1.6358,2
-0.21606,3.9708,1
-0.70476,-2.9639,2
2.1387,1.563,2
1.2723,-0.03109,2
-0.44225,1.483,2
-2.4855,-2.1384,2
-1.1946,2.0687,2
1.581,2.7735,2
-3.1081,3.2298,2
-2.1722,-2.1943,2
-0.229,-0.50546,2
-0.49986,0.87321,2
-2.5214,-1.5264,2
0.87977,2.1842,2
-0.81414,-0.63767,2
0.33342,-1.7308,2
0.39958,-0.84528,2
-1.6249,-1.0464,2
3.1404,-1.364,2
1.7503,1.2559,2
0.91545,-4.6177,2
-3.0368,-0.41848,2
1.8736,-0.59215,2
-0.031193,-2.0321,2
0.22692,-4.2426,2
-0.52664,0.3214,2
0.52931,-2.2465,2
-1.274,-2.4248,2
-2.1218,-1.2971,2
1.3475,0.14517,2
1.8908,2.9443,3
-1.4777,1.894,2
0.46845,-4.4286,2
3.0014,4.1526,2
4.2109,-0.79791,2
2.9481,5.9237,2
-3.5795,-0.8333,1
-0.66849,1.9401,2
1.1872,-2.5203,2
-0.51509,2.3061,2
-0.62448,1.747,1
-3.2867,0.25769,2
-2.8977,-1.4407,2
-0.14209,-0.92025,3
2.2993,-0.18988,2
3.5301,2.3535,2
2.3684,1.059,2
0.43798,-2.582,2
1.7436,-1.1026,2
-2.6178,-0.88197,3
2.8888,2.0454,2
0.40458,-1.4877,3
-0.16184,1.4892,3
2.014,4.2654,2
-1.5108,-0.51687,2
-2.6739,-0.41289,2
-1.7339,-1.9478,2
0.43689,0.42073,2
2.9762,-3.5326,2
0.86501,4.2357,2
-2.4363,-3.1744,2
1.3976,-1.2646,2
0.8058,-2.7738,2
-2.5687,-2.0691,3
-1.058,2.7991,3
0.55632,-3.7615,1
1.1105,-0.86964,2
-1.3926,-1.0356,1
3.4342,-0.89566,3
0.77579,-2.5006,2
0.47591,5.4974,2
1.0553,-2.6216,2
1.0388,1.522,2
-0.77077,-1.4379,3
-1.1603,0.91939,1
3.4155,2.4045,2
1.929,-2.2471,2
1.7197,-0.35718,1
3.6203,4.2475,2
4.3918,-1.2047,2
2.8311,3.3888,2
-2.2521,-6.9776,2
-0.94401,3.672,2
-1.6928,0.49476,2
3.8787,-0.73042,3
-2.1503,0.62813,2
-0.13014,-0.88095,2
-1.9779,0.33385,2
-4.2226,-1.9826,3
0.034873,1.877,3
3.4821,-1.622,2
1.8606,2.1342,2
-3.808,1.4204,1
-3.0463,-1.8808,1
0.23709,0.16332,2
0.29386,-3.3918,2
-0.08432,-3.6849,1
-2.4394,-3.1649,2
-3.3938,3.2476,2
-1.1249,-0.85104,1
2.8715,4.6337,2
0.66904,-2.2055,1
0.036434,-1.2014,2
0.57283,0.82821,3
0.97276,0.19038,2
-1.4629,0.4692,2
-1.5206,-2.8662,2
0.55176,1.1853,2
-0.7914,0.29779,1
0.73755,1.4048,2
4.5882,1.6031,2
-0.87471,0.12104,2
0.88889,2.1977,2
2.1088,-2.2634,2
-0.66749,0.44822,3
0.25931,1.3515,2
-4.191,-0.38988,2
-1.9092,-1.1709,3
-0.7843,0.46243,2
-1.4502,-0.24382,2
1.2016,2.6142,2
-2.8914,-1.6375,2
-2.4194,1.2165,2
-0.79746,0.15452,2
-2.3855,2.2888,1
3.8089,3.0096,2
-1.3528,-1.9396,2
1.4679,1.3685,2
0.51005,-3.3181,1
-4.2358,-3.4824,2
-3.6425,-0.74106,2
-4.5976,-3.2067,2
0.3551,0.95357,2
3.7483,1.8608,2
2.4587,-0.61704,2
1.8209,-1.4817,2
-3.3384,0.47942,2
-4.4875,-3.5703,2
2.809,0.16928,1
2.8739,1.0506,2
0.8518,1.0343,2
-3.3669,0.070644,2
1.7626,1.4014,2
3.21,1.9808,2
-0.61072,-4.6279,2
1.0158,-0.34756,1
3.7631,0.58643,2
-3.7766,-4.7585,2
-3.8625,-2.7165,2
-0.19745,-0.26929,2
-0.13385,0.1578,2
-1.8471,-0.3134,2
2.1863,-0.36831,2
-0.29625,1.1742,2
0.20745,-2.258,2
2.4224,-1.1678,2
-3.362,-0.53148,1
-3.035,-3.2826,2
-2.1483,-2.0144,2
-2.0412,-0.6426,2
6.4222,3.4538,3
-0.1722,0.62658,2
1.0462,2.8869,2
-3.5293,-0.63921,2
-2.2609,2.7244,2
-1.0509,-4.3306,2
-0.79847,0.1015,2
-0.80215,-0.47848,2
1.1722,0.70189,2
-1.7524,-1.9833,1
0.16001,0.28073,1
-3.1385,-0.16603,1
0.00088346,1.4991,1
-0.29307,1.3006,2
1.5555,3.7961,2
1.1299,0.34117,2
-4.4091,-2.1564,2
-1.141,1.2788,3
-0.19323,-0.44471,2
-4.7637,-1.7615,2
-4.8991,-5.8954,1
-0.53322,0.20191,1
-2.8138,-1.2583,2
-0.67503,-1.0842,2
1.2801,1.6068,3
-0.98956,-2.7178,2
-3.3579,-5.3047,2
2.6995,1.3419,3
0.68697,3.026,3
-1.3899,-1.4504,2
-2.6351,-0.49954,2
-1.4562,-0.88828,2
1.8534,0.056134,2
-0.19736,3.592,1
-1.5505,-1.2453,2
0.72245,0.7013,2
1.1794,-0.57236,2
4.2446,0.4762,3
1.0073,0.674,1
-0.16404,-0.13575,2
-1.1858,3.423,2
-1.6348,-2.084,3
-0.4654,0.5077,2
-4.9969,1.9449,1
-4.1873,2.4665,2
1.9321,0.50476,2
4.31,0.22029,2
5.5424,4.7636,2
0.030162,-0.68393,2
0.30068,0.56222,2
-1.8582,0.44573,2
-0.15079,-0.016317,2
-0.96646,-3.5277,2
1.725,-1.2917,1
-0.31185,-1.2072,1
-0.24083,-2.3879,3
0.47053,-0.42418,2
0.82905,-1.909,2
-3.4941,-0.39186,2
-2.2902,-1.7883,2
2.9502,2.0387,2
-2.5245,-0.59304,2
-4.6808,0.82198,2
-2.0393,-2.3525,2
-1.8434,1.9686,2
-0.468,0.58202,2
-0.61093,-1.5895,2
1.7701,0.70518,3
-2.3938,-0.58213,1
4.8639,-0.644,2
-0.6108,-0.33358,2
-0.66511,1.7741,2
2.6332,-2.1058,2
-3.279,-0.31043,2
-2.8853,2.6398,2
2.0345,-1.6004,1
1.0235,-0.12782,2
0.29263,3.9794,2
-2.3984,0.94205,2
-3.0453,0.42155,2
-1.1784,3.3779,2
-4.5629,1.1931,2
1.0184,1.6211,2
-0.6217,0.23286,1
-0.84556,-0.68679,2
0.58446,-0.63085,2
0.64465,0.27228,2
-1.6618,-0.90239,2
-4.9518,2.0231,2
2.6964,0.61322,2
-2.8225,4.3655,2
1.426,0.99747,2
-1.643,-0.60222,2
1.9973,-1.7608,2
2.483,-5.0222,1
-4.8718,-4.4592,2
5.1286,2.7828,1
0.0044307,-0.81591,2
0.20083,-2.8583,2
1.3057,-4.3119,2
-3.7959,-3.0378,1
0.26654,-0.50018,2
-0.48255,0.36036,2
0.16223,1.7275,2
0.77224,2.4867,2
0.42357,0.55103,2
-0.71901,3.9584,2
0.13682,2.8875,2
5.4488,0.7088,2
-4.0786,-3.7061,1
-0.084142,-1.696,2
-0.23972,-3.1174,2
3.0917,0.76251,2
-1.0922,-0.71071,2
-0.28364,2.0475,2
-4.1594,-1.1598,2
0.18311,0.55418,2
1.4924,0.32478,2
-3.2679,-0.71731,2
-0.12063,3.6612,2
1.649,-0.92181,3
1.3198,0.036542,2
0.81835,-0.41907,3
-1.4427,1.1961,2
-1.8408,-1.2235,2
3.2909,2.3621,2
-6.2713,0.17949,3
-3.6511,1.4162,2
-2.0938,-0.6134,2
-6.5261,-1.6099,2
-0.44906,-1.5744,2
-2.4657,-1.4048,2
0.46664,-1.7815,2
2.9361,-3.8888,2
2.498,-3.4303,2
0.88058,-1.0517,2
3.8866,2.0706,2
0.50116,-1.1748,2
0.62374,-3.3934,2
2.0147,3.7738,2
1.331,-2.3748,2
-1.7667,1.0707,2
-1.7845,-0.59337,2
-3.2758,1.8743,3
3.6732,4.0454,3
2.2868,-2.1639,2
-3.2959,1.2101,2
-2.2668,2.2456,2
2.6512,-1.5375,2
-1.5323,0.68257,3
-1.74,-0.52106,2
1.6623,-0.61192,3
3.6225,2.027,2
-2.7327,-0.19393,2
2.0187,3.229,2
0.80478,1.0211,2
2.9111,1.4119,2
2.5847,0.15427,2
-0.68423,0.028093,2
-1.4257,1.5957,3
2.2176,1.5138,2
2.2933,-1.6788,2
2.9519,0.58309,2
-0.3799,3.8387,2
2.0145,1.4271,3
0.52019,-1.1796,2
-1.6653,-0.91741,2
0.82333,1.7907,2
-3.7287,0.087675,2
-1.4375,0.03438,2
4.7091,4.6351,3
0.1535,0.53339,2
0.66408,4.4477,2
-2.8347,-2.0439,3
-1.9896,0.74825,2
-3.873,3.4568,3
0.4801,-0.39065,1
-0.028472,-0.81048,2
-0.9828,-0.25183,2
-0.67497,1.2801,2
-2.8756,-2.0009,2
-0.25068,-1.8089,1
0.14795,1.407,2
1.3494,3.1486,2
1.2976,0.68264,1
0.95426,-1.8339,2
0.46717,-0.9602,2
-4.1508,3.2502,2
-0.29175,4.2546,2
0.93492,-0.13838,2
1.7024,2.8458,2
-4.2606,1.0603,2
2.937,4.3413,3
2.5434,2.2209,2
2.162,3.5919,2
2.0153,2.7448,2
-2.2932,-2.3228,2
0.58231,0.28348,2
3.9286,-3.2014,2
1.8669,-1.5737,2
-1.3819,-3.6835,1
3.9741,-0.38743,3
0.67862,0.40838,2
-1.3857,-1.1763,3
1.4281,-0.57396,2
-0.25821,-0.70595,2
0.25981,-4.6169,2
3.4791,-0.41747,2
0.43237,1.6188,2
-3.7112,-2.0658,2
3.3238,-0.59884,2
0.41821,2.6936,2
-1.3973,-2.1607,1
1.6896,-0.33933,2
1.4279,-0.025025,3
-4.8181,-1.9199,1
-3.428,-4.0541,1
-0.8133,1.7613,2
-2.7764,-0.55791,2
-5.8167,-1.5474,2
-1.2716,5.5721,2
0.60089,-0.46233,2
-1.7685,0.81655,2
-3.6672,-1.9589,1
1.9245,3.5155,2
0.99195,2.4932,2
4.28,5.4843,2
2.5719,-0.84276,2
2.5603,2.8757,2
-2.5889,3.5953,2
1.0442,-1.3887,2
-1.9408,-0.27006,2
0.80692,1.8545,2
0.018957,2.5467,3
0.3018,-3.9517,2
3.2749,2.0455,3
-2.8085,-0.67825,2
1.0755,-1.5397,3
1.4303,-2.7544,2
4.2699,1.3169,2
0.82739,1.0141,2
3.2089,0.0048064,2
-2.0987,-0.31933,2
-2.8829,1.7376,3
2.9634,1.6802,2
-2.321,-0.14054,2
5.1064,-0.66924,2
3.0593,-0.57444,2
-2.6982,-3.3105,2
2.8207,-1.7135,2
1.5626,-0.49767,3
1.895,1.241,3
1.781,-0.21145,3
6.5578,2.8568,2
-1.4543,1.9617,2
-0.044186,-0.74508,2
0.61235,-2.3128,1
1.5371,3.589,2
2.6624,1.7074,2
1.9403,-0.41101,2
0.12448,-0.80006,2
2.4807,3.9331,2
0.90937,-1.474,2
-5.1277,-4.3635,2
-3.7722,-2.7603,2
2.0075,-5.3605,2
3.002,0.73964,2
1.222,-1.6103,2
-1.0246,-0.29166,2
-2.5835,-2.6398,2
-3.9087,1.2653,2
-1.2835,-7.1653,1
-0.35793,3.4519,1
-0.6912,2.5478,2
-0.72316,0.58543,2
2.0196,0.92366,2
1.4688,-3.2665,3
5.5539,2.4048,3
-3.1023,1.5981,2
1.6709,-0.53795,2
0.14278,1.7953,2
1.3688,-0.00023281,2
-2.1829,-1.7181,2
-0.57396,0.58769,2
0.19294,-0.69662,2
0.87814,-1.1016,2
-0.83758,-0.0067432,2
2.2797,-0.38333,2
-3.1484,3.445,1
-2.2941,2.6051,2
5.3818,1.9292,2
-1.3025,-3.8706,2
1.1976,-3.8688,2
-1.766,-1.0698,2
2.0097,0.66687,2
-1.2401,2.3548,2
-3.8034,-2.875,1
2.6542,4.5343,2
-0.61442,1.6926,3
-0.86311,-1.7525,2
-0.18847,-2.5785,2
3.0232,2.4143,2
-4.1289,0.61069,1
-1.8678,-1.3425,1
2.442,3.5852,2
-4.0827,0.45379,2
-0.39816,-3.8956,2
0.90807,0.6377,2
-0.8369,1.1973,2
-1.9631,1.8276,3
-0.44542,-1.2442,1
-1.1573,-1.3648,2
0.60677,-2.8261,2
-1.5125,-3.0373,2
0.83616,-0.34757,2
-0.57849,-0.050492,2
1.9424,-2.5077,2
-4.1273,-0.084324,2
-2.0759,0.58066,2
-1.8028,-0.27684,2
3.1439,2.9514,2
-3.4063,-4.0184,2
2.0842,0.61012,2
-3.5946,-2.7608,1
0.77816,1.8014,3
1.0687,-1.22,3
-4.2746,-1.9588,2
-2.0819,-2.0043,2
1.2131,1.7723,3
0.86091,-1.3177,3
1.0736,-3.4141,2
-1.5335,1.6467,1
0.3626,2.2348,2
4.3354,-1.7822,2
2.397,-1.0463,2
-0.21529,-1.3497,2
0.0016387,0.51027,2
-2.0033,-1.2418,2
-1.5274,1.2293,2
2.1001,4.1303,3
-0.61039,-2.1425,2
3.6403,1.1994,2
1.5401,2.602,2
0.86356,0.93862,3
-3.819,1.0787,2
-0.41202,-0.28324,2
2.3583,1.2684,2
-1.7986,-0.37839,2
0.38328,0.57695,2
1.5049,0.97743,2
-0.87852,-0.088232,2
0.48974,3.2673,2
1.0051,2.543,3
1.1299,-1.5953,2
-1.9311,-0.52827,2
-4.8161,-1.5873,2
-0.10604,0.80847,2
4.1785,-0.11828,2
1.5882,2.2003,2
2.6789,2.4375,2
-1.8545,0.98839,2
-2.235,-1.2051,1
2.5331,-0.19989,2
-2.0399,3.4037,2
-4.6092,1.4296,2
-1.287,-2.6046,2
0.36454,-3.2591,2
-0.85382,2.9176,2
0.10967,0.075582,3
-0.79648,-3.2081,2
-1.8296,-1.5068,2
2.3434,0.93607,2
2.4344,-1.2353,2
3.7549,-1.2089,2
0.46286,0.73703,2
-1.8831,0.73311,2
1.8971,-0.15952,2
0.39323,1.7949,2
4.2967,1.031,2
0.84523,0.6037,3
-3.2224,0.85064,2
-0.35651,2.1751,3
0.72947,1.7065,2
-0.6068,2.322,2
-1.8152,-1.0355,2
4.1805,0.11087,2
-0.14432,-3.626,2
-4.0506,-1.5809,1
-0.53215,-0.067037,2
-0.83997,0.83028,2
2.6744,0.36191,2
2.5822,-0.13467,2
0.63592,-2.7989,2
0.45462,0.97401,2
-0.036091,1.0805,3
-0.41275,-2.0712,2
-1.7218,2.434,2
3.0515,-5.1224,2
1.1555,2.7406,2
-0.64116,2.8384,2
0.66641,3.2825,3
0.50271,-2.0345,1
2.3009,3.3486,3
-1.5352,4.2498,2
3.0895,-0.76781,2
-1.686,-3.1277,2
-0.54097,1.5571,3
-0.34473,1.8736,2
2.2996,1.1327,2
3.0752,-1.2241,3
1.8124,-1.2188,2
-0.30639,-2.4384,2
3.1307,0.23708,3
1.1618,1.3993,2
2.526,3.8513,2
2.9194,2.6566,2
1.5949,-0.13497,2
-0.25915,1.9016,3
1.6908,3.2046,2
-0.93207,-5.7164,1
3.2236,-1.2914,2
-0.89756,-2.3277,1
-1.158,2.097,2
1.1011,1.7437,2
1.2105,-0.3108,1
0.94376,4.9334,3
6.7482,-2.0831,3
0.11278,3.1396,2
-0.062164,0.70969,2
-2.8304,0.032061,2
1.1139,-1.6312,2
1.688,0.3547,2
2.9434,4.6024,2
0.41413,-2.5537,3
0.76708,-1.1857,2
-3.2988,4.0215,2
-1.4866,-3.4288,2
-2.3372,-2.1114,2
-1.4385,-0.42279,2
-1.8826,1.2922,2
-1.687,2.4293,3
-0.28728,-0.70965,2
-0.49611,1.9447,2
0.044138,1.4535,2
-2.5185,-0.77146,2
0.93346,1.1673,2
4.585,1.7291,2
-2.072,2.4839,1
0.13485,4.5081,2
-5.478,1.2573,3
3.6137,0.048396,3
2.9015,0.28694,2
-0.18758,0.4536,2
-4.7258,-6.8587,1
4.3603,2.9398,2
-3.9598,-1.885,2
3.068,0.90595,2
1.7147,5.2243,1
-2.0822,-1.663,2
-4.082,-2.0254,2
4.9571,5.0936,3
0.93534,0.5725,2
-1.9844,-0.57391,3
0.079503,-4.4495,2
0.60992,-1.7669,2
-0.05697,0.45168,2
2.2748,2.3432,2
-0.89393,1.9537,2
5.4508,-1.3629,2
-0.56862,-0.62908,2
-0.12991,0.80428,2
-0.24472,-1.5066,2
-1.5863,-5.1906,2
1.7279,1.5837,3
1.3437,2.9995,3
-0.98082,-1.7108,2
-0.47543,-3.33,2
-0.36906,-1.3185,2
-0.7722,1.0424,2
-0.59151,0.31396,2
-0.080153,-2.8951,3
-6.9671,1.3784,2
2.7367,2.49,2
-4.8334,-6.7051,2
4.036,-0.91057,2
-0.50972,0.67332,2
-2.723,2.3154,2
-0.4664,1.249,2
0.5981,1.0256,2
1.4292,1.6412,2
-0.85014,0.021653,2
1.097,-0.27306,2
-1.641,0.76753,2
2.8553,-1.406,2
1.8371,-0.11942,1
-3.8125,-4.3967,2
-1.072,-0.1425,2
1.6737,1.0953,3
1.7656,-0.47105,2
0.34923,0.97944,2
-1.9351,-2.0011,2
2.5674,1.4706,2
1.3359,-0.85514,2
-0.68264,0.45525,3
1.583,-4.71,2
-0.65692,-2.0155,2
-2.1222,-3.2618,1
1.6843,-0.16051,2
-1.2198,-0.98152,2
-0.081502,1.7418,2
-3.2697,0.69229,2
3.9118,2.0128,2
0.46903,2.5738,3
0.92689,1.7402,2
2.6561,-0.22159,2
-1.3585,-0.69509,2
0.30177,-2.8121,1
-1.0912,-2.7621,2
-2.9451,-2.5152,2
-0.58085,0.41997,2
-1.7858,-1.0172,2
-3.892,1.9192,2
1.8834,-0.81659,2
-2.4352,-1.1358,2
-4.6151,-0.78132,2
4.0064,0.25151,2
-0.25853,-1.5593,2
-0.071653,0.18685,2
-0.7645,0.35825,1
4.7765,-1.3278,2
-1.842,-1.6796,2
0.96193,2.9393,2
0.085654,0.63329,2
-3.2634,1.4791,2
-2.8787,2.4449,2
3.486,-4.604,2
-0.71074,-1.4279,2
-2.7568,0.17586,1
0.36974,-1.2316,2
-3.2702,0.27282,3
-0.69756,0.21242,2
1.1227,-1.3494,1
-1.3428,-3.5298,1
0.70118,1.3366,2
0.89369,-0.49312,2
3.9309,1.4281,2
-0.22622,-2.6203,2
1.6211,-0.36516,2
-0.9202,-1.8419,2
1.6187,2.9178,2
-0.71997,-1.8269,1
-2.5326,-2.6622,1
2.5191,0.57181,2
1.7053,-0.13956,2
0.02206,1.9146,2
-0.82966,0.0048359,2
-3.2245,-2.7135,2
-2.3033,1.3415,2
0.60202,3.8842,3
2.5713,4.9255,2
-0.99029,-0.022601,2
1.4638,-0.54175,3
-1.5248,-0.066101,2
-1.3302,-0.46897,1
-3.027,-0.82395,2
1.2419,1.9136,2
3.0371,0.036785,2
1.3268,-1.6423,2
-2.5162,-1.1232,1
3.2382,2.4667,2
2.7414,1.3615,2
0.1785,-1.3848,2
-4.3653,0.55561,2
-1.3259,1.568,2
-0.71885,-1.552,1
1.3579,2.1103,2
-1.5788,-1.8565,1
2.0487,0.18746,2
-0.94415,-3.4356,2
0.37062,2.0088,2
-0.43668,3.061,2
0.20956,-3.2809,1
4.5015,-2.0205,2
-1.3515,-2.2933,1
-1.3675,-0.40239,2
-0.18833,-2.1271,2
-0.50476,-1.6845,2
-1.5049,-1.8841,1
-2.8644,-0.4899,2
1.3405,1.5811,2
0.74691,1.4592,2
-0.25888,-1.5685,2
-1.2934,1.1793,2
2.3164,1.9928,2
1.8125,1.2451,2
-0.13451,-0.67913,2
3.1843,0.84196,2
0.66138,-1.0034,2
0.2895,0.4207,2
-0.54816,-1.497,2
-1.8229,-2.1701,2
3.0818,-2.3303,1
3.0316,-3.4167,2
0.81473,-0.56909,2
1.1905,4.0775,3
-0.046636,4.7278,3
0.067779,-1.9421,2
-1.6496,-0.18221,2
-0.87612,0.64243,2
-0.72916,1.5944,2
2.2392,0.063825,2
-0.78321,0.62726,2
-1.9768,-3.3629,1
-3.3393,-2.4502,2
-3.469,1.4589,2
-4.2782,-0.98214,2
1.9798,0.090735,3
-1.6994,-0.76123,2
-1.8806,-3.3492,2
3.3154,-1.2163,2
1.5633,-2.4419,1
-1.6955,-2.8776,2
-1.5932,1.2883,1
2.3712,0.21166,2
-1.415,-1.6194,2
-3.4309,1.2344,2
-3.7936,-1.9772,2
1.1486,-2.1941,2
0.90148,-2.8612,3
-3.3879,-1.8952,2
2.1065,1.4526,2
-2.0054,-0.87534,2
1.3248,3.8218,3
-0.0041242,-1.5831,2
0.05347,2.0549,2
0.56652,1.753,2
1.3961,1.3475,2
1.2377,-1.5247,1
5.7497,3.5913,2
1.5338,-0.0063867,2
0.27512,-0.49066,2
1.7773,0.77526,2
-0.19278,-0.049031,1
-1.7399,0.47373,1
5.4511,5.6095,2
0.066153,-1.3616,2
-2.4527,-4.4595,2
0.18206,-0.11448,1
0.95486,-1.174,2
-4.3049,-1.0757,2
0.31584,-3.7324,1
2.0808,0.069733,1
4.4902,1.745,2
-0.37112,-1.7742,2
0.32236,2.3223,2
1.2062,4.9613,2
-0.48567,-1.0196,2
3.4112,4.0076,3
4.6994,7.0635,3
0.088309,-0.9233,2
3.3696,-0.93697,2
-1.3312,2.0799,2
-4.1623,-3.2696,1
-0.79553,-3.4491,1
-0.53419,2.4951,2
3.3622,1.1474,2
-1.4645,0.14151,1
1.553,1.5948,2
1.9649,3.287,3
-2.186,-0.05996,2
1.3248,0.11674,2
-1.3618,-3.782,1
-1.6901,-1.6846,2
0.56412,-0.39947,2
1.8951,1.3413,2
1.1825,-0.44535,2
3.5454,-0.95372,2
2.2416,-2.9457,2
1.1493,-0.60842,3
-2.1354,-3.6929,2
2.6654,0.88774,2
1.9343,6.675,2
1.9911,0.50558,1
-0.30204,0.66081,2
-3.0982,-4.7813,1
-2.1567,1.2435,1
-1.1729,-3.9465,2
0.14773,-0.24792,2
2.3982,-2.3877,3
1.5464,3.1515,3
-1.5593,0.012514,2
-0.71832,-1.5049,2
3.7687,3.4126,2
0.84737,2.7432,3
0.53096,2.274,3
1.4484,-5.5684,2
2.0207,-2.162,2
2.2063,-2.4775,2
0.20466,0.28569,2
0.26027,-1.0591,2
-3.5595,0.028457,2
2.7998,-0.50673,2
1.9864,1.5818,2
1.2604,0.72036,2
-0.68139,-4.4891,2
-1.2804,0.087764,2
2.9698,1.3262,2
1.061,-0.39981,3
-1.1398,0.81324,2
-1.2628,0.57296,1
-1.1756,-3.3449,2
-1.7432,-1.3331,2
3.6506,2.875,2
0.99802,3.6742,2
0.93314,1.9182,2
2.071,0.73696,2
2.107,2.4259,2
-1.4066,-0.20199,2
-3.0547,-0.0090728,2
2.3235,-2.3154,2
4.5477,1.0221,3
2.663,-1.7285,2
0.61183,1.0951,2
-0.54123,0.0082199,2
-0.98303,-0.67037,3
3.1551,-0.11017,2
3.2767,3.2463,2
2.6488,-1.8163,3
-2.0874,0.15904,2
0.6267,1.457,2
1.3892,4.2153,1
-1.1204,0.0041049,2
2.7705,-0.8886,2
0.99301,-1.1238,2
-0.90359,-1.8542,1
-2.4218,1.4661,2
-3.4493,-1.8215,2
2.2099,0.67045,2
-0.86906,-1.0131,3
-3.6439,-1.9311,2
0.21147,2.5358,2
0.14501,3.5048,2
-2.5192,-1.7702,2
0.35329,2.4281,3
0.82491,0.19517,2
1.9842,-0.10738,2
-1.7137,-1.8474,2
-1.995,1.3058,2
0.77955,-0.70989,2
4.1377,3.1661,2
-0.35338,0.48593,2
-0.69086,0.4694,2
-1.0117,1.6876,2
2.6965,0.957,1
-4.1419,-1.5986,2
1.5407,3.2731,2
0.6227,0.3103,2
-2.2939,-3.0356,3
2.2531,-2.2096,3
-1.7627,-1.3698,2
1.9966,-1.2933,2
-0.19757,-0.020195,2
-0.84915,0.95816,2
2.9014,-2.1566,2
4.5078,1.5214,2
0.38243,4.1934,2
1.2957,1.6515,2
-1.8724,-3.3878,2
-2.8774,0.9319,1
5.6153,2.6305,3
2.5122,-1.0695,2
-1.8948,4.1715,2
1.3864,0.4634,2
-1.1761,-0.082575,2
-3.7503,-0.063483,2
4.6242,-0.62932,3
-0.91563,0.20851,2
-2.672,3.7453,2
-2.5958,2.9062,2
2.0775,-2.9693,3
-0.98154,1.1984,2
-1.3042,-2.7823,2
3.6245,2.2772,2
-0.82832,0.60306,2
-2.2886,-2.8665,2
-0.19647,-1.0972,2
2.2231,2.2737,3
2.3051,0.66432,2
-1.4443,0.98599,2
-3.0731,0.099447,2
0.53226,0.14963,3
0.63803,0.094617,2
0.32678,1.3908,2
-1.0214,-3.0915,2
1.144,-1.4015,2
0.56011,1.8088,2
0.71667,2.2793,2
-0.68442,-3.0372,2
1.5637,0.41291,2
0.072122,0.98278,2
-0.59741,1.0507,2
-1.2048,-2.4395,2
0.35158,0.18307,2
0.54071,0.80951,2
-2.4424,1.9255,3
0.68149,0.41682,2
2.9583,0.20093,2
-1.3009,-2.8215,2
1.8683,1.6255,2
1.3426,-1.5308,2
4.9045,-0.68775,3
-0.51314,1.2812,2
1.2086,2.9148,2
-1.1511,-0.39799,2
-2.1872,-2.0189,2
-2.5287,0.97692,2
3.5893,1.8535,2
0.063606,5.7258,2
4.0997,-0.82313,2
0.98386,3.5032,2
-0.36042,0.43272,1
-0.076212,3.549,2
3.5065,-0.2259,2
-0.89169,-2.4181,2
-0.87672,-1.1542,1
-1.1708,-0.81534,1
-0.91521,-1.093,2
2.9941,4.5631,3
0.10889,3.3034,2
1.4704,-3.4163,2
-0.51697,-1.6797,2
0.28225,-1.6426,2
0.44585,0.88866,2
1.6377,-0.86234,2
-1.9447,-1.4933,2
-5.4631,-3.9054,2
1.2605,5.2602,2
4.5859,-2.8358,2
0.24576,-2.1294,2
-1.1908,-2.1888,2
-2.8452,-5.6317,1
4.0133,-1.4932,2
1.5457,4.6997,2
0.17447,-1.6642,2
1.3995,-3.8789,2
-2.8419,-1.5346,2
3.8404,1.1171,2
1.852,0.53749,2
1.6682,2.6468,2
-1.0299,0.07063,1
0.51495,-0.77401,2
1.6129,-1.0135,2
1.8704,0.56577,2
3.2769,0.83791,2
-0.25843,1.6665,2
-2.0926,0.34712,2
-0.15699,-2.1827,2
0.24769,1.5417,2
-1.2653,2.0762,2
1.0462,1.0395,2
2.5827,1.8021,2
0.061115,-0.65393,2
-2.0142,2.0986,3
-0.20622,1.2046,2
0.87274,-5.7537,1
-2.278,-1.4784,3
-5.4028,-1.9498,1
3.0885,1.5151,2
-1.0523,-3.0938,1
2.6674,-1.1608,2
-3.1063,0.89541,2
2.2178,1.3625,2
-0.78164,-2.1736,1
2.0532,2.8974,2
-1.2665,-0.42073,2
0.96895,1.7219,2
0.18828,0.09839,3
-2.4588,2.1523,2
-0.23052,-0.32301,2
2.7494,0.92233,2
2.0487,1.3203,2
-3.4173,0.97073,2
-1.1972,1.5032,2
1.0342,-1.3745,2
0.27668,-1.659,2
-3.3876,4.3518,2
1.574,1.7958,1
0.10295,-0.57643,2
-1.9937,-3.001,1
3.4727,-0.94578,2
-0.4073,1.1802,2
-3.8502,0.93701,2
2.0401,-2.4732,2
-0.63628,-0.12295,2
0.86981,-1.2582,2
-2.4373,-1.5875,2
-2.3082,-1.2373,2
-2.5324,0.40289,2
4.3974,0.51076,2
3.8833,1.8548,3
0.10175,-2.5762,2
0.40902,-2.25,2
-2.5875,-0.13517,2
3.8795,1.4473,2
2.5096,-1.1186,2
-0.67353,-0.83024,2
0.84285,-5.0942,2
3.7599,4.8982,2
2.5911,-0.55845,2
0.19167,-1.4767,2
-2.0185,-0.14947,2
0.18439,-1.0433,2
-2.2831,-0.20162,2
-1.0573,-1.922,2
-3.1383,-0.83276,2
-1.9803,1.048,2
3.0703,0.62056,2
0.25546,-0.65273,2
3.3424,0.61063,2
0.27139,-1.0062,2
-8.049,-2.3433,2
1.1328,-1.4725,2
2.6167,4.091,2
-0.48225,-2.6051,2
5.3506,-2.1569,2
2.5909,-3.9967,2
0.02458,3.456,2
-1.4597,-1.0774,1
2.5963,0.62301,2
-1.3132,-1.0432,2
-0.92986,0.91351,2
-0.02718,1.3533,2
4.2335,3.4506,2
-5.2914,-5.4454,1
0.78444,-0.62869,2
0.8982,3.1069,3
3.2164,-3.683,2
-3.4385,-0.36925,2
-3.9599,3.7553,1
1.6183,-0.29451,2
0.85628,0.085795,2
0.20881,2.5949,2
-5.7425,0.43037,2
-0.56249,-0.4633,2
-0.23562,0.52856,2
0.032225,0.89367,2
1.188,0.77322,2
2.505,1.1707,2
0.79082,0.051314,2
0.8401,0.553,2
-2.7526,-3.7772,2
-1.4753,-4.3337,2
-1.5671,-1.6903,1
2.2585,5.6935,3
-0.3598,5.0149,3
0.66199,-3.7472,2
-3.8106,1.1282,2
-3.5418,-4.5323,1
-1.6438,-1.3006,2
2.2648,-1.8185,2
-0.52865,2.6461,2
-0.28213,1.3954,2
1.0938,-1.0839,2
1.2864,-1.4732,2
4.4358,-2.5657,2
0.43452,0.24608,2
-0.36891,-0.10158,2
-0.81361,1.8976,1
-2.4414,-1.223,2
4.5199,-2.7752,1
-0.35663,0.86609,2
1.1964,-0.58092,2
-0.79952,-2.9399,2
2.6631,0.1525,2
4.645,3.0422,1
-2.9603,-1.7867,2
-0.56361,0.16177,2
3.4182,1.3262,2
2.332,4.3283,2
-0.90004,-2.9504,2
-1.5869,-0.11055,2
-5.7947,-2.8785,1
-2.1018,3.6286,1
-4.3309,0.016712,2
-2.2124,-3.6077,2
0.73742,-0.1394,2
-0.13171,-1.924,2
2.0215,0.52887,2
1.1985,0.39824,2
-0.65957,-0.11581,2
-0.92708,3.2012,2
3.1798,4.8597,1
-0.74339,2.1401,2
-3,1.6145,2
3.6637,-0.88613,2
-1.3208,0.17127,2
-0.10285,-2.5987,1
3.8454,0.62723,2
1.9262,0.71798,2
1.3068,-0.66373,2
-0.30132,1.3906,2
2.1123,-0.99976,3
1.5863,0.64532,2
-1.7694,3.7627,2
3.3365,-3.3087,2
1.544,-3.9327,2
3.0109,4.3899,2
-1.677,-1.4335,2
-1.4732,2.2468,2
1.3413,1.6175,2
-1.6288,-0.0097836,2
1.6043,-2.3513,2
-0.67365,-0.15449,2
-1.4768,-1.5277,2
-0.36165,-0.83379,2
-2.3066,2.3002,2
-0.7869,0.8447,2
-4.8687,2.1957,2
-3.2887,-1.6435,2
-0.16185,3.2565,2
-1.4101,0.50988,2
-1.0902,0.82831,2
-1.2592,4.1652,2
3.4554,1.5559,2
1.4153,0.40668,2
1.5154,0.54227,3
-0.52995,0.85941,1
2.4424,-3.8099,2
1.8703,1.7266,2
4.192,2.8656,3
0.40807,-2.2488,2
-3.8049,-2.456,1
-2.1293,-0.35419,2
1.2186,0.78349,2
-1.2951,-4.8544,2
0.80938,-0.8406,2
-0.87312,1.6028,2
-0.21244,4.3387,1
-2.9447,0.69973,2
-0.19338,2.7199,1
1.7905,2.2018,2
-1.0888,-0.2269,2
-0.94386,0.55264,2
0.45653,1.4205,2
-2.4373,-0.59039,2
0.055252,-0.36856,2
0.22719,0.28459,3
-0.74536,-2.2653,2
-0.11375,4.4527,2
-4.5552,1.376,2
-0.38762,1.014,2
1.0651,-0.82479,2
-3.8117,-2.3169,2
-0.66964,0.89342,2
-0.63796,4.0363,2
-0.81418,-1.4016,2
-0.60989,-1.6246,2
-0.24349,2.5647,2
1.7463,-0.8726,2
-5.6939,0.76107,2
-4.8958,-4.7057,2
-0.34717,-1.8017,2
2.0157,-0.87757,2
1.6913,0.14672,2
-1.0058,0.82311,2
-2.024,-1.5222,2
0.97422,-0.87122,2
-0.76234,0.47038,2
1.9399,1.293,2
-2.0579,-1.8362,2
-0.2453,4.3866,2
1.4483,1.441,2
-2.2422,-1.6795,2
1.7978,6.473,2
1.4496,1.215,2
-4.3009,-2.1899,2
-3.4786,0.10186,2
-0.62973,1.1566,1
-0.14319,-4.3196,2
-1.3834,-1.2416,2
-2.9687,-0.19933,1
-3.0884,3.2975,3
2.1772,2.9471,2
-0.90891,-2.4796,1
-0.13246,1.4616,2
1.1706,-0.19355,2
-2.604,-0.14592,2
2.834,1.7586,2
-0.80092,1.6639,2
-0.70351,-0.7685,2
-2.5861,-0.58041,2
0.58156,-1.8682,2
0.29134,-0.59359,2
-0.58308,2.8807,3
6.4873,1.9932,2
0.97417,2.8316,2
-0.90992,-0.18315,3
2.1962,2.1725,3
4.905,2.5995,2
1.2274,-0.30707,2
-0.81817,4.2535,3
-1.6454,0.41364,2
3.968,-2.5866,2
1.1075,-1.1016,2
-3.7057,-2.3772,2
3.1489,3.2434,2
-0.36738,1.4241,2
-2.9797,-2.5549,1
-1.3869,-2.8979,2
1.0465,-0.96529,1
-1.9321,-0.81314,2
0.36,2.2719,2
0.98381,-0.15658,3
0.010217,2.4918,2
3.6172,3.1298,2
-3.5415,-1.255,2
-5.6731,-0.70357,2
-0.24216,2.3926,2
2.8128,1.122,2
-0.28748,-1.9538,2
4.5294,3.3801,2
3.0787,-0.86823,2
3.6202,0.38451,2
-2.6373,2.5917,3
3.5676,-1.6463,2
-2.2936,-1.4046,2
1.1926,0.13206,2
0.63198,1.5921,2
3.8824,-0.71978,2
4.963,-2.2653,2
-0.44846,1.5852,2
-0.90653,0.36326,3
-2.7442,3.9023,2
-0.49018,2.3806,2
-1.526,-1.8605,1
-2.1231,-0.94622,2
-2.6504,-1.8939,2
3.6091,-2.5111,2
2.1304,2.3654,2
-1.4737,-0.41403,1
-0.35957,-2.7524,2
0.97858,2.9831,2
-1.2605,1.7931,2
-0.75401,-0.98531,2
1.216,-1.7653,2
-0.34001,6.9121,1
0.70901,1.9326,2
-2.9123,-1.3791,2
0.62786,0.91837,3
-1.2878,-2.2187,2
-0.38681,0.37625,3
2.0452,0.67466,2
0.985,5.4517,2
-1.4422,0.38051,1
-3.6924,1.5961,2
0.8638,3.3976,2
-3.5952,0.99285,2
0.83237,5.9322,2
3.6713,3.9087,2
0.43299,0.5363,2
-3.9475,1.4136,2
-1.4028,1.1967,2
-0.99842,1.2624,2
4.3813,3.2721,2
-1.6748,-2.2132,1
0.611,0.73676,2
-0.44507,-2.7886,2
2.6117,-2.7734,1
3.6278,1.2051,3
-2.3896,-0.34641,2
-3.279,-0.37822,2
-1.4658,0.62373,2
-7.6168,-0.7464,1
1.3617,0.0082051,3
-3.5079,-1.6661,2
-2.3002,7.0419,2
-2.5452,-1.4118,2
1.3594,-0.54016,2
-0.47236,0.66982,2
2.029,0.19476,2
-0.53123,-2.3157,2
-2.5779,-0.77798,2
0.39157,-5.8084,2
1.5759,-1.3288,2
6.1564,2.8738,3
2.8815,1.0998,2
-1.4175,0.097088,2
4.5714,2.2245,2
-1.5506,-1.2752,2
3.9609,-1.4485,2
-0.19712,-1.3125,2
2.522,4.1741,3
0.72032,-3.7135,2
2.5485,0.89986,2
3.2554,-0.49902,2
0.10425,-1.2217,2
6.5336,0.058338,2
-1.269,-1.2201,2
1.2335,3.4071,2
-0.80177,1.581,2
-1.2782,-2.1238,2
0.97432,-1.0786,1
-3.4532,-0.021098,2
-1.8319,3.3834,2
-2.0927,-1.6348,2
-2.9571,-1.6379,2
2.9514,1.9814,2
-1.3513,0.21525,2
-2.4314,2.5612,2
-0.13226,0.58963,2
0.99692,0.8645,2
-0.02972,-0.405,2
3.7969,1.4425,2
1.7941,-0.14851,2
2.1497,-1.386,2
4.3695,0.50705,3
-0.33616,0.41506,2
-3.3199,1.5869,2
-2.0684,2.973,2
0.3879,-2.3316,2
-2.0887,-3.1699,2
0.90962,-3.6608,2
-0.86008,-2.6268,2
0.81748,3.4368,2
-1.3287,1.0288,2
2.6049,0.06693,2
2.5381,3.0218,2
1.5199,3.3431,2
-3.3218,0.46484,2
-4.3467,-2.713,2
-0.56013,1.5219,2
-0.065866,-1.9093,2
0.93025,-0.39538,3
0.47897,4.514,2
-1.9646,3.5275,2
-1.6566,0.039533,2
-0.63174,3.411,2
0.69021,1.8597,2
-2.1181,-3.3915,2
2.5302,-3.9874,2
-2.6875,-1.0129,2
0.49406,0.8033,2
3.8514,-1.0601,2
2.0418,-3.3216,2
-1.9713,-1.2543,2
-0.43969,0.50297,2
-1.9113,-0.58503,2
0.48706,0.4606,2
2.1759,0.50291,3
-2.1274,-4.3138,1
-1.9565,-3.7172,2
-0.30803,-0.017679,2
-4.3708,1.9281,2
2.4291,-1.2535,2
1.1316,1.2849,2
-1.0787,3.7139,2
-0.70067,1.1659,2
2.2039,3.5271,2
2.8696,2.6914,2
-3.1891,-0.30717,2
-2.7854,-1.1556,2
0.63026,2.0618,3
0.82374,-2.9175,2
4.0295,-1.4636,2
-2.9361,-3.9618,2
1.9175,-0.018865,2
-1.3158,-0.76419,2
0.1911,1.3165,2
-2.319,1.5675,2
-1.5986,1.8581,2
-1.4736,-3.2174,2
1.0347,1.7127,2
-1.2534,-1.0378,2
0.090183,-1.1401,2
-2.4115,0.98128,2
-2.8481,1.1988,2
1.5964,0.12554,2
-0.60638,-0.15976,2
-0.52396,0.73922,2
-5.2325,-3.6764,2
0.61001,-2.8568,2
-1.6019,-1.7971,2
1.1659,2.3309,2
-0.96028,0.61093,2
0.70338,0.0022135,2
-4.7836,-3.8972,2
2.5933,1.1656,2
1.8392,-0.89118,2
-6.4076,-1.552,2
-1.7242,0.23868,2
2.3304,1.3049,2
-1.7018,-0.23341,2
1.5059,-5.5902,2
-3.5473,-0.038433,2
-0.58352,-1.8812,2
0.54115,2.5002,1
-3.0927,2.0298,2
-1.4382,0.58876,2
0.85915,-1.7547,2
0.62973,0.32566,2
-0.17661,-0.88304,2
-2.3295,-2.1316,1
1.5413,1.4089,2
-3.6239,0.41575,2
-0.35599,2.375,2
3.4838,5.6324,2
-1.9491,3.7151,2
2.7249,-0.97704,2
0.26052,1.0135,3
2.5378,2.0224,2
1.9031,2.822,2
5.357,4.0026,2
-1.7368,-1.2043,2
1.8126,0.13418,2
-2.9994,-2.9585,2
3.5198,5.0954,2
2.9333,6.5448,2
-4.2519,1.2322,1
3.2784,-0.70894,2
1.7579,2.5081,2
0.9322,-1.7319,2
3.758,1.1897,2
-0.14828,-3.3863,2
-1.6007,-3.9839,1
-2.2246,-1.6417,2
-7.0152,-2.4441,2
-3.517,-3.2604,2
-0.50845,2.505,2
-3.4861,-2.701,2
-2.2907,-1.1418,2
-0.31938,-3.7345,2
2.0004,-1.8879,3
2.4869,2.8841,2
3.2415,0.64854,3
-1.9909,0.20481,2
-1.263,1.7025,2
-0.9651,2.1935,2
2.5895,2.4448,2
-1.0346,-1.1905,2
3.0348,2.6766,3
-3.2581,0.77586,2
1.8518,1.9599,2
5.5798,1.2575,3
-2.9,-0.68948,2
-2.5524,-3.5193,2
2.9731,-0.62018,2
2.7755,1.8936,2
-3.0496,-0.49809,1
-3.8863,1.276,2
1.2081,2.46,2
-0.42956,-1.637,3
-2.3261,-1.3421,2
0.024604,1.4072,2
0.9787,-1.0851,2
-3.0518,-0.29845,2
-2.7583,1.3969,2
-0.26555,-1.2888,2
-0.93469,1.5045,2
-2.1548,-2.5012,2
1.6982,0.67009,2
-3.5196,0.21871,2
5.3191,-0.071441,3
1.8046,-1.8496,3
-1.3177,0.58093,2
2.7796,0.68929,2
1.5278,0.53627,2
0.96605,1.9839,2
-1.8462,0.091143,2
0.62542,2.9421,2
-1.3511,0.030143,2
-1.7313,-0.42428,2
3.074,-0.76662,3
3.4224,1.4313,2
-4.0691,-2.5202,2
2.364,3.4435,2
2.329,-2.5586,2
-1.5344,-3.1624,2
3.4356,-4.3231,2
-6.1491,1.4876,2
1.9594,0.45422,2
-0.13007,1.477,2
-3.5663,-0.87202,2
-1.2244,-2.9471,2
2.7292,-0.39479,3
0.41961,-1.2705,1
-2.3001,-2.1085,2
-0.26755,-2.6591,2
2.3724,-0.32852,2
-0.19099,2.2705,3
2.3473,0.27692,2
0.059261,-0.14938,2
-2.5359,-2.5682,2
2.4278,4.3022,3
-0.59524,-2.5499,2
0.26382,-1.1884,1
0.19659,2.7873,3
-0.83248,-1.9312,2
3.5505,-2.0406,3
-0.64634,0.75037,2
-0.068292,0.092203,2
-1.5241,-0.80698,2
-2.7781,-2.939,1
-0.1389,-5.156,2
1.5437,1.0082,2
2.9475,0.68618,2
6.2837,-2.2728,2
-0.87894,3.1886,2
-0.92416,-0.3107,1
-4.3515,-2.3656,2
0.97952,-0.44787,2
-1.9966,-2.148,2
2.8205,-0.57037,2
2.4903,1.6089,2
-3.3044,0.44655,2
0.52548,-1.402,2
-4.4767,0.72255,2
-2.1186,2.5418,2
4.4252,5.8134,2
0.51906,1.7256,2
2.092,1.6867,2
0.82403,3.1417,2
0.23355,-2.3982,2
0.019793,-4.698,2
-0.71045,-3.2298,2
0.15296,-3.4195,2
2.324,-1.424,2
1.4927,-1.407,2
0.92929,3.2359,2
-0.43416,-2.6759,2
2.1726,0.76544,2
-1.2364,-2.5098,2
-1.0414,2.2807,2
1.469,2.6126,2
-1.8456,-1.5123,2
-3.9807,-0.39192,2
0.78516,-1.0729,2
0.47144,1.0447,3
0.06375,-0.17632,2
-0.21906,-0.81694,2
3.5821,-0.88234,2
-0.36324,3.6561,2
-0.55926,-0.89294,2
-0.36877,0.43857,2
-2.4277,0.6848,2
0.35921,0.23919,2
2.6654,2.7033,3
0.51034,-0.80886,2
0.97461,-0.18841,2
-1.4564,-0.11918,3
-0.47889,2.7696,2
-2.1466,3.2749,2
-0.15263,-0.55236,2
-2.4181,-0.65467,2
1.3006,-2.1941,2
-0.23053,1.7081,3
0.53658,-0.45681,2
-0.054942,2.3497,3
-2.8195,4.0544,2
0.31353,-2.8612,2
1.3399,1.7015,2
-0.27239,1.614,3
2.489,3.1018,2
-1.224,0.34851,1
-1.9934,1.0289,2
-0.91094,-2.6178,2
3.7255,3.0651,2
0.47135,-1.1442,2
-0.86187,1.8012,2
4.0873,-1.0818,2
-1.2496,-1.3828,2
-2.288,0.8982,2
-1.3383,-0.79016,2
0.26642,0.060829,2
-5.9923,-1.6553,2
0.40933,0.66181,2
-1.0311,1.2254,2
0.61753,-0.35671,2
-2.089,-0.38926,2
2.8304,0.75697,2
1.0356,0.32327,3
-2.0737,-2.3332,2
-0.053073,1.2625,2
1.4948,-1.2279,2
-1.7717,-0.441,2
1.0403,1.3691,2
-1.1554,-1.3259,1
-5.1239,2.9827,3
0.74495,1.8983,2
5.2313,0.92439,2
0.28997,-0.36098,2
-2.2402,-1.326,2
-1.3961,-1.5505,2
-1.1469,1.992,2
-1.0587,-0.64101,1
0.40073,2.3889,2
-2.4831,2.1282,2
-1.3655,-4.9759,2
0.21356,-4.2672,2
0.40762,2.7203,2
1.0977,3.2828,2
-0.69243,-5.0296,1
-1.5237,0.7126,2
0.35319,0.54814,2
2.5365,1.2503,2
-0.3877,0.31935,2
1.64,-0.10387,2
5.7312,-3.9261,2
0.89103,4.2186,2
-3.9734,0.63017,2
-2.5928,-0.75943,2
-2.6183,-2.0888,2
-0.53503,-1.6082,1
-2.103,1.389,2
-1.5221,-3.0313,1
-1.1974,-4.6138,2
-3.4811,-0.54392,2
2.4282,-0.86182,2
-1.135,0.19806,2
-2.1522,-1.1862,1
-0.088317,-2.9269,2
-1.138,-0.71107,2
2.5825,1.7163,2
-2.7286,-5.0238,2
-0.47702,-0.47675,2
1.9265,3.4024,2
0.36609,1.042,2
-0.90801,1.3729,2
-2.1343,-0.33533,2
-0.36623,0.89274,3
-2.2063,2.6888,2
1.5774,3.716,2
-0.73871,-2.1929,2
3.4926,3.3605,2
-3.0798,-1.0961,3
-0.98275,2.7496,1
-0.39787,-3.7766,3
-1.8619,0.32076,2
-1.4758,-1.5593,2
0.81726,3.6113,2
2.5129,-2.215,2
-0.14353,1.6663,2
0.18575,-0.4365,2
1.6434,-0.28149,3
4.6151,3.6779,2
3.6342,0.5858,2
2.0128,-3.2714,2
-1.4252,-0.75029,2
-2.0161,2.3296,2
0.63579,2.5913,1
-1.1892,2.1055,2
-5.2177,-3.2076,2
1.6164,1.8615,2
-3.5117,-0.53602,2
-1.9487,-1.5921,2
0.22666,-2.2496,2
3.9062,4.7263,2
4.5772,0.22829,2
2.6967,-0.26344,2
-2.3222,2.7348,1
5.8116,1.0028,3
0.34461,3.6161,2
-2.5313,1.2217,2
5.5326,0.58945,2
0.40692,-2.9817,2
1.5984,-4.1783,2
0.053296,-0.89399,1
-3.2176,0.084466,2
3.926,1.1955,3
1.9952,3.9264,2
4.8115,-0.74495,2
0.38444,-4.0175,2
0.023274,-2.8626,2
-1.5034,0.059557,2
0.14493,0.2463,2
-0.81178,-0.55382,2
-0.92458,2.0765,2
5.9034,0.26843,2
2.9913,-2.011,2
0.41252,1.5983,2
-1.8129,-0.6339,2
2.6671,0.60763,1
3.1174,1.3425,2
3.0842,3.6585,2
-3.6331,-0.033911,3
2.3436,-2.3899,2
-0.23945,5.0319,2
-0.80899,3.8454,2
-1.694,-1.1085,2
-2.5239,3.6553,2
1.3408,1.8849,3
2.2835,2.0573,2
2.2588,1.6853,2
-2.3526,1.8017,1
-0.44756,0.21507,2
-0.017725,0.11788,2
-2.0995,4.2548,1
0.58925,1.7081,2
-1.1453,-1.4346,2
4.2175,1.2614,2
0.2705,-0.73679,3
-2.8544,-3.7058,2
-1.2261,-0.66267,1
-1.5349,-1.5762,2
-2.0844,0.13776,2
-3.9457,0.87029,2
-2.3577,1.1523,3
4.8289,-4.8994,2
-2.2316,-1.3363,2
-1.1826,0.014207,2
-0.841,0.064614,2
3.0413,-2.1496,2
-2.3634,-6.6825,2
3.3363,4.4263,3
-0.16399,-2.1518,2
0.3084,-1.1081,3
-1.8791,-2.2327,2
-1.5988,-0.52279,1
3.3472,1.0947,2
1.4376,2.6974,3
-5.1984,0.91618,2
3.5179,1.6995,2
-1.8374,-3.104,2
-3.8765,1.7603,2
1.6035,3.7237,2
-3.4289,-2.8368,2
-0.42909,2.1228,2
2.7887,0.63447,3
-0.94488,-0.35208,1
-1.1679,0.72197,2
1.8153,0.063633,2
0.34536,0.62117,2
0.48285,-2.32,2
3.4349,2.4977,2
-0.31968,3.2917,2
0.085379,1.2775,2
2.2492,0.60523,2
-4.4,-0.14378,2
2.0161,-0.96593,2
-3.1741,2.6032,2
-2.1756,-1.4872,2
-3.103,-1.73,2
0.51766,1.485,2
0.51611,1.1538,2
-0.70561,0.74315,1
2.5113,-0.73574,2
-6.3663,3.6267,2
-0.69471,2.5357,2
-0.23554,-2.1795,1
2.0363,-0.54827,2
-4.6114,-1.6708,2
0.3544,-0.035162,2
0.68194,3.1728,2
-1.3146,-0.20248,2
0.13156,-1.6686,2
-1.9594,0.97182,2
2.0017,-3.2974,2
0.76854,-0.83855,2
-3.1925,0.069418,1
-4.2343,4.0216,2
-3.448,0.15918,1
-2.7161,2.8369,2
1.9053,4.0418,2
-1.9022,-0.28406,3
-2.4233,0.68825,2
0.37078,-2.7501,1
-0.59196,1.5277,2
2.9012,-1.5697,1
3.7511,-0.57454,2
1.4092,2.1699,2
0.41859,-1.3938,1
0.92806,-5.2915,2
2.9494,0.8305,3
0.32812,-1.3691,3
3.9633,-1.7106,2
1.9456,3.1129,1
-2.4751,-0.40622,3
-2.0656,4.4429,2
-0.084843,-1.4403,2
-0.055665,-0.50346,2
0.27025,0.30323,2
-1.4103,1.9172,3
0.32813,-2.4943,2
-2.1598,-1.9646,2
-2.6686,-2.3558,2
-2.4724,2.8875,2
-1.6407,-0.87909,2
1.545,-0.043754,2
-0.20979,2.1589,2
-3.2127,-2.6548,2
2.6089,-2.4463,2
-0.21456,-0.44396,2
0.13918,1.6969,2
2.3838,3.7453,2
-0.40513,-0.076727,3
2.3811,-3.0504,3
-1.5842,-5.0343,2
-0.89052,1.5132,2
-2.4966,-0.98491,2
0.81615,0.063822,2
-2.2286,-1.3778,1
5.0865,-2.2804,2
3.0089,1.1962,2
-0.93583,1.0992,2
-2.5942,3.099,3
-0.58903,-0.11531,2
-3.1772,-3.8844,2
-1.0133,-2.7587,2
1.0394,0.47258,2
1.6639,-0.30261,2
-0.44985,-3.6223,1
-1.1242,0.98525,2
-2.1368,-2.3816,2
3.0083,2.5679,2
1.9511,1.4713,2
1.5713,1.8168,2
-2.0686,1.4711,2
-3.7167,-4.5926,2
-3.1541,3.9854,2
6.3609,-0.32887,2
-0.32434,-0.9963,2
-2.679,1.1372,2
0.22286,0.25679,2
-1.5638,1.8004,1
-0.23687,1.26,2
-4.2785,0.93854,1
0.44008,0.88707,2
-2.3904,-0.49272,2
-0.9701,3.3954,1
1.2645,-2.0548,2
-3.9196,-4.1015,1
-1.4771,-0.36286,2
-1.9674,-0.2987,3
3.8375,-2.0088,2
-0.81331,0.28949,2
1.5777,-0.22968,2
-5.9162,-3.4964,1
-1.0248,1.6272,2
-2.9245,-0.38784,2
2.123,2.5884,2
2.8856,1.7932,2
-0.98442,-2.567,1
1.5365,-0.82832,2
-0.95715,-5.0601,2
0.35202,-3.4159,2
-4.2974,-2.3044,2
-0.19188,2.7623,2
2.0062,0.2297,2
-0.97651,1.3116,2
-1.5753,2.2686,1
-1.1575,1.1253,2
-0.067242,-2.5551,2
0.3593,-0.72124,2
1.1452,-3.351,2
-0.17342,-1.2961,2
2.8151,1.2179,2
-2.3715,0.083215,2
-0.71092,-0.45656,2
-0.22794,1.4751,2
1.2166,3.0898,2
3.067,4.6828,2
-1.1105,-3.6887,2
2.3989,-3.8058,2
-0.16686,-0.74223,2
1.9143,-2.3248,2
2.4895,0.4417,2
-2.5428,1.9686,1
-2.146,-1.8412,1
4.1616,1.2616,2
5.2218,1.4074,2
-3.1971,3.1949,2
4.9541,2.1371,3
-0.87945,-1.8094,2
2.5736,4.3353,2
0.83418,-0.66924,2
0.60471,-0.77563,2
2.4083,3.4911,2
-3.0932,0.54062,1
0.35356,1.3559,3
-1.5723,-3.2652,2
-1.0691,-1.2641,2
4.5366,-0.62622,2
2.472,-1.6086,2
-1.6753,-3.8437,2
-3.1338,1.7063,3
-4.7428,-3.939,1
-0.86697,1.1047,3
2.3597,-0.51548,2
0.58462,-2.5423,2
1.882,1.6285,2
1.5147,0.85463,2
2.5062,3.5225,2
-1.7836,0.095068,2
-2.3965,-6.385,2
-0.63683,0.95103,2
4.9126,2.2867,2
1.0474,0.57624,2
-0.13957,2.4825,2
0.063964,0.19414,2
-0.41326,3.8708,3
1.6775,-0.73934,2
-4.0365,-2.4734,1
0.15277,2.2855,2
2.5331,1.4182,2
-0.66534,-2.2447,2
-1.9345,-1.993,2
0.25059,0.24664,2
-0.52663,3.6497,2
1.1715,4.9615,2
-1.4966,-0.88173,2
3.0335,6.7582,2
2.1018,-0.78365,2
-0.12385,0.1664,2
3.3988,4.6331,2
3.5009,-1.294,1
0.81268,1.8986,3
-1.4492,0.70866,2
-0.13067,-0.67736,2
0.6832,0.87902,2
-1.0149,-2.9963,1
-0.73246,1.3495,3
1.7924,0.61472,1
-1.1446,-0.50953,2
2.4895,2.0661,3
0.54655,-1.4323,2
-0.5485,-0.26534,2
0.11169,-0.76127,2
4.6585,1.4134,2
-1.7098,1.9477,2
0.97281,4.519,2
-4.6191,-3.4927,1
0.9581,2.0279,2
-2.9504,1.5757,2
0.66256,-2.1497,2
0.77804,-2.1847,2
-3.6015,-0.30773,1
-0.10307,3.1688,2
2.1421,-0.18465,2
-4.0782,-0.51391,1
0.72226,-4.0195,2
-0.73848,1.0492,2
-1.351,2.0223,1
0.18893,3.931,2
-0.50281,0.49637,2
-1.2876,1.2386,2
-1.4871,-2.9929,2
-2.6563,-2.48,2
2.9038,0.25974,2
-1.5271,-0.87172,2
-3.1332,-1.6122,1
-2.6545,-2.6775,2
-5.8474,1.7133,2
1.8809,3.3623,2
-0.042502,-1.8064,1
1.778,1.9243,2
-2.7753,0.54091,1
0.51577,0.96257,2
-0.99372,0.22794,2
3.3175,1.123,3
-2.0156,1.5437,2
-2.9078,-1.1737,2
-3.7122,1.1581,2
-0.23758,2.3263,3
0.16343,1.0053,2
1.7207,2.7545,3
-4.3577,-2.3075,2
-0.99895,-0.51807,1
-0.22739,1.121,2
1.4566,1.1939,2
-1.4721,-0.75909,2
3.475,4.4336,3
1.8779,2.5178,2
-1.1282,-3.0488,2
1.4597,0.79487,2
-0.2527,1.8857,2
-1.3034,2.803,2
-1.5079,-1.3231,2
-2.7299,-2.4843,2
2.8453,-0.62788,2
-1.0156,2.5556,3
0.64514,-1.4135,2
-1.4475,1.2724,2
6.9609,1.396,2
-2.768,1.7,3
0.94472,0.0053398,2
-0.8487,4.7733,2
-0.78611,1.7677,2
1.4222,-1.6676,2
0.67344,1.5746,3
1.8877,-0.64542,2
-2.3749,-3.6217,1
-2.5983,-0.80695,2
-3.3037,1.2233,1
-4.4521,0.59763,2
0.62156,-0.53381,2
-2.409,-0.17618,3
0.22088,2.637,2
-1.8343,3.3884,2
-1.5344,-0.86368,1
0.19035,1.8243,2
0.12494,3.0633,2
3.3726,-0.12241,2
1.48,-2.3765,1
0.17881,2.0556,2
-1.4924,-3.654,1
-3.3153,-0.30431,2
0.17669,0.090603,2
0.56581,0.7127,1
2.4108,2.0457,2
0.36505,-0.88928,3
2.7212,0.70896,2
0.17305,-2.5827,2
0.3139,-2.5513,2
0.54343,1.6577,1
-0.951,5.2114,2
-2.8215,-2.5431,2
-2.3161,0.73341,2
2.7191,0.57758,2
2.36,-1.9888,2
-2.7063,-0.55415,2
-0.46599,-6.0027,2
-0.46127,0.66779,2
-1.2035,3.4929,2
0.70582,1.9464,2
1.1578,0.37709,3
1.2742,4.7486,2
-2.1361,1.3506,2
-0.38633,0.30318,2
1.7381,2.5026,2
-2.4617,0.03424,2
-1.2186,0.77854,2
-1.6558,-3.0762,1
3.4479,1.589,2
0.68402,1.4596,2
2.9737,-0.13599,3
-0.042781,0.9788,2
1.2752,-0.31656,2
0.70662,2.6165,2
-0.72409,0.45127,2
2.1559,-0.90372,2
3.4456,-0.54993,2
-1.5414,-1.2093,2
1.504,1.1271,2
-1.1051,-1.6695,2
1.3042,0.99928,2
0.33193,0.92681,2
1.6801,-0.27702,1
2.8432,-4.1155,2
-2.2554,1.2858,2
-1.3259,-0.066373,2
1.0703,2.5811,2
4.9695,-1.0424,3
0.37226,-1.9826,2
-2.216,-0.78789,2
-0.5295,-3.7542,2
-1.8285,-2.4378,2
1.0535,1.4859,1
-4.3125,1.0197,2
0.72406,-1.2526,2
2.9333,1.484,2
0.55219,0.14948,2
1.9532,-0.48982,1
2.1964,0.12603,2
2.2942,-4.1806,1
1.7482,2.3887,2
-3.9802,-1.9623,1
2.6559,4.6963,2
-2.6522,1.0921,3
-1.6157,1.0499,1
2.3564,3.5801,3
1.791,-1.0084,2
2.4185,3.1087,3
1.5137,2.0413,1
1.1897,-2.0131,1
-0.37328,-2.3816,2
-0.25048,0.54807,2
-2.0086,-0.58143,1
0.90511,3.0151,3
0.67013,-4.1548,1
2.0741,-3.0686,2
-3.0225,-0.039642,2
-4.943,-0.77637,2
-0.44971,4.905,3
-2.0094,-4.2915,2
-2.4784,-1.1388,1
-0.73669,2.5052,2
1.1585,-2.1847,2
-0.57109,2.0691,1
-1.0868,0.28434,2
-0.60416,-0.14327,2
1.2577,1.7113,3
-0.95802,0.65086,1
2.6838,-3.7011,1
4.2269,0.067681,2
-2.3444,2.0447,2
0.14432,0.34944,2
3.0903,-1.4707,2
5.9651,2.9138,3
-1.4383,0.13807,3
5.6514,-1.9486,2
-6.5268,-0.26801,2
-3.4841,-3.1342,2
2.4786,-0.78189,3
3.5305,1.8928,2
0.49561,2.5314,2
1.6318,1.051,1
-2.5269,-1.1663,2
2.0804,0.31438,2
2.128,4.0939,3
0.99009,-1.7952,2
1.0105,2.777,2
1.0237,0.36968,2
4.2128,-5.5474,2
-1.1145,1.424,1
1.0173,0.46151,2
-0.042685,0.31371,2
-0.04044,5.5709,3
-0.070069,-1.9573,2
-1.983,1.6296,2
1.2768,1.1627,2
0.31841,1.3267,2
5.1459,1.887,2
2.2687,3.2172,2
2.001,3.357,3
-0.11756,-2.9786,3
0.29078,-0.0098378,3
0.97686,1.2786,2
0.90011,-4.6514,1
-3.3506,0.32614,2
5.649,-1.7243,2
2.6934,-2.8435,2
6.8483,1.5143,2
-0.68472,3.5789,1
1.4369,-0.012565,2
-0.24137,-1.683,2
-1.1585,1.6512,2
0.79097,2.039,2
0.63135,1.5817,2
-0.32181,1.9396,2
-1.4129,-3.1547,1
4.0704,-2.3882,2
2.0049,1.7505,2
-1.2036,-2.6671,2
0.52794,1.8481,2
-3.8855,-2.8044,2
0.99268,-2.6143,2
0.63042,-1.8361,2
-0.46749,-0.44752,2
2.8876,4.7127,2
-2.4955,-1.1191,2
-0.77955,-0.73566,2
-0.69938,1.7105,2
-0.67096,0.63199,2
0.56102,1.113,3
-1.6159,0.66634,2
-2.9318,-0.84564,2
-2.6662,0.41227,2
0.43132,2.5157,2
-1.1594,-1.0675,2
-0.37075,-0.55417,2
1.7985,-1.1773,2
-2.8421,2.4738,2
1.3385,3.0042,2
2.5082,-3.0806,2
0.49416,0.91981,2
2.8822,-0.062127,2
0.72382,0.072232,1
-0.0058378,2.0591,2
-1.0289,-1.8337,2
-3.478,-0.60776,2
0.21655,-4.1894,2
0.28551,-3.3241,2
2.3162,-1.7567,2
4.0605,-1.4381,2
-0.1751,-0.5415,2
1.9901,-1.9716,2
1.6922,1.2244,2
-1.2847,-3.5505,2
-2.4351,-0.1945,3
4.5261,2.3135,2
0.5492,0.85884,1
-1.2661,0.55377,2
-1.65,1.7543,1
-4.0326,1.3558,2
-0.77698,0.92227,2
3.8971,-1.4968,2
-2.7505,-5.5417,1
-2.7259,3.0005,2
-3.233,0.17212,2
-2.6586,-2.3164,2
-2.2939,0.33978,2
1.5532,-1.0794,2
-3.224,-2.2562,2
-2.1933,-0.72312,2
-1.3571,-3.6212,2
-1.1798,0.45464,2
-3.0073,1.7835,2
3.1162,1.2532,2
1.5454,3.4474,2
-1.2654,0.48925,2
3.4099,0.091915,2
1.4069,0.25233,1
3.8511,-1.7353,2
4.351,5.0996,2
-2.3106,0.22978,2
-2.7883,0.052426,2
-1.2567,4.1826,2
0.093871,-1.1958,1
-2.1066,-5.684,2
-2.6335,0.50828,2
-0.53917,0.67364,2
-2.27,2.252,2
-2.7436,1.0454,1
-1.2218,-3.0213,2
-2.1249,-1.8597,2
-0.90545,-0.48344,2
-2.7035,2.693,3
-1.3121,-3.3926,2
-0.85369,-5.2254,1
-1.577,-0.032544,2
-2.5951,0.44583,2
2.4434,-1.3203,1
1.5379,-1.4982,3
2.6983,1.9825,2
0.90406,2.2015,2
-0.6377,2.247,1
-0.31871,4.7972,2
-1.6824,0.16142,2
-0.69833,1.7749,2
-3.9535,3.2203,2
-1.1226,4.6044,3
-5.1429,2.6001,2
2.7686,2.9297,3
1.1808,-2.1866,3
0.61573,3.7183,2
-1.4079,-1.0072,2
-1.1168,0.50201,3
-1.9474,-3.565,1
-3.6374,-0.90239,2
2.9584,-0.19378,3
2.2035,1.1564,1
-2.7205,0.80494,3
2.6964,-0.38415,2
4.5073,0.57739,3
-4.6613,-0.73724,2
5.1251,4.3018,2
0.76042,1.6307,2
-5.067,-1.294,1
3.7324,4.8653,2
-1.0244,-2.485,1
1.6799,1.3566,1
-3.0106,0.12697,2
-0.14554,5.2729,3
-1.5617,-2.5952,3
0.55756,0.359,2
0.72413,1.2981,2
0.18143,-1.933,2
-1.3462,-0.91245,2
1.1952,2.9413,3
-0.2113,1.7222,1
-2.0165,-1.0499,2
-0.51949,-0.29563,2
1.511,1.6716,1
-1.2998,3.4432,2
-0.43774,-1.5267,2
-0.94196,0.0040583,1
-0.92678,-0.653,2
-1.8312,1.8388,2
0.16671,-2.4311,2
0.92776,5.3354,2
-1.1365,1.1161,3
4.6043,3.6491,2
-1.5032,-0.84367,2
-1.0193,1.7118,2
1.708,0.15989,2
-5.1247,-1.857,2
0.96338,-0.5491,2
-1.3309,-0.36386,1
-5.1656,1.0325,2
0.90932,2.6991,2
-0.095475,0.75387,2
-4.4414,2.625,2
0.27373,-3.4042,2
-2.1136,-1.2793,2
1.6477,-0.43491,2
2.5579,0.977,2
3.5793,4.2747,2
2.2756,5.1591,3
-1.4163,-5.1522,2
1.2481,3.8537,2
3.6077,0.58633,2
2.6713,-2.3824,2
1.1521,1.9861,2
3.2709,0.066408,2
2.9474,-0.087071,2
2.6713,-2.044,2
1.1036,1.6606,2
1.5392,3.0734,2
-6.7391,-2.0056,1
-2.5444,-0.25658,2
-1.0004,-3.96,2
-2.0847,0.26738,2
1.2622,4.5161,2
1.398,5.2216,2
-2.0062,-0.036286,2
-2.2543,-4.2124,2
-0.44385,0.32469,2
-0.30721,-1.2337,2
2.0684,-2.6594,2
-1.7583,3.8583,2
-0.41231,1.1299,2
3.3323,-1.9289,3
-0.88691,1.4227,2
1.269,-2.8066,2
-3.9545,-2.3303,2
-3.5255,0.98556,2
0.48671,1.8456,2
-2.9191,0.75849,2
-0.54392,-1.474,1
1.4871,0.48953,2
3.8099,-0.49954,2
-3.7082,-0.12739,2
-4.2043,-1.4171,2
0.80647,-0.26466,2
1.4948,0.94071,2
1.036,-1.5767,2
0.35,-1.3662,2
-1.0543,-1.5156,2
-3.3738,-2.9019,2
2.4534,1.2026,2
3.5426,1.0222,2
0.33764,0.042953,2
-0.66175,0.059652,2
-0.44357,-0.17675,2
-1.2139,0.43052,2
-2.4283,0.51902,2
-2.2243,0.92995,2
0.73143,1.0004,2
0.15153,-1.2535,2
0.71991,-0.39442,2
-4.3122,-2.8639,2
-0.4767,2.4118,2
-2.2765,-3.2087,2
-0.3464,-1.2177,2
-1.6424,3.7623,2
1.1731,0.39658,2
-0.92813,-0.66862,2
1.0643,0.026056,2
-0.23912,-0.10916,2
-2.4054,2.0605,1
3.885,4.7116,2
-2.2978,0.46343,2
-3.3523,-2.0086,2
-1.0975,0.050925,2
0.39764,-0.38853,2
-1.3903,0.71962,2
-3.7344,-2.5599,1
2.0192,0.29162,2
2.0974,3.8713,2
1.5533,-2.079,2
3.288,-1.2165,2
-3.0699,-1.2115,2
1.7655,1.0053,2
0.59442,-0.60882,2
-2.8094,-0.44522,2
-1.451,-1.1202,2
2.6845,2.2297,2
-0.40871,1.6515,2
2.5436,2.1694,2
1.2349,-3.1879,2
0.26977,-2.9744,2
3.7572,2.9498,2
-1.2216,7.0701,2
-1.779,0.82098,2
1.8505,-3.8559,2
-0.87787,-1.7775,2
-0.80532,1.5165,2
-1.9783,3.1764,3
0.97831,-0.55844,2
2.133,0.68211,2
0.37851,0.36063,3
2.7587,2.1688,2
-1.474,-1.4947,1
-0.36381,0.36416,2
1.4056,0.5841,2
2.4617,2.57,2
-2.2906,-0.9208,2
-0.88265,1.8141,2
-0.4985,-1.1434,2
4.3041,4.983,2
1.1781,-4.2836,2
1.6783,1.5947,2
-0.51442,2.2761,2
-2.1121,-4.6986,2
8.0402,-1.5392,2
-1.4194,-2.1415,2
3.3115,2.2191,2
0.58015,-2.1962,2
-2.3129,-4.1815,2
-0.82162,-2.0209,3
-2.8836,-5.0952,1
-1.7435,2.0365,2
-1.241,-0.13706,2
1.0221,-1.0865,2
0.6617,0.79728,2
2.1903,2.8937,2
-2.0172,-2.907,2
-6.7325,-0.82599,2
2.4698,0.96262,2
2.6172,-1.1946,2
1.0802,-1.4209,2
1.2665,-1.26,1
0.37446,0.35813,2
0.44589,-3.1151,2
0.76882,0.38738,3
2.0166,0.10084,2
-4.6895,-2.4425,2
2.9518,3.025,2
-1.2766,4.0523,1
-1.9802,1.6383,2
-0.33334,-0.58693,2
0.2951,-0.29783,2
1.6155,-0.46453,2
0.58226,1.8114,2
-2.466,4.1026,2
-1.4593,-1.9858,2
0.58634,2.1657,2
-0.82199,5.8135,2
2.6216,-1.6305,2
-2.1281,-0.22681,3
-2.635,2.7107,2
1.7389,-0.018388,1
2.1721,3.9952,2
-0.5432,1.6393,2
-0.86031,-0.55915,2
0.39508,-2.9138,2
0.66493,-1.1804,1
-1.0967,0.74151,2
1.5546,-0.72394,2
4.8734,0.3985,2
-0.84084,1.704,1
-2.8031,-1.7481,2
-0.90482,-1.0787,2
4.1741,0.51162,2
1.0187,-0.27225,2
-4.4647,-1.7513,2
-3.093,0.17047,2
-0.26007,-0.67983,1
-0.47078,-2.8763,2
-1.2069,-2.134,2
0.18695,-3.2779,2
0.33143,-0.77077,2
-3.8959,-1.3505,2
-1.4247,-1.25,2
0.25714,0.61797,2
1.7889,1.6043,1
-4.37,3.2776,2
1.7492,0.92614,3
-4.3642,-1.2408,2
-4.3648,-0.003297,2
0.24148,-0.05194,3
2.0441,-3.7084,1
0.85628,2.2491,2
-0.68836,1.1054,2
-2.6249,-0.66898,2
-2.0038,-1.6726,2
0.17266,-2.9759,2
-1.1047,-2.6478,2
-2.4578,-3.3383,2
1.5619,-0.036158,2
-0.74479,-1.6351,2
-1.1442,-1.0252,2
-0.63728,-0.3485,2
2.0925,0.13369,3
-2.2342,-1.9868,2
-0.50276,-5.5698,2
-3.3776,-0.17932,2
0.42038,-1.9073,2
-2.5354,0.05488,2
-6.2744,-3.4457,1
-1.6283,0.82571,2
-1.6657,-0.80504,2
5.1049,2.45,3
0.063898,-1.1801,2
-2.2844,-4.5613,2
2.1576,0.92287,2
-1.0099,-3.0618,2
1.4271,-0.98543,2
-1.0848,1.6167,2
3.3359,-3.8036,2
0.46488,-0.54421,2
0.21007,1.1995,2
0.27701,-3.9299,2
4.1825,2.2076,3
-2.492,0.96011,2
-0.74465,-0.91981,2
-0.43795,-1.2172,2
-2.275,-0.68427,2
0.99532,1.4955,2
2.0024,3.2709,2
1.6802,-1.3067,3
-0.25736,-0.71307,2
0.62501,1.0271,2
-1.4657,1.6251,2
-1.1131,0.13325,2
-5.1935,-0.95895,2
-0.28022,0.257,3
4.642,-1.0582,2
3.2738,0.91147,2
3.267,4.1093,2
0.19873,2.5803,2
2.9048,4.1956,2
1.9083,2.3045,2
-3.5658,1.6066,2
-1.8443,0.49471,2
-1.4231,-3.0588,2
1.5017,0.59968,1
-1.6488,1.0687,2
0.58248,2.9699,2
0.34708,0.72742,2
4.3429,-2.6363,2
0.55453,1.1454,2
-4.7957,2.537,3
4.6239,2.1049,2
4.9614,2.6056,2
0.059017,0.60297,2
-0.10549,-3.065,2
-2.8033,-5.1322,1
3.4095,-0.079021,2
-1.416,-1.9675,3
-2.4807,1.4407,2
0.12036,-5.3723,3
-2.7802,-1.8771,2
1.9242,-0.29134,2
2.4017,-2.6484,2
1.5917,-2.3317,2
-1.1924,0.12573,2
0.36748,-0.50479,2
0.52778,1.4733,2
-1.8542,-1.7653,1
-3.3244,1.2619,2
1.6014,-2.3825,2
0.12127,2.3655,2
-0.71562,-0.72646,2
4.4287,-0.6556,3
-2.7275,-3.1402,2
3.5723,-0.23128,2
-1.1543,-2.5369,2
-1.7609,-1.3516,2
-4.6433,-0.8397,1
-3.3702,-2.7106,1
3.1327,0.92676,2
-2.1943,-4.3923,2
2.5309,-3.3515,2
-0.55006,-1.5861,2
1.6056,4.1222,3
1.6887,-1.0921,2
-0.099237,1.1461,2
-2.9568,-0.60991,2
1.4105,1.0287,2
-2.982,-5.0578,1
-0.62074,1.1287,2
0.032008,-0.61066,2
1.7226,2.4659,2
0.34553,-0.65966,3
2.2522,-1.9673,2
-1.271,1.4634,2
-0.20258,-1.0448,2
-0.72258,-0.72971,2
-0.97857,0.084593,2
-1.0833,-0.062525,2
-0.003763,0.52432,3
-0.61611,-0.74435,1
1.0711,1.9247,2
-1.9796,0.11522,2
0.029066,-0.44203,3
-2.7158,2.0376,2
0.9632,-2.1287,2
-3.4769,-3.2914,3
0.0012101,-2.2085,2
-3.5988,-2.0886,2
-0.63189,0.027212,2
1.7558,2.4171,2
2.0862,3.0655,2
-6.0325,-0.060642,2
-0.037976,-0.68873,1
1.1699,-3.2222,2
1.9743,-0.63231,2
-2.3671,-0.83079,2
4.6485,0.17737,2
3.815,-0.90844,2
4.051,1.9725,2
-1.7872,0.56419,2
-2.1298,-4.4869,2
3.9419,0.69712,2
1.9414,-0.23909,1
-2.2411,-1.3175,2
1.7737,1.8069,2
-0.31611,-0.053324,2
-0.97394,2.956,2
-2.7275,-0.43046,2
-5.5431,-3.5728,2
1.6738,1.2344,2
-0.025408,1.5437,2
1.7047,-0.23197,2
0.364,-2.9489,2
-1.8947,-0.94102,2
0.2723,2.769,1
-0.32054,-5.5587,2
-0.34691,-0.23657,2
0.20506,-2.3586,3
1.3042,3.1293,2
-1.5627,-0.42485,2
1.3426,1.6656,3
1.6485,-2.6574,1
2.3914,1.7624,2
-1.7793,3.3909,2
-4.6611,0.55959,2
1.5233,1.6814,2
-1.8213,-4.914,2
-1.6393,4.6072,2
-3.8846,-3.077,2
-4.2094,2.7827,2
-1.6577,1.953,2
0.90281,4.3795,2
-0.84923,-3.1518,2
7.2292,2.8505,2
-2.4267,-1.0789,1
2.2729,3.3787,3
-3.8511,-4.4473,2
2.8287,-0.29384,2
-3.7213,-1.1852,2
-1.8147,-1.8857,2
-4.4872,4.9374,2
3.3852,-2.3506,2
-1.0963,0.65399,2
-0.020585,-4.6995,2
-0.30103,-2.8997,2
0.1793,-1.3019,2
0.33566,1.5325,2
1.0743,0.76825,2
1.1831,1.3878,3
2.7913,2.739,3
2.3293,1.3712,2
-2.5526,-2.14,2
0.88476,-0.56524,2
-1.5191,-0.70452,2
-0.82978,0.26057,2
0.26421,-2.6331,2
-2.5813,0.4167,2
3.412,-2.1652,2
2.5658,0.22603,2
0.023698,-3.1887,2
0.70637,0.80813,3
-2.4934,-2.44,2
-0.63576,3.3946,2
-0.72021,-0.29292,1
-0.50609,-1.5114,2
3.4706,-2.4169,2
-0.42577,5.1062,2
-2.0453,0.39334,2
-2.3246,-0.39764,1
2.7532,1.5994,3
0.53274,-2.4294,2
-1.1707,-1.6997,2
1.7586,1.7789,2
-0.27143,0.035785,2
0.70204,2.6929,2
0.010588,0.18455,1
0.9816,1.2894,2
5.0546,4.7182,2
2.1763,1.6027,2
-1.4823,-0.23796,2
0.16409,-1.6925,2
0.84687,0.4972,2
1.1009,-0.8058,1
4.0507,-3.4609,2
0.62348,-2.6509,2
4.606,-1.4617,3
-4.9369,-0.98632,2
2.3954,4.1866,3
-0.92602,-1.0319,2
-4.652,-1.1904,2
-3.4306,5.9204,2
2.9106,3.7482,2
-1.2406,-2.5314,2
1.7262,-0.81455,2
0.49915,-4.1092,2
-1.6235,0.050192,2
0.5747,-1.659,1
-1.713,-1.17,2
-1.2311,-2.276,3
2.8744,-3.6612,2
-1.14,-3.5038,2
0.91364,0.50192,3
3.4093,-1.5835,2
1.1075,-0.99038,2
-0.15234,1.5054,2
-2.9954,0.36999,2
-2.5719,-0.55189,2
-3.3649,2.0551,2
0.48346,-2.1596,2
1.2184,-2.4078,2
1.9555,6.1409,2
2.7551,-1.3621,3
-2.7822,-4.7017,2
-1.3122,2.4955,2
-3.4818,-2.3039,2
0.44792,-1.5495,2
4.5746,1.5162,1
-1.2425,-0.74062,2
-2.1835,-5.4524,2
0.45292,0.036384,2
-2.5684,-1.6503,2
-2.6268,-0.046954,2
5.4708,-0.51638,3
2.0845,1.2626,3
-1.1531,-5.0345,2
-0.6394,3.4023,3
-0.96982,0.78232,2
-0.076249,0.94971,2
-0.70957,-1.991,2
0.61938,1.4667,3
-5.8635,-2.3811,2
-0.42724,-3.3661,2
-2.1307,-2.1261,2
-0.20357,0.93797,2
0.95949,0.72175,2
0.046366,0.4072,3
1.0244,-1.1912,1
-3.1672,-2.5411,2
1.4721,-0.63152,2
2.4631,-1.9386,2
1.9965,1.5779,3
-1.5313,0.23337,2
-4.0539,-0.59464,2
1.8421,0.40695,2
-3.5556,-4.8121,1
0.25448,1.3379,2
-2.5754,-0.32773,2
4.2844,1.8125,2
-0.25993,1.7661,2
-1.2539,-2.17,2
1.4264,2.7704,3
-2.4618,-2.6112,2
-2.1881,1.0466,2
1.9021,-1.7732,2
-1.7394,-1.16,2
-1.9782,1.3779,2
1.0344,-2.8224,2
0.20106,-0.73131,2
1.0868,-0.4312,2
-0.64332,-1.3246,2
4.1503,2.2719,2
0.29092,3.7109,2
-0.79391,-2.3282,2
-0.52921,2.8232,2
2.8162,0.31438,2
-2.3959,-0.043475,2
-0.018193,0.6893,2
0.15933,1.9372,2
0.59752,-0.020194,3
-1.3392,-2.948,2
2.2687,-0.30875,2
-0.37832,-0.68608,2
2.4841,-0.82082,2
3.4669,1.7479,2
0.87327,0.14345,3
-3.1493,2.3847,3
-2.5479,-2.302,2
-0.26595,0.92159,2
-2.3555,-1.3417,1
-0.07441,-0.38998,2
2.8259,5.8989,3
-4.1547,-0.50397,2
1.9136,-2.4228,2
-3.3415,-2.7142,2
0.98292,1.8748,2
0.86216,-4.2108,2
1.45,-1.2135,2
1.2078,0.14162,2
1.2174,1.1764,2
0.61426,1.3353,2
-1.6314,-2.6642,2
-1.7392,2.9574,2
0.039564,-0.46307,2
2.2709,-0.76003,2
0.48456,5.1483,2
1.1986,0.080637,2
-0.84347,-0.51425,2
-2.291,-6.4141,2
3.02,-2.3145,3
-0.063271,1.4938,2
5.4437,-1.1816,2
-0.22481,-1.7547,1
2.4618,-2.5995,2
-1.2817,0.59506,1
-3.7754,-1.6212,1
-1.1863,-2.0662,1
-0.72618,0.43122,2
0.22718,-2.2143,2
-1.4333,1.3093,2
0.32935,-0.80056,2
-3.695,-1.5437,2
-2.4824,-1.1385,2
-3.6839,-4.8247,1
2.8409,-1.0532,2
1.0488,0.32457,2
0.15058,-0.33189,3
0.98559,1.8408,2
0.015576,-1.6488,2
1.116,-1.9675,2
-0.071787,3.7473,2
-1.1245,1.2289,2
-0.27937,-0.48844,2
-1.8362,2.1432,2
0.94146,1.735,3
-0.61438,0.46899,2
-0.61015,2.6364,2
-0.15655,-3.4941,2
2.4385,0.026048,2
-1.3324,1.4849,2
1.7629,3.1781,2
-0.029679,5.4735,3
-2.0577,1.2161,2
1.5767,1.0557,2
0.19698,2.6756,2
3.7011,6.6175,2
-3.0527,-5.5625,2
-0.62141,-2.7414,1
-2.4936,0.79462,2
1.1541,-0.59721,3
-2.675,3.9214,2
-2.5199,1.4571,2
0.42727,2.2611,2
-0.51534,1.0093,2
-1.5133,-0.25419,2
3.25,0.43065,3
-0.89237,-2.1533,2
0.29116,-1.6559,2
1.8881,1.6925,2
-1.73,-5.0569,1
-1.8214,-4.6529,2
1.5082,3.5876,2
0.69941,2.0686,2
-2.0611,-1.5922,2
5.1265,2.2293,2
2.2827,4.6521,2
-0.89213,1.5396,2
-1.0214,-1.912,1
0.21192,-5.1713,2
-3.9585,1.1104,2
3.4009,-1.6879,3
-1.9683,1.7839,2
-1.6659,0.0093671,2
2.1038,1.2989,2
1.3281,5.3152,2
-0.15878,-3.267,2
-0.55893,-2.6499,2
-3.2062,1.2363,2
0.80512,2.4715,1
2.3907,-1.3416,2
-1.5075,0.95241,2
-0.52599,-0.27492,2
3.4155,-1.9623,2
-1.3894,-2.4083,2
0.58039,0.18239,2
-2.8698,-0.31997,1
-3.0381,-1.4569,2
-0.86074,-1.5595,2
-0.14756,1.1351,2
3.5829,2.1209,3
-1.0382,2.3343,2
0.34499,-3.1577,2
0.10872,-5.4538,3
-3.5577,-2.7865,2
-2.1949,-1.1869,2
0.88185,1.6168,3
5.676,7.14,2
1.5434,-0.33836,2
0.092394,1.4796,2
0.31451,1.3721,2
0.53378,3.5026,2
-1.1553,0.75568,2
1.6896,-1.9666,2
3.6687,1.2815,2
-2.2592,1.6141,2
-0.53057,-2.9526,2
1.6508,-1.0333,2
-1.5084,-2.6022,2
0.021488,3.0169,2
0.58668,3.12,2
-0.99749,-1.1481,2
2.8242,0.74872,2
-1.5232,-1.5021,1
0.97554,2.0934,2
4.1261,-1.4957,2
-1.5624,-0.9833,3
-1.9034,1.0999,3
1.0471,-2.9051,2
2.2632,-3.2582,2
0.44575,-1.502,2
-2.1833,1.7833,2
-2.3606,-0.064421,2
0.58521,-1.2691,2
-1.5986,-1.9405,2
-1.2957,-1.3511,1
1.9441,0.81528,2
0.89086,-0.16359,2
0.83831,2.1077,2
-3.5829,-4.2961,2
-1.7879,-1.7456,2
-0.14519,-0.95349,3
-0.27272,2.6939,2
3.1931,1.654,2
2.16,2.3803,2
-0.84531,-1.9311,2
2.8621,3.3227,2
-1.2824,-3.0878,2
1.5313,0.97367,2
3.2076,2.1626,3
0.83041,2.0297,2
5.9662,-2.7025,3
0.75653,0.85784,2
-1.3987,-4.2249,2
