-1.9188,-3.5462,1
-3.8146,-2.4074,2
1.7823,-2.6586,3
0.877,-2.8937,1
0.80723,0.0013398,2
-2.0326,0.16764,2
3.5115,-1.2506,2
-4.0593,1.6166,2
0.78794,0.018866,2
-0.62816,0.53156,2
-2.3285,-0.28685,1
-3.3267,-1.8331,2
-2.4019,2.9549,2
-3.2565,-0.96295,1
2.6299,2.4892,2
0.049016,0.53394,2
-1.0858,5.1579,2
-1.9884,-3.0374,2
-1.7284,1.8597,2
4.6173,-0.85287,2
-0.035005,-0.86333,1
0.097114,-1.4369,1
2.3068,2.8714,1
-2.1459,0.2904,1
-0.47669,3.0757,3
2.0194,-1.9389,2
-1.2584,-0.49139,2
0.3714,2.2367,3
-0.053018,-1.7513,2
3.2528,2.3492,2
2.3353,0.74915,1
-1.4533,1.4649,2
1.691,3.0273,3
-1.5673,-4.7055,2
-1.5495,-0.23671,2
-0.0061919,-0.28748,2
5.3159,1.7194,3
1.8616,4.0033,2
-1.8027,-0.061638,1
1.88,4.6183,3
3.5704,3.6515,2
0.49747,-2.7844,1
3.9392,0.72402,2
-2.9146,-2.7079,2
-5.425,0.088324,2
-1.6269,-5.3815,1
3.69,-0.15129,3
-2.1411,-1.9403,1
-1.4346,0.50213,2
-0.14899,2.714,2
-2.1426,-1.5077,2
2.4552,1.4131,2
3.8602,-1.47,2
-2.5289,-0.78961,1
-4.919,0.61443,2
1.3462,1.5523,3
-1.7499,1.2087,2
1.7892,-3.4169,2
-1.7232,0.8634,2
0.25199,1.2233,2
-2.311,1.1538,2
-1.1634,-0.40595,2
2.2683,-1.5954,3
-1.8412,-1.9438,1
4.6169,1.1248,3
0.46568,2.2198,2
3.2675,-1.6965,3
3.3339,1.9247,2
-1.3317,0.18993,2
-1.2121,1.0286,2
0.42028,-3.0822,1
5.3021,0.87954,3
3.3858,-0.029328,3
0.38251,1.9912,2
0.60558,-1.2221,2
0.74294,-2.2554,2
-0.66593,1.2908,2
0.3875,1.2955,2
-1.2891,2.0269,2
-3.9502,-3.5533,1
-0.48512,1.4374,1
-0.50315,-1.9418,2
0.34218,-3.4199,1
0.10426,2.9199,3
0.81855,-2.4981,2
0.63361,-1.7392,3
-0.40681,-1.0562,1
1.3487,-1.2633,2
-4.5081,-2.4492,2
3.4287,-1.6962,2
-1.0865,-0.77362,3
-0.2919,0.38651,1
1.7025,2.4789,1
-1.7528,-0.5637,2
-1.6953,-2.4059,1
-0.22312,-3.5013,1
-0.52165,4.8012,2
-0.65831,-0.15871,2
-1.6164,-3.8467,1
3.7685,0.90554,3
-1.4637,-1.11,1
-5.4713,-2.9342,1
-0.072085,-0.84304,1
-3.0435,0.23452,2
-1.2928,-1.311,1
-0.68782,3.1777,2
-2.5436,-0.79597,2
3.0068,0.23035,2
-1.411,2.5241,2
-0.2794,-0.022066,2
1.149,-0.0064589,3
1.1948,-1.1905,2
-3.3256,0.11035,2
-1.213,-0.18911,2
-0.83669,-0.75805,2
-1.6173,-0.53355,3
0.5658,-1.2984,3
1.7459,2.7036,3
0.78736,-2.02,2
2.0713,2.8394,3
5.2327,-0.2883,2
-0.38,-2.2078,3
1.6615,-1.5427,2
-2.8435,-2.5043,2
-0.62988,-2.2916,2
0.15449,2.837,2
1.0918,-0.12115,2
-4.7992,-1.1605,2
2.3281,-0.00071012,3
-3.2788,3.9233,3
3.4573,-2.9226,2
3.7324,-0.51966,2
1.7942,2.2691,1
-0.3141,2.6323,3
-3.5437,-0.74991,2
2.3199,-1.2843,3
2.7319,0.44791,3
2.0988,2.1018,3
-3.2819,-0.35703,2
-0.53905,0.83803,2
-3.0283,0.41993,2
1.3895,3.4932,3
-2.9658,-0.68664,1
-1.1701,0.68431,2
1.6541,0.84942,3
1.4621,0.06974,3
2.9256,-4.5691,1
4.7705,0.90066,2
-0.0081393,-5.0048,2
-0.392,-2.0577,2
-4.034,1.605,3
1.4534,0.74762,1
2.7893,1.6124,3
-3.0679,-2.7808,1
-5.0075,3.2289,2
0.01143,-1.6046,1
-1.36,0.75451,2
0.33137,-1.6455,2
-3.8825,-1.1178,1
-3.5777,0.92276,1
0.1828,2.1159,2
-2.6143,-5.9505,1
-0.12041,0.10489,2
-1.5783,1.0844,2
2.4617,-4.1306,2
-0.81306,2.5965,3
-1.5183,-1.8738,2
-3.0431,0.37612,2
-3.6779,-0.94242,2
-2.0675,-2.6112,2
-3.8532,-0.31425,2
-0.38328,4.2202,2
1.6063,-2.884,2
-0.046206,3.4156,2
-1.8692,-0.72571,2
-1.587,0.54046,2
-2.3582,-2.9559,1
0.28058,-0.53872,2
-3.8841,3.4561,2
-1.605,3.4076,2
-4.8962,-1.7768,2
-3.2345,-4.8097,1
0.78356,3.2301,2
6.0579,0.57445,2
3.8215,5.1792,3
-7.1306,-4.5698,1
4.2582,4.9516,3
4.5797,3.1663,2
0.91263,-1.9263,1
1.4373,-1.8816,2
0.78789,-4.1544,2
1.5542,-2.4496,2
0.35449,-1.9044,2
-2.0023,-0.78647,2
-1.5219,1.8684,2
-0.60638,-0.77507,2
0.80619,-2.6233,1
-1.391,-3.5297,1
0.69533,3.6105,1
1.3977,-0.3396,2
0.45876,1.1741,3
-0.2481,-1.1321,1
1.1639,-0.89913,2
4.1573,1.0888,3
-0.39816,2.3023,2
-0.68163,-0.56297,2
-0.96884,0.53976,2
-2.2289,2.0906,2
-1.6904,0.3674,1
-6.5329,-1.4998,2
-0.38075,-1.1466,2
0.88034,1.9923,3
-1.0495,-5.3502,1
0.46629,1.9171,1
-5.0364,-2.6249,1
-2.6119,-1.6496,3
3.7666,3.3167,3
1.0283,-0.99693,2
-4.1046,-5.5146,2
-1.4759,1.0876,2
4.197,1.741,3
-0.094328,-0.2287,2
-3.7732,-2.7017,1
1.9526,-1.122,1
2.4213,5.8229,2
-1.1178,0.82569,1
2.4427,-3.8994,3
-4.6215,-1.181,2
3.3753,4.4575,3
3.7501,0.5252,2
0.71635,-0.2575,2
-3.0114,0.24584,2
-1.4596,-0.87039,3
1.1951,-0.97169,2
-2.6543,-0.00065768,2
0.58931,-4.2425,1
2.2717,3.7315,2
-1.1647,-1.2944,2
-0.60757,0.87471,2
-3.9377,-1.0499,2
0.22297,1.685,2
-1.143,-0.31989,1
-1.2896,3.0059,2
0.93832,1.7255,2
-2.6284,-2.0026,2
4.0077,-0.20864,3
0.30398,0.69265,2
1.8169,1.6029,1
-2.7638,-0.71468,2
0.92659,2.51,1
1.2353,0.0067033,1
0.18815,1.1639,2
-0.80492,-0.76423,2
-1.1161,4.3966,3
1.9582,4.7287,3
-0.7036,-1.4043,1
0.10498,-0.55873,2
-0.50397,-1.0012,3
-2.0963,-2.3784,1
2.6249,-0.83727,2
-0.81923,1.3793,3
0.29973,2.7334,2
2.7091,1.9205,2
0.00079352,4.0506,2
0.6556,-1.5211,2
0.82491,1.6377,3
-0.59635,0.9722,1
-5.1301,0.11733,2
-0.52864,-0.47624,2
0.94517,-2.9336,2
1.6218,0.14695,2
-1.3113,0.18435,2
-3.7761,-0.17527,1
1.2788,3.2816,3
-0.70488,0.33979,2
-2.2712,2.6266,3
-1.7756,-1.0956,2
1.1146,-0.84008,2
1.2853,1.7934,2
-0.57494,0.8939,1
3.2509,1.8417,2
-1.2057,0.10552,1
-1.0847,-2.2362,1
0.16189,-1.0286,1
0.41075,-2.1351,3
-0.25483,1.131,3
-1.06,-2.382,2
0.71657,-4.0262,1
-0.41572,-3.0256,2
1.3456,0.55688,2
1.3377,2.9731,3
1.8711,0.8227,2
-1.6543,2.5179,2
-0.40855,4.17,3
-3.091,-1.4261,3
0.70444,2.8067,3
1.2711,2.1693,3
6.5173,5.7251,3
2.8658,0.88514,2
-0.81179,-3.1462,1
1.2525,1.1518,2
-3.2957,-2.5453,1
1.2476,2.8359,2
-0.36352,-0.44846,2
-1.3095,2.4263,1
1.095,-0.74343,2
-0.78778,0.064687,3
1.0789,-0.33497,2
1.8484,-0.40298,2
0.70829,0.9925,1
0.56601,2.0117,2
-0.24274,-2.1478,1
1.9799,-3.6676,1
0.098237,-2.9442,2
3.5671,-0.25984,2
-3.7611,-1.3814,2
3.6672,2.8954,3
-1.7823,-1.3028,2
-2.073,-0.11084,2
3.851,-1.0328,3
0.76179,-2.5592,2
0.23454,-1.286,3
0.71845,-0.36821,2
2.6659,-1.1375,1
3.1973,-2.3911,2
-2.0065,0.63763,2
-4.4345,0.32587,2
0.35786,-2.2719,2
-0.29844,-1.193,2
0.0040101,-0.72038,2
0.62724,1.3264,2
-0.027112,0.96471,2
-1.1709,-2.49,1
-1.3628,-1.8438,3
-3.5178,1.4807,2
-0.86655,-2.6746,1
-2.7099,-0.23341,2
3.1213,-0.57818,2
-3.075,-3.4609,1
2.2453,3.4233,3
1.2438,-0.2299,1
2.2203,5.536,2
0.87949,-2.7929,1
1.1368,1.2369,3
-1.7787,0.19792,3
5.2854,3.2018,3
-0.31222,2.723,2
2.3095,-1.9993,3
-2.2717,-0.63971,1
0.88283,1.8232,2
3.5164,0.49065,3
2.0641,1.8074,2
-1.0449,-3.5277,1
-5.1057,-4.061,1
-0.90823,-1.5163,2
-0.92671,0.11523,3
-2.3286,0.77306,2
2.3046,0.44985,2
-1.9054,-2.9603,2
0.31707,-0.47865,2
1.5643,4.457,3
-1.6533,1.2531,1
-3.1108,1.9128,1
0.89383,-0.81751,2
-3.7375,-2.6036,2
1.2139,0.076333,1
0.033717,1.2487,3
-3.0175,-0.77262,2
3.0975,0.20114,3
-1.7664,3.412,3
0.99981,2.3078,2
3.2332,1.4364,2
1.0065,2.5866,3
-0.13159,-0.67321,2
2.3464,6.0842,2
-1.709,-3.2141,2
0.61472,0.11529,1
1.5862,2.8371,3
-1.9434,0.34641,1
-1.9201,-2.4107,2
-1.0268,-2.2924,3
-0.24764,5.8247,3
-0.84882,-1.8016,2
0.18768,-3.9282,1
-1.8585,3.0316,2
0.51657,-1.4652,3
0.0022429,-1.6495,2
-1.8914,-1.6694,1
1.6728,1.3213,2
1.1721,-1.6107,2
1.8192,2.7748,1
1.5714,-0.76182,2
0.11133,3.0641,2
-1.173,1.0206,2
3.2638,0.76495,2
2.4547,3.3509,2
3.2845,4.4945,2
-1.7117,-1.9661,3
4.0429,0.32467,2
-2.1488,-0.52554,2
0.50532,0.2067,1
1.1432,-0.41234,2
-0.1606,-2.3997,2
-1.1092,-0.089847,2
1.9736,1.1289,2
0.29091,-1.5086,1
0.076152,0.084698,2
-2.0951,-2.8536,1
-1.0996,-0.16645,2
-2.1526,0.9535,1
4.6781,4.2809,2
3.6687,-0.15331,2
-2.8143,-3.1635,1
-0.59934,0.3742,1
1.8319,-1.9085,2
1.9657,1.7312,1
-0.4259,-1.5316,2
-0.74909,-1.1869,2
-0.75887,-0.5941,1
-3.6141,3.4189,1
-2.8143,2.3879,1
3.116,-0.37453,1
-1.5324,-0.046142,1
-1.6197,-1.7243,2
-2.7158,2.1736,1
-2.6126,0.32257,2
-1.4002,1.6034,2
-2.1662,0.93263,2
-3.7157,0.34937,1
-2.1947,0.32368,1
3.3191,-0.91476,2
1.925,3.9697,3
-0.58053,3.7194,3
1.4742,2.9302,3
-0.27306,-0.47892,2
-0.31115,-2.6339,2
-1.6376,-0.66251,1
2.87,2.7957,2
3.2173,-0.63466,3
-2.1195,1.5751,2
-2.427,1.5683,1
0.15253,-1.0546,2
-3.5353,-1.5388,1
1.6828,-1.8699,1
1.222,-1.9553,2
3.6036,3.1355,3
0.30005,3.4029,3
-2.1366,0.81187,2
5.3108,3.4179,3
5.6466,0.63772,3
2.4987,0.92148,2
-1.3658,1.7525,2
-0.2906,2.4092,2
-2.8182,-2.2061,2
-3.6964,0.92492,2
-0.2803,-0.63996,3
-1.2502,-0.27624,2
-0.34929,2.226,2
0.23793,-0.019878,2
-2.325,-0.68996,2
-2.2959,-1.3969,2
0.18162,2.49,3
-2.5528,-1.7032,1
-4.6228,1.1497,2
1.4276,2.6904,2
1.8432,2.047,2
3.3819,1.2327,2
-1.3159,-2.3614,2
0.93291,-1.7056,2
-3.511,-0.54656,2
0.38576,-2.4921,3
-2.1767,2.5616,2
2.7337,-1.4665,2
2.095,1.2764,3
0.0010926,-0.83685,2
-0.018897,0.67651,2
-2.1456,-0.80836,2
-0.69324,4.3182,3
-3.3981,-2.7137,1
0.61985,-1.0274,2
-3.3359,-1.9045,1
-0.40125,-3.0593,2
-4.5343,0.7423,1
3.6941,-1.0897,2
-2.4945,1.4161,2
0.10377,2.4379,2
-2.7618,-3.1976,2
6.1601,-0.016861,2
-0.54508,1.3014,2
3.604,3.3938,2
-1.3316,-1.0455,3
1.1435,1.7669,3
0.29354,2.5991,3
1.1073,0.31532,1
0.24715,-1.508,1
-0.18516,-1.6452,2
2.5881,5.509,2
-1.3202,1.0008,2
-0.30184,-4.2279,2
-3.4412,-2.1863,2
3.4868,2.0985,3
-0.63211,-1.2001,3
1.7694,0.85472,2
4.3416,5.1542,3
3.874,4.131,3
2.6663,-2.7506,2
0.67672,1.4041,2
-5.0585,0.11282,2
-3.1183,-4.0188,1
0.98482,-2.6173,2
-0.10178,-0.076553,2
-2.0254,-1.3823,2
2.339,-0.030751,1
2.7581,-2.2114,3
-1.6528,0.5387,3
-0.32839,0.0034837,2
-3.2154,-0.46689,2
-2.3619,2.0026,3
0.04977,0.41745,2
-0.26519,-3.5465,1
1.3048,0.45221,2
0.42485,2.1457,1
-2.4092,-0.00011833,3
-3.0384,0.81784,2
2.0514,-2.4857,2
-2.3566,-0.35534,2
-3.6539,-2.7748,2
-1.3673,-2.4367,2
-3.0678,1.9544,2
1.6832,-1.5419,2
-1.1244,-1.5932,1
-2.0695,-2.0752,1
-2.7089,-2.4479,1
-0.42543,-0.97908,1
-3.1736,-3.8018,2
-0.28727,3.882,1
-4.2383,-5.5155,2
0.44431,-4.9947,1
2.2987,-0.02015,2
0.83959,-1.6249,1
-2.6277,3.6665,2
2.6552,0.3451,2
1.1067,2.2524,2
-1.1019,0.14072,2
-3.3173,1.9332,2
2.4408,-1.4893,1
-1.2114,0.22492,2
0.98145,4.154,2
-2.9101,4.8356,2
0.50662,2.7331,3
6.1497,3.2919,3
-1.9857,2.1533,2
-1.0793,-1.4145,2
-2.0863,0.48513,2
-1.9218,2.5305,2
0.12067,2.4263,2
1.6566,2.8212,1
0.94017,-0.61112,2
-0.42667,-3.8332,1
-1.726,0.77041,3
1.1739,0.37832,2
1.0826,5.7054,2
-5.2227,0.50539,2
-2.1723,-0.65146,2
-1.6966,0.46023,2
0.31976,1.6867,2
-0.73073,1.3604,2
1.7186,3.8425,3
-3.4157,-1.362,2
3.6668,0.50131,2
-3.1207,0.8967,1
0.72575,0.34481,3
7.9598,0.86832,2
0.71044,4.8581,3
-0.059155,2.2138,2
1.7761,-1.7883,2
-0.45345,-1.564,3
0.42269,1.389,2
-2.2799,-0.55954,1
-0.83745,-3.2473,3
1.4215,0.75903,3
0.84508,-0.083957,2
-4.0854,-0.64723,2
-1.5787,2.0192,2
3.9415,1.9768,2
0.59372,-0.5477,3
1.0856,1.4107,2
4.2377,0.4892,3
3.2205,0.96082,3
-2.4444,-0.63258,2
1.3253,0.46497,3
-0.75957,1.7567,2
-1.5608,1.6955,2
0.48001,-1.8772,2
1.4612,1.9482,3
-0.13195,-0.7525,2
-1.1199,1.1852,1
-0.64836,0.93952,2
2.9823,-0.30593,2
-1.307,-2.6232,1
4.325,0.15935,2
2.5358,-1.4557,2
0.78537,0.16069,2
-0.89478,-0.45183,2
-3.9664,-3.4773,1
-2.5189,-0.99899,2
-0.67231,0.4468,2
-2.6063,-1.6876,1
4.9904,5.7788,3
-2.0791,0.29559,2
-1.1192,1.0053,3
0.02121,2.0624,2
1.798,-4.0712,2
1.6468,1.1477,2
-0.019885,-1.4927,1
1.5064,0.056371,1
2.4056,0.4758,2
-1.1182,-0.037069,2
-4.4909,1.8264,2
-0.93289,0.060302,2
-3.6957,1.5445,2
-0.70972,4.6494,3
-1.7974,-1.757,1
0.070704,1.2765,1
-1.6489,-6.064,1
3.4442,-0.90581,2
2.4546,-0.66094,2
-0.29319,-2.3603,2
-2.5174,2.7488,2
2.9994,-2.8746,1
3.0165,1.8793,3
-3.8554,4.1261,2
1.1341,-0.15161,2
-0.40571,3.0785,1
-5.1319,3.0591,2
-4.3468,-1.4495,1
-3.8943,-0.71975,2
1.3364,-0.48008,2
2.743,-1.3788,2
2.3962,2.6261,2
-0.6583,-2.9909,2
0.42543,-1.5188,2
-0.36353,-2.4287,2
0.63963,2.2019,2
-5.7622,-2.5441,2
-0.36136,1.9057,1
-0.39286,-0.65859,1
1.4859,-0.484,2
2.1237,-2.1726,2
2.8307,3.515,2
0.81673,3.0936,2
0.76447,1.3972,1
-3.3364,0.37814,2
1.1981,-0.74421,3
2.2475,-2.3271,3
-2.9118,0.25707,2
-2.8894,0.5881,2
-4.6603,-2.8106,1
2.7262,2.0377,2
-1.8959,-0.54053,2
1.1934,0.47314,3
0.5212,1.4332,2
0.54352,-3.3916,2
-0.16942,0.078967,2
0.56027,3.6838,3
-7.4818,-0.11989,1
3.4475,4.4906,2
0.5931,-1.4689,1
1.9069,-0.28834,2
-3.3647,-4.6242,2
-1.8031,-0.86489,3
3.7619,-1.1325,3
0.13784,1.1837,2
3.0059,1.159,2
-0.91248,-0.36301,1
-5.6725,-5.2083,1
2.5058,-0.72468,2
-1.4497,2.5002,2
-0.88849,-3.0366,2
-2.0399,-1.9672,1
0.41398,2.3222,1
-1.8474,0.23917,2
2.3207,1.0762,1
0.55364,3.7537,3
-1.7743,1.6886,2
-2.0247,1.8784,2
0.73954,-0.21943,1
2.0299,3.065,2
1.6129,-1.521,2
-1.5008,-0.98494,1
1.1309,-2.0897,1
2.6967,3.4119,3
-1.1454,-3.4474,2
2.7062,3.0208,2
2.8159,0.73299,3
-4.2968,-4.5066,2
-1.0378,-0.44252,2
-3.3227,-2.2042,1
-0.61545,-0.71657,2
-2.7996,-2.1243,2
0.33767,0.47546,2
-2.3776,-0.09378,2
2.4861,-1.8855,2
3.3967,3.7854,2
-1.563,2.1264,2
0.26701,0.8879,2
3.6843,6.0289,3
0.62203,2.7353,1
-3.395,-5.3743,1
-1.6488,3.4174,2
2.3541,4.813,3
3.7155,-1.85,1
-2.7281,-3.2635,1
2.1851,-0.16311,3
0.34183,-2.504,1
-1.233,6.9202,3
-3.8495,1.1445,2
-0.57814,5.1787,2
-0.94908,0.36971,1
1.0536,-2.7014,2
-1.0925,0.90731,2
-2.6814,-3.8048,2
3.2973,4.1339,1
0.43995,1.5801,3
4.7647,3.1181,3
-0.28734,-1.2435,2
-1.1323,-0.1289,1
-2.4405,-2.8518,2
-2.4067,-0.90092,2
-1.7132,-3.7947,2
-0.17401,1.4713,2
-0.23829,-0.27945,3
2.8861,-2.4661,1
0.024314,-1.3535,1
-0.46446,1.457,2
4.9216,1.0225,2
2.6527,-0.75923,3
-1.5363,0.26874,2
-0.39098,3.2519,1
-4.3732,-1.5232,1
0.71482,1.1422,2
2.6087,3.8744,1
-0.24397,-3.9709,2
-0.2063,0.95981,1
2.1675,-3.0431,2
-1.0737,0.43339,2
0.46495,3.8532,2
-0.17689,-1.5785,1
0.1639,-3.0421,2
1.5436,1.3437,2
-2.2233,-0.45308,2
-0.7009,-1.7195,2
-4.8549,-0.69221,1
3.7778,3.1027,3
1.1255,1.8106,2
-0.22927,0.38293,2
1.5786,-3.1146,2
5.4108,-0.2009,2
1.245,-0.54136,2
-0.31428,-1.3293,1
0.93337,3.1996,2
-0.90335,0.74379,3
-1.1426,0.98457,2
-3.1113,-3.5806,2
0.39987,1.0332,2
-0.20374,1.3448,2
4.5914,0.88798,3
-1.4431,-0.28423,2
-0.70195,-0.017404,1
-2.0919,2.2121,2
2.2737,-1.0099,2
-2.0396,-2.1712,1
-0.43498,1.7588,1
2.6665,1.6007,3
0.50603,-0.90196,2
-1.0116,-0.52299,2
3.1521,-0.79226,2
-5.4566,-0.17574,2
-3.8096,-0.24884,1
2.754,-1.818,3
-0.47103,0.39808,2
0.58838,-2.8559,3
0.064121,0.72439,2
-1.5976,0.60551,3
-0.85235,-0.31902,2
-2.9722,-0.34682,3
1.8089,-1.7592,3
0.12512,2.5119,2
2.0526,-1.581,2
2.2753,0.26276,1
4.9146,-1.2691,2
-2.8482,-1.7004,1
-2.0597,-2.9648,2
-1.4703,-1.0916,3
0.41897,-0.26463,2
1.3583,1.0313,3
-0.26517,-0.31254,2
-0.46325,-1.0434,2
-1.1392,-1.3299,2
-2.2186,-2.4195,1
-1.4281,-0.28802,2
-2.2114,-2.0649,1
2.9113,1.9085,2
-1.1465,2.6174,1
-5.1232,0.89818,3
1.2935,-4.5586,2
0.09475,1.4884,3
-0.3684,0.91307,3
4.1283,-0.16097,1
3.3667,5.4553,2
1.4977,-1.0046,2
2.9251,0.9801,2
1.7266,-1.9804,1
-1.8404,2.3905,2
1.8682,1.7139,2
0.90143,-1.8286,2
2.6201,2.3446,2
1.7969,-3.1228,2
-4.7318,-2.5461,1
1.4294,1.7358,2
-1.5811,0.097704,3
-4.1145,-1.2594,1
-2.3725,1.9381,3
-0.25232,-0.59863,2
5.1188,-0.80143,1
-0.98535,-0.25073,2
-1.8896,-2.8255,2
4.1713,8.7149,3
-1.1015,-2.6217,3
0.74031,-1.4298,3
0.43066,2.3066,2
-0.9338,2.0481,3
4.0144,2.528,3
4.578,3.8097,3
-1.0281,1.1023,2
-1.4227,1.0122,2
-0.69305,0.24089,3
-0.73493,3.5317,3
1.3219,3.0019,2
-4.5026,-0.33959,2
0.25085,-2.7846,3
-0.23219,-3.1161,2
-2.4953,0.10444,2
0.39597,0.45856,3
1.1738,0.76529,2
0.51652,0.38963,2
-0.28969,-0.074398,3
1.2804,-0.2223,2
-0.20558,-2.5734,2
-0.19018,1.4104,1
1.201,3.0581,2
-0.12669,-2.4868,2
-1.9811,4.0559,2
-0.97639,-2.3133,1
-2.7956,1.6031,2
2.3225,-2.3934,2
2.8275,3.1999,3
-0.57239,-0.64034,1
-0.17593,1.2581,2
-1.9977,-0.56126,3
3.042,-3.3078,2
-0.26699,-1.241,3
4.0415,1.7663,2
-0.77298,3.9653,2
1.5368,-2.3782,3
1.255,4.2561,2
-1.2946,-1.633,1
-3.8078,-0.45357,2
1.5532,1.1438,2
0.072077,1.3348,2
-0.55034,-2.3314,2
2.7286,3.0595,3
5.0211,1.8781,2
-3.5181,-0.68384,3
3.8643,4.0969,2
4.3762,-0.23456,2
-2.4313,3.1142,3
1.0126,3.1662,2
-1.5661,0.46609,2
-0.375,-4.1669,3
-0.56454,2.0709,2
-1.5319,-1.4699,2
1.6714,1.039,2
0.1708,-0.91293,2
-3.6607,-4.1848,2
-1.2627,1.0153,2
-0.91112,3.5276,2
4.7666,2.0992,2
3.0012,4.1678,3
-2.864,6.7845,3
1.1586,-2.9815,2
0.50509,0.56773,3
-4.2434,-4.4809,1
-0.062469,2.513,3
2.2696,3.9618,3
3.1832,-0.86677,2
-0.47214,-1.1546,2
-0.22157,-2.8427,2
4.1922,-0.10965,3
-1.6592,2.1211,2
-0.8232,-2.8314,2
1.0037,-3.2062,1
-3.1955,0.66674,2
-0.64823,-0.93195,2
0.58134,0.95674,2
0.83216,-1.3631,1
0.61253,4.0346,2
0.31116,2.7142,1
-1.8294,-0.49404,2
-1.2785,-2.7618,2
-4.5642,0.8527,1
2.3587,-0.11704,2
-2.3819,2.5055,2
1.6241,-2.5235,2
-1.527,0.95287,2
0.61826,1.8602,2
-2.1113,-2.2026,2
-1.6251,-2.5653,1
2.4497,0.15075,1
0.094378,-0.62863,2
-1.0324,0.69682,2
-0.062648,-0.58155,2
0.43155,0.36011,1
1.341,0.62735,2
-3.1892,-0.14441,2
0.45689,-0.46202,2
-0.22763,0.13354,2
-5.7048,-2.505,3
-2.0189,-1.5914,2
2.3476,-0.12446,2
1.2435,-0.38176,2
1.7219,2.7174,3
-0.33234,1.039,1
-0.78531,-4.4272,1
-4.1711,1.0219,2
1.5891,-1.0957,3
0.39997,-3.6922,2
-1.0813,-2.7455,2
-1.1639,0.53214,2
-2.1884,-2.669,2
0.1204,3.1308,3
-4.6231,-0.44407,1
0.85906,-1.4824,2
2.1836,-0.87516,3
3.442,-0.29865,3
-1.9408,-0.34361,2
1.1838,-1.1889,3
-0.72935,1.6692,2
1.6168,2.0179,3
-2.6987,-1.9803,3
-1.9864,-0.48683,2
-1.5769,-0.57713,3
-0.22949,2.4657,2
0.035893,2.137,3
-0.21671,-2.9766,2
4.0015,-0.94555,2
1.1762,0.1565,2
-4.6106,1.7574,2
-3.3348,-2.2331,1
0.83625,-1.6989,2
1.5506,-1.9493,3
-2.4711,-5.3624,1
3.1055,1.5611,3
-0.105,1.3077,3
-4.5403,4.327,1
0.02686,1.2834,1
-0.77579,3.5117,2
0.68375,-0.63373,1
1.4353,0.28369,2
2.7008,0.23361,2
-1.5777,-1.9674,2
-0.82651,-0.55224,2
-3.8286,-2.8299,2
-0.45534,-3.8599,2
0.58649,2.6933,2
1.364,1.8288,2
-5.8527,-1.53,1
-1.2722,3.0606,3
2.959,3.8752,3
5.9194,-2.345,2
4.7603,6.458,2
2.0667,2.5859,3
-1.0039,1.9747,2
-0.42959,-1.4372,2
0.82538,-2.1351,2
-2.7317,-4.1036,2
0.954,2.8702,2
7.0816,4.0943,2
-1.8896,0.7044,1
0.92641,2.1826,2
-0.025881,-1.0817,1
2.9225,-1.4135,2
-1.0258,-0.88911,3
-1.4426,-2.2931,1
-0.088218,2.9098,2
-1.1105,-1.4722,2
0.46544,-0.10764,2
1.2769,-3.7263,2
1.3075,1.6283,2
2.4877,3.4617,3
-2.6717,0.46395,2
1.1847,0.98781,2
-4.4932,-1.2258,1
-0.81485,-0.74397,1
2.0468,1.5157,2
0.0037171,-4.3976,2
2.9503,1.8485,3
1.1956,0.83753,2
2.8255,-2.6905,2
1.4787,-0.052774,2
-3.9573,-0.46312,1
0.24812,-1.81,2
-3.516,0.51336,1
0.33022,-4.367,2
2.5906,-1.7854,3
4.203,1.2804,2
-0.71908,1.1739,2
-1.3462,2.3866,3
1.964,-1.1264,3
5.7547,-0.93056,3
2.5437,1.0632,1
-0.12168,3.1152,2
0.0596,-2.4706,2
1.5163,0.73363,2
-1.2311,-0.222,2
-1.9902,-4.6433,2
-0.20673,-0.95634,2
-0.42744,-1.5101,2
-0.67958,2.1105,1
1.2842,-2.1743,2
-1.0247,3.0459,2
0.62095,1.0698,2
5.0324,0.58823,1
-1.8481,-2.6469,2
-0.90295,1.3213,2
2.847,-2.7958,2
1.8164,1.6399,2
-0.38036,-0.62006,2
0.15526,-4.1076,1
0.50696,-1.8723,2
2.1852,-0.80685,2
-3.6804,-0.20355,2
2.8016,-0.94423,2
0.6879,-1.3705,2
0.10013,1.2371,2
-2.2022,-0.75456,3
-0.0036892,4.9755,3
-0.69748,2.05,3
-1.656,2.37,2
3.5353,1.3354,1
0.12786,0.83776,1
-1.2339,0.63827,3
-3.6215,-0.32558,3
0.45028,0.83435,2
-0.12475,-4.317,3
-1.3993,1.5227,2
1.4734,-0.9728,2
0.66368,-4.3394,2
-0.27112,-1.9619,2
1.4953,0.64223,2
0.85582,1.2335,2
-0.96985,-3.791,2
1.1293,-1.7594,2
-2.7295,0.77935,2
1.9446,-0.97235,2
-1.5117,3.4664,2
-1.2784,2.1514,3
1.6033,-1.6125,1
-1.0084,-4.8974,2
-0.17591,0.42377,3
1.1044,1.543,2
-0.8242,-0.40732,2
0.37938,1.0627,2
-1.2238,0.35641,1
-1.5817,1.0802,2
-1.2788,0.31232,2
1.8686,4.8999,2
-3.685,1.7816,1
1.0282,-1.204,3
-1.7309,0.97784,2
-0.081207,-2.7127,1
0.68154,-3.4323,2
2.978,-1.1022,2
0.37004,2.5773,2
-0.17822,-1.2406,2
-2.0643,-3.5225,2
-4.8731,-1.7943,2
0.31532,0.21855,2
-1.067,-3.7585,2
3.884,1.6107,3
1.7158,3.2442,3
-0.66251,-2.311,2
1.5993,1.0015,2
-4.9458,-7.2596,1
1.8547,-0.00074817,3
-4.3407,1.5578,2
0.66128,0.43001,3
-1.6001,-2.72,2
-0.51393,-3.3655,2
2.6104,0.2361,1
3.1279,0.64738,1
-2.7589,-1.7379,2
-2.1376,-0.49573,3
-2.0052,1.2368,1
2.9995,-2.6563,3
1.3971,1.5342,2
2.2322,4.2738,3
-0.92671,-3.3235,2
2.7852,2.5636,1
1.2341,-0.41117,1
1.1376,3.6571,2
-2.6197,-0.64009,2
-3.9272,1.0662,1
4.5843,-0.17113,2
1.6679,-3.0605,1
-0.80241,-0.43048,2
0.16036,-0.26352,2
1.7763,0.92037,2
-2.79,4.1675,3
0.63446,5.7022,3
-0.93194,-2.75,1
2.9876,0.1332,2
1.5265,2.5397,2
-1.9278,-1.484,2
1.0175,-0.9942,2
1.4437,-0.83088,1
-0.85826,0.78525,2
5.9806,4.441,3
-2.8335,1.1411,2
-2.2995,2.1719,2
3.3016,-0.20963,2
-1.5246,0.57253,2
-3.0308,-2.8068,2
-2.2256,-3.5356,1
-6.6923,0.33473,2
-2.2841,-0.36631,2
0.44512,0.18713,3
-5.2686,1.0459,2
0.94572,-1.3719,3
-0.43151,-0.40042,2
-4.004,-1.6087,1
-1.9642,0.68322,2
1.6011,0.53334,3
2.3323,0.88558,2
2.3007,2.9329,2
1.2912,-4.1053,2
0.63604,3.0438,2
4.1417,-0.44627,1
-0.96747,-1.0647,3
3.9733,-0.85753,3
-2.3257,-3.969,2
2.7295,0.68546,2
-1.5199,-0.16506,2
-1.1196,2.8535,2
1.4411,-1.4772,1
0.095651,-0.62725,1
2.9886,4.2783,2
-4.7589,-4.0384,2
0.45959,-0.7211,1
-1.7384,-2.9453,2
-1.3816,-0.20082,2
-1.8964,1.1184,3
1.0421,4.2064,2
-2.1808,1.1809,2
-0.96217,-2.3699,2
0.84639,0.76131,2
-2.9895,3.4593,1
1.601,-2.546,2
-4.1301,-2.0813,1
0.85392,0.52873,2
1.2643,-1.6389,2
0.86893,1.1199,2
-1.5845,-1.2633,2
1.9648,-0.67471,2
-2.9709,0.6619,2
-1.341,-1.6574,1
1.9256,1.7084,2
0.61084,-0.23324,1
-0.036465,-1.8342,2
0.15049,1.2852,2
2.0084,1.427,1
1.7654,-0.46125,2
-0.050897,3.3735,3
-0.91783,-2.7337,1
-0.42699,1.8991,2
-0.18155,2.8315,3
0.12539,-3.7989,1
-1.0433,-2.5575,2
-1.7767,-3.8617,2
1.2062,1.4078,3
5.7295,-0.33783,2
0.57615,-0.1452,1
1.5318,0.52371,1
-3.1025,-2.072,1
-1.4366,2.0824,2
-5.5631,0.099781,1
1.2664,1.7377,2
-2.9357,0.78243,2
-3.1345,-0.22498,2
-3.7228,-1.045,3
-2.3212,-1.8389,2
-2.9432,2.7412,3
0.38546,1.4968,2
5.6091,-0.61386,2
0.8659,-1.3986,2
3.2914,2.2518,3
-1.9639,1.9934,2
-0.13659,1.7201,2
1.3508,2.1103,2
1.9523,-1.6783,2
0.0014209,4.4613,2
2.4103,1.6805,2
-3.5389,-4.0979,1
0.47027,-0.34205,2
2.3355,-1.3284,3
2.2604,1.3183,2
0.96822,0.44454,2
-0.86211,-3.7675,1
2.791,0.64098,3
-3.5435,-2.9568,3
-2.6128,-2.3626,2
1.1905,-1.2861,2
1.6562,0.75139,2
-0.49081,-2.6309,1
4.0239,1.278,2
2.7698,1.7433,2
2.5362,-1.8506,2
-1.5697,-3.689,1
1.4088,-2.0152,1
-0.6278,-0.14162,2
-3.7429,1.6059,1
1.6367,3.5956,2
1.2497,0.64815,2
1.9066,-3.5822,3
0.64051,2.4942,2
3.5063,2.2813,2
-3.2093,3.4319,2
-1.7586,-1.4667,2
1.0105,2.9227,2
-2.4472,2.1126,2
-1.131,-2.2245,2
0.9611,0.18388,2
0.31659,-0.077384,2
-2.4375,0.21603,2
-1.3085,2.1904,2
-1.2809,-1.0186,1
-0.15883,2.3281,1
2.0728,1.8571,2
-5.6352,-2.846,2
1.4023,2.8188,2
1.0029,-1.5951,3
1.1622,2.9801,2
-0.50343,-1.2958,1
-2.7721,-1.4635,3
-2.8067,0.22201,3
2.5958,0.69712,3
1.0236,3.1758,2
0.052339,-3.8366,2
-6.0204,0.16684,1
2.9027,1.7257,2
-1.7572,1.3932,2
1.3378,0.13747,3
-3.5096,-1.9453,2
0.99457,-1.052,1
1.7572,-2.3736,2
-1.2514,-0.52028,2
-1.0654,-3.9419,2
-1.8342,-2.3697,1
-5.7874,-2.6722,1
-0.67998,-2.9122,2
7.7507,-1.1961,3
0.45714,-1.7306,2
0.7373,-1.5801,2
-2.3159,-2.072,1
-0.73834,0.16379,2
0.29173,-1.9023,2
-2.4615,0.53017,1
-5.5027,-1.7359,2
2.3519,0.72153,2
2.2576,-0.97734,1
-0.87334,0.95523,2
-1.2649,-0.46217,1
5.0942,0.45241,2
1.6528,-4.0122,2
-2.8045,-3.5917,2
-0.69907,4.3607,2
3.1013,1.0647,2
2.7131,-0.065556,1
2.6479,-0.062526,2
3.0206,1.6898,2
-3.3283,-4.2554,2
-4.4075,2.2476,1
-0.01037,0.32124,2
-2.4928,-2.6258,2
-0.26372,-4.64,2
6.9509,-0.17131,2
0.49858,3.0469,2
1.5656,-4.3428,3
-0.3489,-3.878,3
1.8043,3.2303,2
-3.6507,-0.67578,1
3.0883,-0.53838,3
0.26599,2.1154,1
0.07879,-4.668,2
-1.4672,0.56967,2
1.3728,0.90649,1
3.197,-2.7936,2
1.0214,0.15403,2
-2.8149,1.4798,2
0.36335,1.3836,1
0.26116,-2.3476,2
-1.9346,-2.6462,2
1.2357,-1.3926,2
-0.49146,-0.52715,2
-0.89487,-1.952,2
-6.6527,1.465,2
2.0282,0.93403,3
1.6515,1.7802,2
-0.48078,1.743,3
-0.50008,-2.9479,2
3.269,-1.1737,2
3.9269,2.3251,3
-0.68086,2.3156,2
7.1667,3.1911,2
-3.8876,2.1946,2
3.8446,-1.6855,3
0.48299,1.1931,2
0.322,-0.20639,2
1.9499,-1.4041,1
-1.2118,5.6741,3
1.6752,1.9589,3
-1.9213,2.432,1
-3.3542,-0.040073,2
0.12124,-1.1374,3
-2.9881,2.3262,3
1.2618,-0.038624,3
-2.7906,-2.2186,2
-3.0351,-2.7184,2
0.40699,2.0052,2
0.019797,0.55771,3
-4.3895,-0.5158,2
-0.42795,-0.97778,2
3.2588,3.5951,2
1.8166,0.28842,2
1.3513,2.044,3
2.3278,1.3315,3
-6.7554,-3.6878,1
3.8905,-0.71022,3
0.46191,-4.0549,2
-3.2652,0.27198,2
1.7092,-0.27541,3
1.6167,-1.1442,3
-5.8344,-1.3176,2
3.4067,1.5445,2
0.51683,-1.6511,1
-0.53725,-0.69571,2
5.0167,1.6171,3
-5.0281,-1.071,2
1.6709,2.8524,2
-1.7372,0.39132,2
1.9447,1.5807,2
5.7123,0.89805,3
-0.83942,0.64715,2
3.4291,2.5709,2
2.314,-3.9686,2
2.84,2.4588,2
1.2316,4.4689,2
0.65042,1.4004,2
-2.5045,-5.4893,2
3.1827,-1.4238,3
-1.2811,4.0751,2
0.66633,2.5639,2
0.2692,3.0236,1
1.1555,2.5422,2
-1.8828,1.5395,2
1.1981,-0.1771,1
-2.1265,-2.0106,2
0.53278,1.6185,2
-2.233,-1.938,2
-6.2598,-1.5309,2
3.0472,-1.5435,2
1.0013,-0.42929,2
-2.639,-0.92278,2
-0.6103,0.64015,2
1.1837,-0.5927,2
-3.3346,-1.326,3
-2.2639,0.19306,2
0.31914,1.5219,2
0.86418,1.3784,1
-2.8908,0.89643,2
-1.9096,-0.89977,2
-2.2563,0.8314,2
0.66795,1.155,3
0.0085776,2.819,2
1.1612,-3.0094,2
0.82625,-4.688,2
-2.302,-2.709,2
2.0894,1.0779,3
2.0473,-0.78252,2
-1.0772,0.91332,2
-3.5749,-2.3108,2
-0.62737,0.41541,2
2.0592,1.0899,1
3.2387,-2.1483,2
-1.4475,2.763,2
3.0892,-2.9201,2
-6.1783,-4.4841,2
-3.0728,-0.15253,2
-1.9289,-5.3444,1
-2.5975,2.703,2
-1.5644,-0.24366,2
5.2798,0.52874,3
3.786,-3.0429,2
-1.4308,2.4765,2
-3.3189,-4.3938,1
-1.0038,3.6009,2
-2.1997,-3.7634,2
-3.5987,1.1322,3
0.21712,0.73375,2
0.82838,-1.8024,2
-0.22375,0.81587,2
3.0006,1.0864,3
7.3703,6.3099,3
1.7782,1.1024,2
1.1617,0.69974,2
-3.0741,3.0529,2
-0.15417,0.47659,2
-0.19426,1.033,3
0.75597,0.38609,3
1.1292,-0.43826,2
-1.3659,1.2017,2
-1.2786,-1.8179,2
-0.7889,-3.5754,3
-0.13537,-1.6537,3
1.575,-1.5213,2
-2.7229,-2.4755,1
3.1884,1.9414,3
-1.8502,-5.3098,2
-1.8819,-1.9061,3
-4.3371,-0.897,2
-1.5516,-1.1635,1
4.3783,6.372,1
-0.36382,-0.21899,2
-3.6047,0.4944,2
-1.291,-0.33866,2
2.0806,-2.3311,3
5.5664,2.1125,3
-0.41531,-0.343,2
-0.88158,-0.90199,2
2.8933,0.77208,3
-2.5564,1.3758,3
2.3492,-0.035688,2
-0.4376,-2.0431,2
2.3866,1.5207,2
1.0988,-0.8293,2
-1.0756,1.5298,3
5.7496,1.0286,2
-2.989,-5.8504,2
-2.5934,2.0719,3
1.9758,1.3767,2
1.8576,1.8547,3
0.35825,1.2364,1
1.1041,1.5068,2
4.9528,-1.0408,2
-0.89163,-1.1718,2
-1.4805,-0.32009,2
-2.7236,-1.262,1
-1.711,-2.4827,1
4.2045,2.7801,2
-2.5526,-3.8704,2
-4.6508,-0.18512,2
-0.25687,-3.5776,2
1.6636,-2.6198,1
0.098158,0.3303,2
-4.9244,-3.4046,1
2.435,1.6354,2
1.3424,-1.0065,2
-1.364,-4.0755,2
0.83015,1.8156,2
1.0067,-4.7242,2
1.8789,-2.8125,2
-2.5736,-2.9727,2
0.059357,-0.81275,2
-2.7633,2.4235,2
-2.5563,0.088705,2
-1.7348,-0.32868,2
0.10486,0.22154,1
1.2465,-4.5658,2
1.0037,3.5335,2
0.3098,3.7299,2
-4.6012,-3.4441,1
-1.1566,1.1105,1
2.9635,2.3551,3
0.2321,0.89974,1
0.1914,5.1406,2
-0.45047,-0.019367,2
2.0087,-0.86313,1
-1.8377,3.7086,3
-0.12927,3.9948,2
-0.43344,-1.5101,2
2.862,-3.9106,2
0.98254,-1.5378,2
-1.333,-0.48169,3
-0.85593,-1.5374,2
2.4487,-3.3534,1
-1.1185,1.5395,2
3.0774,-0.3078,2
-1.0944,2.813,2
-2.4472,2.0828,2
0.7888,1.9081,2
2.8346,1.9355,3
2.8249,-4.1793,2
-2.7691,-0.70658,2
0.66788,-0.1686,2
1.5787,0.3521,2
-1.5683,-0.73678,2
1.5555,1.1729,2
1.8636,1.7127,2
-2.7295,-0.89053,2
1.291,1.907,2
-0.67744,0.6864,1
-2.2499,0.73879,1
-1.4045,1.0264,3
-1.8411,-2.0735,2
2.4588,-0.098047,2
1.3001,1.3033,2
-1.9238,-1.1127,2
1.2503,1.7727,2
0.44886,-1.9847,2
3.8931,2.8297,3
3.3385,1.3449,2
0.64636,-0.68675,1
2.113,0.68851,3
-4.7348,0.29015,1
-0.15236,0.627,3
-3.6301,-0.10928,1
0.41451,1.3913,2
-2.3948,-5.4765,1
-3.7999,-0.68297,2
-2.4249,1.5978,2
-2.0144,-0.12308,3
1.5262,0.45365,3
-1.8514,-1.7684,1
0.20236,1.2107,3
2.4862,-0.92174,2
-2.2234,-1.0932,2
-6.7294,0.91184,2
-0.050064,1.9805,2
0.62333,0.40644,1
2.4154,6.1455,3
-2.844,-0.41546,1
-0.43979,0.64748,1
0.98704,5.5014,2
-1.0961,-0.10412,1
-0.45236,0.88371,2
-0.96844,3.271,1
-0.051895,2.8523,3
-0.62449,2.4078,2
-1.7454,1.3247,3
2.7384,-1.4499,2
-0.74108,0.7159,2
5.1753,0.44122,2
-4.0938,-0.48293,2
-3.186,-1.8022,2
1.6131,1.0463,2
-0.11122,-1.9131,1
-0.2014,1.4912,2
-1.0548,-0.30408,1
-0.57159,-4.1645,1
-3.6379,-0.094771,3
-3.926,4.5304,2
1.1616,3.0498,3
-2.8307,1.9949,2
1.7411,-1.3488,2
-0.82334,-0.3455,3
0.88419,0.12302,2
0.86774,-3.2169,2
-2.8554,-1.4638,1
-1.7142,-0.38,2
-1.1682,-2.7947,1
-2.2952,2.2764,1
-1.375,1.1847,2
3.696,3.0006,2
1.6805,2.1739,2
1.0876,-1.9363,3
3.6268,-0.44471,2
-3.4128,-0.48148,2
0.7288,-0.22636,2
-1.6527,-4.1581,3
-4.5477,1.7453,2
-1.3047,1.961,2
0.38358,1.1802,2
-1.3273,-3.6064,1
-1.188,-3.4918,2
-1.0245,-0.28753,2
-1.4213,-0.5107,2
2.9012,1.4447,2
0.35218,0.33279,2
0.7181,0.012919,2
1.2618,2.3526,2
2.2185,0.8661,2
-1.2985,2.568,3
3.1334,-2.0647,3
2.585,-2.9546,3
-1.5785,-1.3987,2
-1.2502,-4.6104,2
1.2453,-1.1406,2
-0.30639,3.1089,3
-3.1242,0.3353,1
-0.10784,2.3369,3
2.371,0.74121,3
-0.48734,-3.4683,3
-0.80917,-1.7641,2
6.3031,-0.3326,3
-2.7469,-1.7427,2
1.0787,-1.9151,1
-1.7718,-2.048,2
1.7238,0.62473,1
-2.609,-0.93467,1
-0.17514,-3.3172,2
1.1313,-1.1165,2
4.1884,1.2686,2
-1.7453,-1.0179,1
1.8373,3.9426,3
1.1184,0.8428,2
-3.0445,-4.9454,2
0.5908,4.859,2
-2.3201,2.8885,1
-2.0515,-0.2707,2
-1.8412,-0.33883,2
-3.6084,1.669,2
1.4166,0.4085,2
0.24836,0.067089,2
1.3639,-2.3254,2
1.6954,-2.4695,2
-2.9851,3.1722,1
-2.533,2.4453,1
0.96316,1.3947,2
-0.29781,-0.3786,2
2.5954,-0.33144,3
0.56093,-0.62356,2
-2.558,-3.4421,1
-0.064451,-3.963,3
-0.84378,2.2527,2
1.5569,1.8595,2
1.6848,-0.36854,1
0.87958,1.4223,3
-2.3791,-3.9365,2
2.7731,-0.16362,1
-2.6339,0.55974,1
1.1768,-0.03458,3
-5.037,-1.4071,1
1.4664,-4.5651,3
1.1948,-0.53913,1
2.649,-2.1103,2
-5.6066,-1.012,1
1.5305,0.13466,1
-0.33433,0.0039423,2
-2.2049,0.36632,3
0.076726,1.6289,2
-2.8824,-0.82381,1
-0.95721,1.3555,2
2.4333,-2.1349,3
0.44701,0.88512,2
3.07,-0.51418,2
-2.7539,0.6135,2
3.4478,2.207,2
2.5905,-1.6567,3
-2.4476,2.9271,3
-0.077332,0.23024,1
-2.3735,-0.65152,2
-3.9263,0.26872,2
2.9188,0.85528,3
-0.34529,-4.5706,2
-0.24444,2.6812,2
-6.3352,-1.0212,1
0.68473,0.063764,3
0.35457,-2.605,2
-4.6446,0.086123,2
1.7062,2.3699,3
1.8947,2.8053,3
1.5248,1.7244,2
-0.32071,4.1088,3
1.9029,1.0481,3
-0.073283,-1.7608,3
-0.75975,-1.4151,2
-1.6772,-1.1406,1
1.1491,-3.7633,2
0.82057,-0.40023,2
3.2223,-1.9411,2
3.7235,-2.8706,2
1.639,1.2207,2
1.0893,4.0311,3
-1.3464,0.58917,2
4.023,1.963,2
1.1562,1.8143,3
-2.5118,-2.8314,1
0.4676,2.5581,1
0.64286,-5.2234,3
-1.6101,-1.4873,1
-1.132,-0.32766,1
-3.3395,-0.87736,1
-0.3535,-2.4898,3
4.0732,-3.9194,1
2.4552,1.9714,3
2.0845,2.7116,1
-1.8353,-4.5596,2
-0.56298,-3.7828,2
0.67648,1.8852,2
0.062214,-2.362,2
-3.1437,-2.1366,2
2.2171,-0.1909,2
-0.12404,-2.0491,3
-1.1028,3.5782,3
5.515,3.0228,3
-2.0647,0.62485,2
0.31504,-0.30775,2
2.1444,0.39338,3
-4.1251,-0.40611,2
-1.7954,-4.2232,2
0.30881,-1.8162,1
-0.56811,-2.5532,2
3.2777,-1.5515,2
-1.0554,0.47342,3
-1.613,-0.99978,2
0.91369,0.70312,2
-5.3625,-0.85769,1
1.2623,-1.3361,1
2.8332,2.44,3
-1.2617,1.6539,2
-1.5523,4.2248,2
1.9038,1.4204,3
-2.472,-3.8553,1
2.8798,0.90565,1
-2.7563,-1.4837,3
0.54332,1.8075,3
-2.3136,-1.6781,2
-0.44816,0.59048,2
0.74028,1.3745,2
3.5238,-0.13992,2
0.67919,-4.6119,1
-1.1692,-0.9195,1
-1.9405,-2.8706,2
-0.35211,-0.81708,2
3.5888,1.4816,2
0.54197,1.735,2
-4.9452,-1.4669,1
-0.43243,2.1352,2
1.7735,-0.67139,2
0.20489,-5.0112,1
0.86396,-1.9112,2
-1.4215,-2.4815,2
0.29905,1.5338,2
2.4304,5.4222,2
1.876,-1.8049,2
1.3984,-1.8599,2
-0.36414,3.2842,2
-1.8617,-0.23782,3
-0.46378,1.5863,1
-1.7009,-0.61514,2
1.2739,-1.5997,2
-2.0046,-0.24992,2
0.51915,-2.3938,2
-4.7192,-1.3535,1
-0.085308,-0.86947,2
4.6572,1.1682,2
2.9115,-0.968,2
-2.9159,0.043489,3
2.1545,-1.9153,2
0.8222,-0.80269,2
0.96966,-0.90657,3
7.5463,2.3572,3
-4.088,-1.8926,1
2.1953,1.5898,1
2.4468,0.47524,2
-0.44515,-3.683,1
4.8774,2.9449,3
-1.9717,2.804,2
-1.1089,3.2198,2
1.8453,2.494,2
-1.4795,0.54671,1
1.0331,-4.3404,2
0.86623,3.9181,2
4.9269,3.402,3
2.2362,-0.54476,2
1.3798,-0.28484,3
-2.9282,-0.065178,3
0.25268,4.5531,3
3.3084,0.86986,2
-2.6729,0.026372,2
0.061411,-2.8833,2
2.0375,-3.3077,1
-1.7872,-2.9281,1
0.62969,0.70893,2
2.4045,6.4973,3
0.4335,1.8781,2
0.35232,-1.526,2
3.0293,-1.2558,1
5.0647,-1.6339,2
-1.1231,-1.5064,3
-3.3813,-1.6674,2
-3.717,-1.6218,3
-1.028,3.2303,1
2.0871,2.9981,3
1.0676,0.54487,2
-0.22675,-0.057707,2
3.8674,1.2846,2
-0.029386,-0.93981,2
-1.0233,-2.1853,1
0.25504,-1.7345,2
0.89866,-1.7929,2
-0.77216,3.1008,2
-2.9678,-4.1597,2
-0.42363,0.27605,1
2.8073,2.4631,3
-0.98165,1.7465,3
-2.359,1.1434,2
-0.62815,3.1202,3
-1.983,-1.7161,1
-1.6885,-2.2511,1
-1.5268,-1.8904,1
-4.0113,-4.4213,2
2.1498,-5.6963,1
-1.4289,-0.41374,2
-4.5796,1.5644,1
2.3063,4.6455,3
-5.1028,-2.6142,2
1.9751,0.69911,2
-2.0984,0.34265,1
-0.85739,1.2243,2
0.31383,-0.63826,2
-2.2944,-1.3639,1
-3.2309,-0.45381,2
-4.1824,0.96015,2
-0.57049,1.8401,2
-0.13667,-1.7949,2
2.6653,1.1836,2
-3.0615,3.0659,1
-0.69216,-4.6834,2
3.9348,1.8277,2
-3.15,-3.4436,1
-1.0651,-3.3577,2
-3.0052,2.3823,3
-4.2205,-3.3439,2
1.431,-2.612,2
0.96739,4.758,2
0.67429,2.0394,2
1.3263,1.9226,2
2.5298,0.87991,1
1.6245,0.80106,1
0.43667,5.0407,2
-6.5391,-4.1196,1
0.068328,-3.4711,1
-1.0658,-0.095966,1
-1.3438,-2.1066,1
2.5748,0.49679,2
-3.0732,0.36095,2
1.8842,1.8596,3
-4.9626,-2.0227,1
1.9604,0.53009,2
-1.7786,2.9206,2
5.0969,0.75456,2
5.1175,4.1342,3
0.58044,-0.89041,2
-0.14083,-0.23377,3
0.26763,-1.2467,2
-3.325,-2.4557,2
-0.23156,1.3153,2
-3.381,-1.2626,1
3.8014,3.6567,3
4.0451,4.2828,2
0.17156,0.96892,2
0.93417,0.8904,3
-1.2521,-0.068268,1
-0.29834,0.52342,2
5.2277,2.9841,3
0.66273,-2.3244,2
3.5048,2.0365,3
-0.47527,-1.1781,2
3.1756,1.4981,2
-2.1526,-3.5623,2
2.7431,-1.1926,3
1.3406,-8.2048,2
0.28684,0.43507,2
3.6495,1.0259,2
2.815,0.87829,2
0.79533,3.0567,2
-0.11367,1.9427,2
-2.965,1.6892,1
-0.52311,-2.5425,2
0.51048,0.027644,1
0.17614,0.13982,2
-2.133,-1.3782,2
-1.7828,0.095947,1
-3.3647,-1.0905,2
3.375,-0.027183,2
-1.4637,-1.4635,1
-1.6826,0.22071,1
3.9113,4.6741,3
-3.1205,-2.2905,2
0.59433,-2.0256,3
-0.38288,-2.0316,2
-2.6703,-2.0756,3
3.9528,-1.3571,3
-1.8455,-4.7784,2
1.7229,0.74501,3
-3.8978,0.32219,1
-0.32596,-0.93591,2
-0.25136,1.0644,2
0.23729,-1.6426,3
-2.0789,-0.53586,2
3.6226,0.070146,3
-1.9059,0.31025,3
1.9324,-0.95774,2
-0.54496,-0.52716,1
-1.595,-0.96585,2
0.73735,-1.7313,1
0.81007,6.0434,3
4.8245,1.5386,2
3.3531,3.9079,3
0.17136,-1.905,1
-1.8827,2.1874,2
-4.9634,1.0395,1
4.2518,1.1139,2
-1.7685,1.0417,2
2.6083,0.31919,3
-0.50687,-0.16469,2
0.24374,1.9538,2
5.179,-0.22328,3
2.4687,0.029931,3
-2.6153,0.57222,2
-0.3787,0.7949,3
2.5811,4.6853,2
0.94169,1.9563,3
-0.28919,3.1179,2
-4.8024,-1.4931,2
1.8307,3.55,2
6.0447,0.11019,3
-0.43259,-0.18229,1
-0.38773,-0.86112,2
0.97199,2.3266,3
-2.9479,-1.6275,2
-0.13029,-2.5668,2
-2.6833,-2.891,1
3.2162,0.62677,2
0.88859,-2.5786,1
-1.5414,-0.78609,2
2.8744,-1.2525,3
0.68507,2.0687,2
3.2807,3.4843,3
-1.6745,0.99821,2
0.70767,-2.5472,1
2.2801,-1.1694,1
0.97271,0.45387,2
-1.3862,2.4609,1
-0.92974,-5.9087,1
1.4925,1.3797,3
-2.0303,-4.1156,1
1.0748,0.79717,1
0.66245,4.7389,2
5.2163,0.58216,2
0.80032,-0.44566,3
2.6973,-0.24159,2
-0.33159,-0.046064,2
-0.45271,-5.3447,1
0.27597,0.77129,3
2.2853,0.27355,3
2.8164,2.7808,3
0.25968,1.1162,2
-2.5596,-4.4495,2
0.15033,-2.3138,1
1.7173,1.7199,2
1.4251,-3.3791,1
-1.7646,-3.2926,2
-2.5125,-1.4491,2
4.094,5.3308,2
1.6004,0.36128,3
-0.47892,-0.92522,2
1.5689,0.71427,2
3.12,2.4983,2
-0.37312,-2.8267,2
-0.36671,0.35816,2
1.1192,1.962,2
1.2815,1.2397,2
-1.5622,1.1119,1
2.559,2.2691,2
-0.087633,-0.99068,2
-1.6001,-0.51268,1
-2.2717,3.9807,2
-0.69033,-0.73976,3
-0.41206,2.4636,2
-1.1996,-2.25,1
0.26014,-1.1833,2
-1.478,-5.6665,2
2.0096,-1.2595,2
3.844,2.1337,2
-3.0682,0.9909,2
-1.7326,4.1467,2
1.8319,3.068,2
0.77306,0.60812,3
-1.5632,-3.8246,1
2.7944,-0.74786,1
2.4123,-0.28136,3
1.9846,0.70542,2
-3.2079,-3.4723,1
-0.5999,1.2506,2
-0.04676,-0.7317,2
1.2648,-3.256,2
0.45696,-1.3671,2
1.8122,1.3161,2
2.4692,0.96339,2
0.46045,3.9058,3
-5.6681,-1.6485,1
2.0648,4.9177,2
-1.5215,2.4289,2
1.3452,2.3706,3
1.8354,-1.9391,3
1.3833,-1.894,2
-2.7338,0.93286,2
-2.6367,-0.21439,1
-3.176,-2.3329,1
-1.914,1.4624,1
-0.96001,-1.1515,1
5.9293,1.6518,3
-0.42061,-4.0481,2
-1.6605,0.93119,3
-0.97153,-0.26671,2
-0.36062,-1.1908,2
1.9879,-1.2569,2
0.25485,1.0178,2
-2.2449,4.0877,2
3.092,0.89071,2
0.13337,1.8481,1
2.6494,0.90251,2
-1.2874,-0.3217,2
0.81464,1.5278,2
-0.75121,-0.61656,2
-1.5182,0.076971,1
-0.1311,-2.1332,3
-0.0059663,0.4502,2
2.5531,-0.2665,3
-1.8648,-0.13578,2
-1.4583,-3.7917,2
-1.6068,-2.2989,1
-1.8869,0.5246,1
2.1681,-1.4391,2
1.4265,4.0523,3
-0.39413,0.021376,2
3.0738,3.6517,2
1.0743,2.7969,2
-0.017448,-0.48596,2
-0.15661,-1.3769,2
0.14919,-4.1552,1
-3.2846,-2.6067,2
-2.4737,-1.1561,2
0.40113,-1.3884,3
1.3821,-1.4324,2
0.76401,-0.14542,2
2.9694,-1.1958,3
1.877,3.9468,1
-0.28635,0.68918,2
3.5008,0.27835,1
0.79299,2.317,2
-4.2628,-3.2482,2
-3.8147,-0.57775,1
1.5545,0.59914,2
4.2472,1.2894,3
3.5484,5.0272,3
-0.68869,-4.4286,2
-1.3539,0.47695,2
0.64055,-2.4763,2
2.9736,-1.5488,3
1.8743,-2.5493,2
0.29467,1.6817,1
1.7428,0.75735,2
-1.4709,0.96118,2
-0.087119,-4.2576,2
-1.296,2.667,2
-0.1417,-0.30533,1
4.1192,2.7741,2
-4.8107,0.73619,2
-3.7148,-3.4309,2
1.2277,-0.49748,2
3.2651,1.1612,3
0.1871,5.4642,2
0.25301,-2.6586,1
-4.2705,-1.89,2
-2.1869,-2.9111,1
0.56075,1.015,2
0.7688,0.5876,2
0.72099,2.9407,3
-3.8362,-5.8473,1
2.6601,1.3331,2
1.2436,0.14122,2
4.0731,2.1634,3
0.21123,0.18847,3
-0.61703,1.8903,2
-3.8476,-1.8562,1
1.0951,-0.86809,2
-1.3004,1.9542,2
-1.643,-0.69723,2
-3.8875,-5.7687,1
2.736,-1.8365,2
3.0593,-0.20425,2
0.51363,3.1792,1
-0.7697,-2.7103,2
-0.48128,-3.9386,1
2.505,2.6943,2
-3.7559,-2.2792,1
-3.2203,-0.60516,1
-1.8927,-3.7573,2
-1.0184,-1.0996,2
-0.20535,-0.84057,2
-0.63215,-2.4552,2
1.0481,7.2901,3
-2.5067,-1.7293,1
-0.10775,-2.3886,2
1.0625,-2.1589,2
-1.2073,-1.7651,2
0.63506,-3.2367,2
-1.6281,-1.8606,2
-1.0103,-0.11871,2
1.8075,-1.6682,2
-1.4961,-1.4257,1
-2.1951,-0.64539,2
3.4058,1.1536,3
0.33588,0.5843,3
-0.24679,0.47556,2
-1.7132,-0.51426,2
0.13287,-3.4386,3
3.232,-0.14143,2
-4.3218,-0.70881,1
0.81994,1.1883,3
-1.7089,-1.6428,1
-0.691,5.0699,2
1.3828,-1.7261,2
-0.67305,-0.82743,3
0.48518,1.3086,3
5.1751,2.6944,2
-5.8658,-1.5131,2
-2.3844,4.076,2
-1.6136,4.5715,1
1.5792,1.717,3
4.3001,2.0319,3
0.048509,-2.2764,2
2.3351,0.53217,2
1.7883,2.3797,2
-3.1451,-1.1024,2
-0.65022,1.9201,2
-0.15509,-2.4138,2
1.2179,2.9121,2
-0.061726,-1.4326,2
2.5513,0.3962,1
0.97451,0.16895,2
-0.26097,-3.0808,2
2.6881,-2.3353,2
1.4936,0.98918,2
-0.64641,0.69426,2
1.4147,1.2138,2
-2.3495,-2.6214,2
-0.81371,-0.56706,2
2.7575,-2.7294,3
-0.84383,1.788,1
1.7779,-4.0675,2
4.0691,1.9115,2
0.2966,-4.6557,2
0.19939,-2.1129,1
-2.3262,1.1246,1
0.20126,0.58942,2
-5.5144,0.45651,2
-3.0853,-0.048713,2
-1.2133,1.9918,2
-0.77263,-4.1168,2
-3.1341,0.39782,1
1.929,2.8089,3
-0.43291,1.836,2
-1.1744,0.1162,1
0.53683,-3.8516,1
-1.1538,-4.9934,2
0.78759,2.0367,3
-0.42791,2.0546,2
6.3522,1.627,3
1.1009,-0.778,2
2.0414,-1.8792,2
1.9841,-2.425,3
1.8997,-0.14357,2
1.1931,1.0731,2
0.091618,-0.058927,2
2.2697,-1.7871,2
1.8413,-3.5286,2
0.4713,-1.1966,2
1.3392,4.5486,2
1.106,-2.2082,1
1.0982,4.5643,3
-0.70544,-0.29205,2
1.8117,0.39181,2
-3.5155,2.152,3
-0.061634,-1.4012,3
-1.894,-1.2441,2
-2.3282,-4.1275,2
1.3945,-1.8056,2
4.1486,0.022141,2
-1.9265,-0.86559,3
4.2987,0.59254,2
3.4107,-0.44788,2
1.1341,-1.4938,2
2.7606,5.0928,1
-0.014389,0.76999,2
0.8637,-0.67838,1
-1.3062,-5.2243,1
4.8768,1.5399,3
-1.6741,0.40514,1
-0.60849,0.31986,1
0.71341,-0.53391,2
1.0477,1.9732,3
2.5698,0.31384,2
1.0416,-2.9234,2
2.2492,2.6057,2
2.5878,-4.8757,2
4.6522,2.4089,3
-1.5146,-1.9125,2
2.0554,-1.1653,2
-0.45123,-3.6448,1
-0.42967,-3.0487,2
1.0298,3.5011,2
1.1624,1.211,2
-0.90091,2.7269,2
-1.0269,0.4466,2
-0.43193,-2.4958,3
1.4379,-1.3883,2
-2.5282,-5.4104,1
-0.67887,-3.34,1
0.35407,0.070349,2
2.9827,4.4188,1
-4.2873,1.5947,2
1.2987,0.85308,2
0.57779,-0.48684,1
-1.9189,-2.2593,2
1.0075,0.44373,3
1.9669,-0.59444,2
0.81204,0.61462,2
0.1578,0.29051,2
-0.10279,0.90008,2
-0.82623,2.2579,3
-2.5448,-4.4871,2
1.9203,-1.2457,1
1.244,-2.0911,2
-0.62919,-0.14024,2
-0.88263,-0.92319,2
-0.84636,-1.4519,3
-0.6243,3.24,2
4.1005,3.0131,3
1.1475,1.0807,2
-0.95996,0.3813,1
-1.0285,2.174,2
1.2189,0.88317,3
-2.5934,-0.62838,2
1.8358,-2.0433,1
0.61609,1.4951,3
0.90015,-0.75028,2
-0.59024,1.0106,2
-0.99855,0.40639,2
2.0855,3.3861,2
0.1842,-3.583,2
0.74542,3.344,2
1.2714,-1.5252,2
0.0031737,-1.3949,2
-1.3902,-0.34936,2
1.594,-1.4949,2
-0.88576,-1.6265,1
3.1855,-2.9491,1
2.7726,1.4643,2
-2.5513,-3.3878,1
-5.4057,0.14253,2
-2.8984,-2.5902,2
-4.0179,-0.93608,2
0.72319,-2.8431,1
1.3124,0.9942,3
-6.7503,-4.9906,1
1.8665,0.23423,2
-4.9104,-2.7797,2
-0.96422,0.86161,2
-0.90002,-1.5643,2
0.6527,-0.35434,2
-0.29431,-0.55081,3
-2.6362,-1.8852,2
-1.7565,-1.7709,2
-3.4562,1.6537,1
-2.0622,-0.39798,2
-1.5788,-2.0441,2
0.35685,0.93426,3
-2.5653,-1.6575,2
5.2105,-2.7933,2
0.35123,1.7542,3
1.8241,0.97239,3
-2.9193,-1.3004,1
4.0003,0.094518,3
2.1238,-0.052908,2
3.0397,0.20016,3
-1.5052,-4.5293,2
-1.0274,-3.8857,1
2.5389,-0.86308,2
-5.3397,-3.3491,1
1.0874,2.2142,2
0.49663,1.3888,2
3.5198,-1.3573,3
0.16613,2.3248,1
-0.4387,-1.3199,2
-0.06252,-1.4854,2
1.4438,3.7932,2
1.1446,2.3332,3
-0.94927,-1.0408,2
-0.54671,-3.3407,2
0.76717,2.3086,2
-1.9873,1.5415,2
0.31894,0.22339,1
-0.75403,-2.2636,2
0.98385,-0.25905,2
-3.9769,-0.59698,1
-0.05638,-1.7224,2
2.4002,4.3469,2
-3.868,-2.3814,1
-2.0118,-0.99194,2
-4.1409,3.1351,2
-1.3499,2.8607,3
1.8024,-0.20211,3
-4.0253,-1.896,1
0.94116,-0.41112,1
0.67805,3.2894,2
-1.7819,0.86193,1
-0.82522,0.85554,3
-1.8425,-2.8112,1
1.3153,-0.57037,1
-1.748,3.685,2
-1.6861,-1.0397,2
0.68213,-0.98537,2
1.913,-2.9232,3
2.4024,1.2448,3
2.4153,-3.7201,2
0.56638,-0.5604,2
2.1082,0.61395,2
0.97113,-4.6996,2
0.8835,1.7806,2
-1.8615,-0.63954,2
0.48212,1.3698,2
0.6877,-1.8242,2
-5.0489,-2.9174,2
-2.5352,-1.32,2
-3.0278,-1.5893,2
-0.74209,1.1703,2
0.6311,1.6668,3
1.2065,1.554,2
8.4764,-1.5888,2
-0.85555,2.1559,2
0.047314,-0.39753,1
-2.6233,-2.88,2
-3.1266,2.9103,2
-1.4151,2.0188,3
3.3922,0.68165,2
-1.9518,6.3237,3
-2.1301,-3.1653,3
-1.0135,2.0189,2
-0.12313,-0.54972,3
4.3009,-5.7326,1
0.59735,-4.6353,2
-0.14334,-2.5963,2
1.7379,1.7525,2
-1.3132,0.91117,2
-0.66384,-4.6758,2
0.36627,2.4243,2
-1.5769,-1.859,2
0.33426,3.7759,3
-0.42969,-0.093313,1
0.33081,1.62,1
0.0522,-0.096766,2
4.8237,-0.80553,3
-1.7908,3.24,2
0.46756,3.627,2
0.82983,3.6714,2
-0.13929,-2.7018,2
0.64513,0.85824,2
0.31586,-1.4074,1
3.2909,3.0334,3
-0.34316,1.8506,2
1.42,-2.9368,2
-3.0093,-3.2947,2
3.2816,1.4252,2
0.10111,2.7158,2
-3.3172,-3.0213,1
1.7025,-0.0095565,2
1.372,0.55357,2
0.65291,2.0111,2
0.41174,0.5075,2
-1.8385,-1.5367,2
-1.8403,-1.6779,1
-1.5024,-1.6791,1
2.2583,3.9186,3
5.1787,1.7474,2
2.3578,-2.0896,1
-1.1632,0.48961,1
-1.9881,-3.2392,2
1.5704,-0.050261,3
3.5983,2.1129,2
-0.83656,1.6551,1
2.03,2.8651,2
-1.8759,-2.7927,3
-3.1,0.24778,2
-1.2306,2.5125,2
3.7314,1.5328,2
3.5029,0.34212,3
-1.2033,-2.726,1
6.3865,1.0095,2
-0.47984,-1.6483,1
0.44843,4.2569,3
-0.15827,1.5983,1
3.3264,1.0834,2
1.1784,-1.6293,2
3.0075,3.3541,3
1.9472,-2.4346,2
-3.9837,2.1563,1
2.837,3.8384,2
-2.5047,-0.38251,3
1.5606,4.4211,3
1.6707,0.67667,3
-0.014797,1.5724,3
-1.1365,-0.1053,2
-0.83832,1.0875,2
-5.3412,0.95378,1
-2.1597,-1.5208,2
-2.9139,-0.92582,2
-1.8356,0.71163,1
1.4911,-2.8933,2
-3.4809,0.90806,2
-2.397,-2.9707,2
-1.9836,-1.8888,2
-0.15924,-1.7486,2
-0.90691,2.889,2
1.4255,2.4598,2
2.4627,-0.47797,1
-0.18679,1.308,2
-4.403,-1.9223,2
-0.73113,1.2762,2
3.37,1.2227,3
-0.93701,1.8259,2
1.7215,-3.5613,2
-0.53535,-0.34956,1
1.4508,1.8437,2
1.1959,-4.7652,2
0.28679,-0.24656,2
0.29539,0.43588,2
-0.059328,-1.4923,1
-4.3991,-0.085102,2
3.2622,3.4193,2
-3.4884,-1.178,1
3.222,-2.1878,2
-1.7387,-0.084432,2
-3.1809,0.70244,3
4.2143,-3.0339,3
-2.3963,0.58884,2
0.87207,-1.8092,2
-1.8058,-3.7822,1
-1.7044,-3.0431,1
2.059,2.0661,3
4.3848,0.37562,2
-2.0199,-2.4799,2
1.696,5.5893,2
0.93902,0.20524,2
-4.018,-2.3655,2
2.1369,3.8016,3
-2.2304,4.2588,3
-0.45989,0.83788,2
-5.0067,-1.251,1
0.5724,-0.63013,1
2.7664,-0.72265,2
4.5437,-2.1896,2
-2.188,1.5446,3
-0.24642,0.87072,2
-0.44123,-1.6369,2
4.0924,1.2558,1
-1.5011,-0.80818,1
0.77493,-0.20191,2
-0.53541,-0.44395,2
-3.0298,-3.9047,2
-2.6524,3.6184,3
-1.0253,-4.7926,2
3.3827,0.96282,3
2.2511,-0.76672,2
-0.093737,-2.5948,2
3.1895,0.4485,2
2.3094,1.4346,3
1.6573,-2.3552,1
-0.034443,-4.4197,2
2.6388,-1.8102,3
-2.9185,-0.31615,1
1.0615,-0.24192,3
-3.2789,0.79555,2
-1.4948,-0.66513,3
-2.2133,0.66982,1
-2.8696,-0.48128,2
3.1723,4.8525,3
3.6087,0.55299,2
-0.88829,7.3762,2
-1.3046,-2.7771,1
-0.68883,-1.8847,2
-0.18392,-1.3763,2
1.565,-0.91179,3
-4.831,-2.1375,2
-1.877,1.9615,2
-0.7414,2.6664,2
0.13746,-5.118,1
-1.1704,-0.71764,1
1.8476,-2.1129,2
0.53448,-0.48933,2
-0.67289,2.6615,2
1.7799,-1.7573,2
-2.2022,2.301,1
0.56251,1.3211,1
-1.1586,0.84723,2
2.265,-1.0076,2
-3.7796,1.1185,1
0.15171,-3.805,2
-1.9444,-1.9099,2
-2.4752,-4.5607,2
2.06,-3.7319,1
-4.3355,-3.0069,2
-2.9511,-3.5868,1
-2.4959,0.49564,1
-0.23498,-1.1411,2
-3.3653,0.61179,2
1.8499,0.20989,2
-0.2053,-0.43629,1
2.3681,3.7387,2
-2.2765,-2.4595,2
0.65156,-0.85935,1
3.6318,0.97751,2
3.1392,1.7954,2
5.3043,0.0096729,2
-4.2033,1.0514,2
0.15762,-3.5968,2
0.01032,-0.13481,2
3.6755,1.0281,2
-2.0001,1.193,2
-0.94458,-2.6106,2
-2.235,1.2824,3
-3.8258,-1.889,2
-1.2027,-0.57838,1
-0.39643,2.7617,3
2.609,3.2498,1
-2.3149,-4.1756,2
-0.93036,0.2142,3
-0.53576,-0.43854,2
3.2772,-0.69054,1
3.667,1.8402,3
1.4383,-2.168,1
4.4815,1.7778,2
-2.7553,1.1794,2
0.85743,0.042836,2
-1.8504,1.6458,2
2.6889,-0.18837,2
3.8273,0.55823,3
1.6508,0.99216,2
-2.3655,-3.9126,1
0.29206,-0.49688,3
-2.5096,0.062079,2
-2.8345,-1.313,2
4.0319,1.0237,3
2.4819,3.4219,3
-0.57914,-0.15725,2
5.8598,1.1003,2
2.0458,0.39869,2
2.0773,0.78125,1
-1.7585,-0.3736,1
0.6449,0.03115,1
-2.178,0.068681,2
0.90414,-2.0947,3
-0.28206,1.2261,2
2.3477,-6.3455,2
-1.756,0.74404,1
0.052735,-1.6645,2
-1.5407,1.1604,1
3.883,0.14733,1
0.8309,-1.1184,2
1.4897,-0.63333,2
-2.6885,0.023179,2
-1.4441,-1.6273,1
1.2195,-2.5466,1
1.4307,5.2092,3
0.37988,0.94138,2
-0.61104,-2.6004,2
3.4896,-3.2868,3
-0.32351,0.90645,2
0.21499,0.0057411,2
1.9451,5.9696,1
-2.2291,-0.38083,3
-2.363,1.0841,1
0.49294,-0.95422,2
1.9089,-2.7643,2
3.8844,1.4035,2
-1.4636,1.921,1
-2.7477,2.2834,2
-4.7829,-0.91024,2
0.71133,4.994,2
0.040543,0.9788,2
-0.41916,-0.22718,3
4.4235,3.9977,3
-1.3564,-1.8812,1
0.6429,-3.0507,3
3.168,6.1744,3
-4.6151,0.065623,2
2.3302,3.648,2
2.7498,0.75225,2
-1.5596,-3.0703,1
-1.8805,-0.76448,2
-1.2434,-2.5649,2
-1.9268,-2.7755,2
-1.1951,-4.9999,2
0.50192,0.3221,3
-1.3557,0.76293,2
0.045101,-0.47584,2
-1.6536,4.9642,2
-1.4872,0.22458,2
0.26792,1.0063,1
0.89257,0.71185,2
-1.2134,4.3316,2
-0.24497,-1.8422,1
-2.092,-3.6231,2
1.1999,-2.921,3
-2.6011,0.96633,1
-2.6245,-0.66749,2
2.9469,1.5902,2
1.0648,0.59626,2
-1.1296,-1.2138,3
0.27464,-2.072,2
-2.7923,1.7741,2
3.5109,-1.0322,3
-5.4606,-3.6672,1
-2.6423,2.0051,2
3.4025,2.8326,2
-0.70394,-1.1577,2
3.196,-1.1008,2
-2.4737,-1.5123,1
-0.88728,2.6865,2
0.30672,-0.87764,3
1.095,-4.4424,2
5.5145,-0.023277,2
0.48735,-0.34236,2
5.8038,4.1704,2
-5.6425,-3.9867,1
0.2549,-1.9904,1
-1.4386,0.60802,2
4.3993,0.38971,1
6.3479,3.6871,3
-0.95168,0.21302,2
-2.9967,-0.32611,2
-0.70943,3.9874,2
-1.1962,1.3032,2
0.61955,-5.3158,1
-3.1324,-3.5957,3
1.8473,0.58544,1
8.1609,-0.4963,3
3.5816,5.7051,2
-2.4349,3.2461,2
1.0315,0.21477,1
2.2226,4.5252,2
3.4672,1.2511,2
-1.4065,1.9404,3
2.7199,-1.8244,2
-0.30403,0.052861,2
-0.99604,0.99117,3
-2.1496,-2.025,2
-3.8784,5.6627,2
0.27825,-0.47595,3
-0.8081,-2.2308,2
-3.4496,-1.9975,1
4.3686,1.4268,3
-3.0911,2.8428,3
-0.3915,1.9579,2
-2.8532,5.8068,2
4.5599,2.5126,2
-0.30055,-0.92442,1
-6.5737,-1.1478,2
2.3572,-4.2806,2
-3.4444,1.7791,2
1.6612,-1.3798,1
-2.9557,0.62788,1
-0.39372,0.21493,2
-3.3922,0.67452,2
1.7643,1.4135,3
-1.0264,-1.6461,1
-2.1134,-0.99112,1
-4.701,-0.8299,2
-0.19036,-2.3682,1
-2.5449,-2.4602,1
0.6976,-5.4294,1
-0.95225,-0.78546,2
0.0075008,0.44023,1
2.1097,-1.3416,2
1.7085,2.3463,3
-3.855,-0.10207,2
2.1477,0.99196,2
-3.9705,-3.2429,2
1.2797,-0.43665,3
2.7034,3.2568,2
0.58564,8.43,2
0.20572,-1.2977,1
-1.8054,-1.2713,2
-0.35534,4.1045,3
1.6425,1.0135,2
-2.762,-4.7142,1
-4.2325,1.1102,1
-0.57355,-0.98874,2
0.36913,-1.0981,3
-2.603,-0.95925,2
2.4231,1.105,3
0.43575,0.61722,2
-0.68961,-4.7253,1
3.4096,1.5005,3
-3.7722,1.1079,2
-3.1358,-1.1117,1
1.555,0.39812,2
-2.1003,-2.1756,1
3.0107,-0.86493,2
3.6552,1.3382,2
1.9402,-1.6741,2
-1.1792,6.0503,3
-1.4392,0.80773,3
3.22,3.3052,2
-1.8369,2.2662,2
-6.2036,3.5392,2
1.5647,3.8463,3
-2.3147,1.5433,2
1.7552,0.23272,2
-2.5456,0.77441,2
-1.1383,-1.8939,2
-1.1084,-0.86314,2
5.6184,1.928,2
-0.16042,-1.7779,2
-2.9222,-1.0531,1
-0.04147,2.5348,3
-0.015242,-2.937,2
-6.1179,-1.2489,2
1.1521,-4.2129,1
0.31299,3.1643,2
-2.9089,0.51911,2
-3.6394,-0.084507,1
-0.082654,1.8804,3
-0.55104,2.9641,2
-3.2581,-1.7851,2
0.11866,-0.87476,3
-6.1928,3.3321,3
0.47381,-0.047796,2
-1.1325,-1.3126,2
-1.0797,-1.0742,2
6.6678,3.0637,3
-0.33011,-2.2435,3
2.6517,0.27297,1
-1.5156,-2.7768,2
-3.4287,-1.9765,1
2.569,1.9363,3
-2.2262,1.3261,2
1.7403,2.1675,2
-0.60316,5.4856,2
3.0208,1.7095,2
-1.121,-4.4517,1
-0.71997,-0.49996,1
-0.45177,2.6715,2
1.778,0.39298,2
3.1996,-3.5309,2
-2.6894,-0.65102,2
-0.95351,2.9129,2
-1.2656,0.23203,2
-0.36215,-2.3241,3
-0.37274,-0.44464,2
-4.5054,-4.1508,2
1.2085,3.7951,2
-1.0407,1.7027,2
-1.0839,-1.6669,1
-0.35859,-1.0118,2
1.4523,-1.6627,3
-4.0194,-2.9283,1
-1.0989,-1.1849,2
-3.2901,-3.963,1
3.7308,0.9499,1
-1.1149,4.2043,3
0.53121,2.5422,2
4.658,2.8695,3
1.5263,-1.7105,1
1.3791,-1.8279,2
0.18297,2.3627,2
0.38165,-1.4504,2
-0.32711,-0.23204,2
1.5169,1.2638,2
0.043838,0.41229,3
-2.4763,0.78992,2
1.2956,-5.0678,1
2.1904,-2.2461,2
-2.9163,-3.3962,1
0.46528,1.1498,2
0.21898,-0.74835,2
2.0624,1.879,3
-2.9577,-2.5466,2
2.6434,0.28753,3
-0.74419,2.3689,2
5.2545,-4.731,2
0.29869,-0.29549,3
1.2993,-1.9071,2
-2.8636,0.53482,2
-5.5543,-1.1622,2
-1.1638,-1.1123,2
-3.5635,1.4036,1
2.6947,1.3797,2
2.8689,0.81966,3
0.5363,0.28431,3
-4.631,-0.29892,2
-1.9188,1.8108,2
-0.64157,-4.6788,1
-3.2447,2.5998,2
-2.0004,0.12301,3
-0.91224,1.1533,2
-6.1824,-1.2473,1
-0.78551,1.0893,3
1.9122,-3.3256,1
-4.4942,-0.25438,3
4.3648,-1.9371,3
-1.1345,-3.1914,2
-2.7263,3.7431,2
-0.36703,0.78154,2
-1.3067,-0.66315,1
-3.8204,-1.4245,2
0.45683,-0.12251,1
-0.36405,0.80627,2
0.85785,-0.41713,1
1.6132,-2.7822,2
-3.2273,2.7393,1
1.0772,-0.49677,3
2.0332,3.1614,2
-1.2973,-1.9808,3
1.0464,-0.68136,3
-0.40744,3.5489,2
1.5004,0.44678,1
3.1999,3.9024,2
-0.68316,-3.1075,2
-1.8927,-0.089673,3
1.1834,-2.609,2
0.21989,-1.5344,1
-1.1418,-1.3456,2
-5.5184,-0.074119,2
1.5708,-1.5184,3
-5.1938,-0.72443,1
1.4168,1.2794,2
-2.0623,-1.7225,1
-0.18337,-0.78126,2
-5.3925,0.32359,2
-1.6456,-1.7666,2
2.5235,1.4469,2
0.06616,-5.0351,1
-3.039,0.90506,1
-1.0671,1.3709,1
-4.6481,-0.46682,2
0.78967,0.28555,2
-1.3124,-2.061,1
0.56995,1.6539,2
-3.068,3.7868,2
0.27088,-2.8008,2
-1.5853,-3.8239,2
-2.5397,2.5033,2
-1.0803,0.79062,1
0.39005,-0.66787,2
1.0572,-1.6708,3
-2.5475,-1.1411,2
0.24307,3.5328,3
-1.3961,-1.8116,1
0.37268,1.3096,3
-1.1011,-0.5459,3
0.57176,2.7764,2
-0.11043,-0.82598,2
-3.8112,-0.54026,1
2.7136,5.2482,3
-4.5399,-1.8397,1
0.52724,-4.3994,2
2.131,1.7385,3
-2.2841,-4.4584,2
2.7855,0.65078,2
0.81831,0.29858,2
-1.0649,-0.12664,1
-0.49958,-1.601,2
-2.4976,-1.0419,2
-3.4103,-5.2696,1
1.2672,-0.46664,1
-0.076298,2.2319,2
-0.51789,0.38909,2
0.22092,1.0763,2
1.8302,4.2374,3
0.46172,-0.84855,2
-1.475,-1.2507,3
0.43382,-0.76548,2
1.6401,0.32551,2
1.2095,0.22685,3
-1.0171,-0.94653,2
-1.942,0.1176,2
1.7125,-0.053054,1
-4.6573,-1.9934,2
-3.1592,0.38008,1
-0.18777,1.8414,2
0.04069,0.82081,2
1.0268,-2.4897,3
-2.9014,1.0915,1
0.92696,1.8778,2
-2.4905,-0.8704,3
0.71448,0.59711,2
2.6117,-1.4169,3
-2.4884,-2.7507,2
4.3919,0.2634,2
-0.63414,1.6713,2
2.4214,-0.07152,1
-2.5183,1.8102,2
-0.30873,-0.37329,2
4.0106,-1.2508,2
1.3475,-0.50098,2
0.38194,2.5115,2
-1.3948,2.4924,3
-0.20543,1.0012,2
-2.0814,-0.73206,2
-3.0756,0.67137,3
-0.086325,1.3476,3
6.6227,5.3244,3
-2.2349,-3.4008,2
-1.3868,0.34664,1
2.548,-0.78825,2
0.67301,1.5661,3
1.7211,-1.792,2
-3.2624,-0.70742,3
-4.5441,-0.79667,1
1.3257,2.518,3
0.31989,-5.5725,2
2.8975,2.1395,3
-0.84033,-1.4123,1
3.9536,-1.0134,3
1.521,5.762,3
4.8626,1.0108,3
4.7547,0.53372,2
-0.45383,-1.6021,1
3.9148,-2.3864,2
0.36135,-2.4709,3
0.024445,0.63298,2
-0.45189,1.7211,1
2.2076,3.6446,3
0.18153,-3.6417,3
-0.11782,4.496,3
-1.8831,-2.2142,2
1.4501,0.49675,1
0.56696,0.39842,1
4.8426,0.9133,2
-1.8296,-0.95921,1
-3.0409,0.39247,1
-2.8249,-0.76248,1
-0.29,1.6012,3
-1.5128,2.32,2
-4.7138,-3.6283,2
-2.9177,-2.754,2
0.62957,0.77743,2
-2.2639,-0.047595,2
-3.0612,0.37516,2
-4.4188,-1.3029,2
1.3722,0.73809,2
1.3417,0.2525,3
-1.3415,-0.63808,1
-3.6011,1.74,2
-0.54749,2.1629,2
-5.7249,0.48827,1
1.8626,-1.2358,2
0.36751,-1.5676,3
0.1641,-1.3694,2
3.5908,-0.78355,3
-2.8389,-1.0228,2
4.8316,2.8064,2
-3.3968,0.57796,2
-2.3446,-2.6221,2
-3.659,-4.6233,1
3.2128,1.3578,2
2.9895,-0.32269,3
-1.3872,0.079347,2
-1.3207,-3.6199,1
1.586,-0.75588,2
-0.87766,-5.8076,2
-2.1575,0.49627,2
1.5703,2.2385,3
-0.11749,1.2917,2
4.0613,4.9673,2
-0.75176,1.9286,2
-2.9884,-2.636,1
-1.4354,2.3731,2
1.4662,-3.5815,2
2.5812,-3.3632,2
2.3153,-1.6018,3
2.8486,1.8965,2
1.2914,1.4648,3
-1.1673,3.3264,1
2.6715,-0.11454,2
-4.1465,-0.55333,2
