2.0804,0.72248,3
0.55995,-3.1287,1
2.4711,1.3506,2
-0.92048,-0.59861,3
-0.90334,-0.13115,1
4.9684,0.11762,3
-6.6225,0.65653,2
2.2079,3.9089,3
3.6935,3.0319,2
0.15039,-0.32435,3
3.3302,-0.47745,3
-0.41251,-1.7473,1
-1.5207,-1.4673,2
1.7919,1.7439,3
-2.4706,0.88025,3
0.46028,-1.1309,1
0.79131,-1.3825,3
-0.32599,-1.8864,1
-4.2395,-1.2304,3
1.1274,2.3848,2
-1.3917,-0.51694,2
0.018719,0.92044,2
1.3305,0.16978,2
0.55136,-2.0473,2
1.5776,2.1793,2
0.40847,0.55078,2
-0.0072829,-2.5065,3
-2.07,-1.3607,1
-1.8731,2.3023,2
2.2264,-0.54851,3
0.93356,-1.6675,3
0.5921,-2.5974,1
2.4859,3.869,3
-4.3909,-1.4077,2
1.4724,-2.3194,1
-3.588,-1.2566,1
-1.5737,0.26562,1
-0.28217,1.5412,2
3.0567,1.9897,3
3.313,1.8407,3
0.81609,-0.31283,2
0.1309,-0.38911,3
0.29368,-0.65917,1
2.1445,-2.5708,3
-3.6336,1.0977,1
-0.13768,0.19905,2
-0.75629,0.45453,2
0.71766,-3.8863,2
0.87709,0.65789,2
-0.9683,-3.7769,1
0.2683,5.2062,3
1.9604,0.75623,3
3.481,2.6449,3
0.92078,1.5865,1
3.1366,3.6754,3
0.11014,-4.2678,1
-1.4396,-0.65393,2
-0.062731,2.8847,3
-3.1469,-1.088,2
1.9122,-2.1238,1
-3.2935,0.21089,3
-3.9751,-2.2521,2
0.87416,0.36891,3
-2.8909,-2.793,3
-4.0529,0.38969,2
-1.3568,0.85676,1
-3.8596,-2.9097,1
-1.9115,-0.99059,1
-0.39872,-1.7672,1
-0.86107,-3.8551,1
-2.9687,1.2176,3
0.52012,1.7985,2
-0.3382,2.7981,1
2.8553,-0.91912,2
-1.3145,-2.0826,3
-0.034691,-1.3148,3
-1.8175,-2.7843,2
-2.142,-0.33606,3
0.010739,-3.3976,1
-1.8695,-2.1681,2
-3.6666,-3.1244,1
-0.96451,-1.2053,1
2.8866,0.8824,1
2.1193,-1.3962,3
0.66631,-2.0131,1
-2.1826,-4.6211,1
0.036711,2.2198,2
-2.5519,-0.40876,1
-4.2944,-1.2971,3
-1.9577,-1.8798,1
2.2417,2.5042,3
0.8748,-1.2666,1
-0.37404,-3.4154,1
-0.88152,1.9997,2
2.1863,2.6907,3
2.2937,2.6462,3
0.46967,2.7722,2
0.065992,0.32703,2
1.2764,0.47685,2
0.45936,-3.437,2
3.0261,-0.34867,3
6.367,-0.43205,1
1.3341,3.3798,3
0.44644,0.30732,2
-1.8922,0.89279,2
5.8431,0.45645,3
-1.2931,-0.0027392,1
0.24355,-0.19925,3
-5.0576,-2.2149,2
2.068,-3.5254,2
3.9952,0.13474,3
-1.765,0.70354,1
-1.9143,-3.7036,1
-2.5307,-0.67205,1
-1.6923,-2.4761,1
4.3647,0.40339,3
-1.0916,3.5421,3
-2.0373,1.0263,3
2.2052,-0.3193,3
-0.5345,-2.9716,2
0.99093,0.67804,3
-3.5465,-5.5225,2
2.0871,3.2699,2
2.3236,3.0657,2
2.988,4.4833,3
0.47884,-0.64336,2
-2.5545,-1.7051,2
-0.432,-4.5252,2
-1.8975,-1.8239,2
3.4943,0.97202,1
1.7046,-3.2334,2
-3.517,0.69444,2
2.6257,3.148,3
5.7089,3.5118,3
-1.1296,-0.68916,1
-1.1802,-1.2598,3
-1.3746,3.429,2
-0.21094,-0.96035,2
1.3877,-2.8794,2
3.2345,0.90654,2
0.10177,-1.3941,3
2.8192,3.4891,3
1.4421,2.7405,1
-1.8521,-3.2424,1
-2.1775,2.6356,1
3.3243,0.29551,1
-2.9557,-3.218,1
1.3704,1.0312,1
-0.060775,-1.2624,3
-2.7205,-1.4881,2
-1.6184,0.62355,1
-0.13792,0.53809,2
0.7601,-2.9614,1
-1.5248,1.1028,2
-0.60419,-2.2132,1
-0.70778,-1.5546,2
-3.0572,-2.6971,1
2.9609,0.12549,1
-0.46019,0.63487,1
0.83151,0.1903,1
-1.1671,-2.1834,1
0.6228,-3.1178,1
2.7671,-1.7536,3
-0.073352,1.6467,3
-1.801,0.18324,1
-1.8954,-1.0553,3
1.1484,-0.25404,2
-0.69676,0.26902,1
-0.63009,-2.1603,2
-3.5528,-4.6827,1
0.53892,1.3304,3
-0.56124,-2.7241,2
2.1066,-1.7079,3
-2.1178,-0.58502,2
2.5413,-2.2041,2
-0.6056,3.0137,1
3.6349,-1.9457,1
1.2979,-0.47435,1
-2.8331,-2.8368,2
0.077741,1.4344,3
-0.30563,1.1861,1
2.47,5.7909,3
2.8194,2.568,3
-0.19535,0.18656,3
2.7153,-0.66196,3
-0.0468,2.3271,3
0.52545,-0.56304,2
-0.60988,-6.616,1
0.59417,2.1379,1
1.7434,3.2337,3
-6.6002,-2.7318,1
-2.1424,0.27025,2
3.6017,1.7547,3
3.4442,3.3121,3
0.87181,-0.57604,2
-2.5679,3.8678,3
-3.3123,-1.9103,3
3.2412,1.5687,3
3.7347,3.0436,3
1.6746,2.5525,3
0.15071,1.5212,2
3.1876,1.4252,3
4.9474,0.49712,3
-1.8023,0.16956,3
-5.0725,-5.1053,1
0.23751,-2.3829,3
-0.42541,0.89313,1
0.82066,-1.8651,2
-0.80324,-0.64587,2
4.3575,-1.2806,2
-0.068207,-0.39976,1
-2.245,0.09628,1
-0.70992,-1.2083,3
3.1318,4.1071,2
-2.0358,0.18868,1
-2.5429,-4.2832,1
-0.53818,-1.6381,1
-2.3147,-1.4903,1
0.49371,-1.2733,1
-2.4135,1.6332,3
2.214,1.1651,3
0.76827,-0.065069,1
-1.4631,-3.8323,1
0.27916,-1.3631,1
-4.1011,-5.7996,3
-2.2343,6.6396,2
-0.98814,-1.9214,2
1.0874,-1.6967,3
-3.7017,-1.3337,1
-1.9473,-3.3433,1
3.343,-2.2434,3
0.64595,1.5095,3
0.48008,0.75451,2
-0.62088,0.64424,2
-1.1678,-1.0336,2
0.82418,0.62309,2
4.0031,-0.042076,1
-2.2481,-1.5792,2
1.4253,1.9952,1
1.3468,2.228,2
4.3598,-0.71194,2
-1.6711,-3.5388,2
-0.69569,-0.6876,2
1.9998,1.7473,3
-1.8136,-0.37201,3
-2.9196,-2.033,1
-6.51,-2.5787,1
-1.0469,-1.9496,1
-5.9478,-3.0937,2
-1.348,-0.85102,3
-4.9047,3.1451,2
-2.8283,-0.19098,1
-3.5285,1.5055,1
2.2015,1.256,3
0.76587,-0.53532,2
-2.7156,0.3569,3
-1.9822,-2.0197,2
2.5801,5.5553,3
-0.24498,1.4309,1
-4.1996,-1.6349,1
-3.0016,1.9563,3
-0.022162,-3.0097,1
-2.2183,1.2728,1
2.752,3.5257,1
-3.2432,0.86586,2
-3.3421,0.3691,2
-4.0973,-1.1558,1
0.87847,-1.6918,1
-1.2205,-0.9449,2
-0.10047,2.2516,2
-2.4192,-7.1415,1
-4.5596,-0.079356,1
2.3841,3.4533,3
6.0175,8.5727,3
0.92439,-0.75163,3
-2.634,2.2651,1
2.5077,0.21732,2
0.50611,1.558,3
-2.9076,-1.299,1
2.2282,3.1261,3
-3.2143,1.212,1
-1.8398,0.81863,1
1.9855,0.60962,3
-0.59665,2.1022,3
-0.97917,-0.99167,1
3.0214,-3.2473,2
-1.1344,-0.90501,1
-4.1951,-0.13128,1
-3.3201,1.1459,2
-2.211,-0.19073,1
3.0067,-2.7539,1
-0.80773,0.074513,3
0.70147,0.12648,1
4.504,2.0835,1
-1.6656,0.082499,2
-1.105,-0.72283,1
0.22409,-2.0577,3
1.6856,0.37672,1
-0.30289,5.445,2
-3.1687,-3.4491,1
-0.34805,6.5438,3
-1.8291,-1.1636,1
1.3485,-1.543,1
0.061121,0.78556,2
-0.18758,-0.93512,2
0.3894,-1.2329,1
5.7754,4.5352,3
-1.8234,3.638,1
2.7164,0.59911,2
-3.3465,-1.9773,1
1.3327,2.7604,3
-2.4033,-0.27736,3
3.9568,4.1907,2
2.2959,-0.57603,1
1.1773,-3.0833,3
3.8755,2.8128,2
1.3759,2.3621,1
-1.8009,-3.2085,1
0.9134,-1.2063,1
-2.0577,-1.3771,1
1.6955,1.5655,3
0.29215,0.49307,1
0.0035177,-1.0549,2
2.7271,3.4014,3
-1.3361,-1.8224,2
-2.1864,-0.47759,1
-2.2149,2.4186,2
0.30945,-3.4262,1
1.5875,0.32094,3
0.7805,-2.678,1
4.3594,5.1754,3
-1.7153,-2.8787,1
3.2311,-1.1123,3
0.72819,0.184,3
3.7405,-0.044429,3
-1.4958,2.417,2
-0.22619,-0.23237,1
-1.2261,0.14888,2
1.5593,1.2947,3
-3.2804,-0.23328,3
-0.19139,1.7892,3
-0.84215,-3.2789,3
4.1982,1.5504,1
-5.2191,-2.1246,1
-4.337,-3.622,2
-2.2521,-1.0914,1
2.318,1.194,2
3.4277,-3.9964,2
-3.8058,-2.2481,1
2.5357,2.8509,3
-2.4446,-6.0754,2
3.8413,0.53223,2
-1.668,-2.6265,1
1.3754,1.7599,1
-1.2776,-0.75282,2
-1.676,-0.43126,1
0.42721,-1.1503,1
-3.4567,-2.6819,1
-3.7466,-0.77545,1
3.5807,-0.55762,2
2.4811,4.4926,3
1.5197,-2.2035,2
-3.7131,-0.71014,1
-1.2299,2.2047,2
2.0424,0.087527,2
4.058,1.3607,3
0.58051,-0.58787,2
2.4824,0.50604,3
4.3918,0.41832,3
-2.4495,-4.0152,1
-1.362,1.2807,1
-4.7336,-0.30915,2
-3.4741,-6.9068,2
2.8101,4.3197,3
3.5994,0.60686,3
0.16062,-4.5372,1
6.1161,-2.1973,1
0.049727,-1.9091,1
3.0416,-2.3114,2
0.81738,0.92803,2
3.1015,3.7592,3
1.5789,5.5277,3
-3.1744,-1.5744,1
-4.9985,0.82137,1
4.1543,4.6557,3
-1.3321,1.2046,3
-1.8663,-7.2891,3
0.65703,3.604,1
-1.9595,-4.982,1
3.8145,-2.0221,2
3.6406,0.46756,2
1.7513,-2.0297,2
-0.44721,-1.0859,2
1.8336,1.7753,1
-3.7418,0.4139,2
-0.2513,-1.9573,2
1.9244,-5.7899,2
1.19,-2.4154,1
3.9085,-0.4544,3
-2.1795,-3.2732,1
-0.21549,0.61635,2
3.5872,-0.18348,3
2.8815,6.9542,3
-0.040968,3.0522,3
4.0115,6.3016,3
-0.39748,0.23549,1
0.9949,-4.3853,1
1.7994,0.40013,1
0.088716,-1.9918,2
-0.297,0.59537,2
-1.0233,-0.84807,1
1.4238,2.0828,2
0.24958,0.13606,2
1.5918,6.2527,2
-1.3819,1.6177,1
0.47561,-0.091743,3
1.0133,4.8599,3
-4.7338,-0.35848,2
-1.3103,0.24839,2
1.2289,2.5505,2
2.7606,0.46694,1
-2.7322,0.040547,3
-5.3758,-1.462,1
-2.7619,3.4851,3
-3.2689,-0.59021,3
0.48963,-0.79986,1
-0.22226,1.1299,2
-0.35403,-5.0157,1
5.17,-0.3398,3
-2.2859,-1.8127,1
-0.41295,0.86352,3
-1.0995,1.01,3
-4.8582,-1.9257,2
-1.3375,-1.4643,2
-1.2467,-3.1143,1
-3.9947,2.2233,1
3.4431,-0.78519,1
-0.11985,-1.4814,1
1.0961,-0.51167,3
1.7371,-2.5158,1
-0.59658,-2.5032,1
-0.33158,-1.2921,3
-1.2486,2.0212,3
-1.9926,-1.5027,1
-1.1296,0.13292,2
3.569,1.066,2
-4.1046,-5.0644,1
0.68845,-1.7988,2
-1.4736,-2.3918,2
2.3382,-0.90479,3
0.21306,-3.4348,1
2.6005,2.4046,3
-3.6729,1.5252,2
2.0816,-4.1413,3
0.93506,-3.1553,2
2.8246,1.0435,3
1.5023,-0.2471,3
-1.002,-1.16,1
0.64993,-2.5947,3
-0.57951,-0.82984,3
-0.08997,2.0812,3
0.09562,-1.1268,2
4.6625,2.0037,2
0.34677,-1.8704,1
-3.1694,-4.6001,1
-0.067679,0.25157,1
2.3462,4.7798,3
-0.75264,1.4413,3
1.9683,1.8772,2
-0.24138,-4.015,2
0.83577,1.9458,3
0.90778,1.6217,1
-1.4232,-4.1597,1
-0.83323,0.99688,2
1.0097,-1.3761,2
-0.6979,4.0355,1
-1.2557,-4.5218,1
0.31546,0.90549,1
0.39905,0.051753,1
-2.4154,-3.633,2
-1.5879,-2.8723,2
2.8457,3.6346,3
-1.3072,-0.50739,2
0.065298,-2.9478,1
2.3321,5.3485,2
-1.1423,-2.3225,2
-3.1604,-2.528,1
-3.0155,-0.22217,1
0.32973,-1.7478,2
3.1398,0.26905,3
2.1296,1.4426,2
2.0087,-1.6185,3
0.053889,-0.95955,3
-1.5701,3.1262,2
-1.4316,1.3247,2
-4.1722,-1.8172,1
1.1079,4.5205,3
1.7693,-0.98867,3
-0.90443,2.4508,2
0.33668,0.15358,2
1.771,-0.99757,3
0.090494,-2.4142,1
0.2876,1.9336,2
2.2614,2.3239,3
-3.7935,-1.8664,1
0.84543,-1.9744,2
4.9559,1.8048,3
2.7902,0.36594,2
1.6821,0.28315,3
1.4821,3.5984,1
1.3359,-0.55932,1
0.23864,-1.5896,1
0.27272,-0.018089,3
0.84605,3.0363,2
-2.2157,-1.7104,2
-2.023,-3.6498,1
1.786,0.61533,3
-0.44726,-1.6496,1
2.3699,-2.4452,1
-0.85737,-0.47781,1
0.49755,-1.3683,2
2.6023,-0.24231,3
1.0289,-5.3777,1
0.93615,-0.35048,2
1.5165,-0.22663,2
2.3099,3.2922,3
2.377,0.78345,3
0.50875,0.34974,2
1.2315,-1.2477,1
-2.2053,-5.7085,1
-2.2161,-3.3478,1
-1.5798,0.73278,1
2.6467,-1.2553,1
-0.15234,-0.45692,1
-3.5445,2.1874,2
-1.0249,-1.8953,1
0.66234,-2.2101,1
2.7328,7.5795,3
-0.22746,-2.6969,1
-3.7599,-0.4117,1
2.6832,0.7477,2
-6.7128,-0.73073,2
-1.4979,-0.47373,1
-1.6902,0.50809,3
0.53106,-1.2695,2
1.9965,-0.076687,2
0.14032,0.51206,1
-0.64015,-0.25281,2
-0.52924,0.74419,3
-2.3192,-1.1758,2
-1.3761,2.4677,1
1.8869,4.4645,3
2.9486,3.0264,3
1.6088,1.7898,3
-2.5699,-2.085,2
-3.8313,1.8882,1
0.23119,2.5867,1
-3.4575,-1.3187,1
-0.66954,3.4529,3
0.77274,-2.7325,3
2.1352,-1.1092,3
0.16467,-4.3349,2
1.05,0.91842,2
0.83925,0.11629,2
0.12985,-2.5783,1
1.899,-1.9717,1
1.9458,5.4413,3
-0.92595,1.4671,1
4.6581,-0.4883,2
0.24972,0.67619,2
4.3203,3.7853,2
-2.7209,0.082594,1
0.1245,-1.1309,3
5.0236,3.3831,2
-0.5728,-2,3
-0.94699,-4.2057,2
-3.8535,0.58297,1
-1.8224,0.047181,1
0.97526,-2.4718,2
0.20319,1.8376,1
-0.27347,2.396,3
-7.1373,0.30385,2
-3.0794,-0.71556,1
-0.51063,-3.9691,2
-2.1978,-0.75156,2
3.0361,0.63824,2
-3.2118,-0.3282,2
0.28298,-0.047241,3
-2.5891,-2.0615,2
-3.842,2.7734,1
-3.996,-0.4828,1
0.90706,2.0772,1
0.42485,-0.039867,3
-0.58256,-1.4042,3
0.74122,-3.2935,2
2.9571,-1.5915,3
-2.6142,-1.3629,2
-2.1728,0.026528,1
0.90666,0.65274,2
-3.3184,-4.758,1
-0.34537,-3.5523,1
-1.8705,0.12322,3
1.7053,-0.20311,3
2.9908,-3.1187,2
2.9753,1.5356,2
1.0732,-0.53942,2
-2.2984,-0.42409,1
1.6289,-3.7716,2
-2.2991,2.9608,2
0.21003,-3.1488,2
1.5471,2.9506,3
3.6023,-0.54674,3
-0.22098,2.3516,3
0.5109,0.9452,3
-0.41733,3.314,2
-0.13305,-6.2061,1
1.3985,0.31705,2
0.2147,0.65573,2
-0.52289,-0.90673,1
-4.1793,0.097594,1
0.3777,3.8531,3
0.88426,0.3089,2
0.3007,-0.12049,3
0.53555,2.2392,2
-0.42213,-0.74058,1
-0.06945,2.3007,3
-0.87245,2.7509,2
1.6767,1.6414,2
-4.1429,1.4939,2
2.289,0.30953,2
-0.52426,0.80259,2
1.1204,-0.68874,2
-0.53058,-2.6067,1
5.8961,0.2851,2
-5.0088,-5.7106,1
0.61003,0.076478,3
-0.22129,-1.7966,2
0.65888,-1.7721,3
0.49576,2.4885,3
-0.38225,-3.9056,1
2.5345,4.785,3
0.12807,2.8548,3
3.1845,2.1454,3
-0.27859,-0.69725,3
-0.39708,4.2722,2
-1.0445,-1.0678,2
-3.6654,0.53254,2
-2.5879,1.3674,3
-2.275,3.2153,2
-0.069826,0.42137,1
0.2312,-0.89595,1
0.84922,0.33323,1
-1.7933,1.1577,2
-2.5118,-1.4936,1
0.69496,-0.36947,1
-0.52535,-1.1425,3
-6.1744,-0.69158,2
1.0281,-1.5122,2
1.2686,0.39329,3
-5.3345,-0.77951,2
-0.80432,-1.3875,2
1.2491,0.26366,2
-2.0074,-0.84753,1
0.91644,-2.943,1
2.7354,4.0427,3
3.6233,-4.2035,2
-3.8252,1.2747,2
-3.6945,-0.53472,1
2.3223,1.9094,3
2.3439,-1.9488,1
1.7271,-1.9556,1
1.4607,1.2044,2
-0.60093,-1.0112,2
-1.9459,-0.11545,2
0.33482,-3.182,3
4.1766,0.067742,2
-7.5806,-2.7452,3
-2.2053,-4.1214,1
-0.76095,-1.1469,2
4.9852,3.0968,3
3.4687,0.52222,2
1.256,0.11961,3
0.93123,2.4802,3
1.5877,-0.7325,3
-2.9224,3.4481,3
1.4311,0.85112,2
-3.6115,-0.67113,1
2.0751,1.8323,3
0.66994,1.5629,3
0.21163,2.1402,2
-0.65026,-0.91191,2
3.0249,2.8034,3
2.7361,5.6535,1
1.4273,-2.4583,1
2.3707,-0.99318,2
-1.7746,1.6697,3
0.23499,0.55086,1
-1.69,-0.21739,3
-2.5147,-0.89752,1
0.45308,1.1064,3
-3.1157,-3.9335,3
0.72015,2.2032,3
-1.218,-3.4078,2
0.30745,1.0459,3
2.8121,3.9836,3
5.6713,1.0838,2
0.11836,1.7979,1
-0.12997,-1.8354,2
4.0925,1.8275,3
4.3458,4.9859,3
-3.4385,-4.6979,1
1.309,1.747,2
0.8594,-1.0051,2
-4.1331,-0.96281,1
2.0408,1.8546,2
-1.7246,-2.0822,3
2.4959,-2.757,2
1.3007,-0.26124,3
1.6658,1.324,3
-2.4042,1.5914,1
-3.6217,-2.6575,2
-0.45503,0.48238,2
-2.0638,2.6223,3
0.8574,-1.9671,1
-0.24573,-1.7873,2
0.89699,-1.3854,1
-1.1593,-1.2295,3
2.5178,-1.7569,3
0.42978,-0.293,2
0.33231,-4.3014,1
5.0533,1.2547,3
-1.7837,-1.3907,1
-3.941,-1.1406,1
-1.9009,1.1572,2
-5.3029,-2.6806,1
-1.3735,0.9621,2
-0.55154,-5.8905,2
-4.174,-3.102,1
2.372,5.2345,3
0.25679,-0.4611,3
-6.135,-1.3275,1
-2.5601,-0.015255,3
-2.8243,-0.73222,1
-0.0091586,-2.4779,2
-1.1963,0.84757,2
-2.8401,-2.4323,1
5.7788,2.449,2
2.239,-1.5993,3
1.3783,4.6584,3
-0.22653,0.90604,3
5.7429,0.72557,3
-1.5073,-0.88895,1
5.2203,1.5627,3
-2.216,-0.22726,2
1.649,-0.85145,1
2.4097,-0.4708,3
1.3323,-0.78278,3
-4.3484,-3.0097,1
-1.1881,-0.60964,3
3.0267,1.9138,3
1.1595,3.4033,3
0.45513,1.2628,2
0.7783,3.4217,2
-1.8633,0.42985,3
-2.1143,-1.2849,3
2.5097,2.3199,2
2.3606,1.3823,3
-5.8122,0.39441,1
0.12151,1.8873,3
-1.324,-1.4681,3
-0.95249,-2.278,2
-0.90429,2.4832,1
2.9615,-0.60548,3
-1.5458,-1.9528,1
-1.0876,-3.0305,1
3.8269,-0.46465,1
4.0137,3.0095,3
-0.58241,3.4173,2
-1.9817,4.6488,2
-1.1281,-3.3277,1
-4.2491,-4.2119,1
-1.2624,3.9141,2
-1.5348,2.4589,3
-3.4735,-0.36284,2
-0.98033,-1.1455,1
-2.6167,0.91917,2
-5.3006,-1.6714,1
-3.2897,-0.40849,3
3.5689,2.0891,3
1.3637,-4.5819,1
2.0674,-4.2484,2
1.2594,-1.4723,3
2.0214,-0.014587,3
0.27279,0.22233,2
1.4874,2.2881,3
-4.3082,2.1637,1
-2.5748,-0.4297,1
0.35588,3.2836,3
-1.4702,2.5131,1
0.55371,1.0783,2
-0.32199,-1.7411,1
1.2754,1.0853,1
-1.3446,0.66082,1
0.084787,-2.8318,3
-0.10474,-0.72533,3
2.2986,-2.4938,3
0.43418,-0.29538,2
-0.27532,-2.4813,3
-1.4966,-0.77115,2
1.4873,-1.5157,2
-0.70049,-3.2539,1
2.6384,0.60128,3
0.52409,1.8548,2
0.90465,-1.3502,1
-3.7796,-4.2608,1
-1.1463,0.40761,3
-4.7246,-1.3044,2
-5.0118,-0.43505,2
-5.0199,1.5259,2
0.077695,-0.61089,2
0.33544,2.9529,3
1.4392,0.82547,3
4.0988,0.8496,2
0.65934,0.10638,1
-0.91008,1.8763,3
-0.67847,1.6419,1
3.3863,2.0535,2
1.448,0.74657,2
1.4918,0.75684,2
2.0979,-0.88691,2
1.0967,0.26166,2
0.75805,1.3161,3
-1.8543,-0.33532,1
0.21556,-0.96086,2
-0.69646,-1.0325,3
-0.81475,-6.3652,1
0.36324,2.6257,2
1.8081,-1.5848,1
-0.0059511,-0.78175,2
0.22994,1.1648,3
4.5778,-0.32995,2
0.96965,-1.7556,1
1.6034,-0.26998,2
1.5225,-0.094724,3
-0.18146,-3.7019,3
1.7122,0.86948,1
4.5706,1.6696,3
-0.12171,2.1071,3
-2.4596,-2.8048,3
5.605,2.8613,3
1.9797,-1.3137,1
-2.2397,-1.6384,1
-2.1422,-2.523,1
-1.9993,1.6369,1
-3.6921,1.1688,1
1.5945,0.14279,3
1.5179,2.6,2
-0.23538,1.6788,1
1.6556,-1.2642,2
-0.77117,-0.29297,2
3.7416,2.6794,2
-1.1331,-1.3858,1
-0.97251,2.24,3
3.8665,0.8962,3
0.36313,3.2328,2
5.0467,1.6571,3
-2.5077,-1.2025,2
0.33413,1.3116,3
-0.055264,0.15358,1
3.2275,-1.4868,2
-0.28906,0.13798,1
-3.1327,6.5201,2
-2.2602,-1.0429,3
-0.60039,0.84282,2
-2.77,-0.048617,1
1.1034,2.7586,3
3.3295,1.6523,2
-2.6189,-0.44655,2
0.66021,-2.4915,1
0.3821,0.32413,1
-2.5681,4.4562,3
3.2877,-0.54913,3
-3.3021,0.19245,1
-0.35787,-4.0393,1
0.5173,0.4106,1
2.1549,3.3828,3
-2.6466,0.36498,3
1.4208,0.98608,1
-1.3146,3.9493,1
0.15333,-0.56695,2
2.289,1.2115,2
-3.0075,-0.79139,2
-2.025,-0.14351,1
0.7911,2.2231,2
1.0425,2.3107,2
0.25574,0.24802,2
-5.4729,-1.9419,2
-2.2129,-4.7006,1
-1.6152,4.0879,1
-1.9963,-1.739,2
-3.8759,1.3177,1
1.5332,2.3702,3
2.7295,-1.0262,2
-0.30152,0.18288,3
-6.9415,-1.8595,1
0.76482,-3.9012,3
-1.7319,0.90156,1
-0.08857,1.3007,3
1.2449,2.2005,2
-0.43922,-0.71369,2
-1.3225,-3.0084,3
-1.9932,-1.8746,2
-1.3541,3.4079,1
0.1477,0.97036,2
-0.39739,1.0383,2
1.0445,5.2857,3
-2.0024,-0.26174,1
-4.3541,-1.2689,2
-2.565,-0.48457,1
0.047241,-2.1965,2
2.6681,4.5999,3
-2.4423,2.0982,2
0.96709,0.10207,1
-1.8903,1.2925,1
-1.1592,-1.4762,1
0.36824,1.1564,3
-1.1576,-0.64251,2
-3.4718,1.0552,2
-3.5042,-6.6656,1
0.17475,0.31308,2
-1.805,0.36578,2
-2.9302,6.5537,3
-5.1727,-0.87617,1
3.918,-0.64379,2
0.86317,-0.30584,1
0.42125,1.1304,3
-0.59424,5.1746,3
-0.92238,-4.8761,1
2.162,0.88851,3
1.0174,1.2266,3
-5.2991,1.5954,1
-3.1138,0.97822,3
-1.45,-1.417,1
-0.76716,5.9332,2
-2.4352,-1.2429,1
-0.77538,-1.8527,1
-0.90575,0.66049,2
-3.1776,2.0526,2
3.0428,2.0529,3
-0.60981,0.68635,3
-3.5024,1.9109,2
-4.5027,1.5819,3
-0.71815,0.13739,2
1.6198,-0.63339,2
-1.7911,0.18374,1
0.51951,2.4872,3
4.3725,2.5727,3
-1.4348,-1.035,1
5.2821,1.2749,3
-1.8082,0.044223,3
0.35321,-1.7586,2
2.185,2.2548,3
-3.6034,-2.0794,1
0.63572,2.0675,3
0.78376,-2.4833,2
-0.06265,0.61117,2
3.7253,-2.0132,2
1.2058,-0.63221,1
-2.2964,-2.1393,2
1.2308,-1.9658,1
-3.6667,0.88999,3
-1.659,1.7635,2
1.5586,-4.6379,2
1.1958,-0.88476,2
2.0801,3.6674,3
3.9668,2.1016,2
0.32949,5.1448,2
0.26167,3.0431,3
-1.0592,0.62434,1
-0.44691,2.8614,1
4.1584,-2.0795,2
3.3915,3.9704,3
0.78252,-0.14759,3
-1.6776,1.0589,2
-3.6256,-1.0423,1
0.97076,-1.4408,3
2.6778,2.9227,1
-0.54641,-2.1676,1
-2.0464,1.1711,1
2.1713,-2.1936,3
0.76087,-3.623,2
0.8111,0.53627,2
-3.5412,2.2184,3
-3.2662,2.3865,3
0.24818,0.35205,1
-0.10957,-0.043568,2
-1.628,-0.65016,2
1.1999,-1.5429,3
4.7703,1.9664,3
-0.35369,2.5759,3
0.18167,0.92454,3
1.0243,-1.5264,3
-2.9653,0.82896,3
-2.5163,-3.3878,3
2.3838,5.551,2
-4.8096,-4.196,2
-3.9124,-0.90402,1
-5.055,-4.0333,2
0.43363,1.7941,3
1.8407,-0.34894,1
0.74334,1.0128,2
4.5639,1.3791,2
-1.0071,-2.3988,3
2.757,1.9112,2
2.5599,-2.295,2
2.1997,3.4678,2
1.6882,-1.0033,2
1.7748,-0.70652,2
0.31788,2.1087,1
3.6595,-0.20874,3
4.1873,-1.7059,1
-0.073989,0.2596,3
-0.87201,1.7154,3
-3.0111,1.3736,2
-1.38,-1.1202,3
-1.2037,1.7323,1
-0.38403,2.0967,3
1.6127,0.78342,3
1.3085,1.0341,1
1.5952,-0.35814,3
-1.4461,1.5168,1
-0.10564,1.2731,3
3.1327,1.1937,3
-1.7214,0.12777,1
0.96768,1.8748,2
0.96779,-2.7835,2
-3.7316,-1.9972,1
-1.4359,2.2582,2
1.2737,-3.6576,2
0.18773,0.738,3
-1.2086,-1.2239,3
1.0793,0.048084,1
0.17848,4.0152,3
-1.2923,-0.69512,2
1.4551,1.0532,2
-2.18,-2.8733,1
-0.22003,-6.9441,1
3.4918,0.96877,3
3.1487,-0.82298,2
3.6749,-1.114,3
0.092372,1.8017,3
-2.8187,-2.3504,1
0.41556,5.2098,3
-1.554,1.3754,2
-1.2163,2.6354,3
-3.5951,2.3284,3
0.34055,0.32377,2
0.22778,-0.85724,1
0.62341,-0.44976,2
1.4183,3.2946,2
-1.2749,-3.373,3
1.5279,1.8769,2
-0.3158,2.403,3
-0.54349,-2.1363,1
-0.80284,-0.68626,1
-1.5476,-0.97181,2
-0.76173,1.4721,2
2.3187,0.38967,1
-5.8703,-3.5612,1
-4.2468,-2.609,3
0.39137,-1.1911,1
0.76438,2.7017,1
-6.0194,-0.11286,2
1.655,-0.34844,3
-0.6809,-3.2229,2
0.13949,-0.78076,2
4.3611,2.5456,2
3.7072,2.9609,2
-0.89459,-0.024009,2
1.3054,1.2877,2
-2.7811,-0.041702,1
-0.45248,-2.5973,1
1.3563,-1.8841,2
3.5122,-3.4021,3
-0.13383,-4.1927,1
1.5986,0.63658,3
2.9861,1.8354,1
-1.1849,-0.88738,3
2.3599,4.9448,3
-0.9017,3.484,1
-0.38007,-1.6594,1
3.2615,1.2195,3
-0.71619,-4.231,3
-0.73759,1.3585,1
0.40449,-5.0151,2
1.9914,-0.52143,3
-1.2236,-1.2549,1
1.7909,-0.39227,2
-0.39218,0.46644,3
1.7878,1.5165,3
4.8074,4.8377,2
0.46583,0.28324,1
1.0889,1.4213,3
3.2153,1.2495,2
-1.1569,-3.3253,2
-0.84625,1.7104,2
1.0751,-0.41178,1
1.3556,-1.4081,3
1.889,-2.3296,3
3.5661,-0.14811,2
-4.9234,0.82445,1
-0.98353,1.2665,2
-2.3044,-2.4601,2
2.4053,-1.3486,2
3.5473,3.1819,1
1.4521,2.8047,3
-0.66499,3.4031,3
-3.4202,0.67182,1
-0.079848,-1.0059,3
2.8526,-2.6411,1
2.1596,1.1435,3
0.5917,-3.4964,1
-0.088398,-3.3398,1
-0.89859,-3.1535,1
-3.7143,3.9017,3
-5.4396,-2.5643,2
1.1553,2.0715,1
-3.7677,1.9172,1
2.3874,1.04,3
0.60847,2.3832,2
0.52074,0.55871,3
-0.8269,2.6718,1
1.0004,1.3846,2
2.0738,-5.6377,2
4.4444,2.5373,2
-0.61153,-0.0049659,2
-0.20691,-1.6978,3
3.7739,3.3075,3
4.4277,2.5352,3
3.042,4.1545,2
0.069505,-0.47543,3
2.032,1.8694,2
-0.41356,2.0859,1
0.87983,-2.1959,3
3.1783,1.9547,2
-1.8144,-0.30501,1
7.5589,0.23502,1
1.5093,1.5564,3
-4.999,-3.4508,1
0.18326,6.2906,2
1.9816,-0.71097,1
-1.8857,-1.1306,1
-1.1249,1.0028,2
-1.146,-6.8583,1
-0.3974,0.76923,2
-1.5761,-0.46135,1
-3.9015,-1.4505,2
-2.7452,3.4172,3
0.96096,-0.81814,3
2.8254,2.3101,3
0.56948,0.4994,2
-0.38392,0.94627,3
-1.9858,-4.4665,2
2.4956,4.0563,2
-5.9896,-1.6562,1
-0.22057,-4.5124,2
-1.4232,-2.1774,2
-1.7538,-3.3047,1
0.35594,0.79903,2
-0.32199,0.23985,2
1.0502,2.5764,2
0.5405,-3.1992,3
1.7674,0.00082296,3
3.059,1.2495,2
-1.3694,0.93501,1
1.3678,-0.68057,1
-2.3642,-3.8076,1
0.15456,0.11033,1
0.059698,-1.049,1
-0.87434,1.4856,1
-2.9924,-1.5135,1
1.9478,0.46686,3
5.8777,5.2748,3
-0.41899,-1.1266,3
-0.26335,-1.2338,3
0.5751,1.1538,2
-2.7791,-2.9809,1
0.74456,-0.37496,2
1.6153,-1.0438,2
-0.44689,-1.0319,3
-0.49187,3.4658,3
2.7403,2.4457,3
1.471,1.213,1
-3.0528,-0.82685,1
2.2254,6.2405,3
-0.16205,-0.36498,2
3.7213,-2.6175,3
-3.4474,0.76055,1
-1.3429,-0.22934,1
-4.1881,0.3484,3
-1.9924,-4.2653,1
0.46057,-2.069,2
1.9096,0.37689,1
0.21281,4.9733,1
-0.11538,-1.2698,3
0.7263,-0.8585,3
-2.726,-1.8891,1
-0.38669,0.13854,3
-6.0215,-3.3703,1
-2.8551,1.3972,2
-4.7197,1.0535,1
1.5746,1.0485,3
0.43583,-1.1062,3
-1.5494,-0.9549,1
-1.6993,-0.0011123,1
-1.744,1.2488,3
-1.2201,0.33361,2
-0.07177,-4.0053,1
2.5784,3.6781,2
-2.679,0.32735,2
5.9134,-2.9568,2
-1.664,4.8886,1
-1.6281,-3.2363,3
-1.0622,-0.34454,1
1.9407,-5.6713,1
-1.5395,1.3696,2
0.1183,-3.5722,2
5.486,1.5123,3
-1.3164,0.36567,3
0.68674,-0.63166,2
-0.23232,-1.5547,1
-5.2172,3.1151,2
-2.4316,-0.59323,3
-0.54714,-0.80066,3
-1.0224,-3.8791,1
1.1453,-0.83153,1
0.33524,3.5126,2
2.912,-1.7064,2
-1.3701,0.0036871,1
-1.729,-1.4025,1
-2.5079,-3.1953,1
-0.71989,0.05448,2
2.7578,2.7117,2
1.6586,-2.1443,2
-1.9206,-1.0879,2
0.09964,-1.3413,3
2.613,2.6529,3
-0.80642,-2.7707,2
2.2145,-0.30819,3
0.11396,-2.3598,1
0.31156,0.43586,3
2.4013,-4.1822,1
-0.85584,1.4221,3
3.4776,1.6206,3
-1.1307,-1.3561,3
0.7565,-1.1161,1
2.8448,2.5688,3
-1.1313,1.6225,1
2.8269,-1.0065,1
-2.3094,-1.1944,2
2.0372,3.617,3
3.3999,3.2414,2
2.2975,1.8062,1
2.1812,-1.5421,2
2.8525,-0.91901,2
-1.3179,-2.8281,3
0.13968,-2.2688,2
1.3486,-3.4876,2
3.399,-1.04,3
2.0958,1.9927,2
-5.5505,-0.10165,1
-2.8673,1.2856,3
2.8521,1.0586,2
1.2527,0.7838,3
0.41953,3.4935,2
2.9444,2.2777,2
3.8566,-1.6621,2
-3.2524,-1.8279,1
-3.3998,-0.80898,2
-0.47248,-0.38796,3
-5.0059,-1.5485,1
4.9763,1.6889,3
-0.67033,-1.1903,1
1.3928,1.3474,3
-0.80601,-1.0785,2
1.3988,4.0182,1
1.6187,4.321,3
-2.6579,-2.5879,3
0.84184,0.85265,1
0.62373,-7.2965,2
-0.72941,3.8652,2
0.6917,-1.8786,1
3.2464,1.0723,2
2.2552,-0.72505,1
-0.094952,-1.8018,2
0.61947,0.32261,1
-6.8253,0.09465,1
-3.3075,0.6467,2
3.1049,1.2316,3
-1.3154,1.9993,2
1.248,-0.49661,2
4.1078,0.4862,3
5.1511,-2.3518,1
1.3715,0.2173,3
-0.03211,-1.0538,1
0.98223,0.93349,1
-0.28539,-0.95552,1
-2.707,-3.2389,2
-2.7604,-2.9103,1
-0.71672,2.9853,1
0.90116,1.5099,2
4.6873,4.9278,3
4.2073,-2.0966,2
-1.6184,-0.084353,2
0.89493,3.3867,1
1.8347,0.15298,1
-1.1843,-1.7427,2
-0.068443,1.9923,2
1.6285,-3.165,1
0.052514,-1.9735,3
4.3192,-0.54082,2
-0.27443,1.4277,1
1.1761,3.1044,2
1.0306,-3.0482,2
-3.9818,-0.20742,2
3.9191,-1.0897,2
-6.0008,-2.8217,1
1.234,1.8392,3
-1.0528,-5.3443,1
1.1615,-1.7343,3
-3.5011,-2.3999,2
0.87126,3.093,2
0.67899,3.359,2
0.30012,2.9713,2
-2.476,4.5794,3
2.3853,4.8668,3
-4.0329,-1.9674,3
1.7121,-2.0272,2
0.82275,-0.62967,3
-4.1468,-2.1939,1
-1.318,-2.6212,1
2.0869,1.3415,3
3.7195,0.12748,3
0.8754,-2.3715,1
0.30764,0.33055,3
-1.3136,-1.6898,2
0.9044,-1.8695,3
-2.9914,-1.1983,3
-0.90259,0.57029,2
-2.8053,1.1696,1
-2.6083,-1.8757,3
2.6516,1.3892,2
2.4712,1.7413,3
1.9479,4.4172,2
-1.6653,-2.3959,1
3.793,0.16067,2
0.91192,2.7735,3
-0.86574,-6.5953,1
1.4938,1.3988,2
4.7377,5.545,3
4.0384,1.24,2
-2.2207,1.9397,1
0.31299,0.77141,3
-0.41062,5.1839,3
0.15565,1.6563,1
-1.6963,-0.048132,1
-1.112,-2.3819,2
0.77772,-0.22598,3
-1.5514,-3.11,1
5.7854,3.5542,3
-0.04256,0.27122,1
5.8977,4.6876,3
-3.0265,0.54826,1
3.2939,4.1991,3
2.0241,0.19255,3
3.2631,-2.7075,2
-2.3172,0.58497,1
3.3579,-0.54076,3
-0.98845,4.9531,1
-1.4363,-2.161,2
0.37063,4.3203,2
-3.9451,-0.36526,1
-2.8437,1.1387,3
3.6342,-2.0884,1
-0.2914,5.3831,1
4.5393,-4.3934,2
-2.334,-1.3953,2
-1.1236,0.1969,1
1.3898,-0.746,2
0.30819,2.2603,1
-2.719,0.48717,3
1.3426,-2.2698,1
-0.76707,0.10836,2
2.7418,0.1404,3
-2.6857,0.61542,2
-2.225,3.46,2
0.49647,1.566,1
-3.3253,-2.727,1
0.13192,-1.3251,2
0.88208,1.968,2
2.9142,0.50206,3
-1.2505,1.0905,2
0.27257,2.2421,2
1.9535,2.3531,2
-1.4258,1.7474,3
1.2332,3.1759,3
0.52102,-2.074,1
-0.42013,-1.706,3
3.1706,1.2024,3
0.75774,-0.82189,2
3.7662,-2.8376,2
3.7388,4.564,3
-2.6082,-1.2044,1
2.3161,-0.91502,3
0.67455,2.2931,2
-0.27338,-0.74632,3
0.31822,2.1766,2
-0.92436,0.22456,1
-4.2923,2.0929,3
-1.3319,-0.11244,2
0.32846,-0.090948,1
0.39382,-2.4234,3
1.3512,-0.49016,1
0.0026938,-1.1589,1
-0.19886,0.80526,2
0.63172,-1.4914,2
-2.1022,2.0431,1
-0.27694,0.56309,3
3.42,3.0158,3
4.2376,-0.83246,2
-0.3123,0.96306,3
-0.25581,2.7113,3
3.7476,3.7045,3
-2.3034,-2.4638,1
-1.3575,2.3544,2
1.3443,0.67394,2
0.00051588,-2.6034,2
3.8288,-0.72984,2
0.076026,-3.1924,1
-1.2784,-0.14352,3
0.68364,-0.010606,3
-0.69354,0.33937,1
-2.4568,1.8379,1
5.32,-1.7983,3
0.48475,-2.8914,1
-1.1613,4.9198,2
2.9713,1.9773,3
-0.89447,-2.1288,1
2.5541,-0.62042,3
3.1333,2.3866,3
0.94329,-1.1934,2
0.67247,0.24809,2
-1.736,-3.7091,1
1.0299,-1.7763,1
5.8336,-2.9039,2
-0.60085,-1.5081,3
-1.3955,-1.9818,1
-1.3425,-1.9977,3
-2.0067,-0.33201,1
0.49832,-1.4124,1
2.4544,3.9533,2
0.66635,0.40886,2
-2.1852,-1.261,2
-4.5718,-5.4632,1
-1.1306,0.97249,2
-0.17713,-0.080278,3
1.3518,3.7984,2
-0.70336,1.8645,1
2.4001,0.56477,2
5.2898,4.4267,3
-4.8999,-4.6386,1
1.7991,3.218,1
0.11447,-3.0319,1
-0.98353,0.17242,1
-2.6001,0.80082,1
0.52341,-2.068,1
2.0894,3.5503,2
-2.3053,1.6288,2
1.2937,0.99665,2
-0.72563,4.2365,3
-0.50055,0.23314,3
2.671,2.4355,3
-0.29156,1.0705,3
4.2865,-0.047029,3
0.052621,-0.60008,2
-3.2627,1.7037,2
2.3687,2.3195,1
-4.8443,2.2815,1
2.297,-0.34212,3
-1.1744,-3.788,3
-1.728,0.50112,2
0.97192,3.6775,3
3.4174,4.604,3
1.2777,4.1028,3
3.2474,0.17649,3
-1.5503,0.51042,3
-1.5267,-0.94755,1
-3.3898,-2.803,1
-0.55955,-2.3715,1
-0.28969,1.0343,1
-2.5928,-3.8485,2
-0.98746,-2.5389,1
-4.4263,-3.6393,1
1.2809,-0.043153,2
0.34953,-0.74524,1
3.7285,3.2164,3
1.8024,1.0791,2
2.5166,0.35386,3
7.7646,1.3103,1
0.3352,-2.2713,2
-3.6348,-5.9045,1
0.15913,0.017091,1
1.0438,2.0071,3
-0.28451,-0.58213,1
0.55672,1.4042,3
-0.65914,0.70266,2
-1.3232,2.2068,1
-1.6564,-5.8534,1
0.6566,1.223,3
-2.5709,0.61241,1
0.98499,-0.61844,2
3.4613,3.6943,2
2.0794,1.7714,1
-3.8399,2.6098,3
-2.3256,-1.5502,3
2.493,-3.9617,2
-2.042,-6.5392,2
1.6806,-0.41146,1
0.72913,-0.20667,3
2.0512,4.4959,1
-2.1591,-0.91675,1
-0.11222,0.7202,3
0.6522,-1.1815,3
-1.5954,1.1859,3
-0.95141,0.87124,1
0.18381,1.8634,2
1.1461,4.2044,2
-0.75174,2.0277,2
0.38789,0.32491,3
-0.018502,-3.9346,2
-1.29,-0.57404,3
0.95304,1.0215,1
1.6726,-3.0537,1
2.6148,-0.35558,2
-1.2579,1.1611,2
1.1062,0.39969,2
-1.3542,-3.9714,3
-0.16359,-1.8822,1
-0.097992,-3.5289,3
-3.9596,2.0628,2
0.8527,-0.56313,3
-1.3897,-1.311,3
-2.9021,-0.56142,2
-2.4888,-3.4674,1
4.3976,6.0049,3
1.2358,1.0086,2
0.99095,-4.15,2
2.4518,-0.72084,1
-0.90042,3.982,3
2.8488,-2.7385,1
1.2288,-0.33653,3
-2.9494,2.6256,2
-1.5308,1.1149,1
-0.10405,0.87302,1
1.4976,3.8699,3
-3.0698,-1.1596,2
-2.0904,0.39886,2
-0.13091,1.125,2
-0.072665,0.59235,2
2.7912,0.92348,2
3.3831,0.029605,2
-1.3744,0.16147,2
0.073869,-1.1587,3
1.134,6.5814,2
-0.24827,-2.2584,1
-0.60652,3.1737,3
0.37653,2.2336,1
-0.49065,-1.7852,2
-3.7724,0.49147,1
-0.99679,-0.0018644,2
1.2535,-0.87562,1
-3.472,-2.6122,1
5.4603,3.5102,3
-0.88813,-3.578,1
-0.94715,3.6634,1
0.27963,-1.6794,1
0.53835,-0.8019,3
-1.6574,1.9576,2
-0.10617,0.82998,3
2.4446,7.2708,3
-0.65738,-4.4403,2
-1.5513,0.18101,3
1.8618,0.46882,3
-1.6756,0.89171,3
0.88999,-2.274,2
-3.4429,-1.5828,2
0.37581,-2.3265,2
3.0468,1.0016,3
-3.3159,0.19817,2
0.78848,4.7822,1
-0.90713,-0.69463,1
-1.9782,-3.7026,2
-5.112,-1.2868,1
1.7545,2.5593,3
-2.0773,-2.1561,2
2.8538,-1.9698,2
-0.26481,-3.0446,2
0.093475,-0.70403,1
-3.8129,-0.0051649,2
2.3067,2.0636,3
3.7714,-1.8516,3
-1.128,-2.1888,2
-0.44023,1.9648,2
-1.3703,-0.95646,3
2.9982,1.6983,3
-0.74765,3.3818,3
1.8903,-0.30662,2
-1.4471,-1.7544,3
-0.88652,-4.6485,2
2.4818,0.19836,3
1.963,0.766,2
0.21662,3.2509,3
0.79024,5.2101,3
-3.2869,-1.7673,2
0.69143,-1.2142,2
-2.4104,-1.5561,3
0.78676,1.1616,3
2.7879,-0.26421,3
0.40565,1.7225,3
2.2977,-0.27423,3
0.39282,-3.0503,1
-1.0172,0.46457,1
-2.1756,2.0852,1
-0.42259,1.4749,2
-1.5064,-5.2169,1
-3.7959,-1.4224,2
0.94116,-0.017427,2
0.038864,-3.1887,2
-0.25831,-2.4832,1
1.4651,1.5016,3
1.1129,-2.1369,1
-2.9512,-3.7976,1
2.1864,0.53991,3
3.7023,-0.13948,3
0.14073,0.016936,3
-0.4091,1.3125,1
-0.31517,0.59336,3
2.752,-1.1077,1
0.74247,1.31,2
-2.1685,-0.84533,3
-0.2205,-0.032218,2
-3.3558,0.70956,2
3.8959,1.464,3
0.42029,-3.3566,2
0.73098,1.1085,2
-1.4602,0.32723,1
4.6529,-1.7565,3
6.3833,2.1189,3
-0.17451,-0.32736,2
-0.81846,-0.70634,3
-1.6077,-1.6303,2
1.2743,2.4689,3
4.7795,1.1494,3
-1.102,0.15849,3
-2.0086,-2.2363,1
-0.71003,-1.8576,1
3.4539,2.7872,3
-1.6696,-2.2245,2
5.0955,3.2395,3
-0.052428,5.4376,2
1.9524,0.30049,3
0.050246,-0.85998,2
1.0618,2.2844,2
1.6029,-0.32801,1
3.4343,-0.31931,2
-4.9884,-3.997,1
0.31708,0.72986,2
-2.8655,-1.4797,1
-1.3554,1.8644,2
1.1425,1.0376,2
-2.1556,4.9309,3
0.22609,0.70004,3
0.74031,-0.40315,1
1.6723,-1.0909,1
-0.65378,2.98,1
-2.6348,-5.2529,2
-1.2483,3.0941,1
0.16509,-4.1402,1
0.277,1.4441,3
-5.1825,0.22479,3
-5.2175,-2.9015,1
1.3696,0.4817,2
-2.1621,2.5168,2
1.806,0.80065,3
1.146,3.0963,3
0.063254,1.3944,3
-0.063559,0.095619,1
-3.7669,-0.45589,1
2.5856,0.62547,2
0.89692,-3.5161,2
-1.4087,-0.40396,1
-1.4908,-0.0074077,3
1.2228,2.2985,3
1.6859,1.6279,3
-0.51821,5.9635,3
1.2827,2.9665,3
-0.44017,2.6163,3
1.0656,-0.97075,1
-0.022144,-1.3636,1
-1.928,0.061555,2
0.20839,-2.2745,1
0.88456,-1.3548,2
-3.2268,-1.0724,1
-2.9648,-3.1918,3
-3.3171,4.9014,1
2.5982,2.0002,3
0.28339,1.2195,2
4.5968,-1.0521,3
-2.939,-2.1842,3
-4.982,-1.2122,1
2.2411,-2.2193,3
-0.32725,2.483,2
0.84725,-3.0952,2
0.90938,-2.0007,3
0.8481,-1.2108,1
-0.21731,-0.70863,1
0.45706,-3.5327,1
2.2823,-5.6128,1
1.0023,-0.55617,1
-0.61334,0.87476,3
-5.5136,2.5583,2
1.2479,-0.679,2
-2.7548,-3.143,2
-1.1687,3.8778,2
1.2513,1.0628,1
0.48219,0.6389,2
0.015519,0.89049,3
-5.0093,-0.39368,1
-1.6936,-2.0004,1
-0.3126,1.0462,3
2.1674,3.6413,2
0.34136,0.53166,3
1.4628,1.0361,2
-1.3776,-3.8061,1
4.9384,5.6522,3
0.80303,-1.154,3
0.45698,0.18093,2
0.73707,-0.81434,3
1.869,2.1842,3
-0.76143,-1.1692,3
-1.0696,0.25847,3
-2.48,-5.0389,3
0.88343,0.38355,3
-0.69569,5.5058,3
-0.52168,1.1669,1
1.2641,-3.3456,1
-1.5302,-4.369,1
0.48879,0.0006979,3
1.8093,2.0374,3
-1.2625,2.1802,3
-2.1588,1.203,1
-2.4607,1.5731,1
-1.5654,-2.9739,1
-4.0151,-1.0709,2
-0.89034,-1.4014,1
1.2273,-4.6952,2
1.4246,0.78589,3
1.0518,-0.024219,2
-2.2338,-1.6898,2
-1.6646,-4.2349,3
-1.176,-5.7768,2
-0.43884,1.786,3
0.18724,2.1777,3
1.6279,0.21409,3
2.7045,-0.62187,2
-1.6416,-0.69597,1
-1.4637,-2.5031,1
0.90344,-2.6637,1
-0.19289,0.98592,2
1.6352,-2.0746,1
-1.5174,1.1085,2
-1.1861,0.35226,1
-3.2069,-0.68997,3
0.77866,1.6382,1
4.2382,2.7806,3
-0.78851,-4.3013,1
2.5158,1.9009,2
-2.5236,-2.1895,3
2.0358,-0.83408,2
-2.3675,1.7712,1
2.3681,0.61283,1
-0.22422,-0.13841,2
2.9914,-1.1941,2
3.2683,0.50965,1
2.6288,2.3357,3
-0.77843,-0.86081,1
1.8267,2.6474,3
-0.7334,0.81665,3
-1.8012,0.81649,2
-0.89684,-3.4986,1
-0.292,3.1876,3
-1.6364,-0.91473,1
3.379,0.65634,2
2.0193,-3.7137,3
-3.3875,-2.5836,1
0.77933,3.243,2
-0.15553,-1.4415,3
-2.4537,-3.5101,3
2.3118,-0.83211,3
6.4492,6.1184,3
3.4406,2.1193,3
0.15358,-0.90695,3
1.1948,-0.43381,2
-0.37837,-1.8862,2
0.27075,4.8839,2
2.9824,2.9646,3
-1.1257,2.233,2
-0.87579,5.4907,2
-2.6772,-4.874,2
-5.2472,1.2327,1
-0.79759,-3.1147,3
-3.4049,-4.1656,2
3.1507,2.1721,3
2.5909,-1.7143,1
-3.1631,-0.396,2
-0.39734,2.3021,2
-0.38939,1.9553,2
-3.3706,0.65014,1
-1.1783,-1.5809,3
2.9273,0.16318,3
-3.0812,-1.7453,1
1.3543,0.17252,3
-5.6646,-3.2048,1
-2.6104,0.60842,2
-3.0976,-0.9261,1
0.10021,-1.7755,2
3.022,2.4543,1
2.3903,0.92216,1
-1.4098,-5.2812,1
-2.4331,-4.1099,2
3.0123,5.7091,3
-1.337,0.9629,1
-5.1278,4.6502,3
3.0089,0.23739,1
-2.4596,-0.42971,3
2.9989,4.1668,3
-1.4254,2.1935,1
3.5795,-0.13086,3
4.8846,1.7547,3
4.6615,2.0933,3
-5.3639,-4.7717,1
-1.1377,2.8431,3
-1.0115,1.7055,2
2.8563,0.60662,2
2.8665,-0.13081,2
4.128,3.0914,2
0.26288,2.0559,3
0.65418,0.089591,2
-2.1647,-4.7016,1
-2.8345,-3.4247,1
0.17634,1.344,2
-0.46131,0.74701,2
4.6087,2.4871,2
0.72445,1.2723,3
-1.0642,0.44344,2
3.5978,-2.9009,3
-0.97521,-1.4773,1
0.56269,0.53947,3
1.1848,-0.97078,2
-4.9294,-1.6535,1
0.26798,1.2019,3
0.088049,3.7358,2
-1.7068,-1.8473,3
0.030146,-0.96029,1
-0.39403,3.7316,2
-3.617,2.0683,3
-2.2254,0.62149,1
4.793,2.22,3
3.8744,-0.4317,2
-1.7529,-3.8819,1
0.12653,1.3999,2
-3.0104,1.9701,2
0.97,-2.2388,3
1.1973,-1.569,1
4.9578,-1.0866,3
0.69472,-1.3531,1
-3.5745,-0.46852,2
2.3228,1.9479,3
-2.5051,-1.3644,1
0.13124,4.9579,3
-3.0282,0.15671,1
-0.88675,-2.8402,1
1.1289,0.92281,3
-2.2418,1.4823,1
4.2062,2.0108,3
-1.1013,-2.6506,1
-2.3678,-2.3556,1
0.66811,0.95877,2
-0.80526,-3.362,1
-2.1428,1.6823,2
-5.0507,-1.3338,3
2.0323,5.0321,3
-2.7131,-0.24887,2
-0.95306,-0.83361,2
1.2227,1.218,2
-2.5969,1.1716,1
-1.2211,-3.7558,1
1.6614,-1.0283,2
1.2328,1.3597,1
2.4873,-0.97559,1
-2.1659,-0.10123,1
-1.4137,-0.78891,1
3.5537,2.906,1
1.1129,3.6565,2
-2.7768,-1.5864,1
3.3198,0.24057,3
4.0828,-0.40278,3
-0.62529,2.5404,3
-0.36695,-0.67441,3
4.9275,-0.31396,3
-1.8299,8.4507,3
-2.3466,-0.16309,1
-2.3205,-3.2908,1
-0.67688,1.5751,1
1.4315,2.0941,3
2.3493,1.2825,3
3.7327,-0.49719,3
7.2161,4.6129,3
0.71733,-3.56,2
0.25535,0.39496,3
-3.7551,-0.81571,1
3.7714,0.52066,3
0.28287,2.7313,1
-1.3578,1.5148,2
0.10221,1.169,3
-1.73,1.5,3
2.4117,-0.76857,1
2.7718,3.2347,1
2.4166,-3.0473,3
-4.538,-2.6726,1
2.8265,-0.24995,3
-0.30649,-6.1145,2
0.74141,-2.7822,1
-1.4528,-2.0847,2
0.97086,-1.2694,2
-0.61055,-0.49456,1
-3.4569,-4.283,1
-0.15566,-1.9532,1
-2.3878,2.6484,1
-2.0826,-3.5991,3
-0.0073015,4.7038,3
4.8404,1.6797,3
1.2287,-1.8661,2
-1.139,3.325,1
-0.69958,-2.6287,1
-4.9628,-2.5799,1
3.5196,1.9313,3
4.1407,5.2118,2
-1.0684,0.54225,3
0.47708,-4.4424,1
-1.2094,1.7577,1
1.1503,-0.65498,3
-2.2356,-1.3249,1
1.3576,-2.8835,1
-0.016555,-0.50196,3
-1.274,2.1975,2
1.9617,-2.7296,2
2.8854,3.0869,2
2.6258,1.4069,3
-4.1264,-0.8504,2
-1.11,5.6878,3
-0.26111,3.0558,3
0.22215,2.3958,1
1.3175,2.1025,2
-0.17748,-0.68776,2
0.32863,0.51501,1
1.77,-0.33846,2
1.3883,2.3873,3
-0.81785,-0.27614,3
0.41383,4.5825,3
-0.81067,-1.224,2
4.3322,0.53094,3
2.0587,1.9136,1
-1.2432,-1.2958,1
-1.2552,-0.77077,1
-0.82049,0.32558,2
-0.69631,-3.2939,2
-0.84834,4.1111,2
1.0486,-0.96872,1
-0.64843,-4.3821,3
-0.11024,1.5174,3
2.18,3.0557,2
0.017382,2.7108,3
-1.9494,1.4615,1
2.7535,-3.075,2
-4.6229,-3.4622,1
-1.7085,-0.95374,1
2.031,3.3283,2
-0.8364,1.6344,1
2.086,-1.4854,1
3.5869,-0.30745,2
-2.1921,-2.5255,1
-4.9013,-3.1234,1
2.511,2.1271,3
-0.80044,2.243,3
2.2557,3.2365,3
-3.6018,1.3171,1
-1.5556,-0.8275,1
0.17905,2.9729,3
0.99441,-0.81461,2
2.6262,1.8168,1
2.3161,-2.7586,2
0.48781,-0.50839,3
1.2409,-0.64864,2
2.2242,-0.12451,2
-1.8236,-0.25311,1
-2.5069,2.0236,2
1.1754,0.47367,3
3.0145,3.8625,2
-1.851,-0.22306,1
-0.43197,-0.30467,1
-0.52205,-2.1943,3
-0.75153,1.4309,1
-5.9764,2.641,1
3.9256,1.8141,2
-0.057774,2.8066,3
0.96246,-0.085149,3
4.4641,0.63303,3
-1.1718,1.7354,3
2.2333,-5.4504,1
2.0009,3.5479,3
2.5635,3.0214,3
-2.3066,-4.3685,1
2.498,-1.6615,3
3.2005,1.5906,2
0.7156,-1.1062,1
0.63619,0.90526,3
-2.3232,-3.7427,1
2.8547,-0.48629,3
-1.345,2.4476,3
-4.6816,-0.51279,1
4.2407,-0.0013226,3
-0.29654,0.94734,3
4.6542,1.1301,2
1.3685,-2.5046,2
-0.22282,2.2543,2
3.2663,1.4349,3
-5.0775,-1.8518,1
-0.80855,2.3411,3
0.71069,0.89129,2
-4.0201,-1.2524,2
1.217,2.806,3
1.5739,0.079524,1
-2.6163,-2.6948,1
1.2967,1.8859,2
2.865,-2.7969,2
0.15638,-3.5621,1
-1.9692,4.3686,3
-0.37799,2.3128,2
-1.4495,1.8981,3
-0.21004,2.214,3
-0.94899,-1.568,1
-0.26716,-0.76128,2
-4.2873,-1.3595,2
-1.543,-1.2276,2
2.4134,1.0108,1
2.271,2.0357,3
0.83625,-4.9967,1
0.19237,-1.6034,2
1.1731,-0.30601,3
0.83653,-0.87433,2
3.7343,-0.37588,3
-0.59718,-1.8585,1
5.7194,3.9026,3
1.9509,0.30542,3
3.1666,-0.59045,3
-0.76319,-0.27845,1
-0.70892,-2.4142,1
-2.7869,-2.3332,1
0.43046,0.38847,3
-1.6173,2.8669,3
1.8881,2.3596,2
2.7284,0.005971,3
0.49815,-1.5851,2
0.5402,-0.96448,3
-3.1729,-1.8316,2
-0.19745,3.8983,2
-0.096762,-0.99984,3
-2.0018,1.6635,2
-3.8751,-1.6692,1
2.16,-3.0376,3
2.8735,1.6318,2
1.5745,-1.181,1
-2.5664,-1.0038,2
-0.9884,-2.4062,3
0.60708,-3.1288,3
-5.5477,-0.62904,1
-0.73703,-2.2419,1
-2.0633,-2.3012,1
2.196,0.48241,3
-2.1494,-2.3517,1
-0.95471,1.3619,1
-0.1985,2.4212,2
-3.281,-2.2404,1
-1.0496,2.6423,3
2.5904,2.8435,3
0.34638,5.0549e-05,3
-0.33806,-0.32546,3
4.0205,1.1069,1
1.0568,2.2023,1
-0.65867,1.7095,2
-1.5229,1.1297,2
2.5708,-2.815,3
-0.039701,1.1245,3
-5.6014,2.2488,3
-2.1467,-2.0466,1
-1.4867,-2.4883,3
1.1917,-0.61927,2
2.3658,1.8496,3
0.78579,0.090378,1
-2.1233,-1.8215,1
0.64575,0.65776,2
1.3821,0.13022,3
-4.3874,-5.8069,1
-1.9349,-1.616,2
-2.7622,1.0564,1
-3.833,-3.6118,1
8.0872,1.81,3
2.6875,3.2185,2
-1.6589,-2.5152,2
-1.6293,3.3779,3
-0.11787,-3.0908,2
-2.4091,-0.87908,1
1.324,2.4236,3
2.6875,-5.4409,1
5.996,-0.38212,3
-3.7438,-3.009,1
4.068,4.2138,3
0.025365,1.8424,2
3.9756,-1.868,2
-5.6485,1.6688,1
-1.5061,1.8058,1
-1.5439,1.5091,1
0.88981,1.3464,3
-0.5317,-0.21492,1
2.4754,-3.4651,2
2.5205,1.3388,2
-1.0995,3.1197,3
1.2099,1.5272,1
3.0413,1.4397,1
0.71441,0.19871,2
-1.763,-1.417,3
-2.3245,3.091,1
-7.851,-1.8022,2
-0.68246,1.0583,3
-0.66477,-0.24553,2
-2.8069,-4.1246,1
6.2712,1.5427,3
-1.7952,-1.6741,1
0.42189,-2.1481,2
-2.7447,2.568,2
0.50914,2.2385,3
0.75378,-4.661,1
2.7229,0.51276,2
-5.2373,-0.43387,2
-1.0235,1.305,2
-1.0875,-2.5575,2
-1.4559,0.58521,3
1.8268,0.27624,3
1.2347,1.0493,2
-1.1216,0.10678,1
-0.44343,1.465,3
0.48271,-2.4472,1
-2.8081,-2.3601,1
-0.10364,3.7556,3
1.0144,3.6757,2
1.8019,2.4227,3
-0.26551,-3.9403,2
-3.2525,-0.064476,1
3.7911,-0.33091,2
2.6007,0.2284,2
-0.59651,7.395,3
-2.2545,-0.924,2
1.1681,-2.1141,1
4.4582,0.86962,3
-2.2455,-0.76643,1
-0.86458,2.4216,3
3.0217,-1.2756,3
-0.52971,1.6387,3
1.8974,3.9814,3
-1.356,1.2965,3
-1.9105,-1.778,2
-0.097287,1.5441,2
-0.93249,-2.338,1
-0.29724,-2.8698,1
0.9075,-0.034663,3
-0.30298,2.4025,3
-1.2692,-0.70753,2
-2.5869,3.0827,3
3.6167,-3.8809,1
-1.099,1.3442,3
1.9415,4.6957,1
0.94458,-4.0798,3
-2.8717,-2.3609,1
-1.5499,-3.2008,3
-0.66755,0.53339,3
0.33752,-0.057572,2
-1.0798,-1.2116,3
0.3471,1.9525,2
3.1012,-2.9966,3
-1.8603,-3.3952,1
2.087,-0.92346,3
-2.6665,-2.4908,1
-0.86258,-4.2385,2
-0.35653,-2.8473,1
-1.5943,-5.469,2
-1.0572,-3.2706,2
0.45754,-2.9749,1
1.4434,0.4227,2
-2.0768,-3.3148,2
3.4452,2.1753,3
-1.1804,1.4892,3
2.6417,-0.20117,3
-1.1,-1.6633,2
1.3469,3.7808,3
-2.6126,-3.817,1
-0.49917,1.7539,2
-2.217,-1.4948,2
0.93215,-0.49389,1
-0.031764,0.86078,3
-5.1968,0.64983,2
-3.1317,-3.3912,2
1.1646,-1.5872,2
-1.2534,-1.9979,1
0.97268,0.80321,1
0.62187,1.5655,3
-2.9174,2.5525,2
4.6401,0.41619,1
-1.5888,-2.764,1
-1.7388,0.27956,1
-0.078737,-1.7718,1
1.4106,2.3421,1
0.6622,3.9108,2
-1.9877,0.53556,2
-2.8711,1.6042,1
-2.4079,0.25535,2
-0.66207,1.2036,1
0.11761,3.4906,1
-0.19758,-2.3044,3
3.3091,-0.25669,3
1.5811,-0.64583,3
2.2597,1.8679,1
-1.0023,1.2731,2
-1.4429,-2.5015,2
-2.47,-2.7636,1
0.8588,-3.5793,2
-0.25031,-1.1348,3
-1.8008,-4.6256,2
-0.83691,-0.43811,1
-0.93815,-0.47904,1
-0.75889,1.0291,2
1.8744,0.50443,1
-1.0452,-2.5906,1
-3.4431,0.18865,2
3.1433,0.42511,3
-2.9023,-2.1917,1
0.8667,1.7684,1
-1.7049,1.1693,2
1.7118,2.4056,3
-0.84155,-0.84088,1
-0.97374,-2.0835,2
4.2007,0.62281,2
1.1076,0.60999,3
-0.8316,-2.2295,1
2.2826,1.8903,1
1.1962,-3.9446,2
-4.9207,0.175,1
-0.50349,5.4841,2
1.7247,-0.40512,1
-1.5194,1.0157,2
-0.27366,5.1917,2
2.2125,-3.3776,3
1.0163,2.4178,3
-4.4493,4.5511,2
6.8082,4.6733,3
2.2423,0.82431,3
1.2002,0.29804,2
-1.7623,0.47939,1
3.6546,-2.0604,1
1.5532,-1.8852,3
-4.6643,-0.82377,1
-4.0293,-4.9621,1
1.7561,3.6642,3
1.0411,2.2828,2
-2.3508,-3.5793,1
-2.4273,-3.2632,2
-2.6667,0.28741,1
-1.7441,-1.2296,1
2.7465,-0.0293,3
-2.4938,-1.3544,1
-2.7001,1.9516,3
0.77882,-2.7018,1
-0.96707,0.959,3
-1.4865,0.70284,1
-4.9598,1.5906,1
1.2151,2.0127,3
-0.93431,-1.9637,3
2.9172,-1.692,3
-2.519,-1.7462,1
3.0454,0.19057,3
-1.0498,-1.0428,2
1.4658,1.7763,2
0.68671,-1.0711,1
3.0358,0.7244,3
-1.8814,-2.0994,1
-3.9472,-1.2472,1
-1.6495,-2.6654,1
-1.159,-2.5496,2
-0.30098,-1.6347,1
1.6599,-6.2263,1
-1.3236,3.4171,2
3.7235,-0.62223,3
-2.4639,0.55058,2
-1.655,-0.45969,1
5.2407,0.74826,3
-2.0731,-3.4318,2
2.553,-0.73209,2
0.29776,-3.0254,1
-3.4768,-0.96321,1
1.263,-2.3732,1
3.7302,-4.2232,3
1.0141,1.8923,2
0.359,4.0029,3
1.0009,-2.3707,1
-0.80204,0.52267,1
1.6998,5.0545,3
-4.7972,-3.1733,2
1.1025,0.78061,2
6.383,3.9991,3
-1.5187,0.52787,1
2.3703,2.5208,3
-2.214,2.5449,3
2.2464,1.472,3
-1.6452,2.9714,2
0.55634,1.2246,2
-4.1197,0.087868,3
-0.57695,-1.5404,2
-1.0398,-1.2841,2
0.034104,-0.090528,1
1.8886,2.5237,2
4.5769,5.8137,3
1.9544,0.65988,2
-1.3782,-1.6126,2
0.0041058,-3.8891,3
1.1065,0.056627,1
-0.092266,-0.84003,1
2.0635,5.0087,2
0.96066,-1.6457,1
-2.3246,0.78651,2
0.083372,1.545,2
-0.50812,-3.7526,1
2.6192,3.0175,2
1.6649,-1.4492,3
0.91521,0.62841,1
-0.62995,1.6112,1
0.70506,0.5347,3
1.2816,0.084836,3
1.0455,-2.7938,3
5.2542,0.041154,2
4.3326,4.3117,3
1.3168,-1.1436,3
-2.3287,-3.9907,1
3.6044,-2.2458,2
-0.61471,-0.14265,1
-0.54858,0.099169,3
2.5542,-2.1665,3
1.0814,3.5493,1
-1.3552,-3.8716,2
-0.42841,2.4426,1
4.8702,1.7274,3
-4.3925,-3.6316,1
1.7296,0.28255,3
-1.4401,-2.8084,2
-0.44652,-0.26665,1
-0.85047,0.17691,1
1.0536,-0.032793,3
3.7165,0.67551,3
3.7356,2.0992,3
2.748,3.7395,3
-1.7556,-2.7299,1
2.2463,-1.6729,3
-0.30482,-2.4317,3
-2.2286,-2.0621,1
1.3465,-0.11187,3
2.901,0.55489,3
1.624,1.1733,3
2.2672,-4.2112,3
-1.7019,-1.1849,3
-3.4656,-4.6783,1
0.010319,1.0811,2
-2.6905,0.66584,2
0.050101,3.3306,1
3.4219,4.1204,3
0.36597,-1.5508,1
-0.33325,-0.41393,1
-2.2839,-1.1842,1
-0.33685,4.5372,3
-4.5696,1.8918,1
-4.3864,-3.0145,1
0.71717,2.7671,1
-1.4623,-2.6229,2
-0.10416,-0.67184,3
-1.4779,-2.8838,1
-1.6439,1.4605,1
-0.56299,-0.75743,3
2.0879,-0.052905,2
-0.82168,0.51118,3
-0.15421,-0.45661,2
1.3554,0.18149,1
-2.0066,-0.74036,2
0.53177,3.7241,2
-0.26577,1.4051,2
3.6931,1.0785,3
-0.13902,-3.4002,1
0.59062,0.069472,3
0.79963,5.4355,3
0.22266,1.9314,2
-0.66929,-1.3116,2
1.1056,3.1452,2
-0.3138,1.2765,3
1.0553,-3.4373,1
0.23655,3.825,2
1.4468,5.2367,3
-0.12726,1.8685,3
-1.0337,1.6083,1
-0.59526,1.0832,3
-3.641,2.4077,2
-2.1515,-1.5786,2
-0.57164,-0.11939,3
-0.13174,-1.3241,2
-1.4939,-1.3586,1
-1.6186,-0.61563,1
-0.47949,-1.4836,1
4.6784,2.3298,3
0.37003,0.4601,1
0.64287,1.915,3
-0.31928,-3.6221,3
0.98451,0.073107,3
-1.6703,0.24061,2
2.1603,4.0592,3
-0.98853,-3.7756,1
-0.93748,-4.2829,1
2.224,-1.2988,3
0.028323,0.6982,1
-1.3471,-0.81714,1
-0.65317,0.35267,1
3.6716,-2.5708,2
2.327,1.3196,3
-0.3907,0.52931,2
2.6503,3.4221,2
0.78447,-1.0433,3
0.59637,2.0127,3
1.2439,-1.2311,2
1.4213,0.55583,3
0.96187,2.4908,2
0.39178,0.80489,1
3.3561,-4.3496,2
-6.4729,-1.4688,1
-2.9394,1.0536,1
-4.0047,-0.51179,1
0.67619,0.87692,2
-0.41964,2.0931,2
-1.1118,-4.1022,3
4.1827,2.1297,1
-1.1911,0.082438,1
-2.4745,1.9857,2
1.5508,2.1577,2
-1.2364,3.1864,1
1.5154,-1.1305,2
1.7779,3.4035,3
-2.401,-0.48977,3
0.34081,-2.1684,1
1.7055,-0.95855,2
-0.0062618,-3.2088,2
2.4692,0.93627,3
-0.27106,1.0818,2
1.7105,-5.2706,1
0.60782,-1.9541,1
-0.9975,5.0561,2
-1.1224,4.4474,2
2.3442,0.88882,2
0.259,3.9093,2
1.9946,5.4443,3
-2.2138,-2.4234,1
-0.4223,-0.0067865,2
-3.0346,-2.8886,1
0.57057,0.59082,3
-0.42522,0.37793,1
3.4095,-0.60531,2
0.7782,-0.44656,2
1.012,-1.9296,3
-0.66647,2.2756,2
-1.9237,0.4154,1
-2.4425,-0.5787,1
1.1455,-2.7658,1
-5.022,2.2896,1
-1.658,1.4813,1
1.501,0.50737,3
-2.8791,-4.2684,1
-1.3038,-0.82718,2
-7.8031,-2.9752,1
-0.76214,1.1669,3
3.88,0.37907,3
2.7737,1.9488,3
0.58554,-0.22705,1
-1.3325,4.2215,3
1.3926,0.54729,1
0.061602,0.61209,1
-2.117,-3.2611,1
2.7819,-0.66129,3
1.5418,2.5469,3
0.27409,-1.8066,1
1.5464,0.23873,3
-2.385,-0.77638,1
-0.71498,-1.2065,3
-2.5917,-2.7863,1
-1.4824,-3.5697,2
-0.6389,-0.22702,2
-2.4306,1.1489,2
-4.7343,-8.3146,1
3.1247,-0.89929,2
1.0974,-0.046404,1
0.4359,-0.25147,1
-2.2118,-2.2341,1
-2.3725,0.61066,2
0.7858,3.76,2
5.5801,3.0446,3
-1.2254,-4.4966,1
-0.54925,1.3781,2
0.19854,1.5926,2
1.2413,-3.2027,1
1.458,-0.34855,1
2.8436,1.6699,2
3.2122,1.0501,2
-1.9368,-0.84031,1
1.6361,-1.63,3
-3.0838,0.98188,1
3.9591,0.20211,3
-0.52516,0.6211,1
0.18942,-0.7304,2
0.61728,-1.1216,1
-2.1667,-1.9253,1
-1.0186,0.046279,3
-0.96681,1.0801,3
-3.0176,-1.1702,3
-2.023,0.72051,2
-1.4758,0.73912,3
0.71672,3.9613,3
-0.3374,4.4546,3
5.9092,-2.9551,3
-1.4324,2.2858,3
-3.6774,-2.4774,1
5.6994,2.7424,3
-3.9973,-0.89535,1
-3.3239,0.64057,3
-1.739,3.248,3
5.2655,-0.15532,3
0.10279,1.1505,2
-2.8215,2.2418,2
3.4911,1.4853,3
-0.98358,0.20541,1
-2.4266,1.5111,2
-1.1813,1.1829,1
3.2609,1.3497,2
-0.37193,-0.15384,2
1.3768,0.45562,2
1.3354,-1.9254,3
-0.14249,-0.89923,2
-0.77476,0.27914,3
0.45368,1.0234,3
-2.6393,-2.1544,1
-1.771,-3.6667,1
0.56315,-0.86695,2
0.7021,2.0228,3
0.18767,-5.1949,2
2.0843,2.5391,3
-0.81587,3.2994,3
1.5091,-2.9289,1
-3.8642,-2.3563,2
3.3213,0.20774,2
-6.6064,-1.0979,1
-0.73391,-0.33384,1
-1.2739,-3.6464,1
3.7658,1.1389,3
-7.0347,-4.0939,1
-2.7133,-3.3838,1
-1.6604,0.82039,2
-1.9981,-1.1137,2
-0.53061,0.24818,3
0.50702,1.612,3
1.6231,3.1793,3
-1.8744,0.9889,2
-2.4136,-4.7593,1
-1.6584,-0.34286,1
4.255,6.6844,3
0.59575,-0.35915,2
-2.7952,-4.6324,1
-2.2914,-1.7354,2
-1.4204,-0.79554,3
0.25012,0.94994,1
-0.40731,3.7234,2
4.7416,2.1633,3
-2.2687,7.8848,3
-1.9098,0.74035,3
-0.15444,-1.928,1
-0.51691,0.47398,1
-0.61613,-3.2556,1
-0.03567,1.4399,1
-4.8937,-2.5207,2
1.1512,-0.77469,1
-1.9461,2.5375,1
1.137,0.11399,2
1.0072,0.6652,1
-0.82082,-1.9505,2
-3.7745,-4.1143,1
-2.1743,-2.7854,2
-1.0159,1.1464,3
3.4017,-1.3729,3
-2.4844,-6.418,3
1.6253,-0.6445,3
3.1145,4.542,3
0.52574,1.9231,2
2.2908,2.6291,1
-3.951,-4.0526,3
-1.478,2.2187,3
0.24551,-3.1065,1
-0.61427,-1.2807,3
-3.6082,-0.26376,2
2.5234,1.8082,2
0.78559,0.029513,1
0.26741,-1.2146,1
0.53254,-2.5395,2
-0.53001,2.2223,3
-0.6838,0.30432,2
3.5821,-0.1197,2
3.3999,0.25155,3
0.98971,-0.16472,1
-2.5045,-2.1453,2
1.31,1.7967,3
-1.5379,1.493,2
-0.0062042,-2.2802,1
-1.0165,-3.481,1
-2.1449,2.2134,2
0.88679,1.3296,2
1.6684,-5.3991,1
0.756,0.8227,2
1.4711,-0.061349,3
0.70827,2.4086,2
-1.2692,-1.3026,3
-2.2173,-1.043,1
-4.5411,-0.11477,3
-6.9053,-4.9349,1
-0.15734,-1.6106,1
0.38375,1.4214,3
-2.1237,-2.6246,1
-4.9157,-1.5891,3
1.0941,5.9937,3
1.9559,-0.32602,2
-1.543,0.16599,2
4.2122,-1.8695,2
-0.97279,2.1952,1
-1.8204,-2.5808,3
3.4101,5.6405,3
1.321,-3.8957,1
0.73394,3.259,3
2.836,0.8212,2
-2.2559,1.2052,3
-0.36181,-0.38995,3
-1.6047,-0.033321,1
-4.7253,-3.7905,1
-0.90743,1.697,1
0.74939,5.496,2
-0.31865,-2.4776,3
2.5148,0.040698,3
-1.7154,-2.1355,1
0.16378,-1.0427,1
0.0062376,2.6964,3
1.0697,4.1356,3
-0.80545,-4.3915,2
-3.4227,3.107,1
2.2037,2.2965,2
0.3695,5.6793,3
2.4574,3.3522,2
-0.6043,1.9031,3
-0.71657,2.4718,2
-4.9682,-2.1978,1
-6.4041,-0.31134,2
-0.73524,0.61818,1
5.0946,4.409,3
3.9889,-3.3033,2
-3.3924,3.9601,2
2.1797,1.269,2
1.7201,3.5841,2
-3.4009,-1.591,2
1.8569,0.58424,3
-1.8519,3.3298,1
-2.0002,-1.6784,1
1.5745,1.6312,3
1.0253,-1.7629,2
-0.12153,3.217,2
2.8511,4.2283,3
0.84063,-2.5748,2
-0.28234,-0.71156,2
5.1582,-1.1992,2
4.2534,0.31975,2
-0.35658,-1.9721,2
2.6005,4.2847,3
0.27047,-2.2918,1
-0.94486,-2.1754,1
-0.20272,0.33849,1
-9.78,-2.8482,1
6.713,7.1081,3
4.1254,-1.0732,3
0.065113,-1.7276,2
0.18516,0.78425,3
-2.1198,-0.90691,3
-1.856,3.1875,3
1.6976,-2.1317,3
0.81037,3.4243,1
-0.43724,1.5912,1
1.9425,-0.46876,3
2.8001,3.4537,3
2.592,3.3661,3
-4.15,-0.42283,2
0.49136,2.0281,2
1.117,1.4403,2
-3.4611,0.89891,1
2.7958,0.38199,3
4.5397,2.5146,3
0.51043,0.54117,2
-2.4739,-0.10653,1
-3.0384,0.13712,1
-0.099107,-0.32991,2
0.22959,2.9985,1
2.7831,1.4164,3
-2.8288,-0.27555,1
2.4268,2.1823,2
1.4495,2.5529,3
1.8099,-2.4705,1
-2.0327,-0.63237,2
-0.44601,-1.3135,2
0.76192,0.63986,3
-1.257,2.7051,2
-2.6236,-2.6572,1
-2.0857,1.3694,2
-4.4052,-3.4754,1
1.5576,-4.2431,1
1.5915,4.4234,3
-2.5812,-1.5,1
-0.93085,-3.6345,1
-4.7304,-3.1048,1
-2.2421,0.94541,3
-2.4634,5.743,3
-2.5762,-0.72235,2
-5.3692,-0.12446,2
1.4898,1.2362,2
-3.1677,-1.542,1
-1.007,-2.5979,2
-4.8593,0.11426,3
-1.1601,-3.2801,1
-1.4403,-2.2648,1
-1.1279,-0.70034,1
3.2349,5.0252,3
1.4886,-0.071425,3
-1.9873,1.2805,2
4.7593,0.65002,3
1.31,-0.1426,2
1.3489,0.026868,2
-2.8146,4.6227,1
2.4826,4.2343,2
2.3671,-3.0472,3
0.73496,-1.2794,3
-1.1418,-1.224,3
-1.2988,-0.2766,1
3.7592,0.55583,3
0.055603,0.9705,2
-0.78241,-1.4519,1
-0.68784,0.36215,3
0.20929,-1.5405,1
-3.6594,-1.763,1
0.62644,0.97214,2
-1.1046,0.6551,2
1.3101,2.5808,1
1.082,2.7887,1
0.4473,2.3741,2
0.16346,-3.9682,2
-3.2502,-6.0094,1
1.8244,-0.010724,1
-0.45144,-5.3178,3
0.92717,0.012329,3
-0.86073,-0.52612,1
-2.4856,-3.4691,2
3.1627,-3.006,1
-0.88301,-5.0887,1
-2.5198,3.233,1
4.6218,4.3088,3
3.8606,-2.3935,3
0.46558,2.3991,3
-1.2471,-0.59616,1
-3.268,1.3656,1
-2.0124,3.3955,3
5.1535,0.11134,3
1.3062,-4.2662,2
-1.497,-1.4437,1
1.5669,1.102,3
-3.7452,-6.9616,1
0.19815,-1.7394,3
0.054616,-2.9219,3
1.0777,-0.060358,3
-1.6586,3.0245,2
-0.30859,2.8424,3
-1.9435,-0.83754,1
-1.045,-0.37396,2
-1.0613,-2.1391,2
-2.3937,1.3419,2
-6.0251,0.93533,1
0.55699,2.5579,2
1.1369,3.9468,2
-1.5036,1.5389,3
0.0028931,-5.1073,2
-1.1286,-2.8176,2
0.53007,0.54276,3
-1.793,3.735,2
1.4359,0.88625,3
0.43424,1.0798,1
2.6967,0.61829,3
2.6985,-0.31834,3
0.9597,2.8016,3
1.4774,-3.3568,3
-0.25504,-1.1062,3
1.4492,-2.3811,3
-0.18352,-0.5365,1
-1.9588,1.2033,1
-3.9243,3.2004,1
-1.0723,-2.3515,2
0.41645,2.2197,1
1.3194,2.1323,3
-3.3974,0.51767,1
-0.3213,-0.79974,3
2.286,-3.1025,3
-3.8772,0.5571,2
1.6259,-0.010795,2
3.062,0.353,2
-1.8384,-0.30942,2
-2.9827,0.8102,2
1.4876,3.9743,1
0.065558,0.36709,3
-1.6087,2.1646,1
-0.23992,1.4001,3
1.5699,-1.8223,3
-2.003,-2.4215,1
-1.2318,3.0717,3
2.336,-3.3933,2
-1.1183,3.089,3
1.0405,-0.02586,1
-4.1828,0.22105,1
4.1834,1.8662,3
1.2607,-1.0398,2
-0.89611,-0.79936,3
3.6307,2.7564,3
-1.6551,0.27168,1
-2.07,-2.5786,1
-1.6745,-4.4722,2
1.9597,-4.8102,1
6.5658,0.71331,3
0.29689,-2.9671,1
-2.2692,-2.2106,1
-1.3873,0.74772,2
-5.6836,0.93201,1
-1.889,-0.3837,2
-1.549,-1.7965,2
0.16139,3.6095,3
-4.0643,1.2093,1
1.4944,-1.7211,3
1.9371,1.0502,1
-0.19752,1.9319,1
-1.8648,-0.34148,3
4.8447,3.1813,3
-0.18885,-0.25375,1
0.36374,-0.11769,2
-1.128,-1.9474,1
2.5561,1.6685,3
2.4264,2.4718,2
1.0843,2.2338,2
-2.4618,-1.5055,1
-2.2625,-1.3284,2
-3.0582,2.2509,3
2.7783,2.5976,3
3.1139,-0.28793,2
-4.7893,2.6878,2
-1.0804,4.1943,2
-2.4696,-1.9204,1
3.7134,-2.1034,1
-0.11569,0.79169,3
0.39183,-2.1782,1
0.53073,-0.25208,2
0.5192,0.41571,2
3.7311,1.4728,3
-5.2092,2.2114,3
2.223,4.8378,3
1.7589,3.105,3
0.051273,4.3373,2
1.9652,2.4507,3
2.0157,-0.057993,3
-2.76,-0.90575,1
0.28833,2.775,3
-2.7492,-0.27256,2
-0.94873,3.3406,3
2.9371,-2.653,2
1.7992,0.11721,2
0.17943,0.48641,2
1.8769,1.8148,3
0.086816,-1.036,1
-5.5037,-3.041,1
-0.36242,0.32783,1
2.6941,-2.5951,3
1.1607,2.3302,2
1.8677,1.0801,2
-0.37019,-1.3344,2
-4.346,-1.0404,1
-1.8166,0.74003,3
-2.9811,2.8247,3
-1.687,-0.53678,2
1.9612,2.1258,1
-0.21875,0.31827,2
1.2574,0.93043,3
5.4636,3.8805,3
-1.0743,-0.32773,2
2.145,1.7674,2
-0.82229,1.8,2
-2.8006,-2.1086,1
0.34416,0.030975,1
-0.88043,3.8314,1
-2.5516,0.18011,3
1.3667,1.8282,2
-1.598,-0.8744,1
-0.2818,5.0218,3
-0.26574,-3.6616,1
-0.74776,4.5391,1
2.9403,-0.89812,3
-2.0516,0.83484,1
-3.303,0.28473,1
-2.8728,-2.2358,1
1.4361,-0.3092,2
1.0496,-0.88837,3
2.0982,5.2551,2
0.60258,0.75448,3
-2.4925,-4.0118,2
-0.5145,-3.2323,2
2.1698,4.7737,3
0.11312,-2.1944,3
-2.0553,-2.5559,2
-0.38583,-5.6306,1
-1.3189,-1.0022,2
1.8667,0.26693,3
-1.1557,-3.6114,3
4.387,6.1826,2
-0.65491,-1.5339,2
6.1183,1.4382,3
-0.34513,-3.1048,1
-3.9419,-4.6721,2
-0.1102,1.0875,1
0.22845,1.6069,2
3.5881,-1.271,3
-1.43,-1.6595,1
3.4202,-0.082257,3
2.5434,1.8314,2
0.33782,0.095489,2
0.15771,-3.1639,1
0.31702,2.0282,3
-2.5169,-1.4942,2
-0.78666,-0.72937,1
-6.3929,-2.2011,1
0.78805,1.2177,2
4.6696,2.0945,3
-1.1176,0.94534,2
3.1142,-1.3935,2
-1.7534,0.13589,1
4.3352,-1.0616,3
3.566,-1.4619,1
-0.37778,4.616,2
-4.1581,-3.2239,1
-2.7749,-5.3004,2
0.7066,0.31082,2
-2.9553,-1.1573,3
-2.7627,-1.5489,3
-0.041903,3.9427,2
-3.4602,-1.3325,2
1.7296,2.1051,3
-1.3447,-1.8546,3
