0.26196,-4.8443,1
7.6172,4.1797,3
2.8738,0.31994,2
1.2687,3.048,3
4.1433,4.4804,3
8.1902,5.4309,3
4.4936,2.8344,3
0.30611,-1.8752,3
4.2023,4.6534,3
0.36146,1.9428,3
-0.6663,3.5105,3
1.9755,2.1391,3
-0.055013,4.4677,3
3.3697,-1.8621,3
1.1342,4.8977,3
1.8545,4.0706,3
3.111,2.9487,3
5.6309,1.5632,3
4.4481,1.186,3
2.7755,3.6896,3
-0.66824,1.6355,3
5.8677,1.3975,3
3.0349,-0.066076,3
3.0308,-0.45173,3
3.1691,2.448,3
3.4312,5.3064,3
2.1926,3.698,3
-3.171,1.9882,3
1.5028,0.56,3
2.9332,1.3521,3
6.7083,6.7072,3
-2.5665,-0.50089,1
-5.5483,-3.1323,1
-3.2031,2.5787,3
2.8584,0.39165,3
0.94784,6.5875,3
-0.084527,0.16284,3
2.8625,2.5813,3
2.1716,3.4414,3
0.76403,3.2934,3
-1.4997,6.8338,3
-0.8968,-0.32167,2
-0.33341,0.020072,3
1.2712,5.6005,3
-1.6058,2.0641,3
1.1548,0.40332,3
-0.70065,1.3283,3
0.90566,-1.972,1
-0.75695,3.6587,3
5.437,2.4289,3
-0.63529,4.2111,3
1.1452,4.7786,2
4.0723,-1.3446,3
0.94594,1.63,3
1.5882,-2.1303,3
-0.070702,-1.818,2
2.4826,4.1365,3
4.1394,0.91274,3
3.8529,1.0608,3
-1.9227,7.0036,3
6.0053,4.0438,3
7.2001,2.261,3
0.43968,2.1952,3
-0.47764,-0.95777,3
-1.1189,3.5832,3
1.0301,5.0655,3
2.8921,0.49455,3
0.8095,-0.88009,3
4.7644,1.2226,3
-0.3789,-0.32138,3
3.7364,-2.3562,3
1.5048,3.6722,3
2.9058,1.704,3
2.8788,0.43525,3
3.4464,-0.84744,3
3.3185,3.8438,3
1.6344,4.75,3
-2.8946,1.6441,1
5.0205,-0.59555,3
0.89473,0.74831,3
-0.85988,1.0452,3
0.63134,2.0619,3
0.12361,0.71544,3
-0.94384,7.7347,3
0.39564,3.0167,3
-1.5531,1.186,3
1.1147,1.5172,3
0.38322,1.1265,3
2.9452,3.7078,3
1.2723,2.2572,3
-0.74187,4.6084,3
-0.40649,0.21571,1
-3.6727,1.8982,2
1.2911,4.5701,3
-0.3438,2.7888,3
4.1085,4.1592,3
-3.3758,-6.4792,3
4.2846,4.9286,3
0.63606,-5.2839,1
-0.013247,4.6045,3
3.0418,1.3748,3
3.1884,-0.23238,3
2.4898,-0.83845,3
-0.12998,-2.5856,2
2.3224,2.4899,3
-1.8328,0.24767,1
4.4597,3.7501,3
4.2151,5.1848,3
0.59485,-3.8927,2
2.7675,-2.1167,3
0.83549,3.0111,3
0.20519,1.6657,3
0.75311,3.0265,3
1.3328,3.9647,3
5.9515,-3.0339,3
2.3636,3.3854,3
-1.9826,-2.6936,2
2.7472,1.5366,3
2.5979,2.8781,3
4.7734,3.2462,3
2.3974,3.7436,3
4.4475,4.1877,3
0.44584,2.0356,3
1.7463,3.9098,3
3.6206,4.6807,3
0.74701,5.917,3
1.8187,-0.1448,3
1.8795,2.9313,3
1.0377,-0.93137,3
5.6213,2.3262,3
1.7623,-0.4194,3
-0.82799,3.8717,3
2.3751,3.8836,3
0.60376,1.5635,3
1.9394,2.2525,3
3.9661,2.8548,3
2.1324,2.5958,3
3.6128,4.3673,3
0.61141,-3.3449,1
4.1822,2.6923,3
3.8009,3.9846,3
4.29,-0.47334,3
0.027332,-1.1044,3
4.1259,-1.7498,3
5.0499,2.4865,3
0.61842,-5.1971,2
3.4094,-1.1868,3
3.3734,3.8583,3
-1.1874,1.3629,2
5.6775,2.8686,3
0.71265,1.874,3
0.80831,-1.7622,2
2.2915,-1.3474,3
4.815,4.7795,3
1.7256,1.2959,3
-0.31928,1.5502,3
2.9804,1.7736,3
3.468,0.09483,3
1.1862,1.1515,3
2.5531,2.0518,3
-0.55815,-0.18749,3
1.0702,2.5636,3
1.925,4.771,3
-0.1835,-2.8111,2
3.567,2.5646,3
1.014,1.4773,2
-0.18495,2.9828,2
-1.4254,1.3015,3
0.55176,2.2373,3
2.6823,2.4293,3
-2.7373,2.9194,3
4.2761,3.404,3
-3.3357,2.0017,3
5.0474,2.8095,3
2.6968,3.2203,3
4.3962,-0.42793,3
-1.931,-0.72257,2
1.0522,-0.43184,2
2.6226,2.0098,3
5.5246,3.7328,3
0.83847,3.3743,3
3.6164,-2.0062,3
0.2216,3.6146,3
0.85767,4.4041,3
1.8149,5.4115,3
3.2645,3.2123,3
0.45661,4.0287,3
2.3868,5.5327,3
4.4412,5.2081,3
-0.85625,1.3261,3
1.3778,2.2198,3
4.8064,0.35236,3
2.5871,8.7004,3
-0.37253,3.2239,3
-2.7081,0.048226,1
4.1895,-2.9894,3
5.8156,1.9999,3
-1.1462,1.8349,3
-0.02118,4.4853,3
2.0365,1.0896,3
2.9688,2.8589,3
1.3682,0.86891,3
-0.12788,5.2393,3
-2.8986,-0.51862,3
2.9902,0.8871,3
2.8792,1.9771,3
6.9072,2.6102,3
1.5547,0.54061,3
6.3182,-0.8295,3
1.4714,-0.16248,3
2.8158,2.211,3
4.2973,-0.89708,3
0.10963,4.4992,3
3.3121,0.56288,3
-2.4143,3.5119,3
3.642,3.3694,3
4.1407,2.6123,3
2.1113,6.2225,3
-2.2659,-1.6767,3
2.1892,2.1983,3
2.7801,-0.031287,3
3.8306,2.3726,3
7.5986,7.8498,3
1.8244,1.3049,3
3.3689,6.0683,3
-0.73683,-0.87788,3
0.64973,-4.5106,2
0.13321,5.6916,3
1.9312,3.7183,3
2.0095,1.7812,3
2.2438,6.536,3
3.7837,3.4182,3
-0.69103,-2.8807,1
-1.0442,-1.1111,3
4.561,2.6393,3
4.5745,1.2973,3
4.3657,3.3113,3
0.041477,-0.1708,3
3.1278,0.26994,3
2.54,2.2008,3
3.5145,2.6402,3
1.0279,2.0083,3
2.0421,0.25384,3
-3.9487,-1.6715,3
3.5702,0.056947,3
7.3175,1.6676,3
2.6988,0.082637,3
1.722,2.31,3
4.5081,6.1924,3
0.43943,4.8019,3
0.7582,4.7547,3
-0.87954,-1.9599,3
3.1328,2.235,3
1.7958,0.86167,3
3.3533,-1.1139,3
4.542,2.1426,3
0.78269,4.3122,3
0.56656,3.0454,3
4.0336,0.86179,3
-2.2445,4.2459,2
4.7667,-0.99358,3
3.2163,0.53182,3
1.371,6.8288,3
0.11118,3.2689,3
3.5672,1.2475,3
0.56167,0.032782,3
2.6412,-0.9573,3
1.5119,0.20805,3
-0.33868,-1.1276,3
1.7041,1.1403,3
1.9801,2.9746,3
4.007,-0.44922,3
2.0244,2.6706,3
1.8584,0.17498,3
-1.1261,3.1482,3
2.454,-0.20422,3
-1.4444,-0.34954,2
3.4272,0.11873,3
2.9538,3.2731,3
3.428,0.90008,3
3.2165,3.3526,3
5.4757,6.0509,3
2.8978,6.2988,3
-1.2571,-2.406,2
1.3143,-1.513,3
1.6376,2.152,3
1.6538,1.9392,3
0.38319,-3.3622,3
-1.6293,1.0629,3
1.3278,1.5563,2
-4.042,-4.3482,1
3.3396,1.2112,3
3.3605,3.9101,3
-0.46697,1.4935,3
1.218,4.3817,3
2.1143,-2.086,3
0.81894,3.413,3
3.527,5.2969,3
4.0495,3.3116,3
-4.5943,-5.1998,1
1.7342,2.2096,3
2.5263,0.17049,3
4.7232,-0.22295,3
3.7297,-1.9,3
3.0621,5.3952,3
3.824,1.7512,3
4.9377,1.3362,3
-2.0115,2.0223,3
0.32022,-0.20517,3
1.6928,3.318,3
-2.9762,-2.6678,1
1.443,0.030497,3
4.0283,1.9007,3
0.52875,0.20022,3
5.173,5.9023,3
-2.1327,0.72408,3
-1.2708,2.949,2
1.9973,0.79337,3
-1.0651,3.7013,3
-0.94334,0.45905,3
2.039,-0.2809,3
-1.6907,0.98998,3
0.47041,1.8084,3
2.9153,3.5475,3
2.5682,-2.2402,3
2.2779,-0.059728,3
1.7338,3.3522,3
2.2975,4.0401,3
0.83913,3.6523,3
-0.82161,-3.3078,3
1.8461,1.1259,3
4.2227,0.93583,3
4.383,3.9328,3
1.4296,-0.72417,3
2.3615,1.3187,3
-0.19871,-3.1362,1
0.82395,2.7003,3
1.1736,2.0562,3
3.0094,4.5289,3
2.0729,4.7539,3
0.42187,1.541,3
4.4598,4.0338,3
0.44287,3.9879,3
2.2415,2.0191,3
1.7972,1.2949,3
1.4457,2.5657,3
-2.548,-1.7547,2
3.1043,0.78318,2
-4.2804,-2.674,3
1.984,3.012,3
1.9445,1.4725,3
0.37313,2.5449,3
0.74932,4.2505,3
1.95,0.21833,3
0.92448,1.7181,3
3.9434,-1.9472,3
1.2382,3.0952,3
6.4454,1.0086,3
-1.1443,4.3879,3
5.2099,2.7358,3
3.848,3.7557,3
3.6958,0.46179,3
-3.5161,-2.2282,2
1.893,3.7608,3
2.996,4.049,3
2.9351,3.5694,3
0.5328,0.4926,3
1.7298,3.3992,3
3.7261,5.8436,3
6.4649,6.7988,3
2.9746,-1.1227,3
4.9961,2.2787,3
0.32319,-0.33081,2
3.7524,1.3807,3
0.82401,1.6338,3
-1.2039,2.7948,3
1.4381,-2.2929,3
-0.7194,-1.5343,2
5.1559,2.1643,3
4.317,3.364,3
1.8195,3.2583,3
1.376,0.67589,3
1.5726,1.864,3
2.5755,1.1503,3
1.1634,-0.52269,3
0.19334,1.7913,3
4.4516,-0.68038,3
1.5466,1.317,3
0.86,5.1407,3
8.2935,1.0025,3
2.4195,1.7433,3
-0.75739,3.2611,2
1.8002,0.92819,3
4.6668,1.733,3
1.1237,0.67094,3
0.069271,1.0006,3
-4.169,-1.6125,3
-1.3291,-0.15135,3
2.817,2.7266,3
2.2134,3.835,3
3.6634,1.9695,3
0.5812,1.361,3
-4.4443,-2.1502,1
-0.39438,5.4318,3
1.8784,0.06505,3
1.4792,4.8777,3
1.1438,4.5662,2
4.8576,6.5914,3
-0.30858,2.1763,3
3.7499,3.1714,3
4.1819,-1.5641,3
1.2546,-2.9134,2
-0.68513,4.6216,3
4.0086,3.2992,3
5.8425,6.0831,3
-1.0103,2.3908,3
6.6474,3.863,3
2.8504,5.603,3
3.8007,3.716,3
1.2228,0.2635,3
3.5281,5.4144,3
6.0859,1.5271,3
-0.14393,0.63795,2
-0.80634,1.2485,3
1.3921,4.0335,3
-1.6031,3.4985,3
1.7213,1.4936,3
3.9148,6.8778,3
2.0099,-0.76266,3
1.2438,-2.3299,2
2.3939,0.60987,3
4.1663,3.4393,3
-1.0025,-0.77537,3
0.27183,1.966,3
2.8742,1.6742,3
0.45022,3.4404,3
-2.4661,-0.14359,3
1.6282,0.37579,3
3.1668,6.1442,3
2.1665,2.8547,3
5.5442,0.47922,3
1.4933,4.5027,3
3.9354,2.1801,3
-0.39925,-0.77468,2
1.8891,0.18642,3
3.2502,3.1593,3
5.4247,1.4938,3
-1.197,-0.68683,3
1.2301,5.1818,3
1.3638,-2.4063,3
-4.0033,-0.063376,2
1.0957,-3.1824,3
3.1807,-0.20961,3
0.80163,2.8826,3
0.56907,1.398,3
3.3653,2.1578,3
4.1179,2.9991,3
1.6528,1.6446,3
0.26886,1.6699,2
0.23165,4.8056,3
-3.8666,-3.3302,3
4.9831,0.087375,3
1.9689,2.9037,3
1.8747,0.84583,3
4.2243,2.723,3
-0.79327,-1.1588,2
-3.8454,2.3438,3
0.34507,6.0773,3
2.7474,4.0891,3
2.1573,-1.3081,3
-0.0022755,-1.4878,3
2.8859,2.5441,3
0.42244,1.1263,3
1.8201,1.4276,3
-0.064176,0.57692,3
2.7268,1.875,3
0.11867,2.5013,3
5.012,3.6311,3
-2.707,-3.4624,2
4.4139,-1.0218,3
3.0574,-1.6529,3
4.0793,1.4936,3
2.3201,3.5108,3
5.2567,2.5569,3
2.5184,0.99292,3
6.6646,1.7545,3
0.30665,-0.95541,2
-2.2056,-2.7413,1
0.84728,1.3591,3
1.5182,1.3775,3
2.6306,2.6872,3
2.1036,0.78998,3
1.5984,3.3569,3
3.4722,3.0451,3
4.5737,-1.9739,3
0.93763,2.6105,3
-0.45823,0.14933,3
-0.12297,5.385,3
3.3835,5.3629,3
5.4458,2.0001,3
2.2382,2.5522,3
-0.021653,-4.5203,1
1.1747,2.1745,3
0.95112,0.6769,3
-5.1868,-0.13551,1
1.4145,3.1025,3
-0.24179,3.0583,3
-1.5908,-1.3053,3
4.7438,3.7734,3
5.386,3.2788,3
-1.6835,-1.2899,3
6.8263,4.3024,3
6.6035,0.75262,3
2.8014,4.2868,3
2.8838,0.6843,3
4.0098,3.9243,3
-0.70889,0.45369,2
3.4148,2.1134,3
2.1663,2.442,3
2.4974,0.55595,3
0.98678,-2.5473,2
0.001777,-0.24639,3
3.4421,3.8627,3
2.322,6.6209,3
3.3858,3.6077,3
-0.54471,2.345,3
-4.1856,0.68844,2
-0.25166,-0.12872,2
1.2327,2.4149,3
0.07598,-1.173,3
-3.5235,-0.93536,1
2.468,-0.02325,3
0.94495,1.9869,3
4.937,4.1194,3
2.2148,6.4576,3
-5.3464,-3.232,2
1.9252,-0.91939,3
0.4005,0.25724,3
3.002,-1.1674,3
-0.76048,-0.26128,3
1.707,-0.53881,3
1.2057,-1.6888,3
0.20229,3.1756,3
2.43,4.1359,3
4.1305,4.2719,3
5.1699,2.5125,3
7.2931,4.8287,3
-3.5995,-2.5795,3
4.5968,0.41898,3
-1.6827,3.7942,3
0.6605,1.9402,3
-3.2367,5.496,3
0.81052,-1.2526,3
-1.4901,-0.74452,2
3.7098,4.9342,3
3.2903,6.4684,3
4.1271,2.1695,3
4.8837,0.5152,3
1.5948,4.2415,3
-0.30437,3.3935,3
5.7072,5.2702,3
1.9039,3.3845,3
4.3235,4.0066,3
-5.4473,-0.39581,1
-4.934,-0.068789,2
2.5527,1.5145,3
-0.289,2.2663,3
5.0042,6.488,3
-2.9214,0.18687,2
1.1894,2.8507,3
3.8859,2.4749,3
5.344,2.052,3
2.9774,-0.9424,3
2.5255,1.4138,3
0.3424,0.6917,2
3.4202,2.6582,3
3.2585,2.8625,3
-0.88867,5.6752,3
-0.77122,-2.1381,2
0.58991,2.7524,3
-2.8611,2.1114,2
0.96366,2.4594,3
3.9603,2.249,3
2.7507,-1.1871,3
-0.13331,3.5186,3
2.5489,1.2928,3
0.0683,2.7778,3
1.8189,3.8588,3
-1.3605,-0.45587,3
4.6662,5.4541,3
4.2029,2.4571,2
1.818,0.85243,3
0.87329,4.2347,3
3.2512,2.2274,3
-3.389,1.1875,3
0.4079,0.20633,3
-2.7272,0.073894,3
0.29818,2.4222,3
1.4757,4.1844,3
-0.44901,1.0551,3
1.519,3.1625,3
0.37749,1.8539,3
5.3078,2.2014,3
1.8601,3.408,3
2.5065,4.0673,3
2.681,-4.5456,3
1.7161,0.50703,3
3.8199,-1.7396,3
1.0598,3.9693,3
3.1549,2.7228,3
-3.442,-2.1964,2
3.079,1.69,3
1.5407,0.8721,3
2.5592,4.7373,3
2.6129,3.8868,3
3.2906,3.7913,3
1.5251,5.6599,3
6.4872,5.291,3
2.5837,4.2737,3
1.1693,2.4924,3
1.4921,0.3977,2
3.9973,-2.265,3
3.2414,0.94383,3
4.5937,3.8981,3
2.8974,2.1198,3
3.0662,4.0201,3
-2.0467,2.1463,3
0.91858,0.42048,3
1.7714,4.7152,3
2.1413,2.9361,3
3.2478,2.4621,2
-0.98181,-0.52832,2
-2.9998,-1.3894,1
2.3846,1.3111,3
4.4893,1.7648,3
-2.7486,2.2218,3
3.4938,1.411,3
-0.61763,2.0618,3
1.0414,-0.85726,3
3.5124,1.0852,3
2.7878,4.1851,3
3.4444,2.8697,3
3.3452,6.9695,3
3.2435,0.28756,3
3.1999,-0.54435,3
2.9835,0.056698,3
0.09364,0.45199,3
0.81163,-1.5845,3
4.1525,2.3453,3
2.3249,2.6739,3
0.3132,1.6658,3
2.4623,1.7917,3
-0.16117,0.52737,2
0.9565,0.96367,3
-2.0494,4.7611,3
4.9777,5.0137,3
3.8577,0.5064,3
3.3072,4.9058,3
-0.65182,0.12575,3
2.6871,2.7724,3
3.5224,3.6256,3
3.9753,3.3616,3
0.91919,1.2503,3
-0.73173,-2.9305,3
3.8834,2.787,3
2.3125,3.0593,3
-0.92426,-0.082205,1
3.0334,6.2576,3
0.30634,0.81607,2
5.5252,6.2308,3
0.79354,1.5061,3
3.6935,-1.0904,3
0.043506,2.0677,3
6.0297,0.95542,3
0.015381,1.2273,3
-0.56972,2.8187,3
1.378,2.8448,3
6.2495,5.5274,3
3.7037,2.1779,3
2.642,1.9271,3
3.4807,4.0997,2
2.1077,8.0958,3
-0.20763,-0.99958,2
1.7657,3.9451,3
-1.3259,-2.6374,2
1.8182,8.8862,3
-1.2498,2.771,3
-4.5757,-5.6303,1
3.1851,3.7876,3
0.25167,2.5027,3
-1.3679,2.3732,3
1.5225,-1.2837,3
1.0857,-0.76977,3
2.6617,-0.48353,2
6.8558,3.2449,3
-1.5984,1.7181,3
0.68223,3.6735,3
3.7641,1.1144,3
-2.3177,5.3834,3
1.7577,5.5078,3
-1.2441,0.40119,3
1.8083,1.4457,3
-0.34805,3.07,3
1.8956,3.3129,3
3.0816,-0.91358,3
3.0937,7.3751,3
-1.1349,-0.64314,3
3.4736,1.8073,3
4.2861,3.0315,3
-1.0495,0.36681,3
-4.2408,4.2149,3
-0.80474,1.9581,3
3.1775,3.582,3
-0.75361,0.67482,2
6.7908,2.4892,3
-1.7494,1.9983,3
1.4991,2.6091,3
3.1398,-0.26352,3
-0.70782,2.0609,3
-2.4745,-8.811,1
0.98529,2.8315,3
2.8526,4.1593,3
1.9823,0.0064099,3
1.2144,-0.40316,3
4.5447,5.8848,3
2.1902,1.1316,3
-4.6829,2.3919,2
1.6713,0.11372,3
-0.39171,1.1801,3
-3.2102,1.0816,2
-1.7087,2.565,3
-0.39288,0.68765,3
-1.4822,-3.2387,3
2.7226,-1.0187,3
-3.0305,2.8679,2
3.8689,0.69963,3
1.2958,1.8888,3
0.89027,0.54349,2
4.0377,3.8178,3
1.0249,2.983,3
0.5112,3.1159,3
1.2402,1.0205,3
1.8868,-1.9134,3
0.25292,0.45878,3
3.8976,2.5181,3
5.2333,-2.5759,3
1.6947,1.7727,3
2.6187,3.2917,3
3.9238,5.3096,3
2.3949,4.9879,3
4.5563,4.3308,3
-0.46188,1.7851,2
-1.1765,-3.1987,2
1.2736,0.64566,3
3.0772,2.3414,3
2.6045,4.348,3
4.9162,1.3469,3
2.0371,2.0168,3
-2.0319,4.9118,3
-1.2378,-2.1837,3
6.329,-0.03283,3
1.3713,-0.34906,3
7.6666,0.0067119,3
-0.15813,3.9188,3
5.6714,4.9911,3
4.4949,0.43127,3
-4.918,-2.577,2
2.4414,-0.31434,3
2.3244,2.8645,3
-0.15496,3.7975,3
1.9413,1.1584,3
0.77907,0.70436,3
-1.1832,1.7847,3
-0.10337,-0.16972,3
0.83749,6.1803,3
-1.8762,1.0229,2
-1.9045,-0.36839,3
2.8792,2.4646,3
4.9702,1.4951,3
0.34997,-0.58497,3
3.4212,1.6575,3
8.464,7.8336,3
0.46956,0.44125,3
1.7504,1.2904,3
-2.1229,-1.1078,3
4.487,5.7253,3
-0.61774,3.5942,3
-1.3182,1.0049,3
-1.6294,-0.92347,1
3.7622,-1.9724,3
-2.6333,-2.8674,3
3.8555,1.9181,3
2.6238,2.6097,3
3.7189,-1.2568,3
-3.324,-2.0909,2
4.1746,3.0152,3
3.6686,3.1778,3
3.287,0.16583,2
1.352,-2.894,2
0.75306,6.4529,3
3.0412,4.6265,3
4.3935,5.1059,3
-0.32234,3.7444,3
-0.50263,-1.2387,3
1.1079,-3.0719,3
0.091629,5.7578,2
0.3515,2.1758,3
3.5862,0.70862,3
-2.1428,2.2434,2
0.035455,0.27684,3
-5.6967,0.32388,1
-0.91989,-0.089524,3
3.1104,2.2685,3
1.608,0.46739,3
5.5673,0.15562,3
2.8874,3.3027,3
2.5562,3.5485,3
-3.3018,-0.70291,2
1.6442,6.726,3
3.1298,3.0411,3
0.78772,-2.8557,3
2.84,1.1641,3
1.4913,5.3615,3
1.715,-1.0028,3
3.7217,3.4995,3
-1.698,1.8236,3
2.6542,2.6871,3
4.3268,5.5685,3
-1.034,3.3518,3
1.2463,1.1958,3
2.913,2.6836,3
1.3048,-0.49708,3
4.819,2.1606,3
0.64098,2.2871,3
4.2183,-0.31391,3
-2.1737,-3.4289,3
1.4011,6.1898,2
5.2615,0.28046,3
0.17695,0.23349,3
-0.46636,-0.0073878,2
1.368,0.95768,2
1.6832,0.28579,3
0.34455,-1.0612,1
0.42556,0.65685,3
5.2848,2.6067,3
1.9505,1.5753,3
0.013198,-1.7586,3
2.7796,-0.042893,3
2.3308,4.5875,3
2.111,3.8733,3
-0.7466,0.10685,2
4.2302,2.9243,3
1.8979,-0.822,3
-0.16121,5.7258,3
2.5718,3.7479,3
-2.6413,-0.50288,3
-0.025673,4.992,3
3.0738,3.8119,3
0.24723,7.3368,3
2.3296,2.3802,3
-0.13008,1.8296,3
2.1532,1.2282,3
4.8474,4.3994,3
2.8212,2.9826,2
2.9918,2.0181,3
-4.1561,-4.7513,1
4.7973,0.36431,3
0.63378,1.8671,3
1.6707,1.0326,3
2.879,0.59638,3
1.019,3.8687,3
1.5993,1.4488,3
-1.4135,-0.41205,3
3.1217,0.21778,3
-1.8461,5.5369,3
-1.0931,-3.9857,3
3.5012,-1.44,2
1.3453,1.6983,3
-1.3417,-1.5276,3
-0.5611,-0.43471,3
5.3916,-2.6212,3
0.96431,6.292,3
4.8032,3.0679,3
1.229,0.95577,3
2.4143,1.2692,2
0.75409,4.9796,3
2.3402,3.6565,3
5.9791,5.7222,3
3.6986,4.8598,3
6.0564,4.7906,3
-0.44669,1.2152,1
4.3695,4.817,3
1.2788,-1.1289,3
3.2713,-0.80672,3
5.0659,1.3429,3
0.972,3.8251,3
3.5307,-0.87757,3
1.5717,2.7484,3
2.5612,-1.2021,3
3.1262,1.9781,2
1.0745,-4.6655,2
-4.4756,2.7657,3
1.8186,-0.39835,3
1.0957,6.998,3
1.6629,6.5558,3
0.10737,3.7568,3
-1.9221,2.2535,3
0.59768,0.99056,3
-2.8648,-6.0271,3
1.8202,4.7463,3
2.1325,2.6318,3
-4.2812,-0.53413,2
4.6224,2.4631,3
0.60108,-0.43827,3
2.7207,-0.12047,3
-0.77831,1.6052,3
-2.8912,0.86216,2
-3.1381,-1.839,2
1.5909,0.13763,3
4.8399,7.5513,3
2.853,0.045568,3
-1.022,3.684,3
3.0437,6.1853,3
0.026739,0.78983,3
1.7568,1.9407,3
2.5199,1.5813,3
3.4136,3.7945,3
0.67117,0.13888,2
2.4427,4.8407,3
3.3001,0.15324,3
-0.4355,1.7508,2
-3.0473,3.2941,3
2.578,-2.1391,3
2.9887,4.5528,3
0.79139,2.0772,3
5.4603,-1.0374,3
0.75226,0.37773,2
-0.45461,2.0243,3
5.1616,0.83032,3
-3.495,1.8964,3
2.0733,1.8685,3
-0.55077,1.298,3
3.4303,2.0621,3
3.7877,1.4385,3
1.5857,2.1913,3
-0.21931,0.33412,2
-1.0209,3.1657,3
5.3127,4.019,3
3.0041,3.5662,3
5.2102,1.764,3
-4.8399,-0.48176,1
-1.3907,-3.8633,1
4.6433,1.5036,3
5.5558,2.4449,3
4.398,5.3789,3
2.0843,0.4119,3
1.5255,3.1941,3
0.14693,5.1574,3
5.6157,4.5263,3
0.071761,2.4816,3
1.4277,0.39913,3
6.6664,6.0534,3
6.6789,0.3845,3
2.9809,4.753,3
0.24436,3.4951,3
-6.9873,0.30893,2
-0.99894,1.2119,2
3.1578,2.2127,3
2.3024,2.3321,3
3.7541,2.7393,3
2.0716,0.078685,3
2.7405,3.763,3
1.2411,3.2199,3
4.8861,4.5172,3
1.9474,1.1152,3
2.5159,-1.249,3
1.4269,0.07714,3
2.9577,4.8878,3
5.7211,4.6721,3
2.4535,3.2707,3
-0.21246,1.7829,2
4.0568,2.8623,3
2.0321,6.4505,3
2.6688,0.65484,3
1.1971,0.77207,3
4.7196,-0.78581,3
-1.8167,-0.62363,3
2.4469,2.1238,3
7.3872,1.0494,3
2.4542,-1.3915,3
-4.8362,1.8009,3
2.1147,3.6318,3
0.74228,2.5798,3
1.3553,-1.0261,2
2.0771,4.8936,3
5.6539,3.6717,3
-0.056106,-1.077,3
1.3309,-1.8248,3
2.9861,7.5953,3
-1.2382,1.074,3
-0.4768,-1.2049,3
1.5254,3.1719,3
2.5393,6.168,3
7.8154,6.0002,3
2.1818,1.7793,3
6.4807,1.0577,3
4.303,6.1088,3
0.79582,5.2657,3
2.8877,0.5713,3
5.5732,2.5387,3
4.2486,2.4824,3
3.4744,4.4111,3
1.6451,-2.5969,2
4.6205,1.8181,3
4.0402,1.8773,3
1.8242,3.1913,3
3.1517,2.4886,3
2.0229,-0.27371,3
2.5319,0.76782,3
0.013141,2.7329,3
3.1938,2.9929,3
-0.39193,-1.7768,3
4.4923,0.68024,3
2.8382,3.5747,3
1.3578,0.48092,2
3.6277,2.9701,3
2.7256,1.4537,3
0.31838,-0.57012,3
3.2348,1.5672,3
2.3722,5.0115,3
-0.71229,2.9749,2
8.0551,0.45588,3
5.4094,2.5231,3
0.13133,-4.7622,2
2.9149,0.216,3
1.6465,-2.0934,3
1.8606,3.9415,3
1.2556,4.2601,3
5.4355,0.66424,3
0.10538,3.1898,3
-0.9218,-0.82566,3
-0.51264,2.0336,2
3.9314,2.072,3
-3.5052,0.2349,1
3.9865,-0.64357,3
3.3735,-1.6571,3
2.1108,1.886,3
-2.8113,1.7316,3
1.0609,6.0914,3
1.2728,1.3872,3
2.3972,2.7393,3
-0.1689,-0.6337,3
2.9777,3.5363,3
3.1869,2.2907,3
0.51521,0.70064,3
-0.021007,0.89691,3
2.8545,5.3146,3
-0.4034,2.9352,3
2.6978,6.2424,3
1.317,2.1775,2
-4.4292,-3.0209,1
2.3437,0.17551,3
-2.5535,-3.932,1
2.2412,0.6915,3
0.28195,2.5689,2
0.38873,5.3422,3
5.8664,-1.0959,3
4.2505,4.3397,3
-2.9778,-1.697,2
2.4093,1.0865,3
0.2417,0.43526,3
-0.95191,-0.093548,3
1.1548,0.77153,3
-5.9751,-0.58445,1
0.37851,3.6024,3
3.7424,2.0936,3
0.60857,1.6541,3
0.16637,-2.8407,3
4.5251,4.3578,3
-2.7385,0.78667,3
2.6685,5.3524,3
1.5854,4.2656,3
-4.0951,-3.6846,1
-0.10453,-1.0281,3
3.1477,1.0567,1
4.4173,4.3207,3
3.074,-0.28442,3
1.5832,2.1725,3
5.2283,4.2015,3
-0.52821,0.096984,3
1.7365,-0.45062,3
2.2416,2.5559,3
1.5258,3.6289,3
3.3846,0.074501,3
2.0514,1.5535,3
2.3798,1.0394,2
2.8836,5.3327,3
-0.43096,1.3652,3
2.7763,-0.3724,3
-2.7857,-2.7083,1
2.5689,0.81854,3
0.62508,0.38184,3
5.3132,4.1833,3
-0.016103,4.7769,3
0.10841,1.4298,3
0.94697,4.2476,3
2.0335,4.3053,3
2.657,0.04591,2
-2.4234,-2.0039,2
0.78221,0.83826,3
0.53279,3.6342,3
1.5419,1.7104,3
3.0929,2.3064,3
4.46,2.3682,3
2.6389,3.4461,3
5.1952,2.7743,3
0.044606,-1.7458,3
0.75361,6.0107,3
2.7362,0.28842,3
-0.048117,-2.4635,3
-1.9419,4.8377,3
0.48633,3.0604,3
-1.5293,1.8244,3
0.44413,2.9839,3
5.2773,3.8652,3
4.0536,-0.46518,2
6.1253,2.5051,3
2.1329,0.70943,3
5.652,6.838,3
3.9936,1.6173,3
-5.3567,-4.2788,1
-0.6858,2.4234,2
0.79894,1.4922,3
0.8667,2.9808,3
1.8871,3.8649,3
4.7894,3.298,3
2.154,2.6821,2
0.080921,1.0631,3
3.0946,2.3675,3
-1.2522,4.0859,2
6.4921,3.1558,3
2.4261,2.0954,3
-2.6599,-1.8968,1
-0.26776,2.9686,3
2.5493,1.1099,3
1.7826,0.052575,3
4.6211,3.4739,3
2.4335,7.0215,3
2.0278,1.7459,3
1.3525,2.1067,3
-0.72398,0.3867,3
3.3608,5.9481,3
0.76969,-0.80931,2
-1.0862,0.2191,2
6.8601,0.33174,3
5.2219,3.2918,3
4.2952,5.9212,3
-1.9835,3.6559,3
-0.1036,0.68836,2
-0.44644,-0.11694,3
-1.1629,5.5599,3
4.9987,-0.20898,3
5.6999,2.1588,3
2.2468,8.8621,3
-0.084558,0.84589,3
-0.035593,3.7759,2
-3.473,-3.6568,1
0.98782,2.697,3
1.6828,0.26579,3
-0.60337,-0.88049,3
0.297,3.0954,3
3.1988,1.6941,3
2.1567,2.98,3
2.5774,3.0641,3
2.5897,-0.04921,3
1.3635,2.1414,3
2.1361,2.0754,3
0.80967,-1.9757,2
-1.6931,-4.1904,2
-1.9673,4.005,3
-1.5529,-0.14912,2
2.4984,3.3617,3
5.9588,1.4042,2
-3.0247,0.6024,3
2.4439,0.34347,3
0.94694,2.2528,3
4.4219,3.4614,3
2.4151,2.2562,3
2.4727,3.8202,3
1.0509,-0.43877,3
3.0756,2.5194,3
2.6632,2.6022,3
4.657,1.3976,3
4.8693,5.1541,3
-1.9866,-1.2284,2
4.2546,2.8184,3
-2.0493,4.0539,3
1.9584,1.183,3
2.3489,3.434,3
0.91013,0.60453,3
-0.082437,1.6306,3
0.98973,5.0938,3
3.309,5.0718,3
1.286,6.9631,3
6.1694,6.1623,3
2.4716,1.9922,3
5.4746,6.1536,3
-1.1152,4.7938,3
-3.1967,-1.0663,2
-0.14642,4.7359,3
0.67242,2.7046,3
1.8622,0.85231,3
-0.95898,0.80708,2
0.27208,1.9491,3
5.44,0.92921,3
1.2139,1.1458,3
2.5133,3.3375,3
-0.25303,0.61501,2
-2.3048,1.7898,3
-1.3184,1.0604,3
0.99879,-1.5105,3
0.59136,-0.27888,3
3.1526,2.1685,3
-0.07511,0.58338,2
3.7369,1.3738,3
2.1389,2.1161,3
2.5783,7.7455,3
1.3148,1.1917,3
0.87813,3.9786,3
4.3627,2.7768,3
3.4355,-6.0079,1
-0.71442,1.0122,2
4.6982,2.0116,3
2.8254,1.9428,3
3.2783,5.7381,3
3.6935,0.86243,3
2.6795,-0.95088,3
1.2924,-1.8843,2
0.65336,-4.2037,2
1.085,4.5536,3
3.0415,-0.0065436,3
2.7703,2.0082,3
-3.9108,-0.060206,2
4.0692,1.0824,3
3.8692,-0.86795,3
2.1663,1.5056,3
1.0535,4.2388,3
2.7487,-2.6477,3
2.0495,-1.3529,3
2.1949,1.5321,3
3.5683,6.4426,3
-3.2806,0.75397,3
3.1434,3.322,3
6.2049,2.8428,3
5.3036,1.3866,3
1.97,3.2452,3
3.8639,3.2737,3
-1.5755,0.51199,3
1.9984,0.24576,3
-0.66429,-0.22066,3
-1.7476,-2.6669,1
-0.61168,-1.0693,3
0.96215,1.8946,3
-2.2543,-2.0129,3
-1.9653,1.1845,3
1.8666,-0.80919,3
0.03303,-1.1718,1
-3.1123,-1.3893,2
3.7322,4.523,3
-0.75451,3.6457,3
2.5128,2.3149,3
1.5045,7.4818,3
1.5507,1.0741,3
-0.50256,2.3601,1
2.5952,-0.40026,3
4.4455,3.1096,3
-1.9285,-5.2092,1
-0.28378,2.6472,2
2.9298,2.3051,3
2.3317,2.8356,3
-1.1226,3.5873,3
3.4439,4.9947,3
2.6188,6.0687,3
-0.60129,4.4557,3
0.54561,0.13442,3
-1.9589,-0.48961,2
2.5118,2.63,3
1.6589,-2.4711,2
0.83667,-5.3369,3
2.4138,3.619,3
0.20885,4.1512,3
-0.34903,0.12892,3
1.6097,6.9564,3
3.1474,3.1126,3
0.40171,2.3328,3
0.24471,0.59364,3
2.2832,2.2003,3
-1.1005,2.2097,2
1.5443,3.8247,3
1.5417,-1.0159,3
2.2245,3.6088,3
-2.7853,3.5732,3
3.1172,1.6542,3
-0.8671,3.8184,3
3.0157,0.5102,3
2.1682,-0.50586,3
2.9733,1.8217,3
2.7457,3.6258,3
-1.133,3.83,3
0.60213,6.0413,3
1.6686,1.6325,3
1.2302,3.2223,2
1.952,3.7002,3
6.5995,1.0765,3
2.8725,5.2089,3
4.4636,0.90698,3
2.7899,5.4529,3
-5.3995,-0.6757,3
1.8028,1.0012,3
1.5717,0.083158,3
1.6213,2.2102,3
1.8582,1.5666,3
2.3714,-1.9518,3
1.9605,-1.8641,3
3.9591,-1.1328,2
6.1815,4.4823,3
4.6791,0.72269,3
2.1256,-1.228,3
-1.7665,1.1874,3
-0.30708,-5.5388,3
0.70149,1.6945,3
-1.5514,0.70465,3
2.7804,0.91169,3
-1.8961,1.8987,3
0.42944,2.4473,3
0.70412,1.1415,3
3.6994,2.7483,3
1.6934,2.9716,3
3.3493,5.7772,3
5.4514,1.9624,3
3.1358,1.7096,3
2.1772,2.8958,3
1.8775,3.5121,3
0.13348,1.9898,3
0.9685,6.7286,3
6.703,4.7679,3
4.6152,4.3701,3
-1.2609,-3.3167,3
3.1509,4.9599,3
-3.6824,2.3102,3
-0.19087,-1.2467,2
-5.8809,-2.9062,1
-4.4718,0.27159,1
3.0393,6.116,3
2.078,2.4159,3
-1.3639,-1.1453,3
-0.60389,0.010312,2
4.1281,3.3173,3
-3.1993,-0.85423,2
2.1356,-0.56567,3
5.9382,4.2373,3
-4.3698,2.2365,3
-0.78111,0.52733,3
-0.24367,0.31084,3
2.0414,1.1569,3
3.184,-2.3552,3
-0.11255,-0.43491,3
4.9951,0.45705,3
-0.27906,0.36181,3
2.7659,7.0237,3
-0.52882,-3.0718,3
-0.25392,3.0613,2
-3.8048,-2.7539,2
-0.2402,2.6527,3
5.2494,1.3925,3
4.852,4.2423,3
-0.46835,3.882,1
0.30784,-2.8868,3
-1.5836,2.2864,3
0.15824,-1.3802,2
-0.38397,-0.91283,3
0.044031,-1.6248,2
2.6364,-0.83149,3
2.5159,2.1437,3
2.2949,1.6557,3
1.0791,1.1863,3
-2.2554,1.4335,3
-1.8611,-2.7387,2
2.8427,-0.6308,3
2.1123,5.3806,3
2.4203,1.1838,3
5.1017,2.9722,3
3.5199,3.5428,3
-2.3986,1.2842,3
0.81162,4.4396,3
-1.3898,4.1931,3
4.1605,-1.1855,2
1.8814,-0.030046,2
1.1003,-0.99929,3
-1.1859,-4.1933,1
3.5123,5.5802,3
2.2713,4.5631,3
1.9633,2.0531,3
2.5384,1.8534,3
-0.81628,-1.5207,2
3.1572,0.92628,3
5.288,3.7295,3
0.6698,4.1222,3
-2.7441,2.8794,3
2.8486,3.8233,3
-0.066882,1.9353,3
-0.69203,2.3468,3
-0.087742,2.024,3
3.9884,1.6737,3
-0.11636,0.57985,3
-1.1834,0.931,2
3.2564,3.6259,3
2.9178,-3.4621,3
5.0401,1.7015,3
3.8963,-0.13499,3
2.7923,-0.14911,3
-0.31546,-0.46309,3
5.4305,2.4458,3
2.7498,0.76416,3
4.971,5.6267,3
-0.8014,1.6654,3
2.72,-0.17955,3
1.4168,2.4369,3
6.7865,2.8787,3
-1.2441,-2.0206,3
-8.2581,-3.3792,1
2.1029,-1.1787,2
-3.3663,-0.20002,2
-1.1181,-0.020212,3
-1.4154,0.10697,2
1.67,1.6664,3
0.32809,1.5008,3
0.56714,1.6998,2
4.5751,0.28794,3
1.4649,-1.2229,3
-0.44109,-0.40005,3
6.2025,-0.40127,3
1.9148,0.74968,3
1.3936,2.7876,3
0.44199,0.35384,3
4.4985,3.9531,3
4.812,3.2323,3
3.4022,-0.044199,3
-0.35798,1.4891,2
-1.5983,-4.1858,1
3.0188,2.9931,3
-1.2163,-0.50572,3
1.4148,1.8479,3
5.611,1.3567,3
0.84981,-0.60815,3
3.5598,0.18684,3
1.1597,-1.5063,2
-0.48059,0.28211,3
0.39188,2.2974,3
3.6454,2.1419,3
-1.6364,-1.7212,2
2.1561,3.4117,3
4.1539,8.0582,3
1.9633,2.5529,3
-1.7362,-2.3764,3
-1.0213,-2.2522,2
-0.6651,1.3669,3
2.3517,0.6934,3
2.5686,1.5716,3
-0.072529,3.7201,3
1.8937,2.042,3
-1.2086,0.80353,3
2.8665,0.14416,3
2.3023,3.8665,3
3.9672,6.6245,3
3.3716,5.8849,3
5.2542,0.60788,3
0.61045,2.3129,3
2.561,-0.2212,3
-1.4794,2.0969,3
-0.19605,0.68538,3
3.0027,1.938,3
7.0521,2.5412,3
-0.57945,0.41382,3
2.7412,-2.3563,2
-1.5839,1.0879,1
0.020673,-0.8977,2
-1.8615,-2.7494,2
1.6107,4.409,3
2.5906,1.0705,3
6.6852,1.2093,3
2.8387,5.8777,3
-0.3619,1.7956,3
1.6415,2.6515,3
3.0581,2.5349,3
0.4261,-1.2862,3
-1.6068,1.5547,3
0.36119,-2.7672,3
-2.6118,6.1209,3
1.8391,5.7069,3
-3.5826,1.5641,3
-2.0117,3.4193,3
2.2051,3.7111,3
6.3231,4.5809,3
2.3277,6.136,3
3.7706,5.4119,3
-0.31355,-1.7713,2
-0.44299,1.7898,3
0.12267,5.7301,3
-1.7898,0.39105,3
1.599,-1.342,3
4.0293,4.9405,3
-3.2905,1.8647,3
4.6225,2.5232,3
1.839,-1.2074,3
2.4997,1.0567,3
5.1996,-1.876,3
4.7837,3.8052,3
3.462,3.3683,3
1.5962,3.388,3
-4.8704,0.44855,1
-0.68718,-2.3244,3
2.2428,-0.58025,3
1.9877,0.22862,2
0.69224,-0.16876,2
1.3795,2.879,3
4.0037,5.8688,3
1.0382,0.66317,3
-3.9442,1.0877,2
-0.27983,4.2079,3
6.7917,5.304,3
2.6274,1.2133,3
0.65202,4.1452,3
2.1375,2.1778,3
2.0066,-1.7885,3
2.5079,-3.3138,2
-0.64394,4.5244,3
3.7813,-1.3595,3
2.6199,-0.23669,3
-1.0575,-3.0325,1
2.7673,1.2834,3
-2.4505,1.6509,3
6.816,3.3036,3
3.3564,-1.535,3
1.5463,-0.15602,3
3.792,2.412,3
0.41542,3.801,3
5.0425,-2.8208,3
1.5856,2.5557,3
2.0382,5.0067,3
-0.59871,2.847,3
2.2942,6.7604,3
5.4691,2.0657,3
-1.9987,0.27463,1
5.4353,4.7836,3
2.9877,0.32133,3
-0.93025,-1.7221,3
-1.6029,-0.74087,3
0.26518,1.6908,3
2.4333,3.6344,3
3.6288,-1.8206,3
0.96356,-1.3293,3
0.88791,0.30048,2
0.51466,1.2271,3
1.5586,-1.9672,2
3.2416,2.0069,3
3.7234,0.38104,3
-0.56218,-0.48216,2
-3.8383,-3.7149,1
-4.1708,1.6277,2
3.2544,0.94424,3
1.9225,1.983,3
-0.15328,-1.382,3
1.5615,5.5168,3
1.1059,0.12046,3
3.6575,1.9858,3
-0.66957,0.93647,2
2.1439,0.58846,2
3.115,3.6158,3
0.592,4.8871,2
1.4195,1.2099,3
-0.29169,-0.25835,3
-0.3458,-1.3164,2
6.1267,-0.13299,3
-1.0981,-0.079694,2
-0.24516,3.7538,3
1.2473,3.3296,3
3.4307,-2.0878,3
-2.9824,-0.22154,2
1.4399,3.275,3
1.9374,2.147,3
1.0245,2.1658,3
1.7536,0.30201,3
3.5766,0.29272,3
1.5488,3.4264,3
1.2242,1.7519,3
2.1255,3.6954,3
-0.9064,-0.94622,3
4.9312,0.13456,3
0.12955,1.7168,3
0.73922,0.28756,3
2.5959,1.0429,3
0.77103,-0.53064,3
-0.63678,3.5063,3
1.8796,1.7466,3
5.7878,2.8168,3
6.3776,4.2155,3
0.078211,-0.056284,3
1.5294,2.2632,3
2.7184,3.3037,3
6.408,-1.5968,3
4.4755,-1.0027,3
3.1884,1.4167,3
3.6545,1.9691,3
4.0676,0.55362,3
0.40104,1.6828,2
0.89765,1.3797,3
1.5224,0.60325,2
3.7914,1.392,3
-1.3735,3.2161,3
4.5428,2.4561,3
4.0456,7.9421,3
4.3642,-1.4232,3
-0.25271,-3.5066,1
0.46185,5.8551,3
-2.1848,-2.9031,3
-1.1484,1.1544,3
2.748,3.164,3
1.0818,-0.66796,2
0.87803,6.2415,3
0.031739,2.2886,3
-1.6969,4.3713,3
2.815,-0.2378,3
1.9653,1.5279,3
4.4325,2.5382,3
4.753,5.4075,3
4.2211,2.4818,3
6.3517,0.39416,3
3.1467,2.1511,3
-2.7573,2.8011,1
-0.29442,-0.99336,3
2.6541,1.7235,3
0.067549,-1.1175,3
0.38764,-0.0013239,3
-3.0267,3.6226,3
4.1639,1.0792,3
1.9723,0.35185,3
5.7583,1.9748,3
2.2927,2.9425,3
-0.052081,-7.0161,1
3.3765,-1.696,3
-0.7167,2.9393,3
-0.42307,1.782,3
1.7732,4.6172,3
6.6488,5.0183,3
3.5189,1.3732,3
2.8676,0.21755,3
4.4571,5.4301,3
2.754,1.1818,3
1.7672,6.3394,2
1.4695,3.5124,3
3.6688,-0.93479,3
1.5476,2.5608,2
3.2221,3.3932,3
1.4853,1.4834,3
-2.9487,0.12024,3
-3.1591,-2.0777,1
-1.5172,3.6433,3
3.6111,5.4004,3
1.4706,2.2895,3
1.2254,3.1737,3
6.8087,1.9806,2
7.0055,0.96186,3
0.9157,2.6018,3
5.0893,1.2156,3
0.61302,0.13196,3
4.9153,0.77792,3
5.3749,-0.97894,3
2.4279,3.1213,3
0.94359,3.4557,3
3.0503,1.9978,3
-1.1498,-1.1867,3
4.7168,1.9052,3
3.1579,1.7547,3
5.4409,2.2398,3
3.1905,-1.112,3
-0.59747,0.54652,3
-0.77229,-4.0395,2
3.0481,2.4147,3
0.8556,0.7297,3
1.6714,-0.7466,2
3.3677,1.3008,3
-2.6046,1.4222,3
2.5538,0.09076,3
2.0101,2.7237,3
5.6856,3.4195,3
2.4983,2.0808,3
-0.3881,2.0316,3
5.1614,1.2033,3
2.5186,4.5238,3
2.0907,2.3721,3
-0.95547,4.3665,3
3.8858,0.8829,3
-0.73369,2.8953,3
-4.0049,4.7268,3
0.15823,1.9039,3
2.6935,1.5629,3
4.7488,2.2752,3
1.2433,0.78675,1
3.2479,1.1147,2
8.2469,0.43371,3
0.88722,4.0757,3
3.1187,0.32091,3
3.2318,3.4888,2
3.0737,2.685,3
3.8771,5.2167,3
2.1448,3.1835,3
-0.81178,0.56601,3
2.0289,0.9966,3
3.9795,2.0196,3
3.1078,1.0901,3
-0.8111,-3.1231,1
-1.1462,5.3355,3
-0.65618,1.0724,3
-0.62851,0.26239,3
4.88,5.6269,3
0.77226,3.4883,2
2.6682,3.9602,3
3.3102,3.8167,3
-1.9464,-4.6866,2
4.5142,2.9156,3
-0.72401,2.5847,3
4.1335,4.6258,3
0.85152,4.852,3
2.1108,3.8055,3
1.8739,2.5987,3
0.34913,3.9064,3
2.3345,2.3318,3
-1.5583,-1.3785,1
3.9735,3.1067,3
1.0886,2.2965,3
1.6952,0.70471,3
3.5796,0.35558,3
2.6346,2.0548,3
0.91999,0.30262,3
1.2096,2.3251,3
5.2319,1.3041,2
3.3412,1.5593,3
-3.6572,-6.1721,1
1.2031,2.1392,3
5.372,3.4016,3
0.82343,0.44731,3
1.8343,-4.8406,1
-1.4571,-2.0012,2
1.7395,4.5235,3
2.6577,7.329,3
1.3754,0.41462,2
1.3867,3.5664,3
0.18394,0.051827,3
2.8835,1.3344,3
2.1582,4.1194,3
-0.17231,-0.62723,3
-0.42414,2.5833,3
0.70268,5.803,3
-4.829,-3.0455,3
-1.6285,1.2528,3
-0.041704,3.2618,3
-0.79576,-1.26,2
-0.093327,1.653,2
3.0273,4.4112,3
2.1275,0.3975,3
6.0618,2.0844,3
2.5622,1.6421,3
-0.53109,1.5954,3
0.16517,-0.8848,3
-0.28391,2.9485,2
0.55764,2.8557,3
2.1239,-1.9466,1
2.362,1.9606,3
5.143,0.31812,3
3.4409,5.3713,3
5.1042,3.1223,3
-3.8991,-5.8607,1
0.89947,-1.8856,2
0.044845,1.1271,3
3.344,3.2896,3
0.34716,-0.69227,3
-2.4609,-3.5948,1
3.0601,1.9687,3
5.6542,3.9523,3
0.8013,3.0125,3
1.8026,1.4285,3
-0.74943,-1.3011,2
-0.81133,3.782,3
0.54373,-0.98472,3
2.8402,-0.11816,3
4.6982,3.4634,3
5.0696,4.4147,3
6.7543,7.9188,3
1.535,1.2401,3
4.2326,1.212,3
3.477,2.8082,2
2.5323,5.3111,3
2.8028,3.0063,3
-1.3067,2.3984,2
-0.43591,1.5283,2
1.7718,1.4209,3
2.3262,0.65182,3
2.122,0.39203,3
3.1729,0.14103,3
2.268,3.5481,3
0.85538,3.3454,3
5.1896,1.3078,3
-2.6884,1.7473,3
3.1823,1.802,3
4.8319,1.8621,3
-3.1073,-5.6354,2
1.3805,3.6416,3
2.6949,5.4234,3
0.80953,-2.0409,3
5.9821,1.6339,3
1.531,3.0708,3
1.5553,2.6303,3
0.60127,-0.94084,3
-2.947,-5.7131,1
4.5933,2.1668,3
-0.98085,2.7965,3
2.9124,1.6571,3
-0.82587,1.5131,3
-1.4464,-1.208,3
0.70788,-2.7429,3
4.2483,4.4069,3
3.1248,0.95103,3
0.34698,-3.1925,2
-1.7987,0.98746,3
5.5071,2.9641,3
-2.366,4.0286,3
5.5719,0.31503,3
1.6691,1.2014,2
2.2346,2.8143,3
-0.37335,-4.3867,2
-1.3654,0.60891,2
7.0776,-0.070233,3
-1.2927,1.5331,3
6.4868,2.8451,3
0.12652,0.93235,3
-2.0856,-3.3669,1
4.1419,2.0154,3
-2.1046,2.2536,3
1.3031,3.2169,3
1.4154,3.6183,3
5.1301,4.2865,3
1.308,-0.76234,2
-0.48813,-0.32885,3
3.2169,3.6566,3
-3.8685,-0.485,1
1.4996,-2.7002,3
-0.33224,0.1754,3
2.5068,1.1982,3
5.4191,0.51541,3
-0.50587,3.4763,3
5.7563,3.5451,3
3.5685,3.9146,3
2.1391,3.9593,3
5.7363,3.3348,3
1.8882,0.49571,3
3.5139,2.8643,3
3.3988,1.5561,3
4.4321,0.8097,3
4.1889,4.2727,3
1.8874,2.6768,3
-0.29744,3.583,3
2.7857,2.2713,3
0.46338,0.72267,3
0.84924,-0.75746,3
1.6824,1.2681,3
-0.36459,4.7163,3
3.1658,-0.18439,3
1.5925,-1.5361,3
2.8214,5.5902,3
0.99832,-0.29668,3
-1.4285,-0.25905,3
3.9372,7.3327,3
5.4838,4.7954,3
-0.69788,-1.2058,3
1.78,1.9248,3
-1.156,-2.1617,1
1.5383,6.2578,3
0.61976,0.52174,3
2.1061,5.0845,3
-1.4503,4.0851,3
6.3572,0.41166,3
2.3552,0.12436,3
2.5692,5.5567,3
-0.30234,1.7099,3
-0.094354,-1.8494,3
1.9489,0.4412,3
1.9016,1.4116,3
-2.8747,-2.9547,1
-0.5604,0.26695,2
1.2339,4.1869,3
3.0311,6.5291,3
4.4354,0.073741,3
-3.1753,-0.4396,3
3.4204,4.2766,3
1.0834,2.8916,3
2.6885,4.4329,3
4.3655,0.5883,3
3.2076,2.6408,3
2.9192,0.90325,3
3.7435,3.6043,3
0.19956,5.7621,3
-0.87733,3.5484,3
1.6466,1.7656,3
5.7057,1.7171,3
3.4219,2.0498,3
1.1798,-0.36082,3
2.1709,4.0681,2
0.88637,1.1908,3
1.5017,-0.63928,3
1.1896,4.6827,3
1.7487,1.4747,3
2.6485,3.5241,3
-0.40464,3.2718,3
0.090824,5.4362,3
-1.615,6.2357,3
-0.66798,3.4072,3
-0.93806,1.3724,2
-2.9745,5.1599,3
-0.91729,2.3701,3
-0.43221,0.58718,2
-2.3176,-2.7547,1
-2.7234,0.60026,3
-0.86178,1.3027,1
0.38366,3.3897,3
0.38813,5.7706,3
4.1614,3.6294,3
3.0498,-0.65091,3
4.1601,1.0319,3
0.7959,1.6775,3
-0.8016,-0.42985,2
2.9546,4.3641,3
-0.25662,-2.0116,2
5.3654,6.0283,3
3.3121,6.2299,3
5.0461,2.3628,3
4.585,1.0869,3
3.5133,3.0568,3
-0.8688,4.4812,3
-0.0052777,0.072754,3
-3.1859,-4.4346,2
4.6748,1.4144,3
2.6669,0.22143,3
2.8902,-1.6852,3
-0.17052,-1.6791,3
3.8869,1.4573,3
0.56912,4.1695,3
3.1008,-1.3052,2
4.6918,-0.1683,3
2.4817,-2.2658,3
2.8965,2.1485,3
1.1169,-3.22,3
2.0468,3.8644,3
2.8503,3.8647,3
2.3197,2.3713,3
1.5123,-1.3569,3
7.5963,1.6936,3
-0.63517,2.1003,3
1.2416,1.7727,3
2.3258,-2.1371,3
4.7493,3.4757,3
7.0243,2.5565,3
2.2922,-0.29923,3
-0.87789,0.31987,3
1.1997,3.2405,3
5.231,3.4455,3
-0.68666,0.43653,3
3.5058,1.4842,3
-0.20231,-2.6095,3
5.6043,4.4355,3
0.48855,1.9709,3
4.0751,0.87186,3
-0.36293,1.3968,3
1.384,5.9204,3
1.6799,3.5248,3
1.6211,3.8356,3
2.0436,0.878,3
0.20421,3.7282,3
-0.39035,1.3992,3
1.6738,0.65434,3
-0.22987,-1.258,1
2.8013,1.8049,3
-2.7832,-2.8572,1
1.7095,1.4819,3
1.2197,-6.3688,1
2.4276,1.1583,2
7.4688,1.334,3
4.8657,3.4892,3
-1.2662,0.079914,3
0.73376,-1.9123,3
0.51937,1.6461,3
1.3444,-0.18836,2
-3.8898,0.45862,2
1.2323,-1.4046,3
-0.69558,2.2344,3
-0.33336,-0.42685,3
-2.231,-1.9353,1
2.3757,4.9185,3
1.3228,3.8141,3
-1.5878,3.3632,3
0.54771,-3.3993,3
3.0948,0.16945,3
1.6769,-2.3593,3
-0.075193,1.2748,3
3.9434,1.1224,3
5.2636,3.9697,3
1.899,2.5301,3
4.2349,2.9169,3
2.3068,1.8225,3
2.3483,2.3206,3
5.493,0.69501,3
1.6036,1.721,3
1.4082,1.7323,3
4.9618,2.1381,3
1.6742,0.037218,3
2.6493,2.6591,3
4.0785,3.1116,3
-0.78859,-0.8669,3
3.0227,-0.42731,3
1.979,3.34,3
1.3223,0.68805,2
-0.13582,-0.18681,3
3.3819,1.3508,3
1.2867,4.3739,3
3.1514,3.3513,3
3.9419,1.6183,3
1.6135,3.0724,3
0.80744,-0.75318,3
0.18539,3.0579,3
3.5091,-0.22756,3
1.2261,0.87133,3
1.0719,-2.8085,2
1.7005,1.8807,3
-1.0025,-0.23674,3
4.2473,2.8248,3
2.389,2.8066,3
0.63741,2.215,3
2.5584,2.5756,3
3.715,2.1257,3
2.5329,3.9934,3
5.5592,6.5569,3
3.9966,6.4772,3
3.625,3.2881,3
-0.16426,2.4935,3
-2.4651,-6.0132,1
-0.99638,4.391,3
-1.2383,1.5733,3
0.77894,-1.1124,3
2.5015,4.222,2
5.1056,2.8603,3
1.4164,1.1419,3
3.2915,5.1709,3
3.3565,1.1579,3
-1.2841,3.6153,3
0.80157,1.8784,3
-2.536,-0.0047509,3
1.7272,-0.26363,3
2.3858,-0.18691,2
0.89419,0.7256,3
-0.20018,-0.33383,2
0.23026,2.2377,3
1.8457,4.655,3
-1.009,1.2452,3
4.1228,0.36234,3
0.45798,0.77186,3
-0.081343,3.724,3
3.6007,2.1915,3
-0.37104,-4.6421,1
-0.69086,2.3181,3
4.4591,3.3593,3
-3.5516,-2.3521,2
1.11,1.2655,3
1.3826,2.1473,2
-2.1347,3.4258,3
5.2578,1.3895,3
1.6361,5.3147,3
-0.031429,1.9052,3
-0.38347,-1.81,1
0.42983,0.69136,3
-0.87357,1.7495,3
0.67952,1.8448,3
-1.3436,0.88929,3
-2.1128,-3.3611,1
4.0356,-0.41707,3
2.1988,2.0734,3
-0.56863,5.4154,3
2.0996,0.9374,3
1.4258,0.59857,3
-4.4622,-2.3351,1
0.84714,5.7206,3
3.0285,2.5004,3
5.1453,3.6499,3
2.5433,2.6709,3
1.0926,0.30736,3
4.241,5.4074,3
-5.2507,-0.42661,1
3.4964,3.5388,3
1.0819,3.16,3
-1.3569,-2.0261,1
4.3429,1.3322,3
-0.42271,-0.8726,3
3.6362,-1.6902,3
1.4051,3.2432,3
-2.0482,0.13176,3
1.5372,2.2917,3
0.69307,0.89659,3
2.2989,-0.39453,3
-2.2024,1.6458,3
1.2265,2.0896,3
2.8489,1.0069,3
1.6742,-0.34873,3
1.5268,2.8578,3
-0.44804,-0.87301,1
4.6591,4.465,3
3.9906,0.95688,3
3.0775,0.52671,3
6.1153,5.5948,3
2.316,4.1738,3
1.8376,3.8916,3
-1.8825,-3.4764,1
5.0011,8.0938,3
3.6035,1.5067,3
4.1574,2.3327,3
-1.1274,-0.9273,3
2.1277,4.5052,3
-1.2316,1.2346,3
3.5459,-2.4484,2
4.9626,-0.50047,3
-0.44247,-2.0107,2
0.24308,4.5794,3
2.3817,3.0057,2
2.3754,2.3589,3
4.4607,5.9256,3
-2.1194,-3.0211,3
0.10822,2.2217,3
0.47308,3.1035,3
3.208,3.1953,3
5.4092,3.8628,3
1.789,4.7344,3
-0.19466,-0.47134,2
2.1267,2.8924,3
2.5465,0.85258,3
5.8545,2.5018,3
1.8854,4.4855,3
-0.28,1.6502,3
1.2885,0.44666,3
-2.5088,3.9352,1
-0.055606,0.22755,3
-2.5639,3.5167,1
0.1661,1.4163,3
6.1873,1.3168,3
3.5007,3.7191,3
0.43739,1.7478,3
3.3017,1.9808,3
3.715,3.2199,3
2.0999,2.6191,3
-1.1199,0.92444,3
-4.1655,-4.1228,2
-0.58834,2.4147,2
0.25935,-1.2479,3
-0.39612,-0.7626,2
1.9607,-3.1015,2
-1.0514,0.82252,3
1.0827,2.5647,3
-0.89544,6.4786,3
0.49731,2.5695,3
3.3562,6.5114,3
0.059586,-0.90335,2
-0.82488,-3.798,2
1.5672,-0.087847,3
-0.52727,-1.9853,3
2.5891,3.022,3
0.52216,1.3162,3
2.6312,6.5321,3
1.2793,2.0552,3
-0.43496,1.0028,2
0.53909,-1.7668,3
3.4854,4.0441,3
-1.7454,1.5536,3
5.5287,2.1535,3
-2.1606,2.0065,3
0.82676,-0.25119,3
3.7705,0.2087,3
-1.0902,-7.0064,1
-0.05167,-0.24607,1
1.7056,4.3184,3
0.16096,-1.27,2
0.7761,1.7974,3
1.1852,0.57894,3
5.3458,4.2112,3
3.1658,3.246,3
-0.68806,0.069147,2
-0.23392,-2.2565,3
4.8145,1.543,3
-1.6648,-1.4871,2
2.4479,4.5962,3
1.8924,3.4414,3
4.6329,-0.78358,3
-1.9953,-1.9123,1
3.8236,0.57045,3
5.0558,4.834,3
2.5432,-1.2303,3
-0.16971,0.08214,1
2.3002,0.24761,3
-1.4311,-2.3275,1
5.6602,3.7166,3
-0.40475,1.7101,3
2.3702,5.9348,3
-2.1276,-1.8173,3
-1.1036,0.4347,3
-0.65613,4.322,3
2.4223,0.047426,3
-0.2898,-3.9666,2
5.0081,2.5903,3
3.2563,5.6778,3
1.6752,2.5958,3
2.9003,2.3766,3
-1.2059,0.034059,3
0.85893,3.3611,3
0.55421,3.5431,3
2.8431,2.96,3
3.3239,4.9267,3
0.87011,1.0903,3
2.4097,4.3961,3
3.1468,2.5705,3
0.00017426,3.1435,3
3.9392,4.274,3
-0.5997,-3.0795,2
0.91029,1.1218,3
-1.4549,0.61199,3
-0.6032,4.8028,3
1.3855,5.7617,3
0.035926,4.912,3
1.148,3.6547,3
-0.5979,-2.6023,3
-2.6986,0.086386,3
-2.7975,-0.56285,2
5.6493,0.70658,3
0.19618,2.2474,3
-1.3174,-0.35369,1
5.2867,3.5981,3
4.1759,1.0267,3
0.12238,1.6527,3
2.0437,-0.26258,3
-0.48941,-2.3813,2
4.792,4.2311,3
2.0731,1.4379,3
1.3747,4.1113,3
2.1238,3.0029,3
-2.9849,-3.5237,2
3.8906,3.8642,3
-2.9868,2.891,2
-0.66088,2.8332,3
-0.50792,3.5963,2
3.7272,0.40877,3
2.6814,1.6345,3
3.161,3.3584,3
1.1302,-0.26874,3
3.3344,6.2344,3
-3.3797,0.51957,2
1.387,2.7729,3
1.7475,-3.2188,2
2.0389,1.5408,3
2.555,1.231,3
0.98886,3.7549,3
-4.2133,0.67553,1
0.50298,1.3734,3
0.89938,4.3815,3
3.7673,2.3031,3
4.0924,-2.5598,2
2.5994,4.5784,3
-0.7665,1.9617,3
-1.0985,0.41013,3
-0.35257,0.063493,3
-0.056434,1.7358,3
0.35731,3.5263,2
-0.22024,-2.3719,2
-0.63501,2.0822,3
1.2305,3.9865,3
-2.1007,4.7103,3
3.0727,1.8133,3
1.3157,2.837,3
5.6895,0.4361,3
1.2135,2.7936,3
0.99333,3.3529,3
5.5728,1.8914,3
0.342,-2.8861,2
1.2578,5.3371,3
5.1916,1.0175,3
3.2578,5.6204,3
5.0493,0.067577,2
1.143,-0.17925,3
-0.51316,3.2638,3
-3.4037,-3.8608,3
0.84174,0.11279,2
2.0477,2.0923,1
3.3575,3.273,3
-1.7263,-0.31925,2
-2.1442,1.5142,1
3.7797,2.4115,3
-1.6566,0.23076,2
-2.4564,-4.5019,2
-1.782,-0.91219,1
0.051805,2.6543,3
-1.4281,3.4961,3
-0.39969,-0.021936,3
-1.108,0.69054,3
5.3954,3.2435,3
2.9418,5.0124,3
0.30056,1.1387,3
1.298,2.2087,3
2.456,-0.048513,3
4.9255,2.0005,3
0.63325,1.8996,3
2.3853,-2.6731,3
7.1907,4.6569,3
2.2089,6.5359,3
0.71379,-4.2226,1
-0.64693,1.5615,3
1.8965,3.2909,3
0.45644,3.2551,3
0.67074,0.80487,3
5.2663,2.5944,3
3.3471,0.14585,3
4.7052,1.6434,3
-3.1578,-3.0384,1
-0.75268,1.545,2
1.9249,-0.39833,3
1.2914,4.3837,3
-1.1931,0.68581,3
1.645,-1.5547,1
3.8326,5.6253,3
-0.094839,2.3713,3
-3.5566,-2.8073,1
0.28041,-0.31428,3
1.7829,3.1905,3
-4.6691,-1.2882,1
4.7691,5.8242,3
2.6035,2.778,3
-1.6144,-1.5253,3
-1.6007,2.48,3
-0.63339,-0.353,1
3.5647,6.9368,3
3.4094,1.1284,3
-0.78484,1.6078,3
3.8789,3.0676,3
1.1198,0.62118,1
3.0458,0.054761,3
-2.7316,0.32133,2
-3.0131,-5.8864,1
3.393,0.70077,3
3.6274,3.2157,3
3.6431,-3.0609,3
5.2295,3.1244,3
2.9382,3.5869,3
2.9716,2.1784,3
0.33832,-3.7618,3
4.0831,-1.3669,3
3.8891,1.0163,3
5.9046,-0.35518,3
1.0814,-0.31963,3
-0.98881,2.5791,3
5.7565,4.5354,3
5.5198,2.5924,3
2.6742,2.5832,3
-0.91478,3.4814,3
0.47602,4.6224,3
5.5292,1.7794,3
2.2683,3.3894,3
-1.1917,-0.9953,3
5.7216,6.0826,3
5.2157,3.1368,3
0.54331,4.6732,3
-1.4302,-1.2933,2
2.3849,2.8062,3
-2.014,0.62201,3
0.44091,-1.4906,3
0.50428,3.1304,3
-1.3721,2.2905,3
2.5753,4.0994,3
2.1288,-0.63499,2
-0.63408,-1.9553,3
5.2751,5.5657,3
6.12,6.1506,3
1.1023,-1.1163,3
6.0154,0.97425,3
6.3103,2.1523,3
1.5116,0.75381,3
2.337,7.1494,3
-1.6873,-3.1286,1
2.1541,2.3706,3
1.5792,3.0599,3
2.3575,0.77915,3
3.0098,0.1558,3
1.7134,1.8421,3
3.8037,3.6659,3
3.6753,1.2194,3
1.538,2.3648,3
1.2397,1.5207,3
-0.67364,1.1426,3
-0.42803,1.215,3
-0.24103,1.8037,2
2.3233,5.6796,3
2.5536,1.6467,3
1.2301,2.0728,2
-0.3893,-3.1337,1
4.3619,2.9847,3
-1.7072,0.61884,3
2.1421,1.6605,3
1.9151,0.99451,3
5.7995,3.9907,3
5.9505,1.8603,3
0.043924,-0.66467,3
1.9143,-3.1284,3
1.5169,-0.64425,3
0.65404,-0.23625,2
0.42485,-1.0505,3
-1.6682,1.5886,3
4.4132,1.6494,3
3.5007,3.7343,2
-1.0587,0.12881,3
0.39667,4.0466,3
-0.27993,0.1539,3
4.4872,3.0959,3
-1.5799,0.66629,2
-0.075164,1.4091,3
7.8473,2.754,3
4.7419,3.4106,3
6.9021,4.6961,3
-1.26,-1.4438,1
-0.065018,4.1873,3
-0.36086,4.6178,3
2.6385,5.5791,3
3.9559,1.8128,3
0.9253,4.7299,3
-0.37072,1.3335,3
-0.46838,2.7387,2
3.714,-0.5541,3
2.1345,0.31462,2
-0.92968,0.66288,3
-2.2086,-0.74481,2
-2.1813,6.5868,3
-0.12127,2.2909,3
4.4034,-0.12097,3
3.0624,-0.57234,3
0.99027,-0.82045,3
3.131,1.8142,3
-0.30473,6.1625,3
1.8809,1.8353,3
1.5712,2.2578,3
2.5404,4.8348,3
5.4307,3.6521,2
3.4529,5.1347,3
-3.0528,0.093152,3
0.01147,4.7204,3
3.0538,3.3201,3
-4.0929,-1.2595,1
-1.2294,-6.8344,2
6.0631,6.7168,3
-1.2509,1.1894,3
2.0921,1.7895,3
0.93099,1.1635,3
0.88868,5.9536,3
1.0875,-2.2231,3
3.7378,1.2753,3
-2.0617,-0.84145,3
0.55105,-2.0971,2
6.4002,1.4812,3
-1.2994,1.3995,3
-3.3043,4.0864,1
4.2525,1.7682,3
-3.4253,-4.3886,1
3.8166,0.99491,3
-1.7949,0.49938,2
0.71549,6.5712,3
0.74839,1.8701,3
-0.28953,1.4617,3
3.2091,5.5823,3
-0.31516,1.1601,3
3.3977,4.0401,3
4.1577,2.822,3
2.6866,4.0978,3
5.9953,3.5653,3
-0.40073,-2.1498,1
4.2679,-2.1456,3
3.0473,0.99681,3
1.8627,2.7532,3
4.8479,3.2654,3
-0.62766,1.1239,2
-5.0541,-5.9897,1
1.6918,6.2563,3
2.7914,3.45,3
6.9937,1.936,3
1.3354,4.0157,3
-0.22918,-0.052383,3
0.73555,0.75526,3
2.2169,6.2108,3
2.8882,2.865,3
2.4197,1.5809,3
0.91855,2.056,3
2.6908,0.55313,3
2.4,3.5227,3
4.695,4.8499,3
-2.6074,-0.87072,3
0.17956,0.61897,3
-0.36341,-0.44805,2
1.8348,-0.36243,3
-1.1898,0.64364,2
2.9846,4.6174,3
3.2688,4.0917,3
-4.5528,-4.3245,1
-1.2351,-2.4726,1
2.5244,7.4465,3
3.6351,2.9506,3
3.4116,-0.13097,3
2.6831,-2.4415,3
-0.41959,2.474,3
6.4152,4.3598,3
1.0854,-0.086452,1
2.8977,1.2406,3
-2.6662,1.9061,2
0.82591,7.9003,3
0.49254,1.1466,3
-2.5269,0.16093,1
-0.285,0.90368,3
1.6443,-2.2458,3
1.5927,-0.42765,3
2.0759,2.1212,3
1.259,2.2119,3
3.509,2.8284,3
2.9758,-1.9725,3
1.7954,3.3398,3
1.5458,0.9218,3
1.4533,2.9461,3
2.9672,1.5361,3
1.0602,0.41186,3
2.3253,3.7109,3
2.4371,-2.2621,3
3.7483,-1.6747,3
-0.2174,3.5017,3
1.9227,1.7066,3
2.4617,4.5754,2
3.748,2.3661,3
-1.5401,0.84642,3
6.0675,1.4228,3
6.6247,6.6128,3
4.4069,2.7435,3
1.2112,-0.066179,2
5.2556,3.5933,3
1.5336,5.708,3
6.1815,2.6658,3
2.0977,1.4837,3
0.34369,2.0612,3
-0.3261,0.78646,3
4.0772,2.4727,3
3.168,0.81302,3
0.65308,-0.18505,3
1.6176,5.2996,3
-2.0127,-6.0574,1
1.977,2.8253,3
0.97322,2.3113,3
0.54571,1.5142,3
2.6387,1.0051,3
0.46864,3.7472,3
0.82619,1.5895,3
-0.42302,-3.7809,2
-3.8668,0.20045,1
3.4298,3.9043,3
-0.5611,-1.5949,1
-0.32473,5.6906,3
0.41955,3.8921,3
0.23148,0.60945,3
0.13456,-2.8951,1
-0.14228,0.46505,3
3.2563,0.57773,3
4.1593,0.88445,3
0.94461,3.3703,3
0.69712,1.1736,3
4.2721,5.7214,3
2.7879,4.8886,3
3.3424,4.4142,3
-0.78823,4.0347,3
0.61539,2.0823,3
-2.7923,2.8399,3
-2.5846,2.0384,2
-0.68754,3.742,3
1.1212,1.8989,3
1.1794,3.5611,3
-1.5025,0.41357,3
2.3336,4.2008,3
2.8194,2.3709,3
-0.35175,1.1263,2
1.6308,1.0595,3
6.2203,2.1098,3
-0.62406,0.097899,1
3.2576,2.0933,3
-1.5615,1.996,3
2.8016,2.8145,3
-1.0537,0.26548,3
0.93839,1.7486,3
2.6158,4.3489,3
6.1701,6.411,3
2.8259,0.87023,3
5.2133,2.3714,3
-3.7993,-1.4756,1
1.0286,-0.13264,3
-1.9818,0.81572,3
6.8209,3.1543,3
-3.8404,-0.27687,3
-0.28893,-0.059165,2
4.7378,3.852,3
1.3262,-0.34389,3
5.2624,4.7392,3
2.8809,2.7128,3
-0.04764,1.6586,3
1.2726,-2.4359,3
3.4827,-0.44505,3
4.2902,2.386,3
1.4926,1.2676,3
5.1808,2.3853,3
2.0995,-0.25354,3
1.3959,1.6593,2
2.8942,4.6573,3
3.98,2.5979,3
3.5159,3.8961,3
-0.3439,-2.2398,3
3.1229,0.5017,3
0.54805,0.87474,2
1.1246,2.2228,3
-0.84661,-1.9866,2
1.3384,-1.3484,3
-1.1167,-0.27224,2
2.2034,1.5465,3
1.2365,-0.46841,3
2.3217,1.4316,3
4.0966,0.87712,3
1.7973,1.7806,3
0.02869,2.3619,3
1.0201,2.9476,3
2.9644,7.2446,3
2.397,2.1441,3
1.5576,-1.2339,3
1.1119,0.045623,3
1.9854,0.21247,3
0.70809,1.9463,3
-0.55882,-3.643,3
3.5499,-1.3262,3
0.99254,1.2179,3
-0.31615,-3.754,2
-1.1014,2.5946,2
3.0612,3.1509,3
1.2337,6.6578,3
2.1028,3.4244,3
-0.17279,0.99245,3
-1.2089,4.009,3
0.21776,1.2516,3
0.99699,-0.85934,3
-0.62471,2.7534,3
3.2387,-0.97115,3
2.4568,0.071564,3
-0.61257,-1.9048,3
3.3029,-0.70528,3
0.6702,7.233,3
-0.76486,2.1587,3
0.89126,0.47709,3
4.2205,-1.0466,3
4.1809,1.9294,3
4.3462,0.53097,3
-0.71827,3.939,3
1.3716,0.35774,3
3.578,2.0477,3
5.1515,3.5353,3
0.65741,-0.86391,3
3.9023,1.3685,3
-3.9753,1.0353,2
-0.43098,2.716,3
2.6098,3.0903,3
4.1824,4.3763,3
-0.54934,1.1797,3
4.7329,2.665,3
2.8493,4.9167,3
3.3029,6.3445,3
2.9949,2.6664,3
2.8239,-1.1185,3
2.495,-1.2061,3
2.9911,8.0585,3
6.7127,1.4915,3
-4.9443,-4.9037,1
6.2713,3.6513,3
1.0399,5.112,3
-1.1497,2.5159,3
2.0285,-0.28085,3
2.5899,2.8934,3
2.5512,-0.76656,3
-0.83627,3.1361,3
5.6078,6.9199,3
2.3462,2.4177,3
2.2617,4.2534,3
-0.21431,1.6552,3
2.4135,-2.4184,3
1.8977,3.8533,3
-1.1767,5.4743,3
5.7751,2.8718,3
-1.3903,0.50633,3
2.4047,3.4795,3
-0.082215,3.1284,3
1.3329,5.2055,2
3.8554,3.3923,3
2.5979,5.1878,3
-1.3214,-3.4048,2
3.9903,7.2803,3
1.1635,3.608,3
-0.37984,-1.8577,2
0.57976,2.7316,3
-1.5553,-2.098,3
0.88651,-0.60215,3
2.7198,0.53554,3
-1.2418,-2.2544,2
-5.6653,-2.5734,1
0.72462,1.8225,3
5.0359,0.016204,3
1.6709,3.9418,3
-0.20608,-0.97765,2
-0.59268,-3.4829,1
-3.7957,2.7887,3
2.4351,-1.3286,3
1.7928,1.6124,3
0.81038,2.1057,3
1.4048,-0.1729,3
2.7634,-0.66916,3
4.9387,2.0165,3
0.53057,2.6666,3
1.951,3.3676,3
-2.1328,-0.35813,2
-0.75125,3.3853,3
6.5619,0.20149,3
0.8818,4.1962,3
3.4522,3.6767,3
2.2337,0.44034,2
3.6416,1.3409,3
1.4845,4.1863,3
4.2912,8.4837,3
-3.1322,-0.12993,3
2.475,-0.34857,3
-1.0309,4.9556,3
3.8495,1.6632,3
3.7158,-0.9922,3
0.41331,0.87399,3
1.7371,4.8119,3
1.9174,-0.30434,3
-1.5171,-0.074414,3
-1.7025,-0.25402,3
0.47857,3.0689,3
0.33974,4.1412,3
-0.71267,2.7183,3
-9.8663,-2.2347,1
0.5243,1.3845,3
0.75031,-1.681,3
-0.35084,-0.69488,3
3.5425,5.1471,3
2.9395,0.51711,3
1.721,3.0423,3
-2.3326,0.1191,3
1.808,1.0627,3
-0.83665,-1.0877,2
0.3465,2.9634,3
0.55146,4.7665,3
1.9435,1.5596,3
4.0827,0.21382,3
-0.22465,0.24548,2
0.32178,-0.30919,3
1.994,0.16651,3
0.72164,-3.5554,2
1.3778,1.3998,3
-0.95955,-3.6627,3
-1.4128,1.9756,3
1.2335,1.5608,3
4.4388,4.9445,2
3.4688,-0.53009,3
3.159,-0.19421,3
2.0657,-3.1703,3
4.7013,3.1181,3
4.2958,1.5946,3
4.2593,4.1239,3
2.9254,-0.049744,3
1.5277,3.4104,3
2.7962,2.9714,3
-2.1311,1.9846,2
7.0936,-0.063962,3
-0.17039,2.0378,2
-0.16129,-0.60971,3
-0.76112,3.54,3
2.3608,-1.4305,3
3.8613,7.4028,3
4.3049,4.3369,3
1.9113,0.59856,3
-1.3804,2.4182,3
-1.6271,1.1362,3
2.5202,2.8473,3
0.89978,-1.3852,3
5.4673,1.5264,3
-0.22668,3.2637,3
7.1573,4.9081,3
3.2563,-2.0708,3
2.0028,5.7595,3
-0.1681,1.4417,3
4.7286,3.6154,3
5.0725,0.33144,3
-1.8681,3.7974,2
4.2574,0.86598,3
3.6115,2.0938,3
3.1812,2.7281,3
-0.73518,2.1287,2
4.609,-0.18514,3
-2.4961,-1.6648,2
0.42876,2.0152,3
2.2705,2.698,3
3.3428,1.1174,3
-4.4829,-1.1598,1
5.6705,2.6407,3
5.2448,0.10721,3
4.6178,4.0896,3
3.4067,5.5997,3
-1.9953,0.7187,3
5.0253,3.359,3
1.3752,0.013646,3
2.0104,-0.80201,3
-0.077615,0.6595,3
0.15138,2.5792,3
1.3313,2.4357,3
3.4092,5.6503,3
-2.1784,-0.60184,3
2.6388,-0.57529,2
0.61475,-1.6147,3
2.3551,-2.4395,3
1.9831,2.5057,3
2.6042,1.3984,3
2.0606,1.6913,3
1.5541,-0.26013,3
4.6548,2.9446,3
0.47309,4.9126,3
1.1002,5.7429,3
0.32864,3.7905,3
1.1993,2.4208,2
2.4223,-0.67837,2
2.5471,0.41311,3
1.5592,-3.7073,2
0.039251,3.927,3
-0.22229,-1.7989,3
2.1375,4.8912,2
2.5529,4.3226,3
-2.1728,2.887,2
4.1651,4.0974,3
1.4525,-0.019006,2
-1.2702,3.8924,3
1.1174,2.2668,3
0.086328,2.8571,3
5.3508,-0.056264,3
1.253,0.45894,3
2.0548,-0.89569,3
2.4879,5.9842,2
-2.4518,0.87728,1
2.6274,2.2062,3
3.2893,3.314,3
1.9402,-0.29326,3
5.5363,2.3356,3
1.9838,-1.7604,3
1.279,-0.209,3
2.6774,2.3895,3
2.5451,2.5417,3
1.5666,3.2554,3
3.4364,4.9271,3
2.0598,1.1246,3
1.6639,-0.030445,3
1.1228,-0.2955,3
3.6441,1.5543,3
3.0583,1.0218,3
-4.0715,0.06537,3
4.4128,5.7423,3
3.6759,-2.6275,3
3.3437,3.2646,3
1.9474,0.017018,3
-0.49282,3.1498,3
-0.8852,0.35102,3
4.7925,0.0087807,2
-0.27805,4.0159,2
-0.838,-0.12637,3
-2.5964,2.8551,2
3.556,1.4878,3
1.7826,-1.3723,3
-0.29953,1.3909,2
2.7267,3.5866,3
0.6969,1.171,3
-0.81491,4.6398,3
0.6822,1.2537,3
1.0122,3.5646,3
1.0354,5.452,3
6.7947,3.4762,3
6.122,3.9297,3
2.3697,1.1347,3
2.4421,5.5378,3
0.99257,-1.7376,3
-1.8104,-1.4817,2
4.8747,2.2907,3
2.5205,2.2956,3
1.1179,5.1943,3
1.658,3.8485,3
3.0182,3.2106,3
3.2653,2.3615,3
4.7721,3.0392,3
3.6537,-0.2445,3
4.2512,-0.57423,3
-2.5569,-3.2457,1
3.0524,1.577,3
1.8975,-2.4509,3
5.5204,6.714,3
0.62962,-3.2678,2
3.1835,0.97458,3
6.5674,3.4095,3
1.2135,2.515,3
0.39952,6.1434,3
-1.5919,1.171,2
1.0101,-4.3394,3
-1.7349,-0.073589,2
0.35504,0.69252,3
8.8399,2.2656,3
-1.4275,2.1922,3
-1.6017,0.27627,3
2.9294,0.74208,3
-0.39953,0.94147,3
0.61942,1.7501,3
-0.98314,2.9164,3
5.7147,6.3031,3
3.1136,-0.72247,3
-0.85412,3.4938,3
1.0382,2.8466,3
-0.32154,0.36253,3
2.5837,2.3384,3
1.5061,1.8012,3
-1.3124,3.6077,3
5.2295,2.7665,3
2.0641,5.3556,3
3.4147,2.6048,3
-0.93359,1.4332,2
0.039091,-0.54931,3
3.9784,2.7077,3
3.933,1.8991,3
-2.103,1.7185,3
2.7029,6.2584,3
0.56015,6.617,3
4.7243,4.5552,3
0.45697,-1.2656,1
5.2439,3.1398,3
3.3304,2.2683,3
3.9355,2.6759,3
-2.3296,-0.56105,3
-0.48707,2.2588,3
2.5137,0.42722,3
1.1682,-0.43425,3
-1.9044,-0.62735,1
2.3568,2.7821,2
1.8226,3.549,3
-0.40086,3.9042,3
3.3646,1.9516,3
4.8427,0.95203,3
4.1761,2.9731,3
1.0115,3.0817,3
0.030351,3.4061,3
3.7267,1.6524,3
0.24063,-0.66445,3
5.2488,1.4149,3
4.7807,3.7473,3
0.77558,-0.64082,3
5.5525,1.3316,3
5.1604,3.8155,3
3.9366,-0.053417,3
1.8532,4.9099,2
2.0255,1.831,3
1.2916,2.0961,3
2.6061,-4.0957,2
0.1797,1.1667,2
0.73977,4.5358,3
0.46834,3.7352,3
-0.65418,0.18623,3
-6.7683,-3.1449,1
1.8394,2.4869,3
-1.3231,0.80646,2
-1.2031,3.6307,3
4.2296,2.9685,3
2.2446,-1.0229,2
