-0.1413,0.3338,2
0.42175,-1.7294,2
1.1992,-2.5526,1
0.95972,0.64252,2
-3.3033,-0.9065,2
1.6943,0.87946,2
-4.018,-5.3992,2
2.014,-1.1086,2
-0.21536,-4.0146,2
1.2578,-0.415,2
-4.1009,-4.6334,1
-2.8959,1.0569,2
1.4446,-0.25282,2
2.0637,-2.4172,2
-3.9326,-4.6937,2
-0.97484,-0.43359,2
-2.1659,-2.0685,2
-1.1391,-3.9084,2
2.5268,1.1255,2
3.9373,2.6718,2
-1.5882,-0.17898,2
0.47146,1.8932,3
-0.0053484,-1.7459,3
-1.6136,-0.71691,2
0.049099,-0.58432,2
1.5995,-0.14128,2
2.8385,-0.58898,2
-0.81371,4.3429,2
-1.8516,-1.9328,2
-1.8537,-0.35327,2
2.2192,-0.71408,2
-1.0715,1.4323,2
-2.2834,0.51913,2
-4.3975,-3.379,1
0.5118,-2.5652,2
1.5688,1.7207,2
2.0796,1.797,2
1.0229,-1.126,2
-2.0134,2.2409,2
0.76858,-0.42777,2
-2.0441,-2.1974,2
-2.6638,-1.904,2
-1.5727,-2.482,2
-0.6089,-2.2956,2
-0.16435,-1.5047,1
-2.9451,1.8598,2
-0.60421,0.92104,2
0.10139,0.20008,3
-0.50878,0.82107,2
-5.8227,-1.4283,1
0.8091,2.955,2
-2.9195,-0.9637,2
-0.60919,-0.87732,2
-1.0154,-1.1448,2
-4.8668,-1.7119,2
2.4153,1.1499,2
-0.4828,3.9022,2
1.338,-2.6694,2
2.986,1.5677,2
4.594,-0.65916,2
4.4705,0.65974,2
1.6585,2.7486,2
-3.1628,0.25225,2
-1.9618,-0.20791,2
-3.263,-0.06783,2
0.91195,-0.40487,2
0.84647,-1.5325,2
-1.1693,0.11253,2
-5.5805,-4.6136,1
-0.12495,0.73587,2
2.1597,1.1822,2
0.094767,-2.374,2
-0.66969,-3.6367,2
1.1405,2.602,2
-1.3343,0.14305,2
4.3196,-0.78003,2
2.8098,-1.0003,2
1.4292,0.28171,2
1.9252,-1.9226,2
-1.2153,-0.74314,2
0.16085,-2.2584,2
1.7872,3.0145,2
-0.60639,0.08347,2
-3.3664,-1.8194,2
-0.8215,1.854,2
-1.2664,2.2498,2
-1.3467,4.5782,2
-0.21163,-2.3444,2
-1.2133,-0.68182,2
1.8906,0.20242,2
-3.0539,-2.4279,2
1.4539,4.0948,2
-1.4596,-4.5906,2
1.7275,0.63489,2
-0.95057,1.1666,2
-0.75751,-1.8816,2
0.26035,0.029337,2
-1.0919,-2.1179,1
0.20553,-2.6382,2
0.43536,-0.18547,2
-0.35341,1.8829,2
-3.7847,-0.12562,2
0.10433,3.5467,2
2.1296,4.0118,2
1.8308,0.83379,2
1.5124,1.3263,2
0.89125,1.1122,2
2.9238,-0.34617,2
-4.3154,1.2244,2
0.74161,-1.3843,3
-0.67693,0.30355,2
-3.8323,-2.0092,2
2.471,-2.7042,2
-0.47874,-1.1358,2
2.5836,-1.682,2
0.40032,-2.7877,2
-3.1346,1.0412,2
-0.4232,2.3889,2
-0.94965,-3.7286,2
-2.5453,-0.22885,2
-2.6187,-2.1497,2
-1.7746,2.9554,2
2.6159,1.7058,2
3.6949,1.613,2
-0.35445,0.45617,2
2.3822,-1.7719,2
-3.3619,0.29534,1
2.3666,3.9286,2
-5.7532,0.64479,2
0.69887,-0.92848,1
3.513,-0.48958,2
4.3299,-1.4966,2
-0.33375,3.3496,2
-0.033423,-0.69863,2
2.7956,-0.59634,2
3.2065,3.938,2
0.67434,2.3787,2
-2.1059,0.111,2
-2.9894,-1.6501,2
2.4515,3.3607,2
4.745,-2.7722,2
1.9892,-2.1372,2
1.3558,-0.29742,2
-0.26671,5.1803,3
-0.069397,-1.6532,2
1.7438,-3.2012,2
-1.8306,-5.4043,2
-0.67964,-1.316,2
3.142,4.6725,2
-0.30889,-1.4338,1
2.006,-0.19519,2
-2.623,0.185,1
-2.2578,1.4193,2
0.76746,0.43667,2
-4.2142,-3.5525,2
0.68189,0.64157,2
0.91634,-1.4367,2
-2.0204,1.9026,2
2.2219,3.1745,2
1.6087,2.0279,2
-2.278,-2.5752,2
2.1951,1.3095,2
-1.3867,0.59455,3
-1.3313,-4.409,2
-1.4635,4.044,2
-0.30842,-3.3193,2
0.86998,0.58197,2
-2.8718,1.242,2
1.9447,-1.5612,2
-0.2871,-0.10519,2
-1.4868,0.5757,2
-3.022,1.1698,2
0.17185,-3.8669,2
1.9107,-1.323,2
1.4935,2.1889,3
0.27593,1.922,2
2.3003,3.8203,2
0.87989,0.8338,2
-4.6216,-1.879,2
0.72336,0.81938,1
0.51766,-0.47593,2
0.96598,1.5166,2
0.25932,-3.5969,2
2.3514,1.0472,2
-0.0068402,0.59398,2
1.0989,0.23488,2
0.4312,-3.6553,2
0.33405,6.653,2
-4.4544,0.14477,2
-1.2828,2.5995,2
0.93012,0.32595,2
1.9507,-1.4868,2
2.691,4.1163,2
1.1603,2.7875,2
-0.015865,-2.1167,2
-1.8126,-1.7975,2
1.1566,1.4323,2
2.7504,-2.5437,2
0.20312,0.25573,2
0.81619,0.80078,2
-1.0533,1.5628,2
-1.1484,-4.055,2
-3.6623,-1.4085,2
-5.8501,0.99891,2
6.5602,3.6845,3
1.804,-1.3206,2
-1.0768,0.74773,3
-1.931,6.1319,2
-0.63427,0.94219,1
0.81489,-0.4727,2
3.5586,-0.26627,2
-2.3176,-3.9272,2
-1.4364,-2.1026,2
0.55575,-4.8156,2
-0.34646,2.6704,2
-2.2554,-0.39812,2
2.0627,1.2276,2
-2.4972,0.37332,2
-0.14912,2.3827,2
1.8268,2.834,3
-3.1453,-0.61608,2
-3.4766,2.0189,2
1.0829,-1.7804,2
-4.1729,-1.2456,2
2.1398,0.67893,2
1.2773,-0.78006,2
2.9403,-1.317,2
1.8695,-2.2311,2
1.6379,-2.4154,2
1.6124,1.6879,2
0.29834,-5.6532,2
2.2514,3.1725,2
1.5243,1.9741,3
0.95625,0.61593,2
-2.4196,2.691,2
-1.7178,2.0298,2
0.29663,0.64206,2
2.444,1.5822,2
3.995,1.2692,2
-3.7382,0.2771,2
-0.83829,-1.2965,2
0.020585,-1.5072,2
-1.7237,1.7003,2
2.4967,4.6202,3
2.509,0.67243,2
-0.81525,1.2884,2
0.76018,2.5086,2
3.6921,1.8268,2
-2.0126,-1.7503,2
-0.38361,2.0813,2
-1.4507,-0.19867,2
0.87544,-0.6692,2
-0.64721,0.23591,2
1.0818,-3.0717,2
-2.9369,-1.7205,2
-0.62968,1.656,2
5.7821,0.95674,2
4.4893,0.74286,2
-2.8666,-3.2396,2
-1.6421,3.2961,2
1.7196,3.091,2
-2.6973,-1.8111,2
0.72536,-1.0009,2
3.788,0.20057,2
-0.65642,2.1982,2
0.10097,2.8455,2
-0.43758,1.4871,2
-1.5591,1.5239,2
2.1085,4.6869,2
4.0746,1.5169,3
-4.3854,-0.95356,1
-2.4595,-2.7118,2
-2.4737,-2.2892,2
2.3238,0.55637,3
-0.68193,-0.42186,2
6.1903,3.1069,2
-0.54974,-1.6546,1
-2.0236,-0.74726,2
0.42632,-2.0864,2
2.0471,-1.5972,2
-0.46345,-3.5869,2
0.23177,2.0606,2
-2.6392,-1.1886,2
1.544,-0.72295,2
-1.0277,0.62849,2
-0.71659,-2.4056,1
-2.873,-0.78072,2
3.5798,-3.1898,2
-0.44681,0.13341,2
1.6788,-3.7324,2
0.71722,0.49616,2
-2.6672,-0.46328,1
-1.1945,1.1689,2
-0.45376,2.4763,2
1.9504,0.44662,2
-1.7012,1.9386,2
-1.4798,2.5321,2
-1.4641,-4.1754,2
-1.9118,0.19831,2
1.1729,-4.181,2
2.3984,3.2106,2
2.3704,-1.1241,2
-1.8356,-0.99742,2
3.0613,-0.7561,2
-0.79031,-3.6133,2
-1.2766,2.0388,2
1.9564,-0.4542,2
-2.2704,-1.3337,2
1.7675,-1.6329,2
-4.8058,-3.362,2
-1.1858,0.61696,2
0.6005,-0.97093,2
0.48329,-0.17831,2
1.7667,0.27765,2
0.62865,-0.88065,2
2.6295,-1.9252,2
1.9511,0.949,2
-2.0791,-0.19109,2
-0.29707,2.9251,2
-0.5412,2.1418,2
1.1805,-2.2735,2
1.2164,-0.12907,2
3.4435,2.1175,2
-1.2489,-0.82066,2
0.36217,-0.0064113,2
-0.088098,5.6221,2
0.66195,4.2262,2
-2.5252,0.2736,2
-2.3863,-1.9003,2
-2.9483,-4.0716,2
-1.1733,-7.4349,2
0.038609,-2.597,2
0.85368,4.7908,2
0.36842,-3.0628,2
-5.3044,-0.41652,2
5.7854,-1.4431,2
0.5761,-2.2188,2
-0.44504,-4.0355,2
-0.44012,1.822,2
-0.13787,-0.54735,2
-0.64829,-3.1785,2
1.4918,4.8649,3
1.0783,0.44862,2
-0.24786,1.002,2
-0.41704,0.030999,2
2.6295,1.7998,2
1.8936,-0.65988,2
1.5799,-0.64931,2
-2.2731,-1.4599,2
3.4628,1.5851,1
1.3905,-0.31533,2
1.651,0.22889,2
-2.4322,1.7085,2
-1.7273,-2.7511,2
-1.692,-1.689,2
-5.6491,1.2074,2
1.9511,1.7141,2
-3.0126,-0.43497,2
-1.5279,-0.4326,2
2.6671,2.5819,2
0.78453,-4.9551,2
2.0874,-2.6149,2
-1.0331,1.5825,2
3.0418,1.2849,2
5.2577,0.4711,2
0.34129,-2.74,1
1.5222,1.8678,2
-1.0179,0.3918,2
1.543,-0.73437,2
-2.6936,1.7963,2
0.0069011,-1.7062,2
-0.20359,-1.39,1
0.45232,1.9007,1
-2.0883,-2.3877,2
2.7303,2.6486,2
-2.8572,-2.0148,2
-3.415,0.10356,2
1.501,0.48357,2
-0.40178,-2.7063,2
1.9273,1.4795,3
-3.3727,-4.3592,2
-2.495,-2.4922,2
5.5486,-2.3313,2
-0.71159,-4.2733,2
0.37923,0.46265,2
-0.57752,-1.1182,2
0.14176,-0.89162,2
2.4129,-0.90039,2
-1.4349,1.3813,2
1.6264,-0.64685,2
-4.1025,-0.38022,2
-3.6197,-4.8958,2
0.48843,4.4479,2
2.0621,1.6921,2
6.7342,0.84091,2
1.7267,-2.1512,2
-1.3907,1.8594,2
0.95814,4.3218,2
0.6037,0.34427,1
-0.70372,0.60726,1
-3.3464,-1.4004,2
1.9445,2.2272,2
0.73197,-0.87639,2
-6.1359,-4.2353,1
-4.72,1.6678,2
-1.8957,-3.2016,2
0.23228,-0.30746,2
-2.3157,-1.8736,2
-3.9185,-0.97622,2
3.8131,1.1037,2
-2.0247,-2.5679,2
1.7534,2.2433,2
-2.1733,-0.97035,2
-1.8369,2.5007,3
1.2085,1.1966,2
-3.3303,1.4017,2
-3.0069,1.9706,2
1.0886,4.1461,3
3.9431,2.7703,2
0.29527,-1.7197,2
-3.2534,-0.51701,2
-3.5756,1.801,2
-2.501,-2.3019,2
0.8114,0.54633,2
2.7063,1.0836,2
-0.38788,0.95551,2
-0.26418,1.9411,2
1.5474,2.9311,2
-1.0371,-0.58113,1
-2.5541,0.24174,1
-1.9118,1.2519,2
0.94525,1.1136,2
2.4434,-1.1934,2
0.81419,1.8444,2
-0.68631,-2.8381,2
-0.24745,0.42609,2
-0.90087,-2.6187,2
2.4695,1.3724,2
-0.45881,-3.976,2
2.4507,-0.33515,2
-1.9104,0.72939,2
-1.1823,-3.127,2
2.1277,-1.9878,2
-1.682,-3.9626,2
0.24512,1.3777,2
2.5545,0.013518,2
-0.42318,-0.79595,2
-1.449,-3.6963,2
1.3625,0.97552,3
0.64482,-0.49661,2
-0.36108,1.3676,2
-1.6017,-3.0229,2
-3.8448,-0.32447,2
-1.7304,-3.682,2
-0.40265,-0.067156,2
-6.0914,-4.0955,2
-0.2903,-0.9152,2
2.4831,4.3891,2
-0.74184,0.65135,2
-2.614,-0.48992,2
-2.4598,0.56465,2
-0.84295,4.502,2
-2.4805,0.68893,2
-2.6673,1.2557,2
1.7015,1.4234,2
-1.133,-1.8649,2
3.2033,4.361,2
3.5608,-0.245,2
-3.6136,-1.1006,2
-0.73523,1.0229,2
-0.68004,0.99144,2
0.44518,0.84329,2
-3.5389,-3.0476,2
-0.88109,0.20586,2
2.4596,2.7038,2
1.2697,1.3262,2
-0.99363,-1.6137,2
-1.1406,3.2926,2
0.7898,0.014991,2
-0.68258,-1.4315,2
1.3756,-3.4774,2
-0.77765,-1.4353,2
1.2622,0.090694,2
-0.3311,0.2295,2
-0.77926,-1.4426,2
-0.68398,1.3562,3
-1.3094,-1.102,2
4.4795,1.6353,2
2.6794,3.2327,2
-2.426,-1.6129,2
-2.6425,2.0124,2
0.22247,-0.39261,2
-0.19197,0.75744,2
-1.1525,0.57008,2
-0.24036,0.031419,2
1.0735,0.93812,2
-0.89919,-4.0038,2
-0.82678,2.3974,2
2.9425,1.6071,3
-1.9284,1.54,2
-2.758,-3.6637,2
1.6425,-0.89143,2
2.3934,0.96847,2
-0.13337,-0.12103,2
-1.0306,0.33307,2
-0.48206,0.21368,2
0.20873,-1.1971,2
0.71853,2.0383,2
0.83888,0.41776,2
-0.44532,-0.691,2
-2.0989,-2.0325,2
0.58603,-0.60955,2
1.9881,-1.3359,2
1.0887,-2.2114,2
1.7319,0.63136,2
2.0284,-1.7233,2
-2.1697,2.1648,1
-3.1059,0.75956,2
-1.6679,2.2584,2
3.9044,-1.1372,2
1.4046,0.78227,2
-3.1729,-2.5441,2
-0.19463,-1.7647,2
-3.6847,-1.6023,2
1.6204,2.7464,2
0.6585,1.2319,2
2.2801,-3.5814,2
4.3677,0.087553,2
-2.6522,0.85168,2
1.8142,-0.71167,2
0.32474,1.0283,2
0.90773,1.7534,2
1.5296,-1.102,2
6.4102,1.0233,2
-0.38719,-0.7502,2
-1.2734,2.0551,2
-0.94665,0.10001,2
-1.4882,-0.21442,2
-0.021982,1.9408,2
-2.4428,2.2502,2
1.0893,0.62622,2
5.5101,1.303,2
-0.10363,0.23569,2
-0.63055,-4.0356,2
-0.89899,-1.4833,2
2.8519,1.8768,2
-1.472,3.8076,2
-2.2021,-1.5306,2
-1.5166,-2.2172,2
-2.0157,2.3447,2
-1.3844,-0.20286,2
1.7562,-1.8875,2
-1.1134,1.5015,2
1.5737,0.013333,2
1.1857,-0.98238,2
1.8617,1.8673,3
2.7207,-0.61541,2
0.58136,-1.179,3
1.8857,-1.653,2
2.2996,0.85889,2
-2.9747,0.00056357,2
-0.29143,-0.48566,2
4.2529,2.0611,2
4.3645,-1.5277,1
3.2263,-1.5327,2
-0.753,-2.4116,2
-0.042959,-0.23378,3
2.3596,-2.5043,2
1.0566,1.1139,2
1.4001,1.8546,1
0.014428,0.81187,2
1.0099,-2.0371,2
4.8444,0.58738,2
4.3158,3.0591,3
0.22048,1.1421,2
-0.51562,-0.86698,1
-4.3685,-0.87066,2
2.1709,0.77431,2
4.0497,-3.7066,2
-1.3522,-1.8528,2
1.1081,1.001,2
-0.73722,-2.5779,2
1.7466,-0.63066,2
-3.0942,2.2606,2
-0.31548,2.6936,2
-0.95488,1.0669,2
-3.18,-0.90336,2
1.7873,2.2991,2
-2.1096,-2.9233,2
-0.32634,3.4203,2
-1.6551,-1.3871,2
-1.943,0.72487,2
4.0143,0.22651,2
4.603,-1.4624,2
2.6533,-0.091632,2
-0.068559,-2.2799,2
0.40678,-0.25229,2
2.3686,5.4065,2
-3.4478,0.93249,2
-0.52556,-0.37015,2
-0.87071,-0.85841,2
-0.90942,-0.34288,1
0.21861,0.132,2
-3.076,-0.17727,2
0.021275,-0.23531,2
-1.7477,0.45354,2
4.1489,3.0732,2
-0.35037,0.57727,2
-2.7731,-0.48043,2
-0.49535,1.0499,2
4.2368,-3.4451,2
-1.4651,0.9077,2
0.68422,-1.0171,2
3.6961,-1.2173,2
-1.0785,1.956,2
0.82758,-0.30234,2
-2.1436,-0.66908,2
-0.87313,-4.83,2
-1.0421,0.36473,2
-0.8797,-1.168,2
0.65362,-2.4646,2
-2.0865,-0.14138,2
5.4114,4.6925,3
4.0517,0.98207,3
-1.6081,0.28829,2
-2.1826,-1.6484,2
-0.98457,-3.2619,2
2.5546,2.0303,2
0.2767,-1.9995,2
-0.91871,0.78064,1
1.5952,2.6344,3
-2.1921,1.3313,2
-1.7784,-2.8648,2
0.36489,0.066206,2
1.0256,2.8195,2
-2.2458,-2.0573,2
0.6249,5.8861,2
0.88417,5.6484,2
-1.4808,-2.0867,2
3.4332,1.2141,2
4.0868,-1.8381,2
0.055531,-4.5135,2
-0.4905,-3.9937,2
-1.9967,2.0022,2
-2.6853,1.5958,2
1.353,0.68196,2
2.2927,-1.7431,2
1.6853,-3.7881,2
-1.9303,-1.5452,2
-0.10535,1.6304,2
1.2016,-2.5177,2
0.85285,0.6337,2
-1.833,0.20814,2
-0.49245,0.81568,2
-3.5077,-1.9237,2
1.3682,-0.056306,2
-2.5312,-0.31052,2
1.0921,1.3673,2
3.0682,-3.129,2
2.0077,-0.89442,2
-0.30839,-4.3294,2
4.995,0.68614,2
-1.5053,-2.5979,2
0.12036,1.2511,2
-2.6888,0.76636,2
0.49032,0.5989,2
-0.42523,1.7276,2
4.6835,0.54557,2
0.61788,-0.76314,3
-1.1259,-0.82795,2
-0.78228,3.2248,2
-0.38975,-1.1701,2
2.2016,4.09,2
0.71934,-0.11949,3
-3.0394,-1.2967,2
0.42617,-1.6189,2
2.9749,2.1505,2
-0.70712,-0.47057,1
-0.54053,2.8681,3
-2.2359,-2.682,2
-1.1812,-1.4947,2
2.0286,1.7616,2
4.4775,1.1446,2
3.8681,1.0745,2
7.5506,-0.54543,2
-0.66332,-2.0477,1
0.60534,-0.91469,2
-0.60157,2.4044,2
-2.6473,1.9695,2
-1.8201,-1.3606,2
0.026757,0.7782,2
0.27296,1.2866,2
-0.74717,-4.536,2
-0.32186,-6.3128,2
0.74231,2.0495,2
0.59434,0.62091,2
0.54826,-2.346,1
-2.623,-3.7716,2
1.5575,-3.8728,2
0.19983,2.9512,2
-1.8375,0.57426,2
1.6036,1.0965,2
2.0519,-2.6795,2
1.5483,0.11512,2
0.40365,-2.0509,2
-0.22003,-0.3159,2
-1.5472,-3.1461,1
-0.33822,-0.60883,2
-2.3054,2.9502,2
2.6103,-1.1121,2
1.1403,1.3159,2
-1.1435,0.17423,1
-1.3248,1.4938,2
0.25306,-1.9435,2
1.7763,-1.5286,2
-0.10913,-2.628,2
-0.45112,-0.36931,2
2.2028,3.2306,2
1.6893,-1.7496,2
0.27455,-0.44495,2
-2.9705,-2.415,2
0.53636,0.81278,2
-3.1693,2.6785,2
3.6962,4.0635,2
-1.5565,-3.9338,2
-2.7542,1.4167,2
-0.00016036,3.4395,2
2.0979,1.5062,2
0.81162,-4.0361,2
-0.76602,1.8108,2
-0.16361,4.7179,2
-1.7651,0.65752,2
0.24039,-1.0296,2
-0.010738,1.7859,2
1.2563,3.7161,3
-0.34833,-1.8751,1
-5.809,-4.9607,2
-0.63745,4.0542,2
0.37818,-1.1842,2
2.1487,-2.2192,2
6.0645,2.8604,2
0.89207,-1.1781,2
-1.8894,-0.67549,2
-1.3604,-1.7587,2
-1.1595,-0.032848,2
1.8846,-0.29351,2
-1.8518,0.14926,2
1.2462,0.84456,2
0.062326,1.1781,2
-0.52877,-0.67596,2
-1.9775,3.9256,2
3.2605,1.0536,2
6.7167,1.8267,2
-0.00343,0.52326,2
3.0137,-0.079751,2
-3.364,3.0574,2
2.0292,-1.0928,2
-3.257,-2.5131,2
-0.47072,-2.2011,2
2.2353,-0.22039,2
-0.75739,1.4187,2
0.20303,2.9378,2
0.50746,-2.1754,2
0.1854,-2.5207,2
-0.29447,1.5506,2
1.0287,-2.2051,2
1.0165,-5.3854,2
3.3036,2.4581,2
-2.589,1.2101,3
3.1808,-0.89291,2
3.2499,2.0183,2
-3.5803,0.33579,2
-3.8758,-4.267,2
0.41202,-0.14389,2
-0.91797,-2.1703,2
-4.527,-0.63743,2
-0.4029,-1.8078,2
-0.13986,-0.31034,2
0.2732,0.92629,2
0.18837,-0.25303,2
1.8737,0.59432,2
1.1267,0.88127,2
-4.6051,1.5536,2
1.1303,-2.6328,2
0.34749,1.7189,2
2.6596,-2.0758,2
-4.4328,1.4565,2
-0.76042,-3.3682,2
-0.64897,-0.17188,2
-1.9725,2.108,2
-0.38636,-3.0304,2
0.025865,-0.45185,2
3.8075,2.5221,2
-0.37775,1.8554,2
-1.1203,-1.1039,2
-3.7437,-0.087954,2
3.8565,1.4124,2
1.736,4.0598,3
-0.87538,-4.5987,2
-3.0517,-1.3911,1
-1.3575,-2.2529,2
-0.42621,-1.351,2
2.764,-1.8225,2
1.7168,-1.5021,2
2.3196,2.4306,2
-3.28,1.9721,2
0.1883,2.8539,2
1.055,-3.1148,2
1.8316,-1.6038,2
-1.6855,0.19103,2
0.92827,4.5248,2
-4.3073,-0.43099,2
-1.5029,-3.6198,2
-0.89682,1.4794,2
-1.996,-2.3917,1
4.3178,-1.2567,2
-1.9113,-2.7213,1
-2.2899,-1.482,2
0.51816,-1.3521,2
1.5703,-1.5594,2
4.679,3.5615,2
-0.99002,1.5228,2
-1.4344,4.2828,2
2.2678,-1.8306,2
0.74166,0.68136,2
-0.059722,-1.9746,2
1.7083,-3.161,2
1.2917,-0.91907,2
1.0948,1.3429,2
3.2578,0.72076,2
1.2577,-0.71527,2
4.6701,0.53943,2
-0.59779,3.0202,2
0.32586,2.7305,2
0.32851,-1.8418,2
1.6012,2.1127,1
-0.18564,-0.45285,2
-0.31176,1.2272,2
1.4617,-2.4342,2
0.88801,-1.2432,2
-1.1319,2.4962,2
-1.6553,-2.9005,2
-0.55119,-4.5465,1
-1.3919,3.6517,2
0.076376,0.31536,2
-2.4493,-1.3507,2
-2.1015,-1.8569,2
2.398,1.1786,3
-4.1494,-2.3805,1
2.4077,4.1865,2
5.5089,5.2929,1
1.3838,-0.42534,2
-1.7034,-0.54593,2
-1.4063,-0.84548,2
-4.1047,-1.2977,2
1.3778,-0.094737,2
1.1655,2.7394,2
-0.96196,-2.1217,2
0.25592,-0.0061911,2
0.011326,0.79557,2
-4.0395,-0.73294,2
-2.4119,-1.6564,2
-0.35713,1.7304,2
-4.4117,-0.66363,1
1.7341,1.5829,2
-1.2949,-0.20081,2
-1.3953,-1.0623,2
-2.4669,1.219,2
1.4563,-3.0381,2
-0.057848,0.062632,3
-2.6454,2.8986,2
1.5331,3.9315,2
0.62047,-0.72536,2
1.525,2.6792,2
6.0915,0.55748,2
1.448,3.0847,2
3.3428,3.7372,2
-1.0791,0.21829,2
0.43842,2.9841,2
2.7408,-0.62938,2
-4.2693,-0.27504,2
-1.8255,0.74763,2
-1.6539,-4.6058,1
-0.53944,1.4484,2
3.0464,1.8617,2
-0.052675,-1.3487,1
-1.4748,-3.0247,2
2.2611,4.2851,1
0.084482,3.4033,2
0.17666,1.4186,3
0.021672,-0.33275,2
-4.2889,0.75146,2
-1.7782,0.74775,3
2.8141,2.3894,2
-0.70771,0.81667,2
-2.0876,3.2719,2
-1.3771,2.0573,2
1.8924,0.8236,2
-1.7811,-3.4646,2
-1.2737,2.3657,2
0.0036694,-5.1214,2
1.4429,-4.5439,2
2.9192,2.2372,2
1.7852,-2.0469,2
-0.28321,1.0424,2
2.027,4.6057,2
2.153,2.0564,3
-0.6959,1.0286,2
4.8088,3.1146,2
-1.0607,-1.8502,2
4.5772,0.21924,3
2.2873,1.546,2
1.2526,-2.6933,2
-2.8925,1.7569,2
0.31528,2.6275,2
2.7915,0.39531,2
2.9862,-1.4054,2
2.4985,-0.54383,2
-1.2302,-1.9241,2
-1.2471,-3.3481,2
-1.2135,0.46825,2
0.71357,-1.0773,2
1.6145,0.19114,2
-1.0011,3.4511,2
-4.2457,-4.7893,2
-2.4389,-0.025611,2
-1.8687,-0.71556,1
-2.1088,4.5525,2
1.0331,0.39569,2
-0.28231,-0.15332,2
-1.2521,0.55355,2
1.6103,1.9791,2
1.6105,2.1354,2
0.38928,-0.67088,2
-0.88432,-1.3464,2
-0.78507,1.855,2
-1.6907,1.964,2
-2.0272,0.4985,2
0.6616,0.70414,2
-0.2861,-1.4953,2
1.0182,2.1629,2
0.62579,-2.4266,2
-1.345,0.9101,2
-0.19773,2.2685,2
3.3671,5.2638,3
1.2999,1.4897,2
-2.4495,-3.265,1
-0.035862,-1.5579,2
3.1026,-1.1226,2
2.1609,2.365,2
-0.29858,-0.83334,2
1.6263,2.6194,3
-2.8333,0.66147,2
1.202,2.6985,2
-4.7659,-3.9246,2
0.066085,-0.38697,2
-2.9623,2.7958,2
0.16144,3.5873,2
-0.99845,-1.0907,2
-2.1118,1.1199,2
0.43449,2.0477,2
-0.54768,-1.2976,3
1.8718,-1.2288,2
1.1041,-0.69734,2
-4.3949,-0.90708,2
-2.4538,-4.9341,1
1.6602,-1.019,2
-1.6899,1.5368,2
-0.65355,2.5898,2
-0.83155,-1.21,2
1.3732,-2.824,2
1.9853,1.9117,2
-0.030066,-0.10714,2
4.1455,0.48516,2
-5.3886,-2.6405,2
0.53873,2.0849,2
-1.388,3.1715,2
1.7336,-1.4354,2
-3.0188,1.3813,2
1.4946,-1.8123,2
1.9375,-0.64861,3
0.056626,1.2009,2
5.1431,-1.5605,2
1.2236,5.7831,2
-2.6251,-3.1963,2
-1.6443,-0.48549,2
1.0121,2.1723,2
-0.49078,-0.18739,1
-2.9268,-2.4729,1
-1.6812,0.96566,1
1.48,0.18609,2
0.065105,-2.3775,2
1.9004,-0.3857,2
-0.38893,-1.3603,2
-2.561,1.3554,2
-0.17032,-0.42158,2
-0.5317,-1.9669,3
-1.4782,0.78673,2
1.7573,2.4339,2
-0.62188,-0.97658,2
-2.6128,-1.9028,1
4.1009,2.0308,2
-2.7599,4.4965,2
1.5445,-0.8839,2
0.78776,2.7433,2
1.1618,0.6069,2
-0.95349,0.1372,2
1.6439,-0.44924,2
0.53184,-1.431,2
0.59324,-3.5684,3
-2.9601,-1.5713,2
-0.34568,1.8448,2
1.7639,-1.6417,2
-0.46113,-0.25635,2
-0.33965,-0.60725,2
-3.0948,-0.48317,2
2.0179,1.3329,2
-0.5034,1.0065,2
1.8398,-2.5993,2
-0.75059,1.9823,2
0.049091,-0.60057,2
-0.49268,0.72923,2
3.5011,1.4936,2
-1.9786,-1.9316,1
-0.69671,-3.8404,2
-0.21671,6.14,2
-2.6554,5.4968,2
-2.3022,-0.13155,2
-0.50482,3.2104,2
1.5022,-1.5904,2
1.9128,2.1621,2
3.0681,-1.1252,2
-0.43421,1.0482,2
1.9567,1.6935,2
0.41265,5.2069,2
-1.1524,-4.1987,2
1.0715,-1.2388,2
0.31998,-0.76348,2
-1.6072,2.5757,2
-2.196,-2.264,2
3.2598,1.0841,3
3.4364,3.7274,2
-0.005204,-2.9346,2
-1.1122,-2.4106,2
-2.2106,-0.41276,2
2.711,0.57287,2
-0.21027,-0.6604,2
-2.3076,1.3738,2
-1.7334,1.3658,2
1.0659,-0.063454,2
-3.6015,-0.96748,1
2.0698,1.4473,2
-3.2595,1.5312,2
4.7396,-1.9259,2
1.8985,-0.25527,2
-1.5403,3.9982,2
-2.097,-2.586,2
0.89694,2.5821,2
2.9741,-1.3286,2
4.1855,-2.1104,2
5.9961,1.6726,2
2.1177,0.1639,2
-0.6622,3.4624,2
0.46265,-0.18637,2
1.6416,5.8555,2
3.0028,-0.0095185,2
1.5348,6.3072,2
-1.4543,4.588,2
-2.9614,-5.2388,2
1.0657,-5.5801,2
-1.3743,0.43871,2
-4.7465,3.0948,2
0.24993,1.0122,2
-2.605,-0.33772,2
1.0778,2.1087,2
-3.7453,-1.117,3
1.2194,3.4782,2
-2.2177,-3.0466,2
1.0939,1.7848,2
4.2372,3.327,2
1.6744,2.0976,2
-1.6946,-1.1006,2
0.76486,-0.37271,2
1.5708,1.3494,2
-0.92046,0.1893,2
1.5776,0.6326,2
-0.68401,0.3432,2
5.9116,-2.451,2
3.6099,4.9404,2
-0.85505,0.82555,1
1.6403,1.662,2
-3.3796,-1.1225,2
0.67056,-1.2299,2
0.80017,-1.8183,2
-1.2362,-0.26698,3
1.6416,3.4258,2
-2.0947,-1.1469,2
3.2168,-0.66793,1
0.0040028,0.97205,2
-2.4645,2.7585,2
0.26328,-3.7505,2
0.27513,2.6856,2
-2.9217,-4.6244,2
3.5373,1.0523,2
-4.0623,-0.13524,2
-1.1908,0.82616,3
1.7816,3.3783,2
-2.8936,2.7434,2
-3.1686,-2.8938,2
-0.28768,-2.1056,2
1.6735,-1.049,2
-0.20989,0.79517,2
-3.9399,1.2415,2
1.8656,-1.8657,2
1.5908,1.1616,2
-1.1808,2.446,2
-0.56631,0.51154,2
4.6646,3.5674,2
-0.78683,4.0392,2
-0.81907,-2.583,2
2.0814,2.1181,2
-1.4291,0.58708,2
-1.2858,-0.043197,1
0.36417,-1.3627,2
2.8232,-2.4585,2
-2.5987,0.060793,2
-0.95928,1.7851,2
4.1559,4.3308,3
0.36746,1.0061,2
0.99376,-1.1759,2
-0.56831,-1.6017,2
-1.4852,2.2336,2
-1.6698,-0.4148,2
-0.65597,-0.032082,2
1.9727,-2.7607,1
1.2539,1.2189,2
5.2604,1.1476,2
-2.7357,3.145,2
1.7974,2.2862,2
2.5706,1.4375,2
-3.7994,0.78031,1
-2.3276,-0.66961,2
4.088,0.34792,2
-2.5829,-2.9436,2
-2.803,0.50693,2
-1.6731,-2.386,2
2.634,1.0793,2
-0.90022,3.9048,2
-3.0176,0.5686,2
4.1039,-1.005,2
0.62348,0.45154,2
0.28516,1.1946,2
-1.4759,0.3269,2
3.9419,2.7614,2
3.5051,-1.5902,2
1.9983,-4.6242,2
-0.31418,1.4303,2
-3.2065,-1.7076,1
2.7668,-2.8621,2
-4.9936,1.9738,2
-1.3717,-1.0013,2
-0.17833,-1.0962,2
0.79298,1.1345,3
0.56058,-1.0709,2
1.6905,0.41456,2
0.089353,-2.1382,2
-2.6679,2.3612,2
-0.64237,-3.7405,2
-7.376,-0.78821,2
-2.653,2.4381,2
-2.7006,-5.4581,2
1.2974,0.18468,2
1.2185,1.2578,2
-1.4864,0.67263,2
3.189,2.9807,2
3.47,0.23514,2
-0.31919,-1.1153,2
1.7858,-1.8713,2
-1.5011,0.64794,2
-0.15358,2.4912,2
1.2731,1.3662,2
-1.1794,-2.6369,2
2.3322,-4.4405,2
0.83969,-1.0105,2
-0.40318,2.6937,2
0.45939,0.55607,2
0.69498,3.1485,2
1.484,-1.5062,2
-1.6817,0.22262,2
-0.099219,0.60705,1
-3.2154,-3.6577,2
-2.8478,-2.1401,2
-0.76775,-4.7171,2
0.02383,1.9945,2
-1.4927,2.0579,2
-4.0961,0.54626,2
-1.1513,-0.6373,2
2.2976,-1.4517,2
-1.1978,0.73988,2
0.15087,0.1434,2
-2.0095,-0.70155,2
0.28375,0.13706,2
-1.3915,2.4614,2
-1.9503,2.1873,2
-0.3333,-0.99724,2
2.4549,3.545,2
-2.6766,0.27349,2
2.6783,0.31102,2
-2.393,-1.4182,2
-0.60199,0.083044,2
1.1902,0.35492,2
-0.57114,0.30309,2
1.2055,-1.1852,2
-0.8171,0.50592,2
-0.44413,-1.4757,1
3.8159,0.85454,2
0.76779,2.4345,2
2.7479,-0.20485,2
0.61543,-0.22054,2
-0.44909,-0.3252,2
-4.4526,-1.5772,2
0.42409,-1.1131,2
1.3049,0.79246,2
1.9296,-4.5336,2
1.0729,0.99011,2
4.6399,5.93,2
2.254,-3.5604,2
3.0451,-5.2726,2
-3.4788,-0.75525,2
-3.4391,-3.8565,2
-0.23866,1.347,2
1.7806,-0.57327,2
1.0073,4.7148,2
5.1364,3.772,2
-1.2694,2.2853,2
1.8522,0.71536,2
-3.7071,-5.2429,1
-0.67835,-0.049589,2
-0.2186,-1.7216,2
-0.038028,2.6114,2
-0.16425,3.3217,2
-1.189,-2.4983,2
0.35373,-4.4557,2
-0.15837,0.35318,2
-1.9448,3.2359,2
-0.1988,-0.79071,3
4.8676,0.29667,2
0.56263,-5.5273,2
-0.81465,1.6708,2
2.2826,1.6261,2
-0.25003,-3.0723,2
1.0606,1.4604,2
-0.38648,0.58845,2
-3.4681,1.6948,2
-1.2383,-3.2477,1
1.7898,2.9461,2
-1.4952,-2.8502,1
-0.12291,1.5507,2
-4.2862,2.0726,2
2.4866,5.2701,2
-0.43136,-2.8159,2
1.3204,-1.7897,2
-2.0187,-2.4829,2
0.52185,-0.018264,2
2.8738,-0.38228,3
-2.6659,-2.3875,2
-2.6148,0.80891,2
0.65225,4.9291,2
4.6421,1.3882,2
-2.6532,2.4602,2
0.58522,-2.8987,2
1.2989,1.3836,2
-1.0329,-0.62391,2
-5.5797,-0.40625,2
-3.2362,-2.7472,2
1.7082,0.9789,2
2.3166,0.55866,2
2.7218,-1.3476,2
0.083028,-1.1871,2
3.2269,5.1012,2
-2.6361,-0.94634,2
-1.8431,-4.2344,3
-3.9131,-4.2752,1
4.4351,4.1116,3
1.1977,0.96132,2
4.2343,2.7389,2
-4.5142,0.21991,2
1.6077,0.40225,2
2.8106,-2.8159,2
1.1345,-3.2941,2
-1.6467,1.2668,2
-2.607,-3.5323,2
2.7928,-0.13615,2
3.4818,1.905,2
-0.92873,-2.4275,2
1.3127,-0.30609,2
-5.1586,-2.2846,2
0.65058,-0.93214,2
-4.1697,3.2601,2
-0.84462,-2.6542,2
6.3447,3.4697,2
0.44123,-1.4887,1
-4.8316,-2.6648,2
-4.7011,-1.9137,1
-1.5635,0.21823,2
-0.40823,2.1765,2
2.5424,4.4171,3
1.7764,1.5585,2
2.8337,0.30561,2
-2.9546,-1.697,2
-0.34789,0.44066,2
-1.8536,-0.20859,2
-1.1547,-0.25346,2
2.6135,4.9334,2
-1.8945,1.3821,2
1.1114,3.1979,2
-4.0785,0.66685,2
-0.27828,0.27331,2
0.063195,-1.2891,2
1.1994,2.9745,2
0.21898,-1.3953,2
-1.6224,2.1974,2
-2.0565,-1.8219,1
-1.0525,1.0224,2
0.26703,1.9054,3
-1.5192,0.13539,2
-2.7675,0.45719,2
2.5755,-3.5525,2
-3.6267,1.1748,2
1.9296,0.91045,2
-0.87514,3.1978,2
-0.89919,2.5909,2
3.0286,1.5387,2
0.55019,-1.4151,2
-1.4875,-2.3437,2
-1.1303,2.8409,2
0.11405,-3.8436,2
3.752,6.5285,3
-5.9846,-1.2607,2
-1.2904,-2.8286,2
-0.61368,-2.4909,2
-2.8212,0.78461,2
1.3174,3.399,2
-1.3995,-2.2175,2
3.32,-0.52327,1
0.23099,3.4968,2
-0.79197,-0.80599,2
-1.1352,2.3839,2
0.43639,0.99964,2
2.3194,3.5289,2
-3.4339,-0.40244,2
-4.0001,-1.5605,2
1.8337,3.7495,2
-1.6154,-3.4387,2
0.030918,1.887,2
-1.5757,0.75557,2
1.1231,-1.4266,2
2.0005,1.3451,3
-1.5859,1.2501,2
1.7733,1.2101,2
0.1705,0.27125,2
-1.7618,4.3746,2
-2.9418,-2.237,2
3.4056,1.2049,2
2.9765,3.5986,2
-1.6474,-1.4108,2
-0.46586,1.2077,2
-2.6964,3.2287,2
2.0232,0.78131,2
1.7876,0.23618,3
-0.83331,1.6139,2
-2.3079,-4.4815,2
-0.86144,0.090716,2
1.2575,-1.3917,2
2.9025,-0.3068,2
4.8744,1.0945,2
-2.6533,0.26517,3
-1.6722,3.118,2
-2.9431,0.1068,1
2.7588,4.1035,2
2.8862,0.51486,2
0.45036,1.8266,2
-1.529,0.27004,3
-0.93855,-1.6637,2
-0.98587,-0.26183,2
0.63553,1.9358,2
0.62257,2.4635,2
0.3354,-3.4218,1
-0.56434,-0.41741,2
-0.60442,3.8494,2
-1.8597,2.7026,2
3.9237,-2.9795,2
3.9051,1.2986,2
5.163,0.95275,2
-1.2488,-2.5997,2
2.7427,-0.86333,2
0.42538,-1.3906,2
1.4929,4.8861,2
-1.0735,0.22167,2
2.4182,2.8608,2
-0.023758,1.2455,2
-1.5267,-3.2417,2
-2.5479,-0.11109,2
1.4722,-5.1677,2
-2.1598,-1.5114,2
-3.0631,0.36376,2
-0.84601,-0.96461,2
-1.2022,-4.058,2
-0.50048,-1.5971,2
0.25526,-1.4556,2
-1.5004,1.9098,2
-2.1897,0.43239,2
0.4134,0.65453,2
0.78314,0.068557,2
2.4955,0.53915,2
0.76452,1.3349,2
0.86048,0.30345,2
-1.4815,1.4244,2
-0.18931,3.6453,2
3.0615,0.77788,2
1.9301,0.29003,2
-0.072392,1.3717,2
0.0021185,1.2453,2
-1.9107,-2.976,2
-1.3012,3.3734,2
0.3478,-2.3059,3
-0.76856,-1.1786,2
-2.2597,0.017241,3
-2.0613,-1.9984,2
2.2303,0.35642,2
-1.0294,-2.9739,2
1.0322,-1.3677,2
-1.7618,2.0732,2
-0.82131,-3.0558,2
-2.3882,-0.95552,2
-0.85817,3.3791,3
1.0177,-0.84001,2
2.448,-3.3111,2
-0.9264,-5.122,2
0.96658,-3.0861,2
-3.3945,1.9378,2
1.1873,2.3306,2
-2.7167,-4.2293,2
0.57417,1.3538,2
0.93713,-3.0199,2
3.9149,-1.375,2
1.9059,-1.4855,2
-0.36046,1.2452,2
3.0091,-0.36101,2
-0.7985,-2.2717,1
1.0869,0.15588,2
1.5569,0.92481,2
1.3111,1.7995,2
-5.6389,-4.9567,2
1.2652,-0.45838,2
-2.103,0.8858,2
-1.1539,-3.6091,2
-3.2516,-1.1008,2
-1.9117,-3.3314,2
2.5042,0.40943,2
2.5227,0.66801,2
2.1476,0.23878,2
-1.3504,-1.5997,2
-1.4022,-0.47292,2
-0.73064,2.6882,2
-0.40547,-0.29144,2
0.10753,-1.7078,2
-1.4455,-1.176,2
-0.084629,5.842,2
-1.0789,0.79096,2
2.0754,2.168,3
-0.016242,0.86039,2
2.527,2.8532,2
-1.9421,2.7395,2
0.99257,1.5714,2
-0.75474,-0.087641,2
-0.7456,-0.17956,2
-1.6524,-1.8614,2
1.69,-1.6831,2
2.9555,3.5966,2
-0.63753,2.1176,2
-1.6738,-0.47743,2
2.0957,1.4376,2
-1.436,-2.2058,1
-1.495,-0.19257,2
2.7763,-1.0347,1
2.1355,1.0935,2
2.7171,0.65777,2
0.10378,-1.3563,2
1.3649,-2.813,2
-0.62134,-0.31743,2
2.5524,6.4745,2
-0.021062,1.0907,2
-2.2724,-5.4947,2
-0.53344,0.7521,2
2.0026,-0.26642,2
2.7434,-2.2595,2
1.6826,2.2051,2
2.7213,2.3068,2
0.99647,0.43679,2
-1.0835,0.25471,2
-1.5512,-2.6427,2
4.0007,0.67902,2
-1.4376,0.10212,2
1.5813,-0.71747,2
-0.022115,-2.4999,1
-0.073182,-2.4468,2
-0.58317,-1.4712,2
-5.7958,-3.6513,2
-1.0148,3.8441,1
3.638,1.5913,2
-0.23435,2.1652,1
-0.21444,-0.28127,2
4.7203,2.8845,2
0.45052,-1.9782,2
4.9608,-1.1134,2
-0.94513,1.6583,2
0.091246,0.28393,2
1.3827,-0.13406,2
-1.1407,3.1934,2
-0.38533,-1.1257,2
1.1204,0.40726,2
0.31881,-0.78746,2
-1.9553,-3.2506,2
-3.0196,-0.32365,2
-2.4628,-1.0308,2
-1.0478,-1.158,2
1.599,-1.375,2
-0.43912,-1.3518,2
-4.9418,-0.064999,2
1.5533,1.6154,2
-0.97367,-0.17392,2
-0.63783,-2.1524,2
-1.8937,-4.616,2
-3.7736,1.1123,2
-1.0024,1.3591,2
-1.2414,1.462,2
-2.7517,4.0684,2
1.0658,-0.8795,2
1.0431,-0.075206,2
-0.41297,-0.45604,2
-1.8693,-6.6056,2
3.8765,-0.58664,2
-3.9417,2.2726,2
-0.99847,-0.34503,2
-0.95046,-1.2866,2
-2.9145,-1.8079,2
-1.3355,1.128,2
1.7333,-0.3478,2
3.5321,2.3425,2
-2.0945,1.3897,2
-2.1083,-2.5554,2
0.36115,-0.071577,2
1.7957,2.1838,2
-1.073,-0.69182,2
0.45062,1.4768,2
-2.0019,0.89163,2
-1.1011,-2.6432,1
-3.2146,-3.6461,2
-1.1214,2.4618,2
-4.3773,0.297,3
0.72481,1.1991,2
-1.6286,-0.51315,2
1.5017,3.1328,2
-0.71449,-1.0365,3
-4.2217,1.2134,2
-2.0124,-1.3229,2
3.5694,2.485,2
-0.87501,-5.0222,2
-1.7382,-4.2347,2
0.26051,0.50821,2
0.26705,1.4329,2
-0.77154,3.1552,2
2.7482,0.047015,3
2.7529,-0.052318,2
-1.6705,4.1439,2
0.92997,-0.43897,2
0.51939,-2.1549,2
-0.014737,-0.87736,2
-2.1665,-0.02742,2
-2.7864,-0.94891,2
2.4185,-0.54694,2
1.6916,0.72925,2
-4.4151,-2.1223,2
4.1233,1.2742,2
-0.82778,2.7348,2
0.86675,0.85729,2
1.6228,0.40326,2
-0.44506,-2.4211,2
0.071363,1.8053,2
0.79316,-0.4313,2
1.7441,2.9717,2
0.78921,0.20315,2
-1.2115,-1.0935,1
-1.0057,2.5474,1
3.1907,-0.22365,2
0.75955,0.47452,2
-1.6978,2.0327,2
-1.6295,0.82798,2
-0.70761,1.6369,2
2.9582,-2.2621,2
2.641,-1.6662,2
-0.86047,1.6377,2
-2.3523,-0.40369,1
0.99466,-2.5202,2
2.4245,-2.0133,2
3.1618,-0.23123,2
-2.5023,4.2483,2
-1.2847,-0.70158,2
0.63282,-1.4419,2
-2.4284,-3.2863,2
-0.041429,-3.0901,2
4.0773,0.58793,2
-3.0152,-0.82085,2
-3.9271,-7.519,2
-0.77893,0.21176,2
-1.9609,0.18,2
0.71954,-2.911,2
1.2933,0.095022,2
-0.29162,-3.0547,1
2.4626,-1.0378,2
1.0869,1.8763,3
4.3528,3.4788,2
0.29145,3.1339,2
-2.3858,-0.72634,2
0.99628,-1.2209,2
2.7953,2.5957,2
2.6394,1.2961,2
0.73584,0.43825,2
2.2095,-0.52169,2
-4.6601,-2.8282,2
-1.4982,1.769,2
-1.3295,-0.7805,2
0.27852,0.65088,1
-4.4924,-0.32038,2
1.6004,-3.3825,2
1.4812,0.89559,2
3.1081,1.8379,2
0.23939,-3.4353,2
1.4446,-2.127,2
3.5474,-0.050975,2
1.7745,0.24441,2
0.42658,1.932,2
-0.072625,1.6966,2
-2.3739,-2.2574,2
2.7624,3.2597,2
-3.3291,-3.2252,2
-4.0701,-2.1253,2
-0.40396,2.4177,2
-0.67101,-3.778,1
-0.091365,-1.4717,2
3.9835,3.4494,2
-0.0881,3.3447,2
-0.77537,-0.034461,2
3.0444,-1.2585,2
-2.2737,-0.74661,2
-1.4569,0.1028,2
-1.1542,2.1253,2
-3.7597,-3.8897,2
-2.3475,1.3253,2
-2.6587,-2.2234,2
-0.066013,1.1126,2
-0.15444,0.55384,2
2.4243,-1.4256,2
1.7059,1.5021,2
-1.2534,2.0571,2
-0.92545,-0.94341,2
-5.96,-2.2577,2
-1.0425,-0.22325,2
1.3198,-1.7073,2
-1.9801,-0.12722,2
-2.2044,-4.4851,2
-1.9514,-0.23164,2
-2.1316,-2.5259,2
2.5625,0.43882,2
-2.8305,-2.2851,2
-2.0499,-6.6275,2
1.6673,-1.9624,2
0.94008,1.0069,3
-1.0524,3.6645,2
0.48244,0.92345,2
-1.3503,-0.61004,2
-3.2918,-3.9366,2
1.3857,1.9442,2
-0.63093,0.56322,2
-0.78478,1.6577,2
-1.4877,-2.5088,1
0.51828,-2.5886,2
1.3889,-0.57349,2
-1.3084,0.41489,2
-0.53604,-0.38359,2
-0.74642,0.076679,2
-0.44095,2.7149,2
1.7136,-0.32691,2
-0.61269,-0.20511,2
-2.0919,-5.9281,2
-0.7103,-2.2947,2
-2.2515,-2.0561,1
0.8337,2.5132,2
-0.4039,-4.5566,2
0.84785,-2.7687,2
-1.7124,0.69605,2
-3.7561,-1.1892,2
0.70322,-1.5517,2
-0.64649,-2.4129,2
2.0771,-0.36175,2
-3.0113,-4.5846,2
1.1374,-1.1068,2
-1.7918,1.6626,2
0.15376,0.48095,2
-2.0303,0.25456,2
1.9737,-1.5297,2
-3.0195,-1.3883,2
-2.9858,0.088545,2
1.3144,-2.5492,2
0.24266,1.1625,3
0.39092,4.1152,2
-0.78226,-0.50655,1
-1.1839,1.3603,2
1.504,-1.453,2
0.46953,-0.66133,2
0.42476,1.9104,2
-0.50491,2.1944,2
1.1598,-0.66612,2
-2.6128,-2.7975,1
-1.4923,-1.3327,2
-1.5494,1.1295,2
-0.7338,-4.5531,2
1.6097,3.7525,2
-4.638,-1.5398,2
1.6148,0.14749,2
-0.79848,0.4919,2
2.7653,2.3383,2
2.4171,2.8936,2
-2.0095,-2.6418,1
5.0159,-0.090291,2
2.3574,0.82567,2
-4.8838,-1.6947,2
-1.0154,1.5237,2
-1.7128,-1.0425,2
1.8772,-1.864,2
-0.37649,2.3339,2
3.2085,-2.1686,2
-2.7085,1.3753,2
2.096,1.7361,2
-0.68276,1.1711,2
-2.0395,2.176,1
-2.5347,0.96507,2
4.2162,0.25742,2
-4.5067,-1.0461,2
0.33095,1.7608,2
-0.85507,0.047341,2
2.1624,-0.24654,2
2.4661,-0.031315,2
-0.78881,-2.8591,2
1.0985,-2.6564,2
-2.4452,-0.24534,2
-0.4603,-0.37649,2
0.023009,-0.1189,2
-2.8769,-0.81098,1
-0.097077,1.2114,1
0.78188,-1.5913,2
-2.0693,0.26285,2
2.4912,4.0023,2
-2.9104,-3.8448,2
2.1968,-1.5459,2
-2.0338,-3.8175,2
-1.8022,-1.6259,2
-0.41476,2.5911,2
-1.4753,-0.031928,2
-0.31455,-0.12419,2
2.8521,1.5286,2
2.1633,2.3114,2
-1.9643,-5.4752,2
-1.0854,-0.075821,2
-3.5586,4.3308,2
-1.9471,0.78567,2
-0.71455,-1.7418,2
-1.1125,2.4486,2
-1.6378,-2.8711,2
-0.68632,3.9699,2
0.1807,-1.9489,2
2.2612,0.97956,2
-0.51755,-0.52529,2
2.9621,-3.9836,3
-3.22,-1.3409,2
-2.4291,-3.6745,2
0.26869,2.8595,2
0.88251,-1.038,2
-1.691,3.9086,2
-2.5239,-2.2607,2
0.77942,1.1464,2
-1.108,-1.0499,2
5.6533,-0.28678,2
-0.18246,-2.486,2
3.3058,-4.5566,2
4.8867,2.8668,2
2.8124,-0.56874,1
-4.8228,-1.0967,2
1.3044,0.15914,2
-0.42926,-0.89439,2
2.3938,2.0531,2
3.0936,0.69996,2
1.1364,1.8635,2
0.61353,-4.4874,2
3.5717,3.984,2
0.9526,0.3665,2
3.583,0.70646,2
-0.96677,-1.9407,2
-2.8038,-1.2198,2
0.067493,-0.54755,2
-2.3874,-0.74762,1
-2.3704,-2.5019,2
-0.46894,-2.4689,2
-2.9426,-6.8392,2
-0.39406,0.62811,2
-2.9889,5.3662,2
-2.9535,0.014297,2
-0.57572,1.1547,2
-1.2994,-3.9177,2
0.24121,1.1115,2
-0.21498,1.0153,2
-2.5898,-1.717,1
-0.57561,2.9424,2
-3.2498,-1.5973,2
1.9576,0.58879,2
-1.2049,-1.6519,2
-0.7616,-1.0469,2
-0.52715,0.16472,2
-1.868,0.7321,2
0.3995,0.85824,2
1.3957,-2.1613,2
-1.7646,0.91935,3
1.3281,-2.2815,2
-4.5243,-0.59073,2
-2.4301,-0.13339,2
1.2938,0.47494,2
-3.5334,-0.82347,2
-2.3962,-4.0062,2
0.95542,-0.1215,2
-1.5078,-3.1475,2
0.29721,0.91225,2
0.11303,-3.808,2
-1.8215,2.6219,2
-0.43418,-1.5343,2
-0.39426,-2.3795,2
1.7906,-4.5123,2
0.32913,-2.393,2
-0.16963,-3.775,2
1.9105,-0.012193,2
-1.0244,-3.5348,2
-3.7964,-3.3007,2
0.45791,0.80467,2
-0.54512,4.3704,2
-0.29847,-1.7865,2
4.0176,5.1481,3
-0.53361,1.6659,2
-1.8532,-2.0124,2
-1.1634,2.1734,2
-2.3808,2.0557,2
-1.8005,-1.8977,2
-2.9642,-3.0238,2
-6.8986,-2.0861,2
-1.6765,-0.65583,2
1.1043,1.785,2
1.7541,0.030817,2
-4.008,-0.66925,2
1.35,2.281,2
2.9875,3.1374,2
-0.69093,-0.09681,2
-1.9602,-1.8381,2
0.27551,1.572,2
1.6317,3.3578,2
0.61647,-1.0682,2
-2.4616,-0.47598,2
-2.133,2.187,2
-1.206,-3.2854,2
-0.53395,-0.38991,2
-0.2231,1.5867,2
1.9033,2.0949,2
0.077912,0.3978,2
-0.36612,-0.7493,2
3.3714,4.4372,2
-1.3585,3.0694,2
-0.039373,1.0827,2
1.0523,1.4225,2
-2.6926,2.1262,2
-2.1483,2.1785,2
-4.4058,-2.738,1
0.63654,-2.0187,2
0.66569,1.9269,2
-2.0515,1.0535,2
-2.1941,-0.88132,2
0.9193,-1.0925,1
0.098561,2.5983,2
-3.6247,-1.0408,2
-2.2797,1.1534,2
-1.7178,0.66982,2
0.41492,-0.97178,2
0.071425,-1.2956,1
2.2188,2.1988,1
-0.28562,-4.8785,1
-2.9232,1.1839,2
-0.29783,-0.53797,2
-0.12572,-0.029605,2
0.14128,-1.0986,2
1.5363,-6.3158,2
-5.5763,-4.6244,2
-0.62515,0.21374,2
-2.3701,-1.3256,2
4.8576,-1.9444,2
0.2958,-0.4667,1
2.8846,2.978,2
-2.7784,0.62033,2
-0.30295,-0.047931,2
-0.22657,-3.5635,2
0.21099,1.4923,1
1.4098,1.2582,2
-1.2162,4.9217,2
1.9611,1.7658,2
-0.029733,0.94921,2
2.9466,3.5854,2
5.8619,3.3082,3
1.6159,1.8471,2
-0.28677,0.32227,2
4.6829,-1.3248,2
1.2896,1.9289,3
2.3487,3.9734,2
-0.22886,-4.5641,2
0.9044,1.3271,2
2.1249,-0.45906,2
1.7758,-0.26578,2
-1.6847,2.4689,2
0.43974,-0.99011,2
1.7455,-1.0865,2
1.363,-3.1952,2
-1.8583,-3.2886,2
1.6779,-2.3913,2
-3.1842,-0.89103,2
0.49976,0.33301,2
-0.85899,-1.5842,2
-4.6113,0.39816,2
2.181,1.5638,2
0.094149,-1.9588,2
-6.09,2.6591,2
1.6754,1.4496,2
-2.2742,-2.382,2
1.3547,-1.0676,2
-1.5522,0.67445,2
-1.8715,-0.94572,2
-2.8223,-0.59464,2
1.8361,-2.1081,2
-1.7011,0.39778,2
4.1142,-0.46448,2
-0.96137,-2.5637,2
0.81547,-0.06814,2
2.5992,-1.5416,2
-1.7427,-1.8915,1
-5.3466,-0.70905,2
-2.038,1.0359,2
-0.84908,2.5045,1
2.3757,1.8498,1
1.0844,-0.87692,2
2.7078,1.4927,2
-4.5816,-0.77855,2
0.053824,-1.5445,2
-1.4421,-0.95841,2
1.5708,1.5494,2
3.3026,4.2272,2
-3.4923,2.4976,2
-1.7037,-1.4045,1
4.7642,2.158,3
0.86275,2.7912,2
2.3253,0.64029,2
0.35551,-2.2036,2
-1.0037,0.59891,2
-4.4042,-0.88505,2
1.3498,0.10218,2
1.6504,0.4188,2
-0.98929,3.3086,2
0.20569,0.56125,2
-3.3299,0.66322,2
3.2718,-0.11914,2
-0.7464,-3.3985,2
-0.3703,2.1915,2
2.6438,-0.52418,2
-1.791,-1.4889,2
-0.83317,3.1883,2
0.35159,0.086958,2
2.4111,3.8916,2
-0.71628,-3.2244,2
-2.8255,-0.31678,2
3.6035,-2.4501,1
1.2931,2.4843,2
-3.5709,1.1943,2
-1.6698,-1.3477,2
0.085339,2.3116,2
-3.5893,0.64877,2
-0.42725,-1.2787,3
1.5576,-1.2158,2
-0.86783,-2.7192,2
-0.12796,0.10312,2
-0.92582,2.086,3
-1.726,5.37,2
-2.3986,-3.7205,2
4.9412,0.28644,2
0.087433,1.3844,2
-5.425,-3.3308,2
-0.65249,2.2874,2
0.68102,0.98334,2
-2.1226,-0.1403,2
-1.514,-3.8983,2
-3.1057,-3.0526,2
1.6971,1.5868,3
1.376,-1.5083,2
2.3368,-1.793,3
2.5342,3.0879,3
-2.8443,5.4953,2
2.5312,-1.9866,2
2.4365,-0.20264,2
-6.3749,-1.7416,2
-0.302,-1.3177,2
1.4015,-2.9431,3
-1.6973,2.3406,2
3.1797,4.3282,2
2.8728,-0.42764,2
2.301,2.3746,2
2.0221,1.927,2
2.2868,2.4212,2
-5.2522,0.58412,1
4.1035,2.6358,2
3.1828,0.95705,2
2.2832,1.6045,2
1.0299,0.70169,2
-0.59702,1.1947,2
-4.1733,-2.8134,2
0.25589,0.0073232,2
-0.24412,-0.51615,2
-0.70617,-0.25492,2
-3.3266,1.7369,2
0.54758,2.1903,2
-0.65928,2.3002,2
-5.0686,-0.12346,2
1.8366,1.7994,2
-1.1752,3.7747,1
-0.015881,-5.6569,2
0.047808,-0.3443,2
0.93243,1.0863,2
-3.1024,1.2387,2
2.7106,-1.3913,2
-0.61848,-0.83309,2
-2.4875,0.99921,2
-0.30247,-3.3166,2
-0.22614,-2.7166,3
4.1249,-0.43212,2
-0.71552,1.9939,2
-0.12733,1.433,2
3.0111,-0.14074,2
2.5812,-0.61355,2
-1.4798,-0.34882,2
-1.6273,2.4995,2
2.2112,-1.5581,2
-2.325,-0.66322,2
1.5608,-0.35068,2
0.22913,-2.5579,2
-0.3149,0.65588,2
-2.4982,-1.4598,2
1.1353,0.32408,2
-0.74347,-0.44762,2
-0.71525,-4.9336,2
-0.8441,3.4483,3
0.12965,2.2681,3
-0.75163,-1.1474,2
2.3533,-0.71832,3
2.4077,-0.49415,2
0.79273,1.046,2
3.3008,0.36508,3
-1.1164,2.1656,2
1.0242,-0.77139,2
0.86029,2.808,2
-3.0711,-0.70275,2
-0.36414,-1.6729,2
0.23324,4.0608,2
-2.0171,1.0226,2
-1.568,-0.47646,2
1.0979,0.10007,2
2.6979,-1.1686,2
-3.1731,3.4332,3
2.5003,-3.9779,2
2.7258,-0.18868,2
0.89831,0.78547,2
0.92596,-0.29828,2
1.2538,0.8285,2
-1.0842,-1.0741,1
0.28251,-0.93038,2
-2.6957,0.5599,2
1.2362,-2.918,2
0.47333,-0.16915,2
0.46254,2.0021,2
-4.2319,1.1634,2
0.2089,1.441,3
-4.7069,2.5977,1
-1.6199,0.34631,2
0.22352,-0.054779,2
1.0295,1.6217,2
0.61766,-0.59982,2
0.019855,-1.6393,2
0.017474,4.2074,2
5.5681,4.3625,2
2.0592,0.84297,2
-2.9912,3.212,2
5.7333,-1.5463,2
1.4307,0.3935,2
-0.78946,-1.5113,1
1.9424,2.0463,2
-0.78865,-2.5134,2
1.3991,-0.96453,2
4.195,0.30125,2
1.9877,-1.4107,2
0.66349,-0.40018,2
1.5921,-0.38732,2
0.255,-3.8484,2
-2.9944,-2.8484,2
-2.0133,0.62612,2
-2.199,-3.2264,2
0.51305,3.3523,2
1.0748,-1.9547,2
1.3053,-1.338,2
2.1297,-2.8303,2
1.1413,-0.76585,2
-0.38685,2.308,2
1.2298,0.79823,2
-1.2045,-0.96567,2
-0.98334,-2.9375,2
-0.24704,6.1968,3
-1.2602,4.8848,2
4.7952,-2.126,2
-1.6216,1.3196,2
-2.7229,-2.7206,1
0.40699,-0.91353,2
1.6095,-1.3077,3
-3.5324,-2.6223,2
0.68009,-2.4706,2
2.0557,1.0641,2
0.66572,-2.7899,2
-0.35636,2.6107,2
1.2011,1.0024,2
-0.40581,0.32261,3
3.5229,1.8953,2
1.4261,0.36145,1
0.65972,-3.7638,2
0.72241,2.5251,2
0.41303,1.4081,2
-0.013498,0.069143,2
-0.82186,-2.3184,2
-4.9163,5.4106,2
-0.96597,0.53104,2
-2.1385,1.2015,2
-2.098,3.4646,2
2.6302,0.45774,2
3.1467,-2.2927,2
0.68115,3.3219,2
-0.049068,-0.82634,2
-0.6284,-1.9565,2
5.2776,1.1603,2
1.8531,0.73708,2
-2.4974,2.0059,2
0.70283,-1.9459,2
-3.9648,4.0435,2
1.4176,1.5839,2
-0.93386,-0.26293,2
0.85061,0.66412,2
-1.3405,1.8878,2
-2.0581,-2.8126,2
-1.5214,3.3845,2
2.4611,0.20644,3
4.7587,-2.363,2
-0.38515,3.7235,2
-2.8208,1.1836,2
-0.99171,-0.42172,2
-1.3926,-1.3193,2
3.2289,1.8552,2
-2.2264,-4.2154,2
-0.086147,1.8599,2
2.8602,0.66057,2
2.2814,-0.19916,2
-0.21034,1.0688,2
1.8006,5.4519,2
-0.90964,-2.969,2
-0.65487,-1.1568,2
-0.51439,-1.2629,2
0.70912,0.11908,2
1.9642,2.2107,2
0.053706,1.1216,2
0.63421,-1.0724,1
3.7006,0.2802,2
-3.7549,2.2122,2
-1.0965,3.1193,2
3.0551,3.6615,2
0.50422,-0.10283,2
0.58421,4.1349,3
0.93461,0.14497,2
-1.5089,-0.43451,2
-2.885,-0.76661,2
-0.057264,3.4937,2
3.6127,0.38792,2
0.66431,0.019003,2
3.2968,-4.9629,2
3.1647,0.66077,2
-0.45068,-3.2391,2
0.14159,-0.90347,2
2.6016,-1.1067,2
-2.3731,0.52975,2
-1.8011,-2.8263,2
-1.7511,0.70472,2
-5.166,-1.3982,2
-1.947,-0.071162,3
2.3273,0.10836,2
0.96771,-0.092916,2
0.39446,-1.0524,3
-2.9223,-1.2315,2
3.4286,-0.39195,2
0.073932,-2.4738,2
-3.169,2.0034,3
-0.36285,-3.5125,2
-0.54566,0.50639,2
1.7408,2.5264,2
0.027567,-2.9143,1
4.9121,-2.6522,2
-3.6763,-1.7771,2
1.0786,-2.3487,2
1.0514,-1.544,2
3.6753,1.0572,2
4.3446,1.0233,3
-1.8543,-0.92538,2
0.17373,-1.7437,2
-0.027387,-0.58155,2
-2.2333,-1.9721,1
0.20475,-2.8436,2
1.6205,-2.5614,2
-4.0056,-3.4154,2
-2.2359,1.0183,2
0.26673,-2.1505,2
-2.8102,3.6038,2
-2.609,-4.0084,2
-3.0713,1.1564,2
2.5998,-2.0493,2
-1.4167,-0.18312,2
1.2793,0.58904,2
-1.0713,0.46944,2
-0.49675,-1.411,2
-0.55564,-2.1109,2
-0.49767,-1.3647,2
-2.2543,1.3274,1
-1.7655,4.002,2
-0.96729,-1.6701,2
0.31855,-0.43395,2
0.79704,-2.1795,1
-2.1796,-2.1734,2
-1.5368,-1.0346,2
1.7903,-1.153,2
0.90008,3.4747,2
3.3887,1.0965,2
-2.5599,0.61317,2
-0.85987,-2.3655,2
-2.9672,-3.5932,1
-3.2361,-2.8156,2
-0.76058,-2.0842,2
-1.0419,0.72214,2
-0.39174,-0.0071915,2
-3.0105,0.50846,2
2.9312,-0.69241,3
-2.0129,2.0729,2
1.6827,-3.1216,2
5.4259,3.6894,2
-1.6677,1.9196,2
1.3507,-1.6752,2
1.3986,0.86856,2
-1.3652,-1.8075,2
-0.34907,-1.0818,2
-3.4217,0.61846,2
0.95186,0.61625,3
-3.2566,-5.4514,2
0.70167,-1.9721,2
-5.3525,2.1207,2
-0.34287,0.80308,2
2.0705,1.0712,3
-1.3601,-2.4773,2
2.8248,1.5361,2
-0.25069,0.56108,2
-0.94499,-2.7095,2
1.7729,1.5261,3
0.7013,0.90053,2
1.7011,1.9883,2
-1.3086,-0.49504,2
-0.26584,1.4565,2
1.6075,-0.080893,2
-0.46988,0.5105,2
-0.13262,-1.9757,2
0.63231,-2.2786,2
-0.75033,2.7978,2
-3.0233,-4.5833,2
1.3099,-5.9674,2
3.8177,-0.15717,2
1.1235,1.9448,2
3.1036,2.9997,3
-0.0026556,-3.7156,2
1.3841,3.005,2
-0.85576,0.27795,2
3.4207,-0.80585,2
2.1124,1.4635,2
-2.503,0.59459,2
-2.4006,-1.3797,2
2.4466,3.4112,2
1.2294,-1.8926,2
2.1554,-0.45558,2
2.9352,3.6986,2
2.2813,-2.3577,2
0.038715,-0.25969,2
0.196,-0.1578,2
-0.6928,-0.77721,2
1.5861,2.9804,2
-0.90579,-0.86788,1
2.0344,3.2588,3
0.98814,4.3492,3
-1.0485,-0.7796,2
1.6646,1.2542,2
-4.1747,0.55853,2
0.16171,3.8946,2
2.3042,-0.85595,1
1.7078,0.94238,3
3.2412,0.91256,3
1.6307,-0.21332,2
-1.6872,1.9809,2
2.3026,1.7993,2
1.5429,-2.0995,2
-1.9895,-0.42367,2
3.6549,5.0646,2
-1.5584,0.80797,2
0.056761,1.0021,2
-0.79903,-2.5332,2
0.45088,-0.206,3
2.1483,-1.7633,2
2.007,2.0948,2
2.0904,-0.23221,2
-1.2609,0.29084,2
-2.6201,-1.3239,1
4.9392,2.2223,2
0.56043,0.39938,2
-3.7735,-1.4279,2
-1.5828,0.79176,2
-2.6285,-0.77597,2
3.9789,3.6495,2
-1.8338,-1.1732,1
-4.2163,0.14612,2
1.0066,1.6596,2
1.5972,1.7094,2
-1.1078,-2.5645,2
3.3884,1.4038,2
0.0040715,-1.3313,2
1.9101,-1.9356,2
5.1934,1.3695,2
0.89517,0.38326,2
-1.8367,-1.0917,2
1.7175,0.94978,2
-0.9871,-6.007,2
-2.5923,3.1055,1
-2.0576,-0.71086,2
1.4758,2.9465,2
0.99054,4.3501,2
0.75437,-2.8791,2
0.43538,1.6348,2
-3.562,-3.4638,2
-2.6849,-0.48922,2
0.92508,-1.5447,2
1.5449,0.50929,2
0.058457,-0.52099,2
0.44982,0.31658,2
-0.12201,0.78277,2
0.7468,-1.985,3
-0.9739,-1.2374,2
2.5228,-0.86774,2
4.4037,1.6435,2
-2.4962,-2.1812,2
1.6684,1.8786,2
-0.79756,2.7451,2
1.7524,-0.80089,2
1.5617,-2.6718,2
-0.36589,0.38371,2
0.80415,-0.63721,2
0.83038,2.4935,2
2.4431,-2.206,2
0.0084602,-1.6309,3
3.6366,1.1967,2
-0.41138,1.2224,2
-0.54642,0.72347,2
-1.5365,-1.7567,2
0.8815,1.652,2
0.028349,-5.2771,2
3.1407,-0.50099,2
-1.9869,0.058947,2
-1.9091,-4.774,2
-1.2012,-1.2022,2
-4.4642,-6.7689,2
-1.5234,-1.4235,2
4.0131,0.61331,2
2.0259,1.1217,2
1.7773,-1.0084,2
1.1576,2.3691,2
0.78369,0.0090633,2
-0.69119,-6.1846,2
-0.18145,-2.2851,2
-0.1469,1.4822,2
1.4167,0.30366,2
-1.584,-0.3591,2
0.21331,-3.0089,1
1.0246,0.95496,2
-1.3442,1.1436,2
1.1441,-4.2738,3
0.11747,0.84158,2
1.6967,0.6123,2
4.245,5.9872,2
4.1277,2.4379,2
0.097647,-2.868,2
3.6844,0.99627,2
0.21236,-5.5406,2
5.387,3.2478,2
-1.1678,1.1888,2
2.8468,1.4157,2
2.5829,-1.6297,2
0.46809,4.0503,2
0.86459,0.20941,2
-0.41828,-2.9938,1
0.22185,2.1552,2
-5.651,0.77116,2
-4.4106,-0.96552,2
0.15739,3.4173,2
0.28717,0.52855,2
2.5249,1.0526,2
-0.17744,-0.90418,2
0.24597,-0.68192,2
-0.19543,1.6613,2
1.7334,-2.4909,2
-2.4585,2.1049,2
3.9483,2.0361,2
2.3646,0.91625,3
0.47068,3.051,2
1.1461,2.8769,2
0.49292,-1.2068,2
1.726,-1.9606,2
-2.4317,-0.52036,2
4.5775,-0.046576,2
-0.52274,0.87483,2
1.4844,1.266,2
4.7238,-3.9884,2
3.2225,3.3544,2
-0.32462,-2.6646,2
2.2405,0.6132,2
-0.94956,-0.71847,2
-0.21122,1.3723,2
4.632,0.79473,3
2.0971,3.8699,2
0.32801,-2.519,2
0.83712,-0.013973,2
1.3918,-0.63533,2
-1.1305,-2.1988,2
-5.4874,-1.3501,2
-1.1992,-1.5666,2
2.3338,6.1447,2
0.83429,0.78865,2
1.7382,-1.3239,2
-3.0169,-0.79107,2
-3.4714,-0.38658,1
0.25116,1.4971,2
0.88837,-0.54207,2
-1.5788,-1.6812,2
-3.2706,-0.27898,2
0.47292,-1.3507,2
1.2291,0.55097,2
0.32046,-0.84942,2
2.7654,2.6242,3
-1.7327,0.47611,2
-0.95835,1.2605,2
0.99588,1.648,2
1.4071,-2.4615,2
-1.415,-4.8196,2
-2.5521,-0.95411,2
0.72551,-2.1284,2
-0.41173,1.9802,2
0.21371,-1.8728,2
0.49892,3.1032,2
-0.65247,-0.38158,2
-2.5343,1.7701,2
0.67534,1.4066,2
-2.3087,-2.3959,2
0.49988,0.77188,2
2.123,-0.98271,2
-2.1768,-0.57083,2
4.0131,4.9132,2
2.9795,1.7232,2
1.6329,-0.94644,2
-0.96319,0.75721,2
2.7951,-0.64985,2
1.2083,-3.1449,2
2.0159,1.7669,2
1.4514,2.7892,2
-1.2145,0.078839,2
-2.1965,-0.65289,2
-8.0301,-2.6836,1
-1.1734,-3.7408,2
0.65395,0.93934,2
4.7429,0.052982,1
-3.6628,-1.0863,2
-0.99546,-3.0982,2
-0.34493,-1.6871,2
2.2428,0.28225,2
-2.9912,-0.47725,3
1.8818,1.5259,2
0.91372,-2.4554,2
-0.21681,-1.1975,2
0.068196,-0.33027,2
-2.4633,1.1037,2
3.1556,5.6827,2
1.9418,2.2521,2
-0.1901,4.124,2
0.4021,1.1386,2
-1.8969,-2.1641,2
-0.67537,0.73996,2
-0.59947,1.1436,2
0.35513,-0.29026,2
-3.4952,-2.0358,2
-1.2955,1.3782,2
-1.9269,-2.3896,2
1.4025,-0.92572,2
-0.75403,-1.969,2
-0.94282,-0.36959,2
-1.7949,-5.5478,2
-1.4044,1.7821,2
2.5014,1.8784,2
-1.1521,1.9588,2
-2.6431,6.996,2
1.1192,-1.6438,2
-0.075484,-0.33353,2
-0.32782,1.5943,2
-0.7271,0.2316,2
1.0635,-1.1492,2
-5.3144,-7.0592,2
-3.0532,-3.4179,2
1.1611,1.5913,3
1.6019,0.34205,2
-1.4552,-0.20158,2
-1.9385,0.70768,2
0.31832,-1.5074,2
0.66034,-1.2526,2
-0.62914,-1.3357,1
2.1969,1.0686,2
-2.4414,-4.2045,2
0.20714,-2.0308,3
1.5859,0.78996,1
1.813,-3.4834,2
-2.1527,0.19311,2
-0.24867,-1.6162,2
-4.0287,-2.907,2
-2.0954,0.84061,2
0.22392,-0.033321,2
-3.5939,3.2981,2
-3.3651,-2.6228,2
-1.6395,-1.5394,2
1.6356,-1.09,2
-4.3424,0.45143,2
2.0036,4.2261,2
0.3792,1.9203,2
-2.0231,-0.14246,2
0.67637,3.3843,2
1.3757,-1.8667,2
1.7033,5.2884,2
-0.76238,0.57811,1
2.0304,1.9656,3
1.2597,4.2344,2
0.16791,0.21873,2
-0.36145,-1.2587,2
3.9884,1.0858,3
-1.844,1.1129,2
0.19917,-2.1142,2
-0.41112,1.3879,2
2.8012,4.0667,2
2.6523,-0.74038,2
-2.8194,0.70099,2
1.7883,2.0087,2
-2.9784,-1.7595,2
1.6886,3.072,2
-0.58344,0.20527,2
7.3439,1.564,2
-0.82736,-2.1134,1
-0.90648,-0.82083,2
0.79615,0.030125,2
-2.8312,1.0229,3
-0.45363,-1.1252,2
-3.5175,1.9672,2
-1.6724,2.3443,2
-1.8569,-0.70811,2
3.5973,0.35418,2
-0.23183,-2.411,2
1.4264,-0.53555,3
-2.8311,-3.503,2
-3.4847,-1.5143,1
4.7521,1.5109,2
1.322,-0.65726,2
-1.7536,-0.57982,2
1.4056,-0.29863,2
-0.44816,-1.2452,2
1.0966,0.47902,2
-1.6313,4.1094,2
-4.424,0.97275,2
-0.18462,-2.2908,2
2.0425,-2.8648,2
-0.81293,0.17888,2
-1.5864,1.7308,2
-0.71468,3.4637,2
-0.74329,2.047,2
0.60557,-2.2715,2
-0.93384,-2.3796,2
1.0627,0.99717,2
-1.3319,-2.0024,2
3.5382,-2.3503,2
0.37095,-0.35023,2
-5.4879,-1.4504,2
0.90709,0.8287,2
2.2374,1.7468,2
0.38942,1.2208,2
-1.332,-5.9213,2
2.4083,0.73819,2
0.22148,-1.2972,2
-3.0417,-4.6666,2
0.903,1.0947,3
0.18634,-0.16078,2
2.3598,0.38303,2
-2.4833,2.547,2
-1.5642,1.8061,2
-1.2177,2.1382,2
-0.71137,-4.6607,2
2.8323,-5.5124,1
-2.2958,1.6564,1
3.557,1.1801,1
4.109,1.7491,2
-0.65418,-1.5146,2
1.8588,-1.106,2
1.6675,-1.3108,2
-0.79314,1.6666,2
-2.1101,0.33916,2
0.58763,0.32288,2
-5.0892,4.7686,2
1.6645,-1.8179,2
-1.6852,4.8462,2
1.7168,1.3817,2
-2.2202,-3.1735,2
-0.54791,1.3643,2
-3.8261,-1.8163,2
-2.4597,-3.1954,2
-1.2158,0.77861,2
-1.022,-0.63697,2
-0.9877,1.1018,2
-5.2387,0.65362,2
0.85895,2.0991,2
1.8916,-1.6051,2
-0.55336,1.3854,2
-0.56218,0.26816,2
1.027,-5.184,2
-0.61254,1.2414,2
-0.92168,-1.651,2
-0.22697,3.166,2
-1.0559,1.9958,2
0.057447,-2.6911,2
-0.075301,-5.5301,2
0.80527,-2.7562,2
-4.0511,2.4297,2
-0.46926,-2.793,2
1.3922,2.4709,2
2.3776,1.0721,2
-1.1012,0.075803,2
0.69749,0.61007,2
-1.3095,-3.302,2
0.33174,-0.34319,2
5.6258,2.5801,2
-4.322,-1.1315,2
1.5632,2.3171,2
-6.4061,-2.0775,2
0.14929,-3.5376,2
1.8883,0.17197,2
-1.5054,0.52778,2
-1.4142,-3.0116,1
1.6758,1.5395,2
-0.83496,-2.4642,2
4.0829,0.89189,2
2.0423,-0.39814,2
2.4511,1.0177,2
1.7728,1.479,2
-3.7246,-2.8954,2
-3.4132,-3.269,1
0.78073,2.0913,1
-1.1292,-0.2229,2
-1.3892,-0.38668,2
0.45819,0.91576,2
-1.9582,0.87386,2
5.9002,1.8758,2
2.4789,0.39073,2
-2.3737,-4.3741,2
1.493,-4.723,2
-1.8278,1.9361,2
0.83529,-0.074814,2
-1.3446,2.3014,1
1.41,1.8314,2
-3.4405,-0.3823,2
2.6117,1.3332,2
-3.0447,-2.0387,2
-0.16986,-0.2705,2
-0.5691,-0.45878,1
2.08,0.19521,2
2.2615,-2.8858,2
-0.47399,-1.9981,2
2.5889,3.0255,2
4.424,1.5459,2
1.3387,1.1686,2
1.1801,0.65578,2
3.2043,1.5769,2
1.7441,1.7785,2
0.59858,-3.2982,2
0.29224,-4.9788,2
3.9856,3.9239,2
-2.9316,0.24351,2
2.2246,2.3829,2
5.109,2.6017,2
-4.2173,-1.7278,1
-0.38931,-3.6326,2
-1.8921,-1.5961,2
-5.3375,-0.87279,2
-1.2813,0.75443,2
-3.6268,-2.5707,2
-3.3319,1.3885,2
-3.5672,0.84266,2
1.2368,-0.42442,2
1.917,2.2732,2
-1.6708,1.7133,1
-1.1171,-1.9167,2
5.0303,5.9037,3
2.9775,0.5659,2
-3.8633,-0.96741,2
-1.2399,1.5798,1
-2.0575,0.02599,2
1.2768,-4.8844,2
3.7321,-2.8044,2
0.33133,0.8655,2
-0.99118,0.41385,2
-1.438,-3.1596,2
0.85654,1.8287,2
2.3334,4.4869,2
0.63405,-1.2871,2
-1.534,0.10549,2
-0.38381,1.8987,2
-0.62992,-0.17084,2
-0.055902,0.32161,2
1.501,0.91957,2
1.5524,3.558,3
-3.8597,-0.31045,2
-1.7102,-3.0431,1
-0.71825,-3.6153,2
-2.7125,-3.2524,2
0.25226,-1.1084,2
-1.1075,2.1034,2
-1.2107,0.77074,3
0.69935,-3.2035,1
-0.071946,-2.385,3
-1.0755,0.85266,2
-0.20306,-2.556,2
-1.4783,0.17798,2
-0.043614,-2.9629,1
-5.5657,-1.578,2
-1.2324,-1.5571,2
-2.5105,-3.0096,2
-2.6406,-1.3771,2
4.7047,-0.22949,2
-1.8333,2.4329,2
-3.2995,3.4969,2
-1.0924,-1.708,2
4.5876,0.86224,2
-2.8467,-0.42817,3
-5.9022,-3.6008,2
3.7699,-0.50059,2
-0.62095,-2.2039,3
0.49696,0.096341,2
0.93754,4.0275,2
-2.641,2.1265,2
0.83387,-1.0046,2
2.095,3.0602,3
-2.7193,0.070115,2
3.1707,1.2417,2
1.1614,1.9843,2
-2.6603,0.21129,2
-1.2174,-2.0168,2
1.1742,-0.12802,2
-1.7667,-3.5565,1
0.33924,3.5758,3
1.8579,1.7875,2
0.70025,-1.4808,2
-3.9772,1.0732,3
2.5287,1.7071,2
-1.522,1.1204,2
0.23951,2.1991,2
3.2958,4.0657,2
-0.6884,-0.88505,2
1.1172,-3.1872,2
-1.7108,-2.376,2
-0.82475,-1.6279,2
-9.2324,0.42798,2
-0.17018,-0.40367,1
1.8139,6.1484,2
0.29073,1.4562,2
2.3113,1.0586,2
4.0066,-1.8887,2
0.68765,-1.4225,2
0.55334,-0.58404,2
-0.36865,1.1476,2
-1.7764,-2.6219,2
-4.2868,-2.3346,2
0.80497,-1.423,3
5.9256,2.5649,2
-0.0043166,0.038306,2
3.1365,0.81981,2
1.4237,-1.3402,2
0.54363,0.79494,2
-1.3883,0.31755,2
-4.5859,-0.080635,2
2.8794,0.91205,2
-1.1988,0.12024,2
0.43033,2.9275,2
-2.1617,0.13763,2
-2.9486,0.29481,2
1.1808,0.44236,2
-1.0317,0.59322,2
5.6395,0.67906,2
3.0532,-1.7887,2
0.84688,1.4467,2
3.3839,0.19372,2
0.86231,0.92903,2
-2.7121,0.86081,2
-2.3954,-0.71564,2
-0.26004,-1.4485,1
-6.1284,-2.7175,3
1.2942,1.1491,2
-0.067119,-1.9837,2
1.1082,0.096456,2
0.21214,1.1542,2
0.048558,1.4543,2
-0.43246,1.2098,2
0.92372,0.65271,2
1.5509,3.1453,3
1.4533,1.8978,2
4.6467,-0.28679,2
3.3888,3.176,2
-1.4119,0.045656,2
3.5931,-2.1348,2
0.42792,-0.70909,2
-1.459,-1.8537,2
1.9846,3.4621,2
-4.6694,-2.2058,2
2.4802,0.12317,2
4.2361,1.0101,2
-5.7789,-3.9164,2
-0.29655,-0.91231,2
-1.9254,1.3961,3
-3.0388,-3.2666,2
-1.8497,-2.1566,2
4.3573,0.13789,2
1.6548,-1.3774,3
0.28551,-0.73226,2
2.1512,1.1625,2
-1.373,0.25992,2
1.8711,0.40557,2
0.10668,-2.1552,2
-0.79973,2.2573,3
-0.86925,1.4623,2
0.97554,-2.639,2
-1.0995,-0.42816,1
1.8807,-0.043588,2
-1.3585,-0.32095,2
-1.359,-3.8979,2
1.1451,-2.3659,2
5.3872,1.8403,2
-1.6726,0.79999,2
-1.7035,-1.4876,2
-0.39545,-1.2674,2
0.89646,-0.96302,2
1.0959,0.13516,2
0.055726,-3.3537,2
-1.4603,2.2992,2
-2.3587,-0.86888,2
-1.2627,-0.25988,2
0.44314,1.5706,2
-0.75834,0.75509,2
2.1677,4.6605,3
0.28815,-3.1367,2
-2.285,-0.96648,2
-5.5958,-3.4327,1
-2.216,-1.9581,2
-0.064695,-2.1813,2
-3.156,-1.9924,2
4.6279,1.981,2
0.057962,1.5182,2
-2.1019,-2.2116,2
4.2324,2.7814,2
2.6434,0.37191,2
-0.35062,2.0751,2
-1.812,-1.1732,2
1.2587,1.023,2
-4.0643,-0.6236,2
-3.1904,0.97098,2
0.11539,1.6447,2
3.9171,-2.8475,2
-1.6119,-3.2368,2
6.2542,2.7963,2
-0.15952,-0.0071209,2
-2.7194,-0.63902,2
0.54013,1.4221,2
-0.1989,-2.6554,2
2.5543,2.0713,2
4.9112,-0.71685,2
-0.7795,-1.6036,2
2.2492,-3.362,2
0.69812,3.8304,2
1.4518,2.779,2
-2.5358,-1.8603,2
1.6756,-0.56781,2
-0.6192,1.7321,2
1.0442,5.4699,2
0.62043,2.9276,2
0.65696,-0.028483,2
1.4489,2.8916,2
2.0872,-1.917,2
2.4172,-1.7549,3
0.0029574,1.7527,2
0.066261,-1.3598,1
3.8476,3.078,3
2.7309,1.2624,2
0.78246,0.15221,2
-0.78552,-3.3309,2
-1.3581,-1.4544,1
-3.4787,-3.8138,2
-3.1427,-2.7668,2
1.2663,-0.65292,2
-2.826,-4.7438,2
5.314,3.1412,2
-1.5707,-0.63628,1
2.1501,0.20065,2
2.2406,0.47374,2
-0.46485,-0.41271,2
-2.2424,2.7951,2
-1.0247,2.5675,1
-1.1612,-4.1996,1
-0.61428,1.7635,2
0.96029,3.5233,2
-4.0852,1.8392,2
-0.059495,-0.0076915,2
-2.2861,1.0716,2
1.3395,-0.73577,2
1.0033,3.2669,2
0.71774,1.1517,2
-1.6115,-1.3937,2
1.0238,2.2538,2
0.65553,-2.1335,2
0.44408,0.91186,2
1.071,-1.1978,2
-0.70435,2.8939,2
2.1148,0.67427,2
1.2404,-0.94607,2
-5.6947,-1.2959,2
0.55864,3.6812,2
1.2156,0.68881,2
0.47467,-1.2054,2
4.2544,0.91666,2
-1.5262,-2.4872,2
-1.3471,0.76015,2
-0.11174,1.7326,1
-2.8556,-3.4515,2
1.1759,1.5966,2
1.4385,0.51444,2
-1.2223,1.5006,2
-0.41764,-0.82673,3
-1.2386,-2.0651,1
1.5,2.4458,2
-0.056307,-2.0709,2
1.3829,-0.54788,2
-0.54631,-1.4891,2
0.77537,0.079414,2
1.7483,-1.2425,2
-1.6202,2.6802,2
-4.9476,-2.6689,2
1.7632,1.3249,2
0.81609,-1.2595,2
-1.6798,-0.31472,2
0.83717,2.379,2
