2.1629,1.5984,3
-2.6082,-2.2625,1
-3.2866,-1.1315,1
-0.52302,-1.0508,1
2.1643,1.2416,2
-1.2742,1.6006,3
3.7343,-0.34442,2
-1.9461,1.4511,1
2.0518,-1.2759,3
0.66141,-0.58426,1
-4.1474,-0.55659,1
-0.49663,-1.1688,1
2.0584,0.47216,1
3.109,4.2912,3
1.9045,-1.0726,2
-1.7082,0.54514,3
-1.9922,-1.9423,2
-2.1956,-2.6357,1
-5.4702,-0.3358,1
2.1015,-1.3622,3
-0.71657,-0.23627,3
1.8307,1.1862,1
0.52543,-3.2894,3
-1.7702,3.8642,3
1.1041,1.8145,1
-3.2358,-5.9858,1
-0.56218,-3.2948,2
-0.084657,-3.5107,2
-0.49504,1.2411,2
-0.39526,5.725,3
-0.32217,0.91455,3
0.30239,2.986,2
1.9164,-4.4236,2
4.23,4.8896,3
1.6504,5.1049,3
-1.1194,-5.7137,1
-1.5224,-3.9974,1
-0.81946,-1.2883,1
-2.836,-0.8256,1
-4.8151,2.7991,2
3.6664,-3.1231,2
0.52256,3.3561,3
2.0268,0.69862,2
1.1155,-4.3849,2
0.056379,-2.8263,2
-0.47263,-1.6105,2
1.8733,1.152,2
1.0677,3.2608,2
-0.80421,-0.78796,2
-5.3012,1.291,1
0.47289,0.99152,3
1.2149,-2.5258,2
3.7644,2.6413,3
2.2599,-0.10962,2
-0.83928,-1.3182,1
0.4441,2.0233,3
5.8536,0.93791,2
-2.0454,-1.7889,1
-3.1646,-3.6662,2
2.5386,2.9834,3
0.58261,-2.616,2
3.4458,3.4832,3
0.61734,-1.4712,1
6.3999,4.0012,3
-0.49533,1.74,2
-1.3076,-0.10088,1
-2.7697,-4.4145,1
-5.1588,-3.1603,2
3.5649,1.8237,3
-0.24121,1.716,1
-0.26924,3.0206,3
-0.10513,2.0112,2
2.0289,-1.7116,2
-1.7338,-2.1019,1
-3.8567,2.1483,1
-1.9312,2.7449,3
-1.3471,-5.3014,1
4.2669,-2.3924,3
-2.7082,-2.553,1
-3.498,2.2879,1
0.28271,-1.7777,3
2.0369,0.61796,1
-0.55051,1.6759,2
1.0641,4.0537,3
-2.7918,-4.9065,2
-5.6525,-3.8459,1
1.1769,1.5581,3
-0.73983,1.1562,1
-0.59376,-4.2601,1
0.055499,1.2158,2
0.15596,0.040669,3
2.6758,3.5823,3
3.5705,-0.57397,3
-0.62771,-0.45143,1
-0.9567,1.6166,3
3.7608,0.50827,3
-2.2616,0.29154,2
0.90062,4.3064,2
-3.2699,3.9554,2
0.84685,-0.8645,2
-2.6111,1.2007,3
3.2789,0.99564,2
2.5559,3.1461,3
-3.9775,-0.62443,1
-0.8409,0.80824,3
-1.0636,-1.9882,1
1.399,0.562,3
3.5366,0.23636,3
2.9733,2.8965,3
0.51066,2.9166,1
2.4933,5.001,3
-2.6151,-2.4968,1
1.0876,-1.9018,2
-1.1645,-1.2876,2
0.72658,1.6153,3
5.2271,0.80971,3
-3.7595,-2.5492,1
0.036574,0.63553,1
0.62565,-3.4541,2
-0.62692,-0.15968,1
-4.1991,-5.0334,1
-1.3993,2.8994,1
-2.013,1.1983,3
-0.38402,0.04143,2
-1.7363,-0.85357,2
3.1595,4.7113,3
-3.2577,-3.1846,2
-5.7556,-0.18358,2
-2.5413,-2.499,1
-1.8574,-2.3992,1
-0.14742,2.9941,3
-0.81819,-1.1336,2
1.628,0.12257,3
0.72918,-1.4309,2
0.16359,-2.5549,2
1.4785,2.3584,1
-0.46174,2.9127,2
1.2069,-1.3135,3
2.522,-3.8438,2
-4.2889,2.385,1
1.8731,1.0526,3
-1.607,4.5636,3
-4.2402,-4.5154,1
0.49967,0.86151,3
-2.6368,-3.5951,1
-2.4557,-1.32,2
-4.7183,-5.0694,1
-1.893,-1.0334,1
0.76351,-1.0142,2
-3.5141,-2.637,1
0.20891,5.2017,3
-2.002,1.2705,2
0.27658,-3.8118,2
-2.4061,1.1488,2
1.1654,0.8516,1
-1.468,1.0648,1
0.68224,1.4125,2
0.99233,-0.58423,3
-1.1286,1.3285,2
-3.8067,0.91776,2
-4.6439,-2.8811,1
0.45838,-0.92536,2
-1.9965,-0.14954,3
-2.4516,2.0416,2
1.1846,-1.4264,3
0.60394,-3.7753,1
-1.4074,2.3992,3
-3.077,1.4969,1
-1.9453,3.4311,1
0.96108,2.1914,2
2.2774,-3.3237,1
-0.96684,2.8465,3
-3.1001,1.8048,1
-0.024435,1.0945,2
0.91702,-0.35707,2
-2.6469,-1.9215,2
-0.17675,-4.7335,2
-2.9258,-3.0736,1
-2.3015,-1.226,1
-1.1226,-2.8176,3
-0.24381,3.495,2
-3.1826,-2.3166,1
0.68426,-0.73477,2
1.1633,-0.081162,1
1.7798,3.0471,3
2.1777,2.9506,3
4.1193,1.2961,3
-0.019217,-5.9191,1
2.2728,1.4286,1
1.7155,-1.5658,1
2.3945,-3.2006,3
1.2818,1.52,2
-5.2897,0.72791,1
1.3335,-0.58877,3
1.2407,0.26024,2
-6.0799,-2.5529,1
-4.8835,-1.4645,1
-2.6788,-0.39957,2
0.98993,3.7168,2
2.7343,5.8386,3
-1.6662,-0.6821,1
2.6658,-0.96816,2
-1.4357,-2.1509,1
-3.0772,0.47329,1
0.91527,0.82486,3
-2.2207,-1.5446,1
3.1979,0.63584,2
-2.8586,-4.5997,2
0.0038674,1.9282,1
-3.5174,-1.0603,1
-1.3995,-2.5155,1
-3.8789,-2.7561,2
-0.79408,0.91248,1
3.657,3.9233,3
-2.79,-0.87779,3
5.2648,-0.39844,3
2.423,2.2439,2
2.2415,-0.91676,3
0.33339,3.7097,2
-3.239,-2.8901,2
1.3211,3.2947,3
2.2361,-0.018849,2
-1.6206,-6.1115,2
-0.56864,2.4808,1
0.40302,-0.57019,3
0.52113,3.1113,2
-1.2753,-7.299,1
0.052464,-2.4399,2
1.5702,2.7849,3
-2.0642,1.5138,2
3.1245,5.3231,3
0.91226,1.1802,1
-2.0441,-1.0852,2
3.3906,-1.3384,2
2.8498,-3.7064,3
0.23441,6.108,3
-4.523,-1.9671,1
1.2957,-2.6217,2
-1.6017,-5.117,1
-1.3235,-3.0317,3
-0.63748,0.26916,3
-1.9007,0.98175,1
-1.3289,1.7917,2
0.52701,-0.51839,2
-0.66536,-3.4379,1
4.3149,3.2821,3
-1.8399,-1.862,1
2.9926,4.032,3
-0.17968,1.0546,1
1.9172,1.4328,2
2.5191,-1.455,3
-4.2834,-1.4148,1
0.92318,1.6687,3
3.4873,5.2499,3
0.047911,0.29068,3
2.7476,3.0564,2
0.97952,-0.72255,2
0.31333,1.3326,2
-4.1855,1.8272,1
-1.4791,-2.3159,1
-4.1494,-0.71207,2
2.0717,0.38574,2
-2.4176,-1.1725,1
4.4656,0.056247,2
0.1152,1.3456,3
0.68674,-0.44666,2
4.4586,-0.22207,2
-0.82497,-0.5649,1
1.0146,1.8473,3
3.9685,-1.1244,3
0.66225,0.85693,1
-0.3434,-1.9837,1
3.0911,2.1389,3
-1.8363,0.94667,1
0.59438,-1.6815,2
0.41631,2.7223,1
-1.2705,-5.4213,2
-0.4237,-0.26322,3
-2.3763,-0.71647,1
-3.028,-0.86288,2
-1.9873,2.61,2
-2.8093,2.0202,2
1.3743,-1.3894,2
-2.6603,2.8434,3
-2.4637,-1.2077,1
1.0826,-4.6871,2
-0.6032,-1.5712,2
1.6128,3.6091,3
-0.44029,-4.4544,2
0.19268,-2.3888,1
-1.0771,0.18305,3
-2.5356,3.3085,3
-1.6678,0.60985,3
0.47741,-0.64639,3
0.90024,-0.8891,3
-0.89567,-1.0548,1
-1.1697,-2.338,3
4.6253,-1.1803,3
-0.69862,4.8041,2
0.31646,-0.36192,2
0.56238,-3.3501,2
-3.274,-0.71982,1
-0.48962,-3.1214,2
6.5262,2.3026,3
-1.1881,1.8681,2
-0.14682,-1.1257,2
0.073296,-2.3136,2
-5.0641,-1.055,1
-0.13597,0.82231,2
2.4591,-1.9191,1
1.7114,-0.79643,3
1.472,-0.070682,2
-1.8713,0.89371,1
0.67879,-1.5796,2
-1.1444,-5.4767,1
-1.8185,0.95776,1
-3.9721,1.7768,2
0.011541,-0.19508,3
2.3158,-1.3059,3
0.41292,1.8204,3
-5.5044,-4.6632,1
-2.5717,0.86003,1
3.9901,3.229,3
4.5619,0.61005,3
1.7576,1.6612,2
-0.72051,1.1845,3
-2.6133,0.98701,1
-2.4265,-1.5942,2
-4.7713,-0.53144,1
-0.21404,0.46365,3
-0.2763,3.9236,2
2.8994,1.7441,3
1.725,3.8409,3
0.2076,-0.95491,3
1.6957,3.5954,2
0.096142,-0.56142,1
-4.9595,-3.7265,1
4.3816,1.8306,3
0.69393,0.15442,2
4.3827,2.2975,2
-2.4899,-1.9622,1
-1.7925,2.9352,3
7.8892,2.3713,3
-1.2533,3.1912,1
4.7634,2.2871,3
-4.6496,0.72061,1
0.56539,-2.5231,1
-1.0669,-5.1632,1
-4.2142,0.47098,1
2.1146,1.1627,1
2.7929,-0.24225,1
0.83703,-0.30482,1
1.3217,-1.5602,1
-0.16525,-1.8278,1
-4.303,-0.91368,2
-1.2075,1.3331,2
1.2502,4.1292,2
-3.0429,-1.168,1
3.1443,1.7261,3
-3.6749,-3.6779,2
0.72266,1.0842,2
1.6824,2.8974,3
2.2838,3.0347,3
-2.7497,-1.8813,1
-1.8275,-1.4777,1
-6.6329,-4.8774,1
-1.0057,-4.5376,1
-2.2975,0.92653,3
2.8589,3.0182,2
2.1312,-0.87248,1
-2.1722,0.62663,2
1.0566,4.2591,3
0.69007,-1.2742,2
0.077182,0.19651,3
0.51079,1.0226,3
-0.16107,0.10434,1
-3.9171,-3.4464,1
0.64931,2.6598,3
-1.8223,0.82204,2
2.2073,0.80353,3
0.067228,-0.83563,3
-0.64941,-2.342,1
0.87006,0.11596,1
-1.9216,1.822,3
0.22795,-0.092187,3
0.11368,-1.9637,3
-0.64933,-1.942,2
-0.60286,-1.381,1
-5.0905,-5.3786,1
-1.4166,-1.9991,1
-1.5252,-0.48186,1
1.2247,1.9422,3
1.3438,-1.9919,2
1.5971,-1.8868,1
0.56634,3.5819,3
-2.2365,-2.3959,1
2.2202,-3.386,3
0.97771,-0.5716,3
0.053937,-2.2986,1
-1.4696,-1.3115,1
1.1777,-1.8027,3
3.687,2.2062,3
0.27317,3.1,2
-2.9084,3.7349,3
0.18978,4.0547,3
3.1025,0.66478,2
-2.5512,-1.0095,3
-1.6298,-2.88,1
0.22216,-1.0852,2
-0.29038,-1.4115,2
-1.7196,-2.0337,2
0.57396,-0.31336,3
3.8405,1.5007,3
-0.029745,1.1126,2
-2.9693,2.348,1
0.93582,0.86568,3
0.90632,0.92795,2
-2.0242,-2.814,2
-0.15548,2.9015,2
1.2532,2.3048,3
-2.2223,1.4968,2
1.7596,2.2936,3
2.8282,2.3878,2
0.70929,-2.3416,2
2.0879,0.70621,2
-5.8733,-1.5975,2
1.4869,0.10186,2
3.8198,0.5396,1
0.95524,-2.1312,1
-1.0418,-0.13006,3
1.3573,1.6673,2
0.6308,4.19,3
-0.18452,-2.1931,2
4.9307,-0.53291,3
0.65435,-1.7847,2
-2.9161,-1.6266,2
3.6922,1.8383,3
2.5224,2.2476,3
-1.3343,4.1463,2
-2.1569,1.252,1
2.2177,-2.4377,2
0.67859,0.32051,1
0.98299,-1.0013,1
-0.47438,-2.6622,1
-1.9252,-0.53564,2
0.60107,0.11034,2
0.084665,-2.8082,1
0.93667,1.9502,1
-1.0319,-1.9083,3
0.70049,3.3831,3
-1.0005,-3.06,1
1.0135,3.7242,1
5.9946,1.5818,3
-5.9121,-3.601,1
-2.8367,2.7387,2
-0.9639,-1.355,2
-1.744,1.6955,1
1.3884,-0.91745,3
-1.1788,4.8104,1
3.1963,-0.10779,1
2.7261,3.0575,3
-0.94769,2.5652,2
-0.98025,2.392,2
1.0075,5.3632,3
-1.8716,-1.8936,1
-4.2831,-1.2054,3
2.1755,-2.5671,2
-2.0047,-0.91701,1
0.94972,-0.98823,1
1.7142,-0.66636,1
-3.5633,1.5437,3
-0.5922,-1.8642,1
2.5366,0.78071,2
-0.11686,-0.50672,3
-0.43771,2.0991,3
-0.51148,0.58341,2
-1.4975,2.994,3
-2.3502,2.5207,3
-0.14253,1.1276,2
-1.4321,-1.6278,1
-0.38787,-1.324,2
1.102,-0.37607,1
5.7247,2.3161,3
6.5103,4.1961,3
1.3711,2.217,3
0.40909,2.7975,3
-2.4407,-1.3141,3
-3.3879,-0.54116,1
3.2383,-0.71782,3
-0.44881,3.6201,2
2.6318,-2.8848,1
0.94822,1.3032,1
-1.3247,-0.55097,2
-2.4378,2.1066,2
1.024,3.8161,3
0.8881,-3.7323,2
-2.3421,-3.6592,1
-0.098017,3.0197,3
1.7694,0.98991,1
3.8187,1.644,3
0.57336,2.1474,3
-1.6539,-0.51831,1
-1.1154,-2.9797,2
-4.7239,-2.7752,1
2.357,3.1274,3
-2.0289,0.42154,2
-3.1685,1.3001,2
5.0206,-6.5314,1
1.2984,-1.7235,2
2.7881,-2.725,2
0.57807,4.033,2
-1.1646,-1.5565,1
0.49508,-0.24179,2
2.2982,-0.50535,1
0.29749,-0.19512,3
0.19397,-0.35032,1
3.6719,1.7692,2
2.9071,3.8343,2
1.8605,1.4615,1
1.3005,4.6097,3
-0.96916,-1.6749,1
-0.73579,1.5501,1
2.1934,-0.28163,3
-2.8037,-0.80224,1
-0.2416,-1.2194,1
1.0116,-1.0129,3
1.5954,1.8486,3
2.4323,-1.2102,2
-0.42711,1.7297,3
-1.4637,-2.1655,1
-0.21815,-0.90369,1
1.2451,1.9079,1
2.5251,4.1834,3
2.3169,-2.6788,3
-1.5227,0.036468,2
3.171,-3.4793,2
-2.1769,-0.9469,2
-1.4373,-1.2475,3
0.0089225,2.044,1
-1.1634,-4.8076,1
-3.2697,0.030248,2
-4.475,-2.484,1
-0.24054,1.2416,2
-3.213,-1.7184,1
1.4607,-0.021988,3
2.0586,0.7085,3
3.3008,-1.4063,1
-2.6397,-3.1499,2
0.25995,0.99686,2
1.7946,-0.63221,2
4.0071,-0.62686,3
0.85688,-2.8229,2
-1.2537,-0.63314,1
-3.0854,-0.8257,1
-2.2607,-1.018,1
-0.22491,-3.5921,1
-3.2882,-1.9473,1
0.84489,0.65705,1
-1.0498,4.474,2
1.4472,-0.062209,3
0.29252,-0.17781,2
-1.2788,5.793,3
-0.20077,3.5836,2
0.12076,2.354,3
-1.2077,4.5712,1
5.758,2.6862,3
-1.6354,-0.8965,3
-0.76418,1.2549,1
-0.88203,3.4805,2
0.16237,-0.00029338,3
-3.9097,-3.2009,1
0.081765,-5.1094,2
-4.5915,-1.9182,3
2.8353,1.443,3
-0.263,4.1006,1
-0.63995,-0.0033298,1
0.6067,0.91828,3
-5.5109,0.57055,1
0.14366,-6.5427,2
2.9349,-6.2086,1
2.3422,0.17555,3
2.8884,1.0502,3
-0.38299,-2.5565,2
-0.027895,-3.1175,2
-4.1493,2.479,2
2.6255,3.6584,2
-0.85972,3.0218,1
0.69052,3.4487,2
-0.8322,-2.4146,1
3.7304,2.8741,2
-0.4272,-0.84735,1
3.0828,2.4844,3
4.537,0.21871,3
-4.5391,-2.239,1
-1.2238,-4.4601,1
1.9092,-3.0595,3
0.46391,0.73842,3
1.7646,-3.8726,3
2.961,-1.9169,1
2.0124,2.979,3
-2.623,-0.17778,1
-1.5427,1.4492,1
-0.37903,-4.8569,2
-3.2564,0.43785,1
1.955,0.97414,3
0.67853,-0.11016,1
1.9232,-2.9379,2
4.5166,3.8835,3
-2.204,1.2151,1
-0.72253,-2.6664,3
-1.7903,-1.9002,2
-1.888,-4.5256,1
0.10588,-1.4883,3
0.78092,-0.069309,2
7.7505,0.16101,2
-2.6827,-0.76886,1
1.2548,0.87775,3
-1.4465,-0.42834,1
-3.9152,-0.7253,1
1.7474,8.4237,2
-1.6173,-0.04362,3
-0.13114,1.5557,3
1.1852,0.29799,1
-1.7103,-0.98704,2
-1.9963,2.8084,1
-1.7898,-0.49845,1
-1.8879,-3.4775,1
-2.4403,-2.1058,1
0.49081,1.0382,2
-1.5332,-2.0202,1
-2.7811,-0.95764,1
-0.12799,1.382,3
-1.64,-0.20135,3
-3.0465,-1.3147,3
2.603,2.2147,3
-2.0156,2.2436,1
2.9472,0.096048,1
-2.1324,-1.1479,3
2.08,-4.7291,2
-4.5795,-0.9844,2
-2.2327,1.0769,1
-0.50704,-1.8846,2
-0.96348,2.3534,2
-3.5894,-0.70357,1
-0.22783,1.9283,1
0.86978,1.2435,2
-1.0341,-0.75173,1
1.0858,1.1802,1
-0.89849,-2.8038,2
-0.70781,-1.2783,2
1.0531,1.786,3
1.0905,0.12542,3
0.0065672,-3.4335,2
-0.32633,-1.7808,1
-0.51324,4.2943,2
0.5014,1.2728,2
0.45352,-2.1788,1
1.3765,0.47456,3
-2.0215,4.5098,3
-1.6623,4.1673,1
-0.7492,1.5352,3
-1.181,0.36137,2
4.2327,-1.7429,3
1.3153,-3.9267,1
0.045191,-1.1466,1
-1.3196,2.3943,1
-2.7589,-7.1358,1
-0.39811,-0.7224,3
1.0957,-0.34733,3
-1.2983,-1.3175,1
-1.9906,-1.3297,2
3.7998,1.3603,2
1.4512,-0.64478,1
-3.8804,-3.3935,1
-1.9433,5.0405,2
0.72196,-0.56196,3
-2.4226,4.5391,2
1.9078,4.5265,3
0.61623,-2.751,2
0.34198,1.9524,3
1.999,-3.0341,2
5.6746,2.8897,1
-1.2542,-1.2929,3
0.95916,-1.5838,1
1.4191,1.3701,1
-1.4858,-5.5936,1
-1.6968,-0.39313,2
-0.76586,-0.55736,1
2.3066,2.1502,3
-1.1746,2.5418,2
3.3387,1.5836,2
0.53709,-2.7355,1
-1.7888,2.4185,3
2.6822,5.7182,1
3.5543,2.3818,3
-3.0968,-2.6677,1
-0.958,0.69031,2
-1.6422,3.614,1
0.049394,-0.37999,3
2.5995,1.1395,3
-4.4188,-0.54662,2
0.020056,-1.1018,3
-2.2649,-1.9487,1
-1.7073,-1.3027,1
2.9434,1.2681,3
2.2018,2.1618,2
-5.864,-0.26635,2
-2.1733,0.7243,2
2.2621,0.73547,1
2.0841,1.163,2
-0.76704,-0.41076,1
-0.89678,3.4939,3
0.69825,2.6125,3
0.2745,-0.074858,1
0.61275,-4.1786,2
-3.6556,-0.71623,1
1.727,1.3918,3
-0.34085,2.2086,3
-2.4524,-1.8451,2
-0.5128,2.4381,2
-4.9078,-1.709,1
2.7093,-1.6306,3
0.59494,1.3981,3
-2.9811,-2.1371,1
1.2718,-1.4876,2
2.7056,-0.089148,2
0.52104,1.0455,3
1.4815,5.0333,3
-2.7635,-0.86677,1
0.24853,3.4537,2
-1.2488,-1.584,2
2.1199,-0.4298,2
-0.42642,0.0077789,1
1.7361,-1.5744,2
1.775,3.81,3
1.6309,-0.74067,3
-1.2792,3.1327,1
-0.22337,-1.6032,1
-0.80646,-6.1639,1
1.1941,3.2984,3
0.70247,-0.21417,1
2.3697,1.0084,2
1.7831,-0.064834,3
2.4225,2.1524,3
2.266,0.65017,2
0.80421,-1.522,2
2.1441,2.6445,3
3.7181,3.1762,3
0.95889,5.5627,3
0.82065,-1.451,3
0.43296,5.61,3
0.4073,-3.0428,1
1.1953,-1.8596,3
1.6369,3.8639,3
0.87749,0.50574,3
1.3574,3.5902,3
-4.5381,-1.1424,1
4.6591,-0.55248,1
0.57581,0.90967,3
0.51726,0.49382,3
2.5595,-4.3327,1
2.0481,4.0612,3
-2.0158,-3.2271,1
0.061852,-1.2809,1
0.66789,-4.5001,2
2.533,-0.31815,1
-0.77327,-3.1516,3
-1.1361,-1.9651,2
-0.72509,0.057867,1
1.2824,0.37007,1
0.14546,2.8493,3
-7.5446,0.080049,3
0.86382,2.3612,1
-1.1279,-2.3204,2
-1.6105,2.322,2
0.4649,0.74975,2
0.7149,4.3045,2
-0.47332,4.9513,3
0.85881,-0.79622,3
0.56685,2.0129,2
1.759,-2.235,2
-0.95472,-0.4839,1
-0.88035,-2.6681,2
-2.4315,-0.68903,1
0.9009,1.4737,2
0.47947,0.43275,2
-2.9458,-2.7253,1
2.0352,0.093661,1
-1.1027,-3.6651,1
-1.626,-1.2202,3
-3.2681,-4.5919,1
3.5135,0.079493,3
3.7467,0.41586,3
-2.4487,-4.5064,2
3.1497,0.353,3
-1.6576,-0.68832,3
1.3246,-2.2553,2
0.029778,1.1654,1
0.57517,-0.14958,3
-0.36077,1.9683,1
-2.6997,-0.21297,1
0.5266,-4.5867,2
0.48543,0.69631,1
-2.5727,0.67494,2
5.7949,-0.40219,3
-3.4584,-1.5343,1
0.97956,-0.33448,3
0.17262,2.8348,3
0.19547,-1.3624,1
0.13025,-2.2277,1
0.37488,-1.9462,1
3.0085,3.3644,3
4.2534,-1.8078,1
-1.452,-2.689,2
-2.4226,-6.2769,2
-1.6903,-0.28766,2
0.16915,-0.051406,3
0.62096,1.832,3
-0.61073,-0.69766,2
-2.9406,-2.4116,1
2.6801,1.3544,1
2.1887,1.5085,2
-1.538,-1.3965,3
-0.78549,3.9384,3
-0.5792,-2.7492,1
0.22424,-4.2445,1
1.8257,0.49726,2
-0.90521,2.2635,3
0.56151,-1.517,3
-3.7234,-2.7041,1
0.53527,0.69569,3
-3.6686,-0.050373,3
1.2227,0.71905,3
-2.4551,-5.8818,1
0.30897,3.5327,1
1.163,1.6335,2
1.4218,-1.589,3
-2.537,1.8751,2
0.46357,-0.4099,3
-0.53292,-0.71276,3
-2.4894,2.2389,2
-0.088731,0.52263,3
0.077863,1.3682,1
-1.5102,-2.0344,2
-3.3205,-1.8177,2
0.39463,-0.40403,1
0.099895,0.11367,2
-0.55221,-2.6962,3
0.6035,-0.77227,2
-2.6587,2.1434,2
3.0752,3.2641,3
-3.704,-0.8441,1
-1.3012,0.4217,1
-0.22586,5.0452,2
0.3673,2.2686,2
3.3312,-0.89715,3
-2.4298,-2.7209,1
4.818,5.9817,3
0.71185,-3.0432,1
0.63881,0.5887,1
2.7969,2.8063,3
-0.31284,-1.2158,1
-3.5769,2.8861,1
-2.2567,0.088024,2
-2.5348,4.4709,1
4.5009,2.9093,3
1.543,-1.7829,1
-1.338,3.2189,2
-5.6471,-1.4787,1
1.4883,2.3755,3
3.3769,3.6887,3
1.644,-0.94871,2
6.4489,2.9373,2
6.4247,5.2253,3
-1.0313,-0.18252,3
-1.4914,-2.2732,2
2.6357,5.1676,3
-0.12904,0.96303,2
-1.109,-1.8664,1
0.76062,0.32478,2
0.8255,0.69659,2
0.19607,-1.124,2
4.0601,5.5422,3
1.1682,0.66361,1
2.3269,2.5232,3
-1.4336,-1.0375,2
-0.4762,-0.80203,2
2.4527,2.0387,3
0.55003,-0.20507,2
-0.9773,1.5153,1
1.9409,-0.75332,1
2.18,-1.1155,3
-3.094,-1.7206,1
-2.284,-1.5515,2
-2.6374,-1.1524,1
2.1929,3.1101,3
1.199,-2.3873,1
1.6104,3.8883,3
-1.6856,-0.29732,3
0.90741,5.6155,3
0.29686,-1.2106,1
-1.5502,1.3488,3
-0.15983,-1.0962,1
-3.3535,-4.4038,1
-2.4746,-1.0614,3
-3.4018,-5.2481,1
0.40987,2.0376,3
-3.1633,-2.9278,1
-3.8865,-5.8966,1
-1.2276,-0.14982,1
-0.32213,-0.54986,2
0.5884,-0.62481,1
2.7851,-0.35614,3
-2.5062,-3.0327,1
-4.8932,-1.5523,1
-1.9449,-0.34594,2
1.8473,5.9191,3
-1.2368,-1.6731,1
-2.3216,-3.3696,1
2.0417,-3.2977,2
-1.0439,3.2987,2
0.92348,1.005,2
-1.9825,-0.20159,2
1.3608,4.4909,3
2.6882,-2.1147,3
-1.5168,-0.60016,3
0.4203,0.47629,1
2.7471,-1.0624,2
1.7336,0.78454,3
2.2035,0.41048,1
0.7405,-0.29023,1
-1.0765,2.3407,2
-3.9963,0.24226,1
1.9544,2.5177,3
-1.4569,-3.06,3
1.0299,-1.5392,3
0.43626,-3.1593,1
0.76837,0.89351,1
0.59574,1.3914,2
0.9227,1.9665,2
-3.1165,-1.5496,1
-1.6743,-0.3744,1
-2.3701,-1.8575,1
-1.7048,-3.9649,1
2.9414,-0.09376,3
-1.3704,-4.894,1
-0.38576,-3.2887,1
-0.82724,2.6718,2
3.1969,0.36761,3
-1.9353,0.55381,3
-0.0012198,-4.2977,1
-1.9137,1.0079,2
-0.99536,3.1481,2
-8.2285,-0.99612,1
2.4478,1.3876,2
2.3781,-0.53802,3
-1.1845,-1.1318,2
1.2802,-0.55022,3
-0.9412,-1.2558,1
1.4709,3.4319,3
-1.2659,-4.9614,1
0.02453,0.24321,1
-2.1052,-4.1172,2
-3.0338,-1.1332,1
1.4457,-1.681,3
1.1022,3.1229,2
1.9899,-3.1422,1
-4.0228,-1.0392,1
5.3983,2.879,3
1.0309,-4.2272,1
-0.29143,-1.1948,3
2.0265,-0.99291,3
2.7563,3.9145,3
-2.0288,0.66311,1
1.4396,1.7451,3
-2.8198,-4.9889,2
0.68244,-0.78336,1
-2.4553,-3.3711,1
2.0444,-1.6716,3
1.5643,2.3061,3
-2.2523,-4.4547,1
1.6215,0.52299,3
-0.51654,-0.32457,2
2.4142,-0.02095,3
-0.82754,-2.4338,1
-3.4085,-1.4487,2
2.9791,5.6475,3
3.9098,0.092683,2
1.2519,2.9896,3
-6.2838,-0.46334,1
0.869,3.9305,3
-4.9862,-1.3506,2
-0.43104,1.8429,1
3.1101,0.90432,3
2.6883,-0.58993,3
-1.6086,0.085233,3
-2.1462,-1.4756,2
-1.8507,-2.2058,1
0.11123,0.66862,3
3.3119,-0.33374,3
1.114,3.0378,3
2.4675,0.32685,3
2.5028,-3.9443,1
2.0547,0.66521,2
-1.5484,0.8839,1
2.2678,-2.5661,1
2.3415,-1.2155,3
-0.26827,-3.4255,1
0.86502,-4.6754,2
-3.1014,-1.1661,1
1.0892,0.87347,3
-3.1412,-1.5709,1
1.4261,-2.0791,1
1.5571,-1.8274,1
5.6654,-3.0782,2
-3.2968,5.2227,3
0.23987,-0.84549,3
-6.7228,-1.2786,2
0.63769,-2.2427,1
2.5794,1.6376,3
1.2941,2.5156,2
-0.21203,-0.33512,1
1.6077,-1.5178,3
-2.0676,1.9624,2
-1.5992,2.1229,2
2.5713,4.9907,3
0.5759,-2.2123,3
-0.0071257,-2.2995,1
-2.5407,-0.021794,2
0.96681,3.7642,1
0.011806,-7.6769,1
0.20543,0.42262,2
1.5597,3.8744,3
-2.6511,0.070585,3
-2.9981,4.3816,1
-0.65785,-1.8214,1
-0.37343,1.2093,1
1.2946,2.1572,2
-0.12702,0.14394,2
-5.2828,-3.198,1
-1.6064,-1.2152,1
-2.6782,1.9814,2
-2.6331,0.2312,2
-3.7328,2.7912,2
-2.9624,3.4321,1
-2.1035,-0.33661,1
1.3687,1.062,3
-0.11756,-0.17284,3
2.2923,-0.32379,1
3.018,-2.8862,2
-1.7472,-2.0239,2
-3.3703,0.93477,1
2.6738,-2.4144,2
2.5911,1.9541,3
0.39845,1.7585,1
-0.24457,4.2252,3
-2.128,-0.0019434,1
2.149,2.5392,2
-0.99653,-1.6337,1
-3.874,1.2477,3
-1.3101,3.3545,2
2.2202,1.1232,1
-3.5782,-0.23579,1
0.46254,-0.28864,3
-1.7858,-0.074572,3
2.5444,0.35411,2
-1.1695,-2.51,3
-3.0461,-1.5524,2
1.3677,1.5556,3
-0.52357,-2.2875,2
0.43911,3.5129,3
0.37208,-3.2644,1
1.9899,1.7276,2
-2.2391,-2.4704,1
3.1278,2.7904,3
0.69595,3.1131,2
1.2165,-0.9216,3
-2.3585,2.5117,1
0.73508,-1.6419,1
-3.074,-4.8658,1
0.55671,-3.6879,1
-2.7754,1.3085,3
-0.76946,-2.9855,1
1.107,2.1264,2
-0.48642,-0.047191,2
-1.5674,0.18316,2
0.85624,1.5753,2
-1.5088,2.0637,1
1.5038,5.0476,3
-0.18625,0.66318,2
1.2658,-0.52272,1
-0.23458,-3.3482,1
4.1082,1.5074,3
4.0488,0.98462,3
-2.2178,-1.3961,1
-5.5877,-0.495,1
1.3314,3.4896,3
-2.3485,-0.24208,3
3.5292,1.1188,1
0.52198,-4.8143,2
-1.7263,1.6601,3
3.1103,-1.7875,2
-0.36633,-0.46174,3
3.2332,-0.065635,2
-3.0665,-2.268,2
-0.82412,0.5304,1
1.4576,-1.9959,3
-0.54887,4.1157,3
3.0687,-1.3127,1
-4.3047,-1.7457,1
4.3183,-1.9381,2
1.3912,2.9275,1
3.0308,0.98102,1
0.34366,0.37288,3
0.30695,1.7082,3
-2.0691,-1.9997,1
1.4428,1.0423,1
-1.7677,-2.4497,1
0.35155,-1.1395,1
0.90721,-1.303,2
-3.1986,-0.76404,2
4.9747,1.4996,3
2.9044,2.7514,3
5.1362,-1.0689,2
-2.8358,-3.6839,3
2.0625,-0.58253,3
-4.9843,-0.21317,1
3.2423,-1.8788,2
-6.7247,-0.84509,2
1.0847,-0.6897,2
1.1601,0.54904,1
-0.39594,2.1618,3
-1.1689,-2.4393,2
0.3375,4.3088,2
-1.5188,1.8704,2
2.5577,2.5517,1
-0.46917,0.42927,1
1.5595,2.4441,3
1.6598,6.4736,3
0.33186,2.5919,2
-0.98615,-0.89932,1
2.6359,-0.34728,2
0.96153,-4.5767,2
-0.21525,0.74424,3
1.5967,-1.5153,1
-2.2929,0.14162,1
-2.1202,-0.72864,1
-2.2388,0.23164,1
-5.1582,-9.3706,1
-2.6387,-2.6918,1
3.4765,0.010213,2
2.1008,2.0399,2
-1.5734,0.026953,2
-3.1854,-1.9932,1
-0.29914,-0.94101,1
-1.5658,-2.7293,1
-3.655,-6.6019,1
-1.7235,-4.9021,1
0.84905,-1.0408,1
1.0826,-3.078,1
-4.4706,-1.7437,1
-2.8608,0.31043,2
-5.9166,-2.0392,1
-1.3545,-1.6286,2
-0.032601,0.98654,3
-3.9716,-1.6278,1
-2.7668,-1.1809,1
2.2797,1.9618,2
-0.37959,-1.6892,1
2.1968,-2.1574,2
0.56551,-0.18225,1
-1.2326,3.6949,3
-0.12046,-2.9264,1
-1.5324,0.71737,2
-0.55433,1.7208,1
-2.7547,-1.7096,1
-0.80802,-0.39668,3
-2.1484,-1.17,1
-3.7767,-4.4149,1
2.9314,1.1056,3
0.13856,-0.54961,2
1.524,0.49104,3
1.5482,1.3847,3
0.05573,2.0985,3
-0.071301,0.89314,3
-1.6727,2.2574,3
-1.6615,-0.068554,2
3.7175,2.0107,3
-4.0841,-4.7432,2
1.2617,-3.7974,1
-3.5659,-0.62518,1
1.6981,-0.78266,3
1.2544,2.5826,3
-0.84688,-0.91365,1
2.2357,3.2494,3
0.2708,-0.051285,1
-1.0733,-0.30093,2
1.7665,3.0114,3
-1.7532,-0.30693,2
-2.1386,2.8487,1
-1.907,0.33201,1
-2.4991,3.5136,1
-3.5626,-3.7968,1
3.1395,3.9736,2
0.20128,1.5162,2
-1.5933,-1.0542,1
0.012408,-1.8514,2
-0.85472,0.80967,2
-0.80626,-2.1891,2
4.2583,1.2871,1
0.57237,-3.475,3
-2.8772,0.19625,3
-0.33934,3.039,1
-0.76071,0.97454,3
1.6938,-2.1908,3
-0.85042,1.0532,1
1.1029,3.4996,3
0.55068,0.45385,3
-0.7107,0.63328,1
0.62896,0.52049,1
0.78971,-2.0709,1
3.6392,5.7046,2
4.5399,1.8962,3
-1.5979,-4.0112,1
1.5915,2.6735,3
2.2122,2.5521,1
1.2334,2.2549,3
-3.1737,1.6949,2
-2.632,-2.9377,3
6.6235,5.5915,2
-3.4891,-3.5722,1
-1.0186,-0.29247,2
-1.5012,-5.3963,1
2.9861,-2.6698,1
2.2559,0.5868,2
-3.2848,0.69179,3
-0.27702,-1.5128,3
1.5562,2.8044,1
-0.60804,-0.63795,2
1.6485,1.621,2
-2.1349,1.1179,2
-1.4535,1.0606,1
0.27828,2.932,3
0.29402,2.3349,2
0.98443,1.68,3
0.012584,0.65382,2
-2.3395,-2.0373,2
-1.0665,0.56953,2
-2.1852,-1.5008,2
-0.73727,-4.0491,2
-3.3012,-2.7949,1
-2.8356,-3.0288,1
-4.1544,-0.73474,2
2.1792,0.4091,1
2.8921,0.85764,2
-0.51217,-1.2999,1
-0.17224,-1.2823,2
-0.74557,-0.13132,1
0.97036,0.56909,1
-0.81778,1.5154,2
1.6241,-4.5443,2
1.5857,0.10398,1
-1.6502,-1.0507,1
2.3466,3.474,3
-2.3266,0.92199,1
6.5121,-1.3658,2
0.073294,3.0344,2
-1.064,-1.0045,1
3.0556,4.4563,3
-1.1949,-0.67259,2
1.8416,0.50702,2
-3.6207,-3.3673,1
0.82493,-2.1253,3
-1.8526,1.0443,2
-0.35646,0.027179,2
0.28816,0.0096223,1
1.1537,0.26918,3
6.721,3.0485,2
-3.104,-1.9713,1
-0.45095,4.1345,2
-1.3365,-5.2317,2
0.095591,-1.964,2
2.5933,2.2708,3
0.76259,-1.7667,3
3.1987,2.1214,2
-0.71323,0.82618,1
4.9257,4.3152,3
-4.6068,-1.7709,1
-0.29067,4.3899,1
-1.4774,-0.91496,2
2.225,-0.10863,1
-2.9921,2.7429,1
0.54427,-1.9411,3
0.43938,2.2621,1
-4.3466,-1.841,3
1.8095,1.5904,3
0.49282,-1.8535,2
-0.5069,1.8859,3
-1.2076,-2.1173,1
-1.857,-0.253,3
-5.0664,0.33021,2
-0.61893,-2.0503,2
2.0831,0.12955,3
3.1672,0.14761,3
-4.8166,0.82416,1
-0.6237,1.0265,2
-0.29761,-1.5063,2
-2.083,5.4958,2
0.97118,4.6492,1
-1.4242,-1.6916,2
-0.24026,2.3352,2
1.3459,-1.5011,3
1.3518,5.0045,3
3.6975,-0.047245,3
-7.4646,-1.9318,1
0.53435,-3.1382,3
-1.5263,-2.4371,1
1.5676,-1.5504,1
-0.31294,2.7217,3
-3.0165,-4.8102,1
3.2596,0.21288,1
-2.143,-3.9317,1
2.1176,-0.81913,1
1.6278,-2.1549,3
0.4191,0.91746,2
-1.108,0.029649,1
-0.65114,1.2773,1
-2.1904,1.4263,3
-1.3751,1.3412,1
-0.69923,-0.18159,1
5.0179,3.0497,2
-1.9309,-1.0837,3
-2.2324,-1.6123,1
-2.1347,-2.4165,1
0.57403,-0.50847,1
0.59457,-2.5138,2
2.5335,-0.74002,1
-2.0909,-0.91007,2
0.028841,2.6661,3
-0.5183,-0.2457,3
3.5073,5.1869,2
-1.1072,4.7585,3
-0.89825,-1.6555,1
-3.9395,-3.0543,1
1.8548,1.179,1
1.493,-3.2119,3
1.9479,-0.47942,2
-0.35649,3.7838,2
5.9023,2.301,3
-2.1655,0.36828,3
1.8783,-4.4767,1
1.6481,3.7069,3
1.7394,1.9478,1
-0.76168,-1.2886,3
0.96605,1.1348,2
-2.0562,-1.3389,2
0.07971,-2.2326,1
-1.8784,-2.2224,2
-3.6401,1.5593,2
-0.89126,-2.7078,1
1.4525,0.98705,1
1.0782,0.19988,3
-4.1182,1.3392,3
4.8726,0.084516,3
-1.1227,-1.9718,3
1.4342,0.02764,1
2.9325,1.2555,2
3.06,0.71028,3
1.9238,4.0554,3
-0.65224,-0.41303,1
1.2949,1.743,3
-1.2263,-4.0512,1
-4.1523,-1.7184,2
1.8935,0.8056,3
1.2878,-4.4,1
0.79928,1.0118,3
-1.5888,-5.3778,3
-1.9064,-5.7614,2
3.3815,4.984,2
-1.5554,0.81116,1
1.7432,3.9431,3
-0.47909,-0.45283,3
2.9593,3.5521,3
3.2918,2.0344,2
1.9661,4.0209,3
-4.217,-1.5708,2
1.3204,3.4209,2
-0.28758,-4.3858,1
1.1922,1.0108,2
1.2921,-0.069119,1
4.0344,4.0827,3
-0.9103,-3.7445,2
2.5422,-0.9165,2
0.35181,1.1821,2
3.5223,3.6904,3
-2.7317,1.3693,2
-0.090624,1.7745,2
-3.8438,2.5428,2
-0.74008,0.11556,2
2.5026,4.2015,3
2.9677,-0.0035615,3
-0.99803,3.1709,1
-1.436,0.784,1
3.501,-0.84925,2
4.2921,3.2697,1
2.238,1.4687,3
0.77635,-0.31528,1
-2.2373,-1.6131,1
1.4023,2.1278,3
-1.8638,0.11785,2
-1.7774,-3.6599,3
1.0025,2.1147,1
-1.4241,0.22066,2
0.58507,0.76847,1
4.3319,0.20789,2
0.34256,-5.9046,2
-1.391,-1.4576,2
-0.12756,0.92734,2
-0.60751,0.36233,1
1.8763,0.45405,1
-0.13098,0.039693,1
-1.4204,-2.0034,1
-1.0798,1.247,3
1.073,-0.54452,2
4.7427,0.92202,3
0.56414,3.5218,3
-1.5541,2.2394,3
0.71823,-0.15739,1
-2.8858,1.7763,2
-1.9432,-3.4528,1
-2.1484,0.51477,1
0.60156,1.0399,1
0.011619,0.068935,2
2.6108,1.5303,3
-3.237,-4.0588,1
-4.2013,-5.1024,1
1.5455,2.2759,1
2.9916,4.3147,3
1.7284,4.2928,3
-4.7762,-2.1824,1
4.1449,0.11455,3
-4.5993,2.7313,2
-0.96785,-0.039432,1
1.778,-0.10194,3
2.155,3.2885,3
0.14549,4.3672,3
0.56283,1.0619,2
1.2905,3.7657,3
-1.5219,-1.0772,1
3.0743,-0.074771,2
4.2691,-0.18268,3
2.782,-3.0061,3
-1.7664,-0.74126,2
0.35315,2.5501,1
1.3586,-0.3461,3
-4.501,-1.3469,1
1.2019,0.093234,1
0.30442,-6.8297,1
1.8669,1.6496,2
-4.8586,-0.49134,1
-0.3708,0.74828,1
2.6867,3.5158,3
2.5539,0.1774,3
2.7906,-1.0162,3
-1.6994,-1.0419,3
-2.9402,-1.9519,3
-0.60249,-1.6994,2
1.2048,0.036453,1
2.3743,-0.7522,2
0.80103,-2.1362,3
0.80829,1.4749,3
2.1632,-5.1214,2
0.47254,-3.3157,1
2.248,0.68562,3
2.0817,4.3316,2
3.3672,4.9333,3
0.12955,1.1713,1
-0.88745,-0.10719,3
3.0063,-1.4972,2
-1.0482,-1.509,1
0.8257,0.14366,2
-5.3692,-3.1027,3
1.0058,-3.6344,1
0.040171,0.095369,1
-0.21523,0.45423,1
-1.2734,-2.4851,1
-1.588,2.4637,2
0.66507,-2.4785,1
1.6282,4.982,3
-1.0066,-2.1469,2
0.44204,-2.9133,1
-1.2002,-4.5462,1
-0.95124,-0.095776,1
3.5401,1.1241,3
-2.4367,-1.6419,3
2.0424,-0.86809,2
0.84993,0.99561,2
-1.4206,0.10101,3
1.7307,-2.4691,3
1.7666,0.30716,2
-2.2335,2.3851,2
-1.3461,0.86746,2
0.36127,-0.68242,3
-0.42775,0.28688,2
-2.8835,-2.8458,1
0.90187,2.0631,1
1.6039,-0.14723,1
-0.78244,0.036992,1
1.6653,-2.056,2
-0.83321,-0.7135,3
-0.84385,-1.6165,1
0.49378,-0.55001,2
-3.0496,1.1671,2
-1.7839,-1.2798,1
-2.2265,2.6146,3
1.9817,-1.4242,3
-1.8249,0.47217,1
-1.8582,-0.69474,1
2.3711,-1.3855,2
-2.1049,0.2575,3
-0.062234,7.0107,2
-1.2766,5.2759,3
2.0165,-0.30879,1
5.1596,0.4228,2
0.56559,1.7838,1
-4.324,-4.1361,2
-3.7301,0.14806,1
1.7981,-0.14435,3
-0.32785,3.9256,2
-1.4921,-2.8845,1
0.91493,3.1245,3
-2.0373,0.27844,1
-0.044255,-1.0129,2
-4.242,2.3035,2
2.9451,2.1112,3
-2.294,1.0801,2
-4.7757,0.014024,2
-3.3786,0.45149,2
0.66002,0.99656,1
-1.8765,0.79388,3
-3.8014,-3.2735,1
2.2862,5.0137,3
0.702,4.1592,3
1.9539,4.6206,3
-3.9447,-6.8017,1
2.9802,2.5208,3
2.4426,1.2707,2
1.8321,-1.3915,3
0.021412,2.7181,3
-6.6499,-0.88113,1
-2.9574,0.0091724,1
-0.78798,-2.3454,3
1.0376,0.88606,3
-2.2331,-1.366,2
1.8596,-0.21508,2
0.11701,-2.883,3
2.7528,-2.1472,2
-5.0895,-2.445,1
0.4433,-1.5858,2
1.7047,-4.3244,1
-1.766,-0.32547,2
-1.5969,0.17564,3
-5.3163,-2.7352,1
-1.646,1.4673,1
1.2434,0.66472,2
2.0677,4.0416,1
1.2291,2.0126,2
-3.5897,-1.4295,2
3.2718,2.1615,2
-1.7,-1.4983,1
-2.5419,-3.6377,2
0.74758,-1.183,3
-1.5429,-0.95424,1
2.4048,1.1101,3
-1.377,-1.1359,2
0.71295,1.848,3
-1.2935,-3.7457,1
-3.355,-2.9495,1
-2.6385,-2.6624,1
-0.27301,0.51964,2
0.24543,-0.93332,3
-1.5121,1.367,3
0.69231,1.4203,3
-0.1842,1.2718,2
3.0344,2.1582,1
-2.5056,-0.75775,1
1.547,0.12422,2
1.4122,1.3396,3
-0.12718,1.507,3
-0.71843,2.0878,1
2.5063,-0.38218,3
3.5597,-0.4289,2
-0.47853,-0.67293,2
0.032314,-1.3609,2
1.3539,-0.49997,3
-1.2993,-1.3314,1
1.5892,2.4292,3
3.2776,-0.48237,3
2.9837,2.8629,2
2.2671,0.84377,1
-0.54471,-1.2977,1
-0.62484,1.049,2
-3.6484,-1.6043,1
3.807,-1.2998,3
-0.408,-3.0128,1
-1.256,-3.9938,1
1.936,-0.89864,3
-2.1114,0.050808,1
1.1113,1.3659,3
2.9501,4.6338,3
2.4378,-1.0477,3
2.8898,1.7332,1
-0.14129,3.026,2
-0.89917,1.9141,3
-2.071,0.201,3
-0.23777,2.7011,3
0.87736,-0.5526,3
2.0041,0.025459,2
1.0475,-0.28771,1
0.30394,3.1499,3
1.3802,4.2432,3
-2.2293,-2.0345,1
0.32601,0.14657,3
2.3587,1.5745,2
1.9532,-0.09999,3
-0.42762,-0.66372,2
-2.2877,-0.6463,2
-1.5481,0.23483,1
1.9976,0.63966,3
2.0746,0.8353,3
1.6444,-1.5354,3
2.2953,0.56953,2
-2.8225,-4.9277,2
-1.3839,3.0968,1
-0.93338,-0.72632,1
1.275,-0.24892,1
0.98467,-3.0091,1
-3.4305,1.8052,3
-2.4118,-3.4388,2
3.6972,1.7971,3
-3.3855,0.60037,3
0.83605,2.8529,1
0.09372,2.549,2
0.66,-2.3007,2
0.67528,-0.52885,1
0.089513,-1.4727,1
2.9994,0.1044,3
-1.8164,0.12616,2
-1.5053,-0.5423,2
3.1622,-3.7214,1
-2.7621,-1.3419,1
-2.1614,-1.4117,2
-3.1764,-1.8997,1
0.43121,0.12872,2
1.2854,0.37639,2
2.2614,1.7015,3
0.79137,4.5361,2
-0.74311,-3.0097,3
-2.4288,2.6167,2
-0.63763,-0.84995,3
-6.4546,0.91293,1
-0.08746,0.95281,2
-2.8563,-0.12768,2
1.6647,-0.50272,3
0.94995,1.1804,3
-2.1762,-3.4419,1
-3.5479,2.5313,3
2.5369,2.5728,2
0.63626,-2.7445,2
-2.4974,-0.88514,2
-0.068371,-1.4004,1
3.2652,1.6743,3
-2.5366,1.7925,1
-4.0579,1.5662,2
-1.2427,0.12753,2
-2.7231,-3.343,1
-1.9646,0.77852,1
2.9041,-2.6551,3
-2.6398,1.3762,1
1.4507,0.38837,2
1.1335,1.943,2
-0.19642,2.2482,3
3.6121,-2.8985,3
2.9775,0.3541,1
1.8521,0.86174,3
-4.3869,-3.0643,2
0.51725,-2.6209,2
1.0118,1.7586,1
-0.069443,0.2188,3
-0.652,-0.91793,2
-1.6889,0.24905,2
-0.46839,1.5221,1
-0.10082,1.9559,1
0.39713,-0.31511,3
-0.28574,0.57966,1
6.9495,5.2728,2
1.1294,3.069,3
2.8933,-2.735,2
-1.0702,-2.5468,1
-3.7739,-4.8348,1
-1.3487,-1.8182,1
-0.83895,-1.3447,1
-2.0235,-3.2368,2
-2.6748,-0.56,1
-0.59698,2.9902,3
1.9257,1.5781,3
2.7868,-1.9525,3
-3.6223,0.25033,3
-4.121,-1.4214,1
0.025012,0.41396,2
3.254,-0.8444,1
3.5805,0.73307,2
-1.0458,-1.1993,1
-3.6694,0.05837,1
3.6738,-4.392,2
-0.053809,-1.8974,2
0.7945,1.4663,1
1.7363,-2.8566,2
-2.9259,-3.2105,2
1.2999,-0.38338,3
3.69,2.0982,3
3.6742,5.2498,2
0.48163,-0.44256,3
0.084135,-1.6311,1
2.7377,0.72772,2
1.5097,-2.17,1
-2.1127,-1.098,3
2.0721,0.99482,3
0.29226,-6.8836,1
0.26064,-2.6582,2
0.32264,2.3217,3
2.4183,4.2709,3
4.0984,0.96481,2
-0.46132,-1.6181,3
0.48699,0.84456,3
-0.67882,3.479,3
-1.2857,-1.9216,1
3.0668,2.1825,3
-0.81574,-2.4207,2
-4.1363,-0.72755,1
-1.8554,0.62007,2
0.82795,-3.5385,2
0.41133,-0.43174,2
1.425,-1.5812,3
0.38389,2.7253,2
0.98136,-2.081,1
1.0606,1.0857,2
0.888,1.7528,3
-3.2867,-1.0554,2
0.89218,0.37304,2
1.7798,2.4545,2
1.1708,-4.7429,3
-0.17698,4.3996,1
-1.579,1.1308,2
-2.2037,-1.5027,2
0.77159,2.6634,2
0.49751,-0.29904,3
1.6954,2.7732,3
-0.88263,0.11064,2
4.4527,-0.85582,3
0.29864,-1.1761,1
0.17388,-3.343,2
0.083875,-2.6251,1
5.4452,3.5017,3
1.0877,0.23496,2
-2.3229,-2.2448,1
2.6168,0.22309,3
-3.6625,-3.1675,2
-1.7614,-2.0808,1
-1.6454,0.98347,3
2.2655,3.3392,3
-2.486,1.7817,2
0.17627,3.6,3
-0.15073,-1.4867,3
-0.96357,1.9872,3
2.5235,-0.24471,3
-1.4168,1.717,2
5.1734,4.1911,3
-3.1427,1.2207,3
0.70845,0.61583,3
-2.2656,2.9054,2
-0.24176,0.38057,1
2.1145,3.4606,2
-4.1436,-0.66821,1
0.85169,-2.2052,1
-0.60604,0.95154,1
1.3968,0.46944,1
-0.15948,2.2584,2
-3.1375,-2.3789,1
-0.79537,-4.8745,2
-0.2618,3.0257,2
-1.7327,-2.4898,1
0.70887,-0.50801,2
-2.5032,-0.90125,2
-0.36614,1.541,3
-2.1166,2.446,1
0.032172,0.33278,2
-1.0085,1.411,2
1.7345,-1.4483,1
-2.1602,0.0019844,1
4.493,-1.9337,3
-3.6245,-0.63655,2
-1.503,-3.5767,2
-2.0014,1.8148,2
-0.81039,-1.5785,2
-0.90218,-2.0452,2
0.69726,5.0172,3
0.34665,-4.4545,1
-4.2093,0.51581,1
0.41153,-0.73861,1
1.5051,-0.07472,2
-0.60329,2.1426,2
-3.2011,-5.3002,2
-3.8036,0.4874,2
2.678,2.4094,3
-2.0585,-1.0546,2
2.3878,-0.98965,3
-6.0439,-4.2541,2
-6.1192,-2.5907,1
-0.4623,0.8496,2
3.004,-3.8963,1
0.7279,-0.024314,3
-2.0338,-0.34965,1
0.29786,0.2489,3
-3.1289,1.0827,1
0.66241,4.2166,3
-3.1994,-1.3764,3
1.7209,1.3059,2
-4.175,-0.79353,1
-0.25956,-1.1149,2
5.7876,3.2133,1
-1.8425,2.8259,2
1.6102,-2.3879,2
-0.17425,1.0364,2
1.9937,3.5774,2
-3.1284,2.4015,3
-1.0153,-0.51044,3
1.1585,4.8091,3
-0.027225,1.5059,3
-1.7275,-2.3112,2
-0.41866,-0.069292,2
-1.3569,-1.6668,1
-0.35463,-1.8128,2
-0.61826,-4.2186,2
0.77054,-0.26587,3
-1.5742,-1.0888,1
3.3052,1.3194,3
-2.1878,0.57197,2
-1.8251,-1.1759,3
-2.7044,-1.1068,1
0.16394,-3.5629,1
-2.348,-0.98502,2
0.30939,2.0885,3
1.8136,2.3969,2
0.95176,-2.8812,3
-0.10855,1.7241,3
-1.0109,0.1842,3
-2.8876,-2.3709,1
0.2249,0.17032,1
-2.3167,-5.92,1
-3.1612,-1.0162,1
0.58167,0.10041,3
-2.8669,-6.1783,1
-1.7706,0.97658,1
0.092703,3.0431,3
-1.0967,-0.75815,1
5.1177,2.6912,2
-1.0182,2.0356,2
1.342,-0.35371,3
-2.2964,0.30639,2
-0.18759,2.6368,1
1.8034,-2.7784,1
1.2898,4.1473,2
-2.8632,-1.9038,2
-1.7428,0.28808,2
-1.2982,-1.0555,1
3.6212,-1.2544,2
-3.2329,-2.1807,2
-3.2441,2.9837,1
-1.8616,-0.87937,2
-2.1097,-1.3452,1
-1.7158,-1.6195,2
3.1403,0.26348,2
2.7948,0.99724,2
1.1101,1.8855,3
4.7248,2.2231,2
-1.8282,-0.27716,1
0.10052,-3.1157,1
-0.74474,-3.7429,1
2.3801,0.059559,3
0.52287,2.4431,2
3.2466,2.0963,3
2.0408,1.115,2
-1.5851,-1.2837,2
-1.2416,1.5431,3
-4.6443,-0.88664,2
4.1509,-0.35973,3
0.73459,1.1443,3
1.1649,2.4621,3
-2.0017,-4.8969,2
1.6813,2.88,3
0.72908,-3.9692,1
0.74172,-0.2187,1
-3.4662,-0.89331,2
-0.66336,-0.31979,2
3.1102,-0.42647,2
-6.246,-2.5531,1
1.9821,1.3889,2
2.7668,-3.0209,2
-1.7658,-1.7965,1
0.096193,0.2615,3
2.0526,0.32529,2
-1.2877,0.31054,2
2.6654,-0.61859,2
-2.6985,2.3621,3
-2.1704,-1.0492,2
0.8003,0.70297,2
4.1226,-3.2323,1
0.83317,0.45361,3
-0.40523,-0.56351,2
2.1604,2.1065,3
0.9523,0.15803,3
-1.8958,-1.8382,1
-2.5127,-4.3723,1
-2.2723,1.1658,1
-0.54978,-4.5948,1
-2.7247,-1.9815,1
-0.80192,1.1498,2
-2.1823,-2.216,2
2.3624,-1.5509,3
-5.4052,-7.4619,1
1.0919,4.8657,2
0.15122,2.1468,2
7.4189,1.0968,2
2.0537,1.6671,1
0.90213,-0.49384,1
1.039,1.0197,3
1.4552,-3.451,2
0.82118,2.7448,2
1.698,-0.58304,2
-0.72513,-2.8435,2
-0.88563,4.2902,2
-0.32216,-1.3759,1
-0.54219,1.9421,3
0.62132,-0.87953,2
-2.4127,-0.75844,3
-3.0985,-2.1354,1
-2.5412,-2.0405,1
-2.916,-0.44456,2
0.95157,-0.86887,2
0.56293,1.7931,3
1.7745,2.7234,2
-0.17915,-1.6296,2
0.19134,0.42975,1
2.9979,2.0878,2
2.8081,-0.48728,1
-2.1445,0.64195,3
-0.40075,1.4629,2
-2.2649,0.70354,3
-3.8045,-1.9292,2
-1.3162,-0.17384,1
3.2618,1,1
0.47513,1.4553,1
0.83654,2.0503,3
2.6314,2.1557,3
-1.0537,3.4667,2
3.5518,-0.36988,1
-0.4257,0.44183,1
-1.0642,-0.5311,1
3.0157,1.4247,3
1.2785,-1.9437,2
-5.7009,-3.7687,1
-4.2143,1.8839,1
-0.36464,-2.0277,2
-1.2392,1.9764,1
-0.74606,0.24185,3
-1.02,-1.0971,2
1.9812,1.3261,3
-0.66595,-3.3368,1
2.5767,0.47176,1
-0.94955,1.6778,1
-0.61827,-5.5976,1
0.86286,0.70976,3
2.2196,-0.062073,2
0.42099,0.10123,3
2.817,-1.509,2
-3.3224,1.0956,3
1.1491,1.881,3
1.5504,1.9782,1
-4.2254,-2.6142,2
-0.45627,-0.29868,2
-0.35955,2.5604,3
-2.5482,-3.5974,2
3.2354,2.4892,3
-1.8859,1.076,3
-1.9409,0.52624,3
-0.039766,-0.70661,1
1.5822,1.3454,3
0.93293,-1.9556,3
1.1252,-0.99263,3
2.2651,4.5761,3
-3.0388,3.5756,2
1.1565,0.50657,1
1.0111,3.309,1
-2.2628,5.0925,2
0.15188,2.5674,1
-0.9672,-0.68947,1
0.054607,4.2742,3
0.098535,0.21171,3
0.38041,0.98717,2
-2.8098,-2.8528,2
-1.6107,0.0013114,2
-0.086424,2.1276,1
-4.2589,-3.8308,1
1.4307,0.31229,3
3.2122,-0.85425,2
6.84,1.6999,2
2.3407,0.12623,2
1.4452,1.4524,1
3.9007,2.0043,3
3.2299,2.3569,2
2.3878,-0.92924,2
0.76205,-1.172,1
-2.6811,-2.0866,2
-2.4688,-0.24216,1
1.3553,0.58889,2
2.3474,0.17522,2
1.2688,2.4375,2
-3.2635,-1.1842,1
1.6347,-0.33292,3
-5.9837,-1.3555,1
-0.037131,-2.8363,1
-2.414,0.58372,2
-1.0103,0.12736,1
-1.0489,3.0182,1
-3.5606,-1.6081,1
-1.6264,-2.9172,1
2.4218,-0.48069,3
-3.2033,-1.4386,2
0.18642,-0.18029,1
2.4304,5.6938,3
-3.811,-3.6308,2
-2.1224,-2.6257,1
-3.8467,1.936,1
0.10709,-0.7858,2
-1.4801,-3.6098,3
-4.4994,-0.08772,1
1.5817,1.0597,2
2.8479,1.392,2
-0.69388,-0.0082801,3
1.1056,0.37527,2
1.2251,-0.023279,3
-1.0936,-0.79388,1
3.1849,2.0642,2
0.16503,-0.59405,1
1.7322,3.0123,3
-1.3334,1.1826,2
4.2164,2.8901,3
-2.7658,-1.1565,3
-2.6746,1.8969,3
-1.1042,2.7863,2
-0.38413,-1.9396,1
0.9464,-0.88489,2
3.7326,1.4716,2
-1.6795,-2.6812,1
-1.5559,1.1172,2
-4.3604,-6.305,1
0.01599,-0.63126,3
-2.3461,0.80322,3
-0.96123,-1.9646,2
0.3804,2.9149,3
-2.8153,-0.55226,2
0.12903,-1.7519,1
2.4933,-0.76763,2
1.9051,1.0906,3
0.99467,1.2597,2
-1.4035,-1.1592,1
-4.5237,0.60311,1
-0.55373,1.7935,1
-2.5859,1.359,1
-2.597,0.73703,3
-0.48362,1.0252,2
-1.5702,-2.1229,1
-2.5597,-2.1117,1
-0.30916,0.52727,1
0.86648,2.0593,2
-0.9379,1.4613,2
2.5448,-1.375,2
2.6748,1.3063,3
1.1431,-0.97356,1
-3.2002,1.2273,2
2.9208,0.77228,3
0.73232,0.24215,1
-2.654,-1.8999,2
4.3024,3.2833,3
3.486,1.0196,2
6.1894,1.5079,3
1.8705,2.7242,3
3.5177,-0.63963,1
-2.3302,2.6851,2
-1.7531,-1.4571,3
-2.8689,0.28654,3
-4.2425,1.9477,2
0.39407,-1.6103,2
2.6995,0.65764,3
1.7504,-0.9908,3
1.5769,0.45131,1
-0.028994,1.426,3
-1.3739,-4.7529,1
-0.96216,-4.2166,2
-1.4618,-0.22693,1
0.69953,0.50936,3
-0.99584,-1.8303,1
1.1063,-0.99041,1
-1.767,-3.8566,1
0.16503,-3.9673,1
-0.34643,-4.4721,3
0.70643,-1.0635,2
0.47935,-0.49181,2
2.2813,-0.73546,3
-0.73917,1.4787,3
-1.4717,-2.1602,1
0.10289,1.8012,3
-1.1395,-1.7726,1
0.56366,-1.2989,3
4.9537,-1.7598,3
-1.3681,-0.1895,1
-1.7955,-3.8337,2
-1.7606,1.3581,3
-2.3373,4.0329,2
-1.3031,0.64826,1
2.077,-0.74246,3
-3.6802,0.2923,2
0.65048,0.20658,2
5.2049,0.91554,3
-4.5539,-1.7362,1
1.1239,-3.1146,3
-1.1947,-4.0049,1
-2.0675,1.544,2
5.976,0.90487,3
3.3609,-0.33202,3
-1.303,0.91427,1
2.5003,-0.50713,3
-0.22764,-0.1733,2
-5.8135,-3.6581,1
-0.082257,3.5842,1
-2.7468,-0.55889,2
-1.1071,1.3414,2
0.67277,0.64103,3
2.3441,-3.7539,1
0.33572,-1.7466,2
0.011428,2.1377,2
3.6083,5.3632,3
0.31791,-2.9525,1
-0.77813,-1.2724,2
-1.2844,-0.49718,1
3.5041,1.3027,1
-3.8002,-2.8463,2
1.6197,3.8818,3
0.071911,-1.3313,1
-0.40277,1.7215,2
2.8075,0.80669,3
1.923,-0.8114,3
0.9872,-0.69846,3
-1.1548,-4.5982,1
-1.533,-4.794,1
1.0868,0.89819,2
-0.61066,-0.56347,1
-3.6539,-4.986,1
0.82809,-0.36167,2
-2.7876,-0.29418,1
4.0058,6.4564,1
-2.98,1.8007,2
1.5782,-2.0818,3
0.21739,3.93,3
1.045,-4.6434,1
3.5572,-1.7841,1
1.321,-3.8327,2
-3.4151,-1.6443,3
-0.26189,-0.8142,1
2.6998,1.4021,2
-3.2383,0.44661,1
1.2607,-0.53803,3
0.17766,-0.6401,2
-1.1226,-0.057887,1
-1.6576,-3.1372,1
1.2078,4.0448,3
0.28892,0.97516,3
-0.21173,-1.6911,1
1.5826,-1.7863,3
4.215,5.5874,3
3.0198,1.3679,1
5.0779,1.5704,3
-1.6298,-0.43554,2
-1.2567,-3.0606,2
1.4681,2.7,2
3.3674,4.2637,3
1.3046,-0.20315,1
-3.427,2.417,2
-0.77697,1.3918,1
0.56081,-2.0749,1
-0.93252,1.8428,3
-3.3172,0.12257,3
-1.4816,0.86849,3
2.4262,0.39367,3
1.2659,4.1136,2
-3.7952,0.39109,1
-1.9333,-0.93227,2
0.45009,2.2603,3
1.8042,3.2169,3
2.4229,0.53953,3
-0.59171,0.015275,2
1.0547,-2.4839,1
3.3915,4.6573,2
-3.0855,2.1442,1
0.59728,2.3228,1
3.9622,-0.1295,3
-1.1766,-1.9165,1
0.94277,3.3179,1
2.2746,-3.6523,3
4.1335,1.2073,2
2.8802,-0.56997,2
3.2263,0.32207,1
0.094086,-0.61524,2
-0.077102,-3.1475,2
-0.8033,-0.29376,1
1.8053,0.61093,2
1.7387,-1.4393,1
0.79484,0.77677,2
-1.5282,-0.69423,2
2.5499,-0.39643,3
0.41466,-1.7796,1
0.49117,0.11363,3
1.0602,0.84962,3
-2.2445,3.0462,3
-0.12008,-2.5697,1
2.656,3.3511,3
1.3979,0.22927,2
0.25504,-4.0752,2
0.32119,1.7535,3
0.84658,2.5511,3
1.9391,-3.8513,1
-0.055595,0.35183,2
5.0073,4.4584,3
2.2953,-0.28196,1
0.07255,-2.5193,3
-0.70801,-0.87622,2
-1.0501,4.3648,3
1.3775,1.8826,2
-1.3066,-4.3442,3
-2.083,-0.2192,3
0.98118,-3.938,2
2.0805,0.42334,2
0.045852,-0.93211,3
1.4591,-1.059,1
-0.89707,0.9116,3
-1.5009,-2.4868,2
0.3257,-0.90695,1
-0.79018,-0.21974,2
-1.0338,-1.1798,1
-0.039471,0.27858,1
-2.3362,-2.0785,3
1.3156,5.9783,3
2.7079,-1.4753,1
-0.61332,2.2872,2
-4.3185,-1.9354,1
-0.2598,1.1614,3
-1.0085,-0.9355,1
0.91664,5.0878,2
0.25757,-1.1666,2
-1.5695,0.5923,2
0.3413,-2.181,1
-0.59003,1.9065,3
-2.6797,0.5741,2
-1.2508,0.34489,2
4.6098,2.1004,3
-0.61798,-3.031,2
2.2697,0.2152,1
-0.10756,-2.0594,1
0.12456,-0.34825,1
8.7459,3.6316,3
-1.5676,-2.2019,2
2.8163,0.48485,2
-2.2478,-1.9744,2
1.1566,1.4818,2
-1.2722,2.7243,3
0.032563,0.31162,1
-1.0458,-1.9482,1
-0.05578,0.60299,1
4.6597,-0.18602,1
-2.2783,-0.96639,3
-3.7012,-0.77264,2
1.155,-0.023662,3
-2.6687,-2.7116,2
-1.1232,-0.61777,3
1.6824,-1.142,1
0.25601,-1.6875,3
2.2795,3.1817,2
-0.81945,-1.4554,2
0.33312,5.6516,3
1.5061,1.3528,3
-4.253,-2.6537,2
4.8422,-0.32252,3
-4.4162,-1.6379,1
3.0175,-5.2512,3
1.0657,2.1271,2
4.1803,0.57501,2
-3.6746,0.94306,2
-0.42993,-0.42275,2
-1.8669,-1.7289,2
0.1562,-0.19218,2
-2.9941,-1.0737,3
-0.50769,-2.403,3
3.4321,-3.1173,2
0.46629,-1.0588,2
-0.049189,-1.0857,2
-4.0721,-1.0396,2
-4.5758,-2.7707,1
1.823,1.1103,3
1.5651,0.24804,3
1.8463,2.304,1
2.296,-0.29764,2
0.18331,1.501,3
-3.6575,-0.24759,2
2.9065,2.9427,2
1.3492,2.5497,1
1.9864,-1.3326,1
-1.6872,-0.59805,3
0.21583,-0.32695,2
-0.78069,3.8224,3
-0.236,2.5313,3
-2.7841,-1.4567,1
1.5826,-0.81188,3
-1.5939,4.6355,3
-2.2455,0.21778,2
0.083896,-0.046977,3
-1.1933,-1.0155,2
4.1194,-1.9551,2
0.37147,2.3442,3
1.7827,3.5499,3
-1.0231,-5.134,1
2.1205,1.9324,2
-1.4502,-0.095604,1
-1.7705,3.8429,1
1.0698,-0.82362,3
-0.87536,-0.21029,2
0.57345,-4.9159,1
2.5641,3.6468,1
3.3895,2.7195,2
1.8169,0.048134,1
2.747,-2.0815,1
2.2565,-0.8948,3
5.8741,0.89651,3
-3.7112,-3.3178,1
-4.1022,-0.69413,2
-0.079956,-2.2887,1
-1.4293,-1.104,1
-1.8844,1.1803,1
-0.3243,-1.1659,2
-0.31857,2.5069,2
2.2181,1.7125,3
-2.9999,-0.85638,1
-1.1728,-1.7575,2
3.7024,4.4004,3
2.6208,-0.38,3
1.7331,-1.8151,1
-0.52642,-1.3108,2
-1.3881,0.28946,2
-4.986,-1.0925,1
1.7588,1.7382,1
1.1491,3.5818,3
0.67765,1.0929,2
-0.91526,1.5952,2
3.8837,0.18592,2
-0.16883,1.843,2
-0.15271,-0.095543,2
1.8938,4.0225,3
-0.71307,-1.2193,3
-1.4903,2.4754,3
0.045252,-2.4775,3
-2.196,-1.6851,1
3.9021,2.3809,3
3.8692,2.013,3
2.1267,3.2969,2
3.1757,0.54727,2
0.11257,0.47018,1
1.5491,0.93455,3
-0.82454,-3.2304,2
1.6828,-2.8852,1
0.41332,-1.4597,1
2.1633,1.2291,2
-1.0847,-0.7635,1
-1.9413,-0.30499,3
-3.9749,-1.5107,1
-1.7919,0.98808,3
1.6079,-0.98501,3
3.9486,4.6545,3
-1.1414,1.3064,2
1.7769,3.4341,3
0.24298,0.14246,1
1.6129,2.8012,3
-2.0063,-1.8219,2
-5.4986,-2.3818,1
4.4523,0.078081,3
-4.2005,-4.8502,1
0.60888,0.30492,3
-0.85834,1.5159,1
0.33296,-2.6164,1
5.1957,1.2922,3
1.7787,1.0001,3
0.74851,0.52,3
2.3196,-0.27211,3
-2.7023,-0.72463,1
1.4404,-2.5688,1
0.75888,5.1904,3
3.2619,3.212,3
4.2602,-1.2183,2
-0.14327,-0.5321,1
-0.16887,-2.203,1
-3.1257,-0.26566,2
0.22534,-0.40285,3
-3.7908,-2.5348,1
-0.11633,-0.76252,1
4.1669,0.4912,3
0.08961,-2.2081,3
-1.1649,-0.85435,1
0.68671,1.4686,1
0.26756,2.4826,2
3.9451,4.1008,3
3.3183,2.8549,1
-2.8499,3.0616,2
1.1257,2.0259,2
1.7814,-1.3898,2
-4.7693,3.1438,2
1.3454,-0.15638,1
-0.42638,5.1294,2
2.3082,0.48661,1
4.8377,-0.18759,2
1.3245,1.2595,3
-1.921,-5.8587,1
-2.6136,-1.9732,3
-1.8254,1.117,2
-2.9515,-9.5824,1
-0.93729,0.83959,2
-0.098612,-2.5207,3
-1.1962,-1.3072,1
-2.6983,-1.9951,1
-0.39508,-1.517,3
-0.8882,-1.0873,1
1.4444,1.0197,2
-6.4783,-3.1366,1
1.2701,-0.096119,1
-0.59253,0.70262,2
-2.5521,2.4192,2
1.2494,0.58847,1
2.8767,1.7183,3
-0.98409,-0.77082,3
-1.4889,0.13254,1
-1.0471,0.97525,1
-1.693,-3.2682,1
-4.0782,-1.167,1
0.56302,-1.7055,3
-1.5646,-2.541,3
-1.1277,0.6794,3
-4.7602,3.9689,2
-2.3402,-0.16625,2
1.4286,-4.1258,2
-1.0649,-3.7448,2
-1.388,3.0653,3
-0.50562,-0.50132,1
-0.52079,2.355,3
-2.2386,-4.2791,1
0.64377,-1.1328,2
-1.9945,-3.6567,3
-4.8524,0.16077,2
2.6603,-1.0014,3
-0.74577,4.5586,3
3.2481,1.8587,3
-0.97508,-1.2635,2
2.8961,0.43051,2
0.65757,-1.0853,1
-1.2646,-3.4464,1
0.27203,-4.6317,1
-0.45921,1.7379,2
1.445,1.019,2
-2.908,-1.8569,1
4.6932,1.2974,2
1.331,-0.97568,3
-0.38608,1.736,3
-0.36637,3.9712,1
-0.3121,-2.3949,3
-0.19988,3.6617,2
-1.3227,-0.94684,1
-5.6645,-4.3511,1
-2.1085,-1.3002,1
0.92752,-1.8996,2
-1.4754,-3.6721,1
0.81456,-0.95828,3
2.3349,4.0066,3
1.2684,2.7458,3
2.3858,0.56527,2
0.12378,1.1935,1
2.1451,-2.17,1
-7.7954,-6.214,1
-0.42889,2.5358,3
-4.0878,-0.32239,2
-1.6642,-1.6355,1
1.0194,0.36796,1
-1.1717,-0.64937,2
0.99609,-1.4245,2
-1.3614,-3.1909,1
4.1654,2.9176,3
-3.2983,-2.5486,1
1.7684,3.1417,2
0.55035,4.3717,2
-1.7586,-1.438,1
-0.10534,-1.509,2
-3.4659,-0.74629,2
-1.7678,-1.4901,1
-2.6468,0.56291,1
3.8746,0.51803,3
0.82623,1.6441,2
-0.29906,-0.24096,1
-0.48746,-1.9131,2
-4.3656,2.2584,1
-1.0656,-1.7248,3
1.5984,-1.1336,3
-3.5195,-3.923,1
1.7313,0.42268,3
-0.48781,0.68944,3
-1.0992,-0.4999,3
-3.0823,1.7447,2
-2.9088,0.42692,3
1.931,1.2947,1
-6.042,-1.2742,1
2.4546,1.822,2
-1.0081,-0.82616,3
-2.9465,-2.3484,2
3.4887,-2.7957,2
-2.105,-2.239,1
0.74539,5.3413,3
0.76809,2.2273,1
-5.6826,-2.6281,1
1.2267,2.9881,3
1.0942,2.7591,1
0.0034408,0.1157,3
2.5561,0.62141,3
2.0455,-0.52976,1
0.89914,0.80473,1
0.86824,-2.3248,1
-4.5295,0.80054,3
-3.0408,-2.709,1
1.2445,1.9025,2
1.3703,-1.5416,3
2.7696,1.6348,3
-0.22055,-1.3785,2
0.7878,2.5438,1
0.4216,0.42653,3
2.5654,3.6865,3
-0.68927,-0.27241,1
3.5763,-1.551,1
1.5451,0.16162,1
1.8792,-3.1839,2
1.6355,-3.8069,3
2.1356,0.68867,3
-2.2016,-1.1212,1
2.2869,3.247,3
1.507,-2.7215,2
1.6012,2.6174,3
0.94937,1.0206,3
-0.14663,1.3125,2
-1.3524,0.86678,2
-2.7856,3.24,1
-1.0316,-2.9042,1
-0.99074,-1.4897,1
-0.39046,0.080837,2
-2.3965,2.7041,3
2.3779,1.8209,3
0.61108,-0.42015,3
-1.5396,-4.3074,2
1.0323,0.11739,1
2.9873,1.2003,2
1.3794,-4.1716,1
0.024139,-0.46636,1
-0.35274,-2.0172,2
1.5758,-0.90994,3
-1.9996,-3.3897,2
-0.29253,4.833,1
1.2369,0.91658,3
3.5741,-0.92927,3
-1.428,2.5051,3
1.1194,-2.7391,2
2.0434,0.83085,3
-1.4722,-0.44961,3
1.2446,1.1181,2
-0.77293,0.33219,1
0.98971,-0.37688,2
-2.4322,2.1021,2
-1.6345,-1.8062,2
-1.2998,-1.2187,1
0.85852,2.0886,2
-4.072,-1.0432,3
2.9758,0.45377,2
-1.6494,-1.2507,3
-2.1139,0.45419,3
-0.8194,-0.95326,3
-1.4438,3.5366,3
1.2228,-0.14738,3
-2.6588,-3.0372,2
2.5419,-1.643,3
-0.60633,2.8549,2
1.8491,3.4675,1
3.7564,1.5644,2
3.0168,-1.1414,1
4.9004,2.5041,3
1.4658,1.9629,3
-2.8086,-3.1389,3
-2.8986,0.90143,2
1.3113,1.0566,2
-5.6499,0.664,1
1.7831,-2.116,1
0.40429,-0.29198,3
0.17189,-0.56362,1
0.97206,0.16127,3
1.1951,-1.5799,1
1.2953,3.643,2
-2.0084,2.2724,2
2.7417,2.9863,2
-1.6427,-0.37959,2
-1.7758,0.99937,2
-1.2173,-0.56201,1
0.70323,3.9281,3
-0.69286,1.6353,3
3.4174,0.31849,2
-1.2316,-3.41,1
2.9034,0.043193,3
1.0322,-0.66058,1
-2.3979,2.6919,1
-4.5885,0.7603,2
-1.8383,-0.81599,2
2.5598,1.858,1
-2.1868,-2.3332,1
-6.4402,-0.089981,1
-0.20378,1.5506,3
-2.6953,-3.1875,2
-1.2442,-3.2984,1
-0.075216,1.4447,1
-3.8237,0.14055,3
1.8068,1.8077,3
-0.7222,-1.2655,3
-2.7829,0.33902,3
-2.0998,2.0627,1
1.4486,0.69897,3
-6.8545,-0.3551,1
0.78037,2.9497,3
3.4872,5.0685,3
-4.5467,-1.5305,1
0.82129,-2.3035,1
-3.9785,-4.733,1
2.5575,-5.6004,2
-2.6037,-1.4558,2
1.7209,-3.5709,3
2.219,4.1152,3
2.5488,-0.68562,3
0.90555,3.1249,3
0.79943,-0.70855,2
2.3374,2.6421,3
0.85942,0.73306,2
4.6396,2.8541,3
-1.4984,3.2201,2
1.0573,0.73031,1
1.4168,2.4952,3
0.71506,3.3846,1
-1.1211,1.7361,2
-2.489,-1.2217,2
1.9237,0.71924,3
-2.0745,0.54245,2
-0.27463,-2.6336,1
0.42845,5.5637,2
-2.6518,-4.4513,1
-2.1634,-0.81222,1
1.6119,1.5095,3
-1.4368,3.8255,2
-2.58,-1.7519,1
-1.82,1.6158,1
2.6931,7.0141,3
-2.9037,-0.025909,1
1.4136,1.8726,3
-0.56486,-3.9883,1
-1.6332,-3.3307,1
0.25639,0.74933,2
-1.3795,-1.4103,1
1.5273,0.076364,1
-2.5291,0.41551,2
-0.14427,-1.7729,2
3.7574,2.2697,3
3.7291,0.99729,2
-0.87079,-1.0651,2
-6.4918,-2.99,1
-4.5406,-4.018,1
-0.051691,-3.9106,1
-3.8681,-2.1773,1
-4.8372,-3.0856,1
2.17,-1.5209,1
-1.9902,0.72032,3
2.1085,0.51658,3
-1.8365,-4.1468,2
6.099,0.80489,3
-3.3081,-0.26615,2
2.4735,3.3916,1
3.2263,3.0439,2
3.0691,4.783,3
-1.0349,-2.3732,1
-1.308,0.66581,3
-0.19987,4.4512,2
1.1796,1.021,2
-1.6952,-1.3921,2
3.7495,0.48934,3
3.7733,0.58119,3
2.655,-0.68861,1
-4.2183,-4.4004,2
-2.9617,-2.2924,3
0.25221,-1.1723,2
-3.0117,0.8611,2
-0.70328,-1.9733,1
2.2107,-0.49156,1
4.1463,-1.8436,3
-1.4656,-0.58882,3
1.1888,3.1212,2
-2.4013,-0.0066365,1
-1.1653,-0.91643,2
0.65862,-1.1036,3
-1.8771,-2.8153,1
2.5191,-0.95282,3
0.24097,-0.91502,1
0.65594,-0.040224,2
3.2291,1.7089,3
-3.1489,2.1684,3
-1.0868,3.5623,1
3.3772,-3.3971,3
-2.1103,0.36887,2
-3.2002,1.6817,3
-1.1619,0.50483,1
0.75044,4.6729,3
-1.6795,-0.14291,1
0.56389,-0.51208,3
2.2356,4.016,3
2.4489,-0.16996,2
0.032261,-1.9663,2
-0.94964,-3.1235,3
-2.4743,-0.82062,1
-3.6199,2.3343,1
-0.073471,-0.30478,1
-2.7575,-0.41597,1
-1.9702,-2.1638,2
4.1248,1.5163,2
-0.30541,-1.0527,1
1.9412,1.6959,3
0.43855,-3.0609,1
-0.35412,2.1316,2
2.6146,4.0874,3
-3.8622,-1.4924,2
-0.63537,2.1852,1
2.7034,-0.27892,2
-3.2458,0.34228,1
-2.1193,1.1572,2
0.34835,2.2294,3
-6.1202,0.90157,1
-1.8939,0.91418,3
-1.5589,0.20596,2
3.0421,0.76234,3
-6.4644,-1.021,1
-1.1588,-2.933,1
-2.2117,-2.0433,1
-1.7068,-3.1218,1
-2.0105,-1.3707,2
-0.058234,1.9725,2
-7.7506,-0.98462,1
3.4127,-1.6531,3
1.7126,-2.187,1
6.4726,-0.056897,3
-4.4825,0.4423,1
-0.13523,4.9544,3
-4.1306,-0.039475,3
0.56922,-2.5483,1
1.358,-0.88092,2
-0.47731,1.47,1
-0.047404,3.2772,3
-1.9486,-3.1149,2
-2.3725,1.6158,2
4.6021,2.1899,3
-1.8219,-0.71344,3
-4.1524,-2.5693,1
-0.030838,-3.5826,3
0.15142,-4.178,1
2.8926,2.5358,3
0.84271,3.144,3
-2.0476,-3.8315,1
-2.0312,-1.934,3
-4.5167,-3.2786,1
-3.2541,-2.2518,2
1.8699,-3.5114,1
3.1794,0.19136,2
-1.8332,0.63902,1
1.9413,4.2062,2
-1.8487,1.1126,2
-0.8435,2.6005,2
-1.9654,-4.2565,3
1.4477,-2.7716,2
0.63341,1.2962,3
0.66886,-1.9739,1
3.9686,1.8215,3
0.54405,0.23735,3
-0.5465,-2.7188,2
1.07,3.9756,3
-2.8637,0.95887,3
2.0171,-0.30865,1
-0.92114,-2.697,1
4.0712,-1.1333,3
-1.045,-1.8394,1
-1.1065,-1.2047,1
0.23652,0.58405,2
-0.12099,0.26772,2
-0.78608,-1.4547,2
0.6714,-0.38126,1
-1.4478,0.72315,2
-1.7603,3.0179,1
-2.8225,0.68446,1
-2.1283,1.3933,3
-1.0409,-2.5339,1
1.7398,1.4989,3
1.0522,1.7671,3
-0.035843,1.6168,3
-3.9905,2.0216,2
0.59844,-2.5007,1
-2.7288,2.2973,3
-1.9758,0.13172,2
0.45756,-3.1428,3
1.9868,2.5902,2
-1.1672,-3.5215,1
-1.6609,0.33003,1
2.6251,4.0424,3
-2.3617,-3.4886,1
0.21333,6.504,2
-1.2263,-4.8769,1
1.4771,-1.2095,2
1.7767,-3.3164,2
-0.80969,1.5264,1
-0.073377,0.94193,3
-0.20321,3.8383,2
-1.1199,1.9657,2
-1.9762,0.40025,2
-6.7661,-1.2019,1
-0.80187,1.6334,1
-1.2194,-1.2447,2
2.4427,0.54672,3
-4.5985,-5.8527,1
6.3533,3.7534,3
-0.911,4.3078,3
1.1954,2.8245,3
-0.88595,2.2223,1
-0.095434,1.5345,2
2.0859,-2.4091,2
-1.1797,1.4881,3
0.060877,2.0627,2
0.26134,-3.4054,2
-3.3457,1.6224,1
0.38248,1.9982,3
-1.1549,-1.2648,1
0.70815,-0.3738,2
-0.16335,-0.010212,2
-0.86188,0.2328,1
0.34108,3.1645,3
-0.59165,1.6915,3
0.35922,-0.86823,2
2.7691,3.0986,3
2.9585,2.5836,3
0.81637,1.3475,3
-1.2407,0.11545,3
1.2789,-2.9964,1
2.9735,-0.93588,3
-5.1075,-0.231,1
-0.19909,-4.5494,1
1.7827,1.9602,2
0.12886,0.42413,2
-0.25517,5.1808,3
2.3536,-0.11903,2
0.6434,1.9757,3
3.2017,3.3975,3
-1.376,2.0013,2
1.1164,-0.34442,3
-0.065129,6.0398,1
4.2575,1.4548,3
-1.4853,2.365,1
-2.9666,0.51324,2
-2.5908,0.51868,2
-1.6009,-3.2253,2
1.8553,3.2459,1
3.5605,1.3961,3
2.6694,2.1876,3
-0.20911,-1.4563,3
0.33844,-4.0584,1
0.76706,2.0077,2
1.08,-2.0158,2
-3.1992,0.0027612,1
2.7425,1.6357,3
-0.2345,2.7426,3
3.31,-0.48745,2
2.4067,1.6172,2
-1.4215,1.266,1
0.64532,-2.2542,3
-1.0406,-0.18734,3
-1.599,-0.26575,2
4.8817,-2.5374,1
-3.7516,-2.7481,3
-2.8863,-0.12457,2
-0.61083,-0.61566,2
-0.2758,0.47742,2
0.75143,0.80643,1
-0.03586,5.2606,3
3.361,1.3766,3
-1.9441,0.23728,1
1.433,2.0753,1
-0.64255,3.8567,2
0.17347,-0.74329,2
-3.0093,-0.50116,1
-0.073829,3.3263,3
0.49676,-2.2526,1
1.214,-0.35607,3
-2.7058,0.62734,2
-0.42298,-0.19272,2
1.4712,1.7644,2
2.191,1.655,1
-0.75984,-0.091105,2
4.2433,3.4498,2
1.3542,-1.0369,2
-2.8938,0.91028,2
-1.4934,-0.90475,2
2.5723,-0.6478,2
-1.1164,2.5154,3
-6.8643,-1.8937,1
5.0747,-2.3483,3
-3.3011,-3.4706,1
-2.0475,-1.6771,2
-1.655,-0.024235,2
-4.2516,-3.898,1
-4.683,-2.0161,2
-1.757,-1.0326,2
-4.675,-1.8257,1
0.16902,1.9953,1
-2.1487,1.9334,3
0.0095133,4.9236,1
0.79544,1.4432,1
0.54753,2.3921,2
4.191,1.6013,3
1.1647,4.2668,2
0.072307,-2.238,1
-1.2518,-0.77423,1
-0.94005,1.6087,2
0.99273,3.1662,3
1.7706,2.8807,3
2.0059,-0.98795,1
-1.0079,0.77189,2
-2.5649,0.13344,1
1.1418,4.4493,3
-1.1995,-3.0939,2
2.9044,-3.5589,3
2.7662,2.0263,3
0.42674,-2.0116,3
-3.0781,-1.9848,1
2.6257,5.2397,3
2.2876,4.7082,3
1.8696,-3.7757,1
3.4758,5.115,3
0.010759,0.25638,2
0.27589,1.8253,2
1.194,5.9412,3
-1.7719,-0.76954,1
-0.5341,0.40271,1
-0.64487,-4.3422,3
-3.0977,-2.4494,2
-2.4037,-0.89402,1
6.6332,-0.72414,3
-5.4914,-1.9956,1
2.6933,2.138,3
-3.8572,-0.91357,2
-0.50456,1.8756,2
0.76949,-3.0711,1
1.6805,1.0676,1
-1.7993,-1.4264,1
-5.3036,-0.32113,1
-4.7418,-0.26115,1
-1.654,-0.73278,3
0.91597,1.1484,3
-2.7239,-3.2771,2
2.1215,-4.6714,1
-2.8684,1.3077,2
3.0074,-3.4779,3
-0.94207,1.8812,3
-0.011802,-1.775,1
