0.8449,2.359,3
2.8995,1.1592,1
-0.60419,-3.1404,2
-1.4015,-1.7085,1
0.21499,-2.6329,3
3.3628,3.4814,3
3.7915,4.2282,3
4.7541,-1.4559,3
4.4593,1.5239,1
1.8557,3.0444,3
-1.9817,-0.19894,1
-2.2569,2.429,1
4.7514,-0.79887,3
4.6593,1.8831,2
1.2923,-1.4106,1
-0.55726,0.76027,1
-0.59895,-1.7207,1
-4.2676,-3.3532,2
0.32627,1.5456,3
-4.7077,0.5024,3
-1.4334,1.5426,1
1.3787,6.0947,3
-4.1616,-2.7516,1
3.9281,-2.9412,3
0.10589,-0.24324,3
-1.386,-0.47649,1
1.9901,0.90565,3
0.053492,1.4368,1
-3.996,-4.3504,1
-1.7871,-3.3221,1
-1.8157,3.2275,3
3.2228,2.3611,3
2.7582,-1.4044,3
-0.58093,1.3993,1
3.4688,3.6014,3
4.0259,2.0586,3
-3.191,0.55182,1
0.71112,2.6091,3
2.3251,1.3238,3
-2.304,-0.31067,3
0.20678,4.4307,3
-0.889,0.35337,3
-0.75643,0.81995,3
1.8769,5.0534,3
-1.5976,0.82774,3
-3.4155,-4.4227,1
3.4918,-5.6564,1
-0.99895,-1.7964,1
-0.79624,1.0466,3
1.7119,-1.1057,1
1.1604,4.098,3
3.4118,1.7875,3
2.6169,-0.2619,3
0.73249,-0.9545,2
2.5471,-0.46446,3
4.3973,1.1615,3
2.092,2.0706,2
-2.9195,5.1662,3
-3.4504,2.2893,1
0.97055,3.7243,3
1.2251,2.1502,3
2.8235,-0.22996,1
2.156,0.84007,3
-2.5716,-1.6404,1
3.7041,5.2455,3
2.1022,1.9044,1
-1.4348,-1.3464,3
-1.9292,-2.089,1
-1.0149,1.1632,1
-0.15004,3.2303,1
1.8587,2.2461,3
0.24633,0.1151,3
0.80494,-2.823,1
2.644,3.9116,3
-1.8269,-0.12079,3
3.8296,1.8017,3
6.9475,2.8992,3
-0.58708,-0.15454,1
0.97108,0.51311,3
-0.92635,-1.4909,1
-0.56744,4.3974,3
1.6984,4.0026,1
-0.78289,3.1342,3
-0.54449,-0.28485,1
-0.20446,0.30059,1
-1.7469,-3.2878,1
3.3979,-0.56627,3
0.26789,-3.7001,1
-4.1106,-4.037,1
-0.32433,2.5213,1
2.3866,2.3769,1
-3.1569,-0.49254,1
-2.4336,-0.70202,1
-1.508,-5.2439,1
-0.80535,-5.2164,1
1.8356,2.7872,3
3.5679,-0.44208,2
2.942,0.052934,3
-6.183,-4.5129,1
-0.2343,-0.40767,1
-2.561,-1.1347,1
-1.1805,-4.3025,3
1.5617,5.514,3
1.781,-0.56055,2
2.1928,0.50267,3
2.1527,0.73882,2
1.0374,0.47575,2
2.5567,1.7928,3
-0.11213,2.441,3
-1.2055,-1.4431,1
2.5001,-3.1659,1
-3.3816,-0.63142,1
2.9061,3.1739,1
1.2218,0.77632,3
-2.3613,0.6257,1
-3.4457,1.9668,1
2.5736,4.7304,3
1.1151,0.188,2
1.0194,-2.8529,1
-5.7908,-6.3686,1
3.3917,4.5961,2
-1.4623,-2.5088,2
-2.5767,2.3247,3
-4.4645,-4.0164,1
-2.7056,-0.57615,1
-0.75679,3.0735,3
0.1832,-4.43,3
0.11625,-2.4676,3
-1.2688,-2.1406,2
2.3338,0.13754,3
-4.1058,-1.6427,3
3.2003,4.0413,3
-0.98095,2.4878,1
2.5078,1.0373,1
2.4658,0.35343,1
-1.5252,-0.43873,1
4.2756,4.0332,3
-1.7664,-0.074674,3
6.5116,4.5012,3
1.3321,-4.4044,3
3.1608,4.0397,3
1.576,3.3734,3
-0.9736,-0.70623,1
-0.44097,0.35068,1
-1.6127,-0.081213,3
0.5092,-0.37273,1
1.5153,0.057231,1
-0.53639,-0.99057,3
1.3587,4.1387,2
-3.8745,-1.0383,1
-2.9513,-0.81642,1
2.463,0.42977,3
-3.2528,-4.6572,1
0.40623,0.91378,3
-3.5626,1.789,1
2.1387,1.6551,3
-2.5313,-4.4508,2
-0.97858,1.3149,1
-0.44212,0.067979,3
-1.8646,-1.3018,3
-1.5442,0.98469,1
0.8579,4.6638,1
0.62706,-3.2401,2
-2.0807,0.092282,1
0.6423,-1.5013,3
-2.8978,1.0001,3
-0.31219,-2.1081,1
5.7668,3.6756,3
-3.4749,-6.5989,1
0.44858,-0.89073,2
-0.24582,4.0808,3
-2.9152,0.90135,3
1.3487,2.8849,1
-3.5233,-1.9437,1
-0.23734,1.7495,3
-1.5182,0.14376,1
-0.82102,-3.3831,3
2.7532,2.5411,3
-4.7089,-1.3911,3
3.0508,-0.52158,2
3.498,-3.0195,1
-2.2661,0.88308,1
-0.89884,5.7733,3
-2.1703,1.0688,1
3.6051,-0.74118,2
-1.9839,0.21185,3
-0.95906,-1.4636,1
-2.6053,-2.7539,1
3.0917,-0.064678,3
3.7857,1.5821,3
-2.2527,-6.56,1
-0.086384,0.86288,3
3.6054,5.1936,3
-0.73873,-5.5563,1
1.1248,-0.36288,3
-4.2871,1.8002,1
-1.0917,-0.049726,3
-0.22774,-0.93474,2
-1.4682,3.6926,3
-2.9123,-2.0032,3
-2.6439,-3.1603,1
1.9539,1.8244,3
-2.3628,0.030914,3
1.9409,-1.6195,2
1.9871,0.3804,3
-0.97295,-5.7449,2
-4.3624,2.06,3
2.2078,-1.0183,3
-1.8713,-1.0709,1
3.5307,0.15614,1
0.094059,1.3682,1
1.9961,1.7241,1
-1.0409,-2.7235,1
0.56326,-0.52536,1
-3.414,-1.3404,2
0.25247,-0.40119,3
-0.88813,-1.3291,1
1.8424,-0.85641,2
2.5654,-1.0042,3
-1.9202,2.3436,1
5.2961,2.4143,3
-2.3063,-2.9551,1
2.6188,3.2912,3
-2.2876,0.69913,2
-2.1207,-2.4682,3
1.4504,-1.2809,1
-0.65702,-0.98913,1
-4.2459,-1.122,1
5.4478,-0.92285,3
-2.4093,0.82013,1
-0.48429,-1.8367,2
3.3782,-0.91892,3
-2.3396,0.0013663,1
-1.6949,-2.0712,1
-0.064031,1.6042,3
-1.0665,-2.7232,1
1.8273,0.41266,3
0.95516,2.5568,3
-1.401,-1.0956,1
0.19198,-0.54568,1
1.6026,0.06366,1
-0.75238,3.8651,1
-2.4276,1.5903,1
-2.8482,-0.35545,3
0.42133,-2.7498,1
1.2568,0.76913,3
0.69701,-2.2144,3
-0.34255,-2.1672,3
5.9603,2.4644,3
0.29542,2.5999,1
-3.3228,-1.3629,1
3.941,-0.28928,3
-2.5856,-3.4471,2
1.6396,-4.2049,1
-0.38329,2.808,1
-2.317,2.258,3
-0.44155,-1.3158,1
-4.6168,-2.0211,3
-6.4756,-2.3413,1
3.3113,1.3447,3
-0.87915,2.9282,2
2.2246,-2.4734,3
-1.4037,-0.1219,2
0.86243,0.50809,2
-1.7126,0.014429,3
-4.3583,-4.4755,2
-0.17007,1.1135,1
-0.58738,-4.9571,1
0.80314,0.64411,3
-1.2108,-4.3244,1
-5.0195,-2.1748,1
2.0043,-0.91604,1
-3.8312,-3.218,1
1.2325,-0.2617,1
0.8461,0.18492,2
-0.26247,-0.94404,1
-2.241,2.0823,1
-0.72738,-1.9633,1
-0.97144,2.3665,3
1.6576,-2.0196,1
2.9389,0.42357,3
-1.3233,1.4749,3
0.24286,0.021847,3
-2.2775,-1.0553,1
-2.973,2.1426,1
0.023428,-3.1228,1
2.0902,3.9456,3
1.34,-1.8825,1
-1.1201,0.86581,1
2.0643,0.33063,3
-2.8655,-0.42507,1
2.2427,-2.1301,1
-5.3024,-0.89619,3
-5.159,-3.1473,1
-0.35821,0.70894,1
2.1585,-0.31563,1
-0.95828,-2.1266,1
-3.523,1.3829,1
-1.8038,-4.7551,1
-3.2381,-3.0214,1
-1.4505,1.8229,1
-0.53131,-3.9583,1
6.5003,1.8391,3
2.3758,1.3161,3
-4.0963,-0.064305,1
-0.36503,-0.10991,3
0.64723,1.0923,2
2.3452,2.1257,3
1.0114,2.1126,3
-0.069462,-0.87685,1
2.68,-0.42208,3
-2.6596,-3.2499,1
0.096686,1.0908,3
-1.9627,1.6459,1
-6.0538,-3.5781,2
-0.076946,1.6661,3
-4.1433,-0.90391,1
-4.8453,0.2054,3
1.4505,-0.10064,3
-4.7335,-1.9951,1
-3.3012,2.0856,2
3.1335,2.9512,3
-2.9239,-3.9183,1
0.94859,-0.13561,1
0.059527,4.5553,1
-0.31763,-0.63836,3
-2.4367,-0.97912,3
2.2477,2.4904,3
0.37719,4.549,3
1.8296,-3.0428,1
-6.1152,1.5449,3
4.4792,-0.23689,1
3.1801,2.0938,3
0.38427,-3.1143,3
-0.20856,-1.0837,2
-0.19943,0.025205,1
1.3011,-0.56226,1
-3.0274,0.26833,1
3.0712,0.75457,3
1.9539,-0.11433,3
-2.4241,0.086191,3
-0.72144,0.99393,3
-2.1788,-3.4335,1
0.494,2.7866,1
-1.0779,2.1406,3
-0.15318,1.6073,3
-2.9747,-2.5387,1
1.5508,1.2214,3
2.0632,3.6541,2
0.55335,-2.0316,1
0.71069,1.5049,3
0.2331,5.7068,3
-0.29657,1.8146,1
-1.5535,-0.62852,1
4.4857,0.24813,1
2.065,0.37946,2
-0.68084,-2.6813,2
-3.0847,3.4895,3
1.3894,4.1707,3
0.76223,-0.27951,1
-3.8091,-2.1366,1
-0.65281,-0.94287,2
1.1487,-0.73385,3
-0.67727,-4.2764,1
0.84962,-1.2627,3
1.9394,-1.3922,3
-0.02048,-1.708,2
0.40768,-0.5401,1
-3.6827,0.37984,3
3.1238,1.1292,3
-3.6026,1.6057,1
-2.5768,-3.357,1
-0.75772,1.2042,3
-0.82814,-1.1074,1
-1.3048,-0.78588,1
0.48182,2.167,1
0.26843,1.8182,2
-1.494,2.1414,1
0.056143,2.8322,3
1.7367,-0.030015,3
-2.6497,-5.2137,1
-0.75839,-0.59756,1
0.12069,-2.1889,1
3.9911,1.8965,3
0.15815,0.88811,1
1.8447,2.8289,2
0.080798,-1.3902,1
-0.42847,-4.4425,1
-0.36027,-1.5329,3
-0.56903,-2.8723,1
2.7513,1.4072,3
1.2055,5.1656,3
-0.65998,-3.5977,1
-1.3467,-0.43092,2
1.0066,0.72892,3
-1.1731,-3.3564,1
-3.3662,-5.2961,1
-2.9266,0.66724,1
0.81204,0.91398,3
-1.0815,-1.3891,1
1.636,-0.68591,3
-2.96,-3.0806,2
-2.654,-5.1777,1
2.6637,1.8227,3
-1.9129,-0.50409,1
-1.0547,-3.1045,1
-2.8812,-4.2071,1
0.79969,1.0763,3
-3.6482,-5.5196,1
2.3564,2.3465,3
-4.0884,1.3332,3
0.103,-1.4157,1
-0.90203,-0.71526,3
1.4235,0.80339,3
1.4499,-0.25706,1
-0.81809,-0.24815,1
-3.3593,-2.5333,1
-0.20599,0.83058,1
1.3891,-0.98932,1
0.42135,-0.26171,1
-3.1912,0.14781,1
-0.43539,0.81201,1
-0.44936,-1.7075,3
-3.0737,0.68182,1
-1.8632,1.0485,1
-1.6733,-0.88133,1
-0.078742,-4.5201,1
1.4292,-0.64797,1
1.4567,-4.0146,1
3.0374,-2.3339,1
4.8864,0.68274,3
-1.6475,-0.74416,3
-1.5206,-2.4231,2
-1.7756,1.8217,3
0.048848,0.61356,3
-6.4283,-0.93694,1
-0.4102,-0.6354,2
0.50846,0.17865,1
3.2563,1.5593,1
-0.97533,-0.092676,3
-1.6517,3.8291,3
1.7591,5.2699,3
1.3804,0.38105,3
-0.53599,1.8088,3
-1.5215,1.2131,1
-2.5812,-0.61259,1
-3.6582,2.0984,1
-5.7572,-7.596,1
2.1916,3.31,3
3.1654,2.0659,3
1.0021,-2.5218,1
2.114,0.635,3
4.7934,0.99408,3
-0.34009,-1.252,1
-3.0325,3.5861,1
-0.64342,0.05802,3
-5.7878,-2.5459,1
-2.7319,-0.28261,1
-0.62373,-2.8605,1
-2.4933,1.5466,1
1.909,6.1964,3
1.3786,2.3148,3
-5.5841,-3.969,1
-5.4276,-3.5396,1
2.552,3.6386,3
0.18021,3.5602,3
2.0633,2.1563,1
3.5003,1.5187,3
0.41112,-3.0183,1
2.1483,-1.5879,1
1.0919,-0.18581,3
-2.096,-0.78706,1
2.7503,-2.7005,1
3.361,-1.1931,3
-2.7228,-1.4609,3
0.074157,-1.3148,1
-2.3003,2.4207,2
-2.1442,3.5144,3
-1.0034,-0.47705,1
-3.1069,3.2499,3
-0.079259,-1.7197,1
1.4518,-0.072767,1
-2.361,-1.7732,1
3.3264,-1.1255,3
-1.9153,-3.0977,1
-3.5653,-0.26347,1
-0.64638,-0.37023,3
-3.9069,1.0555,2
-0.19456,1.3003,1
-1.2959,-1.3725,1
0.99621,1.3975,3
1.7065,-0.5393,2
4.8338,2.9556,3
-1.093,-1.4725,1
0.82218,-0.16291,1
-2.0245,-0.60702,3
0.50805,-0.55875,3
-1.1607,0.031004,1
-0.12255,-3.6755,1
1.3484,2.1138,3
-2.4819,-5.1564,1
1.018,-2.1757,3
-3.9479,0.41129,1
3.5879,1.0781,3
1.2106,1.7596,1
1.3931,-3.8416,1
-2.8815,-0.83605,3
-4.2673,2.3375,2
-1.4737,3.4327,3
-2.6072,1.0064,1
-1.6345,-1.5376,1
1.0608,-0.71204,3
-3.631,1.397,1
1.61,4.4587,2
-4.3289,1.5689,1
1.3736,2.1298,3
-0.098263,5.8585,3
-3.7957,0.90748,1
-1.9325,-0.76825,1
-3.2525,-1.5764,3
-2.2784,-1.1053,1
-0.46674,-0.37648,3
-1.708,2.8625,3
2.4068,-1.1654,2
-2.8322,-1.7922,2
1.1698,-0.83516,1
-0.19958,-2.7797,2
-2.2672,0.4164,1
2.037,0.87497,3
1.3722,6.9342,3
-2.2219,0.60112,3
3.219,2.2385,1
2.3919,0.5285,1
-0.12707,0.038634,3
-4.131,2.0828,1
1.2142,-0.51475,1
-1.653,3.3894,3
0.77994,1.918,3
1.9185,4.3677,1
-3.5489,-1.3111,1
2.8188,0.06713,3
0.87647,0.40091,3
2.0286,1.5663,3
-2.8176,3.0684,2
-0.078065,1.9392,1
1.6932,-0.72416,3
0.7315,3.9444,3
-5.3239,-1.5506,1
-3.4974,1.9966,1
1.8823,-1.419,1
-6.3239,1.0577,1
3.651,-2.286,1
0.49737,1.3037,1
3.2218,3.3182,3
0.38094,2.6323,1
2.5581,-0.32936,3
-6.2616,-5.2325,1
-6.6504,-3.1555,1
1.6234,-0.80627,3
-2.6374,-4.2087,1
3.6371,0.49384,3
-0.9741,-1.6423,1
0.26491,1.5548,3
0.88546,-2.4994,1
0.61,-1.5482,1
0.74407,-2.3703,3
-1.3947,-2.3097,1
1.3624,0.20926,3
-0.91947,-1.9047,1
-5.3628,-3.5203,1
-3.5546,2.4721,1
1.6569,2.5719,3
-2.0996,-2.1976,1
1.4506,-1.2204,3
4.5174,-1.136,1
1.0527,-3.4043,1
-2.2897,-0.74027,2
-1.4949,2.2193,3
-2.0287,2.0102,3
-1.0566,1.9689,1
-1.0213,-3.204,1
-0.54828,-3.7687,3
1.7121,-1.9371,3
-2.1437,-0.19256,3
2.1518,0.90789,3
-3.4034,0.46166,1
1.7294,1.1591,2
-0.0034781,-1.4974,3
-2.1428,-1.1963,1
0.23362,6.3127,3
0.55104,-3.9001,1
-3.2212,-2.6731,1
-1.0698,2.6278,3
-0.3014,-1.7288,1
-4.2348,0.32616,1
-1.8973,-1.1403,1
0.55703,-1.9356,1
-1.0353,-1.39,3
-2.6676,1.5993,3
1.2719,0.38021,1
-2.5076,4.3733,3
-2.2521,-0.85728,1
2.2432,1.9257,3
-0.86543,-2.6997,3
-0.73378,3.6138,3
-0.57319,-1.608,1
-1.4,0.81485,3
1.2373,5.573,3
-0.078092,2.5518,3
-3.533,-2.7488,1
-1.2498,-5.3341,1
-0.31208,3.9227,3
0.1311,-1.9037,1
-0.3087,1.3822,1
-1.6451,5.4073,1
-0.93122,0.1473,3
-0.80357,0.41037,3
2.6296,1.5928,3
-1.1598,3.5508,1
-2.6523,-2.6859,2
-0.15457,1.7702,1
-1.2928,-2.0832,3
-2.407,-0.20546,1
2.847,-2.933,3
0.32448,-1.5195,3
3.0168,-1.6497,3
2.7479,1.2948,2
-4.6695,-0.067457,3
0.59102,-4.1988,3
-0.60832,-0.82253,1
-4.0948,-4.0668,1
2.7156,-0.9313,3
4.0931,3.6143,3
0.9839,-0.21095,3
-0.078326,0.31537,1
0.041923,1.8396,3
-1.6545,-0.80209,1
-1.4122,1.2198,1
-0.43564,2.5001,1
-3.4086,3.693,2
0.51396,8.1583,1
1.63,-1.5903,2
-0.20977,-2.1368,1
-1.7569,-5.9209,1
1.0098,-1.5949,2
-2.5163,-0.21707,1
-2.65,1.8523,1
2.9827,-0.74526,3
0.61638,-4.8242,1
1.9633,4.5705,3
4.1789,-2.9576,1
-3.3937,-0.35964,1
2.6019,-0.48281,1
0.88518,1.7053,3
-1.8761,1.3327,1
1.8014,-3.2017,3
-2.965,1.1618,1
-1.5244,1.2489,1
-2.1737,-1.2722,1
-4.1186,-1.7275,1
-2.4857,-2.5838,3
-3.121,-0.71749,3
4.4902,1.7382,3
1.8169,4.3827,3
1.184,-1.1425,1
3.3975,-2.9878,3
2.0613,0.75223,2
1.9551,-4.8384,2
-1.7583,0.24714,1
3.1334,0.35486,3
0.50339,-0.91125,3
-1.0261,1.1324,1
3.5459,0.77283,3
1.4766,0.87895,1
2.3433,-0.67733,3
2.3236,2.8501,3
-0.87871,0.3045,1
-2.7606,-2.2801,1
0.050159,0.29557,1
-0.33183,-0.33667,3
-0.50964,-0.96979,1
0.11355,1.9142,2
0.21514,-3.6843,1
-3.4815,0.47036,1
0.53136,0.36504,3
3.377,-0.99677,3
5.5907,-1.2888,3
-4.7369,-2.2742,3
-0.32889,-3.1563,1
-0.1193,1.7214,1
-0.33734,-1.431,1
-0.73919,-1.089,1
3.4346,-3.0306,3
-3.7614,0.62341,1
3.8719,1.2376,3
2.9838,0.67481,3
4.5136,3.0222,3
-1.532,-1.2793,1
-1.9337,-3.1661,1
2.4039,0.63486,1
0.0027991,-1.3898,2
1.9091,3.4047,3
-1.9465,-0.11169,2
-1.0609,-0.3758,3
-2.3552,-2.284,3
3.4031,2.9992,3
0.67562,2.6089,1
1.4358,-1.6162,1
0.90085,-2.3534,1
-1.9554,0.95688,3
2.4581,2.1,3
-1.1222,-2.5099,1
1.8569,0.86253,3
-3.3439,4.3174,3
-1.4808,-1.3045,3
-1.2545,0.1722,1
0.52243,1.7541,3
-0.68244,-0.0429,3
-0.144,3.5441,1
1.5509,-1.2423,2
-0.4848,-2.519,1
1.3253,-1.1111,3
-0.33928,-0.62877,1
-3.3505,-4.6512,1
-2.5441,-1.6552,3
4.7488,0.93091,3
6.8768,3.9232,3
-1.2174,-0.95888,1
-0.65426,2.204,3
-1.8204,1.7553,3
-1.4258,-1.3471,2
1.1374,2.0875,1
4.9818,2.5487,3
-0.74346,-6.8368,1
-2.5532,4.4015,3
-5.6719,-0.87301,1
-1.2427,-2.6804,1
0.58608,3.3997,3
2.3744,0.87948,1
-1.6399,-0.60955,1
-0.57942,0.63808,2
-1.7871,2.8667,3
-0.53587,-0.31069,3
-5.0913,-2.4688,1
0.4102,4.0413,3
-1.1004,0.95645,1
-0.38743,-2.9394,1
1.6749,-1.236,3
1.1756,1.26,3
1.6245,1.383,3
-1.5059,-1.8401,1
0.70062,2.8138,2
2.805,-0.96063,3
-2.2495,-0.1813,1
-1.4783,1.4477,3
-2.2812,-4.0316,1
1.563,1.7644,1
1.7678,5.233,3
-1.205,-0.41218,2
-1.2366,0.59905,1
1.2526,0.083955,3
-0.87757,1.714,3
-1.2716,2.5154,1
4.767,4.8151,3
-0.78083,-3.1854,2
-1.0178,3.4329,3
4.9509,3.1083,3
-5.2472,-1.8436,1
-3.4577,-2.5837,1
-3.432,-3.5656,1
-0.36267,-0.46913,3
-1.6843,-3.5362,3
0.74831,2.4008,3
1.4772,0.60805,3
3.7758,0.98359,2
3.7953,1.9831,3
0.7005,3.2982,3
-1.8753,3.0982,3
-2.8991,-0.67072,1
1.0366,4.135,3
-3.2838,-4.2851,1
0.9047,1.9936,1
4.3645,1.9854,3
-2.0027,-1.1106,1
-0.030721,0.34612,1
1.7357,4.814,1
0.20309,-4.7698,1
0.81317,-5.4538,1
-1.8263,0.65554,1
1.6043,-2.3035,1
2.9424,4.6762,3
-3.1158,1.2065,3
3.061,2.1194,3
3.1556,0.12029,3
-2.3071,-1.8012,1
3.9041,2.7428,3
-2.3143,-2.6842,2
-7.1442,-1.4994,1
-0.16101,-1.2608,3
-0.65828,2.1268,3
-0.95364,3.7525,3
0.87861,-5.0471,1
-4.0542,-2.2656,1
-3.4241,-3.5229,1
2.8567,2.0997,1
-6.6306,0.93857,3
0.29093,0.79043,1
2.2915,-0.54689,1
-2.4685,-1.8263,2
0.1804,1.0431,3
-0.94747,-0.30415,1
-0.35392,0.51132,1
3.5851,-0.27398,3
2.7639,0.94694,1
6.2588,-4.0266,3
3.4412,-0.65268,3
-1.2566,-0.08519,3
-3.3409,2.4517,1
-2.0203,1.6561,1
5.2153,-1.2133,1
0.49939,-0.41991,3
2.6136,0.23467,3
3.1127,3.8924,3
3.0771,-0.40815,3
-0.32171,-6.2179,1
-2.7828,-4.8935,1
0.29698,-2.7311,1
3.7287,1.3993,3
-1.7243,0.087923,3
4.5235,1.7968,3
-1.4643,3.7306,3
4.2779,3.3758,3
1.5082,-1.6115,1
-2.9493,-1.5019,2
-4.4167,0.90626,1
-2.5985,0.078735,1
-0.33675,-0.51795,1
-0.77844,-1.1913,1
-1.6815,-1.7058,1
-0.90016,1.4073,1
-6.2306,-0.68413,1
0.42143,3.6402,3
5.288,1.066,3
-1.893,-5.078,1
0.71821,1.9213,1
0.31021,-2.0088,1
-0.70182,-0.63791,1
0.28573,1.9527,3
-1.1047,-4.7307,3
-0.79776,3.8133,2
-0.46154,2.3721,3
-3.4059,1.6163,1
-3.0368,-6.3376,1
0.51576,-2.9591,3
0.59944,4.2403,2
5.5358,3.4289,3
-3.5076,1.1585,1
-0.55729,-2.2806,1
-1.6353,-1.1345,1
-0.30063,-0.90377,3
-1.4884,-1.6084,2
3.8026,-2.2871,1
-2.7984,-0.29173,3
-0.26676,3.1827,3
4.195,3.1789,3
-5.7905,0.21607,1
-0.52429,4.528,3
5.0283,0.88039,3
3.1535,3.6415,1
-2.4689,-4.1334,1
3.4242,-1.7316,1
-3.9622,-1.6644,1
-2.0993,-2.4004,1
-3.7339,-3.0017,1
0.19538,3.3966,3
0.91908,-0.24423,3
0.37478,-2.9652,1
1.7208,-0.76587,3
-1.474,0.47119,1
-1.5498,-0.31986,3
-1.4338,4.1058,3
2.3062,3.2049,3
-3.5311,-3.5874,1
3.2983,0.74032,3
2.8547,3.1157,3
1.6712,1.7253,3
3.6766,2.1987,3
-3.425,-2.2345,1
0.956,-0.30649,3
2.9312,-1.3682,3
-3.7536,-2.0717,1
2.3638,0.84911,2
2.0326,-1.0073,3
1.3654,-1.9698,1
1.5049,1.8709,3
0.93185,2.1906,1
-1.3221,4.1087,2
3.2354,-0.4818,1
0.0474,-1.9936,2
-1.333,3.4634,2
1.3277,-2.4839,2
1.5669,4.5155,1
0.25523,-1.4546,3
2.4385,1.3809,2
-3.2989,-2.8286,3
-3.9811,0.9118,1
1.4204,0.91374,1
1.6816,2.5399,3
1.9015,0.553,1
1.0081,3.3379,3
-1.7052,1.0481,3
-0.97969,2.8698,3
3.4585,3.1793,3
0.99122,-0.8131,1
-2.4426,0.12559,1
0.70387,-1.6165,1
2.3399,0.97044,3
-1.0844,-4.1093,1
0.47174,1.1186,1
2.3109,2.1839,3
2.0651,3.1294,3
-0.84317,0.87072,1
3.4141,3.9129,3
-0.65925,-1.5799,1
2.6464,-3.4146,1
4.94,2.3008,3
-0.33908,1.539,3
0.6882,5.0478,3
2.382,4.2473,3
-3.9186,-2.6808,1
8.8924,5.3445,3
0.43914,0.95831,3
1.7028,1.0123,1
-1.7661,0.85331,3
-2.8484,1.1447,1
1.4252,1.2847,3
1.9899,-1.1087,2
2.0062,0.74758,3
2.472,-1.6,3
-1.9298,-0.18659,1
1.4333,-3.7818,3
-1.4377,-1.5319,1
-0.40109,0.59,1
3.0319,-3.6194,1
-0.01849,-2.2614,2
-2.212,-0.88351,1
0.038311,-2.2381,3
4.0827,1.5191,3
-0.56876,-0.42262,1
-0.46075,5.2232,3
-1.2736,3.9516,1
-0.25737,0.35593,1
0.49004,-1.9927,3
1.5465,1.6994,1
0.44571,-0.78136,3
1.1977,-5.6098,1
-1.0647,-1.3675,1
-3.6142,3.774,1
2.9595,-0.37004,1
1.1483,2.1061,1
-4.3985,-5.3806,1
1.0739,3.034,3
1.3038,-2.8337,1
-2.4001,3.0672,3
-0.84024,2.8629,3
-5.6202,-2.3477,1
0.78357,1.5748,2
-1.0726,-5.3693,1
1.2402,-0.11927,3
-0.59725,-1.6233,3
1.7098,2.3101,3
1.3059,2.9875,1
-1.6396,2.4948,3
3.3753,2.0083,3
2.1386,1.5314,1
1.5829,-1.9208,1
-4.5895,-1.2323,1
-1.7492,3.3082,3
-3.1418,-3.6706,1
3.7682,-2.4615,3
-1.3115,-0.4603,1
1.3047,3.0366,3
1.1694,2.3491,1
2.6864,-1.7822,1
-1.4287,4.476,2
-0.80597,4.5076,3
6.626,2.9183,3
0.92997,0.46082,1
-0.53117,-1.2729,1
0.1812,5.8549,3
3.4802,1.1196,3
-1.247,-1.015,3
4.4086,1.3441,3
-2.6608,-3.605,1
2.9215,0.13699,1
2.0057,1.1039,1
0.90075,1.3232,3
4.64,2.3399,3
-1.0925,-0.86779,1
-1.657,0.049417,1
-0.89396,-1.5174,1
0.26285,2.0908,3
-1.2986,0.95205,1
3.8521,-1.1012,3
-2.587,-0.34527,3
3.4514,-1.2504,3
1.6878,-0.38058,3
-5.6375,-3.871,1
1.4465,3.6237,2
2.1898,-0.69903,3
-0.2585,-0.81215,1
1.7028,-2.9416,3
-0.23805,-1.0228,2
1.2754,-1.3571,1
1.8967,-3.3131,1
-1.9904,-3.6451,1
2.0462,2.3371,2
3.5684,-1.5538,3
3.9045,1.4096,3
-0.87811,-0.46932,1
1.4245,-5.5249,1
-1.9397,-2.2938,1
1.0767,-1.5613,1
0.56881,0.9059,1
0.21729,-0.78607,1
-1.2234,-1.8098,3
-0.42078,0.78559,2
2.6353,-0.15785,3
1.8375,2.8132,3
4.2471,2.7703,3
-2.2547,-2.5456,2
2.8559,-2.6173,1
2.6497,1.7084,3
1.0847,-2.9886,1
-2.5693,0.8813,3
-3.8786,-0.42534,1
1.2089,-0.75757,3
-1.3772,2.507,1
-2.019,-3.0326,1
-2.7494,4.805,1
-2.7764,-0.88274,1
-3.023,-1.554,1
-1.8634,-1.8241,1
1.4334,3.9124,3
-1.6661,1.5193,1
-2.033,0.11766,1
-4.7234,-3.4955,1
-1.2242,-1.6021,1
0.94214,-1.0638,2
2.8247,0.41011,2
-2.7393,-4.7601,1
-1.9399,0.26905,2
0.56195,1.5371,3
-1.336,-2.3737,1
-3.6373,4.0031,3
-0.81296,0.73617,3
0.52653,-1.2689,2
3.4023,-0.34036,3
0.96849,4.3686,2
0.91654,-0.50774,2
-2.3713,3.8886,3
0.83096,4.7541,3
3.0169,4.3295,3
1.3231,-0.24123,2
0.39855,-1.2066,3
5.3628,-0.8418,3
4.4378,3.7958,3
-1.9439,-1.7094,1
-1.0259,1.6242,1
1.1734,-2.1925,3
0.69699,-0.50454,2
-2.0271,-1.2747,1
-3.6734,-0.2984,3
-1.0593,-5.6898,2
0.63512,0.41579,1
1.6234,2.6817,1
1.1088,2.0434,3
0.58729,-0.50148,1
-5.576,-3.5552,1
0.63329,2.223,1
1.1154,3.5095,3
-0.17159,0.97833,1
0.69368,4.5269,3
-2.8547,0.90696,1
-1.6621,-0.73631,1
0.64957,-6.0126,1
-2.8573,-3.7155,1
3.1562,-0.056558,3
-0.9111,3.007,1
-5.3559,2.3552,1
-2.0695,-0.46702,1
2.3704,-0.37483,2
-0.93489,-3.3334,1
-3.3927,-2.3883,1
-1.6421,-1.6099,3
-0.58955,-0.36965,1
1.2488,-1.6902,1
1.6212,1.2539,3
-3.0713,-0.30721,1
-0.7333,-1.7707,1
0.62844,0.55081,3
-1.0725,1.8839,1
1.7514,-2.1096,3
3.0453,1.0421,3
0.30585,-3.5339,3
0.46923,-0.15119,3
2.0113,0.069181,1
-4.4258,-5.1805,1
-3.8876,-0.40144,1
2.4518,1.7486,3
-1.6525,0.049196,3
-1.3726,3.0181,3
-0.1936,0.90248,1
-0.92639,3.7048,3
-3.6165,-2.4979,1
1.2375,-7.1323,1
-1.045,-2.2645,3
-1.3901,-0.88715,1
-1.5168,0.53515,1
0.69927,-2.0956,2
-1.9199,-1.3227,3
-4.6069,-1.7199,1
-0.061018,3.5694,3
0.069508,-3.5364,1
1.0686,0.14692,3
-0.94175,1.1938,3
0.011379,-0.97881,3
-0.68789,-0.084092,1
-1.3734,-0.78046,1
-3.8334,-2.2875,1
-1.6558,1.1255,2
-1.1234,0.86022,3
-5.656,-2.8306,1
-4.0725,-0.97336,1
-0.50554,1.5214,3
-2.9551,0.14156,1
-2.6023,-0.37659,1
3.5541,5.8516,3
-0.079784,-0.29907,1
-1.0611,0.23747,1
1.1275,-1.3194,1
0.13769,-0.57431,2
4.5066,2.9699,3
1.0611,-4.93,1
1.9745,-3.2719,3
-1.493,0.89918,3
0.059063,3.9866,1
-0.29717,-2.1111,3
1.6681,1.7023,3
3.1773,5.8732,3
3.9726,5.1081,3
0.061447,2.5712,3
2.8588,-3.3761,3
-1.0093,-4.7529,1
-2.8026,0.36467,1
-1.0758,1.7816,1
3.9953,1.0712,3
0.03831,-2.7542,1
-1.3244,-1.0179,1
0.81013,1.8326,2
-2.7562,-0.050033,1
-0.055191,-1.9466,2
1.252,-0.73971,3
6.4957,5.9058,3
0.015571,-1.3208,3
4.1382,-2.9394,1
1.5738,0.15159,1
4.7305,3.596,3
-2.5966,0.32119,3
2.7885,-0.93038,1
-1.1063,-2.4143,1
1.726,-5.0014,1
-0.61365,-0.88083,1
0.71248,1.5899,1
-2.5767,-1.7124,1
-0.093325,-4.4668,1
-2.2824,-1.8695,1
-1.5215,1.5918,1
-1.3676,-2.4947,1
-2.1924,3.5461,1
-2.1405,0.93019,1
0.96455,1.0237,1
0.47614,0.014635,1
1.3342,2.1774,3
-4.1115,0.40385,1
-5.3289,0.24477,1
1.5216,0.0035397,1
0.21726,0.0038945,1
-2.5469,-1.2352,1
-2.2204,-1.085,3
1.3955,-0.68124,3
-2.7829,-1.2305,3
5.9472,4.0936,3
0.822,-0.86692,3
-2.3032,0.60544,3
-3.7804,-4.3603,2
2.4381,0.91633,3
0.76275,4.3485,1
1.4816,0.72877,3
-2.7738,-0.66546,1
3.073,4.0356,3
-0.97724,3.7059,3
2.5687,1.9867,3
-1.5276,0.52874,2
-2.9349,0.057092,1
4.5057,0.73325,3
-5.0891,0.1825,1
-0.079939,-0.41987,3
-0.77902,0.09843,3
0.27453,-5.532,1
2.2954,0.10614,1
-0.15639,-4.1566,1
1.3965,0.65748,1
-2.7899,-2.0984,1
1.9679,4.4937,3
2.9345,1.2518,1
0.31877,-4.113,1
-1.581,-1.0094,1
-3.5496,-1.9327,1
1.4762,0.44319,3
-0.041199,-3.5018,3
2.1594,0.92792,3
2.7673,1.27,2
-1.7225,-2.0729,3
5.4998,3.1216,3
1.7475,1.8047,3
1.4556,-3.8779,1
3.7006,0.82461,3
1.1625,0.94316,1
-5.0876,1.163,1
-4.2547,2.0508,1
1.977,-0.4177,3
4.3561,4.4754,3
0.069229,0.74507,1
-0.066438,-0.96066,1
-3.1052,-3.781,1
4.2167,0.99364,3
-0.40836,-0.9407,3
-0.82918,-0.38979,2
5.0331,3.8107,3
2.4713,2.5787,3
-0.88514,4.1315,3
-2.8954,-1.5674,1
2.0656,1.6112,3
-0.98484,-1.6731,2
-0.58303,-0.004408,1
-0.20019,0.0021358,3
-1.7189,-0.0090042,1
-0.91254,1.6733,2
1.2026,0.41148,3
-1.9165,-2.7258,3
-1.0121,-2.0059,3
-1.2839,-0.6681,3
-2.6165,-3.097,1
0.60315,-1.879,1
-5.3238,0.69494,3
0.59836,1.1009,2
-3.4337,-0.78502,3
0.81391,0.59044,3
-0.82028,-0.62192,3
0.46494,-0.99181,1
2.039,-1.7505,1
7.211,7.0375,3
0.15434,0.2615,1
-0.12612,-1.4785,3
-1.6108,-3.1022,1
-5.063,-2.4853,1
-1.4187,-0.98171,3
-5.8821,-3.7295,1
-0.2222,1.7552,3
-3.3876,-1.7683,1
-0.26456,-1.4653,1
2.3206,3.5554,3
4.3249,2.5228,3
-2.1074,-3.5636,1
0.18439,1.177,3
0.7079,-0.65103,2
-1.8367,-0.9907,3
0.98123,-1.4936,3
-2.6811,-1.9544,3
-2.3894,1.2288,1
0.73073,-0.87288,3
2.5803,4.9032,3
1.8311,0.8865,3
3.0836,-0.44029,3
-0.86152,-4.0352,2
3.249,4.1248,3
2.0529,-0.76422,1
-0.18736,-1.0403,1
-0.54486,3.4794,3
1.4655,-2.4409,1
3.1928,3.6542,3
0.13461,0.80522,1
-0.81198,-1.2046,1
-1.1064,0.23009,3
-2.7283,-1.0527,3
0.99601,-0.36216,1
-1.5789,1.3371,1
1.6714,-0.62248,3
-3.6771,-1.5391,1
2.9752,-0.15217,3
3.0683,4.6089,3
1.8071,-2.9661,1
-4.1806,-4.4442,1
1.5922,2.8543,2
1.6675,0.16888,1
-1.0605,-2.6532,1
-1.4086,-2.7141,1
2.8307,3.1588,3
1.8778,-2.3465,1
1.6848,3.1491,3
2.8914,2.3883,3
-3.514,-0.89448,3
1.2276,1.874,3
-0.65358,1.7197,3
3.0998,2.8841,3
3.6173,3.6665,1
0.62919,-1.6434,3
-1.2491,1.51,3
-0.72926,-0.88083,3
2.2049,-1.1759,3
1.5715,-0.11568,3
3.3904,0.75269,3
-0.1485,-1.9189,1
-4.0279,3.1904,1
1.5807,2.7004,3
0.80559,1.3595,1
3.821,1.8536,3
-1.1924,-4.2689,1
-1.4025,-2.6141,1
-2.5568,-2.9968,1
1.4761,-3.3815,1
2.1934,-3.5119,1
0.4692,0.27586,1
1.2699,4.9855,2
2.4694,-2.1773,1
-2.6719,-2.6037,1
-3.0995,1.9234,1
0.28793,2.707,3
-0.39675,2.4083,3
-1.1292,-3.7926,1
0.79244,0.25804,3
-0.2117,-1.8224,3
-1.751,-0.12669,3
-0.55392,0.090258,3
-0.38282,-3.5765,3
-3.2158,-1.4955,2
4.7438,3.9949,3
-1.6487,1.8794,3
-3.6509,-1.0866,1
0.94044,0.88152,1
-3.1002,-0.17073,1
-0.58243,-1.3468,3
-2.7315,-3.131,1
0.54216,-5.1283,1
0.61703,2.6723,3
-0.6008,3.2559,1
0.43882,-2.7607,1
1.314,1.2402,1
-0.89006,-2.3402,1
-0.8826,-2.9033,3
1.6435,5.6659,2
0.073677,-1.8386,3
-0.79577,0.73706,3
5.8477,5.1102,3
-1.3563,-3.9748,1
3.4048,2.0908,3
2.5142,-2.6506,3
0.41544,2.5952,3
1.4866,-0.3798,1
0.00078092,4.1335,3
-1.4013,1.381,1
-1.5854,-1.0254,1
1.0955,4.3999,3
1.3222,-2.5818,1
1.2094,1.9936,3
-2.0898,0.055128,1
-3.0215,-1.404,1
-0.40256,-1.0352,1
-0.031117,3.4205,3
0.24732,-0.26431,3
-4.19,4.9301,1
-1.8053,-0.57121,3
-1.0278,1.1327,1
0.30777,-0.94032,3
3.405,0.055536,2
-4.2882,-0.078309,1
1.7743,4.4805,3
-3.6459,-0.22984,1
-0.63312,-0.62767,1
1.1441,0.78375,3
1.1173,-2.0341,3
-3.1869,-4.6626,1
-2.6971,-0.39228,3
1.382,1.6688,3
-2.0403,1.6823,1
0.5648,3.2087,3
3.2722,-2.2917,3
0.55827,1.2803,3
-0.5672,-1.218,2
0.099861,0.68713,3
3.1621,-1.3673,3
2.1499,0.29725,1
1.0848,-0.84539,2
1.4886,-1.254,3
-3.7276,-1.9593,1
2.7751,2.5733,3
2.256,2.9521,3
3.7758,4.4004,3
2.6726,6.6673,3
1.7364,-1.6025,3
-1.7705,-1.5483,2
0.099114,-1.4468,1
3.0944,-0.44662,3
-0.57174,2.914,3
-1.3512,2.2877,3
-1.259,4.117,3
-2.0358,1.4535,1
-1.8884,3.1655,3
-0.3339,0.23102,3
2.4567,2.6607,1
2.7108,3.2521,3
4.9739,-2.8989,3
4.0221,2.5682,3
1.5228,1.3444,3
3.9689,4.17,3
1.9272,1.4937,3
-0.63127,5.6176,1
-4.8242,-1.4042,1
0.10159,1.7704,3
-0.069224,1.2924,1
-2.6244,-0.2627,1
0.25092,-2.1847,1
1.1702,1.6579,3
5.2824,2.9259,3
-0.54279,2.9653,3
4.6794,-2.5617,3
1.3862,3.8536,3
-2.4067,3.1849,2
-2.2179,0.72958,3
4.5937,-3.8628,3
-0.87745,0.94417,2
-1.1564,-3.0681,1
-0.10705,-0.73444,3
2.4531,-1.3359,3
-5.2453,-1.309,1
1.5514,4.0316,3
-2.903,-2.5846,1
1.525,3.118,3
-1.2275,0.35596,1
-1.3715,-0.71612,1
-0.65292,1.9689,1
-0.33919,1.7092,1
-1.4738,-3.8877,1
-0.090121,-0.30866,1
0.95994,0.44574,1
-1.0613,0.90401,1
0.9009,-0.21696,3
-3.0756,-3.7157,1
-3.0836,0.62662,1
-2.9985,-0.26151,1
0.35476,0.64196,3
2.5703,-2.1238,3
-3.3046,-1.9953,1
0.52886,-3.7342,1
3.9527,4.19,3
-3.0671,-0.052131,1
-3.832,-2.0913,1
2.8396,6.7083,3
0.40631,0.30826,3
-1.3197,-1.6443,1
-2.8979,1.922,1
0.76509,1.8394,1
0.98869,-4.9075,3
0.23562,2.4536,2
-2.7454,-2.2741,1
-0.32108,1.3619,3
-3.3195,-3.03,1
-0.16371,1.4068,2
-0.78664,-2.9717,1
2.0741,-0.45314,3
2.8442,2.2329,3
-2.1582,0.15712,1
-3.5177,-3.0253,1
0.67808,-0.92737,3
0.89008,-1.9723,1
-1.3464,1.4646,3
1.2978,-2.7946,1
3.6989,0.8441,3
0.93778,-0.34028,3
1.9067,1.1451,2
0.28916,-0.97461,2
0.47107,2.2905,3
-0.24413,-2.3204,1
0.098242,2.2516,1
-1.8716,-0.92827,3
-3.2298,-2.2743,1
1.8891,1.1461,3
2.5008,-1.9643,3
2.3722,1.6324,3
-0.11901,-3.384,3
2.1018,2.9964,3
-3.0601,-2.9053,1
-2.0407,1.7601,1
2.3364,-1.5522,3
-2.3582,0.73206,3
2.5328,0.19912,3
-2.5944,-1.7242,1
-2.2526,-4.1395,1
4.7425,-4.0158,1
1.3493,-0.82016,3
-3.9367,-0.60478,1
-3.7359,-0.32219,1
-0.67118,1.733,1
-3.4326,-2.5531,1
-2.9913,-1.5087,1
-5.4373,-3.578,3
-1.4964,0.4618,2
-4.5504,-2.9685,1
0.98203,0.46493,3
4.0547,2.5918,3
-1.8694,-0.23813,1
-4.2112,-4.7094,1
1.0047,-0.0021869,3
2.4113,0.84071,3
0.55875,-0.9367,1
2.4439,-2.6615,3
1.7754,-1.3184,3
0.088992,0.35436,3
1.7392,1.5924,3
2.1001,-1.8831,3
1.2228,-2.0315,3
-3.473,-0.28843,1
-5.2849,1.5692,1
4.4703,1.7582,3
4.1839,3.8497,3
2.6385,2.4267,3
-1.2726,-1.968,1
-3.395,-0.95911,1
1.0432,-3.3732,1
3.3159,0.9897,3
0.70732,-2.0639,1
1.2637,3.2583,3
-2.0216,3.4584,3
2.9933,-2.3845,3
1.2777,-0.37258,3
2.6133,-0.69384,3
-2.4569,-4.2413,1
1.52,3.0849,1
-3.3001,-4.9575,1
4.9613,4.1138,3
1.1063,3.8546,2
2.2596,1.1877,3
0.040286,3.1743,3
2.3057,4.1211,3
-0.39315,-2.3895,1
-1.2897,0.0098929,1
2.879,5.5412,3
-0.85761,4.7781,1
1.5759,-1.0751,1
-3.8447,0.49785,1
0.042791,-1.5441,2
-1.3075,4.1409,1
-1.3086,1.0484,1
1.5596,3.9681,3
-0.92544,2.5601,1
-2.4947,-0.3355,1
-0.20232,1.5192,1
-1.4577,-4.2588,1
1.7502,-0.91667,1
1.1367,0.19791,3
3.8001,1.6009,1
-5.0653,1.3401,1
4.6297,2.3414,3
-2.6277,-1.1053,1
-1.6126,-4.6481,1
1.0482,-2.2805,3
-5.8079,-1.5981,2
3.7102,-2.0465,1
3.1542,4.11,3
3.6447,0.5179,3
-4.5005,-3.9114,1
-0.62287,0.36982,2
-0.34371,2.701,1
3.8298,2.0609,3
1.7688,2.069,1
-0.5639,2.0595,3
0.1492,0.17169,1
0.8762,2.0527,3
3.0312,0.19976,3
-0.2582,-4.5541,1
-2.5605,-0.55666,3
-2.3054,2.1796,2
0.067414,-0.13694,3
-1.0162,-3.7301,3
-0.61395,-0.60648,1
-2.228,2.5832,3
3.8815,0.7986,3
-3.0757,-5.2377,1
-1.8839,-2.2671,1
-7.0261,-2.2947,1
-0.48505,-0.45766,3
6.3086,0.87036,3
0.13719,-2.0416,3
-0.41866,-4.7034,1
0.64656,2.8379,3
-3.1652,-3.4426,1
3.8572,2.5329,3
-0.18074,2.5267,3
5.6284,-1.4892,3
-1.6339,3.4309,3
-1.4671,-2.6435,3
-1.7141,-3.4483,2
-5.5718,-1.4906,1
2.2382,0.28174,3
-0.97805,0.90525,1
-2.1046,0.49961,1
-1.4337,1.9874,2
0.19551,2.1102,1
-5.2316,-3.8747,3
0.47695,-3.541,1
1.259,0.82936,3
0.35364,1.2733,2
-0.69422,3.9506,2
0.31411,2.8744,3
-3.6786,-2.4784,2
-3.1427,-1.8037,2
1.7874,-0.75629,3
1.0128,-2.6229,1
1.9511,-0.81901,1
-2.615,-1.9775,1
4.0045,-2.3801,1
7.321,-0.046068,3
-1.5572,-2.1743,1
-0.28993,1.3342,1
0.2741,-0.44417,1
-0.035669,-1.5255,1
0.28329,0.11127,3
-3.9363,0.65651,1
-3.1388,-2.869,1
-5.0326,2.5386,1
-0.2596,1.6328,3
-1.0804,-1.4812,1
0.44013,2.7663,3
0.43073,1.3591,3
2.7149,-1.4966,3
-1.2717,-0.81933,1
3.3003,3.1807,3
1.7007,3.3527,3
-1.2003,-1.0087,3
0.95586,-4.1632,1
-0.16747,-0.40974,1
3.3651,-1.457,3
-1.0054,2.2254,3
0.0094741,-1.7283,1
2.0811,4.8567,3
1.1361,-0.54847,3
-3.1425,-5.0815,1
1.8491,1.6655,1
0.59382,1.3122,3
1.5418,2.9824,1
2.5859,-0.84577,1
1.9601,1.3916,2
-2.0075,-0.76192,3
0.45242,2.0569,3
5.7674,1.5413,3
0.48189,2.3154,3
-1.2125,-3.6516,2
1.5133,-4.0135,1
-4.4223,-1.3616,1
0.27302,0.39942,1
-0.1769,1.5454,1
-0.63113,-1.6451,1
1.3055,0.80832,3
-2.2966,-2.8729,1
-2.3886,-0.80812,1
-2.4138,-3.1214,2
4.6747,2.4889,3
0.81374,1.2443,1
-3.6521,-4.1385,1
-2.636,-1.6371,1
-0.74316,3.1544,3
0.82357,1.5983,3
-1.5326,0.81937,1
2.2651,-3.2611,1
-4.1482,2.1547,3
-0.44361,-0.2475,1
-0.54498,-0.67786,1
-0.45974,0.71583,1
-1.8528,0.41661,1
0.27913,-0.31719,1
-0.44729,2.554,3
0.14088,-0.44344,3
3.0622,-0.84978,2
-1.8587,-2.5631,2
3.2703,1.533,3
-0.034157,-2.9021,1
-0.60948,1.3157,2
-0.81726,2.2942,1
0.45189,1.5165,3
2.3767,1.4882,1
4.5098,2.54,3
0.17944,1.5202,3
-1.2509,-1.87,1
3.9799,2.8477,3
3.6383,0.69653,3
3.171,-0.46097,3
-0.94254,-2.5694,1
1.2616,-2.7257,1
-2.5292,1.2696,1
-0.32194,-1.0387,3
2.832,-0.96412,3
-5.1295,-6.9753,1
-2.8889,0.28999,1
-3.3738,-1.2361,1
0.095442,0.044953,3
0.16258,-4.0337,1
1.1308,-0.059158,2
-1.6867,-3.2526,1
-2.1038,-3.1308,1
-1.339,1.5889,1
-0.58711,0.3425,2
1.0381,3.5939,3
0.91588,-0.40739,3
-1.3626,0.51565,1
-1.821,-3.6889,1
0.0071258,3.5137,3
5.0379,0.053057,2
0.59746,3.2181,3
1.5228,6.2937,3
-1.3389,-0.0023139,1
-0.23192,2.6914,3
-1.8978,-5.575,1
0.8513,-1.7865,1
2.4871,3.8099,3
2.7275,-1.1792,1
0.2507,-1.5,2
5.2216,-0.23777,3
-1.6949,3.0213,2
-1.5011,1.6474,1
-3.2491,-2.9797,1
-1.0925,-0.066049,1
-1.6751,4.625,3
0.59272,2.9105,1
-4.7574,0.63452,2
-5.2972,-3.3902,1
0.89879,-3.6823,1
1.0381,3.9427,3
-3.6675,-3.371,1
2.2802,2.4551,3
3.7952,0.32751,1
-0.34616,-1.2559,1
-1.3574,-0.42883,2
-1.0661,-2.0146,1
0.99216,2.8691,3
-2.1901,-1.1076,1
-1.8905,-3.0832,1
-2.6736,-2.4337,1
1.0831,-0.61829,1
-3.348,2.1047,3
-4.2946,0.28269,3
0.82508,-0.30276,1
0.25219,-0.72769,3
2.705,2.0696,1
-2.7672,4.0281,2
-0.46977,2.2503,3
-0.56971,-0.83077,1
-1.1283,-2.5309,3
1.155,3.0467,1
2.3962,0.84306,3
0.5472,-0.88786,3
-0.51322,-1.6219,1
0.33753,2.9458,1
0.96044,-1.4578,1
-2.9273,-3.7259,1
-1.8187,-4.8432,1
-0.23995,-1.0486,2
-3.3811,-4.5847,1
-0.47794,5.6138,3
-1.8451,-3.5957,1
-1.9619,1.1887,2
-2.2038,-5.989,1
0.18129,-1.8006,1
3.8367,-2.3385,3
1.0778,-0.092072,1
0.9466,-0.49672,3
3.0093,-1.3368,3
3.6423,-0.67568,1
2.5605,-0.70172,1
-2.2875,-1.7582,1
-0.20371,0.35353,3
-2.1977,0.98935,1
-0.97935,-5.398,1
0.20713,-1.0829,1
-3.62,-1.1218,1
0.89309,1.6142,3
-0.80929,-2.6885,1
0.70445,-2.4691,1
1.909,4.5956,3
6.9184,1.802,3
1.085,4.2607,3
1.398,4.9367,3
-1.3087,-3.4203,2
4.6947,-0.19675,3
-2.3912,0.59079,1
-1.9159,-4.4049,3
-3.5374,-2.9844,1
0.70826,1.1498,3
-3.1661,3.2848,3
1.9691,-0.23755,1
2.4067,-2.6819,2
3.4999,0.35828,3
-1.016,1.1779,3
3.1498,2.8537,2
5.4082,4.6717,1
-3.6362,-1.4856,1
0.52326,-1.7376,1
3.4906,2.4902,3
-1.7095,2.1658,2
1.4651,0.22064,1
-4.2219,-5.3612,1
-1.8484,-0.95263,1
-3.3993,0.3265,1
4.8955,-0.93159,3
3.1771,-1.3762,2
-1.7088,-2.7928,2
1.1318,-1.0986,2
2.4368,0.28192,3
-3.2895,-2.2539,1
1.1237,0.29336,1
0.37642,1.2242,3
-6.5497,-3.0198,1
3.3661,5.6864,3
-1.072,0.68661,3
0.4587,1.766,3
3.5972,-1.3393,3
-1.6258,-0.97072,3
0.17396,5.5029,3
-2.6662,-0.76061,1
-2.2526,2.7518,3
1.2337,1.3948,3
-5.2975,-2.9737,1
0.10671,0.2838,1
0.59339,7.4994,3
1.0397,-2.8354,3
2.4793,1.2877,3
-0.038767,-0.2504,3
-1.2526,1.5255,1
-1.8675,-1.2744,1
-2.9648,-4.2316,1
-2.3989,-1.5494,3
-1.3232,-0.96794,3
1.9198,1.5595,3
-0.83133,-2.914,1
0.4869,-1.5627,2
0.44355,-0.48988,3
-0.1018,0.95354,1
-1.2848,-3.7045,1
-0.58894,-1.1074,1
-2.8101,-2.0035,1
0.7825,-1.0784,3
1.0723,6.4158,3
-1.0538,-0.73979,1
-1.419,-0.13442,3
1.13,-3.3602,1
-0.57278,3.6588,3
1.4798,-0.45263,2
-2.8026,-1.0219,3
1.6361,-3.209,1
-3.5701,-0.31667,1
1.8214,0.62713,3
-4.0103,-0.78645,1
1.6953,4.2049,3
-2.4198,0.74704,2
-1.7516,-4.3032,1
-2.0424,-2.3853,1
0.25008,1.8735,3
-0.40808,-1.6733,1
3.2881,3.3133,3
1.5862,2.8317,1
0.38412,0.61189,1
6.1632,3.4594,3
2.4447,3.2423,3
-2.7743,1.2597,1
-1.4372,-1.8742,1
-3.791,-5.4608,1
-4.7216,-4.2278,1
1.4208,0.6493,3
-2.9663,-3.9465,1
0.64003,5.4252,3
-2.5002,-2.1221,1
-0.20515,3.1214,2
-0.066905,-8.4241,1
0.72375,-2.6578,1
2.1751,-5.64,1
-1.864,-0.17976,1
3.2296,1.3072,1
0.3878,-0.32818,2
-1.2424,-6.2213,1
2.9469,2.3115,3
-1.2132,-0.9616,2
1.2539,0.14048,1
1.9652,3.7305,3
-2.8936,-3.8246,1
2.7252,1.7221,3
0.19345,0.61676,1
1.1889,-0.1824,1
-2.1627,-1.8267,1
-2.5032,-1.2238,1
2.6752,3.737,3
-0.32354,-0.36383,3
2.5662,2.9167,3
2.3469,-3.3392,1
-1.6546,-0.39518,1
-3.7233,-0.049448,1
0.49582,0.27484,3
0.06945,0.17723,1
-1.7277,-0.47321,2
-1.5352,0.19211,3
1.7451,-1.1288,3
3.4463,0.96351,3
0.24932,-5.0947,1
0.70752,-2.8059,1
0.21985,-1.2961,2
-1.8681,-0.19674,1
-4.1547,-1.603,2
-0.3489,2.9642,3
2.5143,1.4541,3
-1.4766,-1.3586,1
3.2718,1.4743,2
1.663,0.91209,2
0.58941,2.3996,3
5.4793,-0.1194,3
6.7851,0.69848,3
2.307,-1.9192,3
2.6002,-1.7073,1
0.41519,-4.6007,2
0.49258,1.1278,3
0.47834,2.5542,2
-0.59611,0.77423,3
0.85735,1.1194,3
0.031218,-2.9698,1
-0.27591,-0.14692,1
2.3089,2.0591,2
-1.3779,0.28292,1
-1.9105,-4.4898,1
-1.4482,-1.2485,1
2.3097,2.704,2
-1.2557,3.8377,2
0.83578,2.4082,3
-1.1307,-1.2975,1
1.9545,3.4302,3
0.55127,0.32121,3
-0.49883,-0.95799,3
-2.9756,0.5424,1
-1.0075,-1.0259,1
1.9378,-0.51203,3
-4.6123,1.9261,2
-0.01481,1.2072,1
1.6391,3.3819,3
-1.9822,-1.0089,1
2.906,2.3253,3
-0.537,-4.3869,1
-0.73604,-1.3949,1
-3.1247,-1.3638,1
2.3284,5.1618,3
-1.2515,0.12616,2
-1.8804,1.3871,1
0.90832,0.42824,3
-2.4975,2.2933,2
1.25,0.055665,1
4.7388,0.96841,3
-2.4454,0.5811,1
1.26,-1.0556,1
-1.5597,-2.8895,1
7.2069,0.67536,3
-3.8362,0.68417,3
1.1872,-1.1999,1
0.94883,-1.2614,3
2.3265,-1.1486,1
1.977,3.2685,3
3.5395,1.3699,3
-0.50257,3.37,3
1.3573,0.72753,3
-0.23846,1.0934,2
-2.6458,-3.692,1
3.7459,-0.83426,3
0.51031,-3.3823,1
-1.5963,2.3966,2
0.94556,1.759,3
-1.648,-3.2279,1
-2.1835,-0.45083,1
-3.6468,-2.0823,1
-0.94166,0.49651,2
-0.2313,2.2022,3
0.64784,1.1604,3
-0.56958,4.0018,1
3.8362,2.051,3
0.013223,-0.97285,3
-3.1459,-3.8968,1
-2.5584,1.2262,3
-1.5425,-5.1049,1
-0.63903,-0.62466,3
-0.67616,-3.5577,1
-3.7263,-0.97641,3
-4.635,-3.9654,1
-2.2288,3.884,1
3.97,3.686,3
-1.4192,2.5139,3
2.4579,-1.3494,3
0.4759,-0.70182,1
-2.218,-1.4644,3
2.1582,0.95277,1
3.2742,-1.207,1
0.68753,-0.22889,1
-0.45244,0.10541,3
-0.30335,-2.6563,3
-2.0217,1.2965,3
-0.77024,-1.2414,3
-2.8528,-1.8772,1
1.8512,1.5277,3
0.54262,-2.2982,1
-1.2138,-5.839,3
0.53103,0.051166,3
-0.47267,0.57075,3
1.7381,0.69317,2
4.9421,-0.34602,3
-4.0429,-0.97361,1
-0.55918,4.0836,3
-2.2664,1.4686,3
1.1021,1.1011,3
-3.2791,-0.48928,3
3.7971,3.2206,2
-0.68776,-1.9124,3
0.48738,0.32423,1
3.3137,2.6184,3
-3.0558,0.43797,1
1.0122,3.7845,3
-1.2024,-0.074831,1
-2.408,-3.9411,2
0.35699,0.065973,2
-0.76186,2.0242,1
0.69966,2.0872,3
0.57201,2.1304,2
3.0224,2.2291,1
5.3139,1.6698,2
1.1158,-4.1331,1
-1.7153,0.76571,1
1.1205,-0.74686,3
-1.4592,-2.2763,1
-0.1606,1.8704,3
-4.0511,-2.1671,1
-2.2047,-2.4054,1
2.9877,3.0763,2
-2.2039,5.8204,2
1.329,-1.5502,2
4.6009,0.087767,3
-0.31713,-0.1437,1
0.77075,2.6063,3
0.81774,2.3496,1
-1.4096,-1.4311,1
-2.6106,-0.60563,1
-2.6641,-2.2473,1
0.065863,1.933,3
-0.49502,-0.48906,1
-0.90957,0.85346,3
-0.37716,1.4324,2
0.36231,3.0672,3
1.0879,3.4841,3
-6.0305,-3.2484,1
3.6195,2.2269,3
0.36524,-1.062,3
-1.5292,-0.24391,3
4.4605,4.4068,3
2.8075,0.12528,2
0.011313,-0.33244,3
-0.98045,3.5812,3
-4.0351,-2.6844,1
0.42997,-1.8743,3
0.79602,0.72417,3
-1.5949,-2.5964,3
-1.9054,-1.9936,1
2.0945,1.1628,1
-1.3797,1.6009,2
-0.27589,-1.6354,1
-4.5708,-0.55341,1
-1.3451,-5.7679,1
-0.60154,2.7785,3
-2.2193,-0.038805,1
3.1191,1.0679,3
2.7849,1.3384,3
-0.77327,-0.48805,3
-0.43446,-1.771,3
-3.6356,0.15021,1
2.1034,3.0968,3
-0.28679,1.3896,3
-0.59656,0.29717,3
1.3199,0.34244,3
-4.787,1.1549,1
-2.5401,-0.33173,1
1.1288,1.2234,3
-3.4487,-0.6327,1
-1.4828,2.1825,1
0.18774,-0.55421,3
1.3536,3.0002,3
2.893,2.8571,3
0.51178,1.7535,3
-0.13909,3.4165,1
2.1393,0.58655,3
1.8289,-0.26796,3
-3.5952,-0.96974,3
-0.76461,1.6347,3
1.7843,-1.3156,3
-0.99309,-0.42499,3
-0.55607,-1.3062,3
-2.0472,-0.59328,1
-1.3672,-1.1253,1
6.325,3.3844,3
-0.13063,-0.30401,1
0.25293,3.1497,1
-5.2297,-3.5352,2
-1.4267,-3.0762,2
1.0305,0.52384,3
-0.61835,-1.5232,1
4.691,-0.46595,1
1.9833,5.6395,3
1.2201,-0.5203,1
2.1895,-1.0177,3
-0.71126,-1.3884,1
0.089251,2.4582,3
-1.6033,0.44769,1
-3.4914,-3.4464,1
1.5401,-1.4588,1
-0.91679,-0.55111,1
-1.1805,-3.1487,1
1.9062,0.95446,1
-0.74082,-3.1118,1
1.2489,-1.4588,3
2.7093,0.20947,3
-4.2249,4.3746,3
4.3454,4.0698,3
4.2402,3.5078,3
1.9583,-0.025555,3
-0.021252,-1.3263,3
2.0328,-0.47436,1
2.9817,2.1737,3
-0.13004,0.15824,3
-0.20167,-2.6807,1
-3.216,-4.6681,1
-1.0323,-1.1689,1
3.7,-2.0925,3
-2.0211,1.5446,3
3.6525,0.36451,3
4.839,-1.6619,3
-1.5764,1.2652,3
2.4992,1.6318,1
3.2693,2.4925,3
-1.7677,-3.0059,1
0.1894,-3.3427,1
-5.2743,0.20788,1
1.0803,0.15422,2
-2.7889,1.5471,1
2.8512,-1.7997,1
-0.13995,-0.6649,1
-0.23057,-1.0997,1
0.32345,2.487,3
0.62288,2.1164,3
1.4246,-1.6465,2
-0.93237,-2.7792,1
-0.25532,-0.30197,3
1.7382,2.6989,2
2.3541,1.621,3
4.4422,2.2135,1
-2.3349,2.116,1
-1.0457,1.9698,1
1.5556,1.2913,3
-3.9292,-6.4192,1
-1.1248,-1.4211,1
3.427,-3.4522,3
-0.1678,0.21281,1
-0.73729,-3.4705,1
-2.1234,1.6592,3
1.2459,-2.0982,3
-0.26787,1.7112,1
-1.3228,-0.95451,2
1.076,1.1148,3
-0.38871,-1.935,1
0.43946,-3.1317,3
1.5987,1.1199,3
0.015527,-1.4449,3
-6.0066,-0.92351,1
2.2632,1.9654,3
-2.8797,-0.090167,1
-2.1504,-1.0681,3
4.8461,2.1456,3
-3.6811,1.742,3
2.7424,3.6862,1
-1.9628,0.92059,1
0.93672,5.1485,3
-1.7797,-2.2577,3
-3.2832,-1.1441,3
-0.42018,1.685,3
2.3006,1.5113,3
-2.115,2.5459,2
-3.1951,-0.68826,2
2.6467,0.33092,3
2.8824,3.9976,3
-3.4572,-4.1912,1
-0.39123,2.3848,1
-0.89806,5.0065,3
0.10086,-1.7594,3
-4.062,0.19648,3
0.46006,0.9397,3
0.88973,0.70547,2
2.2987,2.6576,3
-1.047,-0.33097,3
7.5042,0.1752,3
-2.2423,-4.1793,1
-3.7961,-0.38965,1
0.33677,-1.8579,1
-4.5225,-4.5389,1
-0.43521,-2.309,1
-1.6095,-1.8166,1
-1.8804,-1.9904,3
-1.2091,-0.81677,1
0.34191,-1.8762,2
-0.49198,0.86479,2
0.89895,-2.5162,1
-2.574,0.98622,1
-4.3144,-1.6612,1
2.3064,-1.2725,3
5.4777,0.64687,2
-3.3383,1.4155,1
-1.8996,2.463,1
-0.054874,1.4696,3
2.0523,4.3969,2
1.3099,-1.1373,1
-2.7265,-0.61773,3
1.1563,-0.69639,3
0.17415,0.29282,3
-4.3264,-1.2182,1
0.52457,1.5106,1
1.0899,-1.3534,1
3.3439,4.335,3
-3.2718,-2.2386,3
0.51416,2.6547,2
2.7023,-0.85853,1
1.4563,0.21082,3
-1.8643,-3.7667,3
-0.61725,-2.7422,1
-2.8078,-2.2852,1
4.8471,2.9554,3
3.7301,3.9639,2
-0.17906,0.63368,3
-5.0949,-3.4612,1
2.2586,2.0663,2
2.0535,1.5598,3
-1.9749,1.1283,2
-0.19806,1.4805,3
0.69415,0.76536,1
0.88541,1.7504,2
1.2489,4.6389,3
-2.1139,-2.5605,1
-3.8745,0.2205,2
3.4526,4.5964,3
2.0792,1.1355,3
1.2486,-0.55389,3
-3.0441,-2.8408,3
-3.4981,-4.8504,1
2.3794,-1.8047,1
-6.0033,-10.212,1
1.7567,0.31823,3
1.5345,0.53207,3
-3.168,-2.7344,1
-0.89229,-0.68709,3
-1.2446,-3.6618,1
0.059372,0.84289,3
-0.651,-1.16,2
4.2005,4.1307,1
-1.5953,-0.42686,1
2.0142,0.41993,3
2.3791,-1.3008,1
0.72994,1.1676,3
0.32568,-2.5564,3
-3.992,-2.4154,1
1.2106,2.7764,3
-2.418,-2.1323,1
1.2255,1.1425,1
-2.2913,-0.022517,1
4.5098,2.2045,2
-6.2316,-4.4476,1
-1.0802,-0.54941,2
-3.5591,-4.257,1
0.35833,0.12172,2
-2.3011,5.1118,3
4.6687,-0.43132,1
1.4045,1.2975,3
1.5806,1.7152,3
-4.6048,1.0186,3
-0.33578,0.095845,3
-2.5172,-2.7547,1
1.5477,-2.3239,3
-2.3606,1.6933,3
3.2833,2.1654,3
-0.38382,-1.7772,3
3.9066,1.1694,2
0.71212,-3.1443,1
1.8833,-0.19775,3
-3.0985,1.3238,1
0.28815,2.8023,3
-1.3874,-1.2205,1
-0.60425,0.32629,1
3.3406,-3.2439,3
-4.0089,-0.53253,1
1.6059,4.7063,2
-4.6667,-3.4765,1
-2.5506,-1.4025,2
0.66018,-0.60944,1
-0.18316,1.6888,3
-1.1223,-0.79565,1
0.32888,0.24713,3
-1.939,-3.6368,3
-0.2806,0.66973,1
-2.2026,1.1108,1
-2.3282,2.2022,1
1.2261,0.20364,3
1.7195,4.204,3
-7.0916,-6.8882,1
-4.0371,-0.8046,3
1.8614,1.9324,1
-1.9282,-1.0907,1
0.3765,1.6521,1
-2.2249,-0.93218,1
-0.25776,-1.8483,3
-0.59314,-0.79752,1
1.0823,-0.5926,1
-1.3912,-0.40405,1
1.1199,3.5924,1
-1.362,-0.93267,3
-0.19688,-0.57389,3
1.8293,0.44287,1
1.4626,3.2831,3
-1.582,2.4715,2
-2.521,-2.819,1
1.3071,0.22642,3
-1.4568,0.73014,1
-0.81744,-0.68064,1
-3.5387,-0.80211,1
0.66103,0.84551,3
-7.2597,-0.60238,2
-3.3549,-2.4753,1
1.1143,0.13342,3
0.5435,0.082793,1
4.0466,-0.27944,3
-1.8967,-2.9733,1
-6.2416,-1.755,1
-0.5459,-3.7928,1
0.83005,-5.5052,1
-0.11483,-0.91125,1
3.6078,-3.9373,3
-0.72816,-2.3347,2
-3.8893,-0.8146,1
1.4913,-0.062697,1
-1.0503,-1.3374,2
0.26833,-0.67198,1
4.3994,-0.19387,1
5.2596,0.92566,3
-2.6537,-0.66898,1
-3.0802,-0.073812,1
-2.9105,-0.9571,1
1.1378,-2.0481,1
0.63731,-2.1881,1
0.21736,0.033118,1
-0.69991,-3.8342,1
-1.4882,-3.8236,1
2.7578,-0.31282,3
0.35685,-2.8686,1
-3.5079,1.7626,1
-1.6126,0.051175,3
-3.9089,-1.0716,1
-2.9036,4.2683,3
1.0919,1.0595,3
-0.8185,-1.7218,1
2.5216,-0.24078,3
-0.661,-2.6285,1
-0.16698,2.2936,2
-3.6495,0.52111,1
-0.65429,0.28187,1
5.0758,3.4229,3
-1.3121,-1.9179,1
4.9724,-0.32274,3
0.59686,0.77166,2
0.25992,1.0039,1
0.080133,-1.4186,3
-1.5026,1.7272,1
-0.18965,1.3706,2
1.4613,2.2641,3
-2.0665,0.12811,1
0.74905,-0.057798,1
-1.8226,0.72929,2
-1.0108,-1.3484,2
-1.437,-0.53474,2
-2.6745,-3.3402,1
-2.2279,3.0396,3
0.97732,-1.7101,3
-1.1629,-1.4972,3
1.9891,2.1287,3
-2.006,-0.69295,1
-0.058971,-3.4738,1
-1.5998,1.4855,1
-1.1446,1.2266,3
-3.6579,0.073299,1
-0.93716,0.9015,2
-0.90254,-1.8228,3
0.60618,-1.4384,1
-2.4001,1.1382,1
0.073809,1.8138,2
0.62393,0.42009,3
0.4142,0.72659,3
-2.3223,-3.3969,1
-2.0856,-1.4358,3
1.1362,0.74141,3
0.84024,5.2009,3
3.1643,2.0283,3
-0.15897,-0.097327,1
-1.8489,3.4877,3
1.9671,-0.62345,1
1.6483,-0.38879,3
-7.7505,-3.6275,3
-2.7509,-2.5696,1
0.82685,1.5244,3
-0.0049915,-1.2046,2
-2.7549,1.1533,3
-0.48215,-1.2568,3
-0.23486,0.36786,3
3.0377,0.16466,3
0.68266,1.6829,3
-1.8824,-0.28098,1
0.72445,1.9448,3
-0.011161,-0.20953,2
-4.3058,-1.1083,1
3.2033,5.2726,3
5.4584,-1.112,1
2.2731,1.9121,3
0.28991,-3.9491,1
-2.5346,-4.9396,1
-2.8807,2.409,3
-1.599,1.9176,1
0.57635,0.94198,1
-1.1022,1.8154,3
2.9408,3.6015,3
-0.57303,0.64621,1
-0.20174,-3.072,1
0.2262,-1.1944,1
-2.2103,5.5018,2
0.81464,0.097896,3
0.57069,-2.2214,1
3.4154,-0.60741,3
1.0756,-2.9531,1
-1.7725,-3.4482,1
-0.066006,-6.4451,1
2.2906,1.9969,3
-0.65052,-0.79887,3
-0.33659,0.12126,3
-4.9649,-2.3345,1
1.0982,-1.7954,2
-5.6843,-1.2965,1
-2.5167,-0.76896,1
-2.9334,0.088858,1
-3.23,-2.9766,2
2.1932,1.0117,2
-0.46055,2.077,1
3.8536,2.0968,3
-3.0146,-4.1012,2
2.0183,0.51091,1
-3.8674,-2.2858,3
-0.44957,-0.90835,2
-1.584,1.7416,1
-1.357,-1.2356,2
-1.1251,3.1711,3
2.1473,-2.2941,3
2.594,2.4538,3
5.6464,1.8463,3
-2.7265,-5.4701,1
1.1509,-0.79483,1
1.6717,0.12601,1
0.56474,2.6157,3
-2.3735,-5.3186,3
1.4903,-1.3806,1
-3.6392,-3.2048,2
-2.3164,1.2628,3
2.7322,2.9478,3
-1.0907,3.5467,3
1.5812,1.6947,3
1.6709,-2.5794,3
-3.3659,-2.441,1
0.3337,4.2357,3
-2.5397,-1.2542,3
-2.5651,4.6209,3
2.9469,2.7458,1
-4.2007,-2.5491,1
2.1236,1.9137,3
-1.981,0.96791,1
-1.3594,0.90351,3
1.5844,0.76907,3
-1.5004,0.024998,3
0.10421,-2.1347,2
3.6794,1.0954,3
-1.4538,1.9938,1
-0.48163,-2.2629,3
-1.6829,-1.8303,1
0.24319,1.473,2
1.6721,-0.53113,1
0.047712,-0.61543,3
-2.3835,0.43509,3
1.3402,3.1742,3
-0.74673,-0.94466,2
-2.0192,-1.4823,1
-3.017,-1.7271,1
1.9025,4.0839,3
1.3854,-2.2252,1
-4.5202,-6.6104,1
-0.6937,-0.31638,1
-0.05272,-3.5698,1
-0.49755,1.8613,3
1.5254,3.9478,3
-3.2024,-1.6672,1
0.20127,4.212,1
0.006006,2.7632,3
2.4508,1.3587,3
0.53098,2.2438,1
0.93875,0.87656,3
1.7267,0.017809,3
2.2034,-0.59706,1
-2.5922,-1.5917,1
-2.2779,-4.529,1
-4.3182,-1.1755,3
-0.35829,-0.83837,2
-2.55,-0.52771,1
-0.17818,0.35201,3
0.18031,-0.89678,3
-3.7568,-2.3962,1
-3.373,-1.0157,1
1.8297,2.4603,3
-0.45619,-0.93884,3
-2.0061,-0.97051,1
-3.9496,0.25944,1
4.0315,-0.80382,3
0.70065,-2.6292,3
1.2585,-0.93742,3
-3.7968,3.9383,3
0.029827,0.0907,1
-4.634,-0.6942,1
-0.8593,-3.8675,1
-0.25156,2.5166,3
-0.39414,-4.7837,1
-0.65232,1.6361,1
-1.993,-2.0773,1
-1.5588,3.203,3
-2.5862,3.3396,3
-3.2375,-2.2572,1
3.5232,-2.6496,3
3.7933,1.7651,3
-0.72837,5.0307,3
-2.0686,-1.1755,3
1.7642,1.6389,2
-1.9469,-2.885,1
0.53346,-3.7076,2
0.63254,1.6777,3
2.9415,0.33069,3
2.4979,3.2497,3
2.5077,0.46366,3
3.0323,2.4018,3
3.8086,2.4522,3
2.2066,-0.54837,3
4.7658,2.6273,3
2.4922,1.7985,3
-0.76556,0.45674,3
3.5562,3.982,3
-2.5236,-3.1596,1
2.3173,2.1521,1
2.8164,-0.1494,3
-0.22072,0.044061,1
4.0544,-0.49796,3
2.7551,4.2438,3
0.040836,0.29954,1
-0.063366,-1.7028,1
4.8385,0.59871,3
-0.23138,-0.5511,1
4.8211,3.1524,3
0.87267,-2.9597,1
3.5527,-1.8953,3
-0.14669,-1.2887,3
-3.6989,3.8552,3
5.289,1.1379,3
2.8619,1.2349,3
1.3041,0.39384,3
0.99302,2.3204,1
-1.7663,-1.7407,1
-0.50031,2.3068,3
-0.23165,-0.64589,2
-0.14718,1.4163,1
1.1552,1.7286,2
-3.4391,0.087877,1
-2.2478,-2.8577,3
-0.22543,-1.7106,3
3.287,4.4596,3
-1.5486,-0.90256,2
-1.9786,-3.2539,1
0.44557,-1.1363,3
-2.3196,-2.2609,1
0.81208,-3.4269,3
4.0482,-0.13144,3
-1.5544,-3.7517,1
2.1981,-0.95821,3
2.7346,-3.0029,1
2.9093,3.5338,3
-1.9209,-0.025713,2
1.9445,0.34551,2
1.0286,1.8602,3
-0.73342,-0.52269,1
-1.1778,-1.5699,1
0.61351,1.7194,2
-1.8865,2.1021,1
-2.2386,1.792,2
2.2457,-1.9801,1
-2.1134,-2.9821,1
-0.48627,0.10607,1
0.3428,2.4288,3
-2.8899,-2.1341,1
-0.69839,0.99694,3
4.5642,2.8337,3
-1.6697,-4.6236,1
-2.2344,-1.7944,3
-2.9789,-0.80535,1
-0.80892,3.7008,1
-1.4163,0.87112,3
-2.5831,0.37764,1
-1.341,-0.91604,2
-2.0782,0.70038,1
0.67141,-2.2282,3
0.063424,3.3067,3
2.6714,-3.8017,1
-1.3824,0.99541,3
0.046301,-1.7079,3
2.0571,3.4944,3
3.8435,1.7545,2
0.98824,-1.3864,3
-2.797,-0.91363,3
-1.7131,-1.4,1
1.9764,1.3435,3
-1.3974,-1.8862,1
1.4089,-2.4142,1
-0.91797,-4.4236,1
-0.50782,-2.8632,1
-2.7874,-3.3716,1
3.5244,1.1528,1
4.6383,2.0467,3
1.9439,3.9436,1
0.44088,1.1126,3
-0.031163,3.5512,1
1.257,-2.1924,1
0.65635,2.2487,1
-4.4444,3.8428,2
1.5857,-0.82317,3
-6.1109,-1.6302,1
3.1647,1.6987,3
-0.46757,3.0044,3
-1.9554,-2.6974,1
-0.21634,0.98966,3
-0.90264,-0.13726,1
0.91298,-1.1401,1
-1.2149,-3.3672,1
2.5365,0.44149,3
1.7175,-3.2065,1
0.94886,-2.9015,3
-1.2018,0.74787,3
0.13287,2.024,1
-4.4787,1.053,1
2.1122,-0.11035,3
-0.46972,1.6768,3
-3.2979,0.53615,1
1.1006,-0.10022,3
3.0481,0.57754,2
-2.3064,-2.1861,3
0.11722,0.088596,3
0.3071,2.6164,3
-4.3582,0.94592,1
0.95231,-0.28,3
-1.9831,-0.26364,3
-1.839,0.19682,2
0.22289,1.675,1
-0.504,-1.9373,1
-4.9822,1.1765,1
0.8312,1.2611,3
5.4282,6.1796,3
-1.4069,-1.2699,1
-2.0726,0.62061,3
2.9946,-0.20649,1
1.93,6.1776,3
0.058332,-2.6049,3
-1.1119,0.25203,3
-2.4258,-2.767,1
3.4654,-0.62165,3
0.076617,1.5677,3
-0.16499,1.9795,1
1.8378,2.1089,3
-2.1067,-3.7094,1
-0.95132,-2.6995,1
-2.4519,-2.6487,1
1.5622,2.4665,1
0.27272,-1.7057,1
0.087314,2.6152,2
-2.5985,-2.4154,1
2.3411,1.477,1
0.058005,0.95423,3
-3.4127,-0.57533,1
1.2021,1.6328,1
3.2732,0.13898,3
1.4784,-2.1602,1
5.6162,3.4483,1
2.487,0.83515,3
1.4818,0.94374,3
-0.56991,-8.3308,1
0.97943,1.1078,3
4.3841,2.9041,3
0.29271,-0.62581,1
1.38,2.5168,3
0.99488,2.0946,3
-2.6003,-0.97036,3
2.1317,-0.97696,1
2.8747,-1.9656,2
4.5954,0.013964,3
-1.5135,-4.5635,2
-1.2375,-3.9588,1
-1.5761,4.1015,3
1.9512,3.6524,1
2.6163,4.0003,3
-2.4755,-1.8392,1
1.7955,2.3221,2
0.73975,2.441,2
2.768,-0.59144,2
-1.4581,0.39019,3
-1.6534,-5.4434,2
-3.5178,-0.069368,2
-0.59881,-3.1997,3
-4.0037,-0.44427,3
0.25419,3.2699,3
-0.88725,-1.8626,1
-2.8224,-1.4186,1
0.67212,-1.1725,1
3.573,1.3443,3
1.6979,-1.852,3
-2.3663,-4.177,1
0.80326,2.7375,1
-3.2955,0.76784,1
0.18321,-1.4952,1
0.72532,-2.0459,1
0.99746,3.6659,2
-3.9821,-1.9804,3
-0.5985,1.3834,2
-4.1421,-0.71864,1
-0.88009,-1.4269,1
-0.89952,-3.0147,1
2.6167,1.0096,1
1.7461,0.9214,3
3.0943,5.8536,3
5.0368,-0.48861,3
-4.5783,-4.3905,1
2.2185,4.2379,3
1.6736,1.0315,3
2.2964,2.4128,3
0.28361,-0.59485,2
3.1605,3.4442,3
-0.071926,-2.0791,1
-0.34634,-2.9614,1
-3.6636,0.40008,1
-0.21611,-3.2042,1
1.6214,0.16031,3
-0.15764,-3.5516,1
1.2738,-1.2613,1
-0.75532,0.83099,1
-0.83387,-0.13593,1
1.4171,1.3006,3
1.4884,4.6481,2
-2.154,-4.3032,1
2.6447,-1.4554,1
-2.8692,-2.8869,1
-0.83286,-0.73066,1
-1.0893,-3.0792,3
1.7612,5.4019,3
3.4315,0.17046,3
-0.29123,1.4252,1
0.35973,-1.4335,1
-0.73547,3.1451,1
1.1282,1.8936,3
2.8491,1.1395,3
1.233,1.4227,3
1.8555,0.081967,1
0.46566,-4.879,1
-0.88072,-3.8335,1
-1.9474,-2.7225,3
2.8629,1.5566,3
3.3481,3.8088,3
1.3973,0.062047,3
2.2011,0.30918,3
-1.6477,-1.321,1
0.1244,4.068,2
2.2232,2.5829,3
-0.44664,-1.3539,1
-0.99002,-1.4236,3
3.6054,2.1412,3
-1.9749,-1.056,1
-0.57471,0.49205,3
-2.0083,1.3707,3
-1.6131,-1.4552,1
4.1682,0.14744,3
0.60243,1.8689,2
0.9128,-2.4772,1
3.0698,-0.15546,3
1.4674,2.0632,1
-1.0749,1.1834,1
5.1063,-1.306,3
-0.59695,0.064356,3
1.3097,2.3909,1
0.75407,2.0086,1
-1.7195,-1.6719,1
0.29402,-1.0092,2
-0.40891,1.8274,1
-3.1404,-0.75054,2
-5.4518,-1.7997,1
-3.2648,1.2638,1
-2.0389,3.0958,1
3.7167,0.8655,1
2.3218,1.0058,1
-0.9059,-0.30039,3
2.8604,4.0639,3
-1.7901,1.9675,1
0.94607,-0.94072,1
-1.4913,0.64603,3
-2.0945,3.0387,1
-1.473,2.1358,2
-2.5264,-0.71911,3
-0.05425,1.6414,2
2.3096,2.7689,3
5.5894,3.9621,3
5.3665,2.0092,3
4.7254,0.70289,1
2.9237,3.6147,3
4.3107,-1.7446,3
-2.888,3.9336,3
0.85671,-2.0833,3
-4.8544,-1.8791,1
0.25055,-1.8909,3
-3.4822,0.12844,1
3.4665,3.1698,1
1.6067,0.87108,3
-3.0575,-4.9589,3
-0.50281,2.2933,1
-0.20041,0.42537,1
-1.0459,-2.359,2
1.0013,-0.63913,1
0.98157,1.412,3
-1.7412,3.3968,3
3.0064,1.7502,3
0.95479,-0.43568,3
-1.4137,-0.50753,1
-0.90211,2.3906,3
-2.721,0.1994,1
-0.32792,0.12851,1
-1.729,-2.5335,1
0.3249,-5.002,1
-4.5856,-2.4905,1
5.3602,1.5583,3
0.17774,-3.076,1
0.015939,-2.1665,3
4.2751,2.4975,1
0.62212,-1.3548,3
-0.55631,1.2056,3
-0.11882,-0.50305,3
-2.592,1.1158,2
3.4337,-0.12111,3
-2.5465,2.3048,3
0.70603,-1.5063,1
-6.4986,-2.7393,1
3.5866,0.84402,3
-2.9688,0.057457,3
-6.1974,-0.80586,3
0.20376,-2.77,1
-0.46209,4.751,3
-0.91342,-0.030937,2
4.2792,3.0717,3
0.15056,-2.5546,3
7.9611,1.9004,3
-0.334,-3.1502,1
1.3758,-1.4839,3
-1.0075,-0.6459,3
-3.618,-3.9768,1
-2.0816,-0.63622,1
1.0304,-0.38865,3
-0.55578,1.8873,1
-0.5758,-1.5314,3
0.24455,1.0123,3
1.0802,0.67695,3
-1.351,-1.026,1
-1.3074,2.9492,3
5.293,2.5325,3
3.2484,0.60063,3
-1.6364,1.0786,3
1.5343,-0.70113,3
3.3479,0.74393,3
0.69463,-5.5122,1
-0.66056,-1.0147,1
2.3277,2.9824,3
-0.91508,0.9058,3
2.8563,2.0833,2
-0.6659,2.628,2
-1.0448,0.088591,3
1.3362,1.2122,3
-2.2033,0.42676,3
-4.1736,-1.2837,1
-0.97106,-0.98292,1
3.7641,1.8123,3
0.7406,-2.5735,1
-3.6367,0.63852,3
0.76732,2.2269,3
-4.695,1.9143,1
0.76392,-2.0868,1
0.32732,2.9865,3
-4.0847,-0.30018,1
-0.5922,-3.5283,1
-1.2214,-0.78281,1
-2.326,-0.28228,1
-1.0303,-4.2263,3
2.2863,-0.2742,3
4.2889,4.9498,3
0.64316,-0.09155,3
3.2382,4.0832,3
-1.0672,-1.1058,1
-1.3492,-0.3111,1
-2.1696,-0.75693,1
0.47639,-0.7827,3
-9.0707,-2.8439,1
-1.724,-0.77038,1
-1.2778,1.6833,2
-2.6681,-4.3048,1
2.4954,-1.9976,3
-7.2466,-2.8719,1
-0.97312,1.918,3
2.0825,5.7986,3
3.0451,-3.7158,1
0.077243,2.1854,3
1.4251,-0.66607,1
0.1822,1.8221,3
-4.8158,1.615,1
3.0734,3.3221,3
0.62389,5.698,3
-3.6893,-3.615,1
1.6019,2.9077,3
-0.21867,3.2373,3
-0.70314,-1.9215,3
-2.713,-2.4934,1
0.63316,-8.4949,1
1.8413,0.78578,1
-2.5086,-7.4629,1
-0.85605,0.17724,3
1.3533,-1.4344,1
0.76146,1.2722,1
3.4587,1.3197,3
4.2411,2.6547,3
-4.7837,-3.0988,1
2.2573,0.15101,3
-2.0214,-5.1061,2
-0.15327,4.5958,3
1.0223,-0.25835,1
-1.3876,-4.0553,1
2.0065,3.0251,3
0.50211,-3.0714,1
-2.8443,2.8828,1
1.6938,0.89438,3
0.58654,-1.7578,1
-2.1108,-1.9933,1
-3.5684,-1.686,1
-1.9243,-2.0379,2
2.6023,4.0447,3
-3.0973,1.4259,1
2.1199,4.2734,3
-2.1267,-1.4627,1
4.6046,3.0463,3
-0.58717,4.3042,2
0.8802,1.3847,1
-1.4243,0.42634,3
-3.293,-3.0014,1
1.4959,1.1836,1
-0.55969,-0.36108,3
1.8432,3.0153,3
-4.5519,-3.3632,1
-1.157,-1.75,1
-1.3722,0.72794,3
2.0878,1.7561,2
