4.0855,4.2558,3
2.0578,2.0512,1
-0.2823,0.043941,3
2.7475,-2.1855,3
-1.4875,0.75122,3
1.8045,4.016,3
-2.5704,-2.2308,1
-1.3737,-4.4378,1
-0.84604,1.7055,1
2.0193,-1.838,1
-1.0661,-3.3459,1
2.9067,-1.962,1
-3.1931,1.0008,3
-1.0223,-0.50465,1
-0.47427,0.54039,2
1.6413,2.2902,3
1.8575,2.432,3
-0.38104,-2.5445,2
0.11781,-1.6388,1
-2.5032,-4.1012,1
0.41851,-0.7509,3
0.11115,-2.4619,1
1.2255,-3.3093,1
2.2018,2.6392,3
-0.61583,3.7789,2
0.080061,1.8241,3
1.6698,-0.95622,1
-0.6429,2.1511,2
2.716,3.7424,3
-4.2856,-3.5575,1
-1.2467,5.4403,3
0.58356,0.33391,3
-4.0024,-1.7235,1
-2.2171,-5.7197,1
0.64187,-1.1789,3
-0.40373,1.4958,3
-1.3682,0.82017,3
2.5598,-0.90493,1
-0.13103,0.9947,1
-1.6995,2.8409,3
-0.012763,-2.9948,3
0.79455,1.9912,3
-1.4928,-0.62966,1
-1.1322,-1.5138,1
0.40323,0.52087,1
0.64395,-3.9225,1
1.481,0.86901,3
-2.2365,1.3057,1
-0.0025373,-1.2071,3
-1.8001,0.013523,1
-3.441,-4.4468,1
3.0471,-0.77405,3
0.88663,2.6618,3
-1.1842,5.4066,3
-2.1541,-1.489,2
-0.51436,3.3018,3
1.8149,-1.039,3
-0.91198,1.0901,1
-2.2878,-1.0099,1
-3.7066,-2.8427,1
-2.0835,2.0146,3
-2.4218,-3.0433,1
-2.9592,-4.2094,1
-2.0196,-2.7848,1
0.21039,-3.941,1
0.83456,-3.0954,1
2.639,0.16046,3
-1.6464,3.245,3
-2.5433,-3.0308,1
2.7541,4.5258,3
-1.5392,-1.6648,1
1.7055,0.91702,3
0.45478,-2.5057,3
-6.4257,-4.9971,1
0.30367,-3.1005,1
-0.29439,0.98809,1
2.0745,-0.14958,1
1.2588,7.2921,3
1.3961,-2.1367,1
-4.8844,-2.2357,1
2.6674,4.1061,3
-2.0182,-0.28522,1
3.3521,3.6343,3
2.1798,3.2619,3
-3.5972,-2.1647,1
1.8494,-0.24924,1
2.1658,-0.48068,1
-0.32909,2.6362,3
-0.92,1.5812,1
-2.2747,-0.31596,1
0.13617,-4.0447,1
2.1499,-2.4052,3
-0.076903,-0.24603,2
0.7147,-0.74386,1
2.9784,-0.73616,3
-0.56102,-2.1508,3
1.3753,-0.63634,1
1.435,0.17896,3
-3.0905,-0.72429,1
1.2385,-0.15216,3
-1.5227,-1.576,1
1.0369,-1.5463,1
-0.87412,-2.0789,3
-0.92294,1.2839,3
0.1687,-2.1492,1
-2.3428,2.0894,3
3.6501,-0.67336,1
1.3687,2.8518,3
0.5377,-4.906,1
-1.3633,0.64078,2
4.7739,6.3643,3
1.4979,0.20383,1
-2.3253,2.2003,3
3.3198,0.084722,3
-0.24046,1.315,1
-1.4201,3.3849,1
1.775,2.8944,3
1.7779,-0.65089,2
2.1331,1.1922,3
-2.5131,3.7806,1
0.96364,-3.0427,3
-1.7554,-2.5257,1
-3.1688,1.1189,3
0.070171,2.1991,3
-0.26138,1.1982,1
2.1748,-0.29797,3
1.2263,-4.5128,1
-2.1596,0.3118,3
-1.8679,-1.6335,1
-1.4303,-4.7848,1
-0.065734,-2.3292,1
-0.93298,2.955,3
0.51093,1.579,2
1.3933,2.3464,2
3.45,5.1463,3
1.4974,0.6623,2
-1.0757,0.22343,3
-2.645,-1.1467,1
3.0709,2.0146,3
4.7987,3.3443,3
1.3257,0.56237,3
-2.7047,-0.30598,1
2.1709,-0.30769,2
-4.348,-1.3953,1
-3.5268,-3.3478,1
-0.65248,4.0037,2
4.2138,-2.4158,3
-1.8023,-0.85957,1
3.7452,2.8848,3
2.9694,3.6469,3
1.9035,-0.98123,2
-1.1666,-0.03585,3
3.8167,3.0882,3
-1.3864,-0.72605,1
-1.31,-2.1041,3
-0.36667,0.95468,1
-2.2439,-2.8145,1
1.0939,1.6243,3
-0.075386,0.54843,1
1.3725,1.6218,3
2.8034,-2.8059,3
1.3102,2.0461,3
-1.0528,1.311,1
1.0348,-0.72064,1
-1.028,1.6271,3
-2.3231,1.2525,1
-2.3976,0.84347,3
-1.2805,2.3301,3
-6.4299,0.40734,1
-1.4095,-1.6389,1
3.9191,0.87368,1
-1.953,0.87141,1
1.6499,1.3303,3
-0.054231,0.94476,1
2.869,-0.95554,3
-4.2088,-2.0718,1
-4.0206,0.21259,2
-1.9654,-1.4272,2
1.2166,2.2999,3
0.78947,-2.2637,1
-0.79532,4.3547,3
3.3982,0.33616,1
-0.09891,3.6499,3
-0.51633,5.2696,3
2.3269,4.8658,1
-2.6232,2.3505,1
-5.8626,-3.3253,1
-1.9747,-1.8527,1
1.1258,2.8886,3
0.18322,-0.62528,3
-0.44647,0.28349,1
3.2015,3.8218,3
-2.8942,-3.5011,3
1.4567,-1.0556,3
-0.73962,-1.7353,1
-4.7153,-2.5896,1
-1.8799,0.48246,1
-0.5292,-2.4082,3
-1.448,1.5052,3
0.40923,-0.31883,1
-0.31412,1.0577,2
1.3462,3.2546,3
-1.2142,1.8536,3
-0.52515,-1.8325,1
-1.0043,-1.058,1
2.3175,1.731,3
-1.189,-3.0903,1
-3.6593,-2.3793,1
1.7746,2.5283,1
-0.80912,-2.4489,3
-5.0267,-2.5239,1
-1.9583,0.77565,3
-3.0169,-2.7302,1
-4.3384,-1.7456,1
2.5825,4.8017,3
2.1606,0.15951,3
3.5339,0.19881,3
-1.659,-1.7276,3
0.57994,-1.4856,3
0.81777,2.6512,1
-3.388,-2.3926,1
-1.3651,0.76845,3
3.0467,-2.7901,2
3.9784,1.627,1
2.8267,6.5706,3
0.66445,1.571,2
-1.6207,-2.537,3
-2.2419,1.9143,3
0.32957,-1.0454,3
-5.1724,-3.0942,1
0.33877,2.3714,3
-1.4986,-0.26888,3
-0.53032,2.6499,3
-0.093013,-2.3758,2
-3.159,0.41382,1
0.37414,-3.4313,2
3.6205,3.3697,2
0.57409,-5.3374,1
-0.32491,4.3037,3
-1.3301,2.4609,1
-4.7026,2.3344,1
-1.0693,-5.7571,1
0.76846,0.48133,1
-3.1141,-3.4539,3
-1.3228,0.41883,3
2.0635,-5.0811,1
5.7634,1.6141,3
-1.2408,-0.058357,1
-3.7897,-3.0021,1
0.24821,0.93299,1
-0.55969,0.88084,1
-1.3491,-3.2461,1
-2.1061,-0.66454,1
2.0235,2.6872,3
2.1085,0.90888,3
-3.603,-0.18912,1
1.4558,2.012,1
4.5411,4.2263,1
-2.8594,-1.3099,3
2.0731,-0.40072,1
-0.080769,1.7866,1
-0.348,-3.3223,1
-0.60911,2.8179,3
-0.52089,1.7942,3
-5.0153,-4.5179,1
2.3295,0.048996,3
1.1321,2.4459,1
5.5777,2.9182,3
0.29891,0.037197,2
2.2952,-1.2211,1
-4.6142,1.8437,1
-1.0989,0.50284,1
0.11891,1.8879,3
-4.3158,-4.9198,1
-3.4719,-0.054523,1
6.1168,3.0093,3
0.95291,1.6444,2
-4.0542,-6.5813,2
-1.8205,0.4443,1
-2.9185,2.2052,1
-1.843,0.82672,1
-0.32747,1.8761,3
-1.5305,1.6466,3
1.2322,-1.4139,3
0.61086,-0.5255,3
2.0513,0.026402,3
-3.3023,-0.39996,2
1.9873,3.8796,3
-0.28688,-0.24266,3
-2.2209,-2.5692,1
-0.030766,-0.058133,1
3.4755,3.2103,3
1.6016,6.6507,3
0.51696,0.30116,3
1.6451,3.2234,3
0.99547,1.8475,3
-3.5803,-3.1517,1
4.1643,1.2987,3
6.821,0.25676,3
-0.79858,5.2419,1
-0.68517,-0.11496,1
-1.3408,-2.0298,2
-2.2913,-0.044397,1
-5.0052,-1.298,3
-1.0565,-1.3594,1
2.2013,1.0145,3
-0.27241,-5.1882,1
-1.3629,2.2496,1
0.92318,0.21664,3
2.6468,0.71897,3
-2.9303,-0.35699,1
-0.90145,1.6661,3
-0.1778,1.3977,3
-1.4404,1.2092,1
1.0756,2.9285,1
-0.39359,-0.48192,1
-3.9673,-5.0639,1
1.2684,-1.5483,2
-2.3948,-1.2275,1
0.77484,3.4765,3
-1.6652,-2.7629,1
0.43454,3.7183,3
0.69181,2.1114,3
0.52541,-3.8672,1
-0.11539,3.6643,3
2.3231,3.9094,3
-3.3823,-3.0216,1
-1.1948,2.9741,2
-1.1129,1.2312,2
-3.6592,0.17997,1
0.96134,0.22972,3
-1.4078,-2.4504,2
-1.013,2.0023,2
0.88967,-0.76622,3
-1.7854,0.74038,3
-3.7465,-0.055123,3
-5.1413,-4.4988,1
-4.6375,-2.1451,2
4.2324,-3.6916,1
3.0512,1.8775,3
-0.9748,-5.1611,1
-2.7085,2.8779,3
-3.108,4.5355,2
-2.2589,-0.56165,2
-0.5896,3.0704,3
6.2312,4.6852,3
1.3878,-0.72984,3
-3.7703,-2.5307,1
-3.1078,-1.6425,1
1.4171,1.1805,3
0.42524,-2.6181,1
1.7158,1.0651,3
-6.9061,-2.6284,1
-0.086357,0.83466,2
-5.8816,-5.0906,1
2.777,0.54175,3
-0.25613,-1.642,1
0.71747,0.85246,2
3.8536,6.6057,2
0.80793,0.61381,3
2.0745,1.8107,3
1.4446,-2.2561,3
1.4238,1.4241,1
-0.33705,-2.6291,3
2.3844,0.089462,1
-1.6591,-1.1036,1
-4.5824,0.48015,1
-1.4868,2.6068,1
-0.0085531,-0.50183,1
3.5136,0.66394,1
1.124,-0.56709,1
-0.11495,0.14841,1
3.7005,-1.2523,3
1.2882,-1.9924,3
0.86469,5.5114,3
2.2288,-0.98645,1
6.1933,3.2512,3
-1.1008,-4.1121,1
1.549,0.40308,2
1.5476,1.2766,3
0.85743,0.94758,3
-2.694,-0.84996,1
1.5046,-4.6689,1
1.0781,0.22212,3
1.4818,0.54018,3
-1.95,-2.4598,3
-0.56847,-4.6179,2
0.44127,-2.341,3
0.9455,2.503,3
1.1229,-2.5443,3
2.5463,-2.7762,3
-4.7328,-0.11398,3
-4.4967,1.8137,3
-2.4428,-2.6311,1
-1.9431,0.98102,3
-0.21853,-0.32774,1
0.93195,-2.9203,1
-2.139,-2.2192,1
1.3592,2.6191,3
-2.3906,-0.80575,1
0.097467,-3.7323,1
-0.2498,-0.63117,1
0.92214,1.5782,3
-1.7493,-0.24868,3
-2.1448,0.6931,1
-0.28883,1.05,2
-0.7892,0.68839,2
1.7739,0.68663,2
-3.1832,3.523,2
2.0639,2.6136,3
-1.6526,-4.2033,3
-2.269,2.7375,3
-1.7846,-2.8149,3
0.4619,-0.40681,1
0.74396,2.129,3
-7.7181,-5.8165,1
-2.2865,-2.8967,1
2.3558,3.7566,3
-3.1008,-1.7252,1
1.2577,0.58283,3
-0.42431,0.48887,3
-1.0711,2.5297,1
-3.9591,-3.2577,1
-1.3285,-0.21421,1
-2.0817,0.0093757,1
-0.51919,-1.1428,1
-2.8062,0.91134,1
-0.67949,-3.6523,3
-0.019404,-2.1418,1
-0.91131,-1.4457,2
4.1621,1.874,3
1.4311,-0.78197,3
1.3627,-5.1462,2
-3.1486,1.3309,3
-2.8081,-2.2014,1
2.56,1.1281,3
-2.1478,-2.1186,2
2.0742,1.7313,3
2.1523,-1.9033,1
1.8408,-0.39243,3
3.2114,2.7113,3
0.69326,-0.58976,1
3.4669,2.7723,3
-1.318,1.1969,3
-0.60467,0.69617,1
-1.7086,1.1434,3
0.51918,-3.599,3
2.8078,1.0247,3
-0.77424,-5.3722,3
-0.86093,1.0289,1
-0.74988,-0.7661,1
3.4051,4.9628,3
2.7404,3.3318,3
-1.0191,-1.9579,1
0.93288,0.47551,3
0.85384,1.4423,3
1.7849,-0.071457,3
5.448,3.7294,3
2.0971,-0.87144,1
3.7406,0.4464,3
0.1401,2.3526,1
0.19661,1.9929,3
0.68606,0.037116,1
6.6778,2.7537,3
0.09342,1.3061,3
2.6612,2.199,1
-0.22851,-1.1945,2
0.26366,-1.4927,1
1.6682,1.6242,2
-0.4524,-0.075659,3
-0.23228,-3.8648,2
3.389,0.88884,3
2.0486,2.5218,3
2.2201,-2.2186,1
0.3218,0.90686,2
-0.047808,-5.8424,1
-2.9622,1.2821,3
-3.6277,-1.3497,3
-1.6937,2.3133,1
5.8545,3.5699,3
-1.5573,-3.4372,1
3.2263,5.8561,3
1.4045,2.1715,3
-4.3324,-4.0249,1
-1.2776,3.2111,1
-3.6353,-1.1917,1
1.1613,1.7869,3
-1.8392,-0.9011,1
-1.8091,0.085092,3
0.69879,1.9723,3
-4.2508,2.5368,1
-0.63075,-1.6879,1
-0.67152,-0.69528,1
0.17744,-1.4659,1
3.6942,2.72,1
-5.1024,-5.1932,1
-0.16769,-4.6403,1
0.40489,-4.8825,2
1.3566,1.0456,3
-4.8642,0.25524,1
2.9028,-0.63259,2
0.4867,6.7646,3
4.2549,2.2076,3
-1.0545,-0.0015149,1
2.2348,2.4647,3
4.0729,-0.18373,1
-1.7658,-0.81463,1
0.52093,-3.2964,3
2.6393,-0.33911,3
-0.019956,3.6022,3
-0.80626,-0.28431,3
0.45754,1.9517,3
0.73026,0.79761,1
-0.57158,-6.8929,1
-3.2367,-2.5513,1
3.2374,-2.753,3
0.80373,0.022356,1
0.9168,3.1118,1
-6.3762,-4.4449,1
-3.1323,0.8672,1
2.6356,-2.0548,1
3.9612,-1.3787,3
-0.42307,3.1151,3
-1.1756,0.25172,1
-1.6783,-2.117,1
2.1089,2.3331,3
-0.055139,0.12909,1
3.9911,-0.51673,3
-3.8438,6.6924,1
6.5781,2.6036,2
-1.1068,-0.09788,1
-3.7316,-3.9472,2
-0.70265,5.9079,3
0.72144,1.4019,3
1.5467,0.16165,1
-2.9624,-1.0516,1
-0.18561,0.84433,3
1.5189,-0.93978,3
2.5429,4.0058,3
-2.7974,-5.218,1
0.48457,0.0013851,2
-2.4559,1.553,1
0.71222,-3.6519,3
2.9526,-0.73264,3
1.6533,-2.7666,1
-0.61673,-5.6793,1
2.5027,1.8552,1
-1.5549,-1.2695,2
0.67757,-3.1192,1
-0.89224,-1.5541,1
-1.287,3.3838,3
1.383,-1.8225,1
0.029214,-0.47835,1
-0.10919,-2.5152,1
1.8881,2.4695,3
1.9044,0.90746,3
1.3858,3.35,3
0.8322,-1.5797,3
-2.444,1.3431,1
3.0608,2.1241,3
0.18236,-1.9589,1
0.18758,4.5608,3
0.83187,-0.94228,3
-1.8992,-1.673,1
1.2232,2.3881,1
1.5166,-4.2002,1
-1.497,0.96942,1
-1.2021,1.5975,3
3.4398,-3.09,3
-1.0133,-3.0629,3
0.70124,-0.018826,3
-0.36855,-1.801,3
4.533,-0.0791,2
-0.88723,-0.0063446,1
0.15072,4.3448,3
0.17072,0.33849,3
0.26931,0.75674,3
-0.35798,-3.2134,2
2.889,1.719,3
-4.9568,-1.9052,3
-1.4597,1.0267,1
1.7458,-3.8359,1
-4.097,0.60632,1
-1.8222,-3.4688,1
2.1877,-0.47774,2
-2.7479,-2.8177,1
0.88189,1.122,1
1.7812,-1.7866,3
4.4612,2.0954,1
-0.67856,1.9251,2
1.3964,1.3057,3
-1.3299,0.17511,1
-2.8374,-9.1841,1
-1.8051,-5.5209,1
-0.95272,-0.17393,2
-2.4687,4.7443,1
-5.9382,-4.5568,3
-2.921,0.60095,1
-2.9946,-0.84247,3
2.6014,2.5677,3
3.4226,1.2538,3
-2.9374,-3.4759,1
-2.7471,-2.3642,1
0.61561,-0.48671,3
-0.13991,1.8726,3
1.4759,0.90339,3
-2.9802,2.4117,1
-2.9874,-1.7995,1
6.0584,3.7642,3
-4.2227,-2.7281,1
-2.0225,1.721,1
0.71967,-0.7992,3
-1.7675,0.019703,1
-1.8129,3.9683,1
-1.4705,-2.9886,3
-1.4777,1.1511,1
1.0965,2.8592,3
-0.58678,-1.0219,1
-1.063,-0.20209,1
2.9246,-0.88204,2
-2.1036,-1.5223,1
-1.7472,-3.2008,1
1.1842,1.8526,1
-2.3948,-1.198,1
0.18625,-0.7548,3
0.72093,-4.1763,1
0.82756,1.2957,3
-1.7395,-0.25842,2
-1.2018,2.5454,2
2.2521,-4.9378,3
-0.11007,-2.0008,1
1.9343,0.60626,3
0.098807,1.0872,1
-3.5795,-1.1766,2
5.4701,2.6579,3
-0.91773,0.49834,3
-4.8537,0.00057586,1
0.42618,-1.8199,3
1.2999,3.6657,3
-0.74381,-3.098,3
-1.6684,4.1961,2
1.9698,-2.8662,3
1.2907,-1.7297,1
1.0882,-0.94473,3
-0.15605,6.0567,3
-1.6195,-2.8562,1
1.0288,6.5982,3
-1.3052,-2.9272,1
-3.142,4.1299,1
4.2164,0.29249,1
-2.6028,1.7163,2
1.8247,-3.3336,3
-0.3173,-1.174,1
-1.0232,1.2441,1
1.8197,-1.4861,1
-0.16134,2.6753,3
-1.196,0.71035,1
5.1382,0.51458,3
2.003,-0.19632,1
-1.2027,-0.67826,3
-1.9156,-2.9412,3
-1.4604,-2.8194,1
-1.6115,1.0576,1
-0.12951,3.5575,3
1.6232,0.38931,3
-2.1498,-6.1928,1
1.2735,-0.71883,3
-0.30255,1.2154,3
-0.89407,3.1956,3
1.9611,-1.6733,3
-1.7059,2.8112,1
-1.2624,2.0964,2
-2.3414,0.097889,1
-4.7833,-2.4467,1
0.091703,1.293,3
-2.1693,-2.1324,1
5.6155,4.5791,3
-3.9292,-3.4122,1
-1.4698,-0.35405,3
1.1414,-1.7587,1
-0.024796,0.066219,2
-1.1541,-2.0246,3
2.4969,-1.0913,3
-2.7416,-1.765,1
0.13816,-2.2118,1
0.051553,1.8838,2
-2.6025,1.85,3
-1.2067,0.58144,1
1.4031,0.53369,1
3.5049,1.8274,3
-2.9847,0.18706,1
1.6971,0.84334,1
-0.51448,-1.4347,2
-1.4502,-4.2819,2
1.0002,-1.4777,3
-1.9029,0.51025,1
1.9702,0.38415,3
-0.86047,-2.7394,2
-2.8824,2.2709,1
3.8443,1.5249,3
2.3341,0.84096,3
-2.8826,2.3642,2
-2.3475,-2.3754,1
0.12218,0.82164,1
0.66984,2.6274,3
-3.3529,2.9561,1
0.19786,-3.4203,1
-2.0072,-3.6786,1
1.765,2.626,3
-2.0776,2.1639,1
1.4215,1.8942,1
3.1176,0.69654,3
-0.78566,-0.49613,3
1.1067,3.463,1
2.5444,0.57358,3
3.142,0.40417,3
0.28281,-1.4268,2
-1.0324,2.162,3
-1.5449,0.52091,1
3.1126,-0.052785,3
1.3424,1.4606,3
-4.0817,0.81304,1
-0.46143,-3.3441,1
-2.1971,-2.7108,2
0.91507,1.6014,3
-4.5859,-2.7292,1
-1.4786,2.203,3
0.33904,0.26356,3
-0.12997,-2.6383,1
-5.4985,-0.47956,1
-0.68339,1.0537,3
3.0189,-3.5811,1
2.9947,1.5941,3
0.5801,-0.43505,3
-1.1124,0.8995,1
-4.2929,2.7235,1
-0.73025,1.128,1
-0.29294,1.5337,1
-4.444,1.8138,1
2.0117,4.0618,3
-1.6862,3.4962,3
-4.2378,-1.8112,3
4.5632,2.8869,3
3.0923,1.2105,3
1.7763,-1.8127,3
-2.161,-1.7861,3
-3.5223,-0.83814,1
1.472,4.5305,3
-0.14104,-0.1755,3
0.37231,-1.968,1
0.017145,0.40166,1
-2.853,-2.3862,1
-3.2782,0.34508,3
-0.41555,3.1395,1
0.77685,-1.2266,3
0.064197,-1.9098,3
-0.7855,1.8005,1
0.7751,-2.2571,1
0.95031,-0.23506,3
-5.1388,-3.2015,1
-3.455,4.5918,1
-0.11604,-2.1087,3
4.7633,6.1014,3
2.3148,5.0296,3
2.6275,0.11559,2
5.9081,0.17302,3
5.6462,-0.068164,3
2.8794,2.9453,3
3.5816,3.4022,3
-0.44168,1.7921,1
1.9998,-4.0492,3
1.5119,-1.4289,3
-0.14369,-3.0392,3
-2.1116,1.2761,1
-0.77777,-0.42305,3
0.83473,-0.16529,3
-0.12237,1.9114,3
2.943,4.2638,3
-0.61242,1.5388,3
-1.6925,-3.683,1
4.8588,-0.088797,1
3.9549,2.8649,2
-1.5613,-3.9994,1
-2.1395,0.7086,2
-2.1565,1.1964,2
6.247,-0.084982,3
-1.0144,-4.446,3
2.98,3.9067,2
2.6171,3.4597,2
-3.483,-0.84251,1
2.1549,-0.89402,3
0.51926,-0.70725,1
-2.8882,-1.8323,2
1.7921,-2.1052,2
2.7084,2.1197,3
-2.3721,3.6822,3
-0.45311,-0.073268,3
-2.1377,2.9615,1
-2.9772,-0.35527,1
0.13235,3.575,3
1.1034,6.1845,3
1.0024,0.95515,3
0.38783,2.9932,1
-0.85978,1.9253,1
-2.2986,-4.2913,1
-3.1566,0.65568,3
-2.5792,-3.8742,1
1.6813,1.5876,3
1.1606,-0.8036,3
-2.1614,1.0979,3
0.49795,-0.523,1
-2.8516,0.80243,1
-0.72971,-3.5451,1
3.162,-2.5939,3
-0.64427,-1.919,1
-2.7132,-2.9968,1
-0.93382,0.84499,1
-0.28029,-3.1578,1
0.19048,2.9229,3
5.3069,-1.8282,1
0.57271,-3.6964,1
-1.2443,-1.2871,3
0.74118,0.6617,1
-0.92885,4.7005,3
1.1476,2.6849,1
1.2658,0.59399,3
0.42134,-2.7543,1
-2.3935,-0.51193,1
-2.8559,-1.377,1
-0.0015044,-0.49048,3
-0.47319,4.4601,3
1.3382,1.2414,1
-2.7701,0.48997,1
0.17728,0.60503,1
-0.97915,1.2085,3
-2.8451,-2.5478,1
2.6476,3.023,3
-1.0642,-3.8415,1
0.81499,-0.92211,3
-0.85867,-0.81006,1
0.13869,1.0056,1
-1.3316,0.83325,2
-2.1303,-0.80683,1
2.6524,-0.18025,3
-1.2541,0.83459,3
-0.44945,-1.0552,1
0.46586,1.8196,3
3.6308,2.1064,3
-3.7085,-4.5407,1
1.2494,4.0702,1
-1.1704,-4.468,1
-0.062639,1.7756,3
1.198,-3.5819,1
-1.0969,-4.3364,1
-2.6245,-0.41851,1
-4.14,1.8194,1
-5.0811,-4.8399,2
0.30542,-2.2369,3
-4.6228,-1.4425,2
-1.1539,-0.47141,1
-0.02229,-0.11167,1
-2.4678,-4.0591,1
0.669,-0.69229,3
0.95265,-1.9366,1
0.071305,-1.0492,1
-0.52981,5.2157,3
-2.0548,0.52542,1
1.9958,-0.11121,3
-1.937,-1.2695,1
3.9724,1.0577,3
-1.528,2.2375,1
-4.1247,2.4296,1
1.3531,-1.5483,1
-2.3753,-2.258,1
1.6165,-0.17386,3
-4.9149,-2.0366,1
2.5865,0.88754,2
0.8272,3.4494,3
-0.61212,-1.8457,3
-2.6737,-5.0708,1
2.5137,1.2633,3
0.89688,-2.2978,3
-0.09947,1.225,1
0.61075,-1.0624,1
-1.4222,0.27794,3
1.4799,0.42646,3
-1.701,-1.5614,1
0.030112,3.8657,3
1.0864,-1.302,1
1.4225,2.7888,3
2.1961,3.5363,3
0.64174,1.1766,1
0.45235,-3.6435,2
2.5192,3.8067,3
-1.5783,3.5274,1
2.3267,5.3745,3
1.2901,2.7543,2
-0.077653,1.9131,3
3.6967,2.7921,3
0.12918,0.62025,3
-1.0334,-0.34531,1
2.091,2.947,3
0.75785,0.88376,1
-1.3733,-2.0868,1
2.3076,4.054,3
-0.96869,-2.6935,1
-2.3704,-4.1352,1
2.9494,2.3813,3
1.0128,-1.2102,2
-0.082029,-2.4717,3
-0.70656,-0.69615,3
-3.6239,-0.097273,1
0.1698,1.5117,1
-3.3178,-2.5066,1
-0.95218,2.6187,2
1.3294,-0.061212,3
-0.20407,-0.90465,1
-3.6039,-4.415,1
0.7138,-4.2044,3
-0.45176,1.3171,3
-0.19806,-4.4817,1
-3.8128,-0.23394,1
-1.3228,1.4927,3
-2.8638,-1.718,1
-4.6833,-3.4706,1
-2.4974,4.2365,3
-2.2036,1.8416,2
-1.3629,0.46452,3
-1.6155,2.4029,3
0.41134,2.6331,3
-1.9452,-2.8813,2
4.3906,3.2623,3
0.91164,0.54368,1
-4.4635,-0.5971,1
0.62661,-1.8706,1
0.76127,2.3272,3
-0.6054,-0.34389,1
-0.94446,-1.2312,1
3.7693,-1.1925,3
-3.0597,-1.2764,1
0.47383,1.7491,1
2.1814,1.6757,1
2.2308,2.8935,3
-0.4932,3.9201,3
-5.5374,-0.37202,1
-0.94032,1.8579,1
1.2366,4.0501,3
-3.9868,-5.4759,1
1.3631,-1.0153,2
-0.24365,1.9874,1
-1.4999,-3.966,3
0.3603,-0.26784,3
1.8437,-0.80934,2
-2.4036,-0.66844,3
3.4487,0.56119,3
5.729,2.9817,3
-3.1436,0.89019,3
-4.306,-0.89219,3
-0.026308,1.1431,1
0.49701,1.4009,3
0.92207,-0.25074,3
-2.2599,-0.38881,3
3.3548,0.45301,3
1.3494,0.9033,3
0.25289,-2.4192,1
2.7349,5.1621,3
0.090181,-0.94605,1
0.2373,2.0502,3
-3.3588,1.8878,1
0.56276,2.048,3
3.1802,2.3773,3
-4.6391,0.61041,1
1.9434,0.53197,3
0.93728,-0.63414,1
4.1887,2.6299,3
-1.0533,-1.4214,1
1.7612,-3.183,1
-3.3595,-0.90025,1
-1.3248,0.36074,3
4.2206,-1.8235,3
-1.2463,-0.38501,1
4.5891,-0.94312,3
-5.562,-1.9488,3
3.7913,4.4381,3
-0.40883,0.50911,3
2.6938,2.3197,3
-0.46592,-0.51057,2
1.0764,-0.29735,3
3.5324,4.2118,2
0.28585,-1.3959,1
-3.1653,1.0441,1
2.1577,0.49816,3
-4.1675,0.38354,3
-3.8478,1.1594,2
1.2997,2.6831,3
-1.7759,0.14975,3
-2.2739,-2.2214,1
0.64997,-1.7754,2
-1.3985,-3.3859,2
-1.5806,2.6649,1
0.66697,1.7422,1
-2.0427,1.613,1
-0.09365,-3.0666,2
3.8441,3.688,3
-3.5743,-1.1818,1
-2.3125,-1.73,3
2.7895,-1.1637,3
1.5501,3.0535,2
2.3392,-2.5272,3
0.38454,2.1719,2
1.5675,2.6791,2
0.67564,0.2534,3
-1.8629,-2.598,1
0.76409,-1.0846,1
3.274,0.3197,1
3.2856,5.5723,3
-1.0633,1.1379,3
0.97135,-1.8161,1
3.8874,-3.3485,3
-1.2396,-0.38314,1
-2.301,3.5916,3
-4.0601,0.0032903,1
-0.34674,2.095,2
2.1162,3.6421,2
-2.162,-4.5152,1
2.5548,3.8463,3
-0.010427,0.60216,1
4.0269,3.6498,3
-1.8089,-1.9915,1
-0.2757,-0.29136,2
-2.4793,-3.337,1
2.4422,5.6694,3
2.6561,-3.5782,1
-0.62802,0.62922,1
0.70035,0.16521,1
-1.0584,-0.34075,3
-0.16142,1.8238,3
2.179,2.5903,3
2.836,-1.6994,1
0.83663,0.71712,1
-0.28746,-3.3446,1
3.3057,-0.94704,1
3.3835,1.5435,3
-0.19998,2.5697,3
1.7687,-2.0709,3
-0.025057,1.2716,3
1.2946,-1.2134,1
2.0531,2.9325,2
2.4604,2.1641,3
4.288,6.3058,3
-3.7039,-2.1336,1
2.9642,1.9626,3
0.014675,-0.86608,1
1.8607,2.3837,3
2.6517,-0.7877,3
-4.666,3.5019,1
1.279,0.84432,2
6.5078,2.3896,3
-0.17724,-0.78959,3
4.3871,1.9815,3
6.6177,4.3054,3
-1.8736,3.865,3
0.59054,0.025801,3
-0.73988,-1.4871,1
-1.668,-4.0599,1
-3.8854,0.14677,1
1.0905,3.1228,1
-2.5113,-1.8902,1
2.6173,0.43841,1
-3.2563,0.93991,3
0.35699,2.7616,3
6.374,5.3067,3
0.64911,0.45234,1
1.9884,0.82103,1
0.40428,-0.69025,3
-1.7302,-2.3689,2
2.6261,6.2754,1
2.8316,-0.76448,3
2.3085,-0.51339,1
0.5474,1.187,1
-1.5231,1.9663,3
0.017924,1.9386,3
-1.2065,-1.0514,1
3.8175,3.1288,3
0.61588,-0.0043338,1
1.3202,-0.057709,3
-1.8883,-1.965,3
-0.48654,-0.62208,1
-1.762,2.2644,2
-2.6412,1.133,1
-0.49206,-1.1331,1
2.1003,-0.92825,3
0.85394,0.66653,1
3.6465,-6.0889,1
-0.954,0.62525,1
-1.1849,-0.81489,1
-2.6704,-0.022561,2
2.3107,3.1311,2
0.049841,-1.8358,3
0.5393,-0.42854,3
-3.9434,-2.9455,1
-1.6434,-2.4479,1
1.0896,2.5122,3
0.25402,1.3687,3
3.594,-0.00664,3
-2.6341,-1.585,1
-2.523,-2.6907,1
2.7132,2.9973,3
-0.81424,1.6033,3
-3.2746,-4.682,1
3.3991,-2.326,3
1.6623,-1.4985,3
4.1823,2.4733,2
-1.7953,-1.1612,1
-0.59299,1.2393,3
3.3719,2.4386,1
6.6226,3.5106,3
0.94619,0.63114,3
0.29852,-3.0922,1
-0.50765,3.0946,1
-3.2703,-3.2004,3
1.2115,1.5462,3
-2.4841,-2.4399,1
-0.71637,-4.2443,1
-2.508,-2.3743,3
-3.2828,2.3579,3
-2.6148,4.5893,3
1.0564,-1.6481,2
3.0481,0.13765,3
1.2575,-0.62709,2
-1.2993,1.2014,1
5.2405,0.8979,3
0.78471,1.9677,2
-3.4469,-1.9987,3
0.88625,-0.25435,3
-3.756,1.5781,3
0.17312,0.05906,1
-0.0090935,-2.492,3
1.9811,1.7001,3
-1.2486,-0.52971,1
-3.9186,-2.0697,1
2.7101,-0.64321,1
-1.5153,1.5678,3
-1.0516,-1.7181,3
1.3584,0.4423,3
0.93241,0.39121,1
6.0934,3.3645,3
-1.5079,-2.5828,1
1.8441,2.4258,3
0.13651,1.3949,3
3.9011,1.3733,3
-4.8063,-2.2971,1
3.1574,0.25554,1
4.8869,2.414,3
-0.48776,1.0975,1
1.4309,3.0076,3
-1.287,0.21698,1
-0.87267,3.2686,3
2.0499,3.6838,2
3.5322,-0.93804,3
-4.9664,-4.2568,1
1.7572,0.060371,2
-0.23024,-1.3668,3
-2.1731,0.12808,3
3.8853,2.8034,3
4.3652,0.22978,3
2.4087,4.8514,1
-2.9351,2.9468,3
0.10125,-5.6934,1
1.9782,3.4031,3
-3.297,-2.5791,1
1.2418,-1.6393,3
-3.4313,-1.041,3
-2.555,1.6752,3
-3.6085,1.6433,1
2.2409,2.0282,3
-3.4873,-4.1262,1
-4.7028,1.359,3
1.2925,4.2831,3
1.1017,-1.5919,1
-1.1661,-2.1407,3
0.82028,2.762,1
-3.5674,0.39858,1
2.2106,-2.4013,1
3.9633,2.0787,1
2.5932,1.8987,1
2.4021,2.1569,3
-1.4631,-1.2349,3
-2.617,-1.531,1
2.6534,2.4952,3
2.3246,-1.4006,3
-2.4843,2.3835,1
-1.5043,-3.424,3
0.43071,0.651,3
0.22121,-2.4968,1
1.4025,4.4201,3
1.7269,3.781,3
-0.49897,1.1726,3
0.071833,3.7679,2
0.94289,-0.053682,3
3.898,-0.87741,1
-0.081073,0.070013,1
0.34366,-1.5412,3
0.53965,0.15788,3
-0.039346,-1.9374,3
1.2495,-1.939,1
2.443,3.5716,3
-2.8974,-0.46019,2
-0.89041,5.5932,3
-1.9796,-2.4906,1
0.66217,-2.1478,1
-4.0032,-0.91954,1
1.3431,-5.5788,2
-1.1185,-2.3041,1
-3.8584,0.56208,1
3.4451,0.59524,3
2.7013,5.7966,3
1.3625,0.088143,3
-6.3765,-1.0791,1
2.162,-0.92268,3
0.43393,-2.0634,1
-1.4491,-0.40502,1
0.25321,-2.2403,3
1.7209,1.9409,1
-6.4046,-4.9395,1
1.8697,1.8045,3
-1.4119,0.51389,1
-0.94908,1.7023,1
-0.13612,3.7575,3
1.1641,3.2786,1
1.3145,1.8107,2
1.6456,-0.15665,1
-2.4344,-5.2386,1
0.32556,1.2292,1
2.1915,-2.091,3
0.31792,-1.1009,2
3.794,-3.9455,2
1.8413,-4.2294,2
2.2592,2.4814,3
-5.915,-4.3796,1
-0.65313,-1.5039,1
-1.3976,1.7933,3
-0.85393,-3.3495,2
-3.7952,-1.8777,1
-1.5017,-1.2421,1
-2.6998,-1.7412,3
-3.4068,-3.6355,1
-2.6578,0.70194,2
-3.4724,0.068991,1
2.5728,-0.18628,3
0.42018,-0.37933,3
-3.7942,4.6374,2
4.4786,5.0457,3
-0.055967,-2.2319,1
2.972,3.4382,3
-1.0488,-0.63684,1
2.5697,5.2649,3
2.7186,-1.0276,3
5.0463,4.0675,3
-0.32554,2.1063,3
-0.74824,-2.314,1
0.11774,3.5565,3
1.4229,-2.4055,1
3.6475,0.72853,3
-1.0864,3.4699,3
-4.0196,-2.146,1
-2.6191,-1.6503,2
-2.4528,-2.6776,1
0.23389,0.53471,3
3.041,-4.0256,1
3.4196,-2.1568,3
1.3833,-1.5529,1
-3.0099,-0.1405,2
0.48456,1.5184,1
1.1453,4.1318,3
-2.3562,0.049988,1
0.61838,0.58854,3
-0.29155,3.9824,3
-0.21426,1.0649,3
-1.9139,-1.036,2
0.52299,0.70105,3
-0.74804,-0.85395,1
-0.17479,1.6101,1
0.45923,-3.5033,1
1.0286,0.27672,1
-4.2291,-2.9801,3
-0.18706,1.7148,3
-0.084265,1.7748,3
-1.2231,-3.346,1
3.2516,3.4318,2
-1.747,-0.1368,1
-0.95903,1.0931,3
-0.89618,-0.97705,2
1.4112,-1.0658,3
0.90515,-1.3324,3
-1.2546,-0.51218,3
3.3833,-1.6272,3
-1.3101,1.6225,3
-1.2372,1.5227,1
-1.6352,2.2251,2
3.933,-4.4429,1
0.58795,-2.4092,1
2.0213,2.1391,3
-0.22166,0.66311,2
1.1454,0.096537,1
-0.052414,1.6343,3
0.51336,0.70504,3
-0.39156,-0.6158,3
2.291,-2.5827,3
-1.5384,-0.33938,2
-2.9018,0.40541,1
-2.2862,2.0012,3
-5.1062,-1.0961,1
-3.8623,1.9899,3
-1.2215,0.29212,3
-1.3583,-4.3919,3
2.9799,-2.0091,3
-5.4719,1.385,1
-0.72577,1.337,3
0.86118,-0.84632,3
-5.2668,0.4799,1
-0.067564,3.2587,3
-0.67107,-2.5541,1
1.1065,-2.6971,1
-1.1778,-4.6302,1
-0.64328,-2.4559,1
-2.0311,-1.199,2
3.658,0.53239,3
2.0409,3.1718,3
-0.26361,3.4396,3
-1.3594,4.2214,3
3.6822,0.85294,1
-0.23326,-1.9348,3
-1.258,3.993,1
3.2104,1.2262,3
0.72911,-3.5009,1
2.7368,2.8464,3
-0.87643,-1.6472,1
-4.4766,-4.1088,1
-5.1958,-2.5415,2
1.1145,-0.95926,1
0.73008,-1.8039,1
4.9157,2.4174,1
0.7662,4.4408,1
1.7042,1.85,3
2.0828,2.0043,3
-1.5649,2.6732,1
-2.4094,1.1582,3
1.4368,-0.094488,1
-2.0186,-2.4777,1
1.5666,2.4392,3
-2.3312,2.7277,2
3.8048,-2.721,3
-1.0344,0.79571,3
-3.4202,-3.2286,1
2.0316,1.3961,3
-4.2411,1.1157,3
1.4624,3.3718,3
-1.7283,-1.7635,1
-0.50192,3.3994,1
-0.71154,-0.84668,3
2.2189,-1.0884,1
-0.14642,1.0796,2
-0.99352,0.25304,1
-1.4111,-2.9168,1
4.2274,-1.1376,3
2.1523,-2.3893,1
3.0976,4.2347,1
-1.2787,-2.7627,1
-6.9977,2.4071,1
1.0715,1.8115,3
-2.2786,-2.9205,1
0.24863,-2.5425,1
-0.56151,-1.5023,3
-2.8628,-0.96059,1
2.8729,-0.20183,1
0.34479,1.6455,3
4.518,1.0768,3
0.27267,2.228,3
-0.55077,1.8665,3
-1.0304,-5.3024,1
-2.3379,1.4969,3
-1.8808,0.45919,3
-1.2907,-1.5356,1
1.1306,-0.26396,3
0.70488,4.9078,1
2.1498,-3.8792,1
-0.4938,3.0337,3
-0.53219,-2.224,1
0.2457,-1.6648,3
2.5736,3.5303,3
0.99908,2.3399,3
2.3582,0.61876,3
-0.04649,1.5728,3
-1.7865,0.14627,1
2.2813,1.5135,3
-1.0566,4.8107,2
2.3132,-0.81533,2
1.7412,0.99996,3
1.7229,-1.1166,1
3.7773,0.47897,3
0.51229,1.9485,3
0.92295,0.69203,1
0.63381,-0.3039,1
-0.63052,0.99769,1
-1.3782,-2.0606,1
4.2821,1.7183,3
6.3287,2.7326,3
-2.6052,-1.6206,1
-0.86709,1.3559,3
-3.3945,-1.3699,1
4.4017,-1.4395,1
-0.80133,1.2775,1
4.4562,3.4336,3
-2.5533,-1.8333,1
-0.12184,-0.11767,2
5.7355,2.9953,3
-1.0414,3.6693,1
-2.7308,1.4612,3
-3.9828,2.6372,1
-1.0394,6.1557,3
3.1466,1.8863,3
1.5918,0.79831,3
-0.44602,-1.1097,3
-2.266,-3.4327,1
-0.76746,-2.6396,2
1.0835,0.34197,3
0.125,1.2511,1
-3.105,-2.9349,1
0.89461,0.78432,3
2.7704,0.50416,1
1.7982,0.10713,3
-3.9187,-4.3649,1
0.12503,1.157,1
1.2974,1.6506,3
-0.41654,0.38607,3
-4.851,-3.6383,1
-1.2583,-0.33601,1
-2.2241,-2.4148,1
-0.93351,-2.8631,1
-0.83523,-3.3692,1
4.3689,-0.75151,3
2.1595,1.0733,3
-0.23739,-1.9708,2
-0.8361,-4.2668,1
-3.5218,-1.4577,1
0.015139,-0.48129,3
5.6049,2.5635,3
1.3894,2.4723,3
-3.4193,1.6173,1
-2.762,-7.4779,1
2.2432,2.0829,2
1.8357,0.61653,1
-3.6279,-0.50302,1
-2.8618,-3.4993,1
-2.2953,-0.10752,1
3.3543,3.8912,3
-3.6827,0.48727,1
0.66608,1.108,3
-0.27193,1.0915,3
-2.0095,-0.67391,1
-0.72709,-1.8129,1
-1.0592,-0.049936,1
-2.1676,1.7542,1
2.2667,1.6137,3
0.30628,4.0836,3
-1.3684,0.61084,1
-0.39027,0.75397,3
-3.2207,-1.6806,1
0.72427,-3.0422,1
2.6543,0.96255,3
0.84906,1.2337,3
-2.3555,-4.2042,1
0.4363,3.9215,3
-2.9599,-1.9049,1
-1.7004,1.9276,1
0.48925,-0.12069,1
-3.063,1.8318,3
-0.30958,0.99035,3
-1.689,-2.7769,2
2.5921,-1.6535,3
-1.5746,-0.34052,3
-0.27954,-0.023728,3
-3.9257,1.0498,1
-0.78163,-0.39553,3
-2.4214,0.019298,1
-0.61252,-0.70777,3
-2.0067,2.9007,3
-2.1298,-0.14081,3
-0.8851,0.51861,3
-2.4415,-2.2906,1
3.5936,0.68574,2
-2.0934,-0.13559,1
1.971,0.72231,3
-0.37742,-2.3344,2
-0.73277,-2.8485,3
1.4598,-0.94087,3
-0.67984,0.53698,1
0.65578,-3.2044,1
1.2965,0.33426,3
5.2186,2.8502,3
-0.48349,-2.2955,1
-2.6362,0.88954,1
-4.9615,-0.66913,1
-0.057819,4.777,3
0.35597,-0.67509,3
1.1894,1.7997,2
4.0237,-1.8077,1
-1.1937,-0.70948,2
4.6466,-0.91645,3
3.7792,-2.2061,3
0.019927,0.58491,3
4.5633,1.9305,3
0.26694,-0.17903,1
2.7742,3.8803,3
-3.8364,-1.4281,1
-0.66524,0.1476,1
2.0253,0.31834,1
-2.7096,0.856,1
-1.9871,2.4905,1
0.4292,-0.34413,3
-2.4126,-3.0414,1
0.48883,1.4998,3
-2.7149,-1.0646,1
-2.7649,0.051231,1
-2.0132,-1.7495,1
-1.2904,2.3345,1
-2.8739,0.55968,1
-2.3306,-0.802,1
2.1294,3.844,3
0.16778,2.9347,1
-3.5414,-4.8762,1
0.38599,1.442,2
1.6463,-1.3101,3
-1.1017,-4.0718,1
-0.0011949,-1.8707,3
-1.3908,-2.2319,1
4.1678,-0.93201,3
0.89393,-1.3357,1
5.2103,2.2104,3
-0.71172,0.34278,2
-2.7956,-1.3148,1
-0.35929,-0.64054,1
-5.423,-2.1043,1
-1.7268,-1.3797,2
0.63475,1.5922,1
-1.3053,-3.4337,3
-1.1186,-2.496,1
-0.83698,2.3946,3
3.0552,2.8314,3
1.0763,-1.626,1
-0.54102,1.4956,3
1.3363,1.6041,1
-0.22171,-1.8596,3
-1.3631,-0.54959,1
-0.69023,2.7963,3
-2.0996,0.24574,1
4.5661,2.1414,3
2.3428,-3.2885,1
-4.4588,-5.6323,1
-0.67984,-0.36226,1
-3.1323,-0.023006,3
1.1307,-1.5154,1
-1.6817,-0.65394,3
-1.7865,-3.9778,1
-0.56349,2.1396,1
-2.8975,0.82217,1
-0.74827,-0.23016,3
1.341,-1.2891,1
0.57824,-0.14521,1
-4.1084,-4.2439,1
2.3024,3.9254,3
0.66713,-1.9379,1
-2.9563,1.1582,1
3.5916,4.3774,3
0.39588,1.1083,3
-3.1546,-1.8883,1
1.7584,3.3878,2
-0.0017912,-0.36914,3
0.063354,-3.3997,1
-0.54833,0.78929,3
1.813,-5.8084,3
-2.895,-3.0236,1
-3.0819,-4.1345,1
3.1016,2.5006,2
0.16904,-0.53226,2
-3.1372,-3.6731,1
-0.57908,0.61858,1
2.1636,3.0235,3
-1.8344,2.5988,1
-2.1122,2.8469,3
-2.1894,0.4327,1
-0.52568,-2.3485,1
3.0031,3.4613,3
0.30415,-2.6872,1
-1.5608,1.9874,2
-0.44119,-1.3806,3
2.1205,1.8526,3
-6.6996,0.18575,1
-1.6055,-1.7429,1
-0.91519,-0.95821,3
2.4986,0.41124,2
-2.7378,-3.5079,1
-3.468,2.4142,3
4.3778,3.258,3
-2.1969,-4.3159,1
0.69981,3.9503,3
0.75677,-0.88855,3
0.79285,2.4789,3
-0.10263,0.82122,3
1.2936,-2.9072,1
2.6312,-1.3717,3
2.708,4.0211,1
3.448,1.2672,3
-0.8544,2.1772,1
2.6283,0.47369,3
-0.96866,2.6088,1
-0.38038,-0.95334,1
-0.86515,-1.0702,1
2.5064,3.6901,2
3.2152,3.6741,3
-1.7963,-0.98081,1
-1.3953,-1.1353,3
-2.2738,-2.3074,1
3.3965,1.4187,3
0.59855,-2.5019,3
-2.1775,1.5627,1
1.3426,-0.66536,1
0.048479,1.9616,3
2.0112,1.0958,3
0.4654,0.86192,1
4.2902,4.9222,3
-2.4556,0.013556,3
-0.5711,0.95926,1
-4.3528,-2.0848,1
-4.7674,-2.4517,1
0.3237,-2.0725,3
3.9927,2.7792,2
6.1332,3.6321,3
0.79818,-4.1389,1
-0.28769,-3.4313,1
-3.4594,-1.7085,1
1.3856,1.1986,3
0.37745,0.64314,3
2.3413,3.108,2
1.6744,-0.75361,3
0.94001,-1.2211,1
0.59628,-1.0225,1
1.4278,-1.6395,1
3.6535,-0.85152,1
0.73494,3.1204,3
-2.4241,1.4198,2
-0.13282,0.37367,3
1.8951,-4.0114,3
0.98835,-3.2629,3
-0.54798,-0.43789,1
0.58792,1.5622,1
2.1178,1.9899,3
3.7221,4.9743,3
5.6211,3.9417,3
-2.3615,0.96872,3
-0.18662,2.4342,1
0.16134,-0.38663,3
-1.4147,-0.67434,1
-3.8422,-3.8926,1
-0.10089,0.3178,2
-3.1898,-1.0081,1
-0.72657,-0.15673,3
1.3067,2.8217,3
0.52327,0.48161,1
2.82,0.25237,3
0.96277,2.2721,2
2.4887,2.1658,3
1.1038,0.82699,3
2.1193,5.9006,1
1.2103,-1.5319,3
-0.98692,3.0437,1
-2.2318,-2.8529,1
0.92071,-4.2326,3
-2.1893,-2.139,1
-4.1591,2.7068,3
-0.73244,-1.6357,1
2.9589,1.7042,3
-3.3824,-1.0711,1
-0.45983,-1.1759,1
3.0811,1.5867,2
0.54762,-0.15998,3
-1.2714,-3.8454,1
1.6805,1.6182,3
2.4731,1.4383,1
-1.7863,1.9528,1
1.2713,-0.21586,3
-0.37281,-2.9852,1
-1.9058,-4.5223,2
2.3818,-0.50363,3
-1.6001,0.6954,1
-0.35021,0.75314,2
5.0823,-1.2432,3
0.97497,0.52841,3
0.84561,-0.58791,1
-3.6086,3.7011,3
2.2712,4.087,2
0.059432,-1.5191,3
2.0336,-1.6852,1
-1.6179,2.4427,1
2.2039,-0.2708,1
-1.3409,0.27502,1
2.6561,1.47,1
-0.40955,0.90087,3
4.8744,1.2331,3
-1.7754,0.060418,3
1.5938,0.077103,1
5.6797,0.33015,2
-1.5643,4.1563,3
1.9238,2.2958,3
-0.23133,5.6621,2
4.2496,0.13618,1
4.1224,-2.498,3
-0.3622,1.1365,2
-1.3357,1.7878,3
1.5758,2.5761,1
-0.87025,0.71012,3
-0.16007,-1.3874,1
0.87175,1.5983,3
0.92613,0.018738,1
-2.15,-2.4084,1
0.71083,-0.040727,3
1.7825,3.4645,3
3.2926,1.3176,3
-0.77203,-2.5159,1
0.6806,3.3421,3
1.0779,1.7461,3
0.46494,0.92291,1
5.3726,2.6352,2
-4.3212,-4.5972,1
-1.0722,0.17021,1
2.5894,1.1295,3
0.37986,1.4141,2
5.9207,2.8451,3
-0.4396,-2.502,1
-4.3762,-2.4566,1
0.70898,3.6073,2
-2.112,-3.8295,3
3.4371,0.72332,3
1.6978,2.3711,2
-2.9454,-3.0999,1
0.071907,0.67515,3
0.30095,-2.8698,3
4.451,1.7974,3
0.91751,2.7662,3
1.2819,0.96539,3
-2.3649,2.7388,3
-3.2262,-3.1723,1
1.0169,1.6995,3
-1.8192,2.106,1
-2.0253,-1.1061,3
-1.4383,-1.8087,3
-3.1157,-4.4113,1
-0.11337,-2.0326,3
1.7889,1.0728,2
-1.6951,-1.8137,2
0.8756,0.44672,3
2.2734,-0.25449,1
-1.4669,-0.43408,3
-1.6092,0.15609,1
3.5156,2.3327,3
-0.44165,3.0531,3
2.2151,2.6449,1
-4.3142,1.7588,3
0.17176,2.4682,3
0.040673,-0.24375,3
-0.73749,1.098,1
1.25,2.0289,3
-1.8997,-2.4225,3
2.6712,-1.4824,1
2.9324,1.7271,3
-2.0774,-2.9965,1
-0.51702,4.1541,3
0.93805,-3.4288,1
2.9588,0.11906,2
-1.2425,-0.079476,3
1.7574,3.218,3
0.91813,0.67526,3
0.61868,1.2162,3
-0.27941,-2.6053,2
2.4623,1.5677,3
-1.6102,-3.0931,1
1.1647,1.3843,3
-1.5292,-0.22861,1
0.096873,3.633,1
-1.7207,-0.25685,1
-2.3855,3.1796,1
0.45632,0.38316,3
-1.3326,0.20238,1
0.30784,-2.1749,1
3.5128,-1.4356,2
1.9467,0.37394,3
-3.7183,-0.47719,1
0.45981,-1.0998,1
0.41999,1.6356,3
-1.5203,-0.56626,1
-2.3311,-4.4194,1
0.89731,0.44618,3
-2.457,-1.9317,1
1.8882,0.66492,3
1.0634,0.68161,1
-1.1547,0.78484,3
-0.86352,2.7456,1
0.68938,0.89955,3
-1.0315,4.1883,3
1.3929,2.6817,3
-0.6777,2.7202,3
0.99283,0.96744,3
5.1259,1.3672,3
0.27184,2.5003,3
3.8542,-0.40152,3
-0.40357,-5.294,1
2.8141,3.2254,3
1.7215,0.19917,3
-1.0434,0.97301,2
1.3555,0.9378,3
1.4528,-3.6646,3
3.0459,4.702,1
-1.1488,1.4183,3
0.37596,-0.91998,3
2.0108,5.7587,2
-5.7333,-4.2525,1
-1.9692,1.3701,3
-0.34219,-2.404,1
-3.2757,1.3648,2
-1.9197,1.673,3
-3.2345,2.8996,2
-0.46135,-2.7307,1
-2.1623,1.1703,1
-1.9541,-4.4292,1
5.8554,2.5928,3
0.087153,-0.34304,1
2.9585,4.7674,3
-0.6611,-3.5576,3
2.3857,3.6352,3
1.0557,3.8662,3
2.2878,-0.49986,3
0.76684,-1.3549,3
0.043668,0.77205,1
-3.2177,2.718,1
-2.0612,-1.8403,1
-3.5295,-1.1633,1
0.19807,0.60083,1
-1.2202,3.0203,2
-3.4494,1.4026,3
-0.46417,-3.6113,2
-2.9277,1.3082,1
0.69731,2.9038,3
-0.46218,2.9522,1
-3.935,1.025,1
-4.8091,-2.8554,3
-0.4648,-3.3845,3
2.8324,0.83755,3
0.6233,0.52142,3
-5.7629,0.68666,1
-2.4531,-0.36691,3
-4.3468,4.892,3
-1.4273,1.9114,1
-2.5162,0.014323,2
-4.3435,-1.9935,1
-5.4875,-2.7838,1
-2.5142,1.4387,3
-1.8253,-0.80383,1
4.475,0.56495,1
-1.2056,-1.9224,1
-2.4191,3.0647,3
-5.1431,-1.9494,1
0.52159,-1.9842,3
-0.54871,0.96842,3
-2.1978,-2.9794,1
2.2204,3.4063,3
-2.2606,-0.53396,3
-2.0033,-0.62858,1
-2.2116,-0.19039,3
-2.0205,-2.0404,1
1.3599,5.0254,3
-2.8814,-2.096,2
0.019483,-1.6197,3
-0.99224,1.1904,3
-0.81967,1.1019,1
0.023634,1.5641,3
1.9956,3.1335,3
0.38338,-2.4601,2
2.3935,-0.35692,2
2.4212,-5.1071,1
-1.4142,-1.1604,1
2.3403,0.52085,2
1.5813,1.466,1
1.0935,-3.2932,2
4.9541,0.41016,3
-5.3308,-1.3269,3
-2.1078,-2.694,1
-3.7431,-2.4786,3
2.2455,4.5478,3
-0.29841,0.83691,1
-1.4526,-0.40609,3
4.7602,2.0174,3
0.92454,0.54315,3
0.48759,-1.3245,3
-1.2685,3.5396,3
0.32901,0.56632,2
1.0588,2.5326,3
-2.3139,-0.44682,1
2.6778,0.22706,1
-2.0766,-2.8975,1
-2.9248,-0.64217,1
1.9904,2.1523,3
1.7538,1.4009,3
1.3443,4.3152,2
-2.2036,-2.1234,1
1.4903,2.301,3
-4.8533,2.0194,1
1.3308,-3.638,1
-2.7969,-0.88763,2
4.6282,1.5926,3
-1.6625,3.4171,3
0.17284,-0.96229,3
0.51121,3.5719,1
-1.0164,-0.50897,1
-1.0989,1.4219,1
-4.3892,-4.2624,3
1.0914,1.6942,1
1.5507,-0.71881,3
-0.2079,-0.90782,1
-0.39821,-4.1478,2
-3.7481,-4.4935,1
-0.36406,-1.4611,1
-0.067721,-0.050126,1
-1.5884,4.1319,1
-2.0262,-0.48851,1
-4.6802,-1.038,1
1.6489,-0.98349,1
-2.1739,-0.053669,3
2.8273,1.7125,1
-2.0968,2.3974,2
-3.1037,1.204,1
0.25145,-1.1818,3
-1.2479,-2.9193,1
1.976,-2.7824,3
6.2126,-1.3477,3
0.66067,0.7701,1
-1.5896,-3.8073,3
-2.0926,-3.1297,1
-4.4495,-2.9908,1
-1.9639,-4.478,1
1.214,-3.8886,1
-1.4861,-0.19044,1
-4.3444,-1.6794,1
2.8045,-2.5306,2
-0.91427,-1.8318,3
2.146,2.9938,3
-1.9096,-1.4781,3
0.38412,-3.2934,1
-1.4831,-0.9457,1
-2.1694,-4.3768,1
-0.68851,3.3754,3
1.8914,-0.33027,1
-2.2891,1.3226,1
0.15895,0.97764,1
2.1925,-2.2658,3
1.2306,-1.774,2
0.68471,0.59322,3
-3.5981,-4.9695,1
-2.932,0.48361,2
0.59457,-2.073,1
0.29499,2.1308,2
-2.0154,-2.5363,1
0.013277,1.8001,3
-3.3861,-1.8572,1
1.193,-2.6056,2
0.42495,-0.4102,1
-1.1605,1.3989,3
-5.886,-1.8734,1
-0.4374,-0.84286,1
-0.038959,0.19765,3
1.262,2.2814,1
-2.6107,0.19966,2
3.7582,2.1122,3
0.71709,-4.5245,1
0.18424,-0.53432,3
-0.3783,-2.6553,1
0.55863,0.43573,3
1.2521,1.9047,3
0.28951,-0.098321,1
-1.7864,1.3866,3
-0.11424,3.14,3
-4.0162,-0.8328,1
-1.1719,0.54213,3
-2.2731,1.9586,1
-0.58087,-3.1775,3
-0.5715,-0.62977,3
-1.9112,-2.8178,1
0.67743,-1.9074,1
-0.48552,0.24206,2
1.5538,-0.34304,1
0.69918,-1.7266,3
1.61,-1.8695,1
-0.44845,-0.62553,1
-1.7682,-1.6685,1
1.9849,0.85614,3
2.5668,0.86229,1
3.9984,4.3893,3
0.28772,-1.5973,1
2.8781,0.78839,3
-1.0368,0.22499,2
-1.2916,3.5591,1
-2.0829,-1.1613,3
4.4851,3.8928,2
2.6162,-1.1059,1
4.6549,-3.9597,3
2.826,-1.6188,1
0.97224,0.72525,3
0.61016,-1.0198,1
1.7986,4.4209,3
3.3014,-1.291,3
3.6504,1.9967,3
2.4326,1.0973,3
2.4521,0.88276,3
-1.1488,-0.74909,1
3.1822,4.6105,3
-0.78379,3.1822,3
0.11358,3.6732,1
-0.51807,-1.5638,1
-3.0905,-3.2322,1
-2.1685,-3.4608,1
-3.2873,0.73325,1
-1.6398,0.85168,3
0.94673,1.3709,1
0.44707,-2.4929,3
1.8131,2.0248,1
2.4568,-1.1985,3
1.9323,-5.1829,1
-1.2106,1.1249,3
-3.2244,-2.3425,1
1.2739,-2.2551,3
1.8293,5.3313,3
-1.9896,-2.4872,1
-2.9044,7.2421,3
3.1143,0.38623,1
-2.2546,0.0042012,1
0.66512,4.0014,3
-0.87872,-1.9086,3
2.968,0.42199,1
-0.42539,6.5889,1
2.2301,0.11433,3
-1.003,-1.5031,1
1.341,1.4956,3
0.28388,-3.1584,1
2.8544,-3.011,1
-2.7194,1.7766,1
1.3593,-5.9136,2
-0.22155,-2.0299,2
-2.1426,-3.42,1
-2.4307,2.4643,3
0.19131,0.89339,1
2.4682,-0.51873,3
-2.8899,0.14991,1
2.4688,2.0592,2
-2.8772,-2.1363,1
0.4796,-4.1323,1
0.20691,2.2882,2
-4.0305,0.24156,3
1.6729,4.52,3
2.7463,2.4309,2
0.52482,0.5043,3
0.027803,-2.5293,1
1.9816,-1.402,2
-1.6691,-5.5625,3
1.2398,-1.9076,1
1.4122,0.3816,1
-0.060727,2.6756,1
-1.9489,0.38389,3
-1.3592,-1.7813,1
-0.49938,-1.6522,1
1.7219,0.18284,3
-2.2038,-0.74774,3
-3.2981,-4.1839,1
-1.301,-0.56894,1
-0.21212,0.55485,3
4.7752,1.3986,3
0.87289,-0.35556,3
-2.3309,-1.6499,3
1.6267,0.64109,1
-1.562,-4.3644,1
-1.2976,-2.7691,1
0.08066,0.95414,3
-0.18692,-1.2164,3
7.2783,1.8163,3
-3.3442,-2.6425,1
-0.69688,1.7881,3
-2.9289,-2.1003,3
0.23699,-2.6607,1
0.41614,2.2235,3
1.3736,0.17301,3
-5.9136,0.85835,1
-4.418,3.358,1
-2.8866,-3.5204,1
2.3416,2.2291,1
2.662,1.348,3
2.7224,1.6005,3
-4.806,-3.7253,2
-3.5123,2.2531,1
-1.553,3.7232,3
1.2834,-1.2388,2
0.34179,-1.2966,3
0.13869,-2.0141,1
0.2621,-1.4421,3
3.5048,-1.5191,1
2.5896,-2.2471,1
-6.7136,-1.8474,1
0.45832,0.95824,1
1.7179,-4.3014,3
0.37881,0.53524,2
-1.3611,-3.5102,1
2.8675,-1.0549,3
-0.012239,2.0185,1
-1.2823,2.0302,1
0.51528,-2.3789,1
0.91631,1.5298,3
-0.86313,1.8512,3
1.6797,0.3296,1
-2.7254,-4.6246,3
-2.0348,0.11385,3
-0.2612,-3.3263,1
-1.3708,-1.2595,3
-3.6718,2.0228,3
0.64048,0.66131,3
-3.0932,-2.0925,1
-2.5267,-1.4246,1
-2.9919,1.1638,3
3.4686,5.1006,3
0.50471,2.7694,3
-5.6517,-0.069817,3
-0.51379,2.0194,1
0.88717,-3.3285,1
-1.2098,-1.6103,1
3.0516,-0.21483,3
1.6213,0.74245,3
-2.5133,-6.9561,1
2.0565,1.5455,3
0.38165,0.02028,1
2.7982,-1.2679,1
-1.7214,-3.6965,1
-1.2508,-2.9744,1
0.67012,0.53381,1
-0.67956,-5.2869,1
-1.1034,-2.072,1
-2.6838,-3.0364,2
0.42722,-1.0027,1
0.60899,3.7853,3
2.888,4.0901,2
-0.57064,1.6917,3
-0.2674,1.3027,2
1.3294,2.2087,3
-3.53,4.0522,3
-2.5272,2.228,1
-0.30982,4.3272,3
-0.13567,-1.0909,3
-0.74715,-3.6047,1
0.50221,5.0879,2
1.3062,-1.5914,3
1.5782,1.7738,3
0.65792,-0.56017,3
0.47702,0.93326,1
0.36242,-1.1921,2
5.5088,1.5973,3
3.6324,0.65663,3
-2.9792,-1.1671,1
0.93068,-2.3303,2
1.6608,-1.7981,2
-0.90633,-4.4321,1
-0.51888,-0.04617,1
-3.3014,-4.0756,1
1.4509,-3.5416,3
-3.265,-3.6164,1
-2.9721,-1.0664,1
0.037182,-1.4397,1
1.4358,0.42307,3
0.2544,0.62512,3
4.16,0.91853,3
0.82437,-2.5684,2
6.1187,-1.9961,3
0.64223,2.5881,3
1.401,-2.007,3
-2.9817,2.0778,3
2.3884,2.6303,3
0.113,3.0534,3
-3.0762,-0.62062,3
1.003,0.48157,1
-2.8194,1.6744,1
1.5288,-0.21486,1
0.95645,5.4235,3
-1.4481,-2.404,1
0.78286,2.9008,3
-1.7742,-1.1464,1
-0.57815,-2.7578,1
-1.0287,-0.57976,1
-0.34764,1.0054,3
-0.88867,1.0274,3
1.6477,-0.36722,3
-2.4037,0.68899,3
-4.1736,-4.7485,1
-0.51564,-0.26949,1
-5.7933,2.4956,1
0.69277,-0.42798,1
-0.99986,-3.8121,2
-0.52293,-0.35092,1
0.56707,-2.5754,1
-0.083083,-0.8477,3
1.6209,1.4468,3
-3.1163,-0.22412,1
-0.92628,-2.3721,3
-2.4115,3.762,3
-2.0406,-3.4445,1
1.4244,3.6978,2
-1.5712,-1.8316,3
2.7751,1.8473,1
3.7943,-0.21231,1
-3.9592,0.40424,1
1.1863,0.068868,1
2.6475,0.82207,3
0.9993,0.98051,1
1.2091,0.4288,1
0.1073,0.62399,1
-0.36397,0.59173,3
2.2479,-2.2437,1
0.7692,-4.1322,1
1.0203,-0.32714,3
-0.65052,-2.0614,1
-4.3043,-5.665,1
2.8638,3.0217,3
1.4485,-2.5608,3
0.68587,0.51328,1
-3.4566,-1.2207,1
-4.5939,0.16,1
-1.0311,-0.12567,1
-1.326,-1.1159,3
-0.43139,2.995,1
3.8324,-0.86575,3
-0.95608,0.91118,3
-3.0159,-4.2851,1
5.003,6.6306,3
1.1187,-3.3125,3
-3.2605,-0.106,3
-0.89937,2.6066,1
-3.6352,-2.5134,1
-4.0635,-0.35959,1
2.4176,-0.97617,1
-9.2682,-0.63187,1
0.85094,-0.7678,3
0.82753,2.5692,1
1.8195,2.8562,3
3.8172,1.1775,3
-0.60052,-0.38638,3
-0.79127,0.56305,1
-2.9582,1.8191,1
6.5229,-2.4005,3
4.2959,-0.099848,3
-3.1811,-0.3396,3
1.3144,-3.9032,3
-1.0195,-2.0775,1
0.073136,-0.63956,3
-4.5241,-0.088325,1
-3.0344,-1.064,1
-3.4845,-1.6227,1
3.4755,-0.0002487,3
-0.68118,0.1641,1
0.084618,-0.41449,1
0.24046,0.50485,3
-0.40333,0.48048,3
1.5107,-3.1456,1
4.9495,5.2488,3
-4.4511,-2.0038,1
-3.3456,-1.4551,1
5.0131,2.0579,3
-3.01,-2.0475,1
2.1369,1.209,3
-0.87701,-1.9483,1
1.4899,-1.8161,3
-0.56139,-1.9942,1
-1.6934,-3.5704,3
-0.40699,3.3913,1
-1.896,-1.2118,1
-0.54677,-0.46085,3
-0.38,-0.63653,3
1.1905,1.3607,3
-1.4235,3.3134,1
0.77871,-0.49686,2
-3.0616,-0.014995,3
-2.8085,-2.6927,1
1.5885,-0.35558,1
-3.8107,0.070813,1
-1.196,-0.42192,1
2.4342,-2.5081,1
3.4309,1.8874,3
-3.295,-1.7765,3
4.976,0.25864,3
-3.2974,1.0948,1
2.2201,0.86377,3
0.034713,0.70157,1
3.3239,1.6031,3
1.6391,2.37,3
-0.54268,-1.5474,2
0.10132,-0.18462,1
-5.3268,-0.36986,1
-5.6037,-2.4462,1
-2.5478,-2.6374,1
-1.427,-2.296,1
-0.79792,1.8518,3
-0.90421,0.87968,1
-1.8908,0.64515,1
4.2962,4.1187,3
1.0257,-2.8935,2
3.169,0.83679,1
0.047721,-4.0682,3
-0.46427,0.77463,1
-2.135,-0.0057906,1
4.8671,-0.44198,3
-1.7507,-3.3764,1
-2.7594,-2.7645,1
-2.5632,-3.7418,1
-5.4403,-1.0905,1
1.7887,0.20826,3
0.65452,0.315,1
1.4604,-0.37099,3
-4.4727,-3.5779,1
-0.014705,2.3069,3
0.71925,3.5756,3
-3.0046,-2.2331,1
-1.4905,2.9469,2
-0.35326,-1.3208,1
0.15676,1.9762,3
2.5173,-2.9108,1
1.3579,-2.4099,1
-0.55223,2.8616,3
2.6792,-1.5293,3
5.2455,2.1545,3
0.81928,-6.0843,1
0.22813,3.0657,3
2.3562,2.9173,1
1.8515,-4.6878,1
-1.7244,-2.2876,1
-2.6422,-0.78608,1
2.5936,-0.30138,3
-0.72572,-1.0442,1
0.16143,0.0026692,3
0.40171,2.4312,3
1.6563,4.9107,3
0.55433,-0.8895,3
-0.29147,0.53656,1
-1.7968,3.4999,2
-0.34039,-5.7367,1
-3.13,-1.5754,1
-1.6204,2.3344,1
-2.3954,0.024813,3
3.8471,1.827,3
2.3575,-1.7701,3
-1.2272,1.596,1
1.3553,-4.8007,1
-3.2113,-1.5078,3
-1.5418,-1.259,1
-0.034295,-0.38698,3
1.4914,2.6135,3
-0.17406,2.252,2
0.70331,0.5789,3
-1.4123,-2.1211,1
2.6206,4.248,1
2.3339,-1.1053,3
0.77158,0.60061,2
0.99073,1.8845,3
1.4786,2.8561,3
-2.7963,-1.0132,1
3.8235,-2.6909,3
-2.9874,-3.0019,1
-3.0238,-0.38395,3
-2.5147,0.42069,1
2.5666,4.8924,3
-0.87225,3.2854,3
1.2,-1.4567,1
-0.49067,0.90563,1
-4.3757,-1.9505,1
-0.07346,-0.27166,3
4.068,-2.2541,1
-1.4394,0.8059,3
1.5791,-0.030767,1
-1.9001,-0.92288,2
-0.73766,-0.92527,1
0.16883,-2.6456,2
0.12066,-0.076614,1
1.1205,-1.8524,2
0.99049,0.079985,1
2.0009,3.3686,3
-0.90251,7.7406,3
-3.1717,-0.40833,1
2.9151,-0.71321,1
1.0123,4.736,3
-0.50535,-1.5347,2
-0.3751,-0.50925,3
-0.31877,1.5978,3
-3.1232,-0.02543,3
1.7555,1.7983,3
-0.40938,1.3214,1
1.0162,-1.6285,2
-1.9281,-7.0029,1
2.1939,4.4234,3
-1.6179,-1.2763,3
-1.8848,-1.0632,3
-1.6671,2.4373,3
-3.0156,0.053241,2
2.882,2.352,3
3.972,1.0079,3
-3.2492,2.6927,2
-0.18854,-0.63664,3
6.3074,1.0294,1
-1.1885,-2.725,1
-2.9788,-0.30786,3
-0.98296,-1.6544,3
0.58726,-6.1641,2
-0.81181,1.1566,3
0.087214,-1.3911,2
-0.088141,3.2218,2
-2.2526,0.16894,3
-0.18011,5.4081,3
-0.45961,0.89121,2
-2.1504,-1.1733,3
0.55635,1.5693,1
-0.70678,0.42924,1
-4.7835,-6.057,1
4.0785,2.5681,1
1.7904,0.43391,1
-0.47753,3.7383,3
-0.11177,-3.6445,3
1.535,-1.9562,1
3.9661,-1.7557,2
-0.90246,3.1709,1
2.9618,1.0938,3
-1.428,1.53,2
1.4097,3.2635,3
0.93524,-0.095642,3
0.59113,2.4487,1
1.2355,1.4495,1
-0.4028,-0.28011,3
-1.7643,-3.1742,1
-0.96718,1.5325,2
-0.059195,-0.14787,3
0.48568,-1.6445,2
-2.6562,-0.22899,1
3.6208,5.3253,3
-0.55978,2.1795,3
2.5022,-3.1593,1
-0.30635,-4.3448,1
-3.245,0.61087,2
-3.7114,-0.82849,1
1.8895,0.47366,3
0.18822,0.61022,1
4.1519,1.7561,3
2.8838,4.6359,1
2.3286,0.8902,3
-2.4718,-2.8332,1
0.7451,-0.31967,1
2.2557,-0.28032,1
2.0654,-1.0295,3
2.2657,-0.039527,3
-3.6226,-5.7562,1
-1.1041,-2.1973,1
-0.39978,-1.4624,3
4.4408,0.019616,3
0.51449,-1.2524,1
-0.54148,1.5097,3
-2.5379,-3.1449,2
-1.0532,1.2804,3
0.96653,-1.4885,3
-1.146,2.0754,3
-3.9796,-2.8385,3
-2.6951,-3.2462,1
-1.1845,1.191,3
1.1411,-0.7977,1
1.6799,6.4662,3
-0.36372,-3.3422,1
1.5613,1.9697,3
-1.7244,-0.1566,3
4.8056,-0.20653,3
0.85732,4.603,3
1.4104,1.9307,3
-2.8355,-3.8806,1
-1.4867,-0.63865,1
-2.6145,-3.74,1
-2.6748,-0.64594,3
-1.4547,1.173,2
4.5983,1.0471,3
1.3572,-1.0311,3
-3.2758,-2.1005,3
3.5747,-2.7976,2
-4.0415,-0.51167,1
4.2856,3.6255,3
0.54174,-0.87465,1
-2.5486,-0.65154,3
-4.0568,-4.6215,1
-2.7877,-0.66498,3
-1.9933,-2.1606,2
0.68992,-2.3076,1
2.9085,-1.137,3
-2.0543,0.98313,1
-0.43793,0.19095,2
-1.0676,2.854,1
-0.95787,-1.7263,3
-0.75529,-6.2135,1
0.69051,0.074445,1
-3.8319,-2.6215,1
0.70842,-1.1921,3
-0.43591,3.5549,1
-2.3472,-4.5001,1
1.2117,2.9939,3
-2.107,-2.4254,1
-0.87028,-1.2756,3
-2.0763,-2.8001,1
0.34439,0.36736,3
-0.2907,4.4029,1
0.19189,-2.8602,2
-0.18518,-2.2756,1
-0.028198,-3.5864,1
-3.2056,-0.42582,1
2.4124,2.1712,3
0.50323,2.5868,2
2.9521,0.41515,3
-1.1946,-0.27905,3
-3.2603,3.4287,1
-0.82123,-0.91716,1
1.1389,0.68904,3
-0.94185,0.7637,1
1.0239,-0.018772,1
-5.3223,0.10411,1
3.715,-0.49931,3
-1.2494,-1.5757,1
2.0537,4.5107,3
-2.7372,0.087399,1
-1.2632,-1.619,1
1.408,1.9976,1
0.39071,-0.90386,1
-1.4427,-1.7349,2
-4.6302,-5.6169,1
-0.24847,-1.6703,1
1.3118,3.3358,3
-3.7928,-4.2451,1
0.7802,-0.091197,3
-1.3954,3.4106,2
1.909,-1.518,2
0.79858,0.5746,3
-0.51944,1.1159,1
-3.7816,-0.77042,3
-1.2931,-0.76912,1
-2.8183,-2.8921,1
0.88068,0.30139,3
-1.4992,-0.78559,2
3.1125,-1.2817,1
2.8995,1.7847,3
-0.57942,1.1961,1
-1.7734,-2.7268,1
-0.65476,-2.9562,1
1.6576,-2.2049,3
-2.7789,0.20782,1
0.18154,-0.95865,3
0.45252,0.079778,3
-3.1426,-1.3975,1
-4.5851,-4.2637,1
0.43056,2.1596,3
-0.97381,0.57827,2
-1.2316,3.5516,1
-0.74473,0.17601,1
-1.7913,1.0001,1
4.9867,2.1047,3
2.3025,-1.0412,3
-4.2077,-3.4519,1
-1.0551,3.4707,3
1.4642,-0.75241,3
-1.0648,-0.22793,1
5.2377,4.2422,3
0.49982,0.73246,3
0.38802,5.2399,3
-2.2163,-1.7663,1
1.3683,2.2569,1
-2.674,3.0222,3
-0.46133,2.313,3
1.0495,-1.1516,3
1.5535,-0.58947,1
-1.4132,4.0605,3
-0.87842,-1.3687,1
0.86045,0.72526,1
-1.0517,-0.10229,1
-0.88959,1.6462,1
-3.2256,-1.0857,2
-0.14962,-5.0191,1
-2.2729,-1.8287,3
-1.604,-0.47026,3
-0.27166,3.4625,2
0.057551,0.2009,1
0.73172,-1.788,3
2.8243,0.61729,3
3.081,1.7051,3
1.5345,-2.7916,1
-3.724,-3.1848,3
0.90017,1.0463,3
-3.3082,-4.4018,1
4.5335,0.59017,3
0.43196,-4.7763,1
2.9761,1.1434,3
-2.0161,-0.35517,2
-1.69,4.5459,3
-1.9466,1.629,2
-2.428,2.9276,3
0.36,-4.435,1
0.56453,0.10311,3
-4.4458,-2.7464,1
-4.2627,-0.78412,1
2.1668,0.16191,3
-1.5424,-3.8328,3
-0.50103,-0.86277,3
0.82453,-1.1793,3
3.33,-0.82545,1
-1.1375,0.92765,3
-4.1495,-4.3642,1
-4.0217,-0.53757,1
-7.3675,-2.1997,2
0.067384,3.6979,3
5.5932,-0.87038,1
1.161,-0.38647,3
-1.0861,-1.0021,1
2.4176,-1.877,3
1.4274,-3.4047,1
-0.83314,-0.50373,1
0.30322,-1.1553,2
-2.6733,0.26694,1
1.2879,0.75193,3
-1.0978,-2.2077,1
-0.50525,-2.8409,1
-3.1635,2.8127,3
0.095504,1.4901,3
1.9826,0.51784,3
7.0572,1.3029,3
-1.3195,-0.0099067,1
1.5103,5.0159,3
-0.5504,1.2309,2
-3.8193,0.25952,2
-2.7189,-0.21407,1
0.12383,-3.4891,1
-2.5201,-1.6708,1
-0.090397,-3.1141,1
2.4958,1.3619,3
-1.7226,-4.3089,1
-0.56984,-1.9155,3
-2.3493,-0.83134,1
4.4658,-2.096,3
2.2481,1.612,2
-2.6614,2.8411,1
3.2954,-0.37933,3
-2.0851,-1.3985,1
-4.8204,-5.2076,1
0.6184,-2.7475,1
1.1568,-2.3013,1
-0.20286,-1.6591,3
-2.0673,-3.6571,2
-2.4105,-2.2279,3
-2.657,-0.71987,1
-3.8356,-2.4334,1
1.209,-1.6091,1
-0.11086,1.5675,3
0.44735,1.2996,3
-0.58518,0.5959,1
1.876,3.7106,3
-2.143,-0.24177,1
0.44843,-3.1949,3
0.43324,1.2274,3
1.6792,-2.5031,2
1.085,1.942,3
-1.0134,-0.54263,1
-2.2023,0.55576,1
5.0252,2.1189,3
1.7981,4.4171,3
2.829,-3.2093,3
-2.721,-5.3977,3
1.8356,2.4154,3
-0.36856,-0.44337,1
-0.31694,-0.48561,1
3.5577,6.6052,3
-1.8419,-0.91169,1
1.1276,2.3515,3
4.5126,6.9622,3
-2.2029,-3.8812,1
-0.8623,5.8849,3
0.046351,2.7234,3
-0.87992,-3.8966,1
-0.38936,-3.5404,1
-0.13134,-3.0636,1
3.0459,-2.2766,1
3.3835,-1.0139,3
-0.25368,-0.72776,3
-0.43207,2.4224,1
-5.1914,-1.6771,1
3.2992,1.2796,3
2.5184,3.7739,3
2.093,1.4284,2
-3.5875,-2.8411,3
-1.3385,-1.9806,1
-0.4422,1.9547,1
-1.1177,0.48394,3
-0.95473,-0.90949,1
0.34949,1.9621,3
-1.1725,-1.6393,1
-2.134,-1.3511,1
2.3119,1.1422,3
2.6119,-1.4961,1
-1.4249,3.9814,3
5.5462,-2.6857,3
0.53304,-0.29935,1
3.153,5.4023,3
-4.5929,1.3827,2
3.7721,-1.8269,3
-0.55814,1.1818,1
2.1411,1.97,2
-4.2651,-4.3548,1
2.064,1.1941,3
1.2349,-1.1353,1
4.4927,0.94361,3
3.0421,-3.1604,1
-0.79051,2.1733,1
1.3598,-2.7216,1
4.1423,-1.0621,3
0.73354,-0.60904,3
1.5071,0.43373,1
0.00069007,-2.4938,1
2.1548,0.16973,3
-1.0755,1.8159,1
-2.1589,0.73778,1
-3.6907,-1.8456,1
0.17587,-2.1548,1
3.0615,-3.6046,2
-1.8168,3.2832,1
-0.52275,-0.97819,3
-0.87358,2.1111,3
3.4823,-1.7899,2
6.4511,-1.4499,3
-3.0254,-2.9728,1
1.956,-1.723,1
6.019,-0.69704,3
1.9309,0.039761,1
0.40623,-0.84799,3
-0.85795,3.4176,3
0.10551,1.7494,1
-0.11103,-1.8267,2
-0.78618,-0.16062,3
-1.2252,3.437,3
0.3645,0.0068501,1
-0.53588,1.9437,1
-0.18305,2.5528,1
-0.70098,-2.7027,1
-0.17502,0.00014081,3
-0.79268,-2.4265,1
-0.066744,1.6489,1
0.22691,-2.1393,2
-0.81481,-2.1414,1
-2.1942,-0.85376,1
0.25098,1.7704,3
0.5463,1.0912,1
0.92333,4.0092,3
-0.22851,-2.963,3
-2.9566,-4.7644,3
2.766,1.8891,3
2.2855,-3.36,1
4.0584,1.5254,1
-0.28643,2.3742,1
2.3139,-1.3134,1
-2.1428,-0.7323,3
2.5383,-4.5319,1
2.1853,0.88002,3
-1.699,-0.6108,2
3.8416,0.73784,3
3.2147,-4.5903,1
1.6886,1.4636,2
-0.21775,2.1264,3
-2.0703,-2.9755,1
1.1337,2.6997,1
1.666,-1.2409,2
-2.3264,0.91891,1
-2.8265,-1.1578,2
1.3018,-0.96343,3
0.6681,-4.7046,2
0.031811,-0.50902,3
3.4735,-0.28207,3
-2.2255,2.8889,3
-4.1601,-3.2272,1
-1.8413,1.4714,3
0.10514,1.1266,3
-2.8669,4.6502,3
4.9834,-0.766,3
0.83355,1.0509,1
-3.4585,-2.1106,1
0.66895,1.3331,1
-2.4482,-1.0583,1
-4.0511,-3.7473,1
-0.97048,-2.2881,1
-1.1938,0.3008,3
-2.0306,-2.6706,1
-1.1024,-0.2885,3
-2.1454,2.0979,3
-1.2696,-0.32875,1
-1.4268,1.9475,3
2.4926,1.9781,3
-1.402,0.056149,1
0.42127,0.031145,1
-1.225,-1.4612,1
-2.9111,-2.7872,1
-0.45619,3.5365,3
5.2544,-2.236,3
0.65549,-2.9668,1
-2.7223,1.4614,3
-1.7331,-3.2276,1
2.84,-0.13747,3
-3.8205,-0.81031,1
1.562,-0.71843,1
-1.3802,2.3927,3
-3.3596,1.6274,3
0.83967,-0.54739,1
2.4844,3.2859,3
1.9019,-3.0679,1
6.2626,1.5747,3
-3.0299,-2.2671,1
1.1307,-5.1744,1
1.5035,-2.4255,1
3.052,0.81699,3
2.9852,5.3769,3
-2.0187,1.58,3
2.569,-2.0985,2
3.38,-2.1433,1
-1.7351,-0.56947,1
0.14426,-1.1724,1
-2.1093,-1.9,3
-2.4687,-1.093,1
0.75347,-2.5838,1
0.11715,-3.4367,2
-0.040703,2.007,3
-2.4273,0.87366,1
-0.082689,-5.8508,1
0.099514,1.6021,2
2.6723,1.895,3
-2.1234,-0.98801,1
0.9257,1.0795,3
-0.52634,-2.2805,1
-0.14854,-0.97182,3
-0.78598,-1.1913,1
3.5191,-3.5929,3
-0.42309,0.57731,1
0.1934,-0.79043,3
4.3957,1.0636,2
1.2657,0.92771,3
3.2417,1.6866,3
-1.542,-1.8699,1
1.5995,-1.4588,1
-0.24141,-0.3575,3
0.94242,-3.1735,1
-0.010362,2.4582,2
-1.9449,-3.3294,1
2.7337,-0.25982,3
-0.099675,0.68854,1
-2.878,0.79507,2
3.0156,0.78524,2
-2.3768,1.2255,3
2.6327,1.5644,3
-1.2139,-0.83586,2
1.8674,0.95969,3
3.7949,3.1545,3
-0.43353,2.7049,3
-0.38336,0.17293,1
3.1802,3.5134,3
0.011022,-3.3158,3
3.8293,-0.069005,3
-2.6933,-1.0481,1
-1.1802,0.75395,1
5.7143,-1.1917,3
1.2149,1.1741,3
0.74005,2.6352,3
4.6821,3.4326,3
1.0357,1.0222,1
0.33576,0.13986,1
-0.27416,-5.1024,1
0.93704,-2.046,3
-4.7907,-7.686,1
1.5633,-4.62,3
-4.12,2.8415,2
1.9771,-0.82359,3
5.2147,3.6663,3
-0.74462,-0.84862,1
-0.0010558,0.95061,3
2.7556,0.98267,3
-5.0892,-0.34706,1
5.1818,4.6818,3
-0.10229,-0.55915,3
-4.8422,2.6251,3
-1.6503,-2.5993,1
4.3179,2.0946,3
2.1912,4.6543,3
3.7284,1.7981,3
-5.8535,1.3812,3
-1.0129,-1.3728,1
-1.2542,-2.1193,1
-0.91993,3.5087,3
2.0038,1.0574,1
-3.1925,-0.40546,1
3.0663,2.2425,2
-2.2538,0.51525,3
-1.3714,0.87315,3
-0.55767,0.71111,3
2.2412,-3.3446,2
1.7886,1.0882,3
1.4149,3.1761,3
-2.4853,-0.90607,1
-1.6309,0.43507,1
-0.75722,-2.6467,1
8.4213,3.8749,3
-3.1074,0.25979,1
0.51077,-2.0337,3
2.083,2.6852,3
0.009232,-1.5823,3
2.5589,1.995,3
-0.7937,-0.47497,3
1.4199,-4.0203,1
0.89232,-3.0464,1
3.035,2.5125,3
-2.3472,-0.70786,1
-0.82628,-0.053763,1
0.46852,-2.3628,1
0.85465,2.7804,3
2.1391,-1.1932,3
0.10207,-7.6259,1
4.5376,0.76778,3
0.74192,-2.5021,1
0.44514,0.33252,3
-2.18,-2.8666,1
0.89562,2.4049,1
-4.0276,0.82981,1
-2.5145,1.7348,1
1.4805,0.13633,3
-0.33107,-3.7788,1
0.54458,0.64171,3
-1.919,3.1369,2
-1.6655,3.3711,1
-0.98147,-1.1135,2
0.51952,-0.1525,1
1.0898,0.30503,2
-0.68377,-3.4988,3
1.0117,-3.0467,2
2.9964,1.5254,3
0.84058,0.73683,1
0.29379,0.019341,3
-1.6155,-1.3933,3
1.1829,-1.0825,1
0.19819,-0.51921,2
-0.080383,0.88162,3
-3.8869,-0.58672,1
1.3985,-2.3413,3
-3.4612,-1.9779,3
5.4473,3.4329,3
2.1285,-2.1756,3
1.1074,-0.50673,3
1.6099,-3.5755,3
2.2963,0.39358,3
0.23051,-5.6712,1
-0.16481,0.56639,1
-1.2589,0.52305,2
0.08461,-4.8428,1
0.41667,-3.6687,1
1.9757,0.31893,1
-0.36883,-3.4847,1
-1.1502,0.90437,1
4.0221,3.655,3
-4.4363,1.4031,1
2.1558,-2.8508,3
-4.1656,-5.7772,1
1.1398,1.5017,3
-0.84107,-0.109,3
-2.937,-1.0989,1
0.96969,-0.65697,1
0.57215,-0.57393,1
-1.0781,0.66894,3
2.7432,-1.8604,3
-3.0064,-1.3938,1
2.2364,4.8299,3
2.4792,6.9167,2
1.7749,2.0532,2
2.5174,0.22167,2
-5.6059,-0.37668,1
-1.7073,-0.2934,2
-0.51526,0.095678,1
1.3941,2.4664,1
4.9687,3.2821,3
-2.3428,-1.6939,1
