3.7323,7.8872,3
6.3211,4.7323,3
3.7711,9.5815,3
4.8586,6.0572,3
4.4463,2.7965,3
6.1607,9.9377,3
5.0666,5.8402,3
5.2216,5.8322,3
5.3029,7.3043,3
5.8866,4.4043,3
6.9548,4.0936,3
-5.4544,-3.6335,1
7.438,4.8499,3
8.2945,6.4517,3
2.731,6.8368,3
2.9118,1.6117,3
8.1852,8.555,3
12.143,4.8943,3
1.8741,1.0953,3
3.6278,7.6845,3
7.8064,4.4871,3
3.6642,0.26183,3
5.4888,5.4834,3
3.2708,6.0023,3
2.2287,4.8732,3
1.9006,9.4803,3
1.3328,3.7656,3
4.0503,7.5611,3
9.1209,5.8909,3
7.0088,8.9279,3
5.1241,3.9275,3
2.2432,3.7206,3
2.9631,5.054,3
10.672,10.328,3
7.5685,6.463,3
3.9727,3.4169,3
0.010395,-0.78685,2
5.1476,4.8763,3
3.653,6.09,3
5.7113,2.3239,3
-2.3118,-3.5047,2
4.9473,8.1797,3
2.6878,5.79,3
-1.2011,-3.3006,2
2.7297,10.123,3
-0.48944,3.0059,3
5.1611,6.3326,3
5.7297,4.2467,3
4.3877,7.8245,3
2.1213,7.8008,3
5.3986,-0.44582,3
3.7402,2.967,3
7.0758,1.394,3
5.5247,8.3817,3
6.493,5.1449,3
8.721,1.2347,3
5.718,8.559,3
7.2882,1.2032,3
2.5696,5.9968,3
5.4863,1.8009,3
8.397,8.0015,3
-1.3769,-1.6539,2
-1.5491,-3.1379,2
7.5046,8.0888,3
2.589,2.5891,3
3.2407,0.96363,3
5.9762,4.0807,3
5.7675,6.0257,3
5.811,7.318,3
2.2798,4.6614,3
-8.6201,-6.6063,1
0.531,2.4655,2
0.49699,1.1976,2
0.41915,2.8507,3
8.8653,5.3085,3
8.6465,7.1016,3
3.5718,3.5183,3
4.7939,4.1632,3
8.902,10.234,3
3.3625,4.9323,3
2.3694,7.3134,3
6.0211,1.5123,3
4.4309,4.4927,3
4.9287,4.3485,3
-5.3888,-2.329,1
4.3397,6.9671,3
-0.33579,-0.61501,2
4.7259,3.9674,3
9.6329,8.555,3
9.0837,9.7564,3
0.69212,7.1797,3
4.5263,4.238,3
3.3139,1.121,3
2.9141,6.0154,3
8.1355,8.2825,3
7.0611,6.9758,3
0.54971,0.85402,3
8.2969,2.7944,3
6.332,8.2833,3
0.7195,2.486,3
-2.7425,-6.4055,1
7.8641,4.331,3
2.6367,5.4604,3
0.3373,1.4199,2
5.0148,6.014,3
-5.7832,-2.3115,1
0.38433,4.7056,3
7.3562,1.8072,3
2.9166,6.3736,3
3.5138,6.8312,3
7.9498,5.3191,3
3.2986,6.5324,3
6.2515,5.8133,3
-0.18908,-1.5354,2
1.8318,1.2555,2
4.0779,8.2676,3
7.4858,6.2427,3
0.30668,6.1125,3
3.8935,7.2111,3
-1.0841,-1.6246,2
0.58126,3.9205,3
5.424,3.3979,3
4.4707,2.1496,3
1.3742,0.7341,3
2.7669,5.3311,3
8.5012,3.1546,3
3.4914,4.212,3
2.6661,3.428,3
5.527,5.6484,3
-4.1914,-2.8225,1
2.632,5.3266,3
4.0441,4.673,3
10.702,7.9275,3
7.0013,5.3664,3
3.0982,4.4111,3
-1.3559,1.368,2
-2.7464,-2.9381,1
7.2808,5.3962,3
4.8854,3.9487,3
10.135,5.1175,3
3.1278,3.8173,3
2.4343,2.6326,3
3.7893,1.5807,3
-7.3817,-5.6952,1
8.9319,4.5109,3
7.8769,5.8147,3
5.5482,3.275,3
-0.31195,3.9132,3
4.8562,5.2859,3
1.7933,4.5339,3
-2.6373,-4.3232,1
3.6208,7.2527,3
3.5802,5.0719,3
3.6125,6.6931,3
4.7273,6.8142,3
10.682,3.0697,3
8.5022,5.0396,3
5.1322,8.0975,3
4.4392,5.2037,3
5.672,8.299,3
5.5029,8.3978,3
4.0902,3.8979,3
3.6888,5.0594,3
7.4836,7.3846,3
6.036,-2.0491,2
-0.24501,4.0691,3
-8.2713,-6.9523,1
4.468,7.3783,3
5.3466,1.5416,3
6.3999,3.2855,3
0.64746,4.1475,3
4.3069,4.5513,3
3.7555,2.7291,3
-0.2655,0.40444,2
6.3481,4.1245,3
5.0602,4.8855,3
6.2762,6.7156,3
6.3022,4.8176,3
3.6918,7.9624,3
2.4517,2.0713,3
3.8403,8.6886,3
5.5801,7.4215,3
6.8075,3.2943,3
1.378,4.4388,3
6.8895,0.7417,3
1.2547,-0.92391,3
9.1676,8.3827,3
-2.0728,2.1378,3
1.1467,3.1977,3
8.1434,5.0662,3
5.8574,7.1931,3
11.795,5.5241,3
-0.3912,4.1757,3
6.625,2.3353,3
3.9238,4.8937,3
5.2604,7.2364,3
-0.15758,0.12648,2
2.7902,4.949,3
6.0635,4.3638,3
3.4,7.0086,3
4.67,7.1962,3
2.0564,-2,2
7.7656,2.1088,3
3.953,6.4855,3
0.83173,1.5638,3
3.7952,4.5517,3
8.7364,5.0615,3
5.5429,3.462,3
-2.6599,-3.194,1
5.8424,4.6216,3
6.7478,3.5135,3
0.45524,4.4441,3
7.5221,2.7361,3
4.6292,6.1463,3
2.828,4.5176,3
6.1599,2.9429,3
1.1963,3.2595,3
3.2448,3.4983,3
5.8308,8.7501,3
9.6935,4.6945,3
2.2258,6.8055,3
3.1146,5.1806,3
6.6478,3.4232,3
4.0379,6.8838,3
4.9913,4.078,3
7.1374,6.97,3
7.3728,4.0374,3
4.7245,7.2595,3
4.6678,2.3191,3
-0.50524,0.14369,2
3.1008,3.5519,3
-8.5832,-4.0372,1
3.9447,6.5745,3
7.972,5.6051,3
1.3438,3.4236,3
6.0601,4.4808,3
6.8355,7.3089,3
-4.3295,-6.4896,1
5.3254,5.7694,3
-2.262,-4.3123,1
6.2963,2.2504,3
6.9816,7.1314,3
4.4314,5.992,3
-0.93567,2.9868,2
3.9507,5.7718,3
8.9344,4.0454,3
8.4001,6.1392,3
6.9419,9.8148,3
5.2234,4.7259,3
-1.3582,-1.584,2
5.9515,7.4062,3
6.5965,8.6259,3
5.8288,7.6821,3
2.8116,0.4713,2
7.3358,6.0976,3
5.9157,9.6327,3
8.4399,2.4918,3
12.583,3.581,3
4.0685,5.5544,3
-2.8053,-1.2563,2
12.444,5.0405,3
7.1816,9.2368,3
4.2026,4.8809,3
3.126,4.2531,3
1.5103,1.8173,3
6.7994,7.8039,3
1.6937,-0.002863,2
5.3904,7.1061,3
6.666,3.7562,3
5.7308,3.809,3
2.9056,4.7945,3
6.1998,5.3866,3
2.3451,5.6809,3
5.0142,0.47866,3
-0.16251,1.8273,2
7.1658,-0.22927,3
8.2661,4.0731,3
2.3192,5.7789,3
-0.05979,1.8092,2
6.1318,2.3526,3
1.5724,-3.5761,2
4.8463,8.8902,3
2.352,3.0334,3
4.5323,5.1455,3
2.6747,6.3209,3
-3.9907,-1.0159,2
-2.8351,0.90806,2
6.8186,3.5664,3
6.081,7.0804,3
-0.19153,-2.6888,1
4.7765,1.4256,3
2.3856,4.9409,3
6.9423,5.0305,3
6.263,9.1017,3
5.8757,6.2286,3
7.5082,6.3795,3
8.1205,7.3637,3
7.0285,3.3002,3
6.3433,4.5763,3
-6.938,-8.9134,1
7.1678,5.0006,3
4.3512,1.9177,3
5.0036,4.0243,3
9.4099,6.6464,3
3.3137,9.0823,3
4.9976,6.124,3
4.3798,6.6467,3
2.5939,4.6199,3
4.2048,3.7082,3
5.7475,5.5827,3
1.0068,3.6826,2
5.004,4.6271,3
5.1562,6.5734,3
6.5799,5.3739,3
1.4518,-0.80552,3
2.6714,6.9244,3
0.52887,6.3076,3
4.3722,2.6376,3
4.0885,6.749,3
4.8115,9.0188,3
6.4131,5.4036,3
2.4092,3.9103,3
6.5922,5.6978,3
8.4683,4.4235,3
3.2496,2.3822,3
6.7476,6.2127,3
-5.5438,-6.6211,1
0.29697,-1.8962,2
0.059799,0.11644,3
5.6429,5.2408,3
6.3004,2.9458,3
10.001,8.4416,3
7.4334,3.6473,3
2.7902,2.6747,3
-5.016,-4.2779,1
6.8807,3.7768,3
4.4887,4.4452,3
-1.3923,1.6447,2
-1.6507,-2.2728,2
1.6053,0.17277,3
1.125,2.1192,3
1.0979,3.3724,2
-1.9636,-0.27284,2
1.0069,2.5466,3
3.0275,3.8193,3
5.7365,4.9475,3
6.7285,1.9484,3
7.552,1.9404,3
2.7194,6.1348,3
6.3662,2.0684,3
0.15939,3.6354,3
3.0931,6.3746,3
8.6491,2.6194,3
4.7662,5.6741,3
4.2011,2.8593,3
-4.1184,-5.8963,1
-4.6486,-3.1866,1
4.4099,4.9222,3
4.4592,4.1816,3
6.1919,7.7277,3
4.8052,0.38183,3
0.88364,3.0815,2
5.4656,6.8545,3
6.9932,6.5898,3
8.0118,3.878,3
6.9058,2.1094,3
-4.6425,-5.1439,2
1.038,-0.76133,2
4.179,1.5231,3
-0.16957,0.10819,2
2.0289,4.4212,3
11.498,7.3988,3
1.0037,-1.0419,2
3.783,6.2742,3
4.3469,3.9328,3
6.9063,3.7585,3
1.9053,6.6614,3
2.9141,3.9185,3
6.0202,7.6485,3
5.3501,3.7777,3
5.5159,4.7781,3
9.3956,6.6994,3
2.1822,-0.82818,3
3.3146,2.0041,3
6.8049,4.3144,3
2.8685,3.5915,3
3.1873,4.5044,3
5.4499,6.3367,3
7.1372,6.2091,3
8.8969,4.7539,3
0.98895,6.0455,3
0.51478,5.3997,3
5.3254,6.8326,3
4.0484,8.1593,3
3.4435,5.4874,3
6.2505,7.9397,3
-0.61949,2.417,2
6.3134,2.2563,3
5.7796,10.575,3
5.2616,3.3755,3
2.9353,2.9564,3
4.3422,11.327,3
8.221,7.7487,3
2.6584,5.8898,3
5.9041,8.5794,3
3.1056,9.3708,3
2.9608,5.5226,3
4.8401,4.0031,3
5.4459,10.54,3
7.7857,4.561,3
3.8673,2.6913,3
-3.8973,-3.2665,1
1.8151,2.1691,3
5.9586,5.9875,3
5.5437,4.9717,3
5.7954,2.714,3
1.3886,7.4372,3
5.4411,3.3054,3
-1.6903,-0.13342,2
6.7854,4.9828,3
3.7869,5.4394,3
2.6972,0.42611,2
-0.2659,1.7024,2
6.7795,6.7493,3
4.0045,2.855,3
8.9233,3.4925,3
7.7564,3.5321,3
2.4324,7.8458,3
-1.8321,-1.3284,2
-0.4836,1.0516,2
6.2195,9.6208,3
8.8437,10.473,3
6.6588,3.2979,3
0.11006,4.03,3
1.9221,8.8017,3
-3.8455,-3.2658,1
5.2717,8.0445,3
0.51658,3.9289,3
3.0382,6.739,3
4.2405,4.9984,3
4.5089,0.90093,3
7.1783,3.8141,3
3.0537,5.5393,3
2.2408,6.6055,3
6.5173,6.7676,3
4.1121,7.8425,3
-0.10614,7.2603,3
3.4656,5.6167,3
3.3859,8.1212,3
7.8485,3.8285,3
2.9754,2.5384,2
1.8671,-0.62337,3
6.0023,2.7589,3
6.5948,9.1807,3
6.4083,4.7052,3
3.1231,7.379,3
6.0852,7.2836,3
6.246,8.9738,3
5.7686,5.5837,3
4.018,6.6089,3
0.58473,0.18208,2
3.4619,2.3753,3
1.8595,8.7797,3
-0.052488,0.41519,2
2.2492,6.9254,3
-1.3219,0.060628,2
2.1443,5.31,3
3.1371,5.9785,3
3.0628,3.9916,3
0.3819,1.7748,2
4.9811,4.7329,3
3.4937,-0.15068,2
5.4306,5.6641,3
4.189,1.2979,3
3.6532,5.7226,3
8.9834,4.5727,3
6.2826,7.6402,3
-3.6999,1.6695,2
0.71224,-1.6612,2
7.7203,3.3712,3
3.1575,4.9753,3
4.2619,8.1801,3
5.7465,11.052,3
2.0227,8.2585,3
2.8653,2.2192,3
4.4756,5.566,3
2.8361,1.1688,3
3.5775,4.634,3
3.357,4.329,3
4.6466,7.988,3
6.4506,3.0058,3
6.0229,7.511,3
3.544,6.603,3
7.3498,3.3025,3
2.1053,1.8014,3
6.7752,6.5032,3
9.1287,6.3694,3
3.9356,1.7996,3
8.852,6.3826,3
4.1564,5.3753,3
5.5584,3.8261,3
7.0846,7.5772,3
-1.164,-1.8502,2
6.8964,4.7602,3
5.1175,5.5012,3
7.5276,4.3198,3
4.2677,5.7261,3
7.7432,0.35383,3
5.2039,4.4105,3
4.6512,4.0516,3
4.9111,5.763,3
3.7676,2.9827,3
4.925,1.0145,2
8.7645,5.7389,3
-1.2536,-2.4301,1
7.2492,3.3214,3
-6.0228,-4.0209,1
6.6997,4.8869,3
-5.129,-6.6722,1
-3.5379,-0.93288,2
6.5618,4.7999,3
5.1826,5.7468,3
3.9946,2.6006,3
7.186,6.6213,3
5.0877,6.8998,3
5.9163,7.6483,3
5.8437,5.9733,3
4.3988,0.85802,3
5.9169,4.6532,3
5.8466,2.2834,3
5.7962,7.7165,3
-0.32738,7.217,3
4.1356,4.8142,3
5.7163,2.0951,3
3.3454,8.144,3
2.3828,1.1792,2
3.2671,1.9209,3
-3.1371,1.5284,2
4.4574,4.7777,3
-3.1455,-3.1245,2
-0.17638,4.3765,3
2.722,5.7863,3
4.2946,7.8703,3
9.3077,3.9174,3
5.2629,2.862,3
0.93093,1.2762,2
3.4273,5.7762,3
5.6704,6.8657,3
7.2739,3.4196,3
4.287,3.7598,3
5.223,8.5696,3
3.6872,4.471,3
7.0005,5.3024,3
-2.5575,-2.0047,2
3.0199,3.5765,3
3.6887,5.3309,3
-0.52433,1.3732,2
1.1458,2.2138,2
4.5483,6.5706,3
6.9368,8.9043,3
7.0323,5.9888,3
5.435,1.9345,3
10.202,4.4911,3
5.5535,3.2862,3
4.9379,3.606,3
6.8042,9.7455,3
1.6081,4.0173,3
4.6267,6.7588,3
9.6084,6.8543,3
3.4317,1.3203,3
-0.1525,1.4334,2
2.4486,6.5258,3
2.0757,4.6435,3
3.5493,3.8282,2
5.3782,5.4182,3
6.2964,7.1568,3
9.3386,10.972,3
3.8108,7.9142,3
8.3331,6.0537,3
2.0137,7.2008,3
7.0358,4.4535,3
-6.6796,-7.2533,1
5.8739,0.11396,3
1.7243,4.68,3
4.0589,7.373,3
4.9636,4.0399,3
5.9389,4.7598,3
4.5325,0.38959,3
-2.0482,-0.64074,2
-1.9015,-2.7775,2
8.2847,5.2624,3
6.9812,6.8149,3
-5.2325,-0.96586,1
3.0951,7.5942,3
6.1579,8.2248,3
7.0568,3.1861,3
5.6185,3.228,3
0.62057,0.81556,3
7.5125,7.7324,3
2.9439,2.4522,3
4.5021,6.3162,3
5.6067,4.1387,3
8.9848,6.7205,3
6.8173,9.4218,3
11.691,7.4948,3
6.181,5.3104,3
5.6383,5.7938,3
5.1765,6.9716,3
2.9325,6.3819,3
2.8552,2.1574,3
4.9922,2.7955,3
3.1265,3.3486,3
8.2758,-0.21042,3
2.9059,1.2183,2
-6.2942,-5.7446,1
7.4867,6.7464,3
3.7886,3.158,3
-3.2469,2.4821,2
6.0705,5.1563,3
1.2727,1.4296,2
7.2931,8.3679,3
2.8098,6.2088,3
2.1873,3.1396,3
3.8128,5.1858,3
6.0098,3.4949,3
2.7936,4.3368,3
6.2472,7.8516,3
6.952,7.512,3
4.5805,8.6896,3
5.723,6.2454,3
6.5303,7.6533,3
5.0995,2.5985,3
8.2943,10.345,3
2.1482,6.24,3
10.36,8.2609,3
4.7026,8.0527,3
7.1099,7.519,3
5.7827,5.3776,3
0.53013,2.9771,3
3.1745,9.3599,3
6.07,3.8925,3
-5.4784,-2.1115,1
2.604,4.0057,3
2.1167,0.95481,2
5.6578,4.2862,3
5.9272,1.6283,3
5.807,7.1245,3
3.8566,5.0029,3
5.5205,3.7597,3
3.1586,8.0676,3
3.7897,4.9375,3
2.3354,3.9942,3
5.3763,4.4596,3
6.8486,5.0446,3
-1.5242,-1.5888,2
3.3882,1.02,3
6.9427,3.9805,3
5.591,8.8609,3
2.1485,4.5779,3
7.6781,6.7372,3
0.1231,5.5697,3
4.987,3.0551,3
7.9434,8.0546,3
4.3093,5.9048,3
1.32,1.9918,3
-4.7465,-7.7935,1
1.4021,-0.048982,3
4.4434,4.6936,3
1.358,3.7779,3
6.9344,5.2314,3
-3.8394,-1.3876,1
2.2211,2.7299,3
2.4213,4.2798,3
4.2308,2.0607,3
4.3112,2.4407,3
4.0247,5.7848,3
2.92,5.8034,3
6.0772,5.3732,3
3.0592,6.4853,3
3.6242,6.2722,3
6.618,6.2303,3
4.4755,2.4284,3
2.9487,1.8292,3
7.0465,5.1014,3
4.6408,3.9328,3
5.5003,1.6318,3
3.3213,4.6446,3
-5.4662,-4.4592,1
2.9945,1.3407,3
1.8553,4.2148,3
3.4197,4.9447,3
6.431,8.1982,3
-6.0202,-4.8559,1
-1.074,1.0749,2
3.0326,4.576,3
2.8009,10.809,3
4.9132,6.3799,3
6.3697,6.0478,3
6.0536,7.1475,3
4.9843,7.2492,3
4.1769,11.942,3
3.7561,9.1248,3
4.6935,6.0658,3
3.6565,4.4758,3
-6.2466,-1.5399,1
0.11459,-0.337,2
0.91914,1.7101,3
-2.9149,-6.0203,1
4.5581,3.3048,3
3.2176,1.7007,2
6.6193,7.4665,3
6.3169,7.8731,3
5.1677,4.1034,2
11.526,4.7377,3
1.5371,5.4144,3
1.3722,2.4888,2
5.3427,4.6938,3
2.5815,8.1222,3
8.587,4.676,3
2.7145,7.0751,3
0.8084,3.4671,3
3.306,5.7349,3
7.7778,4.0357,3
3.5745,7.7829,3
5.9195,3.599,3
6.0498,2.9275,3
4.7708,8.1337,3
6.954,8.7899,3
4.6381,6.803,3
1.0681,2.562,3
4.5778,4.6802,3
3.7029,5.2389,3
2.0099,-0.6071,3
3.6906,7.3578,3
1.7369,2.1856,2
3.5962,4.5197,3
5.9093,8.3806,3
1.7529,2.4793,3
3.9131,3.1608,3
1.708,5.0572,3
4.8601,8.353,3
0.81469,7.8871,3
1.322,-0.28904,2
7.0299,4.7504,3
4.5379,4.6588,3
-5.7193,-3.571,1
1.4394,6.1575,3
7.4639,6.0955,3
4.4092,0.56885,3
5.6944,2.9612,3
-2.0155,-5.9509,2
5.1145,4.4079,3
6.8469,1.8555,3
-3.4205,-10.654,1
9.5255,4.261,3
4.1917,8.6949,3
4.259,7.8412,3
-2.51,-4.1075,1
2.3134,-4.1845,2
4.8156,3.0993,3
5.577,6.3114,3
3.4913,8.7886,3
-5.2867,-6.4927,1
1.905,5.3225,3
5.0291,7.8888,3
8.7208,6.2349,3
6.8416,4.5391,3
7.8087,2.4495,3
-1.4258,2.116,2
4.0884,6.6587,3
6.0564,7.4234,3
4.9581,3.3788,3
5.3111,4.4426,3
3.7065,7.2814,3
4.6558,4.3056,3
3.2752,6.2823,3
9.5978,6.3412,3
-0.78974,5.4874,3
3.0555,3.4689,3
0.0027012,5.4577,3
2.2636,3.8272,3
4.8998,6.8316,3
8.6544,3.8194,3
4.6102,4.7271,3
2.5931,3.7674,3
5.911,3.4919,3
4.3188,3.307,3
0.80989,0.56359,3
-1.7799,7.3945,3
6.1679,4.1115,3
6.6903,2.5137,3
7.3406,7.8218,3
-0.15468,1.2127,2
-4.0303,-4.5676,1
3.9336,4.2918,3
4.3984,6.288,3
5.1399,3.2048,3
7.8311,5.9155,3
-4.2717,-6.1738,1
6.6885,10.518,3
4.646,3.7958,3
7.3431,4.513,3
5.5152,4.9819,3
-0.98016,2.1579,2
7.0128,2.8744,3
5.4954,7.2813,3
6.0252,5.8785,3
2.8027,7.972,3
3.425,5.8874,3
5.8776,5.3475,3
5.7279,5.0926,3
6.0244,4.1142,3
4.2951,6.2341,3
2.8731,6.3882,3
5.1688,7.4369,3
3.9488,5.6878,3
3.7206,4.9188,3
5.5329,9.8895,3
8.1527,2.8342,3
-1.8122,-6.2909,1
5.996,9.5834,3
1.4664,6.9602,3
2.2385,1.2017,3
-0.4999,-0.60116,2
-5.849,-4.6078,1
2.11,5.3933,3
4.5814,1.9947,3
3.6814,3.2306,3
1.66,3.8057,3
3.2355,4.7154,3
7.8006,6.0073,3
5.9219,10.019,3
4.2408,6.1995,3
2.2319,5.2546,3
5.3598,4.3156,3
3.8383,-0.0041,2
7.5503,4.3886,3
3.6354,6.2916,3
6.6535,3.6037,3
2.4871,6.018,3
5.3408,6.1092,3
4.7154,4.8931,3
-0.94815,-3.1738,2
5.3747,6.7084,3
-5.0686,-5.1317,2
4.4396,3.6915,3
-3.3142,-7.9375,1
6.5023,9.1599,3
7.88,5.0944,3
9.3951,8.8185,3
2.0539,1.3163,3
4.7346,5.4544,3
10.308,4.3377,3
4.2399,2.8991,3
3.6733,1.763,3
6.22,3.5179,3
11.234,6.9544,3
6.5393,4.5052,3
3.0844,5.7592,3
6.1299,5.8548,3
1.7737,3.4926,3
9.3033,4.8349,3
7.3452,5.4006,3
2.9675,2.4847,2
7.253,2.145,3
4.5508,5.7903,3
6.3512,7.8588,3
3.7696,7.4547,3
3.8384,3.6818,3
2.446,6.066,3
9.7829,9.2598,3
2.9913,4.322,3
7.1294,4.4962,3
1.6835,-0.12706,2
4.6214,5.6808,3
2.496,-0.5625,2
5.1251,6.0114,3
4.8502,3.1884,3
1.6588,1.2219,2
2.2387,4.8585,3
2.6684,4.7472,3
6.9661,7.9941,3
7.1495,6.7262,3
0.38926,4.3122,3
2.3691,7.0163,3
8.4913,8.7508,3
-4.8775,-3.1496,1
-3.5717,-2.3083,2
7.871,-0.92645,3
8.9713,6.5026,3
-6.4436,-6.6036,1
5.1333,2.7703,3
7.5486,7.0899,3
-0.66586,0.10835,2
-5.0179,-1.1302,1
3.402,4.1358,3
1.5967,0.39217,3
6.17,3.184,3
3.7449,0.20527,3
1.7048,2.5682,2
10.667,6.9175,3
3.277,5.4114,3
6.882,6.3723,3
-3.5653,-5.3293,1
4.6138,5.4137,3
3.4424,4.6219,3
4.4476,3.6206,3
-8.1494,-8.9654,1
3.8262,6.6392,3
-9.5374,-4.5695,1
3.762,7.5392,3
4.5451,2.5077,3
10.963,3.7999,3
5.5024,6.8642,3
6.6002,4.5826,3
7.8203,8.6396,3
3.1823,2.047,3
6.0394,5.7055,3
4.0123,5.1936,3
7.7111,6.5599,3
8.3834,7.7374,3
6.2477,2.2673,3
6.4837,6.2844,3
4.8309,3.1624,3
5.1807,6.5061,3
5.9057,2.2674,3
3.6076,3.4828,3
6.7513,3.9234,3
0.20575,0.013446,2
6.8056,7.3062,3
4.4336,3.5689,3
7.0578,0.88771,3
5.8808,4.3623,3
-5.4262,-8.738,1
5.4442,8.6796,3
-3.353,0.79696,2
-1.8116,-4.8869,1
4.3104,5.9552,3
5.9872,9.2464,3
2.1333,0.95525,3
4.7742,7.9091,3
5.0995,1.3275,3
4.4186,5.8256,3
5.614,3.0735,3
5.4583,7.6314,3
2.1988,6.6326,3
6.8174,9.5391,3
2.8744,9.3563,3
6.6141,5.3027,3
4.8376,2.5691,3
5.9193,4.3751,3
4.5983,6.0381,3
1.3787,3.0139,2
4.9322,4.7722,3
3.7416,3.4393,3
9.0813,3.1755,3
-6.5583,-1.0263,2
7.2571,6.8087,3
3.0014,-2.0904,3
6.0739,6.2063,3
1.5844,3.8358,3
3.6873,5.3567,3
2.6622,3.4933,3
6.3726,6.462,3
4.1074,2.6212,3
7.7219,6.7934,3
-6.943,-6.7431,1
7.993,5.9765,3
4.4027,0.9545,2
4.343,4.8649,3
4.1022,5.2955,3
9.3181,4.1527,3
-2.6284,-6.3148,1
6.3299,7.0985,3
7.671,5.0725,3
0.66275,4.2026,3
4.6302,2.289,3
-5.207,-6.0938,1
-4.2707,-3.2428,1
0.12949,-0.80311,2
5.1783,6.2829,3
6.5695,6.5562,3
0.089153,0.31568,2
8.4773,1.3799,3
4.1275,5.9602,3
6.0292,6.4685,3
-4.1006,-2.3109,2
3.8347,-0.27857,3
3.3934,6.3486,3
4.5132,2.4597,3
3.9654,6.837,3
6.9378,3.6455,3
-7.8354,-7.4658,1
5.6666,4.2747,3
-2.3383,-7.1295,1
4.6533,7.0706,3
9.1644,4.2093,3
8.4109,9.1898,3
7.1026,5.6475,3
2.5046,4.6084,3
3.2967,5.0444,3
4.3005,6.4232,3
-5.2561,-2.529,1
7.5034,2.0744,3
-8.3748,-1.4692,2
0.39454,5.7189,3
5.1031,5.4881,3
-2.7934,-1.7401,2
-2.2534,1.5684,2
2.1184,5.6027,3
6.6592,6.9077,3
5.6846,7.0922,3
5.3413,3.1599,3
2.459,4.0609,3
5.1426,7.3181,3
3.6524,5.2826,3
2.9738,7.5567,3
-1.6852,-0.37361,2
4.3795,6.3642,3
4.7683,5.7233,3
-2.0112,-1.5814,1
9.7649,7.3874,3
3.6717,5.0287,3
-2.2197,-2.199,2
-3.1621,-6.2269,1
5.1848,5.4125,3
7.4256,0.70013,3
4.3425,2.3433,3
5.6931,0.35377,3
0.7814,-1.447,2
3.3495,4.3461,3
3.865,6.4086,3
6.1438,5.548,3
6.7134,7.389,3
0.32557,-1.4336,2
3.346,5.091,3
4.6563,6.5712,3
9.775,0.74238,3
4.6154,2.1471,3
5.486,0.33202,3
3.2803,-3.6006,2
4.8716,6.9213,3
4.8608,5.3543,3
2.9203,7.4706,3
-0.76394,-1.0619,2
6.1513,5.2843,3
1.8229,1.7145,2
4.1376,2.9714,3
6.8973,6.3519,3
-7.7987,-6.2877,1
1.8767,5.3278,3
7.8955,7.8261,3
4.1111,8.0007,3
2.5158,5.2956,3
5.7698,4.2667,3
6.5259,9.2244,3
-2.2785,-0.409,2
-5.8747,-3.8513,1
-5.2141,-4.2437,1
4.1116,7.0708,3
7.2391,6.3257,3
1.3735,6.8356,3
8.9218,3.888,3
6.3206,8.9464,3
7.2661,5.3273,3
4.7639,6.5204,3
8.0795,7.6537,3
10.085,4.2288,3
10.148,6.8489,3
4.0943,3.1001,3
5.8381,7.5647,3
-0.62755,5.4154,3
6.2895,1.7153,3
8.808,10.898,3
9.7375,8.9342,3
7.4614,4.2833,3
2.2376,-1.5387,3
5.4711,10.141,3
4.9176,6.3511,3
5.5547,7.4089,3
6.1545,1.9253,3
3.4264,8.1832,3
4.6483,5.6434,3
9.1092,7.1155,3
4.1509,4.2839,3
0.66964,9.1987,3
10.449,4.9945,3
5.6212,7.3869,3
4.7109,2.6507,3
6.7142,5.2723,3
5.5575,7.5233,3
-0.98108,-3.295,2
4.8645,6.2395,3
3.8517,3.7121,3
3.9548,1.6768,3
-0.35678,0.77344,2
3.9865,0.49806,3
9.8049,2.6778,3
7.5544,6.5956,3
6.4073,3.9205,3
5.4205,5.6414,3
8.2189,5.6367,3
2.6343,5.7952,3
10.187,4.8823,3
3.1855,1.2162,3
8.2705,9.4996,3
1.796,4.8086,3
3.8832,3.1074,3
3.215,0.16445,3
6.9749,4.5566,3
3.3297,2.5039,3
3.4026,6.722,3
10.67,6.2417,3
6.3718,5.2003,3
4.1131,5.288,3
10.053,6.2571,3
5.6157,1.2605,3
4.4499,0.88544,3
8.5431,10.486,3
2.9142,4.8672,3
8.3688,5.3876,3
5.3737,4.73,3
6.2903,3.4532,3
8.8961,4.4876,3
7.2295,6.2483,3
3.8873,4.6192,3
4.9574,4.5991,3
4.0901,1.1775,3
7.0329,5.8138,3
4.5893,7.9022,3
9.1607,8.2946,3
0.66181,1.4675,2
1.9777,4.9927,3
5.591,5.6999,3
6.4322,3.451,3
5.4425,3.9688,3
4.12,1.9445,3
7.9519,6.8967,3
4.4501,5.0905,3
5.7065,2.9651,3
5.6178,4.9659,3
5.1182,0.45251,3
5.6601,4.531,3
0.68272,3.9975,3
1.0493,2.3154,3
4.3693,2.2961,3
4.0357,2.3495,3
2.9464,8.6311,3
5.1355,7.8805,3
2.307,4.5559,3
7.4691,6.3365,3
6.295,1.5044,3
4.2526,3.7802,3
3.7588,2.6197,3
5.5414,7.646,3
8.2734,4.0143,3
-2.0505,3.2757,2
7.3897,5.0019,3
4.4646,5.2804,3
4.5862,2.3433,3
6.833,9.8962,3
2.3999,-2.5131,2
1.6794,7.2959,3
-3.8109,-4.6517,1
6.5521,6.0523,3
5.5419,4.4044,3
6.6835,3.2062,3
6.0092,7.1032,3
1.0333,5.209,3
6.9207,3.7931,3
5.8958,2.6637,3
-1.1425,-2.5253,2
9.4426,7.8379,3
7.3951,6.2051,3
7.5943,7.7549,3
6.3484,8.1673,3
2.8278,-1.126,2
3.9123,4.2731,3
5.9623,2.2775,3
5.3125,5.9807,3
5.6792,7.2775,3
4.6946,1.6084,3
5.655,2.8537,3
4.7642,1.5289,3
1.263,0.15419,2
6.8496,5.2704,3
2.7352,-0.95218,2
4.442,6.8912,3
0.020176,0.57395,2
3.7843,2.0073,3
8.152,1.7915,3
4.0171,2.5045,3
5.9597,3.7397,3
2.6978,6.2538,3
6.3617,2.1924,3
3.4873,-2.9139,3
2.2029,7.5712,3
3.8823,1.6226,3
7.5523,4.8309,3
-8.6224,-5.8891,1
6.3927,6.1138,3
2.828,4.391,3
7.5547,4.7735,3
0.73506,-3.2546,2
2.4418,1.2565,3
-6.8706,-4.7849,1
4.1703,8.0715,3
2.2717,2.76,3
2.2828,4.6855,3
5.4887,6.1079,3
4.618,2.461,3
0.94594,2.1816,3
5.5833,3.5951,3
3.4089,9.1158,3
6.5462,2.9621,3
3.8164,8.676,3
6.3574,6.2844,3
7.8426,5.6531,3
-1.0131,3.9055,2
3.4952,4.0907,3
-3.4766,3.0115,2
6.0117,7.3607,3
-5.4985,-2.8743,1
10.292,8.1742,3
10.111,6.4567,3
-4.2742,-5.9758,1
2.1198,6.6539,3
8.6824,6.2075,3
4.9144,3.8266,3
10.378,2.3908,3
10.073,5.5279,3
5.3092,4.7094,3
0.54232,7.4544,3
10.094,1.2559,3
3.7937,5.2727,3
3.4622,2.1388,3
5.2177,5.2493,3
3.345,5.1209,3
6.9169,5.2847,3
4.0789,2.1814,3
4.2319,1.2515,3
4.8325,2.9905,3
8.7795,8.1448,3
4.6595,2.4437,3
2.934,1.4637,3
6.8079,4.7589,3
0.45475,6.613,3
5.6185,5.161,3
-3.9798,-4.2602,1
-5.848,-2.6968,1
-1.5438,0.50358,2
7.7984,3.1824,3
1.817,5.2203,3
6.2168,5.8029,3
5.2758,-0.03772,3
6.8588,7.4251,3
3.368,6.035,3
7.5223,7.0726,3
3.8818,1.6562,3
6.367,6.1237,3
7.5465,6.3972,3
2.3359,2.2256,3
6.7987,2.2665,3
3.9446,6.8819,3
4.1755,3.105,3
1.1688,-1.8502,2
4.9203,1.2733,3
4.1773,8.5098,3
10.349,8.0313,3
7.0313,4.9584,3
4.3233,8.614,3
4.6784,4.0742,3
4.9758,0.4535,3
7.8257,8.1754,3
-0.81162,0.67889,3
6.8007,7.8017,3
2.0533,0.23813,3
1.8366,1.9549,3
6.9857,4.9369,3
3.288,1.7398,3
4.1904,3.9664,3
4.8596,6.5035,3
5.6533,6.5636,3
9.159,4.612,3
0.64183,4.1692,3
5.6864,4.795,3
6.0421,2.1931,3
3.275,2.0785,3
4.7632,4.1921,3
4.4728,5.4293,3
3.9,4.6832,3
5.1071,2.0529,3
10.406,9.5607,3
8.9201,6.1965,3
6.804,6.1884,3
2.768,3.2031,3
-1.2625,-0.10487,2
0.99082,-2.3307,2
7.6006,1.7252,3
1.7374,1.2152,2
11.104,6.8353,3
4.8252,3.415,3
3.5021,0.73123,2
4.7954,4.2564,3
5.2964,9.2285,3
5.3205,3.9165,3
3.1649,4.9606,3
-0.69429,-1.6191,2
5.4077,7.0033,3
9.9938,4.1451,3
7.688,5.1896,3
2.0119,1.618,2
-4.5176,-5.2326,1
4.7465,6.2826,3
6.0106,7.0213,3
1.2355,1.8335,2
4.7927,6.009,3
3.8789,3.0875,3
2.6163,5.3429,3
5.9348,3.674,3
-4.6872,-4.5681,1
4.0577,8.1382,3
2.2462,5.6704,3
7.7899,1.8657,3
6.561,7.6457,3
0.18195,0.44657,2
2.6701,7.6471,3
4.6382,7.4133,3
6.3333,3.0226,3
-4.0825,-7.0378,1
3.2447,2.1739,3
7.4472,4.3097,3
-3.5012,-0.75445,2
4.853,6.5707,3
-5.4344,-5.5631,1
7.6289,3.2049,3
5.4036,3.8423,3
6.149,2.3591,3
7.7159,2.9496,3
0.66463,0.55054,2
5.9473,5.1252,3
9.4688,5.0384,3
0.26485,6.0953,3
7.0301,5.6053,3
2.8407,2.6571,3
2.0843,6.9364,3
5.1491,11.687,3
6.5335,3.9798,3
3.5539,2.9172,3
-0.24074,3.6501,2
-2.657,-4.878,1
-4.1066,-2.8833,1
2.9921,5.3794,3
3.8308,4.4248,3
1.3761,7.1793,3
8.1381,3.1362,3
1.4756,2.9616,2
-2.0829,-3.8123,1
5.2495,5.4464,3
3.2094,4.4281,3
1.2462,-0.76958,2
4.4377,6.9844,3
4.8442,5.6301,3
8.7991,5.7983,3
4.6262,-1.1628,3
5.2138,3.7751,3
6.0688,2.5882,3
2.3264,4.0246,3
0.040475,1.2055,3
9.1554,5.1135,3
4.9283,4.9527,3
6.5694,5.745,3
8.0381,2.2222,3
0.91693,-4.1645,2
7.7258,3.3443,3
3.3119,4.1805,3
4.9632,10.323,3
-7.3906,-8.4114,1
3.5882,2.5291,3
2.2873,5.5674,3
3.4016,3.3398,3
7.8984,3.692,3
3.8345,3.0974,3
7.3767,5.8416,3
7.0594,4.5513,3
0.91888,2.8624,3
7.1132,4.508,3
-1.933,1.5138,2
4.8591,4.9446,3
7.8752,6.5589,3
5.1261,5.9421,3
8.3191,3.9732,3
6.7247,7.9472,3
5.7353,5.559,3
-1.8341,-2.4373,2
6.7785,2.3424,3
3.3672,2.0397,3
7.57,4.1353,3
4.5688,7.5959,3
5.5302,9.8486,3
-6.0384,-7.7749,1
8.0718,4.2546,3
3.4055,1.7796,3
6.331,5.0292,3
-0.38365,1.5512,2
5.3706,1.0887,3
5.655,5.4172,3
7.7315,2.0927,3
7.725,2.5938,3
4.39,3.7938,3
4.9527,3.6123,3
8.9006,3.3621,3
3.3191,3.581,3
6.109,9.4148,3
-1.1205,1.666,2
3.8328,2.7273,3
-1.0607,8.5714,3
6.1681,4.9724,3
6.8634,9.2634,3
5.4278,0.44536,3
5.4468,5.6957,3
0.32036,6.0915,3
1.0683,3.5245,3
4.3541,1.5332,3
3.593,6.261,3
4.6545,5.6208,3
3.71,3.8255,3
5.2419,3.3499,3
0.29744,2.0848,2
7.7305,6.2072,3
5.5316,7.4521,3
2.3316,-0.10042,3
-4.5815,-4.7151,1
1.03,4.9575,3
1.4192,8.2827,3
4.3034,3.8355,3
2.5815,4.3755,3
4.35,3.1056,3
-2.4087,-1.9873,2
2.8274,2.5069,3
1.2332,8.94,3
-1.4156,-0.96742,2
4.3476,1.056,3
-3.8627,2.3097,2
2.3071,5.2922,3
4.3155,6.1232,3
6.1997,4.6522,3
4.3718,6.781,3
-2.1104,4.6384,2
7.6487,8.1233,3
5.0884,9.3325,3
-0.081165,5.5606,3
0.89689,-1.4052,2
6.9364,5.1341,3
7.9588,5.2095,3
5.1069,1.7226,3
6.2163,6.1976,3
3.5645,-2.949,2
5.5305,9.5633,3
4.2279,6.782,3
3.0091,6.6272,3
6.1319,5.9604,3
5.3115,6.8164,3
4.3093,4.0638,3
6.487,7.2544,3
7.2137,10.249,3
5.2589,8.122,3
3.6886,7.1783,3
-6.2496,-5.1493,1
0.92894,4.5453,3
-6.6322,-0.30631,2
5.2602,7.886,3
-0.68094,-1.476,1
3.4978,6.6288,3
5.1409,8.2854,3
2.1344,5.9879,3
3.7336,5.1783,3
8.97,5.0172,3
3.7279,6.1998,3
5.5452,3.0035,3
2.329,5.8378,3
5.5711,5.333,3
-2.7019,-5.283,2
9.0572,3.8459,3
3.2585,-2.2001,2
7.6652,3.6778,3
5.1196,10.043,3
7.1451,5.5555,3
5.6354,4.1531,3
5.0183,5.5694,3
9.9636,3.2313,3
2.8629,3.8397,3
-0.36149,-0.25384,2
6.7572,4.9329,3
5.7072,4.5016,3
5.8041,7.0081,3
6.922,6.7836,3
1.813,3.1363,3
7.2622,4.3631,3
2.7915,-2.3402,2
5.5578,4.1152,3
5.1989,1.2569,3
7.591,3.8344,3
5.7868,4.3078,3
5.2836,5.8585,3
2.4508,5.0269,3
5.0873,4.2666,3
5.4529,2.4754,3
2.2867,3.5122,3
2.9106,3.1621,3
7.0691,5.6984,3
-2.7744,-0.62529,2
4.2505,3.6095,3
1.8935,7.1399,3
4.1113,4.5509,3
4.5467,5.9407,3
5.4036,7.7544,3
6.762,3.1942,3
5.8884,5.0417,3
2.0225,-0.69233,2
5.9023,2.8753,3
5.0853,5.3432,3
5.1897,4.5524,3
8.3988,9.3987,3
4.0921,-0.44554,3
9.1746,1.904,3
4.4895,2.4882,3
6.6581,9.1073,3
1.3194,5.8424,3
1.376,3.2744,3
2.5623,1.0082,3
5.5838,5.012,3
6.1672,2.815,3
7.6874,4.2856,3
6.9041,5.7565,3
4.12,1.3016,3
0.65162,-4.8127,2
-0.41573,-3.0803,2
7.4296,5.4793,3
2.3996,5.1489,3
-3.697,-7.1447,1
7.6418,6.4909,3
1.6156,5.5602,3
2.8689,0.34002,3
2.3964,5.6798,3
1.4212,5.0995,3
7.3648,8.8648,3
4.0353,5.9726,3
0.92729,4.5209,3
1.3229,3.195,3
-0.4377,1.0554,3
-9.4889,-7.026,1
-2.45,-5.1441,2
7.1676,5.4648,3
4.5449,6.2275,3
5.324,3.4396,3
6.3505,2.7375,3
6.3364,4.0906,3
2.5068,2.2879,3
4.0415,4.0045,3
2.7123,7.4028,3
2.6752,-0.24577,3
8.0489,8.8862,3
5.4592,8.9766,3
2.3977,7.6305,3
4.7935,5.2955,3
10.061,6.9226,3
0.83949,4.9333,3
4.4336,4.6919,3
1.4773,6.3166,3
2.7696,3.8883,3
4.8842,10.184,3
4.2207,0.42061,2
3.6866,6.1383,3
7.0616,8.225,3
7.4409,7.3676,3
1.912,4.969,3
-2.1488,0.58828,2
4.7067,3.6273,3
4.6373,4.9329,2
4.3162,1.3476,2
5.7582,5.2507,3
5.7627,6.0336,3
-0.32909,4.9708,3
7.0465,4.8432,3
2.3298,6.1475,3
6.2403,6.8093,3
1.824,9.3194,3
8.889,2.5677,3
3.6526,5.8329,3
4.12,0.25231,2
3.9909,5.6442,3
9.4582,7.0879,3
-0.37951,-1.1247,2
8.7089,4.157,3
6.4464,9.4636,3
9.0016,6.8597,3
-1.34,3.4279,2
6.7226,8.6641,3
6.0068,3.9265,3
-1.5755,1.1897,2
5.15,7.0044,3
7.2059,5.8378,3
4.2791,5.3999,3
7.187,5.6658,3
1.067,3.0174,3
5.201,0.02498,3
0.21682,1.7006,3
3.0834,0.12343,3
2.7201,4.6659,3
1.1365,3.4603,2
5.1247,8.0705,3
4.7082,7.0675,3
4.7519,5.61,3
4.6862,6.7358,3
7.2393,5.7009,3
5.2669,8.8761,3
4.4284,3.8983,3
5.4553,6.7399,3
4.5458,6.1582,3
8.23,3.7404,3
6.0463,6.6576,3
3.6318,9.1017,3
1.0653,0.33841,3
6.1449,8.0184,3
4.2607,5.9849,3
3.615,4.7999,3
2.3414,4.6442,3
4.0864,3.3623,3
7.5709,2.135,3
4.911,5.7298,3
4.2762,4.8765,3
7.2827,6.271,3
6.4073,4.9455,3
5.4526,4.5258,3
6.7679,6.6222,3
7.1538,3.5278,3
8.1283,6.7692,3
4.6204,10.354,3
5.9082,2.0544,3
3.8695,3.5598,3
7.8544,8.9314,3
8.0457,3.5157,3
4.6389,3.3072,3
3.3484,5.5522,3
7.52,9.3861,3
5.0308,9.0908,3
3.9938,3.5059,3
6.9964,5.0358,3
5.426,7.5701,3
4.0353,1.4918,3
-2.2103,-1.5889,2
0.30243,2.0069,3
3.9376,4.9338,3
1.921,2.6612,3
7.9154,5.0198,3
3.3424,3.3078,3
8.6374,7.1989,3
6.6451,4.4088,3
0.8976,-0.37856,2
4.233,0.57135,3
7.1492,6.6352,3
7.4071,5.629,3
-0.72516,3.43,3
-4.567,-6.006,1
3.7128,4.1396,3
7.6808,7.6007,3
6.4199,4.9344,3
1.1128,6.2579,2
10.995,6.347,3
5.594,3.4329,3
5.9204,6.677,3
5.4481,7.9863,3
6.2435,2.0164,3
3.6577,2.8792,3
5.3023,4.0764,3
3.5505,2.6806,3
3.4635,7.0086,3
5.1839,5.1741,3
4.0924,5.5153,3
3.6933,5.3752,3
-0.017908,-0.56434,2
5.0611,7.9576,3
4.7104,4.6699,3
1.9831,5.5724,3
3.23,2.7089,3
0.2053,-2.1931,2
0.55677,6.7435,3
5.1224,2.1493,3
4.6472,5.5009,3
4.019,5.1021,3
6.1159,5.1775,3
2.1617,3.7556,3
6.9697,4.2433,3
3.7551,5.6449,3
10.551,6.6384,3
6.3325,4.6602,3
6.4926,3.0572,3
10.287,4.9974,3
-7.1819,-3.1687,1
8.2965,6.301,3
0.92058,8.8715,3
9.6733,4.8672,3
3.8538,3.7887,3
3.5101,6.5086,3
7.4832,5.2372,3
8.0947,5.5654,3
1.8758,6.4291,3
4.8538,6.6191,3
5.4199,7.3839,3
4.4345,6.8796,3
1.231,0.48322,3
4.5504,5.9727,3
7.9654,6.6512,3
8.8487,4.9536,3
9.5973,4.9782,3
7.3443,7.6252,3
5.5016,7.2,3
7.2661,0.893,3
2.1107,1.2601,3
-5.029,-6.614,1
4.7851,0.44411,3
6.631,5.8928,3
6.7531,3.5775,3
4.3787,6.5428,3
4.6882,4.5953,3
4.9791,5.3645,3
-5.08,-6.2335,1
5.47,6.8678,3
4.4298,3.3615,3
5.576,4.8314,3
5.7333,8.2077,3
5.3412,7.1507,3
8.3437,2.317,3
7.7077,2.9474,3
4.3765,5.9267,3
3.0446,8.7647,3
-0.63111,-0.99635,2
-2.8322,1.0948,2
3.6488,6.6815,3
6.456,7.8146,3
3.5203,5.5696,3
0.64243,5.2291,3
3.064,7.1968,3
3.6741,3.9385,3
5.4639,6.5063,3
3.3251,5.4907,3
5.1625,3.4155,3
2.0428,0.664,2
3.1386,3.4411,3
2.8809,4.3696,3
4.3272,5.9203,3
5.9231,7.4377,3
2.612,-1.3065,2
2.5013,2.3135,3
2.321,-0.02722,3
7.5748,4.3695,3
1.2132,1.4863,3
-1.6272,-0.11772,1
-0.60337,-3.6817,2
0.43551,1.8745,3
5.113,1.289,3
5.1733,2.189,3
5.7058,8.0106,3
6.7292,10.545,3
7.3679,0.79081,3
2.7754,2.2139,2
2.8812,5.8551,3
8.2265,7.1975,3
2.4861,4.9692,3
1.4224,-0.88677,2
5.8021,5.1351,3
9.2604,4.913,3
5.9915,6.0974,3
-7.5198,-3.2107,1
5.9472,1.6331,3
2.6398,5.8491,3
5.2093,4.4897,3
7.4068,5.4526,3
3.8417,6.0262,3
6.2495,4.1753,3
3.5657,0.54529,3
-8.4047,-8.0088,1
6.4374,7.3437,3
3.2146,1.9995,3
8.2202,3.2814,3
-0.83918,5.7825,3
3.0964,5.7973,3
5.2043,5.8712,3
3.065,2.8926,3
4.3154,5.413,3
4.3605,5.2529,3
5.5143,6.3215,3
1.341,5.5528,3
5.8456,6.9306,3
4.6104,3.6866,3
10.916,7.4106,3
-3.4159,0.71552,2
0.21877,-3.0796,2
6.173,-0.17992,3
6.7465,8.8897,3
3.1996,3.3214,3
8.2174,3.5294,3
5.4769,5.1187,3
9.0264,5.5246,3
5.4978,7.9826,3
8.0426,1.6125,3
4.2249,5.3777,3
1.6454,6.3587,3
4.4303,0.49334,3
2.181,-1.8286,2
4.2235,3.6458,3
8.2987,7.6162,3
3.6833,3.5665,3
7.5211,5.0637,3
4.8722,7.5502,3
7.5833,7.6063,3
10.33,10.196,3
7.6378,9.2528,3
5.5944,7.226,3
4.1173,3.0532,3
4.0406,6.1409,3
8.5933,5.9518,3
4.0312,1.3963,3
6.6343,8.3177,3
4.7853,2.3619,3
-1.0232,-1.6358,2
1.3655,7.0152,3
-5.0939,-3.3183,1
3.3382,6.6671,3
5.5774,4.1807,3
3.3778,6.9839,3
-0.91128,4.0855,3
-2.357,-4.5288,2
3.2122,5.3468,3
11.246,3.576,3
5.9756,4.5453,3
5.7068,3.0643,3
3.8672,1.9167,3
8.0824,6.4033,3
6.1346,7.5636,3
4.46,5.7596,3
2.9418,4.4698,3
4.1694,-0.86612,2
5.4469,3.0949,3
6.5857,2.6912,3
1.4811,-3.3054,2
5.9008,4.4881,3
6.6959,0.51634,3
5.7173,8.3054,3
4.6865,5.4104,3
6.7418,4.9971,3
8.0287,6.5621,3
8.1573,8.1794,3
7.3983,7.9378,3
5.1073,-0.050817,3
8.8888,7.1936,3
1.6709,-0.44851,3
4.4216,2.5598,3
6.5917,5.7766,3
5.6111,2.5347,3
4.2759,1.7007,3
2.3038,2.1599,3
6.112,7.3325,3
-7.8748,-7.0375,1
3.6045,5.5564,3
3.1702,6.7218,3
7.8378,9.1246,3
3.8277,4.9719,3
0.44054,1.1875,2
7.1588,3.7498,3
2.9199,-0.49561,2
5.3265,4.4345,3
1.0847,5.5262,3
4.2019,6.9005,3
0.75953,-0.80819,2
5.4218,3.7864,3
5.7746,5.3695,3
3.8269,5.045,3
2.7485,2.9262,3
4.1672,4.2473,3
3.3087,8.5802,3
4.9733,4.1646,3
2.3064,4.2216,3
9.1713,7.2459,3
6.3236,2.4079,3
8.9641,7.3838,3
5.2886,5.1689,3
6.5791,7.0336,3
4.9953,5.1461,3
-1.8503,-1.3842,2
5.5091,5.5268,3
1.127,-0.62951,2
3.2178,3.8916,3
3.2041,4.6118,3
6.4468,5.541,3
-6.5929,-6.5536,1
7.9626,2.0251,3
3.7302,5.2966,3
7.8313,5.776,3
4.1236,5.3564,3
-0.8483,4.9566,3
2.2997,2.3321,3
6.5593,6.2441,3
0.87523,3.3767,2
-5.4798,2.2221,2
8.5629,6.9143,3
4.8865,1.3494,3
2.2779,0.8096,3
5.9735,3.3559,3
6.1444,3.6225,3
8.1861,5.0446,3
0.88333,-1.9055,3
2.3891,3.4489,3
4.2985,6.1792,3
5.8647,6.461,3
4.3763,6.931,3
1.5955,6.2242,3
5.8894,4.8816,3
4.9872,4.3219,3
3.8123,4.6739,3
5.2024,5.9834,3
4.0436,1.1866,3
7.9472,2.0477,3
6.7116,4.4257,3
5.3935,3.6605,3
8.5653,8.1374,3
4.0722,4.1635,3
-2.8888,-2.7203,2
-2.695,-2.4278,2
4.9541,2.7234,3
3.9562,7.474,3
-1.1576,-1.7594,2
5.2894,5.6875,3
7.0324,3.7104,3
4.534,7.8673,3
2.3709,6.2086,3
5.2249,4.5586,3
5.9177,6.4812,3
1.6631,6.244,3
-3.0123,-2.6984,2
0.86176,0.078354,2
1.2329,-1.6191,3
4.1708,6.1744,3
5.3967,5.6333,3
4.612,8.9456,3
5.4584,1.147,3
2.0165,5.9966,3
4.6636,4.9705,3
5.4786,7.1837,3
5.1475,5.9234,3
4.961,5.163,3
9.5331,2.4384,3
3.0917,4.6356,3
2.8047,4.2529,3
4.28,3.0935,2
2.9635,-1.0682,3
3.6656,4.8389,3
5.9762,6.0015,3
6.0701,4.5361,3
-0.62295,4.8618,3
7.7395,0.73389,3
-6.2951,-4.512,1
3.4459,8.6943,3
7.3092,7.7212,3
0.059163,4.5338,3
-0.32368,6.4065,2
3.035,2.2576,3
8.0351,7.9852,3
5.1168,4.592,3
-3.9314,1.5218,2
3.7463,-0.43025,2
-5.344,-1.4421,1
-3.3443,-3.1468,1
1.6968,1.0271,2
5.1024,3.2479,3
8.2392,7.0244,3
3.3957,2.8339,3
-1.9682,1.8574,3
6.0121,3.1856,3
2.9601,4.3149,3
-6.4234,-9.8042,1
6.5423,2.8024,3
3.8346,3.0655,3
4.9824,2.2168,3
5.7897,3.8502,3
4.561,6.2968,3
-6.5696,-7.6772,1
-7.62,-8.0918,1
3.7954,5.4901,3
-5.2724,-6.8409,1
3.6892,3.8526,3
8.6602,3.4328,3
3.6169,9.443,3
6.7141,4.7223,3
7.2245,1.4148,3
4.2917,6.1225,3
6.111,2.2095,3
2.97,-0.40024,3
9.0623,8.0244,3
2.9809,2.657,3
5.962,4.6898,3
6.4615,7.2665,3
6.2152,1.9669,3
2.9877,5.6527,3
6.6177,7.1357,3
4.3684,6.7434,3
4.9667,3.5208,3
7.5658,9.8451,3
6.3213,4.6642,3
-1.2898,-3.9053,1
3.7484,8.0687,3
10.727,8.1782,3
1.8363,3.0695,3
3.9648,4.5491,3
2.1288,8.5634,3
-1.9198,-1.4084,1
8.3036,3.7523,3
8.8858,8.5987,3
5.3956,4.3294,3
2.9969,5.1358,3
4.0233,4.6224,3
1.8356,2.3688,3
2.2569,3.7827,3
8.6685,5.1287,3
6.3397,4.5394,3
4.6638,2.5331,3
8.5052,3.8216,3
4.806,5.9931,3
6.879,3.6508,3
6.3275,4.046,3
6.6006,5.9551,3
5.2179,2.6163,3
2.0755,7.7349,3
7.0664,6.3369,3
1.4978,8.396,3
5.021,7.4701,3
5.963,-0.28166,3
7.7419,6.2535,3
5.1528,5.1591,3
9.5045,6.4117,3
-4.7798,-4.3587,1
4.3455,3.8719,3
-4.9573,-2.222,1
5.7412,5.2655,3
4.3416,7.9725,3
8.3245,7.1833,3
4.6508,6.2199,3
3.9427,0.95947,3
5.5231,4.6202,3
3.9809,-0.11875,2
6.9546,3.959,3
8.7861,4.5411,3
6.9341,7.3042,3
-4.7592,-0.60056,2
6.3737,2.59,3
3.4906,4.2772,3
6.695,4.4555,3
7.7751,9.3587,3
1.9445,5.0205,3
5.1615,6.7555,3
3.0803,4.9866,3
10.039,7.6409,3
6.4889,7.5353,3
4.5295,2.7028,3
7.1503,5.7216,3
5.5531,7.2418,3
4.4697,6.7122,3
4.5165,3.8419,3
1.9075,7.003,3
6.385,1.684,3
-2.9142,-0.37259,2
5.1229,8.7794,3
7.8295,7.18,3
2.015,4.6294,3
2.9512,5.2401,3
1.5805,2.5099,3
3.1433,3.5957,3
6.8892,3.8885,3
9.504,6.2462,3
9.3084,6.5803,3
5.8966,7.6638,3
3.5635,7.0993,3
5.7286,8.2215,3
2.6699,4.6954,2
6.1699,7.3286,3
2.6449,-0.04743,2
1.7922,9.1247,3
0.89124,-0.60867,2
4.5525,6.9295,3
-3.3625,-5.2692,1
-2.8407,-3.6283,2
9.4034,4.9082,3
5.868,4.4798,3
3.783,4.5284,3
4.0172,3.2253,3
2.664,2.4454,3
8.0473,5.1529,3
-0.89231,1.4512,3
3.5064,4.1233,3
5.2457,7.0025,3
8.5028,6.1224,3
-3.1312,-3.2788,1
4.9074,4.7068,3
4.0461,6.2483,3
3.199,3.0626,3
3.4023,3.7084,3
4.0821,2.3519,3
5.5037,3.6704,3
3.693,3.4551,3
2.9301,2.2751,3
5.3935,4.9218,3
4.2621,2.9714,3
-0.0038986,1.6485,2
7.1631,2.1414,3
0.26764,1.344,2
1.4788,3.4867,3
3.2516,7.4116,3
-0.49336,0.441,2
7.2713,1.1619,3
-9.6777,-7.1899,1
6.2889,7.0412,3
3.856,2.5571,3
4.071,1.5859,3
5.8017,5.8152,3
5.9682,5.5596,2
3.8473,3.5696,3
6.4633,4.3802,3
-0.58716,1.2835,2
-3.4075,-0.74269,1
4.2342,5.4212,3
7.0854,4.1597,3
2.0383,6.138,3
4.3807,3.5304,3
3.4033,5.901,3
5.3341,4.7067,3
-1.8028,-2.9922,1
1.5164,1.2594,3
-0.8982,-1.9729,1
4.9875,1.0062,3
1.534,4.03,3
3.8435,4.6302,3
4.7314,3.3925,3
2.9814,4.9859,3
4.7496,4.5558,3
5.7158,6.605,3
1.5885,3.7128,3
9.8686,4.8699,3
6.5173,6.3874,3
5.5342,6.2906,3
-1.8773,1.5457,2
5.117,7.5127,3
5.5077,-0.30307,3
7.6809,6.5285,3
8.2631,3.3172,3
5.5053,5.4148,3
5.4183,4.9563,3
-3.1274,-0.98583,2
-0.3747,-1.0678,2
-3.3938,-2.0851,1
-1.9912,-1.3065,2
-2.8099,-6.0915,1
6.9259,6.0567,3
0.46173,2.2764,2
3.6403,3.7609,3
3.4182,3.4896,3
5.4633,8.2008,3
-4.5794,-4.5972,1
6.1247,4.5221,3
2.7214,3.9629,3
-0.65113,-0.45518,2
1.2726,2.4829,3
6.4169,6.3229,3
8.2605,3.8288,3
4.3488,4.2862,3
7.5435,3.9602,3
5.0805,7.1665,3
0.70112,3.5606,3
3.6395,7.5094,3
3.8779,6.9761,3
3.4112,4.9171,3
6.6519,8.1036,3
6.6611,4.8383,3
2.6257,1.5531,3
8.2572,7.9223,3
5.2512,5.6126,3
-0.29605,-2.4376,2
0.24306,-3.7673,2
4.2318,10.106,3
5.0306,3.9071,3
-7.9848,-4.4796,1
2.6797,4.3046,3
7.5606,4.7453,3
5.9638,5.0144,3
2.1034,5.1613,3
1.5001,7.0151,3
-1.4624,0.32751,2
5.283,1.1876,3
1.5846,1.2706,3
3.861,3.3174,3
-0.98167,-8.2653,1
3.9406,6.1692,3
3.1115,7.1536,3
7.766,6.4034,3
1.4976,2.8455,3
3.8928,1.9412,3
4.7188,5.574,3
5.6596,5.1067,3
4.4268,6.3658,3
2.3952,4.2028,3
-9.984,-8.8872,1
3.2846,6.1316,3
-0.00022752,2.1904,2
-2.277,-2.3843,2
5.4211,4.7328,3
4.9638,6.1675,3
3.6966,9.4204,3
8.6673,3.1,3
3.4431,4.3693,3
7.3604,4.3738,3
7.3529,5.5267,3
0.70976,4.9901,3
1.8488,7.1608,3
6.7146,5.3857,3
4.8257,1.4087,3
5.7965,4.4184,3
5.7024,8.8665,3
6.6096,5.1186,3
2.0521,6.2903,3
4.9113,8.1461,3
4.1896,4.9718,3
3.1701,5.1106,3
5.9684,5.8039,3
2.0342,3.2741,3
4.8661,6.8906,3
-4.6902,-3.0112,2
4.4481,6.1182,3
2.097,3.8779,3
4.1462,6.5436,3
7.2464,8.654,3
5.1149,4.8529,3
7.0113,6.2138,3
4.1327,6.7492,3
3.5554,2.5198,3
1.7483,5.274,3
6.5524,6.0532,3
3.2215,4.0071,3
6.9931,7.5615,3
-3.9978,-2.2349,1
8.5896,5.7299,3
4.9648,6.043,3
4.339,6.3045,3
5.8524,8.2279,3
4.3994,7.5789,3
0.95011,4.7005,3
7.8545,1.4225,3
2.0475,3.1352,3
-4.7964,-3.4633,1
4.1312,3.9195,3
5.975,6.0272,3
7.0036,2.0034,3
0.32427,6.3043,3
5.3992,3.4999,3
0.33574,7.0582,3
4.5561,3.0446,3
0.51855,-2.5369,2
2.1302,2.4575,3
3.4331,3.8022,3
1.7453,3.3947,3
1.9113,5.1128,3
5.5975,7.1904,3
7.1593,3.9638,3
-3.8777,-4.49,2
-9.2328,-8.5195,1
5.7802,1.6673,3
2.7205,-1.3431,2
2.3558,4.2911,3
4.734,3.1902,3
4.8945,6.1781,3
6.7611,7.1102,3
6.0744,5.4618,3
9.9219,4.8234,3
4.8025,2.3641,3
3.1195,1.9549,3
0.79545,5.2215,2
4.7346,3.3962,3
5.6897,3.7668,3
0.55046,-1.8298,2
0.69051,-3.1095,2
3.2553,6.3333,3
3.1535,2.7099,3
3.2652,4.0673,3
3.1814,4.0671,3
2.0808,4.7975,3
7.9668,3.1705,3
5.7648,4.4335,3
3.256,4.3406,3
4.3136,5.0557,3
7.6862,4.5438,3
6.2766,8.2144,3
5.9285,6.611,3
4.4886,2.5289,3
-5.8164,-4.7633,1
3.9472,-0.18853,3
2.4847,3.1318,3
6.3174,4.2455,3
2.1491,5.7666,3
8.5691,5.379,3
4.8459,9.4708,3
2.8445,1.4964,3
3.9906,6.6031,3
2.8046,5.8562,3
10.488,7.0878,3
-0.98171,6.1407,3
7.4492,7.2149,3
1.5086,5.214,3
2.4712,0.49482,3
4.4265,4.0723,3
4.704,5.2564,3
3.7841,8.2418,3
4.3277,4.8976,3
4.7242,3.9178,3
6.2998,7.0017,3
7.7909,8.6549,3
1.6826,3.2665,3
3.9653,3.8684,3
5.2226,4.072,3
-4.9973,-9.1741,1
1.4277,6.8355,3
5.8945,5.0918,3
3.1512,1.8577,3
4.2241,3.1173,3
2.9054,6.9557,3
5.5789,8.7925,3
6.7605,11.07,3
3.3522,7.2902,3
3.8364,0.18294,2
3.6232,5.0852,3
6.3829,4.2762,3
3.0169,7.4096,3
5.7911,6.718,3
1.5104,-1.9158,2
1.0526,3.8222,3
0.66985,-0.023274,2
7.0015,4.6757,3
7.2701,5.5469,3
5.708,4.5336,3
5.7391,7.4156,3
-1.5776,-3.6683,2
5.7669,2.9386,3
4.1597,4.0853,3
2.8003,7.2896,3
5.717,5.2488,3
2.947,3.1694,3
8.0803,3.8483,3
-5.2361,-6.6928,1
-4.9797,-6.6342,1
2.6059,6.5105,3
-2.9473,0.80902,2
5.9215,8.5892,3
6.2971,1.8295,3
0.6995,2.0799,2
8.8006,6.0623,3
2.6141,-0.2673,3
4.9318,2.9282,3
2.9,4.2398,3
8.2252,7.1827,3
4.7973,6.0966,3
4.6651,4.9054,3
5.0448,4.9074,3
3.7596,5.6358,3
-0.99036,-0.53339,2
4.7383,4.0032,3
5.612,7.2661,3
6.9222,1.728,3
0.67108,-1.0001,2
3.4008,4.8097,3
6.7862,3.2474,3
3.001,5.7338,3
6.8316,3.3199,3
2.7199,0.28257,3
6.6192,4.3775,3
6.0248,6.2921,3
6.0285,6.4054,3
8.1673,3.8366,3
4.8381,3.9796,3
4.6613,6.9702,3
4.7109,3.7242,3
5.4768,7.2838,3
-4.2141,-6.553,1
5.0109,2.4191,3
8.4267,5.9392,3
2.985,4.5577,3
2.971,3.9442,3
3.5511,6.7017,3
0.86814,8.2083,3
0.34215,6.5147,3
-3.5876,-4.2351,2
7.1016,7.426,3
2.231,4.7047,3
4.0052,6.3846,3
6.3043,1.5947,3
7.3568,4.8326,3
4.1562,4.0733,3
4.9587,3.0532,3
8.6712,10.444,3
1.8782,0.24144,2
0.50795,5.4275,3
3.5506,0.67067,3
6.1004,2.5848,3
2.5943,3.2473,3
3.9039,10.059,3
4.1383,2.6402,3
7.9499,6.1872,3
3.9516,1.6569,3
-0.0026467,2.7493,2
6.9437,7.4011,3
-0.2529,1.752,2
7.2354,1.9587,3
2.4484,4.5769,3
4.588,2.5955,3
6.2768,6.2113,3
3.5019,5.4079,3
7.2314,5.7465,3
5.9582,5.5032,3
7.9201,8.6276,3
2.3962,5.5414,3
5.3502,3.9836,3
0.7044,0.94657,3
4.9039,3.783,3
6.9227,8.3156,3
6.3669,5.7961,3
4.7293,3.3367,3
1.9082,3.6684,3
2.4355,3.6448,3
4.7152,4.1105,3
4.7011,3.6986,3
-0.14998,0.37435,2
-2.4147,-2.0454,2
4.6918,5.3785,3
3.8344,-0.98461,3
-5.0421,-7.1127,1
4.241,3.1593,3
1.9705,4.6815,3
2.541,1.5265,3
3.9878,8.1811,3
6.3117,6.15,3
4.4343,4.584,3
4.1855,4.2687,3
3.0085,4.774,3
4.4088,6.4745,3
0.26507,-3.094,2
-7.3765,-6.31,1
-3.257,-4.6822,1
7.8645,6.7984,3
1.4223,4.0668,3
0.37304,-0.16816,2
1.2317,2.31,3
5.1916,7.1976,3
7.5312,8.9302,3
10.504,6.8841,3
2.8815,4.7373,3
5.3275,5.3513,3
8.68,2.1049,3
6.9644,3.5549,3
4.1122,7.132,3
7.4832,5.5305,3
2.6672,2.9388,3
6.5222,3.3907,3
6.6424,1.7296,3
0.16129,2.0152,2
-3.5133,-3.8006,1
2.7629,5.4441,3
6.537,4.7914,3
6.2181,6.2216,3
5.8263,2.3443,3
7.6007,2.6526,3
6.1491,2.9633,3
5.7506,3.5323,3
3.3481,8.0371,3
6.1476,4.1626,3
1.733,5.0491,3
5.0766,3.12,3
0.77376,5.6531,3
8.6236,4.0792,3
4.6951,5.6884,3
-0.028073,1.6111,2
0.47427,5.5356,3
4.3395,3.9825,2
2.7148,3.9493,3
6.4006,4.595,3
1.9045,6.4147,3
3.5821,5.3839,3
-0.22533,-1.8547,2
8.2706,2.6928,3
0.65441,0.14347,2
5.3017,5.443,3
4.9464,1.7406,3
4.7297,4.958,3
4.597,3.2564,3
7.8516,8.979,3
5.8657,3.3425,3
-3.4907,-10.269,1
5.5276,4.1372,3
4.0061,5.9598,3
6.1266,4.8914,3
8.7911,3.7353,3
7.3676,5.4483,3
4.2588,5.4417,3
5.6944,10.526,3
5.4559,4.9156,3
5.7644,5.4418,3
8.5819,7.2314,3
5.8775,6.5636,3
1.0261,2.5186,2
5.6962,3.8582,3
6.7813,5.3572,3
5.1206,5.1668,3
6.3586,4.243,3
5.9869,3.4312,3
5.1481,5.8487,3
4.5512,4.5098,3
-2.2995,-2.2483,2
6.8764,6.2477,3
7.1014,8.5427,3
-4.3099,-1.4347,2
-5.4547,-4.077,1
3.1536,3.4728,3
5.1808,7.1519,3
5.7188,2.5358,3
6.0648,7.3279,3
8.4202,5.0036,3
5.462,6.3902,3
2.8521,4.8695,3
-0.35349,4.7073,3
10.774,5.6674,3
6.1233,4.9539,3
2.7928,4.9083,3
2.9821,1.2548,3
2.7404,5.5128,3
2.2566,-0.16075,3
3.5162,2.2149,3
5.8914,3.8628,3
8.3552,6.5383,3
6.8258,7.526,3
4.8941,5.8318,3
4.6528,7.1083,3
8.4105,4.1714,3
4.7643,8.8257,3
-3.794,-6.3677,1
5.5605,4.7963,3
8.0585,1.466,3
4.7182,5.1326,3
3.5484,4.6127,3
5.0819,5.2285,3
4.941,8.0682,3
5.0141,5.7233,3
-4.3759,-1.0757,1
6.2872,5.0875,3
5.8352,2.6167,3
9.2293,4.3573,3
5.5534,5.7861,3
1.4923,4.3079,3
5.7154,6.9954,3
8.7735,5.4656,3
0.019196,-0.57922,2
4.8079,3.4481,3
3.2665,6.7947,3
7.8865,6.9977,3
3.3421,-0.93276,2
1.0314,5.5416,3
4.5971,4.9288,3
1.9086,2.4625,3
4.5964,8.0239,3
7.2319,5.5795,3
6.1333,9.2863,3
-3.1331,-2.4262,2
7.8436,5.1473,3
3.377,3.7315,3
2.749,3.5632,3
5.9909,6.3715,3
1.6995,-0.72506,2
8.1319,8.7364,3
7.6313,5.1756,3
7.9088,6.9905,3
4.5193,2.6136,3
5.2022,5.7791,3
-1.2269,1.5506,2
4.2362,7.0169,3
7.7363,4.8945,3
10.094,6.784,3
6.9524,1.7709,3
3.6168,6.8763,3
11.207,6.8868,3
3.3046,7.0835,3
4.9015,7.1804,3
3.8818,3.063,3
0.65906,-0.56937,2
6.6911,7.2708,3
2.5772,5.7926,3
7.2818,4.6461,3
6.6046,2.9415,3
3.2597,4.7942,3
5.9372,9.0472,3
7.9807,3.2031,3
6.5211,8.8035,3
2.0967,2.548,2
-1.7599,-6.0347,2
11.892,4.6524,3
6.7186,5.2962,3
6.2815,5.0044,3
-2.9851,-4.3095,1
7.7675,6.8453,3
5.9485,9.2976,3
0.47553,8.6009,3
6.6405,5.017,3
1.2945,2.5581,2
5.9316,6.8459,3
3.5347,4.0924,3
3.9728,7.0496,3
6.3846,3.8978,3
0.69095,1.8057,3
2.4029,4.7828,3
5.697,1.6336,3
3.8067,2.6628,3
4.3007,4.6531,3
3.5377,2.4162,3
5.8733,3.5529,3
-0.21292,-1.3622,2
-4.8317,-2.7921,1
3.9814,1.6827,3
4.6006,4.3503,3
2.1696,5.3923,3
7.3903,3.4791,3
1.9674,0.77113,3
1.2705,6.1282,3
-0.1125,0.98046,2
6.2474,3.9108,3
3.8182,5.9133,3
4.4001,5.1682,3
7.5688,9.0776,3
2.2197,6.0999,3
5.4613,7.7333,3
6.4035,3.7552,3
0.2978,6.3937,3
5.209,1.4882,3
5.2535,6.3111,3
5.4843,5.1344,3
0.64257,0.7371,2
0.55512,2.7775,3
4.6396,2.7029,3
0.22943,4.8118,3
2.8733,6.1787,3
5.9973,8.1867,3
6.3608,5.9212,3
5.3691,5.8088,3
2.5638,1.9271,2
1.4232,7.1303,3
3.0213,5.1812,3
0.68751,5.9475,3
4.0868,7.7521,3
4.4869,7.3281,3
4.3248,4.9179,3
5.8349,2.4612,3
4.3506,1.0909,3
7.331,3.0765,3
3.8974,6.0366,3
8.2664,5.6319,3
0.8218,1.7332,2
4.5431,5.9345,3
1.2839,-0.73836,2
3.7829,6.2344,3
1.0903,4.5299,3
2.1175,4.2628,3
1.7062,-0.11148,2
6.8436,6.7358,3
6.8087,5.0771,3
2.6723,2.7434,3
7.004,1.3142,3
3.1131,7.6637,3
6.7243,4.8818,3
5.5108,4.7272,3
5.2714,5.6034,3
-4.2367,-4.5947,1
3.1348,5.4886,3
7.258,4.8223,3
1.9349,2.9068,3
6.8161,5.2476,3
5.0392,4.2478,3
6.7608,3.9106,3
3.9698,5.8883,3
7.0169,5.5463,3
1.3466,3.3716,3
4.8866,5.0689,3
4.3728,5.0091,3
-0.04041,2.6031,2
-2.6352,1.7179,2
5.4435,3.277,3
4.2168,5.0226,3
3.0239,5.6444,3
5.6596,2.1064,3
5.3844,6.4535,3
-2.9449,-2.4933,2
9.3349,3.5545,3
2.825,9.233,3
3.6669,1.108,3
3.7117,4.0951,3
10.277,5.9575,3
1.7226,-5.4684,1
3.2908,6.2197,3
8.6847,7.4263,3
5.4896,5.4005,3
5.7346,4.0919,3
5.5149,7.8783,3
4.6594,5.8444,3
3.6112,6.2112,3
4.4268,6.2686,3
11.161,8.8222,3
10.281,8.6707,3
1.8115,1.8465,2
-2.0404,2.0106,2
2.1101,3.4266,3
6.8916,1.7697,3
8.4675,7.8508,3
0.85796,0.59989,2
2.922,1.7001,3
4.7801,2.8992,3
2.3569,4.1552,3
5.8112,1.0673,3
-0.41418,-1.5313,2
4.4392,7.3787,3
1.895,2.7439,3
8.6571,4.2532,3
-1.298,-0.47424,2
5.4276,1.9643,3
0.85054,3.4968,3
7.6878,8.2872,3
2.6319,5.2843,3
5.398,6.0054,3
6.9914,3.7629,3
0.92501,3.8034,3
3.5697,6.997,3
2.2477,-2.4176,2
6.9229,1.2982,3
2.5226,6.1803,3
7.3665,4.1244,3
10.392,4.7006,3
5.4042,6.5692,3
4.8305,3.407,3
7.435,7.4878,3
-6.0138,-7.3018,1
6.2575,2.1329,3
7.7482,6.214,3
5.044,0.57004,3
4.047,2.7511,3
6.5597,6.8503,3
6.9876,8.5735,3
3.238,4.9139,3
7.0887,5.028,3
3.4209,4.2538,3
8.3421,3.1515,3
8.6686,5.4375,3
6.6277,2.7889,3
5.0935,5.9155,3
6.4159,6.4634,3
6.1223,7.9317,3
2.8452,2.8657,3
5.364,3.9377,3
9.1206,6.775,3
5.106,4.788,3
1.0131,3.002,3
3.9914,4.2818,3
6.1656,-1.695,3
6.0668,2.7558,3
-0.4309,5.148,2
3.5282,2.6989,3
3.9591,10.217,3
8.5342,10.154,3
11.647,4.504,3
-0.089074,6.157,3
5.7086,2.7112,3
3.5616,3.4921,3
5.4331,7.5072,3
2.2054,6.9768,3
4.9777,0.4041,3
5.8169,0.72077,3
5.703,4.6348,3
5.0098,5.0321,3
-0.65281,2.3403,2
6.4549,6.3729,3
5.8991,5.7165,3
5.9427,5.3003,3
4.2639,3.8684,3
4.2952,-1.9945,3
-2.8311,-0.5283,2
3.9232,1.3084,3
6.7846,0.66847,3
5.276,6.114,3
4.0046,4.7176,3
2.2877,10.342,3
6.9803,4.9922,3
-0.57895,2.8114,3
6.6865,9.0476,3
4.7349,5.7124,3
-3.0482,-4.914,1
5.0561,7.0154,3
4.5911,5.7727,3
-0.31013,4.6512,3
1.7986,-1.6294,2
-3.3547,-3.7629,1
6.2637,3.3719,3
4.9553,4.1942,3
4.4231,7.2999,3
8.0825,2.8977,3
4.2476,3.3721,3
0.81103,3.987,3
8.4122,6.046,3
8.1201,4.0371,3
7.0283,2.431,3
7.409,1.0685,3
12.574,3.1922,3
-1.2987,0.77935,2
5.1766,4.9443,3
5.3193,6.0651,3
7.9161,7.8546,3
3.0488,0.9392,3
0.91072,3.2519,3
-5.4987,-0.38937,2
4.6619,0.8645,3
2.4454,4.0258,3
2.0478,6.3677,3
-0.22375,-0.54256,2
-1.381,-3.5572,2
5.362,2.9155,3
7.0759,6.2959,3
0.95927,6.0016,3
3.9002,5.5194,3
6.3449,3.6256,3
7.4529,5.4709,3
1.1469,-0.55362,2
7.694,4.3638,3
2.4123,6.2887,3
7.4615,4.8272,3
0.71287,2.6995,3
2.4159,3.6595,3
5.6458,7.2742,3
-4.8605,-6.3935,1
4.1839,6.7693,3
-2.6887,-1.9709,2
2.9574,6.8082,3
1.0423,1.2014,2
4.8283,2.0756,3
5.6486,3.7644,3
4.7427,6.1778,3
0.99806,5.0423,3
6.6771,6.5443,3
4.2423,4.2017,3
4.2263,3.9932,3
1.5437,5.1876,3
0.51817,4.3515,3
1.5983,3.5385,3
3.7753,7.8452,3
2.0162,3.1041,3
2.6964,-0.47293,2
6.2205,6.3407,3
5.6377,6.0401,3
0.67079,1.4653,3
6.6129,7.0029,3
7.2643,5.8064,3
6.9604,5.6356,3
5.7265,3.6626,3
4.192,4.3338,3
11.412,7.466,3
5.3783,3.1284,3
5.6042,5.4473,3
6.4008,4.2372,3
3.0836,5.0811,3
3.4578,5.5708,3
-0.3739,4.4954,3
6.6256,5.7501,3
5.8176,6.4173,3
3.5181,5.9405,3
11.353,7.4576,3
8.2633,4.9089,3
2.8798,3.8079,3
0.24241,5.5636,3
0.29661,-4.9532,2
5.4863,4.1994,3
6.7554,8.3204,3
0.6682,8.1903,3
5.3915,7.6697,3
5.1286,2.7894,3
1.9037,0.049714,3
3.4181,4.1029,3
7.9351,4.707,3
2.2703,3.8887,3
0.69385,2.5814,2
5.9342,5.4536,3
5.8256,6.1498,3
5.5551,3.646,3
6.4987,3.5072,3
-2.6831,2.0126,2
5.4529,6.7377,3
0.24806,4.0745,3
6.1137,5.7446,3
4.3283,3.4661,3
3.9146,7.9577,3
4.5854,1.1565,3
-4.6505,-5.0269,1
2.5892,-1.7472,2
-0.51281,4.1995,3
2.4619,3.7249,3
3.641,0.96833,3
-2.1293,0.52362,3
6.0037,2.3104,3
2.9477,2.9912,3
1.304,3.5966,3
5.7129,5.348,3
5.8501,3.4965,3
4.0472,4.1416,3
3.3412,3.2146,3
5.6798,7.2854,3
4.5098,7.4535,3
1.4844,3.6556,3
3.8335,9.1446,3
7.9276,1.9135,3
4.0572,8.0927,3
5.5175,1.484,3
4.9526,6.5897,3
2.4931,3.2153,3
-2.4988,1.1667,2
6.1244,4.4888,3
-3.5467,1.9466,2
8.707,5.2529,3
3.2163,-1.6257,2
-5.5297,-5.7466,1
9.4286,5.9619,3
3.8086,7.7569,3
6.0335,6.5633,3
4.366,8.4095,3
-2.1675,-0.61186,2
6.9677,2.5104,3
2.9358,4.5298,3
3.9938,3.6464,3
1.0115,4.7554,3
8.0256,6.6325,3
6.392,4.9246,3
5.245,5.8755,3
4.7611,4.277,3
3.877,7.2238,3
6.5605,7.6122,3
2.5305,-0.60963,3
3.874,2.0857,3
-0.70145,4.1868,2
0.43584,0.80995,2
1.2126,3.6214,3
7.2156,3.2792,3
5.1537,4.411,3
5.9772,4.9507,3
4.327,6.9385,3
4.7796,3.8166,3
3.34,5.8933,3
3.1714,0.88951,3
1.1464,3.1636,3
1.8587,1.8637,3
7.2889,4.8383,3
7.6484,3.0987,3
0.76644,-0.54672,2
3.3713,7.2911,3
8.0643,5.18,3
5.967,4.5691,3
5.5514,7.0445,3
3.3279,1.4785,3
3.3642,1.7486,2
4.6468,7.8559,3
6.9353,3.5542,3
6.1183,4.5131,3
3.5844,4.9523,3
9.4288,5.8387,3
3.9938,3.937,3
3.4986,3.842,3
4.3593,5.6188,3
9.7333,6.89,3
2.2715,0.4167,3
0.16477,-1.239,2
-0.51887,3.9703,3
4.8746,4.1614,3
5.6375,4.4296,3
5.2377,6.2818,3
7.1061,6.391,3
7.7402,3.6313,3
6.0488,4.9296,3
9.301,8.6526,3
4.9482,2.5766,3
4.5806,7.379,3
2.5734,5.2271,3
4.7561,7.0985,3
6.9613,7.479,3
5.5788,4.5506,3
3.6357,3.1491,3
