5.9673,5.6901,3
5.9093,4.0497,3
2.7062,5.4515,3
0.68245,3.6257,3
1.0352,1.5831,3
1.6218,0.060242,2
2.5002,2.3521,3
-0.82445,3.7928,2
2.6978,2.5494,3
7.3107,6.3088,3
1.5138,7.092,3
6.7145,5.3228,3
1.4171,2.2707,3
3.5383,0.88792,3
0.22905,1.9157,2
3.3543,2.9815,3
4.6691,4.6226,3
2.3672,3.0733,3
2.723,6.5416,3
4.7001,8.0389,3
7.7922,7.5267,3
3.9854,6.0087,3
4.1562,2.1349,3
4.1134,4.6153,3
4.7402,7.3371,3
0.98581,3.7409,3
-2.506,-0.55636,2
4.2247,2.6577,3
6.9223,9.5728,3
-0.89712,-8.2006,1
-2.8331,-0.71818,2
4.367,5.8424,3
7.9092,3.3091,3
7.3971,6.7464,3
3.8337,1.0968,3
-1.0415,4.3272,3
2.2274,2.4056,3
7.4257,6.1848,3
7.9822,6.0054,3
4.6835,7.4346,3
5.115,1.8042,3
6.8944,4.47,3
3.3733,4.2095,3
3.9607,6.3709,3
2.9862,0.54114,2
9.6138,4.1224,3
6.1,3.5942,3
-1.6517,3.4013,2
6.6889,1.2102,3
9.4735,3.7767,3
5.0188,3.5404,3
-0.31281,2.1444,2
2.8057,-2.3937,2
0.9892,6.9094,3
3.3581,4.6002,3
1.1862,2.399,3
4.9042,6.2152,3
5.0565,2.6274,3
3.6179,4.618,3
-2.8581,-0.75472,2
-2.1283,1.7595,2
6.2517,5.5321,3
2.5109,2.5814,3
1.3266,3.1441,3
-1.532,4.1214,3
0.82202,2.8352,3
4.8434,-0.53874,3
5.7225,4.382,3
0.93913,4.1522,3
0.76665,-0.63438,2
3.4919,3.3169,3
3.2596,3.5635,3
5.1531,7.2961,3
5.7864,0.98432,3
3.4294,4.3833,3
2.3158,4.5058,3
1.4681,-0.032747,2
5.9071,7.7003,3
0.79331,-1.38,3
-1.4043,-1.6338,2
1.7603,0.25926,3
5.8268,4.295,3
0.71835,2.6071,3
6.7857,4.3714,3
-0.5995,2.1626,3
2.0613,2.2709,3
0.5848,1.0359,3
0.98223,-0.62911,2
6.1497,4.2941,3
4.9619,2.039,3
2.4825,7.1881,3
2.569,2.9404,3
2.6937,7.125,3
-0.56356,5.4613,3
3.9779,4.9126,3
4.3725,4.386,3
0.91039,9.2533,3
-1.6951,-5.7853,1
3.8897,2.6926,3
2.0309,4.899,3
8.8311,4.2184,3
9.2201,4.7426,3
5.3103,7.9529,3
5.0037,7.5313,3
2.9415,1.6281,3
4.2189,4.9659,3
7.0745,0.36178,3
4.6144,3.6851,3
3.0011,4.925,3
5.0682,6.8271,3
2.9039,6.6085,3
1.5132,0.51573,2
3.8716,0.28265,3
-7.0065,-5.0116,1
-7.881,-1.5563,1
6.2351,3.0131,3
2.7014,1.2814,3
0.37375,4.4957,3
9.2981,4.2983,3
2.449,1.9782,3
-2.8711,-5.7828,1
4.0098,6.0651,3
3.1241,1.8197,3
6.8396,2.8308,3
-0.47476,5.0395,3
8.227,10.096,3
0.6385,2.4799,2
5.484,5.7334,3
1.3249,-0.39605,3
5.5176,1.7207,3
3.8433,2.1022,3
-5.2668,-4.511,1
3.2562,0.55599,3
5.7707,5.8519,3
5.4896,6.3088,3
1.1144,0.88439,3
7.7868,4.1774,3
5.5995,2.9283,3
3.8347,3.3189,3
4.8907,3.3024,3
3.4752,6.0523,3
4.4981,6.113,3
5.2864,4.1083,3
5.5155,4.5022,3
3.604,4.1096,3
5.0359,3.8632,3
3.2482,3.0571,3
1.475,3.0319,3
0.75263,-3.1183,1
3.7475,2.1,3
2.9918,3.4042,3
3.7722,-0.34412,2
7.2586,1.6832,3
-0.19709,1.3431,3
4.8683,-1.2316,3
3.0429,0.69982,3
3.7284,3.7546,3
2.6977,5.4885,3
3.0644,4.8598,3
7.0299,-1.4446,3
3.3669,-0.37336,2
7.5571,6.898,3
5.0731,2.6036,3
6.0886,4.1833,3
5.5085,5.4798,3
6.7707,7.6,3
5.0073,5.9277,3
6.1179,5.158,3
8.2701,3.464,3
6.0394,0.23991,3
3.6485,6.8452,3
-0.027399,4.2679,3
0.69607,2.3132,3
4.4241,6.3344,3
5.6467,6.7557,3
5.7929,3.4608,3
4.848,5.0175,3
3.5663,7.1073,3
-2.3323,-0.84653,2
2.0292,3.7604,3
3.1324,2.2321,3
2.321,1.5056,3
5.71,3.0432,3
4.3577,5.7165,3
7.1303,2.682,3
5.5802,5.1499,3
-0.9331,-1.54,2
1.7043,1.4602,2
6.4835,2.9712,3
-2.519,-2.0785,1
3.9244,8.2213,3
1.9805,5.1815,3
6.539,6.7162,3
-1.7105,0.51926,2
-0.80681,6.2113,3
5.3913,7.8343,3
6.5029,5.6914,3
2.47,4.2521,3
-2.2078,-0.93286,1
3.6272,4.3431,3
5.5461,2.8599,3
3.4048,4.4742,3
2.5731,6.1474,3
4.7488,5.9466,3
4.5769,4.8656,3
2.8772,4.3147,3
4.8631,5.3052,3
1.3257,6.1343,3
4.7082,4.354,3
2.3302,4.3244,3
11.742,6.9731,3
5.3521,3.8728,3
2.3984,6.1805,3
3.5687,3.431,3
4.5334,0.83534,3
2.7432,1.943,3
8.7238,0.59589,3
4.6906,5.2252,3
4.8756,2.935,3
2.2138,0.80066,2
5.3567,1.6199,3
3.0869,2.5705,3
-0.9479,1.7073,2
7.0106,3.0517,3
3.5665,3.3637,3
4.3552,-0.60729,3
4.5218,0.99801,3
3.7514,9.0114,3
-5.3943,-4.2681,2
-1.8672,-2.2551,2
2.9573,5.6961,3
3.4807,7.4155,3
3.5527,4.9596,3
6.2385,4.1356,3
4.532,2.5351,3
3.5338,7.2369,3
7.2755,5.7639,3
4.444,6.9283,3
4.9604,4.1158,3
-1.9381,-4.212,1
-2.7435,1.4867,3
-4.4918,0.072936,2
5.1076,5.0833,3
1.4851,-3.5273,1
3.3548,2.7896,3
2.8799,5.3742,3
5.3345,5.2656,3
2.824,0.66594,3
5.1866,2.3199,3
6.8219,4.072,3
6.0697,8.0903,3
1.4973,-2.2001,2
3.4583,3.9993,3
0.26502,2.9991,3
3.8387,5.6592,3
3.4336,4.1588,3
6.3866,5.7461,3
2.7196,3.6293,3
0.35847,3.7088,3
3.2627,3.1391,3
3.2079,3.2119,3
2.1897,6.7386,3
2.8597,4.991,3
-2.0349,1.567,2
7.4325,2.0237,3
4.9214,7.3203,3
2.0233,7.0388,3
5.2451,3.4017,3
5.7564,3.6226,3
1.8312,3.2569,3
-2.7304,-3.5358,1
6.1445,4.287,3
3.0738,5.0562,3
-0.15308,5.1099,3
5.9619,4.2756,3
3.8919,4.5389,3
0.19939,0.9535,3
6.8073,8.1167,3
3.0501,1.6758,3
4.4292,5.4376,3
4.2117,2.0344,3
8.1361,5.4176,3
7.1167,4.7751,3
6.0482,2.2633,3
4.3671,6.3277,3
4.9706,7.1062,3
-4.6843,-4.0779,1
-1.3304,-0.10547,2
3.2632,3.8497,3
-2.2859,0.050267,2
3.6366,3.7402,3
4.8919,5.291,3
3.9229,3.5439,3
3.2882,3.8975,3
2.4594,6.397,3
4.6212,1.4429,3
-7.255,-6.575,1
4.2312,4.8206,3
8.0731,1.1358,3
3.9364,7.6491,3
6.613,3.1483,3
1.0468,0.58424,3
3.4629,6.2798,3
5.4418,5.6145,3
1.6995,-0.87097,3
-2.8287,-0.25094,2
-1.0735,-0.73198,3
3.7475,4.7984,3
2.9845,1.2781,3
2.9107,1.1826,3
0.88684,5.4651,2
5.9464,0.54604,3
6.953,3.8068,3
5.2111,3.6922,3
1.5253,3.8231,3
3.6414,5.9246,3
3.7738,2.0842,3
6.1367,7.5785,3
1.6613,0.40161,2
3.836,2.5576,3
3.4802,4.9149,3
1.4738,5.9259,3
4.9738,-0.70767,3
2.5735,4.9866,3
2.5363,6.1816,3
4.2911,8.3249,3
3.8306,4.6749,3
6.3094,1.6576,3
-1.6718,0.53191,2
3.2924,1.2601,3
6.1161,5.5379,3
2.7339,1.5296,3
6.8423,4.4356,3
3.5163,2.8559,3
4.908,3.8552,3
4.1299,2.1913,2
6.0856,6.1255,3
3.5614,2.7144,3
-0.6977,-3.9499,2
1.1305,5.6493,3
-0.73275,4.1374,3
-2.3265,-2.0107,1
4.6456,0.16547,3
3.0043,8.2769,3
3.6386,5.5107,3
6.5075,8.4859,3
-2.8099,0.47711,2
3.671,4.281,3
6.5787,5.4845,3
9.838,8.0683,3
6.2838,4.061,3
2.4225,2.5915,3
-1.4294,0.5385,2
0.81584,1.3626,3
5.893,8.8097,3
-1.5963,2.7316,3
2.4734,5.2352,3
2.3893,3.2911,3
0.45345,4.8331,3
-4.3232,-2.9603,1
3.4325,0.29002,3
5.3824,4.8938,3
3.7198,2.6525,3
1.5464,5.9281,3
5.1669,4.9321,3
5.5808,6.1348,3
7.456,-0.6351,3
2.1711,5.6094,3
8.3707,7.865,3
4.1982,5.595,3
3.1456,-2.9894,3
2.7347,4.7022,3
0.93868,3.5552,3
3.6036,4.8494,3
6.9898,7.214,3
2.5741,4.5418,3
3.8578,0.92663,3
2.2916,4.414,3
2.3897,5.176,3
1.6518,3.7164,3
0.10875,-0.29042,3
7.6058,4.8316,3
7.6351,2.6715,3
6.9018,7.7929,3
-1.6589,2.5746,2
5.5754,3.2172,3
2.7922,2.9437,3
6.1704,4.7103,3
4.8033,2.4261,3
6.3796,5.0888,3
1.2336,-0.73615,2
2.0884,6.8505,3
-6.1772,-0.76253,1
5.2849,5.3638,3
1.4921,4.6013,3
3.3539,3.3756,3
2.2311,3.0143,3
4.3523,6.5764,3
-6.8443,-5.5907,1
5.0759,1.9695,3
2.1866,4.0122,3
6.4891,5.3404,3
4.6233,2.3519,3
2.2019,5.8173,3
6.1264,3.5654,3
3.4303,4.4723,3
4.4846,4.4667,3
3.7836,4.7596,3
6.135,3.9988,3
5.9648,5.6084,3
5.0457,9.9525,3
6.4225,2.0772,3
5.807,3.1226,3
6.6172,8.9379,3
-2.4278,-4.9672,1
5.9191,6.0654,3
-1.5135,-1.4211,2
0.34232,-2.3066,2
2.716,4.1839,3
2.5746,3.0776,3
4.9107,6.0932,3
2.62,5.626,3
8.1325,2.7835,3
4.6071,2.4252,3
6.3049,2.2651,3
4.2483,4.4736,3
3.8547,2.9464,3
3.9796,4.5978,3
7.9007,3.6138,3
4.5306,2.6641,3
4.0512,6.0968,3
3.8588,8.2399,3
4.7659,4.7841,3
5.8433,4.2411,3
4.4619,5.6732,3
4.9109,4.6541,3
3.2308,1.1938,2
7.1814,3.3881,3
1.8333,2.3234,3
3.9903,6.783,3
-0.70146,0.31652,3
6.8664,4.0925,3
1.3945,1.5025,3
3.4915,-1.6937,3
3.1836,5.314,3
3.3767,5.1362,3
4.0939,5.4557,3
4.7329,4.7589,3
5.1988,8.1401,3
6.8578,2.9253,3
6.6305,6.4509,3
3.4767,2.1824,3
0.50549,2.4972,3
4.1415,4.3901,3
4.4578,4.2959,3
7.7397,2.9767,3
4.9036,2.5244,3
6.4979,3.7129,3
2.4759,4.8721,3
5.1474,6.7861,3
4.5747,5.6089,3
2.2674,3.3025,3
2.3652,7.1344,3
4.1508,3.5735,3
1.753,3.4444,3
1.7216,3.9748,3
4.9425,4.2529,3
1.1504,3.1331,2
-2.0725,2.6509,2
6.8875,2.2457,3
3.4067,2.5687,3
4.8429,4.7287,3
8.8118,2.818,3
0.36641,1.1633,3
4.3846,-1.2621,3
6.2352,2.8442,3
2.3358,0.20276,3
3.7166,5.7032,3
4.0898,2.8025,3
-0.49634,5.0072,3
-7.2252,-5.2437,1
4.0617,-0.92012,3
0.40492,4.4463,3
1.7932,-1.1394,3
3.3269,0.77011,3
0.38345,0.45205,2
2.3313,5.3837,3
0.63237,5.3694,3
5.2965,1.8946,3
4.7209,4.9993,3
-0.78252,3.6654,2
5.9115,6.1192,3
-0.46131,4.4501,3
2.0988,4.0517,3
3.8579,6.6198,3
1.5624,5.0443,3
3.9147,6.903,3
-1.5673,-0.69783,2
2.8308,4.1734,3
-0.26831,6.7025,3
7.6663,3.1532,3
3.7326,3.1859,3
0.025146,0.40086,3
5.6044,5.7027,3
1.7613,5.6322,3
1.0085,6.2043,3
7.6033,4.1771,3
4.7761,6.2313,3
2.0734,5.4768,3
-1.2729,1.4844,3
6.3847,8.4413,3
8.5136,4.1971,3
0.10097,1.5131,3
4.0266,3.5343,3
-0.78418,1.0266,3
-0.71995,-2.1173,1
5.4727,4.1114,3
5.1623,3.4379,3
4.161,1.0736,3
-0.25566,-0.0098927,2
-0.50861,3.3259,3
2.9167,5.8255,3
3.0541,1.8125,3
6.968,3.903,3
4.764,4.8042,3
5.1452,3.2366,3
5.9253,4.0212,3
-0.41081,-2.4121,2
-1.6342,1.3192,2
3.7428,8.4654,3
5.6359,4.0153,3
8.0762,1.3734,3
4.2651,2.6229,3
6.3641,2.4719,3
6.9154,8.3087,3
2.8091,5.1771,3
-4.3164,-3.6019,1
1.7535,4.8495,3
4.3498,5.7091,3
-0.50228,7.7402,3
2.1535,1.1067,3
3.8146,3.4323,3
8.2965,6.6742,3
0.75732,1.4527,2
4.3525,3.4027,3
5.0399,3.7518,3
3.1388,4.8526,3
2.7168,2.8744,3
2.649,4.0369,3
9.2247,3.805,3
0.59838,6.0847,3
2.619,3.9934,3
5.1316,3.1786,3
2.1758,3.5812,3
4.6141,5.4003,3
4.5455,5.7313,3
2.7835,3.5389,3
4.733,2.4057,3
5.9439,7.197,3
5.3981,7.3501,3
0.67838,1.5174,3
6.3401,3.8965,3
6.6781,6.4095,3
-4.034,-5.3579,1
8.1736,6.7965,3
2.1869,2.8056,3
7.5689,3.7604,3
3.7551,1.0788,3
2.2228,4.3972,3
8.2873,3.7977,3
4.4047,4.6046,3
-0.50598,-0.64991,2
0.11129,1.766,2
5.6357,3.969,3
4.0104,6.5246,3
5.2126,6.8943,3
1.6888,0.8244,2
-0.26365,-1.5775,2
-2.5525,1.94,3
1.9802,7.2156,3
4.8713,3.8302,3
6.1987,5.6981,3
5.6783,5.7536,3
5.3331,1.5708,3
0.91576,3.8129,3
3.5891,-1.4707,3
3.3517,2.1577,3
4.9188,5.5655,3
2.4624,4.8887,3
4.0866,7.4709,3
-0.11417,3.9525,3
2.1639,3.3356,3
4.6979,8.084,3
1.663,3.3102,3
5.1723,7.0906,3
-2.1819,4.0213,3
-0.80011,-2.6875,2
1.0109,4.1382,3
4.3526,6.1904,3
2.3493,4.1559,3
0.45356,4.8065,3
-0.72362,-0.43173,2
4.4311,6.2479,3
2.0571,2.7833,3
5.8344,2.1809,3
5.0355,3.5894,3
1.7204,0.031063,3
3.4625,3.3694,3
2.4788,3.8145,3
0.68657,3.5277,3
-2.6093,0.19866,2
-3.6953,-6.2687,1
4.6252,2.3681,3
1.9221,2.0092,3
8.024,3.6076,3
2.5308,4.6844,3
-0.65394,-3.1035,2
0.41869,2.5227,3
5.2705,5.8498,3
-1.4774,2.5822,3
-1.9921,-0.015134,2
2.899,4.5851,3
1.9252,3.9146,3
2.3328,5.0254,3
3.5208,0.61698,3
4.692,6.7543,3
1.0029,3.7028,3
6.3298,3.1779,3
1.5367,4.6554,3
1.4141,2.7046,3
-0.68584,2.8296,3
5.2529,3.5896,3
-1.0465,4.1807,3
-0.13887,4.3436,2
2.4091,3.757,3
2.8994,2.4338,3
7.0875,1.6123,3
3.6119,3.0791,3
2.6454,0.17103,3
5.6218,6.2748,3
2.3085,4.6936,3
2.7006,5.0139,3
2.1003,4.5994,3
1.1273,-0.39485,2
3.2845,4.1341,3
1.2102,1.8064,3
1.1393,1.6288,3
4.7144,4.6369,3
6.7488,-2.8087,3
4.9819,3.0322,3
4.5463,3.9997,3
3.8738,4.9798,3
9.63,5.4977,3
3.9666,4.9236,3
10.585,7.7476,3
6.8209,6.6048,3
7.3142,7.0716,3
3.8011,-0.34882,3
4.816,2.7134,3
2.7778,3.8932,3
2.4409,-0.87362,3
7.4019,7.11,3
-0.19527,5.3273,3
6.7921,2.1799,3
1.1246,0.74161,2
4.8612,0.67717,3
6.6369,3.0378,3
6.1998,2.7851,3
1.8399,5.5265,3
4.6886,3.3118,3
1.5457,2.37,3
-1.0224,1.4356,2
5.9702,5.1735,3
3.4555,2.3143,3
-1.4608,3.2589,2
2.3209,-0.71985,2
6.3148,4.2628,3
2.8566,2.5904,3
-0.24806,2.5888,3
-3.7724,-5.7041,1
3.852,2.2156,3
5.7091,3.3569,3
1.8865,1.5722,3
3.7122,4.3992,3
3.4846,9.6302,3
2.6634,3.8893,3
2.9243,5.7931,3
8.2802,5.0643,3
6.4379,6.628,3
2.1362,0.59468,3
7.5099,5.1695,3
2.5773,4.6338,3
1.0261,4.2662,3
5.6001,1.9683,3
8.409,4.0958,3
-6.6044,-0.080931,1
4.4035,7.8926,3
-0.60626,2.7343,3
5.4265,3.1047,3
3.7177,2.4222,3
5.5567,3.8939,3
4.7205,5.0529,3
0.11232,1.5915,3
2.3634,-0.71166,3
1.8439,0.61862,3
3.7651,6.4542,3
8.8559,8.2553,3
1.3105,5.6405,3
1.8706,5.9727,3
7.3141,2.291,3
3.2787,2.7167,3
4.0615,4.1134,3
7.4021,4.4521,3
5.2815,3.4066,3
5.1691,3.3827,3
2.5329,3.8161,3
3.3876,5.3421,3
1.1028,3.4394,3
5.4038,4.4773,3
3.3763,4.5571,3
8.2775,5.184,3
2.4166,3.8893,3
4.9762,4.4718,3
-3.0321,-1.6604,2
5.3376,4.4402,3
2.7252,5.1946,2
2.8295,2.5243,3
3.0867,2.2665,3
0.52756,4.808,2
5.3695,6.8663,3
3.6411,3.5843,3
6.4626,3.8027,3
7.4957,6.3301,3
4.0544,7.531,3
3.1417,4.744,3
7.0629,4.7313,3
4.0046,7.8232,3
3.0811,3.7261,3
6.3435,4.5273,3
0.70043,0.34924,3
3.9135,4.5418,3
-1.3155,4.2606,2
1.0153,0.3672,2
5.8111,2.953,3
5.6822,2.6208,3
6.2111,5.2176,3
4.4557,3.5168,3
4.2953,0.81502,3
4.4403,4.3992,3
2.075,6.0425,2
1.8553,5.3768,3
9.4842,5.0798,3
1.7708,2.2705,3
5.6468,4.2803,3
5.7008,4.6428,3
-3.8383,-3.7913,2
2.7118,6.8196,3
0.67074,0.75379,3
6.5421,6.3281,3
1.7144,2.6973,3
10.293,4.9283,3
0.29136,0.37238,2
2.9689,2.5251,3
3.8746,6.742,3
3.5488,5.2805,3
4.3775,3.5802,3
5.5609,8.9928,3
5.0461,4.4664,3
4.2423,2.29,3
1.7223,1.8471,2
5.0157,4.2706,3
5.6957,3.1529,3
4.4242,9.0656,3
4.8012,6.1013,3
4.531,8.2479,3
-0.50271,2.3274,2
7.428,1.4168,3
3.505,1.688,3
-0.32041,3.4943,2
4.6419,3.7057,3
4.3085,5.1871,3
4.2229,0.73419,3
0.29613,-0.13879,2
-1.1145,-0.93472,3
7.4582,1.7067,3
4.4085,5.6824,3
7.4771,0.65464,3
1.9406,3.2021,3
8.2614,3.043,3
5.3653,1.3546,3
3.0297,4.8917,3
1.6363,3.7186,2
4.8157,8.9578,3
2.5698,2.948,3
7.6637,5.9467,3
4.4548,3.5671,3
-0.71787,0.53109,2
4.5223,5.6914,3
2.7783,2.8501,3
7.3381,1.7455,3
2.1603,1.9136,3
2.864,6.914,3
2.1377,3.7555,3
2.0427,4.3855,3
2.8386,1.3066,3
-4.6328,-2.0375,2
0.12468,3.2589,3
-1.5621,-2.5992,2
7.723,6.1278,3
3.1317,4.98,3
5.1728,3.5356,3
4.3676,4.9318,3
5.2312,5.0133,3
5.3502,2.2002,3
3.7955,2.7164,3
1.8548,4.2726,3
4.2459,1.6953,3
5.144,4.1435,3
0.11997,4.0151,3
-0.49326,-1.7068,2
3.0802,5.3294,3
2.83,-1.095,3
4.6023,4.7088,3
4.9135,4.7984,3
-1.8034,0.92139,3
7.0242,6.0017,3
3.23,-0.57704,3
1.0679,1.4808,3
6.3788,3.715,3
0.65214,1.9782,3
-2.3408,-3.4645,2
4.4745,3.6902,3
4.6445,3.1621,3
3.581,6.3324,3
9.11,3.9105,3
4.7861,4.5245,3
2.8501,3.4344,3
3.723,3.6996,3
4.9906,6.78,3
5.4685,5.1618,3
2.3883,3.7182,3
1.9271,5.2953,3
-9.176,-7.798,1
-3.1691,-8.126,1
-0.73971,-1.4753,2
3.8751,6.0597,3
4.7532,3.1418,3
2.9554,8.4111,3
1.4388,1.9826,3
4.8495,3.3123,3
5.9845,2.7011,3
3.6308,7.3459,3
0.096308,-0.32537,2
2.569,5.1955,3
4.1487,0.18157,3
1.6196,2.3288,3
0.89062,3.6198,3
-0.61749,1.748,3
-0.079125,3.1599,3
2.657,4.3838,3
2.2596,4.9115,3
4.949,2.5956,3
4.2677,4.7656,3
2.9181,2.95,3
5.0605,1.0387,3
2.7243,3.3649,3
0.97925,7.8233,3
4.6364,1.6326,3
5.4891,2.8301,3
2.8032,3.0779,3
5.1751,5.5917,3
1.3088,2.677,2
5.0054,1.7067,3
11.12,5.0749,3
3.5302,3.9849,3
3.3322,6.0753,3
5.5257,4.1805,3
3.9872,5.8232,3
0.93032,5.4662,3
3.2667,0.4087,3
4.8517,6.2026,3
2.6517,7.8935,3
4.5829,-0.74324,3
4.8837,3.6135,3
4.3054,1.1806,3
1.8464,4.4537,3
-5.5965,-2.0163,1
5.8718,6.7859,3
4.217,1.8178,3
7.2629,3.9616,3
5.3992,-0.64258,3
2.2251,5.4342,3
-1.1323,2.6541,3
4.8263,5.1652,3
-0.73667,-1.9415,2
-5.2244,-6.2105,1
4.6298,4.715,3
2.5901,-0.32203,2
6.7996,4.4462,3
5.7277,1.8623,3
0.70777,1.4679,3
3.5176,6.2925,3
-2.4961,-0.83412,2
2.3562,2.0127,3
2.0427,3.4503,3
2.9249,1.7742,3
0.040684,4.7065,3
6.2059,1.3761,3
4.3547,3.7271,3
1.0708,4.7433,3
2.6863,3.8516,3
2.7896,3.2524,3
2.3991,1.7546,3
5.4957,6.2203,3
6.4181,4.1419,3
8.1267,7.112,3
-0.32809,-1.9286,2
3.5505,10.061,3
2.4794,0.42109,3
6.7086,4.3619,3
5.3563,3.2908,3
-4.3582,1.496,1
4.741,5.1288,3
4.1657,6.3876,3
4.7781,3.3724,3
2.6929,4.2686,3
3.8545,6.2087,3
7.7323,4.7201,3
4.9167,4.682,3
2.4396,0.49914,3
7.0315,5.2888,3
4.1356,8.4718,3
5.0343,12.994,3
2.0765,3.0188,3
5.8974,3.8024,3
0.0020409,0.80888,2
1.2879,1.651,3
3.2921,4.9777,3
1.8818,1.8469,3
1.4193,3.8425,3
3.7812,11.685,3
-2.9791,-0.78403,2
5.2185,3.9315,3
5.6752,2.2434,3
1.5359,1.5692,2
1.6443,2.5004,2
4.7027,4.4574,3
4.6036,6.0294,3
6.4091,3.8274,3
5.4525,6.6718,3
4.6692,5.1189,3
4.7056,7.8068,3
0.81334,1.9659,3
0.56583,5.1793,3
3.9912,7.127,3
4.218,3.0382,3
-3.799,-6.358,1
3.3569,7.009,3
-1.884,2.9079,3
2.602,2.8888,3
0.21092,1.2911,3
5.3156,3.5392,3
2.0247,3.5008,3
4.0946,5.0241,3
4.8027,1.2329,3
5.2274,7.3082,3
-0.37302,-1.8937,2
4.2106,7.7625,3
1.2888,6.2671,3
4.4591,4.5063,3
3.2779,3.7014,3
4.4128,2.4333,3
1.7648,3.6562,3
3.5209,4.7701,3
3.6667,7.9607,3
-0.88252,0.33581,2
-2.9681,2.02,2
3.8402,2.7336,3
4.0472,5.9279,3
3.6372,2.8008,3
6.1675,8.3507,3
-2.1038,-1.2535,2
0.87731,0.19478,2
2.4866,7.1867,3
6.8726,3.0809,3
2.6169,5.1292,3
3.3958,3.7726,3
2.607,5.9543,3
3.1802,5.3853,3
4.2878,1.1504,3
4.4528,1.8685,3
2.6848,2.7271,3
7.6122,7.8293,3
5.6364,4.0651,3
5.7871,5.1903,3
-1.271,0.86254,3
0.48831,5.2654,2
2.0846,7.4908,3
6.7808,5.4031,3
5.3468,3.6026,3
2.5545,3.81,3
2.5265,1.8954,3
-4.614,-4.2311,1
5.0787,3.4955,3
8.6914,5.7153,3
7.836,5.695,3
2.9293,-0.11394,2
0.66606,5.1819,3
2.8319,2.7286,3
2.0799,2.9457,3
6.0584,4.9773,3
-2.4396,0.54904,2
6.33,4.3592,3
5.012,5.2553,3
6.4692,6.3415,3
6.0684,5.5957,3
4.9051,1.3416,3
4.0599,3.7527,3
0.26054,2.2793,3
3.9124,3.4954,3
3.7019,-0.68299,3
3.321,3.0802,3
5.3456,8.6342,3
3.911,2.1838,3
0.97869,3.4664,3
1.5234,0.86987,2
4.0355,3.1236,3
6.8712,3.2517,3
3.9747,5.1091,3
5.2932,5.7019,3
2.8389,3.3852,3
-0.66951,-0.50543,1
5.1753,0.64929,3
5.3861,2.2527,3
2.9037,3.7142,3
1.9424,4.5494,3
5.0224,1.8806,3
0.1352,3.221,3
0.79412,-0.1488,2
5.1863,0.55315,3
-0.085464,0.16744,2
7.9234,5.7995,3
-0.088867,0.18672,2
0.67747,5.6601,3
-2.1029,-1.7373,2
1.7661,3.074,2
4.8184,1.85,3
2.9838,6.8912,3
4.139,2.3305,3
4.0724,3.9665,3
2.5697,2.1351,3
4.7386,1.8458,3
1.9676,6.5638,3
-3.3735,1.2536,2
3.0214,4.3161,3
4.2823,5.8233,3
1.3171,5.8327,3
5.7319,2.9697,3
4.9181,3.7829,3
4.1154,3.5903,3
2.7498,3.2279,3
3.8295,3.0374,3
2.086,4.3369,3
7.772,1.7933,3
2.6698,4.012,3
6.3105,6.2386,3
6.0438,3.5369,3
1.4335,5.1001,3
8.2239,1.8718,3
4.2024,3.0492,3
4.2366,0.34241,3
5.6276,7.132,3
4.9615,4.2388,3
4.038,1.7387,3
6.5346,4.5874,3
-2.4402,-1.2194,2
0.013957,4.2531,3
2.2802,0.91854,2
3.6875,5.2406,3
6.8496,5.0846,3
1.1863,0.80404,3
5.6626,4.5024,3
5.8829,5.9007,3
10.561,5.5767,3
8.8885,6.984,3
2.9778,5.6937,3
2.3301,3.875,3
-0.84273,0.13669,3
0.9397,4.4998,3
4.2691,4.0335,3
4.6353,2.0575,3
4.1092,5.8696,3
2.0172,4.9661,3
-0.33454,2.6094,3
0.87681,4.4308,3
2.7704,0.6562,3
7.6638,4.5962,3
0.93623,6.5328,3
3.8288,3.8095,3
1.4931,4.7132,3
2.821,0.013193,3
-0.98861,-1.8333,2
5.5481,4.4771,3
-7.2799,-3.6726,1
8.5793,4.9783,3
6.0748,4.1582,3
4.4975,2.5193,3
4.2177,0.79611,3
6.7865,2.7505,3
3.9545,3.7534,3
5.8281,0.87034,3
7.8151,7.0647,3
9.7194,6.6953,3
-4.502,0.064979,1
7.5893,2.6686,3
-9.1251,-6.3239,1
2.1893,0.75394,3
1.854,3.6531,3
4.5782,3.5809,3
2.555,4.4968,3
3.4225,1.2189,3
1.1063,7.5415,3
7.5802,4.6727,3
-2.211,-0.65814,2
3.7373,2.2026,3
2.4595,3.0651,3
3.0722,2.5104,3
3.6613,3.9894,3
4.6215,5.8102,3
6.3855,5.2452,3
3.2591,5.0392,3
0.56386,5.5056,3
0.74121,1.528,2
8.2748,8.2212,3
6.8668,7.5042,3
2.1446,3.2784,3
7.8724,5.6025,3
6.1907,8.2107,3
2.6563,3.9424,3
2.9134,5.6871,3
7.5533,2.8237,3
3.7234,8.7936,3
6.5323,4.5903,3
3.7642,4.7358,3
1.5994,1.6933,3
3.6467,5.2593,3
3.0808,1.8893,3
0.62176,2.0355,2
-0.68249,1.1355,2
6.4358,5.0778,3
2.5617,4.8664,3
6.1278,1.541,3
2.6253,3.5861,3
5.093,3.8176,3
6.5165,3.602,3
-2.9608,-4.6605,1
2.2742,-0.048692,3
2.491,2.9744,3
2.7768,6.4692,3
-5.0819,-4.0334,1
-5.2771,-7.3769,1
2.2626,-2.3129,3
1.7666,3.0385,3
4.24,8.3775,3
-0.28787,1.7356,2
-2.5597,-4.7887,1
-6.4452,-5.9515,1
6.2602,2.8571,3
2.8918,2.6914,3
6.2964,3.292,3
4.1106,7.0787,3
7.2033,1.4711,3
3.6743,1.2043,3
4.6655,3.1543,3
3.8569,-0.75193,3
3.6023,5.7176,3
5.5389,7.0814,3
-1.9188,-0.91167,2
4.518,3.0676,3
-3.5547,2.3802,2
8.1383,6.1065,3
5.4499,0.97063,2
1.719,4.2088,3
0.76782,1.3766,3
-0.65978,1.0627,2
5.228,2.5724,3
0.92631,4.4325,3
9.2644,3.8384,3
6.8517,5.3836,3
7.2958,6.3482,3
3.6458,2.8986,3
3.5231,6.3126,3
1.8886,-0.66905,2
1.2715,5.1723,3
-3.7393,-6.4339,1
-1.0228,4.342,3
3.8886,5.4437,3
6.1505,8.7997,3
7.3478,6.9297,3
-2.063,2.2164,2
6.1382,0.90268,3
7.7612,6.2877,3
1.7518,0.803,2
4.5199,3.4962,3
6.106,2.4686,3
2.2026,0.60401,3
5.34,6.0664,3
1.133,-0.079246,2
5.0847,4.2784,3
2.7907,3.3887,3
-2.6734,2.0285,2
5.9386,3.9114,3
1.7859,-2.1296,2
2.6661,2.0797,3
1.7155,1.8006,3
3.8045,2.8625,3
-0.42892,-0.079382,2
4.211,4.3752,3
1.7737,0.2126,3
3.57,0.62081,3
6.792,5.543,3
2.5422,5.6493,3
5.4039,5.0219,3
-0.92448,-0.038768,2
5.174,4.1972,3
0.057167,6.2074,3
10.191,7.2243,3
4.383,2.1492,3
9.3254,2.3543,3
4.5889,2.1406,3
4.9508,2.2859,3
7.4994,4.1795,3
4.2623,5.4442,3
5.4166,-0.29165,3
-0.1281,1.5954,3
4.1668,3.2073,3
2.9324,0.53066,3
1.6344,3.3964,3
1.9454,3.453,3
8.9472,8.9342,3
6.45,-1.3379,3
5.5929,-1.4876,3
1.1062,-0.69661,2
5.2679,3.734,3
1.2425,2.5351,2
-0.35874,-2.0817,2
2.7574,-0.0029875,2
-0.40484,2.571,3
5.7444,7.1034,3
2.4119,3.1709,3
4.7492,5.24,3
5.7117,1.7742,3
3.4075,3.4562,3
-0.97764,-4.7588,2
1.9539,1.7643,3
0.57935,1.2897,3
4.0721,6.8706,3
2.3182,2.1202,3
2.2169,4.9264,3
2.1633,6.2412,3
7.2106,-1.1168,3
4.2778,4.6,3
1.2156,-1.8353,2
6.5783,3.1188,3
5.9911,2.5926,3
5.865,3.7648,3
6.3593,6.5969,3
3.4004,4.3687,3
-0.69954,1.9527,3
-2.7647,1.925,2
2.3698,2.5055,3
4.4799,7.8061,3
3.3852,0.25551,3
6.4019,-0.23591,3
3.7311,5.4616,3
2.7624,3.0904,3
3.4009,5.6409,3
-0.026292,-3.8717,2
3.8945,3.414,3
4.0702,4.4017,3
1.8208,5.7152,3
6.1275,5.1622,3
2.8652,3.4557,3
-5.2683,-3.2949,1
-4.9542,-7.6618,1
2.9603,3.4089,3
2.5397,4.4162,3
6.4537,0.76924,3
3.2034,5.7914,3
1.6108,5.4836,3
9.0443,2.339,3
5.381,4.014,3
4.776,3.7111,3
-0.71449,5.8099,3
-5.5633,-7.8233,1
3.821,5.1767,3
2.0082,5.5818,3
5.6138,4.835,3
8.3363,5.1925,3
3.3478,3.7276,3
4.2326,2.4384,3
4.6873,-0.48553,3
5.7416,5.6836,3
5.5208,5.5389,3
1.7272,2.5046,3
1.9228,3.4109,3
5.6894,4.5828,3
4.0033,4.6793,3
4.9256,3.1087,3
-0.57921,1.1607,2
2.9098,7.6916,3
-1.3226,-2.5273,1
4.8636,2.931,3
-5.6453,-4.2692,1
5.1467,0.25977,3
-7.1254,-4.4326,1
4.7773,3.5073,3
2.7031,-1.4284,3
3.9145,3.1465,3
2.7601,4.8682,3
4.1128,6.3206,3
-2.2121,-4.365,1
4.1633,4.7706,3
-3.9201,-3.3368,2
2.5572,3.9035,3
3.8622,5.5844,3
-0.25703,1.2911,3
2.6365,0.3074,3
4.6221,3.5956,3
4.4692,2.8426,3
3.8162,6.336,3
6.6451,6.6426,3
1.68,-0.19993,3
2.9139,4.0093,3
-1.8847,1.1427,3
3.0393,2.9056,2
-4.199,-5.2483,1
1.6997,0.91277,3
1.1878,6.835,3
4.4254,7.1167,3
4.5444,3.5906,3
2.9359,4.1349,3
2.4321,2.4312,2
5.0209,3.9132,3
2.0327,4.6946,3
5.4692,4.0044,3
3.1178,4.7143,3
-0.58226,0.29358,3
0.97115,5.7144,3
2.7753,1.4319,3
1.3607,3.7483,3
4.2542,2.9194,3
-2.7211,-2.0485,1
0.33334,6.8868,3
2.6489,-0.48907,3
1.1344,1.494,3
6.1336,7.1743,3
5.6939,5.2857,3
1.9725,-1.6489,3
5.1032,4.5069,3
2.3988,2.1965,3
0.039413,-3.1515,2
5.3894,3.9022,3
-1.6352,-1.7414,3
4.196,2.044,3
1.2428,1.0776,3
3.2538,1.8206,3
6.8801,7.3782,3
7.418,5.9038,3
1.0679,2.2376,3
8.1511,2.2934,3
2.1394,4.1845,3
-2.4984,-2.7057,1
-1.4984,-0.42349,3
7.3352,6.5918,3
0.77733,-0.60934,3
-1.3464,2.7583,3
2.8462,3.6204,3
2.2077,4.4012,3
6.1804,3.1765,3
3.7822,5.8381,3
5.6318,3.4804,3
6.4696,5.4662,3
3.7115,1.0989,3
-0.42372,-3.0116,1
2.3334,5.4211,3
5.9022,7.5227,3
5.1363,7.279,3
-0.28307,-1.2061,2
3.068,-1.5614,2
5.5895,6.5823,3
6.2987,-0.15749,2
8.2936,9.1355,3
-0.18017,3.264,2
5.6995,-0.29295,3
2.5772,6.8696,3
4.0968,4.6302,3
8.9503,7.2342,3
3.7057,5.011,3
4.4143,2.375,3
5.7601,4.0141,3
6.2775,3.8417,3
4.1076,-0.35439,3
-4.173,1.2635,2
5.2134,0.5824,3
3.3128,7.5221,3
6.387,6.4762,3
4.207,7.8486,3
-1.2707,-5.0429,1
5.1446,3.8176,3
6.7124,5.0049,3
5.464,4.765,3
-0.0049414,2.3916,3
3.5173,4.5686,3
4.6559,8.81,3
6.3128,1.6187,3
0.99728,0.44479,2
-2.8367,1.7185,2
6.964,-0.014825,3
4.6298,5.2087,3
3.8638,3.9154,3
-3.7395,-3.7196,1
6.8233,1.2187,3
3.6327,-0.011296,2
-0.44752,-0.11381,3
5.0522,1.4195,3
6.6236,4.8166,3
-1.0188,2.3849,3
7.8803,5.3423,3
2.2026,3.2939,3
-1.3593,0.16669,2
6.1488,4.4446,3
4.7329,2.8271,3
4.6385,5.6709,3
-4.5888,-8.5425,1
-4.4656,-2.3904,1
0.64691,-2.1733,2
-0.71814,-4.6245,2
5.4244,3.0116,3
8.387,4.831,3
2.1309,-0.28594,3
6.0434,4.0912,3
2.883,2.6282,3
4.0739,4.4115,3
4.8008,4.1804,3
2.9567,4.6043,3
0.93402,3.8349,3
4.4044,2.789,3
8.1883,4.5788,3
6.2557,3.7898,3
-1.2469,1.8611,2
3.5592,5.784,3
6.6044,0.29078,3
3.3775,6.3395,3
7.0772,2.0778,3
2.4911,2.8564,3
0.52808,0.157,2
1.2175,-1.3037,3
6.6439,0.98004,3
3.4204,7.1484,3
0.89607,3.1731,2
2.2448,3.6686,3
2.7233,6.5724,3
5.613,4.2165,3
6.3312,6.6241,3
6.6042,6.4227,3
4.657,5.6455,3
1.3044,0.48212,3
2.8021,-0.2994,3
1.7154,1.461,2
4.1009,8.3299,3
2.8991,2.5574,3
3.9932,2.8477,3
3.1555,6.7955,3
1.0956,3.3954,3
1.1427,1.8256,3
3.2155,0.57379,2
1.8143,1.3452,3
2.2296,1.7027,3
6.9798,4.4441,3
2.2485,0.51284,3
5.2142,4.919,3
6.4199,6.3939,3
7.12,4.084,3
-7.17,-4.9887,1
6.2413,10.272,3
1.199,-2.9784,2
6.3582,2.352,3
-1.4573,0.22271,2
6.7926,2.6404,3
-1.7667,-4.4993,1
5.6422,4.9192,3
3.1874,3.5203,3
5.0583,1.2531,3
-1.2374,-0.97126,1
1.9398,4.4613,3
2.2077,3.1144,3
2.1425,3.7383,2
6.814,1.1121,3
3.9866,4.1906,3
7.0978,3.3714,3
-4.9514,-4.0454,1
2.7485,3.7034,3
3.5257,3.8118,3
4.5954,3.5535,3
3.2064,0.49985,3
1.245,2.8025,3
5.0587,1.3491,3
2.6929,6.609,3
2.8094,8.138,3
5.3739,5.7452,3
5.5205,4.2954,3
-2.0651,1.7568,3
4.4601,2.9412,3
3.6273,1.4066,3
-1.6641,-6.4768,1
3.5006,2.7754,3
0.53713,6.3535,3
1.2873,1.0318,3
8.7538,3.9867,3
5.9071,1.2273,3
5.1824,1.7464,3
4.1187,6.1049,3
5.8305,5.8509,3
5.657,5.0406,3
2.6062,5.1802,3
3.3336,5.3089,3
2.1774,5.4001,3
4.6205,4.099,3
3.6108,7.0787,3
-0.22066,-4.2418,2
-3.5948,-4.1924,1
1.3776,1.8056,3
0.221,-1.6302,2
4.1099,5.0781,3
5.8861,7.273,3
-0.56177,0.28367,1
-4.3971,-0.2628,1
5.1946,3.8419,3
-3.2731,-1.281,1
2.9833,-1.0652,3
7.7323,4.626,3
3.9572,3.8368,3
8.7056,7.2213,3
7.7206,2.9995,3
2.9169,1.899,3
5.3452,5.3237,3
2.5478,5.7982,3
5.3133,0.75844,3
-2.7714,-1.8433,1
7.3346,4.5155,3
4.5635,3.1687,3
2.8522,0.80688,3
3.3389,3.6631,3
5.2851,6.4991,3
7.3087,4.9679,3
4.8126,4.4314,3
0.8317,5.3098,3
4.0349,2.9576,3
2.3283,-1.1568,3
4.4767,4.7417,3
0.94877,2.9409,3
3.964,5.3443,3
5.1076,4.4327,3
-3.9445,3.1971,2
1.0519,0.24958,3
5.5444,5.6059,3
3.7466,3.8619,3
2.3593,3.0836,3
1.8262,2.9316,3
4.7303,7.5308,3
3.7115,4.4596,3
4.5692,4.7395,3
5.9051,6.0401,3
-0.72342,-2.9895,2
1.3027,8.0529,3
4.6215,7.2011,3
5.2497,0.57368,3
-0.88945,-1.1084,2
4.5742,4.3607,3
5.3669,4.9616,3
3.2444,4.001,3
7.573,5.1729,3
5.3694,4.1498,3
3.6103,2.6665,3
4.3649,4.1727,3
6.4949,3.5576,3
2.1257,5.7546,3
3.8143,6.5365,3
1.5522,5.9631,3
4.1425,2.232,3
3.1288,3.5651,3
6.6819,6.5753,3
-2.7277,-6.0381,1
1.4962,2.3622,3
4.8203,1.7858,3
3.4138,-0.44797,3
3.9351,3.931,3
3.1974,2.54,3
6.0595,4.2687,3
4.0742,5.0954,3
4.131,4.8036,3
8.2212,5.228,3
4.2627,4.3295,3
4.4272,1.2895,3
3.2542,10.121,3
5.1529,5.895,3
-2.1641,3.0901,2
5.0859,3.252,3
4.0492,5.643,3
4.1661,5.9863,3
-0.41696,-4.331,2
6.461,3.5667,3
4.006,1.6272,3
-6.7274,-6.4255,1
-1.0232,-1.6871,2
2.2714,-0.089461,2
1.6627,1.5994,3
3.744,3.3184,3
1.5576,5.7268,3
-0.090314,0.30466,2
8.8995,3.3656,3
0.59239,1.7754,3
7.2357,3.5078,3
4.6769,5.8267,3
-0.35705,-0.56831,3
2.3526,2.0966,3
7.1922,4.5502,3
1.4515,2.6667,3
5.9152,4.5777,3
5.3262,4.3273,3
8.0744,6.6405,3
3.8817,5.3352,3
6.8616,4.2398,3
2.2121,4.135,3
3.6804,4.7368,3
1.9505,2.998,3
2.7746,2.3196,3
4.4193,6.1659,3
1.1097,0.1347,2
4.8173,7.5493,3
5.214,6.728,3
8.093,5.5592,3
3.3707,2.8983,3
0.87277,5.0366,3
1.381,3.5979,3
3.1095,6.4801,3
0.22755,2.5668,3
6.0587,2.9899,3
-0.58221,7.1976,3
1.9905,2.4281,3
4.9756,5.333,3
6.7076,1.3382,3
4.7518,-0.74206,2
2.4975,3.0415,3
2.6956,2.2275,3
3.8063,3.2452,3
4.4318,3.4146,3
-0.91856,-3.6823,2
6.6868,6.9163,3
6.9169,10.175,3
2.9388,0.88555,3
6.5125,0.17094,3
10.59,4.331,3
3.3892,1.1043,3
-3.9222,-8.2793,1
1.7265,3.8963,3
1.3409,2.5306,3
9.4148,4.5473,3
5.2405,1.9993,3
2.7549,5.8633,3
1.7785,1.0239,3
4.4162,6.1466,3
-2.7462,-1.4182,1
9.7754,7.2225,3
-0.98532,-0.40533,3
3.0771,4.3736,3
2.8759,2.7428,3
8.2948,7.4494,3
5.7088,2.1656,3
2.658,2.7607,3
5.0773,2.3375,3
7.5677,4.257,3
-1.1054,-3.3436,2
3.663,5.8939,3
2.2656,1.0317,3
5.5416,2.4447,3
1.1694,0.077981,2
3.7367,1.0545,3
1.4663,8.0814,3
-1.1745,0.80284,2
4.1077,7.7418,3
-0.18911,2.7773,2
5.9673,1.7144,3
5.2682,3.3993,3
8.2857,2.6111,3
3.1613,-0.2666,3
7.9687,5.4451,3
2.2842,3.0475,3
2.3318,3.8376,3
7.6882,-0.17476,3
0.24781,1.9467,3
-2.3527,2.74,2
3.3897,6.4109,3
1.9457,3.3531,3
3.96,2.347,3
-1.1129,1.466,2
0.4333,3.2675,3
3.2022,4.8552,3
2.2624,3.7502,3
3.4493,4.0645,3
-5.6985,-6.6499,1
0.098679,1.2638,3
7.4082,1.9839,3
4.8682,4.1507,3
2.0902,6.0741,3
1.2771,2.4669,3
2.7267,6.1477,3
4.5354,6.9679,3
6.1468,4.3499,3
2.6208,1.9568,3
4.1585,-3.4638,2
2.8824,5.2539,3
7.007,6.0156,3
1.5739,5.3782,3
3.2787,6.2908,3
3.1838,3.1431,3
3.4116,0.77474,3
1.3733,-2.6105,1
3.9564,3.5245,3
-1.3967,2.7459,3
-1.5432,2.5106,3
9.3756,4.2574,3
4.7695,4.0424,3
3.515,5.0101,3
4.2329,3.0533,3
2.4217,1.3731,3
-3.1706,-6.5362,1
3.8974,1.7466,3
4.6503,3.6341,3
2.8752,3.4229,3
5.2236,2.6133,3
1.6966,5.128,3
10.591,7.953,3
6.2849,2.2268,3
7.3558,3.3186,3
-0.059941,0.35379,2
0.91695,-1.6601,2
-0.40229,-0.60064,2
2.4949,3.96,3
0.11282,-3.0349,1
6.2877,0.91773,3
0.8108,0.33834,3
2.9547,5.4535,3
1.2885,4.5871,3
0.99451,1.7748,3
4.1554,1.1554,2
6.0567,6.4446,3
2.872,3.4376,3
2.3344,1.0079,3
0.80159,4.4501,3
-4.9352,-0.88957,1
7.201,3.391,3
2.2924,2.1511,3
2.7054,-0.50626,3
4.9204,-0.43192,3
7.072,3.5266,3
5.3911,5.6332,3
7.0362,4.0346,3
4.1903,2.6457,3
7.2772,1.9883,3
0.19645,4.5346,2
0.22176,5.714,3
4.131,-2.2289,3
2.6844,3.5522,3
6.2886,7.4169,3
2.2823,-4.9226,2
7.5824,2.3686,3
6.4568,-0.44344,3
0.11545,1.0868,3
0.91243,3.1869,3
2.836,4.717,3
5.2113,5.9931,3
7.2952,2.6294,3
-1.0612,-3.788,2
1.0211,4.5353,3
4.251,5.54,3
4.3323,2.19,3
-0.28538,2.852,2
3.0421,3.1752,3
5.0832,5.0542,3
3.9154,4.1469,3
2.2725,2.9051,3
8.1783,7.1718,3
4.7787,4.4245,3
5.3684,1.4142,3
4.6742,3.9603,3
1.2743,2.6741,3
5.7156,5.2093,3
6.2299,7.3498,3
9.0382,-0.12937,3
5.8267,6.9117,3
1.1633,5.5828,3
6.5635,7.3098,3
1.9796,5.262,3
2.4194,4.5791,3
1.8111,1.0069,3
5.8304,4.4078,3
3.6635,4.023,3
5.86,3.0527,3
4.6837,3.0545,3
5.2532,3.49,3
7.2654,-1.3214,3
3.3244,4.0517,3
1.3351,1.4869,3
3.6908,5.0325,3
4.6945,3.0321,3
2.5274,3.797,3
-0.79496,-4.9888,2
3.4862,2.7503,3
8.6417,1.8587,3
2.994,6.3017,3
7.4087,3.9967,3
1.8167,-2.1043,2
4.7968,0.28486,3
2.5617,7.1244,3
-1.8521,-3.2686,1
2.0177,-2.2992,2
5.572,2.0551,3
5.3806,-1.7445,3
-0.2973,-0.60586,2
3.1538,1.7966,3
2.6859,-2.0041,2
8.8915,4.7416,3
0.58307,1.1908,2
6.6907,3.2166,3
1.615,-0.08648,3
0.32868,6.4371,3
-2.4564,-0.72765,2
6.3053,5.913,3
-1.4044,0.071462,3
4.3931,5.7043,3
0.40541,5.001,3
4.5843,5.9423,3
7.0289,3.4818,3
5.8513,7.6259,3
0.31844,6.4913,3
2.502,2.4076,3
1.858,-0.46782,3
2.9946,-1.2358,2
3.8794,5.5723,3
3.6047,0.1028,3
2.0075,1.9589,3
8.3463,5.7301,3
3.3779,0.97661,3
3.7716,5.2849,3
2.0552,5.4406,3
-10.857,-6.4688,1
2.8052,4.7837,3
4.8159,5.2336,3
1.6867,1.4846,2
2.9581,1.8467,3
3.4543,5.0662,3
8.1208,1.978,3
4.4672,5.9401,3
5.4182,7.4646,3
6.0884,4.5825,3
5.1674,5.02,3
5.7118,4.2667,3
2.2833,3.3099,3
4.0228,4.2935,3
3.2027,1.4127,3
5.3998,3.8169,3
2.2975,5.5129,3
0.5061,5.406,3
4.5087,6.3352,3
2.4881,4.0226,3
3.8878,6.5227,3
3.79,6.5388,3
4.4841,7.1352,3
-2.0436,-1.1396,2
5.3105,3.4028,3
3.6449,-0.99563,3
4.2899,6.1611,3
3.6147,4.0214,3
4.5297,4.56,3
-3.9585,-5.6989,2
-5.4121,-6.0043,1
4.8061,6.6746,3
4.6002,1.1699,3
4.7914,2.9444,3
4.6276,6.6007,3
5.0876,5.0879,3
2.06,6.0146,3
-1.2366,4.5528,3
2.5518,7.7063,3
5.4377,4.639,3
4.8845,5.9324,3
5.4196,5.5123,3
2.3801,-1.6158,2
4.8627,6.8843,3
2.6309,2.3516,3
6.4069,2.5307,3
4.5411,5.5704,3
6.778,3.493,3
4.4186,5.5793,3
3.915,4.4172,3
-0.86141,2.5556,3
4.0947,3.3286,3
2.7038,0.0016906,3
1.0155,4.8431,3
6.4725,4.6031,3
4.4463,3.5879,3
1.2556,3.2986,3
1.9452,8.9961,3
6.7419,3.1835,3
6.4356,7.3884,3
3.5102,10.154,3
6.5711,1.7868,2
-0.64134,1.9413,2
6.0088,5.545,3
6.2717,5.0327,3
5.2211,2.7356,3
-1.1682,-7.8889,1
4.0954,5.7851,3
3.2298,2.5597,3
6.0616,3.366,3
5.6004,4.6657,3
-1.9156,-0.56958,2
3.1928,0.4199,2
5.3033,3.899,3
0.55164,2.9201,3
4.511,3.4861,3
3.6538,1.2793,3
3.539,6.4788,3
1.4981,5.012,3
1.3722,2.1227,3
5.5061,4.242,3
0.46074,3.9955,3
1.6696,2.8163,3
4.7227,4.4026,3
7.524,3.2593,3
6.6613,4.3902,3
5.063,4.855,3
-1.4312,-0.78027,1
5.0241,2.7568,3
1.1122,2.4232,3
1.06,3.1607,3
2.154,2.7084,3
-0.39844,4.255,3
3.3542,-0.36297,3
0.29625,2.0487,3
-0.60404,0.47839,3
2.0822,4.4556,3
3.5856,3.9048,3
4.478,3.0604,3
-0.046162,2.9553,3
6.6718,4.6647,3
2.8239,4.5012,3
5.6454,5.6663,3
8.0523,5.9441,3
4.7158,3.8504,3
4.4333,4.1624,3
2.2167,6.3678,3
6.2034,6.9965,3
-2.1604,-6.0416,1
5.8193,7.6616,3
2.4747,2.4073,3
2.718,6.0419,3
6.1757,1.3258,3
4.1577,2.6219,3
3.3866,6.028,3
7.3355,-0.12122,3
5.7755,1.6888,3
5.4161,2.5931,3
-2.6797,-0.38108,3
1.8055,-0.89212,3
5.7931,7.5912,3
-0.43233,0.95425,2
-2.8461,-0.69671,2
2.7374,5.3954,3
2.4728,1.1299,3
4.1792,6.169,3
3.1126,4.3638,3
5.2478,4.6212,3
7.8358,4.573,3
2.2233,3.1608,3
3.4746,2.442,3
2.8907,2.813,3
6.0035,4.3419,3
5.5684,-1.394,3
3.1993,4.2789,3
3.6059,-1.8565,3
4.0805,5.7582,3
5.8905,6.4343,3
4.8527,7.0084,3
5.1924,3.3554,3
1.8431,3.795,3
2.7425,3.0597,3
2.986,2.4511,3
5.3983,5.0071,3
1.3747,4.1264,3
4.9486,5.8297,3
0.16173,2.6416,3
3.4262,1.6545,3
5.2334,-1.0833,2
5.0959,7.2385,3
2.2817,1.591,3
3.2055,3.9061,3
-6.5,-5.7496,1
3.783,3.0948,3
4.5804,7.4381,3
3.9978,4.5241,3
5.8055,1.9931,3
-0.74799,-1.9659,1
11.471,5.6294,3
3.517,2.8801,3
4.2865,6.6394,3
2.3611,2.7194,3
4.2025,4.7206,3
3.9271,3.7997,3
-1.202,2.0923,3
4.3526,5.5077,3
5.8213,6.3634,3
2.637,5.7577,3
5.9014,1.6234,3
5.5597,4.0574,3
5.5502,1.5052,3
-5.3417,-3.0308,1
4.9608,2.524,3
5.6395,1.4802,3
6.7683,4.5305,3
3.1025,-1.8167,2
0.9867,4.3845,3
3.4832,7.0253,3
4.0607,6.9771,3
4.8993,2.0145,3
4.4716,3.6027,3
-2.6484,-3.1471,2
6.5137,1.6977,3
3.8758,5.2673,3
3.6307,2.9622,3
2.2711,5.2198,3
2.4034,0.28153,3
2.1212,1.2583,3
3.799,0.19556,3
5.8978,3.3917,3
-3.0581,0.78684,2
3.6508,5.076,3
3.8564,2.4358,3
4.136,3.535,3
4.0076,3.1167,3
4.3712,6.7121,3
-0.38869,-0.37214,2
6.2483,3.631,3
4.3156,2.5346,3
6.1041,4.9949,3
2.3384,5.4593,3
-0.13765,2.4718,2
7.064,3.6356,3
3.3225,5.811,3
0.86358,5.4039,3
0.18823,3.5745,3
6.5581,2.1634,3
5.5233,4.9674,3
-2.3234,-0.60438,2
8.7026,3.9842,3
4.1537,1.8674,3
4.1254,3.2848,3
4.7734,3.109,3
1.7223,3.2002,3
3.1118,7.8251,3
1.9803,0.39783,3
3.2705,6.1648,3
3.4053,6.7289,3
-0.90669,0.78891,3
3.9167,4.9381,3
7.5829,4.8979,3
5.685,3.2844,3
7.3751,1.2511,3
5.1241,3.0543,3
2.7477,0.48298,3
4.3248,4.9717,3
-3.6724,-4.0389,2
5.8485,8.7185,3
0.81891,7.4064,3
4.6165,2.7227,3
0.65097,5.515,3
6.1334,2.0179,3
6.2333,3.8272,3
-5.6004,-2.6668,1
-0.84987,4.2081,3
1.3782,2.7957,3
3.993,5.0187,3
1.5926,6.4523,3
4.9261,5.0351,3
3.6724,6.8522,3
-0.80468,-0.36734,2
8.0104,4.858,3
4.2478,2.2743,3
-5.8053,-3.4569,1
7.6199,6.8149,3
0.25295,3.4911,3
6.6691,6.5417,3
4.9304,-0.0044573,2
-2.707,-5.8152,1
2.2729,0.70354,3
1.7735,2.8121,3
0.13565,5.2884,3
5.4993,3.6481,3
-4.6078,-0.55878,2
6.4865,9.1127,3
4.0992,6.9992,3
-2.987,-0.97487,1
2.2291,3.6324,3
3.6781,1.1293,3
3.4469,4.8527,3
4.8297,4.5428,3
3.7751,7.059,3
11.988,5.574,3
4.2319,5.7997,3
5.9012,2.7135,3
4.2624,1.6245,3
5.0358,6.1112,3
3.7354,2.1271,3
0.91124,5.2291,3
2.7836,4.9215,3
2.4485,8.8714,3
-2.3525,-4.2896,1
0.12731,6.3538,3
-7.3918,-8.0817,1
6.0004,3.9197,3
4.1314,2.7943,3
8.0163,3.6945,3
3.6589,4.1843,3
6.7001,6.0864,3
3.4504,1.3781,3
4.4763,6.522,3
4.4548,8.0207,3
6.2224,3.4472,3
-4.1765,1.7867,2
5.4307,5.4396,3
4.059,2.9,3
2.2468,2.4441,3
0.15211,5.236,3
6.4301,9.7579,3
5.6828,1.3013,3
-2.5524,2.1616,2
7.5427,7.2758,3
3.4778,-1.9328,2
4.1703,4.0182,3
1.7337,-0.67611,3
8.1185,5.2521,3
1.4481,4.723,3
6.6607,3.7048,3
5.8443,6.5382,3
2.9048,4.798,3
5.9835,7.8218,3
1.1126,4.1767,3
6.0705,4.5734,3
2.6294,1.6393,2
7.19,3.8056,3
2.036,5.8656,3
8.7703,5.2514,3
5.3948,7.6513,3
-0.10856,-2.151,2
0.78304,0.35026,3
4.4807,7.928,3
4.8061,9.7122,3
-3.3936,1.281,2
3.4935,-1.1306,2
7.8063,5.148,3
4.4792,1.0334,3
3.1239,4.3613,3
9.1197,3.7943,3
4.6482,7.0666,3
3.6072,6.2982,3
5.5991,3.0475,3
6.7607,5.2214,3
4.8726,6.8524,3
-0.31294,5.825,3
-3.3714,-0.96848,1
5.4877,8.8421,3
3.9681,5.3258,3
-1.2745,1.3797,2
0.47396,0.42072,2
1.3715,1.9746,3
5.9031,1.7241,3
4.0026,2.5031,2
3.8824,4.6338,3
5.061,3.7884,3
5.9997,4.8251,3
7.0042,2.6026,3
3.9775,3.8923,3
4.6011,0.5903,3
0.4076,-1.8265,2
6.5387,1.4196,3
0.23837,-0.57298,2
4.9585,4.0014,3
0.64444,-0.87592,2
3.9811,3.7354,3
4.5188,5.3847,3
3.4854,0.47939,3
2.1716,-0.30986,2
4.0798,3.5852,3
6.3193,2.6735,3
5.5416,3.207,3
1.2353,1.72,2
-2.1952,-2.5786,1
1.4868,2.5998,3
3.5421,5.3432,3
3.2929,6.4453,3
3.8005,3.5994,3
2.6512,4.6629,2
6.4632,3.554,3
4.3149,3.5382,3
3.7757,5.8882,3
6.5907,10.654,3
4.8028,2.5096,3
2.9299,2.9881,3
6.1234,7.2713,3
1.3783,4.2669,3
-0.21015,-2.5017,2
1.2807,1.167,2
3.53,2.8499,3
4.6607,-0.076283,3
0.036896,2.7825,3
-5.8072,-3.6855,1
3.1762,6.4438,3
3.1187,4.4162,3
3.1015,2.4202,3
-0.4866,0.83526,3
6.3828,2.2054,3
7.5036,4.6808,3
0.94422,0.48237,1
8.5593,7.1281,3
-0.29894,3.8902,3
-3.9951,0.85933,2
6.1744,-0.84944,3
0.89139,-3.4039,2
5.6051,3.9029,3
3.895,6.3486,3
-0.51601,2.4442,3
5.2869,7.6859,3
7.2256,6.05,3
4.8844,4.7171,3
3.6083,1.84,3
1.2732,5.4448,3
3.9759,4.7952,3
5.0642,-0.083071,3
2.4669,0.53689,2
0.50573,1.4216,3
7.3741,5.9775,3
1.4668,0.8514,3
2.6545,4.3259,3
3.3232,2.0694,3
5.6755,11.07,3
6.2607,4.004,3
4.2868,3.7987,3
3.9976,2.7272,3
3.0286,4.309,3
6.4134,4.0991,3
0.39736,5.7715,3
5.8249,5.6995,3
3.9779,3.4319,3
1.8,-1.489,3
2.2302,6.1016,3
3.2343,5.655,3
4.4659,7.4032,3
5.5119,1.4658,3
2.4224,2.0288,3
7.4682,4.1276,3
1.9497,4.3838,3
7.0269,7.0602,3
0.54517,4.1551,3
0.74567,1.3923,3
-1.5289,1.277,3
4.0053,5.2556,3
5.604,7.5694,3
1.6649,4.0123,3
2.9078,4.5295,3
-7.2966,-5.9453,1
7.2524,6.8172,3
0.99448,0.070784,2
5.511,7.3787,3
6.2069,5.0405,3
0.34155,-0.0082789,2
2.1682,3.2953,3
3.554,1.7015,3
2.115,-0.11275,3
1.3785,-0.97386,2
7.241,4.3839,3
0.207,0.81486,2
0.79139,0.28548,2
4.072,2.2635,3
3.9908,4.5376,3
5.3155,2.9325,3
3.8605,5.0754,3
3.447,1.9327,3
2.0062,0.61328,2
4.1921,6.1599,3
0.059965,4.4889,3
0.049889,3.5445,3
6.3792,8.6758,3
2.0192,-0.53738,3
3.3623,0.59652,3
1.7416,6.0246,3
2.4781,5.8687,3
5.0098,7.2516,3
7.6633,6.5599,3
5.6377,2.1783,3
4.5254,4.3278,3
6.175,1.2458,3
6.5365,7.4361,3
6.4631,3.2638,3
5.3327,3.3052,3
3.0413,1.5777,3
-2.6581,1.6536,2
2.7901,1.2937,3
5.8786,6.6618,3
7.628,7.6044,3
-2.9961,-3.0926,1
5.543,1.1024,3
5.3267,-0.15356,3
0.93429,4.6839,3
5.3849,5.0968,3
1.1996,-1.5371,3
3.945,2.2607,3
2.003,7.7668,3
0.78883,1.1408,2
1.1358,3.1701,3
4.0573,4.5217,3
2.3472,6.3441,3
-2.4855,-1.782,2
6.2302,3.06,3
3.8289,3.9133,3
2.0774,6.0897,3
6.1725,7.2485,3
6.5516,5.181,3
-5.7076,-3.9718,1
2.2429,3.5031,3
-1.9847,-0.04381,2
5.1961,5.8631,3
3.71,0.78765,3
6.7104,7.5364,3
5.318,6.1307,3
-4.9343,-2.9968,1
3.054,5.5087,3
4.0705,3.0246,3
-4.6937,-4.2905,1
5.868,1.5288,3
3.1505,2.7568,3
0.71825,5.4597,3
1.5936,3.9883,3
3.1332,1.017,3
4.7767,7.8177,3
1.0774,0.1784,3
1.9793,2.9338,3
4.41,7.9466,3
1.7491,3.9063,3
-1.6372,4.6823,3
7.4953,8.3741,3
5.2196,8.9589,3
4.2752,4.1466,3
6.5298,3.8295,3
4.3369,4.3648,3
-4.4982,-4.8531,1
1.1656,-0.56362,3
3.1882,1.4929,3
-1.4097,-1.6451,2
2.2656,4.1038,3
-1.586,1.3608,2
0.61581,1.2039,2
4.6289,4.5113,3
1.8253,0.22117,3
2.3253,5.1649,3
7.3207,8.6696,3
4.8441,2.5932,3
6.1005,5.9135,3
5.0894,6.8533,3
1.6382,1.0536,3
2.9827,3.0028,3
6.3071,1.722,3
2.811,5.3177,3
-7.5707,-5.2424,1
2.5465,4.4171,3
-0.21346,2.9146,3
5.4156,4.4821,3
3.8831,-1.4481,3
-0.87092,-6.7493,1
3.0811,2.2394,2
4.9368,4.6001,3
2.1106,1.4616,3
3.5496,-0.0099942,2
-1.9083,1.0689,3
4.5949,3.2829,3
3.9837,3.1471,3
6.8457,5.2744,3
3.8674,3.8497,3
2.3688,0.86814,3
7.447,4.0954,3
4.9623,3.6998,3
3.6522,-0.97737,3
1.6437,2.1811,3
6.757,5.6831,3
6.0573,1.7516,3
3.0733,2.9202,3
-0.82976,1.7431,3
-0.60881,0.862,3
7.3169,-1.0283,3
0.44144,1.8894,2
3.3648,3.7144,3
-0.81732,3.2424,3
4.0453,2.6927,3
2.0243,2.2,3
0.65584,2.7275,3
5.4647,4.269,3
4.2934,4.8124,3
1.7838,0.42546,3
-5.3619,1.9237,2
7.0848,2.2985,3
4.0201,2.135,3
3.6739,2.233,3
9.5583,3.3515,3
7.6041,5.2219,3
3.1213,0.97372,2
2.8988,6.3491,3
3.9312,2.8625,3
2.861,3.0812,3
-0.30529,6.2207,3
2.9051,3.4845,3
8.2883,4.6209,3
4.2737,4.0281,3
6.5938,3.6573,3
-5.228,-5.3033,1
7.4749,4.3154,3
0.0064802,0.66769,2
1.8569,-3.5808,3
-4.2389,-5.9966,1
5.6585,5.8543,3
4.9885,3.9249,3
1.0987,4.3055,2
7.1332,6.7922,3
5.25,1.6806,3
4.3123,3.0783,3
5.614,3.3,3
6.5621,8.9842,3
4.2379,4.7476,3
5.4409,1.8279,3
-4.1275,-1.3959,2
-2.321,-5.2292,1
5.0017,4.7609,3
2.4291,6.8706,3
3.7281,3.2419,3
-4.3084,-6.7172,1
4.8084,2.2776,3
3.2313,2.4465,3
4.7026,-0.27435,2
4.4687,6.6033,3
4.2837,2.93,3
3.7526,1.8908,3
-2.8574,-0.28895,2
5.4839,4.7514,3
5.2901,3.7243,3
3.8876,2.3622,3
1.7707,2.5831,3
0.25395,3.5156,3
3.3301,8.3646,3
5.6083,4.8724,3
7.6841,-0.30087,3
1.1654,3.9426,3
5.3616,3.6337,3
8.1479,4.4048,3
4.1579,2.6275,3
1.0883,4.4398,3
0.56163,2.1681,3
2.6201,4.2411,3
4.7522,5.1489,3
2.4307,5.87,3
5.7289,8.9919,3
6.2803,6.9874,3
5.3526,3.0878,3
3.6695,6.118,3
7.9313,1.3238,3
9.1797,3.3647,3
6.3204,5.4074,3
-0.034938,2.5581,2
2.312,2.6094,3
-3.1563,3.6754,3
2.1269,7.3687,3
0.76681,3.1766,3
3.4104,3.0176,3
5.8544,-2.129,3
10.276,4.1319,3
3.3855,6.2521,3
5.8026,5.7505,3
2.7321,1.3703,3
3.4684,6.7064,3
-0.57957,-1.1414,1
5.9142,3.613,3
0.0038291,3.1771,3
3.268,5.1184,3
4.8568,1.8969,3
6.8328,1.5122,3
4.8348,6.8685,3
0.29596,0.32991,3
4.1835,4.5958,3
5.1631,4.0062,3
8.6857,4.9148,3
-2.7847,-0.3659,1
-2.0436,0.46713,2
3.121,0.076227,3
1.9369,2.439,2
-3.1155,-2.5696,2
3.0456,5.0421,3
3.0879,6.5384,3
3.8497,2.0841,3
-1.1862,1.4952,2
4.6084,3.1228,3
2.0111,3.0296,3
9.3832,4.8626,3
6.504,5.5018,3
3.3339,5.6108,3
2.5369,-0.43081,2
3.3103,1.3912,3
1.5178,-3.2945,1
7.0309,3.6846,3
3.3969,4.5696,3
0.73942,3.2486,3
6.108,7.2225,3
5.1976,4.5254,3
7.0623,9.0392,3
3.1674,4.2102,3
-1.493,4.5558,3
2.9106,5.854,3
8.0623,5.7572,3
4.1111,5.348,3
4.5718,6.3771,3
2.2287,2.2816,3
5.7658,6.9388,3
7.8888,5.035,3
-1.5397,1.7641,2
2.7626,4.2715,3
4.1151,6.6761,3
5.5384,4.2844,3
3.8411,2.3218,3
-4.3748,-5.8397,1
4.779,4.9752,3
7.3001,2.4136,3
3.6846,5.2467,3
3.755,7.0947,3
1.6127,2.8329,3
5.7716,5.2621,3
-2.4651,-2.0415,1
3.1118,4.3304,3
3.4329,2.1524,3
4.7222,1.7071,3
2.7306,-1.7696,3
7.9178,9.4652,3
9.1523,5.6319,3
5.017,4.888,3
2.4143,-1.1136,2
5.3335,6.3357,3
1.8345,3.6526,3
3.3673,3.9093,3
-0.5108,4.0374,3
4.533,3.3675,3
9.4366,4.1141,3
1.4971,5.8681,3
5.5387,8.0623,3
4.7441,5.9172,3
2.0187,0.79829,3
2.2336,6.6906,3
-3.9067,-1.6965,2
4.7983,7.8612,3
3.7772,1.6138,2
-2.6796,0.46724,2
0.85935,1.6273,3
2.8261,5.1815,3
-5.8312,-5.5935,1
-0.16439,4.1296,3
6.8302,2.3367,3
4.4587,3.4802,3
-0.2718,1.8961,3
1.8669,5.049,3
3.275,7.0188,3
3.8557,5.9331,3
5.1531,3.62,3
4.3633,7.8054,3
5.4578,5.9274,3
2.0514,3.0192,3
3.7907,5.5685,3
1.9349,2.3053,3
2.526,5.8897,3
-0.31879,2.6302,3
6.2374,5.8044,3
2.5193,3.0316,2
3.1519,3.1001,3
6.7748,8.8678,3
4.3309,2.1978,3
5.0365,6.0469,3
6.1431,4.2442,3
2.9026,4.7923,3
2.6936,0.8464,2
4.9685,3.4143,3
2.9639,6.9016,3
2.6354,1.5318,3
7.6538,2.875,3
2.3507,2.1957,3
0.058809,6.7056,3
5.1536,3.6842,3
3.837,2.8013,3
2.0132,5.7248,3
3.3918,4.4819,3
0.046993,4.3348,3
2.3049,5.1969,3
3.5567,5.7145,3
3.7252,5.7825,3
4.2273,4.1107,3
2.3285,4.9897,3
4.5857,2.905,3
-2.2303,1.8067,3
2.3668,4.367,3
2.5589,1.5252,3
5.8806,3.7186,3
5.5446,4.1316,3
2.4982,6.8286,3
-0.50235,0.56605,2
6.3995,5.6048,3
-2.6619,2.9825,2
4.05,4.8199,3
2.6019,6.8731,3
3.4275,5.1727,3
1.8241,1.905,2
-2.5423,-2.7755,1
4.1201,5.9265,3
8.6935,3.8904,3
6.7956,6.1188,3
6.1641,6.5656,3
3.3704,1.6414,3
3.3921,5.9182,3
3.6827,5.8113,3
4.5231,5.8575,3
7.6246,4.8795,3
-5.9767,-6.4632,1
4.3986,4.9658,3
4.1592,4.9052,3
-0.32626,0.7854,3
6.9898,5.6955,3
-1.807,-3.061,3
3.2784,1.9961,3
0.13443,1.0346,3
8.4166,7.2022,3
2.9063,1.6017,3
6.2016,5.4673,3
3.5146,6.1182,3
3.6491,1.5466,3
4.0443,4.2587,3
-0.34082,4.232,3
3.0029,3.7244,3
1.9792,6.8045,3
2.7915,10.056,3
0.96131,0.47804,3
2.8671,9.0343,3
8.0873,5.506,3
2.6336,2.3342,3
3.8246,2.8324,3
6.8146,3.6933,3
1.7244,3.5207,3
0.37138,-1.6159,1
5.0631,0.769,3
4.2074,4.3811,3
2.7698,4.6194,3
5.412,2.9137,3
4.0451,6.568,3
1.56,2.5117,3
-0.4563,-2.8023,2
5.0944,3.9824,3
5.9405,2.6336,3
7.9593,6.0315,3
6.8475,0.16274,3
5.4807,7.71,3
4.4533,4.0332,3
3.4566,3.9667,3
3.2748,5.3698,3
-0.25573,3.3913,3
2.6069,3.8519,3
-2.8163,1.4871,1
2.8298,4.6274,3
4.0676,4.1197,3
4.8742,6.8557,3
5.0449,3.7918,3
2.568,-1.4575,2
4.7067,6.7907,3
3.6492,3.0839,3
1.9195,4.5477,3
2.6156,0.99598,3
1.518,6.9242,3
2.346,2.458,3
2.7662,4.3565,3
3.8921,-0.51322,3
-0.77378,-6.4531,1
1.7801,4.1655,3
5.5368,-2.2034,3
8.5113,7.4904,3
0.98416,5.4062,3
3.8005,8.2539,3
1.345,1.3837,3
7.6748,4.236,3
7.0306,3.0742,3
2.2683,4.9806,3
1.2479,4.9438,3
8.2629,4.8385,3
0.91258,4.9292,3
5.0263,5.4969,3
-7.1041,-5.5124,1
4.575,3.3431,3
1.0253,7.5383,3
4.451,2.0582,3
6.4642,4.3961,3
-0.73957,7.2048,3
0.39418,1.731,2
1.9715,4.2698,3
4.9671,5.3584,3
2.55,-2.306,2
3.4003,-1.8828,3
4.0627,4.7743,3
5.8397,4.4657,3
4.8686,4.7313,3
3.5403,2.4314,3
-4.8907,-3.2744,1
3.4411,3.5112,3
3.8459,5.4279,3
0.027168,-1.8934,3
4.3295,0.3588,3
1.4368,2.6416,3
1.5754,-0.078237,3
0.42292,0.83507,3
6.6511,4.512,3
1.1458,4.3591,2
3.9988,1.7899,3
3.1622,2.5415,3
1.7984,2.4854,3
3.4531,3.8009,3
7.0301,0.90122,3
7.0349,6.1362,3
-2.427,3.3535,3
5.1823,3.3323,3
-2.7524,-4.6987,1
7.9249,5.7768,3
0.29452,1.1967,2
3.514,3.7004,3
5.0499,10.953,3
3.1667,5.0026,2
-0.8792,0.82145,2
0.93749,3.1333,3
1.8857,-1.7506,3
1.9574,4.9602,3
5.1876,2.5415,3
10.031,4.1043,3
3.0404,6.7061,3
-1.446,-1.8266,2
4.3296,1.7912,3
0.57415,-0.68864,2
5.2123,2.5646,3
0.10164,1.6181,3
6.1247,4.8292,3
2.7028,3.1558,3
2.1588,1.2124,3
6.1948,2.2096,3
4.5004,6.1728,3
3.3498,3.703,3
3.3385,1.3666,3
0.19638,1.6141,3
-7.5293,-5.0667,1
3.2459,5.3013,3
-0.70931,0.14458,3
-2.1076,-1.2955,2
2.1831,4.2112,3
2.166,7.2435,3
2.679,4.9908,3
-5.3729,-6.5196,1
-0.30587,3.5804,3
6.3597,3.3725,3
5.502,6.643,3
4.9397,5.1421,3
1.4599,2.7607,3
1.3323,1.1247,3
4.5561,5.9815,3
3.2534,-0.17574,3
-2.0276,3.3621,2
4.6118,5.0447,3
5.0057,1.8473,3
0.71229,3.6795,3
2.0829,3.8812,3
8.9571,4.3917,3
3.6594,5.5777,3
7.1842,4.7499,3
5.5052,6.785,3
2.7998,2.1329,3
-3.3027,-0.96495,2
5.3444,4.9333,3
1.9886,2.4616,3
4.2316,4.4885,3
4.7776,6.2252,3
4.8039,4.2363,3
7.1269,7.0165,3
7.7163,4.1993,3
4.8691,0.25906,3
6.3419,1.5256,3
4.1656,0.94093,3
-9.8419,-7.5186,1
1.034,-4.0579,2
5.8635,0.14339,3
9.2537,7.2196,3
3.3818,7.0214,3
4.6346,6.6445,3
5.2916,6.5167,3
6.7023,5.8895,3
4.193,0.68808,3
4.2143,2.9256,3
1.7198,1.0027,3
6.1033,8.7566,3
3.8845,2.09,3
-2.7481,1.9694,2
4.1668,6.1233,3
1.1994,4.3885,3
4.4984,5.1381,3
4.3463,4.4202,3
-2.9323,2.2927,2
1.0854,5.2676,3
-0.48215,-1.3549,2
-1.7958,-1.7608,2
2.0096,1.2293,3
7.5464,3.5228,3
2.5632,1.5183,2
2.8429,2.9632,3
-2.9687,-8.8762,1
3.2294,4.3744,3
2.1233,6.1663,3
2.3339,1.8251,3
1.7027,4.0692,3
1.2455,4.8442,3
6.6212,2.5357,3
4.3112,3.3444,3
2.6057,0.6641,3
4.0754,1.9967,3
1.9966,1.4665,3
1.0537,7.8737,3
7.0726,5.433,3
6.8721,3.5723,3
1.692,3.0749,3
5.4632,-0.30242,3
3.3839,-1.639,3
3.3108,0.54255,3
1.6114,4.0152,3
4.5194,4.6735,3
3.0156,4.0481,3
6.7777,4.3088,3
2.1613,1.6001,2
3.3157,6.1474,3
3.896,2.2515,3
6.3865,6.1554,3
5.5988,2.5051,3
1.8396,8.2812,3
2.0268,6.1541,3
2.0819,6.8126,3
7.2835,0.97643,3
3.5775,-0.74399,2
3.2583,6.1767,3
2.9378,0.30701,3
6.5208,5.593,3
3.8183,6.6742,3
4.0551,4.7531,3
-1.3766,-0.21642,2
0.47165,4.0691,3
5.0164,2.6885,3
8.7081,6.9272,3
4.7108,5.3371,3
4.6383,3.0695,3
5.5119,3.6927,3
3.2882,4.0018,3
0.9018,5.027,3
3.6059,5.1385,3
3.9058,3.697,3
-2.3584,3.4094,3
-1.7192,-4.3698,1
10.192,3.1177,3
4.1859,4.0522,3
2.8023,2.5175,3
8.1735,5.0783,3
4.6228,3.1413,3
4.1636,3.0484,3
2.2233,3.8328,3
6.9314,6.1101,3
5.1492,4.8797,3
1.9477,1.9966,3
4.7501,6.7133,3
2.8605,-1.2328,3
5.2127,1.7108,3
4.3236,2.0474,3
6.0437,-4.563,2
6.287,9.1722,3
9.9642,3.5293,3
4.7125,3.6575,3
2.6855,10.629,3
1.2238,0.54523,3
6.653,3.9315,3
5.845,4.8695,3
0.86102,3.3907,3
7.5094,6.3514,3
8.4047,8.2383,3
9.1348,3.7538,3
6.1184,3.0339,3
3.2603,2.5859,3
3.968,4.5022,3
0.9554,0.77496,2
3.4544,0.654,3
0.6767,4.6223,3
5.4065,4.0534,3
5.4193,2.8371,3
8.9214,0.45822,3
5.5204,6.9203,3
-5.2469,-5.3291,1
2.8952,1.4374,3
-4.4301,-0.89163,3
6.6645,1.8556,3
3.7042,2.68,3
1.2702,3.2624,3
6.7228,6.3823,3
3.0555,1.9911,3
5.4316,6.9076,3
4.6658,2.3918,3
2.7472,1.7093,2
3.4038,3.9054,3
4.2392,4.1537,3
-0.46242,1.3312,3
-0.7882,-2.0737,2
1.5182,6.8233,3
1.9332,5.2671,3
1.6745,1.8857,2
2.3101,5.1879,3
0.53328,2.9111,3
-4.8599,-6.6946,1
5.9523,6.1575,3
6.8057,1.2998,3
-2.7727,2.3197,2
5.1303,3.9762,3
4.5573,4.7015,3
0.82612,-0.19633,3
5.5933,4.464,3
4.4471,1.8654,3
7.9369,3.9085,3
3.2946,6.0046,3
6.3782,5.8015,3
4.3152,4.4652,3
0.6999,3.8211,3
4.7443,3.1496,3
0.2892,-0.29204,3
3.8828,4.3556,3
5.7613,8.3667,3
5.0381,5.2347,3
3.1921,5.9141,3
1.991,3.4932,3
1.6849,4.6236,3
4.1688,5.9756,3
4.7306,4.5801,3
-3.3817,-2.6907,1
3.2606,2.9533,3
1.1672,4.4277,3
4.8082,-0.38938,3
3.9118,2.868,3
-1.7916,1.7193,2
-0.82157,-3.4664,1
3.6365,2.7306,3
-0.1225,0.69228,3
4.4813,5.7097,3
1.6665,1.226,3
5.2692,4.5032,3
3.7596,1.5558,3
8.9706,5.1935,3
4.5873,-0.36002,3
4.9889,4.2416,3
2.9359,1.6484,3
1.2424,1.2751,2
3.9222,3.6346,3
4.0707,2.9728,3
1.0797,1.0821,3
2.4322,4.2326,3
-0.542,-0.16642,2
5.6998,6.9896,3
4.7725,4.7914,3
14.145,5.9014,3
-0.3453,2.3167,3
2.1762,0.12779,2
5.0652,2.347,3
3.4173,4.8296,3
2.6035,4.9006,3
1.3752,2.9247,3
1.3898,2.8355,3
