1.591,-0.96906,3
2.1725,1.5087,3
0.44263,-0.57719,3
3.1956,-0.46669,3
-0.37756,0.30081,3
2.2862,0.29857,2
5.0841,0.060215,3
1.2084,-1.3944,3
0.6505,1.1972,2
3.7107,5.0781,3
0.76146,2.1173,3
-2.7108,-1.5025,3
1.9946,-0.32892,3
3.8555,3.4753,2
0.79894,2.9926,3
1.4067,4.4174,3
5.601,3.711,3
0.91398,4.0271,3
4.9807,-1.1337,3
-1.5322,-3.9432,1
-2.5823,1.7146,3
4.1246,-4.8668,3
1.8716,-0.24973,3
-0.34223,-1.1934,3
1.5722,3.821,3
5.236,-1.5507,3
-5.1984,-2.6681,2
-0.49072,-3.6206,1
1.5066,-1.0426,3
3.2095,1.3155,3
0.28765,-2.2538,3
0.12831,4.2612,3
-0.66798,3.9525,2
1.1133,-1.7449,3
4.1869,2.3507,3
3.1486,2.8923,3
-1.485,-0.21973,3
-0.4119,0.65829,1
0.058624,5.8837,3
5.1633,3.0215,3
-2.9138,0.29431,3
-3.5294,3.5559,3
-1.2943,-0.47281,3
1.1773,-0.89546,3
-3.4318,-3.6142,3
-2.6746,-1.7515,3
3.712,-1.7958,3
1.5112,1.3621,3
3.8491,1.3514,3
0.95672,2.0888,3
-1.5403,-0.1624,3
-2.4463,1.7207,3
4.4734,3.4414,3
-0.95695,-4.1158,2
0.16334,-2.1579,3
2.832,0.19622,2
-1.6351,5.7108,3
4.7852,1.5775,3
0.65186,-0.12898,3
-1.0923,0.19304,1
0.851,1.3857,3
0.46694,3.3274,2
-0.28591,1.4601,3
-1.3504,1.7229,3
-2.8113,2.7774,3
-0.35639,0.098892,3
-1.5493,2.0778,3
0.89387,1.8643,3
0.087961,1.4027,2
-1.6158,-1.2056,2
-0.65025,2.9333,3
0.51675,3.1325,3
0.1947,-1.4407,1
0.088693,3.8362,3
-0.21669,1.019,3
-0.79834,-1.7391,3
-1.2793,-1.6217,3
4.5512,1.453,3
2.551,1.815,3
-1.7527,2.0686,3
-2.2907,0.098942,3
-0.028226,0.17085,3
0.37448,-3.5252,3
-3.2791,-0.30977,1
2.4591,0.51446,3
0.3047,-0.70498,3
0.23109,-0.16952,3
-2.2144,-0.83317,3
-0.69522,0.78987,3
0.4007,5.8423,3
0.8225,2.7398,3
-0.36431,0.25761,3
2.4356,0.45333,2
0.52713,0.90689,3
-2.0471,3.1638,1
6.2749,1.3764,3
-3.3247,-1.8222,3
4.5974,2.8779,3
1.4466,5.3715,3
-0.63458,2.7944,3
5.8196,0.36578,3
-2.5041,2.3059,3
2.4226,1.8901,3
1.5838,0.41497,3
-0.7915,2.357,3
5.4154,2.629,3
1.171,3.9946,3
-0.62215,-1.314,3
-2.1003,-3.0612,3
-2.5075,0.65179,3
0.70388,0.13832,1
-1.5734,0.97191,3
-1.5398,-0.65254,3
2.1056,3.9433,3
-2.9414,-6.4652,1
-3.5739,1.9434,2
1.9177,-0.56179,3
1.8718,-2.2622,3
-2.4342,-0.27497,3
1.5503,0.82104,3
0.89696,0.20269,3
1.5059,-1.6907,3
-1.4673,1.9297,3
2.6282,-0.61263,3
1.1744,1.0599,3
-0.68642,4.3014,3
1.0906,-0.96791,3
-0.047597,-2.3706,3
-0.99892,0.31634,3
0.11629,3.8029,3
1.567,5.2433,3
0.27595,3.2685,3
0.55058,-3.8408,3
-2.3162,-4.9025,2
0.71398,-1.3456,3
0.80636,0.57773,3
2.59,1.4989,3
-0.67046,3.1358,3
-0.071707,1.4961,3
1.557,1.4898,3
-0.26246,2.3398,3
2.5444,-0.20848,3
-0.0017666,4.2547,3
3.1762,0.49439,2
0.95035,-0.30301,3
2.6399,4.0897,3
0.81725,-0.44335,3
3.5547,3.6277,3
0.96645,0.81933,3
5.275,0.18189,3
1.2315,2.0217,3
-0.11364,-0.14302,3
-3.2328,-1.2307,3
0.28578,-3.1398,3
1.4772,1.9184,3
3.2844,-0.94264,3
-2.1952,-2.5151,1
-1.0534,4.2221,3
0.68087,1.6793,3
-2.0967,-1.3537,3
-1.3677,2.69,3
-2.2796,0.24913,3
-0.14767,1.4123,3
0.83137,3.3928,3
5.13,1.8411,3
-0.4561,3.6445,2
-4.2081,-1.7905,3
-1.5744,-1.1385,3
-0.79657,1.4583,3
2.5455,3.6555,3
-0.55879,1.5831,3
0.75423,-2.0682,3
-1.5016,2.318,1
-1.7804,0.032014,1
0.82434,3.6546,3
-2.7509,1.6513,2
1.4774,5.8109,3
-0.29086,3.4616,3
-3.278,-1.2178,2
-0.34436,-1.267,3
2.3531,1.0151,3
3.2162,2.7635,3
1.5179,1.2457,3
2.9902,-0.29991,3
1.398,-1.2148,3
3.4283,-1.5294,3
1.15,-0.57552,3
0.86602,4.0409,3
-0.97302,0.0064448,3
1.4639,2.4056,3
-3.8539,-0.46338,2
-2.4798,-1.6023,1
-0.18627,-3.5063,3
3.376,2.2211,3
-0.71724,-2.1262,3
-2.1498,-1.6168,1
-2.0334,1.0275,3
-1.9913,-0.36345,3
1.112,3.7428,3
-0.31095,-2.4596,3
0.28037,1.48,3
2.8171,4.5379,3
3.1784,-1.4895,3
5.0438,4.0093,3
2.7039,-4.3146,1
0.6112,2.6127,3
-1.9521,-2.0761,3
-1.6866,3.0025,3
0.70813,0.13142,3
1.7324,-0.65163,1
2.3785,5.0061,3
0.52146,2.6317,3
-0.23846,-3.7852,3
3.671,-0.84426,3
2.2583,2.0368,2
4.4364,1.5065,3
0.71547,1.3317,3
2.2214,3.5485,3
4.8299,-1.494,3
1.0837,6.3681,3
1.4251,1.6778,3
0.25133,1.8634,3
1.8079,3.0468,3
4.1035,6.1015,3
0.42496,0.45665,3
2.3497,-0.67856,3
2.1683,4.3689,3
-0.52339,-3.3287,3
0.69586,1.4766,3
-1.2063,-0.64236,3
-0.83675,0.93864,3
1.2258,-0.014171,3
-1.5651,-0.096872,3
1.1803,6.0022,3
0.27646,-1.0999,3
-0.45244,0.13978,3
3.6059,-0.0017587,3
1.1794,1.6557,3
2.3783,3.419,3
-0.83458,0.079556,3
5.289,2.0382,3
0.8571,-0.46897,3
-0.10514,3.6871,3
1.3066,0.74291,3
4.4885,-0.38947,3
1.4023,0.7513,3
1.7204,4.4081,3
0.2092,3.1812,3
3.2193,0.56744,3
0.8508,-1.5005,1
3.4018,1.7792,3
3.1452,3.1298,3
-1.8756,0.45315,3
2.2951,1.8438,3
-0.497,1.9823,3
1.3811,3.3833,3
4.4064,0.073482,3
1.763,0.71055,3
-1.6079,-1.6879,2
3.8549,2.4421,3
4.659,-1.3984,3
-1.881,2.1957,3
-0.051096,-0.83134,3
0.32685,-1.826,3
3.1091,3.7602,3
0.99549,0.26233,3
-0.34636,1.993,3
1.1044,-2.317,3
-2.8717,-0.14597,3
0.09887,-0.66861,1
-0.71163,-0.16772,3
1.5021,4.0911,3
0.83541,4.4618,3
-2.1319,2.4212,3
3.904,1.1165,3
-0.32423,1.7389,3
-1.6288,-2.141,3
-2.4796,1.229,3
-0.44338,-2.9311,2
3.6208,1.2902,3
0.81279,3.3357,3
3.1813,2.9026,3
-0.40173,1.9129,3
3.2675,1.8734,3
2.3468,0.75158,3
1.3498,-0.96587,3
-0.71328,2.883,3
-0.18273,3.6743,3
-2.1477,1.4571,3
0.91495,1.4569,3
0.099431,-0.79403,3
-1.7167,0.085929,3
1.5953,1.1274,3
1.404,0.33518,3
-2.5928,0.96931,3
-0.201,2.8622,3
-0.63693,-0.13365,3
0.76045,-0.29988,3
1.1166,5.4331,3
-3.0274,-1.9066,3
5.535,4.4615,3
1.6516,1.7897,3
-1.9435,-5.4459,3
3.0571,-0.057468,3
0.12066,4.0502,3
-1.1035,0.58353,3
3.0199,3.8025,3
-0.66758,-0.94128,3
4.6636,2.1712,3
3.8047,5.6301,3
1.4928,2.5992,3
-2.218,2.8559,1
-2.1706,1.8565,3
-2.6794,-3.5589,3
3.2648,5.7503,3
-0.59622,0.3568,3
0.11708,1.819,3
1.7971,-1.4071,3
-2.4319,-0.24597,3
4.228,1.8318,3
-5.2974,1.2984,3
0.1375,0.043763,3
0.67901,0.62011,3
0.35433,0.77892,3
1.0553,-1.123,3
-0.64837,1.5111,1
2.162,1.3059,3
2.2214,3.3298,3
3.8038,0.51901,3
2.2728,2.6487,3
-0.72309,-0.055875,3
3.0348,2.7815,3
-2.1292,0.37983,3
1.1674,1.2236,3
3.2877,-1.2413,3
-1.795,-3.0328,1
0.89468,0.48926,3
-1.2662,-1.4022,3
-3.5468,-2.0141,2
4.9227,4.0032,3
-1.3551,-3.3781,3
-4.7996,1.6812,3
1.0995,6.4612,3
-2.9826,3.375,3
1.177,-2.2437,2
2.0257,2.876,3
-2.1561,-2.143,2
3.4613,1.6662,3
-1.4536,-0.20219,3
1.6456,2.4696,3
4.2615,-2.061,3
-0.85894,2.8673,3
3.6901,2.7889,3
1.2643,0.72745,3
-1.7282,0.03745,1
2.7804,1.9561,3
-0.0052902,1.4835,3
-2.9174,-0.91954,1
-1.1399,1.7026,3
3.685,-1.4727,3
0.71792,4.3951,3
1.3451,-0.87151,3
-1.357,2.9752,3
3.6197,0.023556,3
0.11641,-1.6329,3
1.3973,2.408,3
1.9141,0.89357,3
-0.96968,-3.1478,3
2.6448,0.42581,3
3.1398,0.43091,3
-0.5429,2.8381,3
0.69921,-0.9249,3
0.94452,-0.63429,3
0.82409,5.0422,3
4.1574,2.163,3
6.3406,2.7634,3
2.8756,2.6965,3
0.90041,0.8661,3
1.257,3.3113,3
1.5849,-0.75191,3
-2.1089,-1.7379,2
-0.68784,-1.8457,3
-1.6971,1.1254,3
1.3801,1.0106,3
2.4039,1.8441,3
0.80461,-1.2555,3
1.2369,-0.25058,3
2.5118,0.74676,3
4.661,-0.34472,3
0.29958,-0.70351,1
-1.6874,-3.4202,3
-0.42303,0.91142,3
2.7347,-1.6918,3
3.214,1.6883,3
0.11963,2.3781,3
-0.65146,-0.46892,3
1.5616,6.5518,3
-0.84811,0.12712,3
-0.051217,3.2487,3
1.2505,1.1174,3
-0.5915,3.2156,3
-0.60121,1.5599,3
1.0805,0.76095,3
2.3523,-2.0255,3
2.6048,1.0219,3
1.9836,-0.82043,3
0.95173,5.3833,3
1.0505,3.7887,3
0.85666,1.7584,3
3.5735,1.7312,3
-2.5501,-3.1391,3
1.4926,0.90434,3
0.24423,3.6633,3
1.0646,1.73,3
-0.085642,-1.6637,3
3.3631,2.3762,3
-1.0236,2.0547,3
3.2579,2.9136,3
0.020937,0.229,3
1.7644,-1.2281,3
0.70447,-1.7986,3
0.77139,1.5453,3
-1.2577,-1.6624,3
-1.596,1.5994,3
-3.0351,-5.1413,1
0.93653,2.1353,3
-0.10559,1.6326,3
2.9483,0.98848,3
0.3139,3.0857,3
-3.7226,1.7864,3
-0.34612,2.3243,2
0.41402,-2.4082,1
1.458,-3.0966,3
0.62474,1.8486,3
2.016,-1.8515,3
-0.7771,-2.9492,3
2.198,1.8356,3
-3.3018,-1.8935,2
4.7426,3.8712,3
1.4892,6.8087,3
1.4872,1.169,3
0.70026,1.8681,3
2.1629,1.3038,3
-0.077432,2.3604,3
2.7508,1.0068,3
4.43,3.9406,3
1.6598,2.2786,3
-0.41162,1.4261,3
1.6872,0.98136,3
-0.026578,0.83856,3
3.2315,-6.6293,1
0.93703,-1.1329,3
3.2944,4.3263,3
-0.63279,-2.985,1
4.9941,5.3576,3
1.6306,-3.5119,3
-1.8538,3.1523,1
0.23179,0.19353,3
4.1493,1.9668,3
2.2439,5.866,3
5.7471,-1.692,3
1.1153,-0.41605,1
2.6405,3.7022,3
0.18884,1.7078,3
5.9025,1.6327,3
5.1257,-2.2459,3
1.4081,-1.9296,3
0.59189,3.5213,3
2.0243,4.5334,2
3.0266,0.83684,3
-2.8976,1.6464,3
-0.55557,-0.46434,2
0.77222,-1.0346,2
1.8556,1.6464,3
0.76382,-2.2417,3
2.8376,1.768,3
-2.2658,4.4029,3
1.8174,3.5395,3
4.4764,3.7959,3
-3.5994,-1.4032,2
1.3069,1.7216,3
-1.3128,-2.9961,3
-1.1692,1.1972,3
1.7672,5.1751,3
4.5989,0.78428,3
-1.033,2.1069,3
2.6272,4.499,3
3.9902,0.047065,3
0.90592,1.6463,3
0.15816,-0.54445,3
-0.75835,1.2654,3
1.6183,1.0863,3
-2.4641,-0.12743,3
-0.52866,-0.28918,3
4.7221,1.7918,3
0.99703,1.8239,3
3.6441,1.4097,3
3.4291,4.4751,3
-1.7492,3.132,3
-0.85312,-0.093099,3
0.65583,-0.22995,2
-0.0079858,-2.7712,3
2.4845,5.8848,3
-1.6116,0.49149,3
-0.34543,3.9224,3
2.4137,0.1524,3
0.1736,3.2076,3
1.298,1.5591,3
-0.41505,0.83448,3
4.4856,1.063,3
-2.8319,-0.22694,3
2.5972,0.46655,3
-0.26127,0.67013,3
3.1132,1.3019,3
-1.0168,-1.1043,2
-1.1107,2.4026,2
-0.71748,-2.6809,1
0.22439,3.7201,3
-0.03651,-2.7134,3
3.4886,2.1358,3
1.521,-0.30862,3
3.0818,2.3668,3
-0.018916,0.92344,3
-0.31195,-1.4709,3
2.3314,-2.3953,3
4.9093,1.4911,3
1.8476,1.1054,3
3.6828,3.7402,3
0.6475,-0.51093,3
3.1649,0.18499,3
-1.1937,0.81691,3
-2.9632,-5.3324,3
-2.6213,-2.5768,3
-0.98082,0.94603,3
0.17504,3.9798,3
3.1022,6.4017,3
1.5559,-0.78524,3
1.3063,3.1811,3
1.9056,3.7464,3
3.5108,-2.6103,3
1.4292,2.9664,3
-0.12962,2.6536,3
0.76422,1.9296,3
-0.014641,3.608,3
-2.0612,-0.083099,3
0.73343,3.7274,3
-1.4487,1.8432,3
0.70471,0.35572,3
-2.7065,3.5655,3
2.9429,-0.82318,3
0.88094,3.1801,3
3.3862,0.40284,3
1.9704,1.1076,3
-0.79368,1.4904,3
-0.92819,-2.033,1
-3.6819,-4.2558,3
-1.2566,-2.8442,3
1.9427,1.2826,3
1.1348,3.7239,3
2.0272,1.1057,3
2.3415,0.88539,3
4.2767,3.6412,3
0.20954,2.8461,3
1.6471,3.0444,3
2.4138,4.6876,3
0.21577,-1.0141,2
0.43456,2.4181,3
2.1194,-3.6215,3
4.1596,4.2123,3
-1.464,2.9163,3
-5.7608,-0.25859,3
3.6374,1.2081,3
2.0753,-2.7406,3
-1.2806,2.4506,3
-2.4905,2.3154,3
-1.8011,-0.38812,2
1.7176,0.16245,3
-0.043086,-0.43432,3
2.4288,0.38369,3
1.6139,0.8589,3
2.279,-1.8388,3
1.3191,5.8732,3
-1.5888,-0.060614,2
0.062641,1.5965,3
-0.38869,1.3288,3
2.8966,1.7609,3
1.2766,-1.851,3
-1.5057,2.6016,3
-4.144,-0.22338,3
3.579,0.77609,3
1.3968,2.6445,3
-0.050268,0.31734,3
0.68232,-0.56154,3
4.0969,0.20179,3
-3.043,-0.74468,3
0.20458,-0.28379,3
-0.53012,-1.7665,3
-0.1546,2.5331,3
2.1072,2.1442,3
2.5326,4.6208,3
0.50185,-3.9148,3
1.8836,2.7535,3
1.1173,-0.37978,2
-2.4975,1.6947,3
3.6302,1.727,3
3.2214,2.6978,2
-2.1588,3.5351,3
0.98015,1.3274,3
0.52716,1.7025,2
3.8669,0.02117,3
0.72479,0.2983,3
-1.5952,-0.24985,3
-5.2838,1.705,2
0.40814,4.7596,3
-1.0679,1.6099,3
1.7581,0.70447,3
0.29429,3.8548,3
1.9185,0.81325,3
3.8938,2.0692,3
-0.3363,4.7214,3
4.1946,3.1292,3
0.17442,0.22821,3
-0.58504,-3.4083,2
-0.51912,2.0058,3
5.0135,-0.32332,3
4.913,3.5448,3
1.2587,3.1713,3
-0.73382,1.9974,3
3.9842,-0.17994,3
-0.36635,-1.4237,3
-0.56735,2.07,3
-0.35367,3.0102,3
4.084,4.5506,3
3.3942,2.276,3
1.1513,0.21336,3
-1.869,-1.9074,1
1.349,-1.6794,3
0.7432,3.2917,3
-1.6561,2.1608,3
2.2435,-0.47368,3
1.0513,0.61729,3
-0.54981,-0.55967,2
1.8594,2.5762,3
3.0164,0.59277,3
3.1914,-2.9657,3
1.3587,-2.0705,3
-1.9891,-0.77052,3
-0.68927,1.8339,3
1.1401,4.3751,3
-2.7663,-1.7633,2
-0.8327,-1.4664,3
-3.9563,0.4693,3
-3.4128,-0.97394,3
1.2857,2.9329,3
0.79015,2.4391,3
6.5778,4.3383,3
-0.0059853,0.011351,3
1.032,-2.8083,3
0.99869,1.3433,3
-1.794,-0.12292,3
3.7322,1.8667,3
-0.97296,0.71688,3
1.3152,1.1567,3
2.1981,2.8951,3
-1.131,-0.8468,3
5.0084,1.1817,3
3.0365,-2.6243,3
1.3869,-0.033916,3
1.3831,-0.44638,3
-0.75088,-1.6459,3
-2.2022,-0.23322,3
1.3591,2.3384,3
3.0404,5.0665,3
0.010818,-1.2116,3
1.9887,3.3442,2
0.89926,-0.85761,3
-1.1613,2.5596,3
4.3783,2.637,3
-0.040618,2.2255,3
2.9592,4.1401,3
-1.3595,2.6404,2
0.9624,2.4072,3
0.03239,1.0486,3
0.23036,5.795,3
-1.1499,2.5211,3
-0.22118,2.4589,3
-2.6138,0.85853,3
3.5344,-2.195,3
4.6874,4.3693,3
-1.6322,-0.38365,3
2.007,1.6016,3
3.3551,-0.23184,3
-0.50496,-2.3996,3
-2.2971,0.37041,3
1.5504,1.0429,3
1.2271,-6.0269,3
2.4171,-0.42544,3
-0.11465,6.4125,3
-0.70235,-4.1101,2
-0.63961,-1.6044,3
-1.6554,0.46242,3
1.8279,-1.8993,3
0.12043,1.9767,3
0.94065,0.35884,2
2.3812,5.0116,3
-2.752,3.3796,3
0.62639,-2.6083,3
5.1898,-1.2188,3
-3.732,-2.7507,1
0.075355,-1.4578,3
-3.9425,1.2306,3
2.5589,2.9191,3
-1.4845,1.2938,3
-3.7436,0.30955,1
0.59397,-1.9248,3
1.2075,-3.6456,3
5.9273,2.1783,3
-2.5025,-0.84203,3
-1.1231,-2.0722,3
-4.0015,-4.9082,1
0.23362,0.39299,3
-0.84908,1.7715,3
0.79135,3.5921,3
-3.487,-1.5291,1
-1.5372,0.1239,1
0.90655,4.0086,3
-1.1348,0.40615,3
1.91,0.9643,3
-1.0588,6.5075,3
-1.9493,-0.95994,3
-0.2539,2.5198,3
-4.2948,-0.73108,1
2.8024,4.1645,3
-2.8038,7.3036,3
2.8114,-0.12419,3
-2.0956,-0.27395,3
0.82788,-0.62337,3
-1.7705,1.665,3
0.68785,0.11363,3
4.7297,1.1079,3
1.0044,-1.555,1
1.7448,-1.3276,3
-1.9596,2.8052,2
-1.3675,-3.5022,3
0.81337,2.3178,3
2.7183,-1.2062,3
0.58011,4.2125,3
0.15775,2.1629,3
1.7019,2.4206,3
3.1201,3.2505,3
0.25578,-3.5817,2
7.4568,-2.0295,3
-0.71059,-1.5817,3
-2.2573,-0.56701,3
2.167,0.60185,3
0.63385,1.8728,3
2.4533,-1.024,3
4.3814,1.1512,2
0.21585,0.22554,3
0.98714,3.8622,3
-1.3197,-1.3573,3
1.925,-0.64373,3
-1.055,0.77927,3
-2.5317,-0.83891,3
1.3265,3.8654,3
2.7542,4.0274,3
-0.081471,1.5769,3
-1.9127,-5.4208,2
2.0739,0.8396,2
1.0284,0.73467,3
-0.1141,2.8638,3
-2.8932,1.2548,2
4.5573,-1.4874,2
1.7743,2.7093,2
-7.152,-0.64834,1
-0.40902,0.050296,3
-1.0565,0.087363,1
0.76667,-1.8657,3
0.095525,-0.09771,3
-2.2038,3.5667,3
0.37538,-0.98835,3
-1.6668,-0.57615,3
-0.70793,-1.4449,2
1.9609,3.3309,3
1.9763,1.5203,3
1.1628,1.4882,3
-2.5341,1.7185,3
1.652,2.3579,3
0.63279,0.35694,3
-3.1975,-2.0951,3
1.6533,3.5456,3
1.1605,1.8403,3
2.204,-0.95285,3
4.2933,2.1973,3
-0.095618,3.4264,3
3.8256,-0.87465,2
2.676,0.69089,3
1.4033,1.6455,3
4.1043,1.7702,3
-2.0438,-0.634,3
1.4806,2.6713,2
-2.5748,1.1585,3
-0.59432,-0.47333,3
1.9827,1.3377,3
-0.53372,0.24493,3
1.3542,-1.1381,3
-1.9658,-0.29462,3
-0.13995,-3.7654,3
0.88241,-0.94326,2
-1.4114,1.7728,3
0.74777,1.6648,3
4.0926,0.69147,3
-2.7587,0.12954,3
0.60928,0.026495,3
2.0073,2.807,3
1.8577,-1.5119,3
-2.8109,-0.6643,3
0.6191,-1.2417,3
4.8951,0.63093,3
-3.4534,0.059567,3
5.4398,2.699,3
1.4945,5.4967,3
1.9285,4.6655,3
3.4256,-1.8788,3
-1.2598,1.155,3
-2.1725,3.5199,3
-0.2066,-2.2074,1
3.396,3.5544,3
1.7713,1.3087,3
-0.23681,0.22377,3
-1.8125,3.8547,3
-0.49826,2.8922,3
2.5541,-0.32356,3
-0.19471,-0.27926,3
-1.2602,0.8196,3
-2.3207,0.4916,3
0.97949,0.55539,3
-3.0722,0.075815,3
2.2069,1.7804,3
4.259,1.7855,3
-0.10159,-2.2039,3
-0.32379,-2.6234,3
3.2884,0.4485,3
1.9982,1.3912,3
0.057247,2.5164,3
1.4534,1.1407,2
2.3277,-2.2248,3
3.0906,4.5172,3
-0.83541,1.3281,3
0.54698,4.0642,3
1.2321,4.3006,3
2.5234,0.45545,3
-0.83134,0.27465,3
2.9057,0.80631,3
0.12334,1.937,3
-0.11345,2.6423,3
0.37402,1.6906,3
-0.29665,1.1233,3
2.1019,-0.41017,3
-4.1473,1.8368,2
0.92597,-0.74751,3
-2.4407,-0.68067,3
0.81523,1.2036,3
0.38686,-0.63877,3
2.9965,-0.28833,3
0.67217,0.7487,3
-0.72388,0.48856,1
1.2129,0.93717,3
0.66733,1.6032,3
-3.1019,0.4339,3
1.783,2.7246,3
1.3667,-0.73657,3
-0.35477,2.9695,3
1.2383,-1.3652,3
-0.34118,2.688,3
2.9788,5.7917,3
1.5904,2.2279,3
5.1976,0.42883,3
-0.81266,-1.5674,3
-2.1994,3.5419,3
0.16503,-3.4604,3
-0.30241,-1.0918,3
0.64167,3.6774,2
5.6077,2.0588,3
-0.96347,5.0923,3
-0.077046,-1.9737,3
1.9776,1.091,3
0.76596,0.94981,3
-0.26618,1.0798,3
0.033948,2.8374,3
-3.206,-4.3414,2
-1.2299,-0.61251,3
2.1949,3.9432,3
0.87551,-1.1032,3
0.49666,-0.76515,3
1.5416,-3.0369,3
1.2112,1.6661,3
-0.061777,3.8678,3
-1.8658,4.4601,3
-3.2453,-2.4399,2
0.49654,0.11118,3
-0.62702,2.074,3
-5.2843,4.4544,2
-0.52012,0.065492,3
1.8747,-2.4534,3
1.2025,-1.6784,3
1.5068,2.0043,3
2.1675,0.28164,3
1.579,0.94967,3
5.1278,-0.52533,3
-0.51215,1.4426,3
-2.1385,0.95106,3
0.43316,-1.1161,1
4.2368,-1.0226,3
2.8371,2.0109,3
2.6538,1.1602,3
0.62542,4.0729,3
3.2499,0.091993,3
-0.78723,-2.6468,1
-1.7408,-1.7792,2
0.645,-0.69765,3
-0.85875,0.77884,3
-5.4573,-4.0503,1
1.5809,3.5656,3
-0.30031,0.4314,3
2.0722,1.0734,3
0.5419,-1.5341,3
2.0295,-0.54968,3
0.72101,-0.53251,3
-2.0831,-1.9244,3
1.0208,2.7692,3
3.2198,-0.0742,3
0.1758,-0.30482,3
-1.7694,1.2506,3
1.9535,3.5849,3
0.056256,-2.3033,2
0.37922,0.7423,3
-2.7853,2.1061,3
4.5346,0.91386,2
-0.25567,1.2858,3
2.057,-3.3621,3
-0.817,3.6772,3
0.5917,2.1704,3
3.6051,2.0355,3
2.8527,2.1958,3
-2.0861,-0.79039,3
-0.27277,2.7297,3
-3.7734,0.64114,3
-2.2134,5.1053,3
4.2584,1.2169,3
-1.7938,-0.10134,3
4.4014,0.49957,3
3.6128,-1.7709,3
1.7242,0.70353,2
4.0523,2.0738,3
1.3913,0.068557,3
3.6776,0.49004,3
6.4856,4.4306,3
0.98444,-1.451,3
-1.801,-0.63034,2
0.35961,1.6443,2
3.5192,0.80519,3
0.81854,1.3169,2
0.5199,-4.6033,1
-2.3176,1.5177,3
2.1987,-0.048084,3
-0.82134,2.5823,3
1.8862,1.1078,3
-0.39167,1.9315,3
-2.8713,0.96414,3
-1.4438,1.4296,3
2.0296,-3.3039,3
-0.59707,3.6904,3
3.668,0.47893,3
2.0696,2.7474,3
-1.8686,1.4966,3
2.8765,1.8817,3
3.6539,0.076941,3
1.5396,4.0058,3
5.9993,5.1651,3
3.2369,0.49952,3
1.9425,4.1976,1
0.7529,2.1966,3
1.7815,-0.28953,3
4.2929,5.5285,2
1.4824,-1.319,3
2.3744,3.3254,3
-0.60872,0.30053,3
0.41251,1.9515,3
6.1798,0.17699,3
-1.4607,-0.91074,3
-3.6806,-3.306,1
-1.8637,-1.9171,3
-2.316,-0.79424,2
0.10382,3.4242,3
0.76219,1.7736,3
-3.1192,-4.367,3
-1.9375,-0.55529,3
-1.0899,2.2717,3
0.59073,-1.9885,1
1.2516,1.8357,2
3.8344,2.7745,3
0.521,3.8575,3
-4.7386,3.0792,1
3.2203,0.20137,3
1.3534,0.88273,3
4.2484,1.0207,3
3.247,4.9314,2
-3.049,1.1325,3
0.6152,0.5155,3
-4.7206,-0.14796,2
0.72723,1.6492,3
1.6371,1.1086,3
0.65906,0.50023,3
1.6433,-2.9352,3
1.3012,-1.6094,2
3.6578,-0.18953,3
2.7188,2.1637,3
-0.59844,4.7863,2
4.2206,-4.6001,3
-0.43518,-2.9204,3
2.7219,-2.1614,3
1.4831,0.36729,3
0.207,0.8705,3
4.5195,1.2115,3
-0.96763,2.7474,3
-0.69128,-0.94373,2
-2.0345,1.1155,3
2.8797,0.068182,2
0.66956,1.5773,3
-2.9366,0.89806,1
0.61815,-3.0028,3
2.2373,0.47037,3
-0.47294,0.2179,1
5.7612,1.6802,3
-2.2797,-1.4299,3
-1.4154,-2.562,3
0.097838,-1.7454,2
0.84216,-2.4233,3
1.5429,4.313,3
-0.94895,2.9756,3
-0.1114,3.074,1
5.1318,0.18634,3
2.7018,1.5148,3
-1.6251,0.32279,3
1.2986,4.5465,3
0.67694,0.3487,3
-2.6674,1.816,3
1.226,1.8977,3
-0.37694,1.2013,3
1.4855,0.55099,3
0.23125,-2.1137,2
2.9107,2.3993,2
0.42702,-3.3953,2
-0.080463,4.1014,2
1.8649,1.8458,3
1.483,-2.3888,3
0.81672,-0.98104,2
0.39934,0.47052,3
-0.58387,1.4888,1
1.8624,2.3369,3
-3.1622,1.1375,3
0.70511,4.4636,3
2.9736,1.0484,3
2.5587,-3.2717,3
-0.87444,-0.10522,3
1.202,0.077733,3
-3.284,-1.6536,3
1.124,4.0175,3
0.21334,4.4901,3
0.65244,0.83106,3
5.3642,-0.77525,3
2.6145,2.4986,3
5.975,0.99608,3
4.9606,1.1719,3
0.28192,2.6792,3
-0.21553,1.3784,3
1.0152,-0.071893,3
-3.8453,1.2758,2
0.66474,-2.1543,3
1.9702,1.3887,3
3.4035,6.0508,3
-0.45206,-0.85476,3
-5.2917,-0.023816,3
-0.089611,1.0191,3
-0.015146,-1.0311,3
3.5288,-1.049,3
-0.051041,-0.32442,2
-1.5446,-2.9354,3
-3.9617,-2.6219,1
-0.57773,1.9024,2
-0.95717,1.4573,3
0.47298,1.2033,3
2.2224,1.4164,3
0.79416,1.9879,3
0.63699,-0.53901,3
2.5866,-0.70415,3
-0.53272,1.3328,3
0.12568,1.5659,1
-2.966,-1.5922,3
4.3267,1.6746,3
2.1002,-1.0198,3
-0.86843,-0.81583,2
-3.0984,-2.1299,1
4.3381,1.9469,3
-3.1525,-0.42095,1
-2.1164,4.8055,3
-1.1994,3.9504,3
0.69475,1.736,3
-1.2638,1.3039,3
1.4918,3.5469,3
1.1015,2.885,3
-0.52837,-1.3827,3
4.2989,-0.85913,3
2.7158,-2.5673,1
3.331,4.3195,3
2.1825,3.2566,3
-2.0382,-0.81932,3
2.814,0.51619,1
1.8174,1.0555,3
3.2277,2.459,3
-1.45,1.399,3
1.7076,-1.6086,3
0.30158,0.54814,3
3.3903,-1.8878,3
0.45933,-0.098964,3
-0.81024,0.51845,3
-0.15308,2.8497,3
1.9937,2.6109,3
1.6527,0.96728,3
-1.6146,-0.65491,3
-0.4764,0.82094,2
-1.6368,2.5835,3
3.086,0.39234,3
1.5083,0.80684,3
5.056,2.4933,3
4.2775,-1.41,3
0.14069,-0.77595,3
3.0482,2.7868,3
4.7883,2.8241,3
1.7871,1.4031,3
5.5127,3.7876,3
-0.3318,-2.4797,3
0.67696,0.36124,3
0.32104,-0.12609,2
-0.035093,-0.47215,3
-2.7808,0.21818,3
-2.0074,2.0621,3
-2.4392,-0.034376,3
1.629,2.7463,3
0.70496,2.3483,3
-0.76301,-2.7,3
0.49248,-3.6952,2
-5.2755,-1.6218,3
-4.1591,-3.7177,1
2.5976,-0.2083,3
1.6772,3.4909,3
3.9654,0.91078,3
2.5964,1.2372,3
1.3888,1.2683,3
0.9066,-2.1644,2
0.4884,0.1373,2
1.6561,2.2009,3
1.0651,0.41309,2
3.4664,3.887,3
-1.4152,-0.9145,3
-4.2504,-2.7898,3
1.1878,-2.3752,3
0.86917,0.98939,3
3.3444,-2.0831,3
-0.50848,2.5648,3
1.6031,2.8601,1
1.9379,4.0398,3
3.1013,2.8665,3
-0.85051,0.55545,3
2.9248,1.0381,3
0.68781,-0.16905,3
-0.28826,-1.2579,2
-0.40684,2.6308,3
-2.5737,3.1292,3
1.047,-0.41024,3
-0.36016,-3.0539,3
-0.86115,0.59887,3
3.4437,2.6551,3
0.8304,0.8267,3
-0.99091,-0.44318,3
-0.75242,-2.2532,1
3.9361,0.8094,3
0.7719,2.9351,3
-3.2942,-2.2254,1
-0.04925,-0.37671,2
-2.8938,-0.8889,3
0.9556,0.18167,3
-1.7343,-0.48952,2
-0.05144,-0.66607,3
1.6524,0.44085,3
0.60566,-3.3628,3
0.4011,-0.58143,3
6.4772,5.7802,3
-2.1319,-0.88071,1
1.5516,3.0776,3
2.1498,-3.1745,3
-0.15788,0.31574,3
0.44655,4.6325,3
6.7086,1.1843,3
-1.2118,-0.31357,3
4.6761,4.243,3
1.7065,-1.7017,3
2.9959,1.7142,3
2.1698,1.3081,3
3.6582,2.6372,3
0.065791,2.7262,3
2.443,5.2893,3
1.4723,-6.051,1
0.21796,-1.7769,3
1.3289,-1.8994,3
1.2874,0.84175,3
1.5118,2.5827,3
3.5835,-2.3044,3
3.5378,-3.2995,3
-0.38754,2.099,3
1.7073,1.8965,3
1.2326,0.57984,3
2.2586,-0.62398,3
2.8093,2.2488,3
-1.8117,-0.75448,2
-2.3658,4.4107,2
0.00027809,-1.0123,3
3.3264,2.3382,3
3.7668,1.8342,3
-0.47636,0.43715,3
6.4084,2.025,3
3.1815,-0.12782,3
-3.8985,-0.83272,3
-0.82317,0.86927,3
0.89195,-2.2241,3
1.61,-0.20437,3
4.3824,-1.3746,3
-2.4155,-4.9558,3
-2.1393,-0.49698,2
-1.0643,-2.7429,3
0.8798,2.1526,3
1.0344,3.4054,3
3.1785,3.6444,3
-2.5449,-0.75417,3
5.3745,2.7827,3
1.1842,1.5557,3
1.8398,1.4079,3
1.9134,-0.11392,3
1.1756,0.93765,3
1.0778,-0.44848,3
0.69015,0.64144,3
5.2662,1.2145,3
2.5356,5.1764,3
-0.20453,-0.27453,3
-3.4734,1.4955,2
2.3913,3.5766,3
-1.8122,1.53,3
1.1878,5.0312,3
0.43625,0.9382,3
-0.41301,-0.98149,2
-1.0075,-1.5671,3
-1.7819,-2.9661,3
0.62108,1.6446,3
3.2012,2.6454,3
0.43865,3.2558,3
-0.75232,2.9979,3
1.6894,0.63877,3
1.5864,-0.57685,2
1.3505,0.17577,3
0.4344,1.2781,2
2.5061,4.5143,3
2.1914,4.1864,3
5.7108,-1.2975,3
-1.4726,0.47475,3
0.018281,-1.6605,3
-0.65759,-0.49246,3
1.4864,0.80549,3
-1.5645,3.8031,3
2.2771,0.53193,3
3.5952,2.9286,3
6.2244,2.009,3
3.0861,1.7667,3
2.0919,-1.2433,3
-1.1414,4.6886,3
4.1375,1.0779,3
-1.5799,0.25825,3
-0.26575,-0.89408,3
0.23964,5.8561,3
2.1808,0.66258,3
-3.4195,-2.944,2
0.65856,1.7696,3
-3.3648,-0.22421,3
1.8852,-3.8893,3
-0.8124,3.1808,3
-0.10031,-2.5291,3
-1.1307,0.64988,3
-2.1424,1.4558,3
2.8897,0.024261,3
3.7684,-2.9843,3
3.1662,2.7653,3
-1.1317,-0.89392,3
2.1626,1.6704,3
1.4408,0.95478,3
4.3262,-2.7903,3
5.8797,-1.3126,3
1.6807,-3.5538,3
-0.56897,-1.4761,3
0.30218,1.1986,3
2.4248,3.6286,3
3.4112,0.91434,3
2.5017,2.5875,3
1.8052,2.9382,3
5.2188,0.61132,3
3.407,-0.98859,3
4.0939,3.0128,3
0.67609,-1.4292,3
0.86775,-1.7601,3
2.5898,4.0698,3
-2.2522,-0.20833,3
1.4741,0.58,3
5.448,2.7683,3
2.7074,-1.3474,3
-1.1359,-2.4103,3
-3.1397,-0.2946,3
2.5206,2.0433,3
4.8917,-1.2434,3
-0.45474,0.50249,3
-0.19523,1.0018,3
1.1908,1.4334,3
0.17565,3.1006,2
-1.3338,0.18725,3
-0.73661,-1.2493,3
1.3648,-0.62096,3
-0.62444,-1.6694,3
3.6542,1.0174,3
3.6261,2.5098,3
4.9198,-2.7902,3
3.8854,1.9716,3
-1.7623,-2.9964,2
3.4682,2.0524,3
3.3592,7.1961,3
-2.363,1.4619,2
-3.3572,-1.2155,3
1.573,-2.4194,3
0.89782,2.8571,2
-1.0272,-1.0475,3
-2.99,-2.0564,3
3.7385,2.5887,3
-1.3118,-1.0213,3
0.54048,0.39224,3
4.2664,-3.3847,3
0.66205,0.34048,3
-1.8062,0.11585,3
-1.8198,2.1507,3
3.0565,-1.6939,2
-1.055,-1.8301,3
2.6345,4.9523,3
1.6617,-3.8045,3
1.0688,2.7277,3
2.9188,1.3884,3
1.8929,0.42112,3
-1.2773,-2.3874,3
0.11966,0.81981,2
3.6441,0.8338,3
-0.23551,3.7184,3
-2.3376,0.71129,3
-2.1893,-0.87717,3
-0.77338,2.245,3
0.66068,4.602,3
-0.7444,4.2033,3
1.017,2.939,3
0.87445,2.353,3
0.68961,1.8374,2
0.26486,3.0269,3
2.4837,1.3655,3
-0.069023,-0.5468,3
0.61829,1.9276,3
-1.2302,3.2123,3
0.099867,0.51636,3
-0.66731,1.2519,2
2.579,3.4148,3
-3.01,-0.98461,3
1.4684,0.48625,3
3.3752,-0.79955,3
0.96856,1.0868,1
4.2893,0.19191,3
-0.6834,3.2706,3
0.24972,-0.38104,3
-1.2614,-1.3289,3
-0.62472,-2.6222,3
1.5369,-2.3219,3
4.8519,1.7753,3
2.1461,-4.4624,3
4.7955,2.5346,2
3.1146,0.90945,3
0.876,1.841,3
0.94993,1.9765,3
2.3266,3.9102,3
-1.3531,-0.19641,3
1.8207,0.15615,2
1.1287,0.43498,3
0.56543,2.9516,3
1.0651,0.22681,3
-1.6482,4.3587,3
0.25045,-0.38202,1
3.2524,2.7697,3
-0.23456,0.84628,3
0.28996,0.0031225,3
-2.3088,0.93243,3
2.3961,0.89239,3
-3.0543,-1.3205,3
-0.78917,-3.0994,2
-2.7274,0.84463,1
-0.17161,-0.29019,3
-2.4692,3.9535,3
-1.6832,-4.1082,3
0.62008,0.40602,3
-1.7972,3.3953,3
-1.9325,-5.6236,1
-3.9618,-3.0544,3
-0.051223,1.8568,3
1.4455,1.8578,3
-3.2263,0.54023,3
-0.82356,-3.7407,2
-1.3284,-0.017939,2
0.8239,-1.5484,3
0.34257,-1.343,2
-1.5997,0.43514,3
-1.3425,0.42984,3
3.7556,-1.2512,3
-1.8854,2.1255,3
3.6659,0.50678,3
0.91798,3.2917,3
2.2021,-2.5057,3
0.82548,1.134,3
2.4774,0.32492,3
-0.57709,-2.6681,1
1.8644,-1.1228,3
2.8689,-1.5395,3
3.7234,0.73711,2
1.688,2.3845,3
3.2008,1.5919,3
-3.0379,-7.2122,1
4.6906,1.4949,3
0.70861,2.8372,3
-0.34799,2.432,3
0.74996,3.6656,3
2.9311,1.4574,3
3.5923,5.0893,3
0.20116,-3.4313,2
5.4974,4.2502,3
-3.0434,0.082622,3
3.9791,1.3121,3
2.8144,2.6699,3
-0.28175,1.1109,3
-1.2262,-1.4359,3
0.95743,-2.6405,3
4.8656,-0.74152,3
1.5722,1.4384,2
0.30403,0.58933,3
2.4354,-0.52888,3
0.65557,0.056354,3
1.3957,4.7875,3
-1.2503,-0.99554,3
-0.71725,1.4049,3
6.9675,5.3985,3
-0.90936,-2.2689,3
2.8963,2.8872,3
1.3384,0.72595,1
2.447,-0.033399,3
1.0189,2.0069,3
-2.0173,4.6097,3
-0.19033,0.92367,3
2.6731,-0.95771,3
0.2879,-2.563,3
4.3307,3.3438,3
1.2735,0.89591,1
0.018699,1.5149,3
1.9112,-0.9032,3
3.5032,-3.0016,3
2.1964,2.9383,3
6.0551,0.90006,3
-0.82358,0.41187,3
-0.60254,2.6346,3
4.251,6.5225,3
2.1182,4.9508,3
3.5238,-1.1341,3
-1.1425,3.9781,3
1.0046,-0.46548,3
0.27974,1.7171,3
4.575,2.0594,3
0.41486,0.59751,3
2.2279,0.84532,2
-4.9413,-0.46115,1
2.3425,-1.0369,3
-1.9725,-0.30192,2
1.6073,-0.19339,3
0.18555,-1.1443,3
0.047123,3.8564,3
4.6082,-0.50717,2
0.51609,-1.4935,3
0.51172,1.7096,3
5.1505,3.4183,3
2.0178,1.885,3
3.7734,2.9575,2
-3.2602,1.3389,3
0.30385,-2.7248,3
-2.0096,-2.2621,1
-0.67069,-2.234,1
-2.7624,-2.06,3
0.9423,2.3937,3
-1.8557,3.375,3
-0.50143,-0.62149,3
2.9727,1.9733,3
3.6988,-0.35212,3
0.38311,3.7728,3
2.5074,-1.1463,3
1.7708,5.8278,3
-0.28924,3.4189,3
0.51916,4.7668,3
0.90581,-2.7877,3
2.866,1.9976,3
1.0658,-1.2465,3
-0.27028,-4.6217,1
2.4361,1.6153,3
2.2417,3.0647,3
-1.4865,-0.91886,3
4.4953,2.7505,3
-0.79626,-4.3999,3
2.2855,-1.0707,3
-1.9297,4.143,3
-0.41324,2.7846,3
2.1379,1.6923,3
0.91687,1.5618,1
-2.0622,2.3756,3
3.837,2.2466,3
2.8069,2.96,3
0.061563,0.95623,2
0.75877,1.021,3
4.1206,7.882,3
-0.6649,-4.6497,3
4.5901,-0.29858,3
1.287,4.7125,3
-1.5628,-0.016039,3
1.3308,3.823,3
2.5426,-0.24289,3
2.8571,3.1974,3
-2.0844,1.4202,3
3.5246,3.5255,3
-1.5572,0.58762,3
-1.081,-0.15435,3
-2.9283,-1.7883,3
0.30561,3.7266,3
-1.5867,-1.7388,3
2.7133,2.8896,3
1.3284,1.6944,3
1.5316,2.0733,3
-0.33891,-5.3459,2
4.6288,6.473,3
2.2069,-2.0566,2
1.2124,-1.0741,3
2.0751,0.89769,2
0.064719,2.028,3
0.57366,0.4298,3
3.0761,5.8359,3
1.9926,-4.3109,3
4.0461,5.7631,3
4.8212,3.9389,3
-2.9243,-2.4032,2
1.5607,-1.6303,3
2.8202,2.5477,3
0.3472,3.1578,3
1.8097,1.4081,3
3.9447,3.1731,3
-6.57,-4.7667,1
-3.4044,3.9116,2
0.047133,2.1181,3
2.0684,0.6865,3
1.6464,2.8336,3
3.259,4.0793,3
2.0685,-0.85743,3
3.6194,-0.82007,3
0.14785,0.19659,3
3.4121,6.2831,3
0.7736,-2.0138,3
2.0393,-1.1058,3
-1.2699,5.4821,3
0.60378,1.3389,3
0.13153,0.36107,3
0.32288,0.73738,3
-2.4826,-0.35917,3
1.8493,-0.37742,3
-0.11549,2.4916,2
3.0995,1.7136,3
-2.3869,-2.4804,3
-1.1845,-0.82479,3
-0.24441,1.4973,3
1.9186,0.84592,3
0.91958,-1.7888,3
-2.5528,-0.070349,3
2.5474,1.1867,3
2.4884,-0.81178,2
-1.8454,4.0154,3
3.9437,1.7588,3
2.1601,3.5556,3
1.7787,2.9864,3
2.2803,1.6876,3
2.827,-1.3127,3
1.0667,3.0993,3
2.6203,0.76901,3
-1.1324,2.0054,3
3.0348,3.0248,3
1.3273,1.403,1
0.57158,-0.7935,3
3.7815,1.5915,3
-1.6269,-0.69437,3
1.0586,-2.0415,3
0.18016,0.97798,3
0.53313,1.0102,3
0.45901,-1.7499,1
3.9193,2.8588,3
1.5007,4.8273,3
0.041584,-0.33602,2
1.268,0.86844,3
-0.25118,-0.28987,2
-1.0064,2.9555,3
-0.9703,0.80399,3
-1.8439,-1.6747,2
0.19305,1.9193,2
1.629,1.5178,3
2.4872,4.6224,3
1.642,-0.25372,3
3.2564,5.1297,3
-1.7149,1.8127,3
2.9,3.3057,3
0.83237,4.2215,3
2.125,0.54531,3
0.92295,2.0151,3
-0.63984,-1.4372,3
0.17182,2.9939,2
1.194,2.9385,3
1.1975,-0.092828,3
-2.5644,-3.457,1
-3.7343,3.6871,1
1.8397,-1.1146,2
0.69236,-1.2926,1
3.0543,0.80232,3
4.4913,1.4924,3
2.101,1.1666,3
-0.22125,-3.5538,3
1.6246,0.70179,3
2.0807,-0.73728,3
1.2562,-0.82268,3
-1.2353,0.94028,3
-1.0935,-4.2371,3
0.79948,4.2785,3
0.88068,-1.6105,3
3.0882,2.6971,3
0.83704,-0.34969,3
2.3056,1.7414,3
-0.14188,0.34016,3
1.4622,1.3334,3
4.2563,2.2927,3
-4.5278,1.3761,3
1.0351,-2.3409,3
2.5953,0.035923,3
-1.2102,-0.7314,3
-1.8272,1.8497,2
-0.16513,-0.69012,3
-0.42983,-1.6339,3
0.03291,-0.66891,3
-0.98523,-1.8845,3
-0.52709,1.6216,3
0.69462,1.7155,3
-0.36713,-2.6089,3
-1.5043,2.9549,3
-1.791,0.99858,3
-0.046538,0.7757,3
-2.2776,0.90278,3
3.2149,3.3784,3
1.2582,4.2709,3
-1.0143,0.14714,3
-0.92049,-0.44607,3
1.3847,2.4783,3
2.9126,5.5778,3
2.269,3.0033,3
0.30504,-1.2047,2
-1.094,1.8909,3
-1.2953,-1.2824,3
3.6136,0.9505,3
1.9928,2.5926,3
2.0332,3.8938,3
1.1474,-0.16389,2
2.3891,-0.31144,3
-1.4373,-2.2225,3
0.79868,2.9215,3
1.4682,-2.1098,3
3.429,4.3059,3
2.1484,1.6127,3
1.583,2.3146,3
-0.23645,1.7427,3
-2.1294,2.4393,1
0.28407,1.164,3
2.2707,2.546,3
2.0152,1.1379,3
3.3872,1.9241,2
-3.0445,-0.93429,3
-1.0025,1.5641,3
-1.2269,3.7212,3
-1.3295,2.1499,3
0.81356,2.6678,3
1.4776,-3.8146,3
4.0651,-2.1308,2
2.1578,-0.33046,3
-2.6018,2.7068,3
1.8892,2.9036,3
-0.37823,0.03976,3
-0.64112,-2.0882,1
-0.12433,3.4469,3
0.12313,1.2366,3
3.7696,-0.67875,3
3.2508,2.6512,3
1.5973,-1.1402,3
1.6965,-1.8607,3
4.31,1.755,3
0.83833,4.0729,3
1.6441,-0.28934,3
3.1393,1.7355,3
-0.3083,-1.8919,3
-2.5352,-6.6445,1
-2.4429,0.37843,1
2.869,-0.80121,3
3.2382,1.6929,3
0.57194,1.8099,3
0.11977,-1.0965,3
1.9466,-0.53477,3
1.205,0.38111,3
-0.63781,-0.68051,3
3.2231,3.5979,3
-1.1477,0.25298,3
-0.66505,0.79514,3
-3.4069,1.3984,3
0.66212,3.0452,3
-2.2607,1.1132,3
0.59176,-1.2774,3
-4.7325,-0.072114,3
0.26533,-1.3088,3
-0.36777,0.29523,3
-2.9112,-5.702,1
6.5164,3.53,3
2.9392,2.3959,3
-3.7413,-4.1801,1
-1.0902,-3.8969,3
3.0119,-1.3416,3
-1.5251,2.692,3
-1.9893,-2.6161,2
0.48509,-3.5343,2
5.981,-0.54485,3
-0.56681,0.27787,3
2.2104,1.1204,3
-1.4771,1.0248,3
0.32524,-3.1394,3
-2.2012,1.5987,3
1.8611,-2.3905,3
2.1833,-0.62484,3
3.4101,5.252,3
2.8624,5.7934,3
0.70049,0.67496,3
0.33262,0.76823,3
-3.6583,-0.015586,1
-0.05273,2.1447,3
1.1382,0.45447,3
-0.15495,-1.339,3
0.05385,-1.8089,3
0.79484,2.7394,3
-2.4691,-1.0366,3
0.19946,-0.062126,3
1.567,1.7496,3
2.0819,4.4505,3
-1.4119,1.4094,3
3.1307,0.73828,3
1.9703,0.098559,3
-2.4561,2.4661,3
3.0861,2.437,3
1.3863,-1.7267,3
0.47385,1.2919,3
-3.5947,0.43971,3
-2.9545,2.9172,1
1.4198,4.3078,3
2.7126,-0.02663,3
-0.15057,2.1745,3
-2.1206,-2.5358,3
-4.268,-3.9451,1
1.0903,-0.2818,3
1.0974,0.2072,1
1.7176,-1.288,3
2.0552,2.5664,3
-0.019693,1.8973,3
0.89112,1.8131,3
1.3072,2.3514,3
2.1392,-2.7766,3
2.2834,1.1965,3
1.9918,-0.98859,3
3.2699,-2.0313,3
-1.8888,-3.2083,1
-0.12887,1.4553,3
2.3781,-0.95955,3
5.0981,-0.74793,3
1.7438,2.7939,3
-2.011,-0.77285,3
2.0595,1.6453,3
2.6209,2.215,3
-2.7418,1.4616,3
-6.6727,-4.158,3
-2.1263,1.6694,2
3.3902,5.1134,3
-2.2975,-1.3764,3
-3.1194,-1.8208,1
-0.80782,-0.8535,3
-2.7628,-3.3044,3
0.068633,1.4383,3
-4.9654,-4.6395,1
-0.24126,2.8396,3
0.19916,-0.47253,3
5.0698,-0.64413,3
1.0223,0.25713,3
-1.5206,1.0772,3
3.0952,4.0383,3
-2.1082,-3.8215,1
3.2991,2.3394,3
0.24141,1.4498,3
-0.033297,1.9992,3
1.4864,-0.21104,3
-0.15185,-0.11302,3
2.7851,3.4514,2
0.98527,0.50748,3
-1.4204,1.4469,3
1.8515,2.8832,3
3.1031,2.4898,3
3.1008,-4.0489,3
-0.46361,-1.8964,3
3.645,0.5802,3
4.6827,-1.1463,3
4.0134,0.86959,3
-0.48551,-2.62,1
5.6537,-1.7415,3
2.161,-1.976,3
0.32218,0.30358,2
-2.749,-1.8594,3
-0.38044,-3.7344,3
0.79455,-1.6364,3
-0.60564,1.2963,3
-2.742,-0.67091,3
-4.4797,0.27937,3
1.4578,1.6824,3
1.7528,3.2257,3
2.0843,1.5555,2
2.0532,0.012243,3
1.5547,-2.8081,3
-2.963,-1.7067,3
-3.8419,3.0145,3
5.2217,6.345,3
-1.6517,-1.7634,1
1.6198,-0.78899,3
3.2936,0.41212,3
3.054,3.703,3
-0.17011,1.9025,3
0.8855,3.4632,3
-0.80784,3.7079,3
-2.5934,0.25903,2
0.4862,-3.1578,1
1.9744,-2.3088,3
1.0926,4.0217,3
3.1473,3.7505,3
4.5492,2.0157,3
-0.09138,0.76461,3
0.90214,-1.469,2
-1.2726,-1.1447,2
0.65174,-0.32771,3
0.90793,0.79493,3
4.932,2.8028,3
-1.5603,-0.09623,2
1.3655,5.7305,3
-2.8185,-1.1395,2
-0.72516,-2.2687,3
-2.1766,-3.4549,3
-0.86655,2.3365,3
0.30823,6.3017,3
6.2232,1.8562,3
-0.73253,0.5258,3
3.9562,2.1759,3
0.97034,1.168,3
-0.69047,-1.5488,2
1.9577,-0.16561,3
-0.89139,2.3923,3
-3.1545,2.2222,3
0.65029,1.9387,3
2.7853,5.2781,3
1.1103,-0.86927,3
1.1741,-0.019264,3
0.0045824,-2.1133,3
-1.0727,-1.8959,3
2.5704,4.7886,3
1.949,1.7501,3
-2.7962,-0.63498,3
2.2622,1.22,3
-3.1773,2.7013,3
-0.50419,1.4832,3
-0.7742,1.0663,3
3.207,0.6395,3
0.72503,-1.7543,3
2.8569,4.277,3
-1.4953,2.5736,3
2.7752,0.14545,3
0.35243,4.8876,3
2.5743,4.4478,3
-1.5996,4.1926,3
-2.4916,0.43627,3
-0.43032,0.44683,3
1.4611,-0.21416,3
-3.9649,3.9768,2
2.6814,3.7008,3
3.2841,0.46254,2
2.4948,0.22131,3
2.7249,3.0255,3
2.622,1.229,3
-1.9797,1.3839,2
2.8972,1.1587,3
4.6085,3.2167,3
1.7652,-1.9327,2
-2.0571,2.9445,3
0.96763,1.6999,3
-2.3653,5.007,3
3.3359,2.7086,3
0.20271,0.95155,3
5.2125,0.62156,2
-0.1056,4.3385,2
1.3858,3.0679,2
1.5322,4.6414,3
-0.73538,-2.9488,3
-0.55562,-0.031354,3
-4.2271,-1.0894,1
3.549,2.9707,3
4.2909,4.2242,3
-3.7931,1.0989,3
-6.4453,0.99779,2
2.6756,3.4122,3
5.1885,2.2897,3
-1.7082,-0.088067,3
-0.673,-0.40964,3
0.53904,3.9448,3
1.2962,0.30536,3
0.99556,-3.344,3
-1.8521,-0.91647,3
2.2818,0.87679,3
-0.051235,-1.092,3
-1.2478,-1.0657,3
2.5305,6.2136,3
-2.5189,-0.17591,3
2.6565,4.1865,3
0.12688,2.1124,3
1.7067,-1.0426,3
-2.1031,1.9578,3
3.159,-1.0773,3
3.2243,-0.91776,3
2.2096,2.4615,3
1.854,1.4739,3
2.4826,-0.35558,3
1.8297,1.2778,3
0.99645,-1.5554,3
0.63817,0.76074,3
-0.81731,-2.2814,3
3.115,1.5828,3
1.6579,0.80862,3
2.1939,2.2703,3
2.0605,-1.5635,3
0.0522,3.4488,3
-0.36457,0.18815,3
2.9132,1.8965,3
-0.69438,-1.1006,3
2.5267,5.0282,3
2.9122,1.8394,3
3.4331,2.4993,3
2.044,3.3238,3
0.42488,0.69344,3
1.2658,1.3383,3
2.6645,3.1449,3
-1.0077,-2.6566,3
5.7042,0.84238,3
-2.2232,0.30883,3
1.6279,-0.58404,3
-1.8643,-0.79728,1
0.24177,0.6045,3
0.81857,-5.0327,2
-0.47032,4.78,3
1.0832,-4.4697,2
2.7437,-2.8061,3
-0.12141,3.5176,3
0.3374,2.667,1
1.1736,0.001687,3
3.7774,0.77985,3
-1.37,-0.827,3
-5.6055,0.96812,1
-0.56309,0.026992,2
-0.57158,-4.3765,3
0.79253,1.3289,3
5.1786,0.71731,3
-0.17281,-0.55681,3
-0.10047,-0.60383,3
3.943,0.79657,3
1.2515,0.46404,3
-0.34788,1.6563,3
0.11732,-0.89424,3
5.1236,1.2424,3
-1.066,0.07578,3
3.1071,3.3642,3
1.6046,-1.2839,3
-2.9097,2.7093,3
-2.1228,-2.6599,2
1.6046,2.4683,3
0.5784,2.9717,3
2.6863,3.2635,3
1.4065,-0.17369,1
0.70934,0.26208,3
3.65,0.75041,3
4.8935,0.8696,3
7.0404,0.73362,3
-6.1692,-4.2743,3
6.2264,-0.97758,3
3.9631,0.81251,3
1.9958,0.48642,3
2.9687,3.4495,3
-3.4041,-2.2972,1
0.945,2.1362,3
-2.5718,0.309,3
-0.29755,-0.60732,3
3.7157,2.0129,3
0.17088,3.1916,3
1.5608,-1.4749,3
1.6784,3.3605,3
1.8874,-1.1613,3
1.0006,3.1282,3
2.3615,4.3376,2
0.86022,6.4296,3
0.87385,1.8435,3
1.7723,-1.078,3
2.6227,3.7449,3
-0.77758,1.9556,3
2.1899,0.9783,3
0.31797,-0.92018,3
2.2656,-2.0339,2
2.7422,2.3814,3
1.748,-0.50165,2
-2.4983,1.4766,3
5.4018,1.2051,3
-2.5226,-0.24424,3
-1.2986,-0.055671,3
2.4036,0.33715,2
2.9891,-2.4083,1
2.9984,1.2217,3
1.5414,-4.7001,2
-0.44459,6.2052,3
1.6661,2.6231,3
-2.4965,2.1822,3
3.1709,3.0162,3
-0.18411,3.8205,3
2.7285,0.32094,3
2.1421,-0.70911,3
1.7564,-0.65716,3
2.8981,2.3798,3
1.9799,-3.358,3
1.6346,-2.2479,2
3.9745,0.37511,3
-3.0514,-1.2366,3
5.0605,0.72135,3
3.6363,-0.86493,3
3.6651,0.52776,3
-1.6568,1.2191,3
0.67308,0.90391,3
4.9474,5.1595,3
-0.85645,0.54879,2
1.3823,1.0001,3
0.40889,0.088069,3
-1.3595,-2.3835,3
-0.33455,6.2939,3
-0.50907,1.3316,3
1.2293,-0.65791,3
2.6107,-3.1829,3
-3.7365,1.6585,3
-2.1676,-0.94847,2
0.65097,-0.69897,3
1.1247,2.1704,3
1.7804,1.1492,3
0.90899,1.5452,2
1.0452,2.2947,3
-0.34414,-4.3956,2
0.13937,2.7942,3
3.3156,1.1391,3
2.6068,0.43771,3
1.5367,1.9938,3
1.1222,3.3221,3
0.51028,0.0098771,3
-0.15341,4.6448,3
0.2184,-2.8299,3
2.5595,6.2768,3
0.7772,2.8201,2
-0.011448,-1.8617,3
0.82314,0.73664,3
-2.8999,-2.5704,1
3.3257,-5.7636,3
-1.5595,-1.7615,2
-0.045835,0.88632,3
0.075052,5.2804,3
-2.0524,2.064,3
-2.5938,1.2208,3
-1.0631,1.6166,3
2.2491,0.28556,2
1.2926,-0.46799,3
1.0378,-1.8425,2
1.7088,1.7452,3
-2.3362,-1.2726,3
1.0068,1.5732,3
-1.6711,0.78347,3
-2.0003,2.1018,3
2.1549,3.3393,3
0.62575,8.0589,3
1.8964,2.2902,3
2.1472,3.0956,3
-1.3165,1.8885,3
0.63831,-2.8844,3
-2.5299,1.0685,3
4.0877,1.5939,3
-0.97419,-0.93436,3
3.0045,0.22194,3
1.1345,2.7411,3
2.5871,-3.5776,3
-0.88808,3.1722,3
0.76707,2.8993,3
3.4307,0.25868,3
3.4669,1.8489,3
0.67246,0.21112,3
0.71625,2.2807,3
4.1527,1.1878,3
2.7047,-1.8436,3
-1.6872,0.71915,3
4.3787,1.559,3
-0.39659,-1.1083,3
2.82,0.18736,3
-3.389,2.5128,3
1.6629,-2.3647,3
0.59616,1.2865,3
-2.4709,0.62485,2
1.0417,0.09184,1
-0.58111,2.5046,1
1.0898,4.3471,3
-2.3898,1.0404,3
1.39,-0.49124,3
6.2779,1.3377,3
0.11414,-4.3542,3
2.4752,3.8746,3
-2.6993,-2.6207,3
6.6945,1.3789,3
-1.332,0.18347,3
-1.4253,-1.4946,3
2.3232,0.47259,3
-1.2547,0.45464,2
3.2815,1.0256,3
3.5395,0.24677,3
2.785,-0.54295,3
-0.81397,2.2412,2
4.2035,1.9873,3
0.75968,-0.68947,1
0.43874,1.1102,3
0.97142,1.3318,2
4.2944,-1.5336,3
1.4461,3.4185,3
0.15587,4.3816,3
-2.0304,1.1806,3
-1.6195,-1.5947,3
1.8971,0.47653,3
-0.85585,3.2871,3
2.7906,-2.1194,3
1.5035,1.7973,3
-0.059948,2.2521,1
4.7119,1.7569,3
2.7963,1.1561,3
1.5025,2.0215,3
0.64246,1.2521,3
1.8894,4.2565,3
1.0705,1.9104,3
-0.45341,-4.3475,1
-0.17412,3.806,3
5.3513,-1.5421,3
0.94627,1.2759,3
-1.4495,5.2977,3
-0.77873,0.4052,3
1.3171,0.13174,3
5.5822,4.1815,3
3.6315,1.9294,3
0.83217,0.36458,3
-1.1699,1.0007,3
2.3071,3.6627,3
-1.5371,-0.80527,2
-4.0727,-1.8292,3
-2.7898,-0.21351,2
2.6689,3.4906,3
4.8282,3.0077,3
2.8889,2.1228,3
-0.70978,0.45242,3
2.384,1.8718,3
1.9531,-0.92819,3
0.54896,0.28374,1
1.8753,1.313,3
3.2913,3.6011,3
2.1316,6.5743,3
-0.58186,0.32769,3
2.0988,-1.8832,3
3.0374,2.7343,3
1.5163,4.8111,3
2.0212,3.6177,3
-1.3612,2.3597,3
2.6398,4.1917,3
-5.213,-2.5192,2
2.5486,-0.0094256,3
2.4339,7.8776,3
-2.2503,4.748,3
0.32887,-2.8958,3
2.2177,1.2337,3
-0.86156,4.6263,3
2.1456,1.6787,2
-0.69718,1.776,3
3.1867,-1.3525,3
0.78579,2.4533,3
0.78942,-0.84286,3
0.42456,1.044,3
-0.57712,1.8415,3
0.27171,-1.6702,2
-0.63258,-0.014828,2
2.5631,0.16287,3
1.4809,3.9952,3
-1.688,1.2154,3
-3.3277,1.6446,3
0.39665,3.7758,3
3.7953,3.4456,3
4.2978,1.495,3
-0.60579,3.0585,3
1.966,4.1543,2
1.2171,1.022,3
-2.0214,1.1877,3
-1.7268,-1.6745,2
-1.2289,-4.3991,3
-2.0907,2.1208,3
4.3218,2.2415,3
4.2254,1.5842,3
-0.95189,2.3236,3
3.5609,-1.2818,3
-1.6325,1.9333,2
3.4186,-0.70975,3
1.1374,0.51906,3
0.082675,1.1297,3
-0.2297,-2.0893,3
-3.5092,-1.3351,1
-0.1519,0.4673,3
-3.7967,3.2388,3
-3.6724,-4.3175,3
2.0462,0.41194,1
-1.2321,2.1156,3
3.02,1.7365,3
3.489,3.0827,3
-0.67962,3.0024,3
-1.823,-1.6217,2
0.9902,0.94905,3
0.15424,1.9743,3
6.1879,5.0674,3
1.2597,3.3601,3
3.7485,2.368,3
3.703,7.2916,3
1.6992,0.95954,3
1.7878,-3.81,3
0.33963,0.8377,3
-0.18814,2.0393,3
3.213,1.0477,3
0.86004,3.2701,3
-2.7156,-0.2448,3
1.6466,-0.25693,2
-2.2348,1.3104,3
1.446,0.46809,3
-0.081349,-0.16299,3
-4.1671,3.3487,3
-2.7307,-2.0898,1
1.035,1.7375,3
-0.77223,-1.6964,3
0.99621,0.8042,3
-0.69387,2.3709,2
2.88,1.8286,3
-0.59763,2.1186,1
1.6446,4.7463,3
0.65239,-2.6867,3
-0.83367,0.15943,3
-5.6368,2.9228,3
2.9206,3.0383,3
-1.5327,-0.36149,3
1.2635,0.73608,3
1.4422,0.97567,3
-1.4837,2.2838,3
1.5185,3.1466,3
2.1405,0.38552,3
0.27407,3.999,3
-0.23497,1.0167,2
1.3229,0.37349,3
3.1083,0.52807,3
-0.19219,-3.0314,3
3.3413,0.74586,3
1.7359,4.1158,3
0.45687,3.6327,3
-0.76678,-0.30926,3
4.9167,0.20755,3
-0.22054,-0.90369,3
1.2952,4.3239,3
3.3936,-1.3611,3
0.24875,-3.5055,2
1.2451,0.11504,3
6.1349,-2.0594,3
0.63997,-0.90001,3
3.6772,-2.5829,3
3.8736,1.9393,3
1.7072,0.57156,3
0.36435,1.7137,3
2.7463,0.9188,3
0.23747,6.4406,3
0.1291,3.9929,3
-0.015322,0.73495,3
-1.7417,-0.2488,2
-1.2898,-1.0089,2
4.4718,2.2838,2
5.4151,2.496,3
2.8835,2.3567,3
5.5494,3.0859,3
-1.4692,0.27433,3
3.9092,5.2713,3
5.6407,0.45047,2
-0.57491,1.8106,3
2.3804,-3.6751,3
-1.7307,0.43603,3
1.8821,2.8297,3
2.9532,2.3507,3
-0.071672,2.676,3
2.296,-0.71152,3
-2.0836,1.2131,3
2.7239,1.0806,3
1.8156,-0.8115,2
1.2475,2.1331,3
4.9345,4.6401,3
2.791,1.9097,3
5.1587,5.6158,3
1.8761,-0.91199,3
-0.25671,3.4706,3
-0.81543,-2.7301,2
-0.12682,2.0474,3
-1.8023,0.70096,2
-0.063969,2.4352,3
-0.54017,-0.018286,3
2.5653,1.323,3
-1.1446,1.5987,3
1.7034,-4.2029,3
-2.0314,0.96209,3
-1.1951,5.8809,3
2.5834,2.597,3
3.3233,1.0332,3
0.95913,1.5033,2
-0.094615,2.4071,3
1.4093,-0.64841,3
2.842,2.1999,3
-2.1107,0.35639,3
4.2789,2.4466,2
-2.0982,-0.098091,3
5.6046,0.96987,3
2.4211,0.19796,3
1.5252,0.32159,2
0.5378,2.1611,3
-3.1884,-3.0263,3
-3.8257,2.3288,3
3.995,5.3186,3
0.19401,-1.157,3
1.2531,-1.4967,3
-0.22763,-0.23154,2
2.7371,-2.2082,3
-2.5821,0.87547,3
3.3552,2.2595,3
0.52526,-0.093654,3
2.6147,0.94372,3
-0.24319,-0.49347,3
-1.4455,0.093341,3
-2.879,-1.1807,3
-2.2136,0.58006,1
0.31831,-0.57039,3
1.7758,0.72362,3
-1.5006,-0.4285,1
-0.25902,-1.6901,3
2.0605,1.4331,3
2.2386,-2.2354,3
-0.18872,1.2571,3
-0.54419,3.2112,3
-0.11872,-0.057608,3
0.34017,5.726,2
-2.1113,0.68173,3
3.6987,-0.16584,3
1.4829,1.7795,3
0.55414,1.6198,3
-1.3653,0.62156,3
3.1664,1.4543,3
-0.8762,3.2506,3
1.21,-2.1396,2
-0.28484,0.28843,3
1.2468,-0.78462,3
4.6482,1.6213,2
0.26464,2.7582,3
1.1686,3.9082,3
2.3441,1.4152,3
-1.3201,0.92837,3
-2.3769,0.96513,2
1.9368,-1.0308,3
-3.1025,-4.9993,1
1.3533,3.1781,3
-2.5894,-0.57517,3
-1.6964,-2.364,3
-0.35247,-0.71568,3
-1.229,2.0934,3
4.1031,-0.81378,3
2.1726,1.3984,3
0.92224,0.6585,3
-0.16942,0.49798,3
-1.967,2.9607,3
-3.3333,3.5656,1
0.90214,-3.1672,1
-1.5194,-0.35275,3
3.2129,4.2155,3
2.2936,2.8702,3
2.7663,2.7156,3
0.17797,0.16035,3
2.1187,-3.4873,3
1.0496,0.40867,2
2.1795,1.976,3
2.0025,3.2532,2
2.0138,-3.1828,3
-0.39152,0.44734,3
3.1267,-2.1408,3
5.4748,1.4048,3
0.7456,0.055552,3
-1.6883,3.504,3
0.91224,6.2158,3
4.8897,1.5638,3
-1.4159,2.7327,3
-0.5858,2.126,3
2.5312,-0.48705,3
-0.77511,1.0109,2
3.3528,-1.2969,3
-1.6362,-2.0281,2
1.4274,-0.71081,3
1.2576,0.71971,3
3.8614,2.7851,3
-0.91636,-0.53339,3
1.6939,0.57874,3
3.1955,2.2099,3
5.283,-2.0834,3
1.679,-0.13469,1
-0.02217,1.8618,3
-0.53833,0.87454,3
-1.6957,-2.2001,2
1.1188,0.11046,3
4.3823,1.0635,2
-3.3601,1.408,3
-0.46715,1.443,3
4.355,3.8316,3
0.89864,-0.078138,3
-0.053344,1.9206,3
1.9119,0.91116,3
0.22521,-0.83396,3
2.89,-0.84801,3
3.8759,3.7805,3
3.3443,1.5971,2
2.7481,-0.92239,3
3.4838,6.4622,3
2.2309,0.83327,3
-1.3821,-2.8278,3
-3.3757,-1.6513,3
-1.842,3.9858,3
5.1382,3.9919,3
-1.5848,-1.2739,3
0.83112,0.68559,3
5.0039,0.77857,3
-2.155,-1.0343,3
3.7589,0.62217,3
6.1183,2.3857,3
-4.1186,0.092083,3
0.87647,-0.94527,1
5.0156,-1.6028,3
2.0193,0.51365,3
-2.6262,0.94949,3
0.40348,0.55096,3
1.486,2.316,3
-1.5614,2.7241,3
4.0798,3.8835,3
0.5329,0.15206,3
2.5934,2.8174,2
-1.7466,0.83418,3
2.4321,-0.15512,3
3.3091,3.0785,3
-1.4549,0.7263,2
1.4712,0.84525,3
-0.1405,0.3419,3
2.9883,-0.058346,3
-0.10143,-1.8809,1
4.9482,4.5269,3
-3.3087,-3.4399,3
3.4488,2.7222,3
1.6838,1.6299,3
3.3083,5.1364,3
-0.10356,0.61691,1
0.79808,0.023012,3
-0.2897,2.1149,3
-0.55519,-2.9645,2
4.1002,5.0637,3
2.5646,0.24668,3
-3.1656,0.36354,3
3.7998,4.2064,3
-2.1513,-0.40358,3
-2.2316,1.7358,2
2.4519,-0.38595,3
-3.5493,-2.2569,1
1.7819,0.62147,3
2.4273,3.5765,3
0.60116,3.6026,3
3.1031,2.7954,3
3.8429,6.9972,3
1.8624,2.6459,3
-0.66477,2.7104,3
0.15312,-0.75538,3
0.090442,2.6779,3
0.36949,-3.2403,3
-0.36403,-2.98,3
-0.37837,0.14492,2
-2.3382,-3.0397,1
0.97707,-0.090612,3
-1.8945,1.4382,2
0.9457,-0.26654,3
-0.0033435,3.4655,3
5.7027,2.2468,3
4.2743,4.3672,3
-0.7596,1.781,3
3.619,4.3754,3
6.6633,0.65067,3
1.7162,0.83439,3
6.0098,2.1375,3
-8.3511,0.45567,1
0.018322,0.86766,3
3.3545,4.1952,3
0.036837,2.4245,3
1.0159,0.90887,3
2.8517,3.4253,3
0.74858,1.7179,3
-0.79279,-0.33332,3
1.59,-2.7837,2
0.14257,-2.4899,3
1.1199,-0.84026,3
0.82852,-0.41221,3
-2.2345,1.1194,3
3.7706,0.227,2
2.6853,-3.5487,3
4.0683,0.091702,3
2.3028,1.6276,3
3.2134,-1.3541,3
2.7216,2.0237,3
3.6622,2.8466,3
-2.8182,-0.0024853,3
-0.25555,-2.4962,1
-0.10576,4.1685,3
2.3463,3.2852,3
-0.78035,0.13823,2
-1.9053,1.4323,3
6.5841,1.9725,3
-2.1356,-1.3247,3
5.8466,-0.078814,3
0.026184,1.05,3
2.8528,3.6359,3
-1.9374,-0.69121,3
1.5934,-4.0378,3
0.96059,-1.9834,3
2.7267,0.44332,3
-0.99056,-2.2045,3
0.89281,3.4625,3
-1.3083,0.77475,2
1.0495,-0.33125,3
1.1104,2.0211,3
-0.67826,-1.1012,3
0.12651,-0.32151,3
3.0666,2.5086,3
-0.8699,-2.0268,3
0.53996,-0.45523,3
5.3039,7.2726,3
1.7152,3.4552,3
-1.9828,-3.5773,1
-4.1756,-5.0795,3
-0.19781,0.98707,3
1.0864,1.9664,3
2.0408,-1.3442,3
-4.1125,-2.9862,1
3.1652,1.7748,3
3.8272,-0.8374,1
1.3076,1.3202,3
3.8524,1.1932,3
1.7263,2.8783,3
3.02,-0.81629,3
4.3558,2.6239,3
0.47357,-0.76076,3
0.58034,-1.4181,3
2.7107,2.1791,3
1.7064,2.0707,3
-0.3175,2.5962,3
2.1154,-0.33593,3
0.16899,0.0060868,3
4.5681,2.127,3
-0.15951,-1.7462,1
-0.2678,0.081629,3
0.35415,-0.33244,1
3.3946,0.88608,3
1.5291,-1.8229,3
-3.107,2.9424,3
1.5224,0.80337,1
-1.385,2.1088,3
-3.121,-2.6157,3
-0.89647,2.6708,3
-2.6743,1.8394,3
1.1075,0.92784,3
3.3373,3.1069,3
-0.76735,0.72215,3
-0.70912,0.70846,2
0.69274,0.91047,3
5.4935,-0.14896,3
1.8842,-0.26963,3
-3.7401,-1.757,1
2.092,-2.2804,2
1.8195,-0.40434,3
-3.1325,1.0406,3
-3.5172,-2.4917,1
-1.8874,-4.5019,1
0.88882,-1.1054,3
-3.5497,1.8573,2
-0.30215,2.1883,3
-0.37358,5.2692,3
4.4622,0.49153,3
2.6236,1.2368,3
-5.8903,-1.8175,1
4.1764,2.6443,3
0.43168,2.1092,3
2.0213,3.1755,3
2.7568,2.4137,3
1.0661,0.10032,3
1.8316,5.4451,3
2.8924,-2.7643,3
3.1392,-1.2354,3
2.2052,3.0185,3
3.8094,4.1161,3
2.5942,0.039838,3
4.755,0.45421,3
-2.9139,-0.7022,3
-1.4768,0.49116,3
5.1809,1.4267,2
1.0094,1.6423,3
1.2349,3.5841,3
3.0206,2.5696,3
-1.3512,-1.1625,3
-0.41249,4.265,3
-0.51101,-1.1983,3
-0.094244,3.2588,3
-0.6274,-0.42949,3
-1.1754,-1.108,3
1.3905,-0.017492,3
1.4383,2.4966,3
1.1769,3.3072,3
-0.041095,-0.12867,3
4.7735,4.392,3
1.1363,3.7489,3
0.28562,1.6273,3
3.4093,2.011,3
2.4254,-0.12641,2
-2.7658,0.4085,3
-1.2946,1.343,3
-0.062551,-0.0983,3
1.2502,-0.077857,3
5.8723,0.81908,3
-0.68127,1.5215,3
-1.8346,1.3957,3
-3.0768,-2.173,3
1.8898,-0.75587,3
-1.264,-4.9158,1
2.3088,5.6537,3
-0.10889,1.1758,3
1.5854,-0.25652,3
-1.7721,0.26609,2
-2.2904,0.52025,2
2.2198,-0.055757,3
4.564,-0.33263,3
-0.047991,-1.057,3
-0.2269,-0.063212,3
-0.60962,3.2365,3
0.16283,0.9932,3
1.1626,-0.71447,3
-2.4354,5.6035,3
-1.7343,-2.5851,3
0.61788,2.1053,3
2.353,-0.53106,3
2.5759,-1.7942,3
4.3742,-1.6366,1
7.2369,1.7703,3
2.109,-2.2788,3
-2.8935,-0.72513,3
2.7353,3.2946,3
-1.7314,2.6383,2
5.2505,-0.83395,3
2.6521,-2.668,3
-0.7267,0.38542,3
0.010205,0.51678,1
4.0744,-2.5532,3
0.055875,0.59318,3
2.8769,3.4504,3
-1.265,-0.75237,2
2.0605,-0.82129,1
-1.0871,-3.4763,3
8.2472,5.2511,3
-2.2371,1.3238,3
3.8787,0.20751,3
3.4546,2.3303,3
1.9961,5.3956,3
1.5581,-2.4366,1
0.87929,4.0263,3
1.5273,1.6048,3
0.042815,-1.0594,3
0.89005,2.5113,3
-4.5474,1.4563,3
4.3926,0.10106,3
-3.2681,-0.84226,1
0.58963,3.9106,3
-4.0208,0.46881,3
-0.19419,2.1502,3
-3.7464,-5.0198,2
4.1464,3.2469,3
3.1364,-1.9508,3
1.2873,-0.25666,3
3.9092,1.9233,3
-0.97394,0.94753,3
0.73997,0.76508,3
-0.85424,-1.5521,3
-3.12,-1.0059,3
2.65,2.3045,3
1.2903,4.3958,3
6.2527,2.0006,3
2.5316,-1.2372,3
4.1849,5.2579,1
2.6884,-1.3797,3
2.9918,1.0041,2
2.1379,2.8134,3
0.85817,-2.8829,3
4.4169,0.91067,3
-1.7478,-2.6832,3
-0.86455,2.8615,1
2.1107,1.0995,3
2.911,3.5946,3
0.33307,-1.9413,3
-1.6669,-1.1123,3
1.1583,0.84134,2
-0.60595,2.4275,3
2.571,2.5294,2
-1.6942,-0.46748,3
-0.68361,4.4632,3
3.2576,2.9012,3
-0.54642,0.31318,3
4.2486,0.22822,2
2.2375,3.3889,3
3.7006,3.3367,3
-0.23989,1.809,2
2.7567,1.5948,2
2.1918,3.9682,3
-1.2676,2.6785,3
5.0107,3.2398,3
1.7431,0.67577,3
-0.076585,0.1524,3
-3.2907,2.1746,3
-3.349,-4.0645,3
1.3427,0.049517,3
3.3328,4.35,3
2.4159,1.7869,3
-0.42797,2.83,3
-0.29797,-2.3983,3
-2.8471,-0.37969,3
1.7628,-0.7004,3
2.7245,-0.61864,3
1.6749,5.4702,3
3.053,2.1811,3
0.0015555,1.4219,3
0.68216,-1.0879,3
-0.18458,1.7302,2
-4.0726,2.566,3
-1.4464,1.1875,3
-0.31073,0.83087,3
0.75927,-1.8963,3
5.1168,0.18982,3
1.5079,8.2049,3
-1.6505,2.6763,3
2.7874,0.48602,3
3.8196,2.244,3
-3.1785,0.36954,3
0.82605,2.8241,3
-2.0385,0.83931,2
-1.0639,-0.013229,3
3.2586,0.89326,3
0.64167,3.8591,3
1.2631,-0.38135,3
1.8647,2.3925,3
3.1158,5.229,3
2.7787,-0.070379,3
1.8284,1.0162,3
0.32565,1.2628,3
-0.23756,-1.0808,3
1.9279,-1.2174,3
0.40496,0.13099,3
-2.5951,1.2174,3
-2.4199,-1.9664,3
3.3076,0.31859,3
-1.3664,-1.4044,3
2.9107,1.5537,3
1.9986,2.4833,3
2.2531,1.6995,3
3.9327,3.346,3
-0.56548,4.3316,3
1.1804,-4.056,3
2.7779,-1.8713,3
-0.74707,1.9142,3
3.1801,0.36748,3
0.79041,3.4662,3
5.6141,1.9296,3
3.8427,4.5145,3
2.1534,-3.1445,3
-0.048254,-2.4519,2
2.4305,-0.61592,3
2.0086,2.4174,3
0.45649,1.6493,3
1.6875,1.0712,3
0.53142,-0.24888,3
1.9998,4.3599,3
1.4684,-0.5138,2
1.5387,-0.29091,3
-2.4724,3.5957,3
2.9524,1.8576,3
2.9717,6.8042,3
3.2911,0.76773,3
-3.5459,1.0856,2
-0.79599,3.4259,3
1.0631,3.9877,3
-2.2637,-1.5667,3
-1.5676,4.0153,3
0.16259,2.1606,3
-0.4093,-0.54929,3
2.7995,0.59125,3
-0.5375,3.1134,2
0.82666,-3.6893,2
3.9101,-2.025,3
5.771,1.4317,3
-0.63119,-0.43077,3
0.41622,1.4706,3
-0.79907,3.1337,3
-2.0328,-0.56661,3
0.57564,-0.13627,3
-0.74712,4.4691,2
-0.0028434,0.2773,3
-2.4399,-1.5797,3
-0.72168,1.9287,3
-1.333,-1.3443,2
1.4555,3.4473,3
-0.40571,1.2737,3
4.6986,1.8601,3
-2.4177,-0.84425,3
2.1668,-0.38021,3
4.5037,-0.30423,3
-0.22353,-0.67425,3
2.7789,0.58152,2
2.0855,0.0082045,3
-1.5077,-0.0050879,2
3.0801,1.4879,3
5.6371,1.9896,3
-0.74465,-0.81585,3
-2.6401,-0.26956,3
-0.42951,1.1781,3
4.1945,0.46902,3
-0.47536,0.63199,3
2.2428,-1.8102,1
-1.7237,-4.7204,1
6.3824,5.1881,3
3.2182,0.76105,3
-1.3045,-0.75362,3
-3.2461,-3.7213,3
1.0233,0.42903,3
-2.5844,-0.78721,1
-2.0647,0.73107,3
-0.75683,1.6801,3
0.41749,1.3777,3
1.8465,5.7829,3
1.1704,0.70712,3
3.4395,4.074,3
2.0222,-4.389,3
1.9714,7.719,3
2.1556,0.64307,3
6.0213,4.3357,3
4.4183,2.904,3
2.3657,-0.17927,3
-2.8952,2.1909,3
1.2811,1.5141,3
2.7446,-1.0174,3
2.7472,4.3002,3
-1.5147,-0.2865,2
2.0036,3.9989,3
3.3751,-2.7333,3
-1.4959,3.3814,3
-0.25324,-2.2251,3
1.3687,0.071916,3
6.0151,2.7426,3
-1.9441,-2.9436,2
0.97707,2.7617,3
3.4548,1.3559,3
1.6212,0.13423,3
1.0928,-0.88288,3
1.8619,4.0871,3
2.498,4.4561,3
-3.0094,-2.1805,1
-3.2429,1.1248,3
1.2456,0.067373,3
-4.631,3.3012,3
1.8291,2.4469,3
-0.60389,2.9462,3
-3.666,-1.2034,3
-0.0095649,-2.5911,3
0.93566,2.0197,3
3.3726,0.71947,3
-3.0748,1.6319,1
2.2471,2.2559,3
3.1399,1.056,3
-0.90843,-3.796,1
0.83831,3.8197,3
1.0037,0.9444,2
2.0671,1.5794,3
2.8442,3.7445,3
-4.5057,-1.6353,3
-3.1275,-1.6261,3
-1.6315,-3.6129,3
1.6661,0.21423,3
-3.8444,-0.84272,2
-1.1183,0.91191,3
-3.1032,-5.6896,1
0.75638,1.2277,3
1.4755,3.8307,3
-0.90414,1.1374,1
0.3014,2.0296,3
-0.7018,-1.2389,3
1.2083,2.6246,3
-0.63178,-0.24713,3
2.2092,0.70171,3
3.4565,2.5394,3
3.7822,-0.37773,3
-5.4527,4.1473,1
0.03767,-1.1656,3
-0.94094,-2.3158,3
-1.0691,-1.2615,2
-2.2673,0.69366,1
1.0745,1.407,3
2.4738,-0.56866,3
4.0561,-0.29611,3
-2.489,3.1438,3
-5.9135,-1.1916,2
1.3139,-0.38818,3
-2.9099,-3.135,1
2.729,1.2135,2
2.5531,0.57008,3
2.0339,2.5403,3
1.6789,0.71227,3
3.171,-1.0947,3
-2.0583,-3.1543,2
3.2063,2.1907,3
-2.3038,0.89617,3
2.0103,3.4075,3
2.8519,3.3608,3
3.4533,4.2971,3
2.931,1.5915,3
-0.24902,0.62122,3
1.4338,4.3333,3
1.2224,2.6211,3
-0.95447,-0.91444,3
0.073081,-1.2309,2
-0.51892,1.9806,3
0.8035,1.2815,3
