3.7877,2.8208,3
4.4686,1.9474,3
4.6248,4.503,3
-1.4608,3.9535,3
1.0342,0.87416,3
0.079952,4.2944,3
3.9291,4.9442,3
3.3166,2.9599,3
-0.77334,-3.1639,1
2.9327,3.6521,3
2.6885,5.5062,3
8.4719,7.7571,3
3.5464,3.8666,3
3.0885,5.4397,3
2.6357,6.6064,3
-2.6884,-3.7395,1
3.0735,1.7776,3
2.5589,3.3423,3
4.445,2.0874,3
-6.1557,-4.8109,1
0.74456,-1.8188,2
1.4719,2.4167,3
3.1326,3.8836,3
2.6115,2.206,3
1.4477,0.87528,3
5.6841,2.9873,3
4.0097,6.2167,3
5.3633,0.52047,3
2.9155,2.2504,3
-1.546,1.9972,3
2.9923,3.5993,3
3.6695,1.9089,3
4.3904,4.2868,3
2.9273,3.0818,3
0.95022,4.4937,3
2.2675,6.0785,3
0.55992,1.9566,3
4.0543,8.2654,3
-3.4965,1.4476,2
-0.50572,2.8884,3
3.5298,-0.98383,3
4.4756,8.7053,3
0.51614,2.8033,3
3.0012,4.3287,3
1.2586,7.2619,3
7.2676,4.0244,3
1.3421,-0.35065,3
6.9446,5.4261,3
0.4315,4.2223,3
-0.24109,-3.6549,1
1.9153,4.7762,2
4.2775,0.31153,3
1.85,-0.72192,3
3.3985,0.10699,3
6.5824,9.849,3
-3.5529,-1.6968,1
2.2045,2.8044,3
-0.56598,-0.29507,2
2.4012,3.3107,3
5.3054,1.362,3
4.7583,0.5708,3
0.45865,0.35448,2
5.8806,5.7211,3
0.059908,0.69839,3
0.99853,1.1743,3
3.5756,1.3409,2
-3.0696,0.010404,2
2.9033,2.9277,3
1.6238,1.5051,2
7.7056,4.6677,3
5.2468,6.275,3
4.2805,2.7045,3
3.8349,1.7319,3
4.1233,2.6031,3
1.7891,-0.80615,3
7.645,4.1933,3
0.60212,1.1009,3
2.5362,6.4975,3
6.7736,1.3854,3
0.053298,-3.9414,1
-0.63861,3.3936,2
-2.5628,-2.7866,2
1.742,-0.15439,3
7.7357,2.833,3
2.0002,2.192,3
3.3405,5.0949,3
2.2826,-1.611,3
4.4043,1.3123,3
-2.5285,-0.90633,2
2.0193,0.69566,3
0.61661,3.1222,3
1.4356,-0.10956,3
3.4892,-0.38424,3
3.2971,-2.2991,3
-1.1735,2.8747,3
1.392,5.3991,3
8.7497,3.5409,3
6.0007,-2.9496,3
3.4465,-0.6488,3
-1.8972,-0.4811,2
2.94,-1.1033,3
2.439,1.2016,3
5.9863,1.1757,3
-1.8554,-3.3848,2
-1.0896,4.6339,3
3.8626,1.9152,3
5.2751,-1.2318,3
4.0748,8.6399,3
2.6531,4.2945,3
-0.538,-1.2381,3
5.3926,2.0716,3
0.83498,6.4824,3
2.4652,6.0132,3
3.0464,0.49592,3
-0.33826,3.5755,2
-1.8879,-2.8518,2
0.14987,0.37901,3
3.3697,3.9017,3
6.5598,5.8572,3
5.5447,3.6429,3
2.1094,6.8647,3
4.6114,5.8162,3
4.4654,-0.66457,3
0.69016,2.2623,3
-0.68875,4.402,3
7.4242,5.8864,3
2.921,5.7732,3
2.8055,2.8601,2
0.21116,2.193,3
-2.1446,0.69778,3
7.4056,1.9171,3
3.7573,2.3222,3
0.091956,2.2481,3
-2.3226,-2.9661,3
-2.416,0.45165,1
3.8638,1.8361,3
4.3598,0.68633,3
4.3081,2.3293,3
6.2904,3.6521,3
-0.74989,3.9067,3
0.67201,-0.20546,3
3.681,5.078,3
1.723,2.8586,3
4.5983,4.7243,3
3.7447,2.8601,3
-1.0568,5.4973,3
4.5931,-0.0057354,3
3.6792,4.1987,3
4.685,5.8525,3
2.9578,4.1411,3
4.8688,1.8038,3
2.8157,3.0442,3
2.3046,3.0495,3
0.6226,2.1982,3
2.6067,3.2291,3
2.1996,6.0284,3
1.67,3.5198,3
-0.13567,0.31639,2
2.5737,3.0431,3
3.5148,-5.358,2
2.8303,1.2342,3
-3.9782,2.1209,3
2.358,2.9947,3
1.1086,2.015,3
4.1074,2.8026,3
2.8365,2.3561,3
6.9974,3.5625,3
9.2848,0.16417,3
2.8997,4.9845,3
1.0499,-1.432,3
-1.92,-0.80467,2
1.2595,0.1251,3
1.6174,2.6124,3
5.3353,2.9026,3
2.7748,4.8956,3
2.0415,0.67487,3
1.2846,-0.88518,2
0.55145,3.6763,3
0.8522,4.8512,3
2.3105,2.7014,3
9.0324,2.66,3
0.94808,1.661,3
5.3488,4.0693,3
3.7172,3.7439,3
3.7092,1.4225,3
-2.8164,-1.2379,2
-0.031105,0.66133,3
3.9111,6.1355,3
3.1108,-0.79703,3
1.1317,5.0123,3
3.9024,1.0368,3
3.8437,0.52246,3
-2.5177,2.7474,3
-1.8468,2.2764,2
-0.29825,2.1878,3
5.5659,3.7121,3
-1.804,-3.2511,1
4.1452,5.6627,3
3.5939,0.99058,3
-1.6809,-1.2909,3
4.1434,-0.2968,3
5.256,6.5562,3
0.84917,2.4504,3
4.5382,2.7432,3
3.0874,4.3048,3
3.1728,3.3665,3
5.2216,1.4854,3
-0.87597,3.1843,3
-4.3426,-1.5135,1
6.0066,6.1156,3
0.93876,6.0552,3
1.3465,3.0027,3
3.7404,3.1411,3
-1.364,-1.5058,2
3.2012,2.0295,3
3.3357,5.5773,3
3.1637,-1.2183,3
7.0582,4.855,3
3.6694,2.8037,3
3.168,2.6796,3
6.021,7.3436,3
4.3012,3.1458,3
5.6787,4.5656,3
1.7427,4.2409,3
2.4968,4.0134,3
1.4702,1.3651,3
-1.0136,1.8513,3
6.2713,1.5759,3
2.67,2.6049,3
3.2953,1.3631,3
1.979,1.0181,3
2.4906,7.1388,3
4.7455,2.0404,3
1.1117,-1.4856,3
6.1522,2.4442,3
2.9274,5.8603,3
2.9808,-0.52254,3
1.3292,0.78829,3
1.6708,-2.2218,2
0.62453,3.6195,3
5.5463,2.4146,3
1.9325,2.3273,3
9.4851,4.3885,3
-2.7561,3.4174,3
0.81434,3.0883,3
0.46124,2.74,3
2.6517,2.7126,3
-1.1413,-1.7483,2
1.3023,2.6982,2
2.5385,-2.4548,3
1.549,0.42298,3
2.1424,3.2868,3
3.2731,-2.7415,2
3.7709,1.5254,3
4.7141,2.0728,3
-2.6872,-0.21539,2
4.194,1.3238,3
4.2496,4.522,3
0.53767,6.0636,3
4.9255,3.3173,3
0.17647,0.43283,2
3.5202,-2.5976,3
0.66176,5.0706,3
1.4428,-0.37527,2
5.5927,2.3661,3
5.0957,2.4683,3
-2.5008,-3.5665,2
5.9261,6.0328,3
4.7768,2.2222,3
1.3037,2.0507,3
2.9578,4.2778,3
3.5923,4.4344,3
0.09861,-0.59034,3
-0.42589,0.79217,3
0.26487,3.938,3
-3.8787,2.1347,3
-0.90224,0.10695,2
1.503,4.2287,3
-2.8389,-0.84858,3
6.2711,2.3327,3
4.5494,3.0253,3
2.4668,6.5713,3
0.36059,4.6986,2
1.4625,6.2581,3
1.6027,4.661,3
2.7575,3.6524,3
-1.4346,-1.8233,2
0.87594,3.6446,3
4.6144,3.7996,3
-0.10578,2.5354,3
0.047894,3.5542,3
3.2015,6.5284,3
2.939,3.9312,3
4.6732,6.1864,3
2.9748,3.4908,3
4.0213,2.6435,3
-1.5202,-4.8366,1
1.4047,2.37,3
0.82997,3.5266,3
2.5147,4.3507,3
2.4254,1.1021,3
4.1435,4.047,3
1.7377,4.6706,3
4.856,4.4093,3
-0.040534,3.6133,3
4.6062,4.3228,3
-0.56346,-4.0916,1
6.6478,4.6214,3
2.8975,0.97798,3
3.5526,2.4251,3
-1.5843,-0.72238,1
4.7277,3.5717,3
4.2156,3.0594,3
6.8414,1.7004,3
5.6734,4.2312,3
6.5224,4.9616,3
3.2659,3.5124,3
5.3487,5.9053,3
-0.67133,-2.6438,2
-3.2298,-1.4479,3
-0.73507,-4.2153,3
5.0504,3.2948,3
2.0281,4.3685,3
3.9425,4.653,3
0.10145,4.0734,2
-1.0727,4.873,3
3.1193,2.2646,3
5.2283,3.5908,3
-1.7293,-0.4467,1
4.5724,4.8748,3
0.39687,4.7464,3
5.8562,4.096,3
2.3783,2.3855,3
0.50141,1.0782,2
1.9866,2.3714,3
0.94495,6.2991,3
-4.4705,-1.2309,2
4.923,3.2006,3
4.3467,3.2793,3
2.8197,3.3251,3
5.9681,4.1081,3
0.30911,-0.41598,1
-2.599,-1.241,1
-0.66809,-4.8828,2
3.6466,1.0293,3
1.4222,1.8709,3
3.9354,1.029,3
3.3045,2.0896,3
1.045,4.5372,3
4.3474,1.0377,3
2.6417,6.5319,3
7.5202,4.5694,3
-0.0051663,3.9102,3
1.7389,2.111,3
1.7853,7.8504,3
7.6995,0.029777,3
3.1143,3.386,3
4.8343,4.572,3
5.2836,3.3267,3
1.6085,2.5487,3
2.3842,6.013,3
1.2928,3.6853,3
3.8659,4.9451,3
3.962,1.4659,3
2.8343,5.0513,3
1.8435,3.1438,3
-1.5589,-1.0591,2
1.9199,3.3245,3
3.8256,5.8063,3
4.8827,3.1496,3
2.2311,3.3694,3
-0.42627,0.32952,3
4.3035,2.0845,3
0.99209,2.0951,3
2.0198,2.6519,3
0.65279,5.1981,3
0.83821,0.68785,3
6.4891,6.534,3
6.4141,1.8333,3
-0.50405,2.926,2
3.7102,2.1736,3
-0.60851,-2.479,3
7.3297,7.7642,3
5.3268,3.2824,3
2.2429,3.7857,3
2.98,2.3761,3
1.5079,3.3587,3
2.6971,4.7173,3
6.4738,4.8162,3
2.0809,1.5362,3
2.8854,4.1378,3
0.42721,2.8562,3
3.5418,1.4621,3
-0.62704,5.5135,3
0.79199,1.4467,3
6.1049,6.7787,3
2.0228,6.2126,3
2.2119,4.6811,3
4.9694,0.96943,3
3.8532,3.7961,3
2.4557,5.9957,3
3.3264,6.8806,3
1.6182,0.54711,2
3.1734,7.5006,3
1.5256,2.4407,3
4.2156,2.6785,3
2.9697,3.3608,3
5.1705,7.171,3
0.46193,1.8349,3
2.0966,2.44,2
1.7131,-2.5394,3
6.2065,8.1734,3
2.8667,-0.57564,3
3.6083,4.8775,3
6.4418,8.7899,3
2.5883,2.2604,3
-0.51398,2.0421,3
0.13687,2.5303,3
0.24775,5.2168,3
5.3798,0.21342,3
-0.84481,-1.0432,2
-2.8901,3.4508,3
3.1318,1.4662,3
-1.0407,2.3047,3
4.2857,4.5498,3
5.1269,3.3151,3
0.71827,6.8379,3
3.6095,6.3395,3
6.8127,-0.42448,3
2.8663,1.2269,2
1.6982,5.4096,3
1.8735,4.7368,3
1.2419,1.3275,3
0.46751,3.1358,3
3.4335,0.98654,3
1.8626,3.0874,3
6.2819,3.2825,3
6.1533,1.4759,3
2.493,2.0233,3
-1.0558,0.85725,3
-1.9333,1.5347,1
1.2265,0.76483,3
2.3149,-2.7885,2
3.8923,4.2425,3
2.9881,2.251,3
-0.85666,-0.81461,3
-0.51672,2.9524,3
2.554,-0.97473,3
4.7039,0.37127,3
2.8406,3.1821,3
0.42994,2.1312,3
-2.1949,3.3564,2
1.2804,4.4009,3
-0.21555,-2.6905,2
6.5173,2.1447,3
3.4458,4.3019,3
7.6644,3.2422,3
5.2588,7.1637,3
1.16,2.686,3
1.6476,1.4269,3
0.46544,4.0494,3
0.057358,-2.5046,2
-0.66014,-1.1664,3
5.8699,1.6635,3
6.4298,6.837,3
5.5706,5.3633,3
4.1733,5.0895,3
1.0049,2.3158,3
5.8414,2.6777,3
7.5561,4.0362,3
1.3183,0.63533,3
1.0799,3.654,3
3.8845,-2.081,2
-1.2198,2.8352,3
3.8953,5.6573,3
-3.1155,-1.9878,3
1.8816,3.1187,3
0.47965,5.2107,3
3.7673,5.2955,3
2.7976,4.0488,3
2.3672,3.3997,3
1.5442,4.7289,3
-0.12752,1.4859,3
1.0176,-1.0196,2
4.8447,1.7784,3
4.8456,3.8986,3
-1.1725,-0.3061,2
2.2459,5.6697,3
4.0832,4.8095,3
8.606,6.3702,3
4.314,1.1726,3
-0.4688,3.353,3
7.8072,3.5547,3
2.5609,1.995,2
3.4574,3.2666,3
0.81777,5.694,3
1.0761,2.8432,3
1.2775,4.9756,3
3.2932,-0.38444,3
4.0203,2.3107,3
2.49,1.192,3
0.96029,2.9017,3
3.7487,5.5571,3
2.4354,4.1667,3
4.0593,7.2718,3
-2.0885,-2.8235,2
7.3993,2.3739,3
1.875,-1.3818,2
3.6565,1.2545,3
0.34581,-3.1696,1
2.9919,4.7177,3
-0.76627,0.9789,2
5.0702,6.4716,3
5.1283,4.2668,3
-3.5568,-2.2684,1
1.8367,3.2821,3
0.47395,2.3749,3
1.9621,1.7052,3
3.2178,1.366,3
4.6601,6.6105,3
5.4309,5.0495,3
2.45,3.2326,3
0.32226,3.2102,3
2.2957,-0.2108,3
1.5893,3.4548,3
-2.5161,1.573,2
4.3583,1.6492,3
6.8887,3.3631,3
0.51704,2.8981,3
-0.65666,-0.11067,3
3.8728,5.8993,3
5.4886,6.1784,3
-6.5201,-5.2239,1
7.4972,2.3307,3
3.2965,2.0419,3
1.8126,4.1954,3
5.5307,2.9501,3
3.6139,5.6101,3
3.4109,5.3171,3
3.0233,3.356,3
1.4839,1.7196,3
2.9856,-0.29742,3
0.24087,2.8836,3
5.4936,3.1079,3
3.164,3.5083,3
3.4815,5.1093,3
4.4291,3.3915,3
-0.1265,4.6479,3
2.2145,-0.28218,3
2.8949,2.2725,3
6.4017,4.8917,3
0.74789,-0.43547,2
6.3035,3.9751,3
5.3363,5.6387,3
2.9938,6.3368,3
3.8086,2.5742,3
-3.1974,-2.2146,2
3.677,1.327,3
-0.72606,1.5845,3
4.4894,3.3873,3
-0.70999,0.96315,3
4.6616,5.439,3
1.188,-0.23574,3
1.4625,-2.5162,3
-2.2981,3.6908,3
1.4709,6.2151,3
3.8482,1.2152,3
4.1637,5.3081,3
7.5378,2.5831,3
3.0626,2.4271,3
-0.18955,3.5094,3
4.332,6.9775,3
1.4634,1.9749,3
0.63917,-2.8705,2
-1.3961,3.0204,3
5.9502,4.0454,3
0.86719,2.9776,3
3.8653,3.0749,3
0.46397,3.0186,3
4.6547,4.9122,3
3.6744,3.752,3
1.5856,5.0222,3
-4.5558,-1.6068,1
3.4714,3.673,3
0.82484,4.1346,3
-3.5681,2.225,3
4.1721,5.1577,3
4.2218,4.1089,3
4.1973,5.2862,3
1.3317,2.7253,3
3.878,5.2152,3
3.5735,1.0094,3
3.4705,5.6456,3
5.0587,2.8036,3
1.7704,-2.3331,3
6.5262,6.1885,3
-3.6484,-2.2909,2
3.4157,3.4165,3
2.0248,1.4577,3
3.6208,3.3172,3
4.84,5.6014,3
5.3247,5.8007,3
-4.8638,-0.85774,2
1.7181,5.7626,3
0.91558,-3.7928,2
2.8987,2.9206,3
0.43593,4.6951,3
-1.3425,-0.86278,1
3.3828,3.0364,3
-0.29126,1.5016,2
0.58185,0.077474,3
4.6827,1.6875,3
5.239,-0.44951,3
3.8943,3.7951,2
0.33591,-2.2269,2
4.9214,4.1013,3
1.4644,3.3001,3
-0.69579,1.2333,3
2.0047,7.56,3
2.6344,2.9348,3
1.2944,2.2288,3
0.70508,0.28267,3
1.929,2.7794,3
0.17062,4.0855,3
5.8988,6.123,3
0.34816,-3.672,2
-0.74291,0.14148,3
-0.33918,-0.53239,3
5.4194,4.1081,3
0.51565,3.1043,3
2.7721,5.3769,3
-0.17012,0.52276,3
1.9004,4.6401,3
1.0966,-1.8958,3
-1.6554,-5.5257,2
6.2005,4.6602,3
3.3024,4.1977,3
0.99974,-2.586,1
1.0747,2.8517,3
7.6531,1.1937,3
-3.4163,0.99931,3
2.6692,5.9803,3
1.4917,2.053,3
3.1366,3.781,3
2.743,0.28941,3
4.5021,2.988,3
3.2525,6.3347,3
3.2974,3.2476,3
1.3183,3.7495,3
0.13596,2.82,3
5.6502,6.8943,3
4.6571,4.7417,3
-1.436,-2.3788,1
4.5978,-0.073066,3
5.6887,5.4983,3
4.4607,5.5238,3
1.1903,5.2629,3
2.2908,-0.66512,3
1.8315,0.93231,3
0.47893,4.5793,3
-1.3905,-4.569,1
-0.16973,3.6768,3
5.5675,2.3063,3
1.22,3.5217,3
0.80866,4.1948,3
0.8914,0.33488,2
2.3683,1.3316,3
4.9052,0.21135,3
3.5018,7.0272,3
2.0685,4.026,3
5.7258,1.0753,3
2.3538,-0.97156,3
0.54174,0.53385,3
1.0522,0.9954,2
3.88,1.4446,2
-0.91469,0.4485,2
3.6878,4.5458,3
3.5423,3.5142,3
2.4304,2.8558,3
-0.94728,2.7461,3
3.5941,2.5394,3
1.6679,1.2509,3
2.3926,0.73718,3
-6.1045,-0.76665,1
0.23226,4.75,3
2.5926,5.7619,3
6.7546,6.5702,3
-0.34892,4.1823,3
2.0126,-0.15686,2
0.76703,1.5594,3
5.3295,5.0546,3
4.8129,3.6677,3
5.8503,7.8525,3
3.1074,2.6292,3
3.7288,3.7073,3
5.502,5.434,3
0.63435,-1.0094,2
-3.712,-4.5924,1
1.0084,3.2615,2
8.4252,5.5046,3
3.981,4.4212,3
4.0343,5.1218,3
5.7371,-0.10184,3
3.7551,2.8358,3
4.4602,5.7279,3
-2.7984,-1.5674,1
3.0503,3.8296,3
2.5187,5.2766,3
2.1468,4.2348,3
5.4291,1.9774,3
5.9367,2.8614,3
4.8685,3.3871,3
1.8735,4.5257,3
-0.016359,3.0177,3
2.0612,2.3605,3
-4.155,-0.77657,2
2.4639,6.1212,3
6.26,1.7212,3
3.8809,3.2899,3
5.27,1.8127,3
2.5792,-0.87479,3
0.33786,-0.32936,1
2.5623,5.7908,3
7.1515,3.6007,3
3.8998,2.4344,3
3.25,4.8847,3
2.6809,2.4531,3
3.7987,-1.1629,2
6.8968,4.4052,3
3.204,2.7644,3
-4.0072,0.87427,2
3.028,3.9866,3
6.927,1.9559,3
0.33437,5.9884,3
5.1748,2.4017,3
2.367,-0.10165,2
4.0271,6.1762,3
1.8206,5.2542,3
1.8853,3.3305,3
6.9732,0.49947,3
-0.68811,2.6124,3
4.9888,1.1184,3
-0.38535,3.4101,3
-5.897,-6.4056,1
-2.6511,-3.9865,1
-2.8992,-0.88271,2
1.9999,2.563,3
2.5228,2.2935,2
3.9155,3.7516,3
-3.6501,-6.1298,1
2.3834,-2.8985,3
2.2431,4.4833,3
1.2616,5.3846,3
2.465,-0.62392,3
1.62,6.6935,3
3.0275,7.9266,3
8.1063,7.2629,3
4.9357,3.8741,3
6.6425,2.4686,3
0.28408,1.577,3
-2.2748,-1.0155,2
3.7348,-0.35791,3
5.7168,2.2018,3
0.11719,-1.9538,1
-3.0705,-3.6409,2
0.22287,1.8744,2
2.5719,6.8464,3
-2.6554,2.2227,3
3.7909,3.355,3
1.6297,1.1156,3
0.76753,1.0843,3
-5.3394,-5.7341,1
5.4296,6.5347,3
-2.8172,1.3922,2
6.1233,3.8314,3
5.6946,1.1473,3
0.74727,1.611,3
3.0873,4.2225,3
0.93523,1.5679,3
7.1387,6.2279,3
4.0608,-0.2125,3
2.5035,-0.17746,3
6.6764,6.4929,3
4.9476,6.3581,3
1.2023,0.24454,3
0.45374,1.2208,3
3.0612,1.2189,3
2.9175,1.8511,3
2.562,0.29026,3
-1.6644,2.1553,3
5.5504,6.2654,3
1.0773,-0.33586,3
5.593,3.8057,3
-0.65757,2.7906,3
1.3941,4.3113,3
3.7196,7.4833,3
4.6521,2.2097,3
1.4331,1.2678,3
6.4154,6.182,3
-0.23724,4.3043,3
1.3935,-1.5198,2
3.7599,5.2349,3
5.1749,5.405,3
4.5124,3.1139,3
3.8898,4.909,3
5.7602,2.9478,3
-4.799,-0.11599,2
5.6302,4.7772,3
5.3204,3.5501,3
1.9129,4.2894,3
0.21054,0.93997,3
2.4347,-1.4147,3
3.289,1.2296,3
2.4183,1.3637,3
5.6241,4.5383,3
3.3852,3.9971,3
-0.59277,4.8135,3
3.7863,5.891,3
6.4536,3.4696,3
-2.2984,5.0832,3
-1.0708,-1.4765,1
1.8286,7.0894,3
1.7876,3.1587,3
8.374,6.2772,3
3.6944,5.9477,3
1.8814,4.0561,3
0.49527,2.8639,3
2.7998,-1.2397,2
6.7572,4.9124,3
7.5641,6.7726,3
7.876,5.8544,3
4.7136,5.286,3
0.36659,3.7827,3
3.358,1.2708,3
5.6408,3.9136,3
0.66295,0.22949,2
2.1882,2.9375,3
2.4723,4.5847,3
-0.97955,3.7277,2
7.453,5.4814,3
3.8538,5.2209,3
4.4627,-0.54577,3
0.36105,2.4607,3
1.0318,2.9913,3
0.38744,5.9673,3
4.6762,5.1101,3
4.2797,3.5829,3
4.6965,-0.11317,3
5.2703,3.2552,3
2.6515,6.2257,3
0.017293,4.353,3
2.8062,2.7393,3
2.5733,-1.9059,3
-0.27078,1.2221,3
-3.2568,-4.6052,1
4.5381,4.2905,3
4.1676,4.7188,3
10.015,2.6264,3
-6.5566,-3.5955,1
4.301,0.7436,3
5.8591,1.4559,3
-1.1731,2.8872,3
5.7321,5.5543,3
4.6135,5.957,3
2.896,5.8532,3
-10.979,-3.3284,1
-0.67343,0.78529,2
5.7217,2.7389,3
4.6556,1.8598,3
4.6169,2.3571,3
3.0218,3.8778,3
2.597,3.3149,3
-0.86652,-2.1692,2
2.1392,-3.2737,2
0.86883,5.281,3
-0.40151,1.7567,3
0.80976,4.7371,3
-0.43419,-1.0026,3
-1.6876,-0.51375,1
0.75579,3.8193,3
0.63638,1.8314,3
6.0014,4.7067,3
2.8051,1.0219,3
3.2864,1.0478,3
3.0527,2.1064,3
0.68696,3.9472,3
1.5446,4.148,3
4.7167,1.7539,3
6.1851,4.8849,3
3.619,0.90037,3
2.7685,4.7227,3
4.2505,2.4004,3
0.63883,-1.2245,2
1.8388,0.13915,2
-1.4713,1.357,3
-1.6063,-3.8065,2
-1.312,4.3228,3
-0.4073,-1.1456,2
2.9618,2.9074,3
3.2111,5.0058,3
0.71904,6.1148,3
4.4342,1.219,3
-0.060455,6.2449,3
-7.8731,-1.9713,1
4.0249,3.4744,3
0.19151,0.366,3
5.2785,4.9203,3
6.4382,8.0969,3
-3.2699,0.55256,2
1.9798,5.5017,3
4.6776,7.0814,3
4.1688,5.0049,3
0.98298,-2.8672,3
3.5301,0.69,3
-0.34132,3.1137,3
2.5723,1.2544,3
2.9532,4.1555,3
-0.28261,-0.79936,3
-1.506,6.3308,3
-0.33303,2.7911,3
-3.0822,-0.33543,2
5.4917,0.22348,3
7.1465,1.6693,3
-1.3779,2.1019,3
5.0601,5.3721,3
2.498,1.7038,3
-3.4153,-7.9668,1
-0.46165,1.7901,3
-2.9507,-3.3632,2
-0.047328,1.2472,3
3.2627,4.8856,3
-0.32846,2.6731,3
5.9379,3.1323,3
-1.9432,4.2616,2
2.622,3.7857,3
3.0658,-6.0484,1
2.2105,4.2585,3
3.2639,-0.37533,3
4.4436,6.3034,3
2.9735,0.31098,3
7.0405,-1.0165,3
1.8618,2.9769,3
5.8209,4.8081,3
2.061,4.8237,3
2.0422,6.3207,3
0.46693,0.54768,3
3.6781,3.9837,3
-0.41399,4.1715,3
-1.931,-6.1597,2
5.18,7.4108,3
2.3657,1.4205,3
2.4494,0.39184,3
7.2135,3.5414,3
2.8927,-0.14128,3
2.3118,1.5745,3
-2.2924,1.3029,3
6.0295,3.9866,3
3.7065,3.5344,3
2.4116,4.4557,3
-2.2077,0.28328,1
0.59122,3.6448,3
4.4171,1.3352,3
4.1199,4.6244,3
-4.9422,-7.2483,1
-0.73927,-0.11347,2
2.6969,2.2607,3
2.7037,1.2776,3
8.5747,4.6782,3
-0.76834,-5.8258,1
4.5468,1.3291,3
1.8875,-3.0235,2
6.6806,-1.1118,3
1.3848,8.6579,3
3.8315,5.7134,3
4.7105,1.7764,3
-3.3611,1.5916,2
2.2444,3.6806,3
1.0299,1.3319,3
6.8655,2.9239,3
6.0588,4.7909,3
4.3591,4.3762,3
2.2376,2.3531,3
2.7088,1.9829,3
0.42174,1.4955,3
3.9809,2.0885,3
4.4389,4.6902,3
2.5165,-3.4566,2
2.9757,1.1531,3
4.1483,-0.85854,3
4.2369,3.5171,3
4.2538,1.9596,3
-5.0513,-1.7112,1
1.3503,2.7305,3
3.8673,4.9936,3
2.5111,3.714,3
2.7312,2.1882,3
0.76831,-0.92576,3
5.3858,4.4572,3
-0.080696,0.95919,3
-4.805,-1.1435,1
0.97791,-1.9905,1
2.9147,1.8501,3
2.475,2.167,3
4.2887,1.5407,3
3.7361,0.53739,3
0.90716,4.6577,3
-1.8188,-2.9432,1
1.2158,5.1839,3
4.2533,3.1796,3
1.8397,1.4246,3
8.4433,2.5382,3
3.8384,4.1611,3
4.4019,8.5289,3
6.7012,2.3698,3
3.6954,2.7723,3
1.7124,1.4079,3
4.9279,3.1446,3
4.1144,0.66664,3
0.028578,1.9679,3
3.4341,1.7333,3
4.5759,2.2258,3
3.0355,2.2232,3
0.75042,4.4578,3
2.806,3.0707,3
3.041,1.7125,3
5.4109,7.5725,3
1.4604,3.8782,3
-4.7725,-1.4572,3
3.0633,-2.4677,2
2.206,4.7703,3
3.8345,3.1976,3
1.0511,6.1626,3
0.95286,1.0673,3
2.2508,-1.53,3
2.0291,-0.64225,3
2.9699,2.582,3
-0.53707,3.4369,3
3.4979,2.1182,3
3.5334,2.3269,3
4.3495,3.5274,3
2.7872,-2.3258,3
5.5133,5.0918,3
1.4338,5.4993,3
1.1531,-0.18515,2
6.0056,2.5617,3
3.023,4.2206,3
4.1392,1.0032,3
4.3154,1.4148,3
4.4753,1.9005,3
-1.505,1.5473,3
4.0239,6.6397,3
2.6873,3.0223,3
-3.5992,-2.1302,1
0.11524,-0.62007,3
4.3996,5.4475,3
1.6421,2.0035,3
4.5774,3.1363,3
0.09923,3.6546,3
2.6227,2.4162,3
4.2846,1.2034,3
-4.0619,-4.157,1
5.5002,7.3694,3
-1.7796,0.47052,2
-1.638,-3.1288,1
3.3894,6.5289,3
1.7781,1.6621,2
3.1118,1.5684,3
6.4329,2.3637,3
-1.4525,-0.66621,2
5.1982,4.6882,3
4.0444,3.1228,3
3.5374,2.1563,3
3.709,4.2326,3
6.0845,4.4198,3
4.5305,-0.82632,3
3.5271,5.0652,3
2.3052,-0.68271,3
1.4003,-0.29818,3
3.8382,0.26821,3
3.8991,1.4584,3
-0.22494,-1.3097,2
4.6809,1.0181,3
0.88871,3.6265,3
3.5446,1.823,3
6.6981,1.2136,3
2.9343,5.7819,3
0.44613,0.30142,3
2.2004,3.8806,3
4.6136,3.3912,3
2.7644,0.34147,3
1.9176,-0.62876,3
5.4765,3.4943,3
3.3742,1.8881,3
6.7263,2.8926,3
4.2374,3.2354,3
3.7669,4.8188,3
5.0559,2.0447,3
5.4056,2.6324,3
0.95734,3.751,3
-0.14272,-0.0092504,3
4.4525,3.1556,3
1.5232,6.1922,3
3.4038,0.35129,3
2.8737,5.6082,3
0.9907,2.4841,3
7.9359,6.9454,3
-4.1717,-3.9901,1
-0.5749,4.9769,3
3.5616,0.9149,3
6.4898,4.4827,3
4.4916,4.2674,3
3.3436,3.9917,3
6.3667,2.2661,3
0.96238,-1.2295,2
1.7085,2.9574,3
-0.3832,2.5114,3
2.2847,1.5571,3
-1.3368,2.6375,3
2.2097,4.8437,3
-2.3773,-4.9536,1
2.6971,3.1994,3
3.8339,9.0556,3
3.4142,3.6427,3
2.355,0.58344,3
4.033,3.1517,3
2.5614,-2.2724,3
3.0605,4.1175,3
5.0684,4.2719,3
4.5017,2.9068,3
2.3021,-4.4259,2
7.3434,4.4736,3
6.6665,2.8492,3
2.8513,1.0131,3
-0.75059,0.30976,2
-0.15627,5.4272,3
3.4308,2.8403,3
2.8273,1.8584,3
2.0837,5.328,3
3.0704,1.9792,3
3.3944,3.1829,3
6.4712,5.35,3
9.3949,4.5881,3
2.3464,1.6731,3
2.3909,1.4801,3
-2.0344,-0.5538,1
-0.61877,4.6432,3
-0.19254,5.4194,2
1.1112,2.2539,3
-2.1068,2.0836,3
6.4565,1.5633,3
4.2131,4.4616,3
1.003,3.5516,3
3.2375,2.155,3
3.9665,4.1535,3
-0.69849,3.8032,3
1.9644,4.3327,3
6.8561,2.3914,3
4.8619,1.5123,3
1.8345,2.1233,3
-1.5042,-1.0101,1
5.0377,1.5321,3
8.0788,4.9395,3
3.2518,2.7105,3
3.0135,-2.2438,3
8.3556,1.9839,3
1.4037,0.51322,3
4.0961,2.1375,3
-0.91773,4.1117,3
6.1609,3.9959,3
3.3676,1.3285,3
1.0519,4.5118,3
5.7397,2.4267,3
3.8119,4.3356,3
6.4573,5.3563,3
0.38217,0.0017829,3
0.10938,1.3662,3
3.5196,-0.012765,3
4.683,0.84819,3
2.8747,4.7064,3
7.2449,2.0613,3
2.9638,3.1369,3
4.7836,4.5636,3
-2.6782,-2.0275,2
-4.1317,-2.666,1
2.511,2.1679,2
5.2509,2.68,3
0.31023,2.0678,3
3.9715,3.3788,3
1.2593,5.4302,3
4.0907,4.0511,3
4.9304,3.0834,3
4.1009,3.8857,3
3.0272,1.8168,3
6.1771,4.1423,3
1.2341,3.4655,3
4.9649,6.3996,3
4.6216,2.7552,3
0.90797,3.1968,3
3.934,6.3567,3
3.6631,3.9387,3
1.9907,4.0681,3
3.5767,1.5509,3
0.70088,-0.31067,3
1.0906,5.7741,3
3.4349,1.9167,3
-1.259,-1.2417,2
3.0426,2.9169,3
6.1097,4.8891,3
1.5536,2.1639,3
-1.7117,-0.5741,2
1.9832,5.0464,3
1.9445,1.0533,2
5.7828,3.13,3
-1.8646,-0.48762,3
-5.1229,-5.2933,1
1.6302,2.0115,3
2.6204,-2.1406,3
0.47753,3.5266,3
5.5001,6.9917,3
6.7864,1.5748,3
0.27997,0.88499,2
4.6726,1.6024,3
2.4017,7.3962,3
0.42333,2.3464,3
3.919,8.2619,3
-0.26391,3.1451,3
1.3738,-0.4199,3
0.66003,-1.1315,1
2.0195,2.9895,3
6.4049,8.3289,3
2.673,8.0394,3
0.17635,0.04509,1
-0.21214,3.4854,3
3.3498,6.427,3
-1.9274,-4.7909,1
2.1217,1.5861,3
-1.2045,1.7259,2
1.3133,3.8093,3
3.7023,0.42673,3
2.7132,5.1513,3
2.3867,4.2627,3
1.248,2.349,3
2.6104,1.1304,3
4.0393,1.1926,3
-1.4711,2.2867,3
3.9707,3.1122,3
1.3672,-1.7815,3
2.6067,1.0602,3
-0.67875,4.7493,3
4.0069,3.9853,3
1.1625,1.7042,2
-2.0799,-1.6962,2
5.5104,6.3429,3
3.9815,6.3164,3
1.258,4.4587,3
0.84017,4.9181,3
1.714,2.0428,3
0.41891,5.8133,3
-0.062749,2.5964,3
3.0369,0.52431,3
3.5059,4.0016,3
6.9918,9.5824,3
0.20671,2.1578,3
2.7182,0.79942,3
3.954,6.5521,3
2.8769,1.637,3
5.5545,4.4662,3
2.0574,2.4812,3
-0.31873,1.9572,3
5.5149,5.5878,3
4.0453,8.3854,3
-0.54024,4.5679,3
3.8298,1.7867,3
0.57545,0.27542,3
1.9313,3.5111,3
1.2316,4.9119,3
-0.75265,3.9326,3
4.2987,3.008,3
-6.6197,-3.2962,1
1.1635,5.769,3
2.2206,9.0168,3
0.85432,2.3822,3
2.1419,5.935,3
0.42932,-0.11144,3
5.2823,1.8783,3
5.9841,3.2401,3
0.41067,5.2612,3
1.3308,5.3539,3
-1.046,0.43218,2
-0.91128,0.25149,2
0.42659,1.7135,2
3.9444,-0.4075,3
3.5017,1.9881,3
1.813,2.301,3
2.1325,-0.57431,3
0.30299,0.96984,3
3.5262,5.7739,3
3.8388,1.3815,3
3.265,1.6239,3
5.1966,3.0431,3
-1.1209,-0.0057513,3
4.3936,3.2739,3
4.7209,4.902,3
8.1208,10.514,3
2.2701,0.25753,3
5.253,3.6861,3
1.3567,5.1568,3
4.1077,-0.4708,3
-2.1589,-0.9795,2
2.3696,2.6195,3
4.3721,3.5054,3
0.55697,3.1038,3
2.3786,2.5622,3
1.6364,2.9832,3
0.95317,4.7443,3
2.2195,3.5522,3
7.0227,4.5603,3
2.7443,2.5474,3
5.6104,-0.60997,3
4.5143,4.7256,3
-2.1546,1.813,2
1.1478,-1.2946,3
4.5661,1.5798,3
0.035322,-0.11007,3
-2.906,3.7656,3
2.0052,3.482,3
-5.4196,-2.9142,1
-7.1158,-6.543,1
-1.5618,-4.9247,1
-0.38887,5.2736,3
0.66515,5.3473,3
3.5114,4.4193,3
3.7652,0.78879,3
-0.78837,-1.5988,1
4.2812,1.6258,3
4.1287,4.3962,3
3.8515,1.3949,3
3.3966,4.1902,3
2.1,4.4452,3
2.9263,4.6479,3
0.85854,-0.49678,3
0.12889,0.23481,3
1.2813,4.0963,3
4.8209,4.6322,3
2.8076,2.464,3
0.31174,8.4044,3
0.96591,0.56142,3
3.7367,4.0373,3
6.2511,4.2649,3
5.6155,7.0509,3
4.8491,0.78506,3
1.8634,1.6081,3
7.4287,2.1134,3
1.7741,1.4715,3
1.737,4.219,3
-3.2087,-0.05742,2
-0.010083,4.0353,3
0.62455,0.56344,3
2.9581,0.73493,3
-3.4118,0.61093,2
2.2086,5.5405,3
3.5057,4.7204,3
6.2757,3.2686,3
4.7782,3.6079,3
1.9251,3.6136,3
3.8692,3.136,3
4.9405,4.8418,3
3.3703,2.0775,3
-0.92785,2.2237,3
2.4656,-0.42496,3
-0.48716,-1.8469,3
-1.9193,-2.3382,1
3.1781,5.6069,3
9.5433,5.2397,3
1.424,-0.30356,2
1.5263,1.5713,3
4.8369,3.8509,3
5.5874,0.21108,3
1.9004,-0.11791,3
2.2469,-3.3105,2
2.9668,3.9585,3
2.6376,6.9884,3
2.7843,3.8366,2
6.5014,4.6269,3
2.5064,3.7671,3
-0.33375,1.9987,3
4.0509,0.31099,3
1.0808,3.6889,2
3.4545,4.5548,3
3.3125,4.8717,3
0.038862,-1.0757,2
3.8295,-0.25581,3
4.2366,2.7851,3
1.8936,-1.2713,3
1.7701,5.9897,3
2.92,4.0155,3
2.453,2.6226,3
1.5048,2.0936,3
-0.45358,3.0927,3
2.2698,1.6101,3
-1.4896,3.0694,3
2.579,0.46204,3
3.4849,4.3982,3
4.1186,2.1929,3
1.6132,4.6956,3
3.232,1.7625,3
2.2678,6.3405,3
0.54856,4.9171,3
1.4118,3.5566,3
4.9746,1.1857,3
0.32124,-0.57856,3
-0.082865,1.8381,2
0.12753,-0.62148,3
4.4095,2.3844,3
1.467,0.59317,3
1.0632,4.266,3
1.7227,-0.30083,3
4.1512,1.307,3
0.47705,2.8675,3
2.4784,4.1711,3
0.27839,0.61526,3
-0.92357,0.2482,3
0.64542,-0.31005,3
2.928,1.244,3
4.9932,3.5311,3
2.3295,4.668,3
5.1205,4.2105,3
-2.4235,-0.4319,3
3.8742,0.64171,3
1.0816,5.0971,3
1.8525,-0.92064,2
3.6688,0.5505,3
2.4004,6.965,3
2.1286,3.3345,3
4.3953,6.7309,3
4.7862,3.1101,3
1.5874,-0.54497,3
4.4281,0.76683,3
3.2854,3.9447,3
4.6877,6.1002,3
2.0272,3.2425,3
-4.1655,-0.090842,1
1.7475,4.0799,3
5.4086,4.8572,3
3.5299,5.2134,3
1.6405,3.3502,3
5.1364,1.9721,3
0.78819,3.9666,3
2.5702,1.6714,3
5.0485,3.1401,3
2.5544,1.3497,3
2.7702,-0.049915,3
-3.2335,-6.3041,1
-1.1973,-1.7903,2
1.0581,1.8677,2
4.5909,2.631,3
3.9459,4.0569,3
3.7511,0.069793,3
-0.18473,1.6849,2
3.0025,2.7627,3
-0.75487,-0.195,3
2.7121,0.85229,3
2.1337,3.1221,3
-1.2229,4.6661,3
3.3636,3.4043,3
4.2672,-0.63121,3
8.7647,5.8118,3
3.4267,6.2422,3
5.7305,2.9539,3
3.3075,-0.38005,3
1.968,1.816,3
3.4853,2.0682,3
-0.84716,1.882,3
2.4758,-3.8336,2
1.5694,0.35413,3
1.3066,5.1356,3
-3.3191,-0.49739,2
3.0632,1.7751,3
4.7668,2.9024,3
2.631,0.23099,2
9.7254,1.4428,3
3.2832,-3.3095,1
4.9178,0.97693,3
0.44178,1.7791,3
2.5873,2.8346,3
3.0662,1.07,3
0.75083,2.1943,3
-1.1635,-0.21928,3
0.19817,-0.92502,3
-0.52755,-0.44018,2
8.0775,4.703,3
-4.4649,-2.6053,1
1.6652,1.4251,3
2.3681,2.9455,3
3.509,3.3623,3
3.2043,2.7215,3
0.17273,0.29865,3
4.907,2.2806,3
-1.1077,-1.9772,3
3.5142,-0.29006,3
4.0364,3.2461,3
5.4211,3.5037,3
0.12855,3.9536,3
6.5479,5.0185,3
1.8296,3.7132,3
4.704,3.0399,3
-2.3374,0.16495,1
2.4054,1.4873,3
3.6099,-1.5859,2
3.2191,1.3814,3
4.7035,0.17616,3
4.4511,0.31316,3
4.7473,4.8371,3
4.1357,4.9952,3
1.8142,2.7043,3
6.3853,5.3554,3
1.9922,2.4888,3
3.8031,4.2367,3
1.5204,-3.4766,2
4.2085,3.2088,3
0.66416,5.4492,3
2.2839,6.8955,3
2.9247,5.7437,3
-0.97833,0.49607,3
5.064,1.854,3
-1.442,1.9002,3
-0.9026,-1.9744,3
2.7491,1.1357,3
4.4684,3.1844,3
3.5433,0.70278,3
3.8769,4.709,3
8.051,5.3629,3
1.9538,0.52765,3
0.40827,2.2198,3
3.6873,-2.0057,3
3.317,4.7147,3
3.9201,0.83896,3
-4.7189,-2.6943,1
7.1135,3.8578,3
4.8399,0.19582,3
3.8352,1.5208,3
0.98619,2.9654,3
6.0435,5.0609,3
6.8838,1.7072,3
8.7825,0.0059714,3
5.0543,6.7755,3
4.8051,4.1912,3
4.595,7.5592,3
4.3662,1.6378,3
1.8519,6.0665,3
4.9209,7.5942,3
2.4929,4.8072,3
-0.24194,2.196,2
3.1692,4.9788,3
1.3969,2.2324,3
2.2761,0.86218,3
-0.5268,0.65341,3
-0.088945,2.1278,3
4.5934,3.5054,3
1.1794,6.1734,3
-2.6851,2.844,3
3.0931,2.5829,3
5.2145,5.0254,3
-5.0097,-5.3113,1
3.7182,1.73,3
2.0746,3.5582,3
1.1435,6.673,3
5.9193,4.5537,3
-0.5116,-0.96353,3
7.4602,2.7474,3
3.9194,0.40485,3
1.106,1.9098,3
-0.36264,-0.6838,2
0.17733,2.5584,3
1.7166,3.4424,3
2.9056,2.8427,3
-0.80094,2.1998,3
1.1046,3.7361,3
3.3285,2.9629,3
5.6236,1.7807,3
6.1516,5.7103,3
7.9853,4.6301,3
3.8121,1.0512,3
5.1472,6.1337,3
-0.76956,0.89929,3
3.3284,9.3858,3
5.1535,2.9394,3
2.1378,-0.34109,1
4.1433,6.4072,3
2.5137,4.9067,3
0.66371,2.4215,3
2.3799,-0.59524,2
-1.6748,-3.0052,2
3.9781,-1.1376,3
0.085542,4.8016,3
-2.0002,-0.84455,2
6.0903,2.9483,3
-1.2438,0.17341,3
2.7645,3.8558,3
3.5269,5.3243,3
-1.2248,1.8655,3
0.74112,-1.9583,3
1.3176,2.3667,3
4.1537,3.4207,3
4.1914,6.1491,3
5.0979,2.6066,3
2.8323,4.1513,3
-0.22853,1.6802,3
1.7281,6.007,3
2.5393,5.5753,3
2.2332,2.7093,3
0.20475,2.7495,3
0.39416,1.1836,3
-0.34316,3.1433,3
2.7248,2.7559,3
-7.756,-4.7017,1
1.8029,-2.3965,3
2.5084,-1.2527,3
2.95,5.0997,3
2.1479,4.0568,3
0.90624,4.0151,3
2.5707,2.9295,3
-2.8884,-3.0479,1
-2.4218,2.3581,3
4.4259,3.9164,3
1.1027,3.2907,3
2.1927,2.136,3
3.226,1.5431,3
3.2018,1.2925,3
4.0247,0.14909,3
2.6771,5.687,3
4.0013,-0.58595,3
3.6537,3.0915,3
0.16162,0.209,2
1.8351,0.13511,3
0.37973,4.0027,3
3.441,4.7099,3
-3.5131,0.10875,2
1.5543,4.8432,3
2.337,3.5057,3
4.6137,3.1532,3
4.2555,1.119,3
-4.2834,-1.7078,2
4.9291,4.8543,3
1.8906,1.1048,3
4.0845,0.65316,3
2.8691,1.4078,3
3.1578,2.4401,3
2.6404,2.9365,3
4.7204,2.5092,3
1.038,-0.45964,3
2.9971,1.3196,3
5.8165,5.9058,3
2.568,2.0047,3
-1.543,-0.81098,3
4.9908,5.5612,3
-1.0913,-2.3541,1
4.367,1.854,3
7.1198,-3.7273,3
2.1272,3.4122,3
3.9495,4.4568,3
1.1346,1.2945,3
6.7593,3.1101,3
-1.4012,5.4068,2
2.7093,5.9156,3
4.6738,-0.98769,3
-1.3158,1.0768,2
3.5177,3.1397,3
1.8166,2.7538,3
-0.050671,-1.8451,2
2.4295,5.424,3
1.9875,4.7873,3
2.5761,2.4636,3
1.0386,0.49367,3
3.6954,7.6189,3
4.998,-1.5965,3
1.4453,4.0104,3
-0.79511,3.7172,3
0.63494,3.4871,3
-2.2063,-6.5696,1
4.9273,3.4546,3
-0.97722,2.3438,2
3.3098,3.3513,3
2.5432,5.1097,3
-0.35595,-2.1047,1
-2.8935,-1.4047,1
3.5083,-0.25137,3
1.4615,4.6008,3
4.0254,3.6422,3
5.4403,4.4886,3
5.3571,6.2523,3
0.97449,4.6883,3
0.065222,2.9581,3
4.3565,2.9042,3
1.003,2.2511,2
4.3046,0.48144,3
4.0486,6.1478,3
3.3507,0.060706,3
1.5212,1.0356,3
3.5371,3.6751,3
2.634,4.9724,3
0.64395,1.2371,3
5.2573,8.8316,3
4.0238,-0.10239,3
7.5471,5.892,3
2.1629,0.84112,3
2.6683,-0.71946,3
3.7997,1.3168,3
3.1397,4.1553,3
3.6729,4.662,3
2.4212,1.5212,3
9.5354,6.2554,3
2.4393,4.5744,3
4.0938,2.9244,3
0.36762,1.3224,3
3.6248,4.1609,2
-0.2497,2.3475,3
1.023,5.1174,3
1.5018,3.399,3
-0.83182,6.042,3
1.4557,5.9936,3
0.90742,4.5434,3
2.2438,1.7434,3
2.8164,-1.9254,3
4.5334,3.0439,3
2.5835,5.7831,3
6.4277,4.5558,3
1.2717,2.2326,3
2.2752,10.421,3
2.1559,-0.35259,2
-0.24486,2.3491,2
4.6647,2.9488,3
-3.4736,-0.89831,2
2.365,5.3552,3
5.289,6.4964,3
3.7427,7.3988,3
3.6793,5.4247,3
-5.8859,-4.453,1
-0.4039,4.8812,3
3.8715,3.3594,3
3.7007,1.2679,3
2.7018,3.8201,3
3.5314,5.3054,3
1.5405,2.6746,3
6.9522,7.6562,3
2.6696,0.13507,3
-2.9033,-2.8328,1
4.3047,8.0552,3
5.6624,-2.0622,3
2.6449,5.4349,3
2.8205,-0.085372,3
-2.0859,-2.8036,2
5.9586,6.6774,3
1.5766,-0.63075,3
0.90048,3.503,3
2.8471,4.7781,3
6.1195,4.1763,3
1.5906,1.5365,3
-1.4665,1.9197,3
6.94,6.0958,3
-0.85962,-1.2691,3
4.1885,0.4155,3
3.4454,0.24422,3
3.749,4.2871,3
5.1814,6.289,3
5.5577,3.4389,3
3.2101,4.0777,3
3.7744,6.3927,3
4.0656,1.9592,3
5.4487,1.1367,3
3.6612,4.7213,3
0.4238,1.1499,3
0.2135,-0.37332,2
2.6275,6.0595,3
2.0532,1.4975,3
3.138,2.1657,3
2.6909,4.9982,3
1.3292,4.0439,3
0.53939,3.7718,3
6.1521,4.9518,3
3.0952,4.9379,3
3.5233,-0.071238,3
1.3737,2.2959,3
-0.57162,0.59235,3
3.8854,4.0873,3
4.5083,1.6112,3
7.1823,3.2819,3
5.7251,6.427,3
6.3647,0.95221,3
-0.15247,4.0929,3
1.1585,0.19005,3
4.7424,2.9852,3
5.8905,0.36332,3
6.6376,6.8042,3
-0.6274,1.0589,3
4.6443,3.4345,3
0.54716,3.1184,3
3.4336,0.53329,3
0.017078,1.243,3
3.9005,5.4963,3
4.1128,-2.2117,3
-2.0521,2.7526,3
-0.37947,1.3748,2
1.7707,2.1558,3
2.131,2.4996,3
-0.94561,3.3943,3
2.6082,2.0045,3
-0.92027,-0.96781,3
5.0366,1.728,3
-3.276,-2.4692,1
4.8781,2.2923,3
0.0055204,1.6815,3
-0.66859,6.3777,3
-0.27643,5.7721,3
2.684,3.8797,3
3.9196,0.82137,3
4.253,4.6938,3
3.6429,2.4011,3
2.3676,3.9955,3
3.2919,0.54538,3
7.1581,2.297,3
4.8307,1.7537,3
0.82734,0.81248,3
2.6849,2.6917,3
2.7295,3.7684,3
1.5461,1.1853,3
-3.4463,-3.9678,1
1.7258,3.6439,3
2.2584,6.297,3
5.9368,1.8533,3
1.9145,3.827,3
4.7268,3.2727,3
3.5709,3.0126,3
-0.16247,-1.0693,2
4.9249,0.80601,2
6.4926,5.1984,3
2.3728,6.7593,3
2.3447,4.5888,3
4.8849,0.0038284,3
2.6442,2.691,3
1.0905,1.6547,3
0.36754,3.4192,2
5.1438,2.5111,3
6.6517,3.9034,3
-2.7253,1.6272,2
-2.6914,-1.7953,2
6.0101,-0.84756,3
1.0403,5.8273,3
1.6431,2.4911,3
0.86782,5.1183,3
7.153,3.9452,3
1.6921,1.7879,3
0.79583,0.32915,3
2.03,0.33548,3
5.83,3.4291,3
1.6999,3.3438,3
2.3857,1.6813,3
-0.7902,-1.6304,2
3.4451,6.3796,3
2.9198,4.9768,3
3.0557,0.76586,3
3.7723,3.3132,3
-1.9094,-0.099902,2
2.632,5.9573,3
7.2376,1.9265,3
2.6534,-1.7711,3
3.4875,6.827,3
3.4878,1.7013,3
1.3531,3.4047,3
4.4179,1.9722,3
3.7396,3.1547,3
0.11857,-2.7918,1
6.1322,3.8441,3
0.56396,0.59075,3
7.1115,2.8503,3
3.1356,2.1577,3
4.1058,1.8144,3
6.7413,3.84,3
4.9639,1.5632,3
1.994,-0.61681,3
-2.704,-1.6764,1
2.7201,-1.2752,3
6.6074,4.4556,3
5.6941,3.9604,3
4.6927,-1.0902,3
4.9012,5.2037,3
1.0491,3.0736,3
5.9609,3.2598,3
-0.1015,1.9615,3
3.3181,0.43073,3
5.3081,3.1675,3
4.6632,3.998,3
-0.73788,-0.15796,2
-0.19471,-3.9762,3
0.91065,0.95127,2
4.3709,1.1522,3
2.3411,2.0539,3
2.3057,5.1883,3
4.2744,3.9715,3
-1.5998,-2.7849,1
2.2667,5.2007,3
7.4713,7.0658,3
-2.8771,3.8172,3
-0.014907,2.3277,3
-1.5755,2.4614,2
2.9402,1.1784,3
-1.7107,-2.2995,1
5.441,8.1524,3
2.1355,1.6724,3
3.4042,4.1614,3
7.2328,2.8271,3
1.4071,1.9492,3
2.5367,0.47869,3
2.727,0.85141,3
6.3668,0.86845,3
3.0448,2.4633,3
0.49107,1.412,2
-2.267,-0.89961,2
1.7929,5.8726,3
0.56758,1.1712,3
5.1112,3.5559,3
4.4084,5.1765,3
1.1964,6.7585,3
-2.5939,-4.0113,1
3.7431,3.2887,3
-3.3017,-4.2524,1
3.2816,1.0203,3
0.042176,0.86934,3
3.003,2.7998,3
1.5731,-1.2546,3
5.631,6.2334,3
5.8022,3.2376,3
2.9655,3.7746,3
5.7798,-0.92749,3
-1.8511,1.3669,2
2.6418,3.0887,3
3.3772,6.2085,3
5.0282,2.5759,3
2.4888,2.5746,3
1.8089,3.9886,3
6.3739,2.1758,3
4.9365,4.2541,3
-0.025457,-1.7592,2
-1.7737,2.6141,3
4.5977,1.9641,3
5.5051,3.2722,3
3.4332,0.65752,2
0.24844,7.1698,3
-1.2835,-2.6151,2
-0.36144,4.369,3
0.13159,3.0868,3
3.0011,2.4616,3
1.7843,3.6156,3
2.2411,0.47203,3
5.2278,7.3794,3
3.4648,5.5186,3
1.7086,3.1382,3
1.6137,1.0229,3
3.1817,8.9869,3
-2.3101,-0.64139,3
3.471,3.9044,3
0.62422,0.063947,3
1.3088,-2.6818,3
6.4444,1.1072,3
4.7089,1.7813,3
0.71244,-2.06,3
1.8159,3.1,3
2.8844,2.3438,3
3.4097,4.3697,3
-1.5701,2.1637,2
3.6802,2.903,3
5.3949,5.1572,3
-3.7976,-1.415,1
3.0329,2.9081,3
3.0188,0.39106,3
8.3714,1.0705,3
2.6103,2.6678,3
5.6901,6.7575,3
3.894,0.72753,3
2.8897,4.5577,3
-4.2219,-2.1473,1
0.99398,3.415,3
3.1159,2.8345,3
0.77767,3.8318,3
-4.5359,1.6571,2
4.7825,0.92867,3
-6.3005,-4.3312,1
-0.32704,0.83681,2
1.5422,2.7067,3
3.9908,3.7744,3
2.5939,3.9138,3
2.7723,-0.98111,3
5.452,4.487,3
1.1443,0.74968,3
1.8152,2.3664,3
1.94,5.1206,3
0.74285,0.7967,3
2.8142,3.7932,3
-1.1047,0.81785,3
-0.31447,3.9006,3
2.1173,4.7937,2
3.8773,3.4965,3
3.0844,1.2324,3
5.6044,2.899,3
0.34052,0.64251,2
1.8821,3.1144,3
1.7124,3.6818,3
4.0245,3.8842,3
-3.0006,0.62345,2
4.3146,4.3732,3
3.7644,3.4064,3
5.3364,-3.0106,3
4.9013,1.1148,3
1.7963,7.2774,3
-2.1077,-5.8238,1
4.6327,7.0024,3
1.3714,0.87584,3
0.90568,5.4612,3
3.9478,3.6182,3
6.5379,6.4117,3
1.426,0.98068,3
5.3486,4.14,3
-0.57334,0.2522,3
2.4023,3.19,3
5.8934,1.7423,3
0.68244,-0.89896,3
-1.0705,1.8398,3
2.445,6.0706,3
8.7203,6.2589,3
0.18978,1.0372,2
4.9729,1.4,3
4.1995,2.3996,3
5.4028,1.895,3
-0.34642,-0.43762,1
6.048,4.2599,3
3.6131,0.89024,3
5.4666,0.33613,3
1.1481,5.4439,3
-1.1462,-1.1071,2
3.8975,6.2973,3
-0.16242,0.99682,3
3.5532,3.3305,3
5.3237,1.1955,3
2.4291,1.4811,3
2.2336,-1.5282,2
6.559,0.46208,3
2.8665,3.7072,3
5.4417,0.23287,3
-3.8316,-3.5964,1
-0.47194,5.524,3
5.0264,2.1902,3
4.1408,4.0563,3
6.2172,6.1565,3
-2.1781,3.3795,3
-0.75353,1.4294,3
-2.9158,-0.21485,1
3.6251,1.268,3
2.5789,4.4406,3
-0.44821,4.7485,3
2.7804,1.1664,2
0.09793,-3.692,1
-3.5346,-5.8045,1
2.2523,4.0236,3
2.07,1.4232,3
4.4918,3.3598,3
1.6588,3.8853,3
2.556,4.5579,3
3.9874,4.7683,3
4.0846,2.9948,3
2.7287,4.9629,3
1.3247,2.9549,3
1.2765,1.2422,3
5.6636,3.0006,3
-3.664,0.15272,1
2.9105,1.7416,3
1.8987,5.8751,3
4.8214,3.8055,3
1.2371,2.3119,2
2.7198,5.181,3
0.57548,5.6697,3
1.2026,4.6921,3
5.1429,2.4721,3
0.52345,4.8122,3
2.9811,1.2495,3
3.3725,1.8835,3
2.3283,5.293,3
2.0192,3.4078,3
-4.5328,-2.5148,1
1.4041,2.6317,3
0.095773,1.4306,3
4.612,2.899,3
3.2088,1.778,3
-0.3273,2.2145,3
-1.7842,0.22595,2
-2.0518,3.1925,3
0.90894,1.9464,3
7.0129,5.1659,3
3.0616,3.0558,3
4.6571,2.8164,3
2.3032,5.7161,3
0.82711,4.3965,3
4.9384,3.7249,3
6.0327,0.61248,3
1.0862,2.618,3
1.9824,1.0814,3
2.7611,2.5486,3
2.4762,6.6354,3
4.5252,2.3814,3
2.7779,0.40854,3
2.0009,6.6592,3
-0.18264,2.8905,3
7.7487,2.4908,3
2.9194,4.8815,3
-0.57056,-2.7059,2
3.9433,-2.011,3
4.0271,1.5473,3
5.4563,2.7545,3
0.31469,1.575,3
3.1417,2.4738,3
1.7991,5.6883,3
7.5371,5.8196,3
1.8358,4.9168,3
-6.1012,-3.618,1
4.8803,3.6965,3
-0.58941,3.6486,3
1.1735,8.0745,3
4.328,1.4386,3
1.3366,-0.75627,1
3.7589,0.68121,3
1.9483,1.7228,3
3.0604,2.118,3
5.4488,3.71,3
-3.3805,0.9857,3
5.2085,4.6693,3
2.9892,4.091,3
2.1994,2.1486,3
2.1865,2.304,3
3.7584,1.2917,3
2.1058,2.4317,3
4.264,1.0951,3
2.9445,2.579,3
-0.86743,-0.50642,3
4.8677,0.62544,3
2.52,2.354,3
4.7837,0.53053,3
6.1004,3.2743,3
-1.2577,5.1729,3
4.3153,1.2364,3
4.2918,1.6432,3
1.1727,1.1138,3
4.6863,2.9124,3
7.3244,3.9368,3
3.5998,6.6417,3
2.4798,1.6821,3
1.3613,1.2039,3
4.7507,6.2832,3
2.5737,2.6739,3
-4.1168,0.76068,2
1.1053,5.0129,3
3.4453,1.6845,3
5.7064,3.0714,3
4.2288,4.4264,3
-5.6225,1.1365,2
-2.5213,2.6112,2
3.2573,1.9664,3
2.7861,1.4823,3
1.788,3.2639,3
3.3161,1.8099,2
3.9029,3.6424,3
-0.075487,-0.42019,3
5.465,3.8002,3
3.6654,6.4127,3
0.8178,5.2116,3
1.2979,0.43017,3
-4.4684,-5.3304,1
3.1316,4.4901,3
3.3092,1.9001,3
-3.2311,-1.8747,1
5.9218,1.2773,3
3.3218,1.4448,3
-3.5696,-5.6617,1
-0.32975,-1.723,1
3.4753,3.4559,3
1.3458,4.4394,3
5.2889,0.22053,3
5.0846,8.6876,3
0.96955,2.0424,3
2.8938,-0.82888,2
1.0273,2.6369,3
4.335,1.6914,3
0.84385,0.90265,3
5.8544,3.6595,3
-0.58686,3.3152,3
1.1278,3.0339,2
-2.346,-0.32226,2
3.2483,2.2454,3
-1.2597,3.6233,3
1.8927,2.6411,3
-1.1991,3.2273,3
-0.0062279,1.6091,3
5.1394,1.9525,3
-2.3488,-3.1086,2
0.71189,0.27902,3
5.3953,2.2942,3
5.4036,2.7948,3
3.7908,1.4409,3
3.0317,-0.92848,3
2.4232,4.8022,3
2.1485,6.1839,3
2.3404,2.0479,3
3.4113,3.514,3
1.5486,1.5598,2
-1.2402,1.1146,3
3.9984,3.4517,3
2.04,4.609,3
-0.71428,1.745,3
2.2735,2.2025,3
1.6705,1.1398,3
4.368,0.058088,3
2.5619,2.5687,3
3.9492,2.8104,3
4.4448,5.7827,3
6.1886,2.4198,3
1.8815,5.7976,3
-2.106,-1.4435,1
2.8734,-0.55152,3
0.42774,3.6308,3
3.2565,-0.65664,3
-1.5757,-0.42903,2
4.2425,1.3227,3
1.4875,4.9654,3
6.5676,3.4424,3
1.3549,3.1976,3
0.84269,5.158,3
2.0221,-2.3684,2
-2.2726,-2.6365,1
2.9893,2.1912,3
1.9105,-0.5595,3
6.1092,4.3807,3
6.4177,4.2104,3
3.822,5.0094,3
4.2645,3.6265,3
2.4689,3.3415,3
5.2228,0.94185,3
0.91494,2.1293,3
0.048979,3.4765,3
3.0001,-0.33728,3
5.3018,3.0708,3
8.156,2.108,3
0.86288,6.9682,3
4.074,0.92021,3
3.5059,4.4368,3
3.7256,3.1805,3
-1.2981,1.4305,2
1.7777,4.0252,3
4.9669,3.2394,3
-3.7118,3.4444,2
-0.82382,0.070496,3
-1.9054,-3.8515,2
-1.8706,-2.4919,1
3.0173,4.6519,3
2.3706,3.5726,3
5.8981,1.3575,3
6.344,3.7886,3
2.6039,3.645,2
2.478,4.8796,3
2.837,-0.77815,3
0.3317,0.18186,3
1.3936,2.3605,3
6.5277,1.2158,3
1.3887,5.4591,3
4.8066,2.342,3
0.91436,-0.090118,3
4.6644,3.9178,3
8.1928,9.6022,3
4.5899,2.2728,3
5.8771,3.5002,3
3.2072,5.0686,3
-0.36263,-0.50682,3
2.116,6.3832,3
5.1276,1.871,3
2.9572,5.6644,3
4.5761,2.588,3
4.3458,7.9847,3
0.47141,1.4138,3
0.11367,4.9375,3
2.3853,4.9241,3
3.496,7.5803,3
5.3511,4.9606,3
2.7055,5.5958,3
0.84378,2.6332,3
5.9189,5.5317,3
2.2515,0.058196,3
0.4027,6.192,3
0.2502,0.79946,3
0.47625,3.6834,3
3.0847,4.7792,3
-1.4531,-5.2225,1
2.5152,4.999,3
3.7498,3.1908,3
1.4752,1.6101,3
5.8615,4.9085,3
-1.7011,2.6155,3
2.3725,-2.4023,2
0.37617,1.6339,2
7.4443,3.9887,3
0.8841,4.4231,3
1.7988,2.4146,3
1.9913,2.9637,3
-8.3433,-5.5662,1
6.3896,7.7312,3
-0.26436,0.53754,3
5.3917,5.8761,3
2.6737,4.259,3
4.6142,-1.7287,3
4.7106,7.3452,3
3.8482,1.3863,3
3.9298,6.7711,3
0.90703,8.1491,3
2.0932,1.2661,3
4.9741,2.8995,3
4.9992,3.7527,3
2.1948,2.6005,3
4.4224,7.8381,3
5.8127,3.7407,3
1.6614,5.3232,3
0.11475,2.8114,3
4.8013,1.6375,3
5.4063,4.5897,3
5.2413,1.6628,3
0.56987,-0.34615,3
3.0079,-1.8845,2
1.6128,-0.65277,2
3.7282,2.9605,3
2.8418,1.2295,3
2.2675,4.8727,3
4.1794,3.555,3
1.5467,2.2457,3
3.2453,7.5073,3
5.8947,8.9662,3
3.7258,5.2052,3
0.43009,0.53064,3
-0.48385,0.768,3
2.1622,2.3929,3
7.0236,1.6083,3
5.7081,0.62952,3
0.080589,1.6529,3
1.7058,0.92008,3
1.5175,-1.2022,3
2.3863,1.9926,3
-0.15694,-0.95487,2
1.7434,0.92743,2
0.058183,1.9595,3
-1.8038,2.3954,3
5.7374,7.7848,3
6.8238,3.6812,3
0.33743,1.2108,3
3.4679,3.8661,3
5.5639,3.377,3
1.8482,1.8735,3
0.94773,4.4221,3
3.0647,3.6329,3
3.2229,2.0433,3
3.4214,1.0891,3
1.9682,3.5884,3
4.2887,3.0188,3
2.6927,3.2683,3
7.9133,4.4916,3
4.3073,2.9215,3
-0.87493,4.3369,3
-3.976,-3.3069,1
2.6122,4.7509,3
-0.35225,-0.81945,2
-0.19706,-3.8551,1
-10.622,-7.1097,1
0.86467,1.3277,2
2.3544,-0.54393,3
6.6341,7.939,3
5.3286,4.7557,3
2.2934,8.8899,3
1.3171,-0.417,3
3.7707,4.0635,3
6.8972,2.973,3
2.9304,3.3254,3
4.0847,8.3137,3
4.2223,1.8507,3
-1.6597,-3.6974,1
1.0874,4.0493,3
-0.68834,-0.70306,3
3.4036,-0.2931,3
4.3384,7.079,3
1.8883,4.663,3
3.0691,4.4858,3
-2.0484,-4.2753,1
7.9892,5.3202,3
2.1344,1.729,3
5.2465,-0.12252,3
3.2247,1.9992,3
5.0303,4.6589,3
3.6725,5.6928,3
-3.6794,-4.2155,1
4.7895,1.5585,3
-0.81176,0.042752,2
1.0843,-1.8746,2
0.88985,-1.6238,2
-0.64595,2.7328,3
4.4116,1.7842,3
0.24779,4.1928,3
2.6834,2.0411,3
0.9408,-0.36246,3
5.8777,0.6249,3
-1.8502,-0.44571,2
3.0471,0.81159,3
0.83209,-0.28456,3
-0.1278,2.1714,3
7.0822,5.5421,3
3.0928,7.5607,3
6.8056,3.2817,3
-0.2552,3.7169,3
-2.3758,0.94567,3
0.47376,2.9969,3
1.9454,1.2168,3
1.1946,6.0392,3
2.0908,5.1562,3
4.6224,1.8836,2
3.4955,3.6917,3
4.6726,5.6741,3
1.9103,2.9104,3
-4.6353,-3.3153,1
1.1699,0.20476,3
1.1867,3.3152,3
6.9878,4.3888,3
4.1287,2.3595,3
6.1333,5.9221,3
-1.3291,0.96058,3
2.9994,-1.1276,3
2.6157,2.7247,3
4.3016,8.8199,3
3.5195,5.3906,3
-3.4406,-2.0002,1
3.602,3.6673,3
-0.71098,-0.94661,3
8.5455,2.7069,3
7.7402,4.9495,3
-4.0086,-1.9213,3
3.0057,7.5443,3
2.4529,0.76283,3
2.1021,-0.90014,3
3.2176,6.3757,3
4.4544,2.1983,3
5.6421,4.1547,3
2.8918,1.2367,3
3.3527,-1.0267,3
5.3231,3.6417,3
4.3263,3.0641,3
5.1236,6.4671,3
0.2833,1.1609,2
5.866,3.6979,3
-0.58921,0.96993,2
-0.064257,1.2994,2
2.6136,5.5205,3
1.5135,2.2296,3
3.9411,0.77823,3
2.3997,2.0997,3
-2.3242,-2.0382,1
0.26379,0.70274,2
4.4692,5.9316,3
4.0603,1.5389,3
2.3743,2.0553,3
0.50763,-1.0698,2
1.7253,4.3723,3
1.4683,1.3182,3
4.268,3.0315,3
3.3349,-0.56249,3
2.9475,3.1114,3
6.8675,2.8034,3
1.4582,2.1034,3
3.9841,3.7786,3
0.6478,1.8915,3
0.061144,3.4733,3
0.12265,3.1279,3
6.0467,1.4128,3
0.7733,1.8477,3
-0.42464,4.4096,3
3.8113,1.2476,3
2.1452,3.4925,3
1.1751,2.5121,3
3.147,5.5592,3
2.4348,1.3774,3
1.5118,6.3699,3
0.069729,0.9117,3
-1.8345,2.3398,3
1.4868,4.5386,3
4.5677,3.8197,3
5.7345,4.0062,3
-0.025854,1.1483,2
5.6156,2.0977,3
0.68414,6.1911,3
-0.93179,5.0124,2
4.6334,0.52174,3
2.3892,-3.313,2
0.80325,-0.31354,3
-2.348,-0.29292,2
2.4572,4.626,3
3.6553,1.0363,3
1.8958,4.8579,3
3.8794,2.944,3
0.94778,2.2418,3
2.5681,4.2824,3
0.80022,0.67185,3
4.1363,3.761,3
1.7617,3.1218,3
2.9243,0.41617,3
1.3964,1.4114,3
0.68649,7.3808,3
7.0008,5.2412,3
3.3792,2.7586,3
4.667,3.8035,3
3.8878,1.6578,3
3.192,2.9261,3
3.5868,0.37207,3
1.064,3.3077,3
0.43559,3.5152,3
0.93363,5.6121,3
0.39155,-1.3506,3
1.8225,2.7477,3
5.551,3.5713,3
0.96541,1.0113,2
2.1109,4.4867,3
-3.2285,4.1064,3
2.9123,5.5468,3
5.8055,-0.39544,2
1.7285,-0.055733,2
2.6382,3.6261,3
5.5164,3.2002,3
-2.0668,-0.5086,1
-2.7025,-2.1951,2
1.6297,2.0243,3
1.0394,3.714,3
-1.3108,-1.9263,1
-2.1798,0.28206,2
-2.1968,1.6671,2
2.1576,1.7883,3
7.2913,5.632,3
7.2989,2.7512,3
1.3582,4.1688,3
-6.3959,-5.4808,1
2.2325,1.014,3
1.5488,-2.6892,2
5.2732,9.0737,3
6.8618,0.2568,2
1.5314,0.064874,3
4.1514,1.3488,3
2.792,1.5862,3
-3.3019,-5.059,1
2.7769,1.7212,3
2.5936,4.3676,3
4.7967,3.7884,3
3.8902,2.2092,3
4.0388,4.9649,3
0.54112,0.37643,3
4.2422,1.2239,3
3.6112,-0.70812,3
6.0537,4.4946,3
3.1748,0.90326,3
0.217,2.8627,3
0.13682,0.94025,3
7.6195,4.6147,3
-2.3372,-1.8242,1
1.5733,3.3512,3
3.1989,1.5847,3
2.0661,0.46444,3
4.5849,6.6061,3
5.6751,1.8414,3
4.0814,3.1703,3
2.323,3.5542,3
6.1581,3.4204,3
4.9764,5.3091,3
-3.6027,-2.28,1
1.1891,1.8686,3
2.2481,2.5721,3
3.9676,3.4512,3
2.2821,2.1318,3
2.5613,0.46567,3
4.457,4.6952,3
0.26012,8.386,3
5.7601,7.437,3
1.5043,2.3392,3
4.4957,3.1196,3
0.65154,2.6189,3
4.6594,2.9318,3
-0.79598,1.33,2
-0.23714,-0.28417,3
1.4596,1.5608,3
3.2344,4.0727,3
1.8749,1.7479,3
2.9517,-0.34383,3
3.3363,6.2289,3
3.1674,3.8051,3
2.8782,5.109,3
3.712,-1.1368,3
0.65152,5.8611,3
1.9884,3.0736,3
1.3368,0.037531,3
5.4221,3.7692,3
2.1541,1.5898,3
0.11735,2.9221,3
-1.954,-5.2537,1
0.41965,5.1546,3
3.3684,4.3729,3
5.8638,2.2468,3
1.5908,-2.48,3
5.2184,6.7379,3
-0.73919,1.9469,2
4.417,3.0498,3
4.6939,2.4756,3
3.9429,6.5705,3
4.4892,2.2498,3
0.92408,3.8358,3
2.842,4.7432,3
4.7051,1.2021,3
1.1631,7.2405,3
1.4546,1.538,3
2.3187,1.4296,3
1.1026,-1.0471,3
3.7798,3.8089,3
2.6731,3.9609,3
0.0046483,5.7885,3
5.2237,4.6718,3
0.99987,3.966,3
4.2728,4.7342,3
2.8224,3.5498,3
4.3352,5.0192,3
6.9942,3.8043,3
6.8171,3.2137,3
4.2205,4.3278,3
1.9648,4.2439,3
5.587,-0.40379,3
0.5954,5.7974,3
5.2116,3.6102,3
-1.2555,2.9276,2
0.32963,-3.0296,3
0.96842,3.2519,3
-0.017056,5.9064,3
1.5467,3.742,3
4.1383,2.6313,3
2.9178,4.9048,3
4.8153,1.4725,3
-0.36212,4.8966,3
4.3581,4.1111,3
-0.069229,3.399,2
6.0772,5.0997,3
2.5287,2.0146,3
2.6321,4.8248,3
2.1554,0.54292,3
3.103,4.4645,3
0.78759,1.7386,3
-5.5401,-5.9586,1
1.958,1.7286,3
-0.80069,3.6582,3
-1.1074,-0.040631,2
-2.4402,-5.3861,1
1.2217,0.59829,2
-1.0024,4.2428,3
7.2712,4.8963,3
1.4833,6.1193,3
-2.2017,1.2495,3
6.9957,4.3469,3
1.5066,2.2001,3
4.8202,5.394,3
0.20046,-1.8123,3
1.0068,2.4359,3
3.458,6.5667,3
-0.68627,3.5886,3
1.9513,1.8035,2
1.074,6.7661,3
3.9547,-0.11046,3
-1.709,-0.46347,3
-1.1826,-0.13671,3
5.7953,4.7186,3
-0.15517,-1.2029,3
6.6957,-2.0078,3
-0.47742,1.081,3
3.1509,0.94316,3
-1.7387,2.7244,2
1.2993,2.341,3
2.6417,3.2623,3
1.1574,2.5267,2
0.88326,0.77184,2
2.4247,-0.36332,2
-0.28549,1.2387,2
6.228,7.9913,3
-1.8019,2.4925,3
2.2637,-0.60116,2
0.32538,0.87776,3
5.5876,3.3103,3
-1.4187,2.924,3
3.4589,-0.034142,2
2.8384,-0.42086,3
-0.1736,2.8396,3
5.7937,5.1637,3
4.542,7.6039,3
-5.6153,-4.8585,1
1.3435,2.4751,3
3.0661,2.7019,3
5.0004,3.5962,3
2.3235,5.377,3
1.3845,-0.00025378,2
3.7138,7.1479,3
1.3362,5.753,3
3.6811,4.2724,3
3.1204,1.7065,2
-0.13659,1.6799,3
-0.46996,0.60683,3
2.3053,3.8773,3
-0.38792,0.29666,2
1.7472,5.267,3
4.882,3.9221,3
3.0139,6.0886,3
5.0183,2.3983,3
5.3635,3.8607,3
3.7565,2.7718,3
3.3329,3.1606,3
-5.719,-6.3363,1
2.6792,6.6398,3
6.665,2.4566,3
-6.2086,-3.6675,1
4.4349,3.6785,3
3.0975,1.8864,3
3.3666,4.066,3
2.7154,2.6651,3
2.4954,4.304,3
2.7004,2.5914,3
2.3438,4.6352,3
-3.0421,0.02266,3
-4.7193,-2.6928,1
4.0867,-1.7601,3
2.0998,6.3271,3
1.7722,3.7857,3
1.4897,2.3467,3
6.0718,3.832,3
-4.217,-2.1487,2
1.5001,1.9665,3
-2.1951,-2.3863,2
3.4956,2.4648,3
4.2346,8.6438,3
2.1331,-1.3913,3
2.6099,-0.65388,3
2.8157,3.9108,3
6.4519,5.5393,3
-3.6061,5.2966,3
4.5518,4.8358,3
-2.7253,4.2354,3
2.579,-1.0624,3
1.956,-0.5563,3
-0.56766,0.80444,2
3.9001,2.8045,3
1.6808,3.8823,3
5.8065,6.7153,3
-1.3443,3.185,3
1.2352,0.96306,3
8.1273,4.9941,3
-3.5726,1.0072,3
4.0795,3.2944,3
-2.9833,-3.3716,1
3.7982,2.839,3
0.99357,-4.7715,2
5.1757,3.3259,3
-1.3297,3.1338,2
8.0144,3.4606,3
0.49275,3.9614,3
1.0179,-2.8438,3
3.7085,-2.0786,3
-2.2189,3.0518,3
-0.0066768,0.42473,3
1.9582,3.8807,3
-1.8252,0.35043,3
5.4094,4.5613,3
3.3538,1.8506,2
2.4223,3.9348,3
3.5819,5.0457,3
2.3601,1.7433,3
-0.89295,-1.7975,1
6.5975,10.617,3
4.1718,2.6313,3
-4.9599,-1.4719,1
-1.7631,-1.0116,2
0.3384,0.041374,3
1.5437,2.2095,3
2.2673,2.526,3
2.3856,0.52042,3
3.6741,1.917,3
2.4623,1.0597,3
4.9257,6.6579,3
1.1598,3.0531,3
1.5278,2.2584,3
4.8789,6.7015,3
3.5437,3.31,3
2.1341,0.38854,3
2.3343,4.0322,3
4.4094,3.9562,3
5.3059,6.4495,3
4.6867,2.1724,3
4.4404,6.4407,3
3.7092,2.4773,3
0.98253,-0.69955,3
3.3062,2.5656,3
0.18655,1.084,3
3.4563,-0.39177,3
1.2293,3.1199,3
9.2247,7.8306,3
0.94872,2.4108,3
3.2479,0.31638,3
0.97331,0.048425,3
5.4694,2.1249,3
2.3999,2.6671,3
2.1655,3.6599,3
3.9105,6.0355,3
4.3514,-0.24419,3
2.7209,3.8858,3
1.3901,4.6494,3
-2.469,4.2839,3
0.90224,4.2487,3
4.7282,4.1449,3
2.8216,3.6708,3
3.8192,2.1817,3
-1.2343,0.58404,3
2.4916,1.6409,3
2.0823,2.0919,3
4.6062,-2.8197,3
2.5994,4.4057,3
-2.4706,-4.9413,1
1.453,3.2056,3
3.0641,3.2811,3
1.2401,4.0483,3
0.99227,3.7203,3
1.5203,1.1815,3
1.3842,1.122,3
2.631,3.3255,3
-1.5405,2.1791,2
0.40989,-1.6473,3
5.8242,4.3053,3
2.7321,2.4636,3
1.7904,1.9542,3
4.1734,0.905,3
5.3382,1.2215,3
4.097,6.7808,3
4.4832,-1.0194,3
3.0575,3.4943,3
2.0945,2.1367,3
-2.2765,-1.3849,1
0.89575,-4.0528,3
3.3046,4.9293,3
1.5654,7.1288,3
4.9911,3.4771,3
-2.0197,2.3442,3
-0.96729,-1.107,2
0.63105,3.4988,3
5.0295,2.6242,3
3.5896,-0.89704,3
-2.4415,0.021719,3
1.7457,2.5144,3
1.1319,0.4971,3
-3.216,5.8705,3
2.7948,2.1893,3
0.64238,7.3903,3
2.8162,2.7035,3
-1.3838,3.6756,3
3.5026,5.8117,3
1.7971,1.1407,3
2.075,2.4985,3
-3.6749,-3.2507,2
5.108,4.6169,3
1.7385,2.6517,3
3.7972,2.6748,3
-0.56972,-0.20303,3
2.6887,1.3567,3
3.3336,3.791,3
1.345,3.2846,3
8.4337,3.206,3
1.7157,-0.3066,3
3.0364,7.9755,3
3.8974,5.0298,3
4.7517,5.8158,3
1.3301,-0.091166,3
5.9677,4.2053,3
2.9359,-1.88,3
2.3131,3.0484,3
1.6021,6.3839,3
3.4428,4.2048,3
6.8931,7.8564,3
4.4068,2.1135,3
7.4974,4.2736,3
2.1643,5.79,3
1.5491,1.9737,3
-2.667,-3.3172,1
1.3336,3.5377,3
1.6483,-1.6758,3
6.9162,1.6473,3
2.0685,2.2096,3
6.8412,4.5146,3
1.1797,1.6234,3
-5.0141,-5.4475,1
0.10175,6.8021,3
1.6666,-0.48225,3
3.8573,1.6425,3
1.1941,2.1051,3
0.31217,-0.39847,3
0.33391,2.0513,3
1.4304,0.21276,3
0.34695,2.3741,3
6.3971,6.4622,3
5.1209,3.0349,3
2.62,6.8244,3
1.6819,3.9948,3
3.6566,5.0045,3
1.5562,4.5612,3
-2.7385,-3.4618,1
7.4607,3.813,3
2.9666,1.233,3
-0.6168,2.9975,3
3.2328,2.3694,3
2.6034,1.1326,3
1.9033,4.0956,3
3.6713,4.5904,3
6.1234,8.4713,3
4.0328,-2.6536,2
4.812,2.2057,3
2.0928,1.0754,2
-0.87714,2.9571,3
1.2751,4.5792,3
-2.8252,1.1295,1
3.0515,4.7469,3
-1.9205,-3.4671,1
0.41548,4.0383,3
-3.2841,1.6185,3
-0.87599,0.13751,3
3.9669,3.5689,3
3.4659,5.2894,3
4.602,0.32646,3
3.7412,1.9672,3
5.8042,6.4198,3
4.1798,4.1353,3
5.6434,5.9334,3
1.8303,0.064184,3
0.0013698,3.9427,3
-0.66363,-0.67596,2
1.4557,3.816,3
3.6058,2.8226,3
-0.3346,1.1315,2
4.3092,5.3863,3
4.8456,4.3869,3
-0.48815,-2.624,3
1.2516,-0.57102,3
-2.6736,-2.2295,1
1.2126,2.7766,3
5.2424,4.5638,3
7.2665,5.0369,3
1.7103,1.6366,3
6.1723,-2.1576,3
0.02895,2.2644,3
4.5472,5.4255,3
2.939,4.3232,3
2.433,4.0342,3
2.4155,1.8951,3
2.4229,5.8665,3
6.0493,1.0348,3
2.2947,1.7338,3
1.9917,2.5308,3
0.9578,-1.9942,3
0.98838,-1.0513,3
1.5219,2.1704,3
3.4593,-0.73502,2
1.9207,3.9343,3
1.4482,2.8226,3
3.1993,4.2445,3
5.8432,1.3989,3
-4.6629,-1.3186,3
3.2185,4.9809,3
2.1876,3.3446,3
8.8059,5.1866,3
3.5357,4.5646,3
4.0637,-0.17372,3
0.016427,4.363,3
-4.2424,2.0714,3
-6.1833,-4.0265,1
4.1832,4.1173,3
-1.7809,-5.7467,2
1.7929,-0.63622,3
1.8253,1.0228,3
2.4844,1.3111,3
-3.7601,-4.1609,1
0.25301,4.9733,3
1.7834,0.096495,3
0.15813,0.23541,3
0.94995,1.289,3
3.2034,-0.28616,3
6.0556,4.1692,3
0.93629,0.84627,3
1.8451,0.75307,3
