-3.2516,-2.4533,2
-1.6354,-5.1999,1
2.3018,0.65782,2
0.45237,-0.91412,3
-0.58683,-2.9303,1
-0.46804,0.049767,2
-1.2238,1.552,2
-2.8159,-3.82,2
2.4579,7.5931,3
1.3137,-0.83282,1
-1.6446,0.62872,2
-1.2232,-3.1797,1
-4.799,-2.7746,1
-3.1156,0.65133,2
0.62831,2.708,3
4.4489,1.9365,1
1.5015,-1.2885,1
3.2523,-3.2314,2
-1.2198,-1.309,2
3.1446,5.6387,2
3.593,1.1233,2
-1.5125,0.19317,3
-0.39052,0.97611,3
3.813,1.1966,2
-0.79875,-1.9451,1
-0.55293,-3.4648,2
-2.2874,1.9157,3
4.5068,-0.84919,3
6.1555,2.9741,3
3.134,6.5993,3
1.1745,-3.5148,2
2.3299,2.4581,2
4.3418,3.8654,1
-1.2763,-2.6638,2
2.2226,1.5865,3
0.48274,3.5903,2
0.51074,2.5132,3
-2.5333,1.3185,2
-2.2078,-0.24151,2
-3.0861,-2.6053,2
1.9245,0.24662,2
-2.6465,-3.0904,2
-0.11847,-2.1275,1
-0.85615,-1.8004,1
-3.0876,-1.8739,1
-1.4878,1.0628,2
-1.7997,-1.326,1
1.7812,-0.39111,3
-2.5137,-0.72081,3
1.1205,-1.473,1
-5.7545,-4.3317,1
0.69411,0.099823,2
-2.8964,1.5783,2
-1.3297,1.1595,2
2.8851,-1.2166,2
-1.7718,0.73245,2
-0.34164,-0.64815,2
-2.7067,-1.8745,1
-1.195,-2.3518,2
3.9178,4.272,3
-0.81911,1.0129,2
-3.0755,1.7066,2
-3.6031,5.0476,1
2.2128,1.4501,3
2.3899,-0.28798,2
1.9262,-1.9585,2
-0.43578,-2.1233,1
0.9098,-3.2557,2
0.97591,1.3458,2
1.539,0.00053948,3
3.6311,0.33388,1
-1.0437,-2.0539,2
-0.16554,-0.12334,2
1.9023,0.087913,3
-0.33335,-1.362,1
-0.84189,2.2116,3
-1.3901,-0.085414,2
-0.94087,-1.9396,2
0.18998,-4.8941,3
1.171,-0.89085,1
-3.9947,-2.0466,1
-0.85419,-1.0643,2
-2.5184,2.0259,2
-1.2241,2.6124,2
-3.1498,3.1041,2
2.9482,1.5003,2
1.1613,2.1919,3
2.3955,4.7504,3
1.1542,0.74438,2
-1.1426,3.5318,3
-6.0539,-5.2995,1
-2.4067,-1.6984,1
-1.4957,1.6386,3
0.90617,-0.71398,2
2.5057,-0.2074,2
3.117,3.0858,3
3.2428,0.58606,3
-0.70355,-2.0696,2
1.7328,1.0966,2
0.68261,-1.316,1
-2.195,-3.0929,1
-1.125,1.5806,3
0.43526,-4.9188,1
-2.5518,2.1526,2
-1.9842,1.2595,2
0.3162,-1.507,2
-2.6445,0.98571,3
0.88657,3.4718,2
0.14087,0.68999,2
0.051811,1.6746,2
-0.46972,1.9637,1
-1.7957,1.3993,2
-1.0059,-0.59646,2
-2.6185,-1.8852,2
0.91336,1.7659,2
4.051,-0.56097,1
-0.16182,-0.85802,2
0.28616,1.0183,2
-0.86708,0.15814,1
-2.0488,-1.9424,2
0.69974,5.0942,3
0.06531,-0.76531,1
0.71499,0.7285,1
-0.90147,0.035583,1
0.9647,3.8076,3
5.5475,2.5732,2
1.5616,2.9227,3
-3.3416,-2.889,1
-1.2445,-1.3301,1
-3.3308,0.020556,2
1.6352,-0.43729,2
3.1417,3.3858,3
-1.7273,-0.42548,3
-1.2367,-2.4997,2
1.3955,-2.0933,2
-1.1545,-1.0407,2
-4.2,-2.679,1
-0.92643,-0.10325,2
0.97889,-1.9599,1
-0.087428,-0.41997,3
0.27859,0.69876,3
2.373,0.66634,3
0.54409,4.5479,3
3.1719,0.73849,2
-0.47089,-1.9471,1
1.2672,-4.5911,2
-2.6965,-2.6913,1
-2.042,-3.8626,1
-1.3011,0.78686,1
-1.9803,1.9253,2
5.3684,2.3844,2
1.8723,1.0629,2
-0.10502,-0.71747,2
0.62376,-2.1135,1
1.8974,1.0949,3
-2.2558,-0.45404,2
0.16548,3.2824,3
0.61228,-0.48831,2
2.7717,1.9081,2
0.45081,1.699,2
-3.2574,2.4578,2
1.2127,-1.3958,2
3.0813,-0.81098,1
0.93035,0.15108,2
-3.3949,-4.1824,2
2.9718,-1.0533,2
0.27906,3.8099,1
0.75943,2.5004,2
2.106,-0.24444,1
1.6901,-1.443,1
1.7858,1.0627,2
-1.5264,-2.2556,2
-1.2978,-0.166,1
-2.009,0.039311,3
-1.4232,4.203,3
0.73193,-2.5824,3
2.043,-0.64187,2
2.6205,1.1592,2
-3.1892,-0.58559,2
-3.9132,-2.5208,1
2.7236,-1.2299,2
0.23264,0.54618,3
-1.0734,-3.0522,2
-1.9602,2.0456,1
-3.5241,-2.6409,2
0.44669,3.2546,3
-2.1531,-1.7125,1
-4.5243,-2.4537,1
0.54799,-4.0022,2
2.2597,1.0481,3
1.009,0.71667,2
4.0045,0.42941,2
2.8995,0.40982,2
-4.6572,-2.5282,1
2.2608,5.1027,2
-3.4897,-0.50704,2
0.72149,-0.73844,2
0.75278,0.78378,1
0.96262,4.015,3
0.75086,1.0671,2
-0.58744,0.82368,3
-1.2403,2.0061,1
-1.7137,4.8529,3
-1.2808,-1.18,1
4.9349,-0.41278,3
-5.5191,-2.3134,1
-1.9975,-2.5002,2
3.7267,-0.64313,3
3.1286,1.6066,2
3.2996,-2.2235,1
-0.39886,-0.12223,3
-4.5369,-0.63781,3
0.24312,-0.66036,1
1.305,-0.19531,1
-5.9025,-3.8786,2
-0.66259,-1.2697,1
0.97901,-0.46342,2
3.6365,0.8009,2
-2.9724,-2.006,1
-0.54356,-1.2084,1
1.6311,4.8177,2
-0.86613,2.7612,1
0.45809,2.0343,2
2.303,-1.5907,2
0.56485,1.5818,1
1.3336,2.273,2
-2.7949,1.1436,3
0.33505,0.10145,2
-0.40988,-6.0119,2
-0.0078733,-0.24657,2
-3.0073,-2.701,2
2.8688,0.96637,2
-2.113,2.9189,3
2.8676,-2.3222,3
-3.5971,-1.4498,1
5.2298,-1.3742,2
-0.83541,-3.8231,1
0.79928,-0.8956,1
-0.7626,-0.077319,2
-0.38763,-3.0636,1
0.63361,-2.1015,1
0.15848,-1.012,2
1.1566,-0.31302,1
-1.1526,5.3158,2
0.11615,-1.8536,1
-0.80558,-3.4507,1
-3.4598,0.2003,2
0.23648,3.5048,3
-1.0556,0.80488,1
-0.10664,-0.41441,1
-2.0731,1.1226,3
4.989,-0.73934,3
-2.0815,-4.341,1
5.2828,0.83536,1
-3.7219,1.078,2
3.5136,3.3594,3
0.96503,0.4129,3
3.6223,3.1595,3
-0.77312,-5.5589,1
-0.17772,1.518,2
-0.91829,1.3147,1
-0.16993,1.4756,2
-2.0067,-0.89426,1
2.8587,0.10993,3
4.6999,-0.35609,3
-0.51765,-3.1293,2
-3.6339,3.9519,3
-2.1732,0.578,2
0.13638,-0.15581,3
0.84566,2.0467,1
1.4745,0.37431,2
0.21752,-3.2257,1
0.024512,1.882,2
-1.2946,-1.8271,2
0.5734,-1.6548,2
-1.2275,0.55301,1
-0.30594,-4.3695,2
0.49207,-0.5222,2
-0.1298,3.5072,2
-1.1472,-0.91342,1
2.3839,1.0092,3
-3.4129,-1.8091,2
-0.28046,0.11607,1
-3.9195,3.3512,2
-0.62932,1.5234,2
2.6876,-3.906,2
-0.21917,4.3323,2
2.8291,2.9496,2
1.9629,-1.1821,3
1.6034,0.46005,2
2.9089,0.7867,3
-0.93816,-3.2291,2
-2.4161,-2.7805,1
-4.893,-0.16541,1
-0.2414,-2.6863,1
-2.6195,-1.6872,2
-4.1897,0.92785,1
-2.3461,0.54322,3
-1.1525,-1.4628,1
-0.47917,2.4285,1
4.1337,0.91105,3
-1.1868,-1.4299,2
-1.8377,2.3516,1
1.6186,-1.3794,2
-0.9954,-1.0794,3
-3.4906,-4.2046,1
1.7163,0.065121,1
2.3299,0.9657,2
2.518,0.80664,2
0.30347,4.7611,1
-0.53541,-2.2846,2
-3.8355,3.3065,1
-3.5084,-2.6246,2
-2.7062,-1.8116,2
-1.3737,0.07248,1
-0.1616,-2.3019,1
0.93842,0.31934,2
1.0696,-1.6874,2
1.2868,-2.8423,2
3.3305,2.5456,2
2.2303,3.636,1
-4.2602,-1.7997,1
0.54711,-2.3853,3
-2.4943,0.35391,3
3.0929,2.2762,2
-1.5767,2.2916,1
-2.1577,2.6469,3
-1.8258,1.6501,2
-6.5859,-2.2158,1
1.2166,-1.7656,2
-4.3967,-2.2009,2
-1.4451,-2.8857,1
0.1762,-1.7344,2
0.072827,2.7067,1
1.2052,0.77367,3
1.9307,-0.051046,2
-3.6997,-3.1762,2
-1.4509,0.90815,2
0.16895,-0.489,3
0.98328,-1.5652,3
-0.46826,-2.8412,3
-1.7479,1.8364,3
-2.6074,-0.76268,1
0.56272,3.1912,1
-1.5591,0.7026,1
2.5071,-0.82003,1
1.319,-0.72722,2
2.7301,-0.41135,2
0.43376,0.81974,2
-0.48493,-2.5352,1
0.47015,-5.0667,2
-2.7082,-3.5858,2
0.38235,-1.0561,2
1.1143,2.4601,1
2.5618,0.61992,3
-0.96454,0.52543,1
-0.43559,-0.75535,1
2.4586,-1.337,1
-3.4268,-5.7895,1
3.9901,0.81766,2
1.0909,0.94645,3
2.1657,-1.0533,3
-1.0416,-0.40809,1
-1.1369,-2.2425,2
-2.1357,3.0451,1
3.6484,2.1382,3
0.51591,1.3767,3
0.13258,-3.6952,2
3.6518,6.2416,3
0.43844,-3.4877,2
-0.19326,-1.5143,3
0.93285,5.2079,3
-3.8394,-2.8748,1
-1.3093,-4.907,1
-1.4445,-2.899,1
2.5701,2.5474,3
-0.26876,-4.6449,2
-1.7183,-4.4683,1
-0.090423,0.97124,1
-1.4204,4.0203,3
0.85958,0.24964,2
1.7415,2.0455,2
-1.0658,0.58501,1
-0.93537,-3.2372,1
0.4878,3.5534,2
0.95484,1.3829,2
0.026545,-0.16551,2
-0.74484,-4.3994,2
1.969,0.4933,3
-1.2975,3.0319,1
1.089,1.446,3
-0.11151,4.4522,2
0.8431,-0.064683,1
-0.029518,2.8624,2
-0.72153,-1.2888,2
1.3511,2.6716,2
-1.5971,0.44912,3
0.078573,-0.23862,2
-1.4614,-3.9993,2
-0.91856,0.25522,3
-2.5843,-1.709,3
-1.5206,-3.0399,2
0.7299,-1.1803,2
-4.0482,-1.9364,2
-1.3005,1.6432,2
1.0981,0.23318,3
2.3948,-1.51,3
-2.9746,-1.7735,3
-1.4452,2.4639,3
2.7765,3.1179,3
1.6538,0.62973,2
-0.8267,0.39048,2
-1.505,0.40162,2
0.24883,1.62,3
1.6972,-0.49943,2
-0.44093,-2.2364,3
0.49609,-0.70931,2
3.1758,-1.0795,3
-1.7597,-3.0718,1
-4.2758,-3.6354,1
1.321,2.7523,3
2.8915,6.19,2
-0.32427,2.5947,2
-1.1584,-4.0467,2
-0.87676,-0.75447,2
2.2493,0.62308,2
-1.7,1.224,3
-0.012286,-6.0832,1
-1.0889,3.7648,3
-4.5691,-1.9927,2
1.5341,4.0417,2
4.5385,1.0006,3
-0.36753,2.3172,2
2.5449,-0.89963,2
-2.9945,-2.8884,3
2.2856,0.37551,3
0.2261,-1.4837,3
-2.3502,0.61603,1
-3.2105,-1.1743,2
-3.3134,-0.51595,2
-1.1863,1.6463,2
-1.4173,-2.6818,1
1.0488,0.91305,2
-1.2798,-0.17802,3
7.6126,0.39647,3
-1.2331,0.26131,2
-1.2404,-1.9335,2
1.76,-0.14625,3
3.8201,-2.4172,2
-3.7679,-4.1175,1
6.0131,0.31028,3
-1.3637,3.5442,2
0.79426,2.7138,3
1.5437,-0.65886,1
-2.7708,0.18778,1
-5.5491,-4.6779,1
4.0806,0.79918,1
0.41108,0.00039131,3
3.6694,3.421,3
1.741,-3.2878,2
0.17468,0.041468,1
-5.0021,-1.9898,1
0.31921,-5.4961,2
0.56723,4.4704,2
0.67737,0.5066,2
-3.7955,-1.7815,2
-1.3974,4.0386,2
-1.7119,-4.1154,2
-2.9788,3.2431,3
-4.6373,-2.9056,2
-3.1058,0.09666,1
0.9722,-1.6533,1
-2.6029,0.31275,2
-0.48265,4.9301,3
1.2146,0.71196,3
1.175,3.091,3
1.3877,-0.26117,2
-0.68911,1.3114,3
2.1087,-3.0979,1
2.7267,1.1316,2
3.037,0.87457,2
-4.2282,-1.4331,1
-2.6296,0.32585,2
3.1972,0.30096,3
-1.1445,2.4849,2
-1.7079,0.5804,2
-1.5329,-0.14138,2
0.26375,2.9244,2
2.8355,2.6059,2
2.871,1.3044,3
0.2909,0.029296,3
1.0392,-1.0644,2
-0.10061,-2.2829,1
-1.4393,2.0031,2
-0.95218,0.23603,3
-1.7027,2.9894,3
-1.4387,-3.4847,1
-2.1613,-3.2115,1
1.0152,-1.3454,2
2.4396,1.3032,1
-0.29375,1.7008,1
6.3664,3.3523,3
-4.7611,1.2861,1
3.2426,0.10608,3
3.6447,0.59704,2
1.4081,-3.3052,3
-1.1284,-3.9543,2
-3.9939,-1.2114,2
0.50677,1.3609,3
-0.38537,-0.64182,2
-2.7825,-0.73165,3
-2.2867,0.91437,3
-4.9899,0.41519,2
2.2693,4.4015,3
0.66447,-0.64239,2
-1.6485,0.88604,2
2.9429,3.8999,3
0.84353,1.4937,2
4.8397,2.2739,3
-0.33045,-2.8244,1
1.7861,2.1841,2
-1.4519,-0.033337,2
1.483,-0.050599,3
1.451,-4.1705,1
-2.4199,0.56664,1
-2.9323,1.8815,1
-4.1718,-4.1952,1
0.45919,-0.13747,2
1.3804,1.2379,1
-3.3927,1.7544,1
1.2327,1.3735,2
1.4434,5.0514,2
4.8132,3.5545,2
3.0028,1.1174,1
1.6798,-2.7075,1
-1.716,1.3263,2
2.1187,4.3333,3
0.88335,4.666,3
3.7285,2.6669,3
1.4482,1.1,3
0.061799,1.6269,3
0.20293,-0.52758,2
-1.6265,0.90586,3
-0.41461,-1.4707,1
5.2353,-0.067254,3
3.1959,1.4774,3
-1.9018,-1.0085,2
1.2729,0.51063,1
-1.7785,0.45241,3
0.058697,-3.6041,2
1.5319,5.9605,2
1.8558,0.062266,3
2.032,2.2631,1
-0.49745,0.30687,2
-3.5677,2.2845,2
0.52357,-0.51349,2
-1.892,-1.0529,2
1.1123,0.87649,2
2.5856,4.2381,3
-3.1969,0.60051,2
2.9901,-0.0022515,3
2.7503,-2.1817,2
-1.0763,2.2727,3
-1.4711,0.55654,1
0.89728,-2.72,2
3.0202,-0.38017,2
-4.0073,1.1038,1
1.3135,-2.4962,3
-4.0889,-0.56383,1
2.4976,0.44279,3
2.7348,2.3191,3
3.2546,3.1304,3
0.82827,0.74472,3
-0.17269,-0.24075,2
1.6891,2.5823,2
0.73366,-2.6735,1
0.47174,-0.54207,1
-3.361,-1.0597,2
-1.9512,-3.3624,2
-1.1033,2.3359,2
-2.9804,-3.7545,1
2.7398,0.38391,2
0.7136,0.93548,2
-3.0096,-1.474,2
2.2861,-0.77891,3
1.9693,-1.0434,3
0.40672,2.0663,2
1.2455,2.1563,3
0.24545,-0.99937,3
-3.8628,2.5971,3
4.9574,1.691,2
-3.0068,-1.9881,2
-1.2706,3.0255,3
-1.7726,0.74602,3
-0.99398,1.6298,2
-0.10191,0.26834,2
-0.89142,1.8982,2
-1.1316,3.1572,2
-1.3037,-1.3225,2
2.8122,1.7893,3
3.8339,3.2537,2
-1.099,1.0693,3
0.0032627,2.3911,2
-2.6132,-4.0745,1
2.1946,-1.3818,1
-1.6361,-0.13443,1
0.36835,-0.58115,1
1.0142,0.61229,2
-4.6519,-2.259,1
-3.4558,-3.8949,2
-2.5654,-1.3128,2
2.3859,0.34379,3
0.19678,-3.3754,3
-0.85671,-3.5965,2
-0.10092,1.0288,2
1.5244,-0.0031259,3
-1.7478,-1.5634,1
2.1959,0.2332,1
0.50972,-1.0786,3
-0.23359,1.4198,1
1.8439,0.35364,2
1.2799,5.5333,3
0.93769,3.662,3
1.4655,-0.35356,3
-0.75381,1.9202,2
-1.5597,1.4023,2
-0.69796,-0.13452,2
0.72404,-0.19746,2
-0.505,-1.277,1
0.36286,-1.446,2
-2.7953,-5.018,2
-2.0871,-0.005723,2
-3.0885,-0.48609,1
-4.8202,-0.71411,2
1.1224,-1.4418,3
-3.647,-1.3329,3
2.7175,2.8552,2
-0.73802,0.60507,2
-1.3398,0.29964,3
-1.6524,0.67466,2
0.060471,0.3061,1
-0.68517,2.2383,2
-4.8112,0.14539,2
0.29647,-1.958,2
-1.5341,-1.168,2
0.21548,-1.0034,2
0.25897,0.47237,3
1.3728,-0.82128,2
-0.40255,0.55558,3
3.2365,2.0146,3
1.1484,-0.23004,3
-1.0134,-0.059015,1
2.2702,-1.5831,1
0.51369,3.789,2
-1.2986,1.0052,2
1.282,-4.216,1
-2.3078,-1.131,2
-4.3028,-4.8419,2
2.9633,1.2488,2
-1.6309,-3.4142,1
-5.134,-2.8392,2
-0.40714,-2.3453,2
-1.1657,-1.4812,2
2.4503,-4.547,2
-1.5443,-3.0684,3
0.57642,2.3668,3
-0.2954,-2.2162,2
-2.4461,-1.8741,1
0.36739,-2.0862,1
-3.627,-3.8129,1
5.3249,2.0323,2
-3.6243,0.16372,1
2.2684,4.0625,2
-3.4842,0.55002,3
-1.1136,2.1419,2
1.2227,-1.1524,2
-3.3456,-1.5293,2
-0.78249,-1.4765,1
2.2887,3.5875,2
0.038955,0.64387,3
3.2506,2.375,1
1.8061,-2.4254,2
-1.7392,3.5741,3
0.5637,1.1903,2
3.7933,-1.0841,2
2.3622,-1.0996,2
-1.5465,-1.9439,2
-2.8159,-1.3187,2
-3.8396,-2.3923,3
-0.49564,-0.9103,2
-0.35618,0.41077,2
-0.77844,4.0076,1
0.32584,2.678,2
0.29732,3.991,2
-0.9072,2.0103,1
-2.9158,-3.5241,2
-2.2292,3.689,2
1.3739,-1.0228,1
-0.37058,1.29,2
0.49589,1.8943,2
2.1205,-0.5631,3
-1.0652,-4.3243,1
-0.97406,4.3289,1
1.3721,1.3209,3
-0.76765,0.58475,2
-1.7785,-0.085588,1
-2.5275,-2.5287,1
-0.061845,2.5357,1
-3.891,-1.606,1
0.74625,-0.013082,2
0.33996,-3.0626,1
0.30595,-1.5188,2
-1.197,-1.9927,1
2.8366,2.3944,3
-1.1058,-2.046,1
0.75894,-0.61644,3
0.96655,2.9105,2
0.87036,-2.8984,2
-1.2821,-0.27287,1
-2.0285,-1.9164,2
-2.3577,-5.5897,2
3.9348,2.5843,2
3.311,2.52,1
-4.9361,2.3684,2
-0.042943,-5.9726,2
2.7695,-2.1988,3
-0.49776,-1.6597,1
1.494,-1.1861,2
-1.5224,0.29767,3
-0.32216,-2.4157,1
-0.47083,-0.91367,2
-2.4425,-2.9988,2
0.33059,5.5312,3
-2.6815,0.7231,1
0.080884,-2.8192,2
1.4288,1.6321,2
0.11292,-2.2942,2
-2.1384,-1.0496,2
4.9017,-0.43286,2
3.2867,-2.5902,2
2.6481,3.0153,3
-3.5805,-2.8317,1
-2.6685,2.1146,2
-1.1683,0.26856,2
2.1965,2.0454,2
1.6582,-2.9371,1
2.6093,1.4338,2
-1.5379,1.7648,2
2.0168,-4.9861,2
-3.526,-6.477,2
-2.3739,-0.54361,2
-1.5198,-0.29879,2
-1.9495,-2.4673,1
3.0631,-0.23013,2
-0.55799,1.6376,2
-1.4595,-3.8552,1
-0.5584,1.6582,3
1.6152,0.044915,2
-1.7394,3.3395,2
-2.3966,-2.2984,1
-0.092491,-2.7394,2
-2.575,-0.047259,2
-1.8519,1.8408,1
-1.1945,-1.0502,2
0.90405,3.0019,2
-1.0794,1.0459,3
1.6858,1.4246,3
-4.086,1.1936,2
-3.5048,-0.24334,1
-1.5297,-1.6972,1
-0.39131,-1.7355,1
1.5011,2.255,2
0.14747,-3.7818,2
-2.4779,-6.4941,1
1.853,-1.2288,1
1.0875,2.6206,2
-2.5024,1.038,3
0.74914,1.7353,1
-5.9165,-4.039,1
0.81185,2.6226,2
5.2499,0.19862,3
-3.5133,2.1119,3
-0.3696,2.5729,2
3.2899,3.5457,3
-3.0142,0.10579,1
-4.4861,3.1881,2
1.8963,1.4443,1
1.2607,3.9496,3
3.9988,0.97193,3
1.5345,4.3396,3
2.9783,1.5929,3
0.82365,0.56774,2
1.921,5.8332,2
-0.53502,-0.16276,3
-0.28406,-3.8867,1
1.7143,-1.3416,2
-1.507,-1.1933,2
-1.3009,0.56866,2
2.4027,1.1973,2
0.90537,-2.726,1
-3.3129,-0.31421,1
0.64774,2.0021,2
-3.7285,-2.8525,2
2.5397,-1.5879,2
-0.35598,1.8951,3
-0.83336,0.20589,2
0.97212,-0.47162,3
0.97452,2.6801,2
0.091464,-0.44121,2
-0.69831,1.026,3
0.17102,3.3922,2
1.2139,6.6705,2
3.4679,2.5692,2
-4.391,-0.39863,1
0.76193,-2.5902,2
0.83235,2.2098,2
0.38327,-0.92004,2
1.6152,3.4764,3
2.1577,0.86423,3
1.0713,-0.52909,3
3.048,1.4101,3
2.8509,2.997,3
0.43664,-0.82597,3
-2.3039,1.1937,2
-4.0986,-0.45514,2
2.4148,0.13097,2
-7.2703,-3.5526,1
1.3826,-1.926,2
-2.4528,3.7945,2
2.3804,-3.6241,2
-1.5408,-1.3746,1
-0.59599,1.1282,2
1.8251,-1.0386,1
0.76553,0.42509,3
-3.1401,0.42259,2
0.52092,2.859,2
5.9757,-1.2178,2
1.237,-1.3038,3
3.0832,3.0945,3
3.1164,-1.0426,1
1.9698,0.89842,1
-4.1272,-0.23233,3
-1.3239,-3.6953,3
-0.10811,1.0812,2
4.5054,0.99274,3
-2.0762,0.28228,2
-0.36583,-1.206,2
2.3999,1.5999,2
0.89037,2.0806,2
0.092982,0.85355,2
3.0885,-0.89924,1
-0.57438,0.36486,1
1.2057,1.1618,3
-3.289,-1.4752,1
-0.064325,-2.0644,3
1.8708,2.7463,3
0.54329,1.9483,2
-0.65372,2.8419,3
-0.23101,-2.3081,2
1.6545,-2.2519,2
0.71862,-0.42406,2
1.4043,3.5448,2
-2.3355,-2.7719,2
-3.4823,-1.7263,1
0.46271,-0.42679,2
-0.81492,2.3113,3
1.5795,0.85971,1
-2.2822,4.8928,1
-0.32222,-0.92845,1
5.1363,2.8054,2
-1.2387,-1.2345,2
-1.8532,1.1522,2
-1.1174,-6.1575,2
1.0983,-3.7758,2
-0.072986,-0.64678,1
1.2796,-2.782,1
1.1268,-0.58692,2
-0.92794,-1.411,2
-0.2443,0.70706,2
-0.55408,-1.1557,2
1.2627,2.2048,2
1.4081,0.6093,1
-0.77201,1.6861,2
2.9683,2.663,3
0.53285,3.7494,2
-1.0803,-2.2544,2
-3.0307,5.0827,2
1.9171,1.2632,2
-1.6799,0.84081,2
1.9776,1.9657,2
-6.9494,-5.3682,1
-0.4092,-1.7362,2
0.063345,0.8737,3
-3.9727,-1.9703,2
-3.1781,-2.8275,3
0.40338,2.9506,2
-0.86622,1.3091,1
-0.83017,2.0856,2
-1.4957,-3.5896,2
2.9722,1.5574,2
-3.0308,0.21514,1
3.6028,1.0709,2
-2.8928,1.6683,1
0.13055,3.2195,1
-0.0096706,0.14697,1
-3.6467,0.37893,1
0.029772,2.3259,3
-2.1269,0.27866,3
2.2336,-0.91386,2
-0.82227,-3.3556,1
-1.9469,-4.6213,2
-0.086224,2.4252,3
-0.30012,-1.688,2
3.0162,-1.6103,3
0.074337,-1.4236,2
-0.8815,1.2458,3
-0.070666,1.4386,2
2.6099,2.9325,3
-0.97693,-5.3236,2
-0.097447,1.7832,3
-1.0493,-2.989,2
-2.0572,-1.0935,3
-1.3004,1.1619,2
1.3456,-4.0157,2
1.6194,8.002,1
-0.4987,2.2164,2
-3.025,-2.8284,3
0.19137,2.4176,2
-0.20153,-5.6992,2
0.84861,1.6995,2
-4.3758,-1.7298,2
0.036192,0.11054,2
3.2198,2.4505,2
3.2754,2.1599,2
-3.3733,-1.2492,1
-2.4697,-1.0176,3
0.8826,-0.35781,3
2.9818,-1.5663,2
2.2834,-1.442,2
0.95955,0.90476,2
0.41713,-1.4472,2
0.38887,3.9677,3
-0.8175,1.3311,2
0.96959,0.23334,2
-1.3125,-2.6134,2
-3.5275,-2.9658,1
-0.14181,1.6618,2
-0.99356,-0.017455,1
-1.3911,1.3602,2
-0.76966,1.6541,3
-0.75875,-5.0806,1
-4.0236,-1.7613,1
-2.4562,-2.1583,2
0.90053,2.8538,3
-2.1637,1.586,1
0.26086,-2.8908,1
0.10935,1.4022,1
3.7169,0.81318,3
0.82983,-2.4209,3
-0.077852,-4.48,1
-2.3871,2.1988,2
-0.92531,-6.2368,1
0.49422,-0.79611,2
-1.0786,-0.11126,2
1.2668,-2.2515,2
-0.0081708,-1.5893,2
-1.3917,-0.46329,1
-3.0497,-1.5637,1
-0.15125,-2.6815,2
0.90276,-2.8014,1
0.64892,-0.48768,3
-0.82833,2.7835,2
-2.6108,0.49599,2
-2.5502,0.21093,2
2.2058,-2.6061,2
1.4882,2.8937,3
-5.4214,-3.9055,1
2.7752,1.8918,2
-0.40237,-2.1607,3
-0.78546,2.4163,2
1.7835,-5.2747,1
-0.82056,3.5885,2
-0.71692,-1.2554,2
3.1401,0.76313,3
1.9902,4.9509,2
2.2496,3.7739,2
-1.7017,-3.5322,2
-2.5572,0.02518,2
-1.6913,-1.5066,1
-4.9387,-0.26959,1
0.84841,3.7364,3
0.5457,-1.5609,3
-0.36551,-3.3807,1
-0.56262,-2.3123,2
-0.32592,1.3588,1
-1.9628,-1.0531,2
-2.6141,-1.4574,3
2.9296,-1.1333,2
-1.1393,1.7514,1
-2.6337,-1.8033,1
1.3655,3.291,2
-2.9922,-0.30438,3
-5.5293,-5.5728,1
-1.0204,-3.125,1
1.708,-1.4875,2
-4.0992,-0.62345,2
2.5164,0.60284,2
0.029853,0.88829,3
0.19409,0.63281,3
-3.1906,-1.2451,2
-4.4558,-4.2,2
1.2688,2.3679,3
0.5712,1.488,3
-0.076125,1.0023,1
1.3594,2.4036,2
-2.2017,-5.5576,2
-2.5518,-0.70602,3
-0.25845,0.47775,1
-2.8137,-1.9135,3
-0.49422,-2.0435,1
0.15133,-2.4766,1
4.2152,2.678,3
4.0114,3.9292,3
-2.6062,-2.463,2
0.22007,0.27646,2
-0.052602,-0.86341,2
0.39116,0.85944,3
2.5172,-1.9275,2
-0.78063,-5.5296,1
-2.2536,-2.2846,2
0.44795,-0.34647,2
-1.2666,3.4664,3
3.5836,1.0364,2
0.95233,-0.10469,2
1.9391,2.5329,2
-3.9409,-0.21069,2
1.7204,1.0097,2
-1.1086,0.80094,3
0.1361,-2.2739,2
-2.0124,0.64252,2
1.9556,0.64707,3
0.030606,-0.1848,2
3.2202,0.73501,2
4.5872,-0.94372,2
3.4134,0.10937,3
-2.5164,0.74671,1
2.3116,-1.3638,1
-2.6973,-7.0001,1
-1.4929,0.98234,2
-1.8403,-1.2316,2
-3.1378,0.50355,3
3.4114,3.5849,3
-1.3085,0.265,2
4.0497,-2.3122,2
-0.67041,1.3422,2
6.796,2.3113,3
-0.56419,0.22394,3
-0.064225,3.8857,3
-3.8061,-2.1214,2
-0.068491,-2.0757,2
-3.4674,-1.3936,1
0.7417,2.2155,3
-5.5294,-1.5512,2
4.0486,-1.3476,2
1.9422,2.1831,3
0.71653,-2.3575,1
0.20505,2.5444,2
2.2742,0.28958,3
1.1538,-0.19738,2
-1.4512,0.86778,2
-2.7254,-4.0829,2
-0.50132,-1.9059,2
1.0681,0.74685,3
-5.5826,1.8076,2
1.6158,0.9916,2
-1.9133,-2.4389,1
-3.6833,-1.5611,2
4.0397,0.096464,3
-1.674,-0.67266,2
1.3064,-1.5892,2
0.96677,4.2384,2
-0.65833,-1.0731,2
1.8893,-1.766,2
0.48103,-0.036502,2
2.0323,-2.5682,2
-1.9568,0.79701,2
4.0385,-1.4613,1
1.5272,0.26322,1
0.69952,-0.67922,1
-0.99977,0.28119,2
0.8759,-0.39287,2
1.0946,-0.99952,1
-0.69009,1.358,3
-1.6346,-2.1091,2
-3.7364,-2.0688,1
-1.5754,3.2869,1
-0.81919,-0.80737,3
-0.86584,1.0352,2
2.48,-2.2404,2
0.33257,-0.33789,3
-0.81117,-2.3912,2
5.3865,5.5559,2
0.70759,2.5392,3
0.30407,2.0175,3
1.2691,1.0551,3
2.5683,-2.948,2
-0.18467,-3.2869,2
1.0477,-1.0736,2
-1.8468,-2.9444,1
4.3523,5.7874,3
2.1559,0.079135,2
-0.58727,0.74584,3
-0.45303,0.81692,3
-1.9993,2.7365,1
0.25577,1.3497,1
-1.8163,-1.2643,1
-0.28815,0.12933,3
-2.1504,-3.1073,2
-5.7464,-0.55278,2
3.4142,-0.0158,3
-0.078878,-0.44741,3
1.2539,-0.24101,1
-2.931,-1.843,1
-1.2442,-1.1617,2
2.9434,1.7865,2
0.85296,-1.5517,2
-1.0793,1.2721,2
-2.5795,-5.8816,1
3.2868,2.7318,2
1.8193,1.713,2
0.55657,2.6089,2
-2.1489,-4.3581,2
5.2525,1.0493,3
-2.9317,0.58032,2
-0.65628,-2.033,2
-0.44477,0.058518,1
-0.14333,1.3308,2
-0.38461,-2.3494,1
-1.6462,-1.181,2
3.6599,-0.75622,3
-0.068795,-0.87225,3
0.4101,0.95315,2
-2.65,1.2927,2
-3.9985,-1.0143,1
0.13859,4.2298,2
-1.9715,-0.97703,2
1.9808,-0.010798,3
0.25676,1.7272,1
1.1201,1.2314,3
-3.1482,-1.6275,2
1.2562,2.738,2
2.0765,0.99606,3
0.45063,3.6409,3
-1.0875,0.26946,2
-2.8842,-5.0417,1
2.218,4.5488,3
0.31499,-1.0638,2
0.47856,2.2669,3
4.2853,-4.7834,1
1.7627,2.5491,2
-1.4873,1.8895,1
-1.7786,1.2057,3
-1.5349,-4.7045,2
-4.9427,-0.35211,2
1.2688,-1.1732,1
-3.8926,-5.5761,2
3.636,-1.4192,2
0.51958,-2.1609,2
-4.0675,1.5793,2
-1.3653,0.49411,2
0.26277,-1.4553,2
-0.45288,-1.1054,2
-0.62226,-2.3723,2
2.217,1.2416,2
1.7777,0.35924,3
-1.437,-5.5783,1
-0.89413,-0.87991,2
1.1519,-3.6059,1
1.544,1.7679,2
2.3853,-1.1024,1
3.6272,3.6439,3
-0.19852,1.5528,2
-2.4566,-5.1277,2
0.70892,1.8272,1
1.628,-0.366,3
-0.96527,0.55676,1
-3.0533,1.0222,3
-2.9804,-1.62,2
-2.4417,1.967,2
-4.3797,-0.9194,2
5.5469,0.12462,3
1.2404,-0.76359,2
0.01511,-1.6096,1
-6.3448,-1.256,1
-1.8759,-3.2357,1
-0.039068,0.15269,2
-1.2699,-1.2044,3
0.97872,-2.1536,3
-2.7534,0.74055,2
-1.7775,-6.3326,2
-1.4106,-0.27242,2
1.6801,0.56282,1
2.5562,1.489,2
4.763,3.1893,2
-2.1634,0.33945,2
5.5752,2.0578,2
-1.4899,0.54905,3
-1.2023,0.31129,2
-0.39133,0.9815,3
0.31033,2.3821,2
-0.97181,1.8509,2
3.7764,-0.10545,2
-3.877,6.391,1
-3.7354,0.3783,1
2.1153,-0.54597,2
-1.3106,-0.20068,2
3.6112,2.5341,3
-1.4863,-0.58748,3
-0.26898,-0.17764,2
0.73127,-0.85194,3
-1.7908,-4.0252,1
2.355,0.15065,2
-0.17106,-2.7242,2
-1.8517,1.3636,2
3.2746,1.4123,2
-0.14107,2.0302,2
-0.62663,-2.0806,1
-3.4591,-0.94803,2
2.472,0.31625,1
-0.50394,-0.70614,2
0.47299,-1.1102,2
2.7642,-1.4292,1
1.6193,-3.9319,1
4.1857,0.096825,3
2.7561,2.505,1
-4.235,1.6701,3
-1.3229,-1.6411,2
-3.9296,-0.68482,1
-2.7163,-3.7026,2
-1.0247,-3.2276,2
-1.2003,2.1804,3
-0.30776,2.8366,2
0.92055,-1.1888,2
0.086271,0.81301,2
1.2561,2.6309,3
-2.3211,-2.3022,2
-4.2877,-0.69053,1
0.48362,3.9502,3
-3.8786,-0.99307,1
-2.2852,1.0652,2
-2.8781,-2.1859,2
3.0732,5.0939,3
-0.90508,1.6425,1
0.069338,-2.3218,1
-2.2121,-1.6732,1
0.57969,-1.1085,3
0.90255,-0.94744,1
1.506,2.7709,2
0.02876,-0.6106,2
-1.1763,-5.063,1
-0.53399,0.64792,1
-1.2324,4.9457,3
-3.1775,-4.6509,1
-3.6325,0.19653,2
2.0906,2.3147,3
-3.2744,-0.93999,2
1.5911,-3.0754,3
-3.996,-0.91401,1
1.9809,-1.6319,3
0.31065,0.43594,2
-2.1382,-5.2477,2
0.48291,1.509,2
0.28175,-2.985,2
0.20782,-2.1506,2
-0.56276,-0.40517,1
2.1288,0.6716,3
-4.0366,-0.27012,1
-1.013,-4.0147,1
3.5967,4.8632,3
0.60539,1.9849,3
-0.097646,4.5867,3
-1.1106,1.7023,2
-0.05715,0.34047,1
-1.6996,-0.55185,2
1.1389,-3.3656,2
-0.48212,-1.61,2
-0.14887,1.3674,3
-4.95,-0.59964,2
-3.5185,-2.5171,2
5.1205,-2.4222,2
-0.32258,3.2727,2
-0.44177,-2.6393,1
1.9632,2.8528,3
2.1175,-2.3827,2
1.8893,2.929,2
1.5779,-0.39167,3
-0.28793,0.40142,2
-0.86367,-2.3873,2
-1.6635,2.5614,3
1.872,-3.841,1
-5.781,-2.126,1
-2.9273,-1.4692,2
-1.2246,0.39516,3
-3.5094,0.26997,1
-2.9584,-4.0101,1
1.7859,0.5731,2
-1.5156,-0.57677,2
0.39681,0.91988,2
0.97598,2.1032,3
0.24704,-2.4749,2
-3.4904,2.1388,2
-2.1192,2.4824,2
2.1314,1.0348,3
0.74326,-2.8915,1
2.5058,-2.7334,1
-2.1194,-0.86159,3
1.794,-0.6139,2
4.9106,-2.313,3
-0.17451,0.10075,2
2.8181,-0.28904,3
-1.1821,-0.7851,2
1.1861,2.6279,2
-0.52111,-0.97351,3
0.41178,0.12938,2
3.2169,2.139,3
2.3349,0.25865,3
1.3476,-0.43997,2
-3.8831,-1.3088,1
-0.79617,0.26867,2
0.58003,-1.1801,1
0.23684,1.7608,2
-0.96536,3.3787,2
-2.4176,1.6804,2
0.44142,-0.72616,1
0.23318,-1.4422,2
-0.27954,0.19661,3
1.0258,-3.7118,2
0.42243,4.3278,2
2.018,-2.2667,3
1.9251,0.76843,2
-4.0822,-0.4834,2
-3.8953,-4.9012,1
2.5236,1.2845,2
0.9877,2.5321,3
-1.9357,-1.6945,2
1.2522,0.552,2
-1.1069,-0.4739,2
2.6544,2.0601,3
0.29071,1.4829,3
1.0846,2.5148,2
1.8887,-0.53633,2
0.98273,1.0013,2
-0.26035,-1.2521,2
1.0078,4.0602,3
-4.2064,-2.8078,3
-4.5065,-2.008,2
-0.52565,0.50779,2
0.28485,-2.6371,2
-3.9822,-3.8612,2
-4.0519,-5.2047,2
3.5082,4.2797,3
0.79728,-0.075096,2
-0.10324,-0.73166,2
-2.3389,-2.0397,2
2.6216,0.38609,1
-0.010131,0.37647,2
-1.2667,-0.58162,3
-0.58239,-4.315,1
-0.44523,-1.7834,2
-1.5137,-1.9712,2
1.8685,6.192,3
3.3492,-1.1764,3
0.66336,-1.557,2
2.266,-1.9603,3
-1.202,1.0625,2
0.42902,0.45879,3
4.5093,-0.27299,3
0.33506,-1.4499,2
-2.404,-0.57038,1
3.1052,0.64176,2
-2.5996,-5.3323,1
-0.021312,0.095648,2
-0.52688,-0.8234,2
-3.1765,-0.10646,1
-1.3509,2.7544,2
0.33469,-1.9624,2
-3.547,-3.2539,1
-1.2839,-0.29189,1
-1.1783,-2.8639,2
-0.92072,1.2384,2
2.2823,1.8032,3
-2.4142,-2.9902,2
-2.1415,-0.37859,1
-0.66471,1.4428,2
3.7034,1.9992,2
-2.4713,-1.42,1
-3.3796,3.172,1
0.14728,-3.9862,2
1.3033,-1.6376,2
0.76485,-1.1643,2
-0.8596,-1.7951,2
2.7939,3.1402,2
3.0519,0.60713,2
-0.88013,0.6082,3
-0.27845,-0.71777,3
0.44302,0.4995,2
1.3043,4.1715,3
-3.4681,-2.4513,1
0.29401,-0.98303,2
-0.98294,0.27635,2
1.5402,-4.3613,1
-3.1435,-0.93358,2
0.92082,1.7628,1
-3.8251,-2.6639,2
2.2182,4.8558,3
-3.6409,-1.1659,2
0.096327,3.514,3
-1.3743,2.3841,3
0.3212,0.9672,2
-2.6116,-0.2904,2
2.9987,0.011616,2
4.8079,2.1252,3
-2.9908,0.75207,1
-0.57146,-0.99405,2
-3.3358,-0.93393,3
-1.5102,-4.9617,2
2.944,0.66878,2
1.5374,4.3019,2
2.105,0.81401,2
0.45749,1.8123,1
-2.8367,-2.6719,1
1.7766,2.543,2
0.75028,0.80575,3
3.0735,-1.8317,3
0.3247,-0.39136,1
-6.3165,-0.65599,2
-2.1395,-2.257,1
0.45816,3.7885,2
-3.2418,1.2473,2
0.060167,-1.1083,2
-1.509,1.0081,2
-2.357,-1.0834,1
-0.21879,-4.3959,1
3.3497,-2.8787,2
-3.1351,-2.7364,2
-1.2396,-0.093642,2
0.24551,-0.80431,1
-3.5124,-1.0562,2
-2.0475,1.8686,2
0.5033,-0.74876,2
-2.0046,0.89631,1
-0.12629,3.9489,3
-1.7938,-1.1968,2
-4.1783,-1.4998,1
-0.79227,-0.77687,2
1.0101,0.48437,2
1.7785,2.3832,1
2.117,-0.5453,2
4.0549,2.5423,2
-3.9007,-0.088301,1
1.9708,1.088,3
-5.4621,-3.349,1
-0.9403,-3.2137,1
-2.0622,4.2602,3
4.2684,0.8684,3
-0.16593,-0.47779,1
0.013668,1.2083,2
2.1105,0.76568,2
0.11057,2.8555,2
0.84002,2.437,3
1.3246,1.6854,1
4.4004,1.5496,2
0.053992,1.2715,2
-2.0822,0.44664,2
-1.1114,-2.7175,1
-2.1875,-0.93453,1
-0.49039,-5.2996,3
1.1357,-1.0271,2
0.91645,1.5598,3
1.1023,0.67758,3
-1.0006,3.6615,2
2.476,-0.96424,2
-0.65891,3.5668,3
0.23623,-2.0988,2
-2.432,0.8966,2
-0.69318,0.15409,2
-0.32212,-3.3761,2
1.689,-3.6763,1
-2.8249,-1.0076,2
-3.753,-3.0161,1
-1.06,-3.5506,2
0.34197,-1.0362,3
-2.3583,0.23442,1
-1.4627,-0.67546,2
2.3924,0.89205,3
1.3756,3.7493,2
2.3434,0.6539,3
-3.5057,-0.56052,3
-1.7774,-5.7325,2
0.63595,2.5797,2
0.94317,1.0865,2
2.2997,-0.031321,1
-1.367,-2.2927,1
0.064314,0.13223,1
2.706,-1.1599,2
-2.6635,-2.5149,1
-4.0539,-2.1186,2
-1.2587,3.8589,3
1.7012,1.6747,3
2.2462,-3.4899,2
0.5251,5.0295,3
-2.9257,-2.1326,1
-3.7226,-0.096127,1
-0.92582,-1.5825,3
-0.5536,-3.8717,1
-0.05303,-2.4923,1
-1.5,-0.16257,2
2.417,-3.013,2
0.40819,2.7641,3
0.64553,0.64753,2
0.57112,0.85931,1
-1.4765,3.2704,3
1.644,-0.84182,2
0.75427,2.5184,2
-2.0873,2.3074,2
-2.4037,0.22148,2
3.5855,-0.63472,2
1.4061,0.88118,2
0.65264,1.0872,3
-0.73688,4.0772,2
-2.2947,0.98181,1
-1.8028,1.1478,2
-0.95238,-4.2409,2
-2.615,-0.24987,3
-2.5847,-0.91483,2
2.7361,-1.0098,1
-1.0779,-1.7407,3
-2.0449,0.070143,2
4.4403,1.6663,3
2.2441,-4.655,2
2.1047,4.0829,3
2.1859,2.5855,3
1.451,1.7262,3
-0.90178,4.3065,2
-2.1388,-0.045449,2
0.39699,1.0076,1
0.16803,-1.398,1
1.6702,0.83232,1
-0.27495,1.3281,2
-0.56155,1.5289,2
-0.63169,-1.779,2
2.8015,3.1166,2
-3.1076,-4.6103,1
1.1572,-0.25861,2
1.5837,-1.5357,3
-1.6312,-1.8219,1
2.5784,-1.3688,3
0.81204,0.049548,2
3.2976,1.6835,2
-0.003008,-0.0076161,1
-1.1081,0.07541,2
1.0593,0.17943,2
5.2615,1.3344,2
4.3816,0.33031,2
-2.642,0.048785,2
-2.8193,1.0524,2
1.5272,1.1336,2
4.0757,0.49694,3
-1.3826,-2.0584,1
0.019006,-4.4723,2
-4.454,0.18501,2
0.13261,1.0788,2
1.0142,-1.8767,2
3.4539,2.7233,1
-1.39,-5.1209,1
3.0989,0.40786,2
3.3569,3.725,3
-0.98516,1.8064,1
2.3435,-2.2914,2
-0.38489,-2.2449,2
5.7933,1.2791,3
0.74911,1.3946,2
1.9036,-1.9498,2
2.9855,-1.7267,3
-0.38822,0.35363,2
2.9761,2.5077,2
-0.2953,-1.1233,1
-4.3994,1.7865,2
1.7122,1.763,1
-0.0083748,-3.5209,2
-0.54239,-3.3919,2
-0.82259,-0.040055,2
-1.3078,1.596,2
0.82812,-1.1932,2
2.5027,3.7148,3
1.3836,2.9568,3
0.15984,-1.5696,2
-1.6703,0.83005,1
1.5835,2.3134,3
2.7868,1.4891,3
-1.0098,0.49729,2
-2.129,-3.4415,2
1.0271,-1.2487,1
3.0369,3.6842,2
1.4802,-0.56361,3
1.5707,-2.0883,1
-1.5388,1.0808,2
1.6096,0.0048754,2
1.3788,-2.8103,1
0.16009,-0.53641,2
-2.2077,1.7713,2
-1.8044,1.1603,1
-4.2252,-4.9125,2
-1.9962,-2.9772,1
0.055527,-0.89722,2
1.7017,1.3917,3
2.2438,-1.7615,2
-5.2363,-3.2185,1
-0.82218,-3.6535,1
-1.8552,-0.30404,1
0.33075,-2.4979,2
-1.8626,-2.8046,3
5.3988,-0.99848,1
-1.1612,-0.666,2
0.54189,4.5466,3
0.42457,3.0937,2
2.0356,1.9345,2
-2.5651,1.0021,3
0.35526,4.2252,2
0.32725,0.16709,3
-0.5062,-1.801,3
0.60913,2.7328,3
3.4905,-0.27498,2
1.2149,0.44699,3
-4.2586,2.7499,1
2.6503,0.70721,2
4.4626,4.164,2
-2.9285,0.36299,2
-0.88922,-1.7856,2
0.72032,-0.04598,2
-0.80323,-0.92626,1
-0.63111,-1.6498,2
-4.1662,-6.1891,1
-1.4191,-0.14164,3
-0.52502,0.86725,2
1.595,1.7948,1
-3.3322,-2.7741,2
-1.6728,-1.1603,1
3.2938,-3.8247,2
1.1307,1.1123,2
6.2,3.6242,3
1.4344,-3.3,1
-3.7934,1.8452,1
-3.7492,-3.5727,2
-1.1027,-4.8827,2
1.2331,-1.7399,1
-1.4469,-2.3338,1
0.54976,1.1142,2
1.687,-3.5517,2
4.507,-0.992,3
-2.2107,-0.95566,3
0.48396,2.1606,2
4.0053,-2.8525,2
-0.067081,2.8307,2
-2.4472,-2.1021,1
2.6002,-0.21545,2
0.38437,0.29008,2
-1.5997,-2.167,1
-0.43267,3.9211,2
2.9595,2.6294,2
-0.46131,-2.4785,2
-2.0735,0.64167,2
1.1943,-1.4878,2
0.80206,1.5832,3
-1.7996,2.2468,3
2.8669,0.21117,2
0.36301,0.55172,1
-4.3578,-0.13801,1
-0.33847,-1.9277,2
-4.164,-0.87687,2
-1.5032,-1.1975,2
-0.66216,4.3686,1
0.98259,1.0872,2
0.74408,-0.032206,2
-1.1836,0.71783,1
0.84444,1.6328,2
-1.0374,-0.61891,3
0.063818,2.6414,3
1.7047,-0.30202,1
-0.067433,-0.40581,2
-1.4515,-0.64278,1
2.0106,1.2511,2
-0.80897,0.45563,2
-1.153,-0.53771,2
2.1366,1.8289,2
2.3478,-1.1216,1
0.48744,-2.6982,2
0.1244,-1.7906,2
-1.0337,0.95936,3
0.75606,-1.3521,1
-1.9707,0.54573,2
2.242,2.2741,2
-2.8429,-1.8135,1
0.78221,1.6359,2
-2.0289,-2.7275,3
2.7621,0.43437,1
-1.2449,-0.77585,1
1.238,0.56206,2
-1.9394,-2.7072,2
1.516,-2.793,1
-2.6892,1.9631,3
1.0253,-0.43813,1
-0.91522,-0.062228,2
2.3454,-0.55399,2
-0.38858,-2.8263,1
1.4307,-0.86196,3
6.2076,-0.074548,2
2.9695,0.90476,3
-2.6268,2.0975,2
-2.7366,2.4484,1
-0.4232,2.8282,3
3.2038,-0.12408,2
-1.3981,2.1298,2
-1.7936,0.012652,2
-1.9064,-2.9096,3
3.7797,-1.2315,2
1.5227,0.35453,3
0.59085,0.22118,1
-3.492,-0.44694,1
3.0885,0.37959,3
-1.1777,-0.98751,1
-0.48085,0.72419,3
0.11727,-1.4378,1
0.90764,0.67085,1
1.9867,-0.8257,1
2.153,1.4414,2
-1.1889,0.78677,2
1.7936,0.67188,3
0.33827,-3.0443,2
1.2805,-0.31757,2
-2.7297,-5.426,2
-1.9177,0.63599,2
2.4486,5.2996,2
3.1823,0.1473,3
-1.0568,0.15649,2
-3.9522,-2.1063,1
-0.77938,-0.26592,3
1.8362,1.7309,2
5.421,3.7966,3
0.24945,2.3932,3
-3.0303,-4.4227,2
1.514,-0.87927,2
1.1321,-2.7335,3
-1.3618,-0.024396,2
1.2584,3.2977,3
2.1314,0.09677,2
2.6469,-0.25029,2
-1.6717,1.8801,2
2.3977,1.5896,2
0.47,-1.0502,2
0.30209,-0.82822,3
4.5157,-1.2569,2
-0.38132,1.8509,2
0.87594,0.48802,3
1.391,-2.0525,2
-0.38955,2.4492,2
1.7999,-0.82549,2
1.7152,-0.8722,2
1.6499,2.7319,3
-1.3043,2.6782,2
-3.9355,-1.4696,3
-0.81294,-3.8796,2
-0.93927,5.0053,2
0.2043,-2.1635,1
-2.0852,-1.6505,1
1.8553,0.84654,1
-0.5134,-3.3891,2
1.182,0.83048,2
0.099579,0.46705,3
1.2449,0.89586,2
-0.29175,-1.8625,2
3.2999,1.149,3
-1.8118,1.2263,2
-0.038009,-3.846,1
-0.33735,2.6714,3
-1.4944,-1.4921,2
-0.30122,2.2069,3
-0.24819,2.9196,1
1.2559,0.082472,3
2.0273,0.054916,3
0.77674,-0.70421,2
-4.0754,-3.7689,2
-3.4167,1.2356,2
1.0066,-1.1235,2
-0.83232,-0.15499,2
3.126,2.0349,3
-3.342,-0.232,2
1.806,-0.85749,1
2.0117,-0.27114,3
4.298,-1.6344,3
1.3861,7.0925,3
4.3463,-4.1264,2
-0.83815,0.90477,2
4.4,0.40787,1
3.3392,-2.9526,3
0.079216,0.61312,3
0.063718,3.5217,2
1.1956,1.7596,2
-2.3763,0.86277,2
0.1119,1.1762,2
-2.304,-0.29091,3
-1.8743,-1.8581,1
0.88442,5.0134,2
-2.2592,-0.30755,1
0.31643,3.5953,3
-0.57431,-0.65384,3
-3.4164,5.6474,3
0.65446,-2.2908,3
0.35079,-1.2527,2
-0.37355,-1.6008,2
-2.1528,0.0054876,2
1.7252,-0.027684,2
0.87634,0.62154,3
0.12486,-2.32,2
1.4126,-0.66438,3
-0.56966,0.7221,1
2.7992,-0.10592,2
-3.51,-0.61741,2
0.93837,-3.2891,2
-0.51079,0.77825,1
-2.0599,-1.5545,1
3.9538,3.3506,3
0.71511,1.7282,2
0.6762,5.2071,2
-1.7691,-2.8916,2
-2.2779,-1.8488,3
5.9326,2.325,2
0.032765,3.6952,3
0.082573,-0.65517,2
-2.7991,2.5878,3
-3.0054,1.1238,3
2.4999,-1.2987,1
-3.0832,-3.1683,1
-3.8492,-4.9843,1
-1.8056,-4.0128,2
1.9756,-0.90054,2
-0.008744,-0.54875,3
-3.5484,0.02889,1
-0.82576,-2.0277,2
0.41727,0.057826,3
1.4945,2.7552,2
1.3924,7.836,2
-2.2267,2.549,2
-1.5012,-2.9515,1
-2.8702,0.25011,1
2.327,3.9037,2
0.18633,2.0302,3
-1.7018,1.736,2
-0.76456,-0.45428,2
1.1016,-3.4776,2
-6.4801,-0.31293,1
1.2965,1.7075,2
-4.795,2.2262,3
2.4166,1.4772,2
1.7817,1.1339,2
-0.49274,0.70818,2
-0.65081,-0.29655,1
-1.75,-0.60005,1
0.71655,-1.7541,3
-3.3001,-1.1363,1
-0.75312,-3.7709,1
0.72561,-0.4591,2
-2.3461,0.84173,2
4.4495,0.75803,3
-3.5966,1.5914,1
-3.3227,2.8729,3
3.6332,2.2628,3
-0.47954,-1.6084,2
-2.3821,2.7131,3
-0.32187,-0.60629,2
1.2552,-0.38216,3
0.4301,0.91224,1
2.1671,1.1879,3
-3.3025,-2.2066,1
-0.44977,-0.24174,2
3.9443,2.9091,1
2.7658,0.8621,3
2.6907,1.1185,3
0.84323,-0.91048,2
2.2224,2.9922,2
-4.6249,0.82058,1
3.4879,1.7735,3
-3.835,-0.71125,1
-0.95301,-1.2997,1
-2.4181,-2.1761,1
-0.37027,-2.1451,3
-0.89663,-1.7712,3
-3.3461,3.0372,2
0.81974,0.59659,3
0.31161,0.78183,2
-0.79363,3.3048,1
0.9239,-2.1877,1
0.69465,0.20846,2
-2.6757,0.13489,2
5.4698,3.014,2
0.35728,1.6408,2
-0.45349,0.8823,2
-0.57311,-1.0473,1
-4.0117,-0.13386,2
-0.033528,-1.8028,2
0.75225,-2.9982,1
-1.0808,0.43314,3
1.3683,1.0227,2
2.5418,-1.1062,3
-0.53943,-2.9337,2
1.4657,-2.7691,2
4.5829,1.6812,2
-0.88831,2.6882,2
2.2047,2.959,3
0.093187,2.3522,1
-3.4778,-3.742,1
-0.82194,2.2003,2
-1.1284,-0.091536,2
-1.3835,-4.3457,2
0.5165,-0.88705,2
0.44454,2.4172,2
-2.9185,2.4239,2
-0.65169,-1.6134,2
-1.9637,-5.5873,1
-0.68226,2.7425,2
-2.6734,2.9242,2
-0.21893,0.75687,2
-0.68957,-0.97487,3
1.2184,5.4068,2
-3.357,-3.3179,1
-1.068,-1.8497,2
3.3626,1.7794,2
0.80162,-3.4504,2
-2.3188,-1.2863,1
0.6556,0.84465,3
-2.8533,-3.2563,2
-2.7985,4.1844,2
-1.39,2.8299,1
-4.8846,-4.4492,1
-3.3142,1.0329,3
1.6067,1.3883,1
0.21964,-4.5792,1
3.8592,-0.97621,2
4.1881,-1.3339,2
-1.1288,-0.73399,1
3.4236,1.9017,2
-1.9003,-2.3073,1
0.22813,1.9641,2
-0.63114,-1.5321,3
-2.1537,-1.3865,2
-1.977,1.8978,3
2.1011,-1.2904,2
-2.3483,3.5719,2
-1.5231,-3.7779,2
0.28394,3.567,3
1.5778,1.854,2
3.168,2.8773,2
-4.0126,-0.4571,2
-1.7272,-1.3661,1
2.676,3.7574,3
1.5116,4.5473,2
0.86412,-0.21974,1
0.81158,-6.7608,2
-3.3338,-1.2134,3
3.3218,1.6404,3
-2.669,-4.5738,1
-1.2465,1.256,1
5.7526,-0.010446,2
-2.2832,1.0418,1
-3.9404,-5.7223,1
-2.3688,-2.9363,1
-2.4831,-0.88119,3
0.12729,-2.3737,2
-0.71082,-0.44544,3
-0.65195,-1.4145,1
2.0432,-1.0493,2
2.2067,3.4178,3
-0.3173,-4.4204,1
-0.54919,3.8991,2
-0.41336,-3.8063,1
1.4605,-0.97852,1
0.24591,-0.50325,2
1.0085,-0.8868,3
-0.48724,-1.1694,3
1.0298,-1.3844,2
1.6391,1.0802,3
2.527,0.82901,2
-3.7433,-3.0049,2
-1.9248,-2.8608,2
2.6834,2.878,2
0.98629,-1.9715,1
-1.3962,-4.6951,1
1.2308,-1.4687,2
0.87046,-0.73494,2
-0.68137,-0.63703,3
-1.9558,1.4928,1
3.071,0.29689,2
5.2281,3.704,3
-0.34152,-0.5535,2
-0.59014,0.44561,1
0.50941,0.45659,3
2.3468,-0.87545,1
2.9637,-0.84939,2
1.4308,0.73837,2
-0.049464,-0.96474,2
0.89027,4.4605,3
-3.1724,-3.3931,2
-5.5188,2.0342,1
1.0385,1.9886,2
0.29128,-2.757,3
2.3028,0.57364,2
-0.94242,-2.7312,3
0.56785,2.4272,2
-1.3189,0.33046,2
1.9683,0.27545,2
2.1177,1.3905,3
4.4178,2.4233,2
-3.1053,-0.63199,2
-1.485,3.2578,2
-0.77673,-0.55721,2
1.8523,-0.11518,3
-4.0591,0.3501,2
2.572,2.5359,3
-1.7691,3.2887,2
1.8501,0.57961,3
2.8755,-1.4632,1
-0.55312,-0.71488,2
-0.24127,-1.5665,3
-4.8837,-0.80317,2
-0.95006,-2.169,1
-2.1353,0.36334,2
2.2631,-2.1109,1
-1.559,0.11839,3
-1.0986,-4.4733,2
-0.22297,4.0082,3
-0.79717,1.9982,1
0.094844,-2.3207,3
3.9792,-0.43769,3
-1.5639,-1.9159,2
-3.6867,-0.022772,3
3.2617,-1.4305,1
4.9036,2.7833,3
0.89888,-0.67286,2
2.7689,3.0719,3
-4.5135,2.0017,1
-2.1296,2.3502,2
1.8349,-2.2726,1
-4.7733,2.0294,3
-0.24438,-0.32379,2
3.1707,1.8214,3
-0.0098117,0.21818,3
-1.4474,-3.1731,2
1.9246,-0.97773,3
-2.803,0.96847,1
0.72207,-0.34715,1
-1.8436,0.59633,1
-0.10365,-1.6079,2
-0.7522,0.43297,2
5.8467,-2.1654,2
-3.8471,-1.0668,2
2.7327,0.87268,2
3.569,-0.23567,2
-3.8876,-1.8939,2
1.1492,2.0163,3
3.8834,-2.1786,1
-1.0261,-0.58393,2
-3.6675,3.3234,3
-0.24529,0.89354,3
0.9198,-1.2903,2
-0.24518,0.013211,1
-1.9273,0.19709,2
1.0049,0.63856,2
3.4746,1.0011,2
-0.72615,-4.9415,1
0.56625,-0.14624,3
1.4776,0.7104,1
-4.5276,-2.8969,3
-1.3397,-0.52567,3
0.42032,-3.0254,2
-0.026742,1.5814,2
0.10112,6.9063,2
-3.692,-1.15,2
0.60307,2.6735,2
-3.9005,3.3962,2
-1.498,0.48265,3
0.5737,1.2198,3
-3.5008,-2.483,1
-0.35798,1.887,1
-0.48077,0.59986,3
1.2165,2.4469,3
3.1988,1.2192,3
-0.59498,-0.81739,2
-1.7849,-0.20848,2
0.61104,1.4303,3
-2.1139,-0.20666,2
1.1887,-1.6711,2
0.84084,-1.6415,3
-0.22525,-2.1092,2
-1.4152,-0.4409,2
-0.48663,-0.76476,2
2.3172,-2.2791,1
2.8251,1.8367,3
1.9726,3.1293,2
2.4525,3.3771,2
2.9625,-1.8413,2
2.1519,-0.034673,1
-1.148,-0.38939,2
-2.6925,-0.9289,1
1.5513,-2.1062,2
-0.20773,3.1197,3
-0.82632,-1.1469,1
-0.77086,-0.9745,1
-0.044049,2.4535,2
0.043758,2.2567,3
-0.57473,-0.87021,2
2.2158,0.34491,3
0.3625,-2.532,1
0.060512,-1.8338,2
4.0608,5.1508,1
2.3988,2.5914,2
1.6981,0.51684,2
3.705,1.0318,2
-3.3464,0.21529,3
0.66164,-3.0861,2
1.0882,3.4108,2
3.0676,2.3557,2
0.52835,0.12266,3
1.7535,0.51029,1
0.60171,1.5096,2
-0.15021,-2.4824,2
-1.5669,-1.1792,2
2.1323,-2.1701,1
0.53909,6.411,2
-1.1046,-2.8317,1
2.4195,-2.3511,2
-4.8636,-3.8437,1
-0.55951,1.1698,2
1.9678,0.31996,2
-0.43844,2.0406,1
-2.6409,-3.1985,2
1.5012,1.7109,3
-0.75419,-1.1575,3
-1.9252,0.24286,2
-1.1747,-0.88236,1
-4.1035,-0.33725,3
2.2157,0.66801,2
2.7939,-0.99957,2
2.2711,-0.38841,3
0.95339,0.16166,1
4.1321,-0.33971,2
-0.57739,-0.44037,2
4.0797,0.17214,3
1.9638,1.9367,1
-4.738,1.399,1
3.6517,0.48605,2
1.873,2.1972,2
0.9757,6.2065,3
1.3052,2.2776,3
1.3384,0.024055,2
-0.036807,-2.4521,1
3.7012,3.2881,2
-0.32335,5.4399,3
-2.1569,-4.2039,1
1.7941,1.7699,3
0.083225,-1.4256,3
-1.1886,2.9337,3
-0.55445,1.7797,1
4.2818,2.0009,3
-2.5693,-5.752,1
-5.0828,-4.4305,1
1.3516,1.6857,1
0.030195,1.0727,1
-3.7413,-0.95675,1
-1.1058,-2.8445,2
-1.8551,2.8485,3
3.8528,1.9233,3
-6.2197,1.0759,2
-1.6994,-0.92979,2
-1.4159,-2.2743,2
-1.0118,-2.5922,3
2.1993,1.0936,1
0.020541,-2.7493,2
2.1023,-0.033252,2
0.40798,2.1153,1
2.4647,1.1538,2
2.5612,0.37229,3
1.0593,2.1012,2
-1.2752,-0.39807,1
2.3738,2.6994,2
-1.1728,-3.3232,2
0.31875,-0.10299,3
-0.14098,-2.0382,3
0.68839,-1.7865,3
-1.6242,-1.1673,2
2.9376,1.9279,2
3.4437,2.2981,2
0.22602,6.7564,2
0.22872,1.4564,2
-0.84986,2.0939,2
-6.0175,0.13292,1
5.4832,1.7188,3
-1.1299,6.4333,2
-0.47945,-1.1057,2
-3.6927,0.078981,1
-0.79622,-0.19855,2
-0.82027,0.10905,2
3.5255,1.7176,2
-3.3621,-0.043598,2
0.44214,-0.9129,3
0.21324,1.2285,3
-3.8054,0.24714,3
0.43877,-1.026,3
3.6438,4.2367,3
0.51704,-1.4159,1
0.95549,-1.2264,2
-0.87744,7.8782,2
0.87093,-2.8973,2
-4.2949,-0.93056,2
0.9605,-3.5536,2
-4.2116,-3.786,1
2.2123,2.1959,2
-4.0753,1.6737,1
0.48988,3.9669,2
3.6699,0.029844,2
4.1595,1.1516,3
-1.2961,-2.26,2
1.76,-3.6388,3
4.6027,-0.95596,3
1.839,-1.8804,3
-0.050179,6.2019,3
0.87464,1.4892,2
-2.9943,0.48183,2
2.6377,0.36144,3
-0.66228,0.80651,2
-3.0221,1.8703,2
-1.4858,0.56263,1
-1.6764,-0.63347,1
-1.5371,-0.56506,2
1.3822,-0.65592,1
-2.3433,-4.9138,1
-1.4492,2.0317,2
1.1024,-0.85652,3
0.93404,0.89555,2
-1.362,-0.33337,3
-0.65472,0.39645,1
0.12714,6.0111,3
-0.21356,-1.2464,2
1.5168,-0.30452,3
2.9284,-1.9376,2
2.1229,-2.2591,1
-3.8061,-2.9766,1
3.5262,1.0721,2
-3.6485,-4.2779,1
-2.3516,-2.1183,1
2.0121,2.355,2
0.92001,-0.1206,2
-1.7209,2.8031,2
-1.4126,2.6269,3
-2.6703,-1.7213,1
-3.3727,2.0958,3
1.4816,0.83608,3
4.9881,2.9637,2
-0.37917,2.9073,2
0.065087,-1.8003,1
-2.049,2.1813,2
3.7388,0.66509,1
-2.6347,-1.8549,1
0.89261,1.9242,2
1.7993,-2.0095,3
0.90991,2.2273,2
-2.8823,-1.4675,2
-1.9898,-4.1762,2
0.87957,2.5678,3
0.11134,5.2415,2
-0.55804,2.5862,3
1.8204,1.306,3
2.3892,-0.63147,3
0.82738,5.0554,3
-0.69493,-0.46242,2
1.9298,-0.43223,2
-0.18334,-4.4146,2
1.3181,-0.18348,2
-1.68,-2.6996,1
-3.3671,-1.1396,1
-0.81165,-0.58771,1
-1.3433,-4.3502,2
-2.0331,0.97719,2
-1.5108,-0.10585,2
-2.0794,-2.2424,2
3.489,2.1881,1
2.5664,3.2134,3
-0.92281,-0.97473,1
0.26411,3.8379,2
-0.66832,-0.80801,1
-1.908,1.6448,2
0.10963,0.62483,2
2.7918,-1.4262,3
-2.2364,-2.1074,2
0.43581,-3.1806,2
0.9923,-0.29858,1
3.7261,-2.6009,1
-0.54099,0.33566,1
-2.3528,-2.7405,1
1.3457,-1.4663,2
2.3764,0.67628,3
1.8406,-2.5078,3
0.39819,-0.58241,2
0.020944,-2.712,2
0.91476,3.8593,2
-4.376,-3.6224,2
3.5526,-1.6406,3
2.2962,0.89367,3
-1.7819,0.67664,3
0.48709,3.9102,3
2.135,-1.9733,2
0.84058,1.8586,2
-1.1854,-3.4573,3
-4.4198,-0.24918,2
3.1953,1.9058,3
1.0042,-0.53539,3
-2.4774,-4.1408,2
-2.3458,-0.44862,2
-1.1522,0.11413,2
-5.4532,2.1541,1
-0.82029,-1.8582,2
5.2722,4.4162,1
-1.2248,-3.25,1
0.85666,-3.406,2
1.1858,-0.6034,2
2.7532,-0.4644,2
-1.1545,-1.3339,2
2.7118,0.057712,3
0.18701,-0.22624,3
-2.2305,-3.8463,1
2.2724,0.56942,2
-2.2325,5.0207,3
-2.233,-1.6458,1
-1.1167,1.1888,1
1.0716,3.3272,1
0.32307,-1.2875,2
-1.1298,2.8459,3
-1.2662,-1.8706,2
-0.70855,-3.1635,2
-2.461,2.4725,2
2.2616,-0.87521,2
4.1622,1.4627,1
-2.387,-0.1082,2
5.4174,4.6923,2
1.9294,7.4948,2
1.0649,-3.8599,2
-0.10454,-2.8345,2
1.2031,-3.7698,2
-3.3241,-2.6028,2
0.76782,2.1094,3
-3.1792,2.1733,2
-3.6004,-3.526,1
1.5236,-0.51134,3
-1.0209,0.95783,3
-1.7071,2.2292,1
-3.5205,-1.4206,2
1.0493,-1.1216,2
0.081224,-2.5597,2
6.6111,0.69506,3
-3.1255,-4.4255,1
-1.8152,-0.25987,1
-1.3767,-3.0685,1
1.419,1.7332,3
-1.1521,-4.6089,1
-0.78892,-1.4439,2
0.73237,-1.6505,2
0.70234,2.0125,2
0.7857,0.53445,2
1.9212,-0.24086,2
-1.6837,-1.3481,2
-1.6893,1.6755,3
2.7706,-0.42531,3
3.5564,-1.7051,1
3.5321,-2.5748,2
-1.2269,-3.3576,3
0.55583,2.655,2
2.5644,-1.7551,3
0.64506,0.61536,1
-1.0536,2.694,3
-1.0159,-0.38574,1
1.9666,-2.5998,2
-1.8977,-1.6869,1
0.97228,0.11927,2
-0.77173,-4.502,2
3.5265,4.8395,2
0.37148,2.7743,2
1.368,-1.7639,2
-6.3417,-3.2175,2
1.2712,-0.88801,1
1.1951,4.9653,3
-3.9242,-0.4276,1
5.8652,6.6995,3
3.0675,6.9779,3
-0.0032076,-2.2753,3
1.4755,-3.7977,1
-4.9373,-6.5927,2
-0.71859,-0.89986,2
1.9842,0.5698,3
-1.5851,-1.8426,2
-0.092001,-1.6576,2
0.2182,0.90056,2
0.16397,6.2082,2
0.1848,-0.072009,2
0.075632,-2.1558,1
-0.49311,-0.34173,3
-1.3796,2.2928,2
1.5281,-1.0735,3
2.7891,-1.8322,2
0.91036,0.523,2
0.6845,1.7603,1
1.3368,-2.9566,3
2.8653,0.48942,2
1.0684,1.7871,3
-2.4592,1.0308,1
-4.7729,1.2186,1
0.5372,0.57704,2
-2.9381,-2.7198,1
3.2441,2.8277,2
-1.0375,1.3865,2
2.1225,-1.1496,3
-2.1493,-6.552,1
2.2433,2.5912,2
4.0484,-1.6335,2
4.0078,1.7837,3
-3.3008,-0.82392,2
0.56859,3.634,2
2.8613,4.0035,2
1.7392,0.64939,1
1.0066,0.22047,3
0.60314,3.9,3
-1.1423,3.4214,3
-3.3745,-3.3781,2
1.3831,-2.8703,2
-3.7924,0.62738,1
-2.1493,3.5462,3
0.088343,-2.6323,1
-1.9254,-5.6364,2
-3.8476,-1.5745,1
0.84548,1.4904,2
-0.81839,0.85409,2
2.1246,1.1369,3
3.6397,0.6155,3
-3.7502,-3.0833,1
-1.8541,-0.30104,2
-3.3548,-2.7231,2
-0.018473,3.9954,3
-2.2541,0.81366,1
-0.029065,1.764,3
-1.9368,5.0681,2
0.066068,3.1391,2
1.1787,0.23387,3
1.1147,0.40953,3
-0.55896,0.85658,2
-1.4742,-0.055851,1
-5.0639,-3.0902,2
0.095016,1.6663,1
0.79844,-0.2792,2
0.81968,-2.9717,1
4.8119,-0.098191,3
-0.83766,0.66299,2
2.4026,-0.35133,2
1.8123,-0.65063,2
2.5376,1.1382,2
-1.9652,-0.6471,2
2.8738,-0.54345,1
-1.5419,-0.30954,2
-1.1257,-2.7138,2
1.3172,-3.4783,2
-0.80208,-0.019903,2
-4.3045,-0.7694,1
-0.13904,1.8355,3
1.5292,3.2233,2
-1.1106,-2.1986,2
-0.13281,-4.1126,2
-0.41473,-0.80939,3
0.82874,0.82813,1
-2.054,1.4452,2
-0.065227,-0.062219,1
-2.4462,0.8032,2
-2.5448,-2.4053,2
2.1019,1.5246,1
-0.84006,4.3798,3
2.1152,3.0441,2
-1.6504,-1.0219,1
-2.3007,0.80571,2
-2.5167,-1.4721,1
-0.81744,0.083463,2
-1.7275,-1.5688,2
-3.0472,-4.6657,3
2.6196,2.0938,1
-3.4647,2.2749,2
2.1674,-1.3214,1
1.1835,3.0878,2
-1.4221,-2.3741,2
0.72754,-1.3095,2
-1.3843,0.51896,1
1.1918,1.1167,2
0.19085,-4.3993,1
-3.4745,-3.1458,2
-0.28615,2.7617,2
-2.9473,-0.2605,1
-0.70265,0.19122,2
1.4698,2.8382,2
0.74249,-0.41747,2
-2.0142,0.25941,3
-1.1539,-0.95502,3
-0.25485,-1.5689,2
-2.0167,2.5559,2
1.355,-0.49979,3
0.3125,1.1124,1
-2.0219,0.60973,3
-0.32003,-1.2148,2
-2.5881,2.076,2
-1.0197,1.8964,3
-0.063925,2.4494,3
-1.9426,-1.1063,1
2.3127,2.8776,3
0.21225,0.6822,2
1.4187,-1.1512,3
0.13927,-3.2881,1
3.0274,0.66271,2
2.7138,-0.023027,2
1.2293,1.0251,1
0.54119,-0.51436,2
1.2515,-1.9211,2
0.78491,-2.9327,2
-0.92173,-0.92163,1
2.7295,1.5931,2
3.1387,8.2047,2
0.32161,2.3946,2
1.6609,0.44101,3
3.5206,2.1659,2
-1.7933,1.4195,2
3.4382,0.92492,2
-0.19076,1.9093,2
-1.4432,0.97281,2
-1.1457,0.8135,1
-3.3008,0.037916,2
-0.0057748,-3.5125,2
6.0617,-1.4158,3
-0.10572,-1.2608,2
1.305,-3.0501,2
-1.8525,0.2268,1
1.1389,1.1106,3
-1.7259,-0.8336,3
-1.9345,-1.5156,2
-0.55708,0.49958,2
-0.41956,-0.72114,3
0.29656,-1.2643,2
-1.5886,4.3594,2
-2.8408,-3.393,1
-2.2932,0.80688,2
-3.0715,4.8296,3
1.0789,1.4821,1
-2.9624,3.6375,2
-2.129,0.52985,1
3.6453,2.622,3
-3.3528,-2.8886,1
1.4494,-1.3075,2
-1.5434,-0.78741,2
2.3865,1.3779,2
0.64641,-1.4921,1
0.79141,3.7035,3
-2.0216,-0.042984,3
1.6341,0.21493,2
1.4548,0.49096,2
-0.062909,-0.79499,2
1.1443,0.39258,2
-0.4397,2.4408,2
-2.6029,1.5358,2
1.3038,-2.6184,2
-2.8426,1.7871,3
2.0545,0.9213,2
2.1646,-1.0407,1
-2.8653,-1.4338,1
-0.79537,0.11772,1
4.2951,-1.0018,3
0.8886,-2.3861,3
-0.21817,-0.89788,2
0.72821,3.8938,3
-1.2957,-1.216,3
-2.0458,1.3625,1
4.2583,1.506,2
-2.8843,-0.62736,2
-0.42997,2.565,3
4.2969,0.88482,2
1.8606,2.3139,2
-0.2608,0.91373,2
3.5786,-0.13337,3
1.3521,-0.16414,1
-0.20298,0.37332,2
-1.3928,-0.77686,1
-1.7782,-2.4564,1
-0.83,4.607,2
-3.1757,-1.0456,2
-2.0122,-2.3723,1
2.846,-1.8467,2
-0.87128,1.1821,2
-4.2802,-3.4547,1
-3.51,-3.4549,3
-2.1589,-3.2915,2
-0.43715,-0.024837,3
-0.8583,-0.44066,2
-0.57584,-0.82569,1
1.1581,1.3704,3
4.8,1.1552,3
2.8605,3.0409,2
-1.5717,-0.55029,2
0.21817,-0.94079,2
-1.7097,-1.0265,2
0.97668,1.0366,3
-0.077693,1.3075,3
2.0711,3.033,3
-0.21777,-3.0794,2
2.0145,0.67013,2
2.2573,-1.9464,2
0.76985,-4.3559,2
1.1661,-4.4912,2
-2.6888,1.7594,2
-2.4461,0.26195,1
-2.5871,2.6824,2
-1.4626,0.893,2
-1.2312,-0.44997,3
-1.6518,-1.8557,3
3.0198,2.579,3
0.52602,1.4494,3
4.4236,-0.83489,2
1.252,-0.31487,3
1.2609,-3.4077,3
2.7497,2.2271,3
-1.607,3.3346,2
0.26308,0.45739,2
3.0022,4.6363,3
0.42944,-0.27478,3
3.0342,0.4635,2
1.5967,1.8901,3
3.1683,2.5678,3
0.068904,-0.42661,2
0.60073,-1.7901,1
2.6228,0.18451,2
-0.37521,-0.32235,2
-0.58949,-1.7799,1
-7.5064,-0.12126,2
-0.99425,-3.5265,1
-2.4658,-3.0556,2
1.0781,1.4677,3
-1.2891,-2.8885,1
3.7632,0.60358,2
3.2866,2.5692,3
-2.0748,-0.63982,1
-0.55198,-1.5117,3
-2.8023,-3.1631,1
0.64958,-0.49074,3
0.044584,0.87631,3
-4.1272,-4.6724,2
2.5566,0.81381,2
2.5756,0.34846,3
-1.7117,3.4637,2
1.6614,0.93259,2
-2.0494,1.5191,3
-2.7718,-0.72976,2
-4.4966,-0.55335,1
-0.32284,-1.8046,2
-0.70521,-2.8535,1
-1.9759,0.75442,2
-0.51728,-0.50035,1
2.2862,-2.5138,1
0.41616,-2.3691,1
5.7458,6.3914,3
1.1862,-3.0161,2
0.87242,-0.33433,2
1.2798,1.1494,2
-2.5305,-4.788,1
1.094,-2.1019,1
-0.38025,-2.1606,1
-2.9077,4.545,2
-5.4519,-2.5106,1
2.0258,-0.5365,2
2.0677,-2.1757,1
-2.0858,0.89076,1
2.9592,-4.6161,3
1.2282,2.2309,2
1.4066,0.21285,2
1.7071,4.5523,3
-1.4977,-0.94411,2
6.6133,1.5055,2
0.25123,0.55038,2
1.3918,0.93775,2
0.36057,0.53315,2
-1.6979,-3.2774,2
1.3985,-1.7752,2
0.43655,-0.80075,2
0.33987,-3.2758,1
2.5103,-0.40834,3
5.5787,5.0168,3
-0.588,-0.78831,2
-0.93844,-2.1819,2
5.5048,2.573,3
0.094093,1.3831,1
-1.2433,3.5742,3
-2.0384,-5.6504,1
-3.2047,2.6172,3
-1.2123,1.6944,2
-0.30228,-2.3544,1
-0.83,-2.2379,1
2.8931,2.9765,3
0.50624,0.96086,2
3.7053,0.28627,3
-0.33374,-1.5905,1
4.1287,4.1651,3
0.2208,0.44887,1
1.829,-0.30509,2
1.7882,-1.2131,3
1.9983,2.502,1
-1.2317,3.2918,2
-4.4009,-3.7059,1
-0.16789,2.1754,2
1.1355,-2.0795,2
-0.14722,-1.0209,2
3.0986,-1.194,2
-0.82395,-1.5482,3
-2.4438,-1.1672,2
-1.9883,-0.18368,1
1.1744,-4.6153,1
1.8504,1.8724,2
2.4073,1.4404,3
1.7979,2.2095,2
1.3695,4.8963,2
2.0686,-2.0459,2
1.1503,-2.079,2
-3.6729,-4.5224,1
1.143,-0.27714,2
4.4125,-0.12673,2
-2.7557,0.7279,1
-0.65306,-3.3427,2
-0.37553,3.3992,3
1.9096,1.1423,3
-1.1468,4.2009,1
0.31396,-1.3432,2
-0.47084,0.48692,3
-0.74362,-1.0673,2
1.3872,0.23162,2
-1.0415,-0.0016679,2
2.9027,-1.0589,3
-0.36307,1.9877,1
-0.32662,-0.83704,2
-0.0213,-1.405,1
2.0203,1.5407,2
-1.1284,-1.2943,2
1.2189,2.1057,3
3.5299,0.54627,2
-2.4378,0.32392,1
1.393,-1.9534,2
2.0076,0.6745,2
-0.14981,-2.1566,2
-1.4697,1.3864,3
0.28477,0.82016,3
-3.7498,-5.2269,1
-0.8941,-0.9338,1
0.21641,2.54,3
-1.6591,0.013508,2
-1.1701,1.2206,2
-1.324,-1.7102,1
0.045475,-4.6353,1
-0.30427,6.642,2
3.8508,3.9881,3
4.1904,0.10225,2
-3.4192,-4.7827,2
-1.5087,1.4174,1
-1.3271,0.79929,3
3.2024,4.3458,2
-0.13557,-1.2815,2
-4.8431,-2.4545,1
0.32652,2.701,2
-3.7204,0.62407,1
-1.4665,-2.4261,1
1.4363,-2.5839,3
1.273,2.0579,3
0.27779,-1.1111,2
-0.69511,2.6076,2
-2.9875,1.0263,2
0.23091,3.1845,3
1.4958,-0.77295,2
1.5037,4.917,3
0.14153,1.605,2
-3.596,-1.1136,2
1.0185,-1.3272,3
0.99392,1.7241,2
0.094686,0.35536,2
-4.7449,-2.3729,2
-2.2987,3.5833,1
-1.377,-0.052219,3
-0.82793,2.1918,1
-2.0991,-1.6082,3
-2.3761,-4.1717,3
-0.17686,-3.1668,3
0.91098,0.23184,2
0.86744,0.52706,2
2.3549,3.6897,2
1.6552,-2.2401,2
-2.7739,-2.8471,1
-1.2872,-0.15165,1
3.0885,0.26965,3
-1.7292,1.605,2
0.79175,1.5533,2
-0.0087746,-0.099697,2
-1.1646,3.3555,2
0.96377,1.6807,2
2.7898,2.8686,3
2.3833,3.2011,3
0.27167,-2.8522,3
-3.4429,-2.5934,2
-0.082715,2.9161,2
0.18009,-6.25,2
-1.2303,-0.17631,2
1.8629,3.4464,2
-2.0997,-0.46426,1
2.3043,1.9304,2
-0.45524,-2.9461,2
-0.14201,-3.0695,2
-2.4098,-0.14724,3
-0.76263,-0.79581,1
-1.4791,-5.0689,1
-1.0517,-0.82629,3
2.7769,-0.99671,2
-1.5704,-0.17705,1
0.91156,-0.49519,2
-3.7192,0.84558,2
6.6147,-0.73505,2
1.2024,-3.2152,2
-1.0369,1.6705,2
2.8732,0.83269,2
1.8007,1.0858,3
-2.7187,-2.2062,1
-2.8375,-3.3771,2
1.8321,-2.4142,2
3.2775,-0.071736,3
2.924,1.9212,2
2.0759,-3.2714,3
1.8292,2.998,3
0.91062,-1.1748,2
0.095808,4.4384,3
-2.2405,0.57052,2
-3.5118,-1.7225,1
0.026764,1.1388,2
-3.5998,1.5248,2
3.8789,1.433,3
1.6759,3.4469,3
2.8453,-1.1713,3
-3.0862,0.97833,2
-3.0237,0.29377,3
-0.070678,-2.3994,1
-0.48411,0.86244,2
0.05554,0.76627,3
-2.8111,-4.3939,2
-3.2181,-1.8651,2
-2.6859,-1.622,2
-2.1362,-2.1333,2
-3.1712,-4.6653,1
0.18502,2.6189,2
1.2203,-2.7771,2
-3.8215,1.3249,2
-2.2633,-2.3485,1
-2.4921,-1.0373,2
0.96419,-3.3273,2
1.3816,0.10779,2
1.4066,-1.4781,2
1.6807,1.1596,2
-0.2924,-2.8015,2
-2.2325,-0.64653,1
5.1763,5.4801,3
2.681,-2.3297,2
-1.2578,-5.0379,1
1.2404,-0.3505,2
3.5252,-2.7094,2
-0.78573,-2.0271,1
-3.3987,-2.7438,2
3.7759,2.5697,3
2.3186,-0.37764,3
-0.048351,1.1671,2
-1.3529,-2.9931,2
-3.0916,-3.972,2
1.4917,2.5242,2
-0.98639,-0.64385,2
1.1438,-1.541,2
-4.8761,-2.1038,1
-1.3966,-0.73006,2
0.15661,0.36296,2
-3.3136,2.8721,2
-0.47271,1.2103,2
-1.1585,3.5473,2
-0.054969,1.359,3
0.84001,1.1031,2
0.50898,5.3647,3
3.1514,2.5397,1
1.6632,1.4698,1
-3.2473,1.5679,2
2.7529,1.1428,3
0.54481,-2.2421,3
1.5674,0.85769,1
2.003,1.6288,3
3.3677,1.8813,3
3.8113,2.0236,2
-1.43,0.66688,2
-0.52389,0.82373,2
-1.9421,3.1508,3
-0.45506,2.7939,3
-4.6709,1.058,3
2.0003,4.3377,3
-1.4082,-1.3302,2
1.9252,0.43766,2
-1.0759,-0.79364,1
0.22425,-0.62299,3
-2.9789,-0.207,2
1.5918,-1.0964,2
-1.038,-1.5147,2
-0.65962,0.11621,2
0.071343,2.3658,2
-3.6684,1.8211,3
3.3428,2.7972,3
1.0688,2.2513,1
1.2814,0.52923,3
0.01314,1.6208,3
1.1972,2.0972,3
0.7656,-2.3732,1
3.4314,-0.69724,2
-1.5918,2.6593,2
-3.4506,0.37579,3
-3.781,0.82647,2
-0.59516,0.60469,3
0.82752,-0.60691,2
-0.50381,0.98064,2
0.37982,0.68074,3
-0.37801,1.2168,2
-0.8191,-3.5731,1
-1.3831,1.2784,2
2.011,-1.7992,2
-0.17687,-2.1318,3
1.8352,0.15158,1
0.36427,2.5715,3
0.75772,-2.0349,2
-0.07094,2.1004,2
3.5296,1.9523,3
-1.6645,-0.964,1
-1.483,-2.6365,1
-2.1387,-3.484,2
-1.2681,2.3357,3
-0.36548,0.97506,2
-3.7439,-1.1001,2
1.2493,-4.0764,2
1.9672,-0.34172,3
-1.3056,1.0661,2
-0.082668,-0.10015,3
-0.081622,1.1378,2
4.2261,1.3342,2
4.8987,-1.3395,2
-1.1774,-1.7746,2
-4.8567,1.5525,2
0.15774,2.7688,2
-2.0442,-3.0639,1
-0.63517,-3.1681,3
3.8113,6.1764,2
-2.0352,-0.26122,2
1.3098,3.2612,2
-0.89599,-1.6583,1
-0.23013,0.66014,2
0.56076,1.2621,1
-0.18535,0.11219,2
1.4617,-6.0831,1
-0.01236,-0.54569,2
-2.2317,-1.2585,2
1.0805,2.5726,3
-0.23335,0.42237,2
-0.045737,-1.023,2
-0.57927,-3.1829,2
2.8743,5.8574,3
0.58631,-4.009,2
-0.85782,-2.7558,2
-1.9608,1.1741,2
0.68361,3.0473,3
1.4609,-0.40915,2
4.1145,-0.80731,3
-0.20904,1.4807,3
-1.4219,-3.4005,1
-0.79521,1.8843,2
1.5521,2.5709,3
0.54476,-0.032022,3
0.25428,-1.554,1
0.36427,3.0519,1
0.38468,-2.0047,2
-3.0328,-2.9194,3
