7.3226,3.7481,3
3.7417,3.8195,3
2.3761,1.6234,3
-0.53365,-0.73461,2
1.2321,2.7917,3
-0.48378,3.1845,3
3.3293,1.0874,3
-1.3463,-0.46957,3
1.3674,0.0011278,2
2.6863,-1.2265,2
6.9334,5.7329,3
-5.1015,-4.9042,1
4.4185,1.5693,3
-2.7985,-4.2251,1
3.4746,1.238,3
2.587,4.3381,3
2.4544,3.5059,3
3.1106,1.335,3
2.2054,-3.2046,3
2.3877,4.5117,3
2.4476,1.1881,3
-1.9176,-1.9386,1
4.4541,0.3401,3
5.4054,4.1993,3
4.6345,3.4137,3
3.3231,5.6732,3
2.9522,2.5971,3
3.8165,0.42951,2
0.62349,0.2186,3
6.6256,2.6991,3
0.74611,4.0002,3
8.0358,5.9974,3
0.64071,4.1019,3
2.4209,-2.8274,3
3.4694,3.2965,3
3.5656,3.4719,3
3.8205,5.421,3
2.011,4.5898,3
0.1095,2.0749,3
1.7679,2.7111,3
5.5889,4.5293,3
-0.025626,1.3359,1
3.4647,3.4067,3
2.7797,1.1031,3
2.9473,2.5779,3
3.365,8.3751,3
0.17781,5.6745,3
3.6935,4.1147,3
-0.73169,3.7359,3
2.4057,8.2025,3
-1.2204,5.4395,2
2.2711,-1.1958,3
3.0789,2.7072,3
2.3918,3.1637,3
2.5883,1.1265,3
-3.0783,3.1515,3
2.5441,1.8253,3
3.2159,5.4611,3
8.1428,7.552,3
2.2729,1.4734,3
3.7993,3.7662,3
3.2248,0.066005,3
1.7917,-1.3081,2
2.5139,1.1009,3
-1.4882,3.9511,3
2.839,2.6999,3
1.9013,7.5658,3
1.0709,1.7729,2
5.9735,-0.090991,3
5.6944,2.6743,3
1.9832,1.7465,3
5.9692,4.8677,3
-1.3852,1.6745,2
4.1275,3.7089,3
2.0536,1.6028,2
5.1389,1.899,3
4.5051,6.7446,3
-1.0943,-2.9161,3
-2.8073,-0.23527,3
2.2619,2.8104,3
2.6961,0.77929,3
5.7081,4.7109,3
-0.66063,-2.8501,2
3.0568,-0.16017,3
-0.29393,5.8046,2
4.4437,2.0523,3
1.9436,5.7365,3
2.02,2.9656,3
2.1944,4.558,3
2.7772,0.13406,2
1.5824,2.6561,3
-0.94595,7.1673,3
4.7862,3.5345,3
-0.86693,-1.4802,2
5.5704,5.1729,3
7.9547,4.2259,3
1.963,3.2577,3
3.556,2.8607,3
8.7759,6.1263,3
0.172,-0.9752,2
2.4409,3.1958,3
-0.35172,-4.7989,1
-0.31319,2.6959,3
3.8093,0.57162,3
1.3941,3.2772,3
2.276,3.9051,3
0.73965,-3.232,3
1.3848,6.1822,3
1.9998,5.6791,3
1.8025,2.0088,3
-0.22146,1.0822,3
5.579,7.5943,3
3.4278,7.3521,3
2.7862,3.9934,3
3.6082,0.45307,3
1.167,3.0281,3
1.8653,-1.5771,3
3.7445,6.1594,3
3.1604,4.4585,3
1.8713,5.1075,3
2.5882,4.0604,3
5.3505,-1.2009,3
0.80124,4.4526,3
3.5167,9.8751,3
0.45571,1.743,3
5.4947,3.8088,3
3.3881,4.5518,3
5.2792,2.0422,3
1.24,3.2153,3
3.0139,4.2574,3
4.2305,5.5637,3
6.9746,3.1488,3
-0.69085,1.1773,3
3.0842,4.3049,3
3.0847,2.0797,3
2.9403,3.1771,2
7.42,4.2152,3
6.4375,-0.73094,3
3.9174,3.9808,3
0.97604,7.1204,3
4.7858,7.5282,3
-0.63717,1.7199,2
3.8213,3.8403,3
4.5827,4.0331,3
2.8764,4.6341,3
1.6491,6.6991,3
-1.3692,-1.3933,2
3.7857,4.6026,3
4.8439,1.21,3
-0.55615,0.39406,2
4.2879,-1.9528,2
-0.78256,6.7116,3
0.9834,0.27904,3
2.0001,3.4146,3
0.56989,3.7921,3
1.9116,1.4518,3
2.0138,3.5621,3
4.9473,0.58821,3
2.4228,3.3756,3
0.81753,5.1673,3
-2.7524,-1.8309,2
1.4815,0.67019,3
6.7426,0.9421,3
4.5064,2.3382,3
5.225,2.9482,3
3.4206,2.8108,3
5.8944,5.183,3
0.62695,-0.037343,3
1.88,2.5095,3
0.87922,1.5243,3
4.1179,2.8418,3
2.1885,1.3707,3
1.9902,5.5419,3
-0.11847,-1.1395,2
2.6902,5.7926,3
3.0769,4.6274,3
3.4847,5.0272,3
3.9726,2.3596,3
-1.1772,-4.8996,2
2.14,1.8527,3
1.1755,2.6271,3
-0.28046,0.63341,3
-1.7185,-4.172,1
-3.773,0.51225,1
1.1581,4.1412,3
5.2732,8.1289,3
-0.68661,1.0497,3
3.59,3.8714,3
0.44855,5.5741,3
4.4094,0.85592,3
0.65579,3.5584,3
2.3126,5.0912,3
5.6642,5.9357,3
-0.20451,0.38872,3
-4.4535,-5.9855,2
3.9553,5.3749,3
3.2026,1.1883,2
3.6121,6.0115,3
0.22837,1.445,3
3.5265,3.4738,3
1.6762,1.9668,3
3.611,2.048,3
-1.7735,-1.5089,1
-2.092,-0.36141,2
-0.048467,5.6725,3
1.8459,0.26198,2
-0.7569,-1.6065,2
2.9955,2.7309,3
6.3146,5.5823,3
5.0803,5.4895,3
2.363,-0.15238,3
-4.139,-3.2203,1
0.96295,4.0406,3
-1.9382,-1.6125,1
1.5738,4.0662,3
5.903,5.9911,3
2.1116,1.1908,3
2.2653,-1.0903,3
1.9405,2.8901,3
3.4165,2.4232,3
0.073865,6.7876,3
4.0658,4.1663,3
4.5447,2.6947,3
2.342,1.7181,2
5.7278,-3.442,3
1.6361,0.84471,3
0.34901,5.8751,3
1.9733,2.4681,3
-1.4698,1.3063,2
3.6887,4.4081,3
4.5492,2.6159,3
1.7477,-0.63965,3
1.5043,2.0387,3
6.2261,0.77255,3
1.7388,1.1132,3
7.3867,0.090323,3
2.6652,5.8544,3
2.4322,0.028555,3
-0.69964,-5.24,2
3.3083,6.5525,3
4.9951,2.0157,3
3.4103,-0.52942,3
7.5776,4.2399,3
3.4352,5.0975,3
4.381,5.5328,3
4.3971,3.4071,3
1.0844,6.4827,3
0.58537,2.553,3
4.6149,4.8222,3
2.6745,1.291,2
3.3618,1.5489,3
-3.2119,0.65049,3
0.77117,4.0593,3
-2.2739,-3.4594,1
-3.3041,1.8849,3
5.6336,1.4512,3
4.1017,2.8238,3
2.3935,7.7778,3
7.3768,2.0283,3
4.0536,7.5227,3
2.858,4.7282,3
0.35687,0.35497,3
3.3993,3.5999,3
2.8096,0.87613,3
2.643,3.1837,3
2.1724,2.016,3
0.59524,-0.66091,3
3.2749,3.0345,3
0.0136,0.70615,2
1.3957,-0.18785,3
2.0862,0.30445,3
4.3836,4.8586,3
2.3651,6.3335,3
2.7412,-2.3303,3
7.7445,1.5166,3
3.2456,-0.95169,3
0.54129,1.7576,2
4.1505,3.8924,3
5.8696,3.9033,3
1.391,2.954,3
1.6244,1.9448,3
2.5721,3.7685,2
-5.4573,-6.0355,1
1.4001,2.067,3
0.031212,0.53567,3
3.969,4.5625,3
-7.335,-5.4045,1
6.5005,2.6677,3
-5.5226,-3.4282,1
6.5856,6.0959,3
4.2798,2.2213,2
2.6465,-2.0337,3
2.3546,1.4102,3
2.0421,5.3276,3
-4.6258,-1.4659,3
0.5673,-0.86467,3
7.2875,4.6374,3
6.0539,6.8826,3
1.7188,-0.8418,3
0.67041,3.8597,3
0.35558,1.4431,3
2.8814,0.82524,3
0.1172,4.0492,3
1.1319,2.4452,3
6.1271,0.24301,3
5.1779,0.37033,3
7.5065,3.8041,3
5.7814,3.2597,3
3.92,1.5449,3
1.1164,1.1251,3
3.5243,-0.97523,2
2.8184,7.507,3
4.9254,1.8055,3
0.71948,1.6557,3
2.6932,7.5359,3
5.2477,3.8896,3
3.2036,4.589,3
-2.3683,-0.5428,2
4.9119,8.7143,3
2.8366,0.48444,2
3.9405,7.3981,3
7.2458,5.4803,3
2.4607,6.2021,3
0.99343,1.7392,3
-1.2864,-2.8649,1
4.2376,1.4342,3
4.4797,3.7438,2
3.5746,2.9203,3
-0.34368,5.0779,3
3.0668,3.9876,3
-1.3525,-1.1064,3
0.02032,-0.069529,2
2.276,2.4422,3
2.2978,6.1814,3
2.3409,7.0287,3
3.699,4.2766,3
1.4247,1.4216,3
1.6537,0.40809,2
1.2993,-0.57546,2
-1.2722,3.225,3
4.0592,2.8526,3
0.99794,1.2922,2
5.2721,2.7844,3
3.3479,5.1293,3
4.9081,3.5965,3
3.3682,2.3691,2
2.1356,5.0214,3
2.8359,4.5761,3
1.1182,1.1488,3
1.3882,-1.5763,3
-3.5205,-3.0652,1
6.3585,6.2786,3
2.2826,3.9938,3
2.6609,6.1026,3
1.7434,6.4341,3
2.2998,1.9931,3
5.3734,-0.86637,3
4.9374,6.9523,3
4.2155,3.572,3
-0.75502,4.0067,3
3.5163,1.5795,3
-0.9604,2.7057,3
-5.3875,-5.3059,1
4.5217,4.596,3
4.2245,-1.7823,3
4.8041,2.4999,3
5.1789,2.9238,3
3.9415,7.9235,3
2.7053,1.2044,3
2.0596,3.1324,3
1.2733,6.2721,2
-3.5641,-4.8149,1
1.623,1.5904,3
1.8429,2.0215,3
2.9049,2.9582,3
0.011621,3.4857,3
4.5608,3.298,3
1.4032,3.0731,3
3.9677,0.098412,3
2.2431,1.8697,3
1.8901,4.9259,3
4.0668,4.1565,3
0.63896,-2.0247,1
4.4614,1.5873,3
-1.3282,1.3012,3
5.9826,7.2603,3
3.5087,1.9328,3
1.7358,3.8395,3
1.5253,1.6355,3
1.5235,5.5716,3
5.2962,2.7457,2
2.1651,1.6614,3
4.6532,3.2675,3
-0.53461,1.2541,3
-0.16644,-0.77251,3
-2.802,-5.211,1
1.4073,6.0408,3
4.8782,6.5619,3
3.3522,5.1342,3
1.2132,5.3579,3
3.5614,1.3144,3
3.796,8.0595,3
5.9564,4.6404,3
1.4974,-3.503,2
4.2783,3.9355,3
1.3042,2.9688,3
3.3052,1.5889,3
5.9938,6.768,3
0.32834,2.099,3
4.8249,3.4601,3
5.9361,6.125,3
4.0913,5.929,3
3.2691,3.2427,3
-0.38268,2.4033,3
3.3617,8.8527,3
5.3058,4.9201,3
1.7722,3.8423,3
3.0381,4.2037,3
1.3326,6.5945,3
6.1938,4.4868,3
3.562,5.9926,3
5.1347,4.9528,3
0.47625,2.7231,3
5.3802,1.2835,3
6.5295,2.4518,3
2.5901,-0.75682,3
6.7733,5.294,3
3.4085,2.173,2
5.0612,1.7573,3
1.8557,3.1215,3
-0.32325,1.9505,3
3.8986,4.0699,3
2.5337,1.3721,3
-2.7812,-0.34599,3
2.0719,1.595,2
3.6281,3.5548,3
3.145,1.8517,3
0.12906,-1.75,3
2.6475,5.0827,3
4.9469,0.0066276,3
5.8817,4.2055,3
1.5844,1.3089,3
5.0326,6.1823,3
3.913,3.9287,3
0.22251,-0.22003,3
1.6664,2.8908,3
-3.3753,0.093338,3
-0.48397,2.1444,2
4.7091,2.7279,3
3.5444,1.1678,3
-2.2737,-0.55245,1
1.0445,1.7142,3
4.6029,-2.7349,3
5.1341,6.2462,3
2.2795,3.708,3
4.4413,3.0393,3
2.0971,-1.5619,3
7.3218,6.0146,3
3.465,1.1907,3
0.036843,0.91668,2
6.6977,4.4144,3
3.6764,-1.5206,2
1.9523,3.1441,3
-0.84434,5.0049,2
6.0896,3.1913,3
1.3425,2.1624,2
0.79011,0.79381,3
6.3937,1.1032,3
2.7573,4.4202,3
-0.90829,-1.3912,1
2.8655,4.2758,3
2.4804,3.3413,3
4.6754,3.9446,3
2.3702,-1.7808,1
4.7599,3.4124,3
2.8938,3.1139,3
4.9736,2.7153,3
4.5287,5.8496,3
3.9155,2.5976,3
1.4307,4.6239,3
2.4534,-2.0386,2
4.4021,-0.83129,3
5.6843,4.7877,3
2.0413,4.0795,3
9.8023,5.4033,3
2.9865,4.9877,3
7.5694,2.3865,3
4.8672,4.7294,3
6.1954,-1.801,3
-0.030767,3.2324,3
-4.5136,-3.2265,1
4.8188,3.6821,3
2.1973,7.2631,3
0.070415,-1.4448,2
3.1625,2.7263,3
1.0715,4.0071,3
2.3029,3.3761,3
3.9617,6.7294,3
1.0146,7.3994,3
1.6586,3.6755,3
0.29632,2.2868,3
2.4323,4.1947,3
2.6454,2.0422,3
0.093272,-0.73385,2
2.8478,3.6994,3
4.6323,4.0014,3
8.2182,5.2343,3
2.7988,3.8985,3
-1.1469,-0.17761,2
3.5027,0.69842,3
0.16181,1.3809,3
6.0689,2.1121,3
5.2005,0.7328,3
4.9458,6.9894,3
5.3809,7.5325,3
4.1754,7.519,3
-3.2298,-2.7564,1
6.4796,2.5795,3
0.16974,4.2124,3
4.0795,-1.5981,3
0.32689,1.727,3
2.7979,3.8926,3
1.1374,5.1658,3
0.77023,1.6638,3
4.667,2.8223,3
5.9011,3.6834,3
4.5795,4.75,3
4.1568,5.1246,3
5.4662,5.0905,3
2.108,2.1911,3
0.11056,-1.1063,3
4.3635,2.7479,3
-0.7586,0.9689,2
2.5921,-2.9036,3
0.03042,6.1038,3
4.6176,3.8809,3
1.3582,3.3542,3
0.19308,4.6438,3
0.46131,0.60639,2
2.9516,3.304,3
0.51615,0.027606,3
-3.3255,-3.7999,1
6.1624,4.1513,3
4.1332,5.613,3
5.1956,0.41343,3
4.7664,0.62379,3
5.2854,0.21554,3
4.0348,2.8834,3
2.8311,0.69237,2
2.9348,1.9241,3
6.2413,3.5675,3
1.772,2.1448,3
0.9634,3.1423,3
-3.5455,-3.3628,2
5.6917,0.86312,3
-3.2553,-0.98795,2
3.6289,3.8825,3
5.0584,1.2449,3
3.2056,2.432,3
1.393,-1.5312,3
2.4071,1.7164,3
5.1739,2.3321,3
0.59043,-2.7782,2
4.4975,2.3027,3
0.75003,2.0583,3
6.2375,5.2287,3
3.8765,2.3554,3
-0.244,5.1504,3
5.4925,5.8257,3
3.288,5.7433,3
-0.21701,-0.95477,3
2.44,2.1173,3
-4.4761,-0.84079,1
-4.1207,-3.6229,1
0.38064,4.3399,3
2.6708,3.1802,3
5.1045,6.5947,3
-4.2934,-0.26383,2
7.9002,-0.14241,3
6.5552,2.7849,3
5.7173,2.1959,3
-0.96245,-2.1737,2
0.80019,1.6704,3
0.18903,1.9032,2
2.3473,4.9391,3
3.8186,4.2847,3
0.78821,4.0075,3
1.9195,5.2153,3
1.751,2.4746,3
3.5264,4.6878,3
3.0424,5.1971,3
3.2649,2.7603,3
-0.97844,0.92636,3
5.4896,7.2627,3
1.1931,1.0915,3
5.1719,3.3669,3
-0.80455,-0.56828,2
1.826,3.0204,3
-0.077649,-6.9144,1
-2.7461,2.6144,3
-0.1482,3.6142,3
2.2401,0.1988,3
4.6467,3.2497,3
2.7333,-0.8567,3
-1.8797,1.1576,3
-1.3442,-6.1659,1
3.8636,5.7942,3
5.8479,3.313,3
2.586,3.5511,3
7.3901,6.3301,3
3.5228,4.7648,3
6.3127,3.2408,3
2.8413,5.4389,3
3.6683,6.9729,2
-2.1034,-3.7968,2
-3.3282,-5.6165,1
5.0442,1.4418,3
-4.2248,-3.6722,1
2.9005,7.6334,3
0.75773,5.2607,3
5.6393,2.1987,3
3.6652,2.0006,3
5.1876,3.5504,3
2.3868,0.48585,3
4.1267,6.668,3
0.19615,0.58338,2
5.5051,1.8298,3
2.0741,0.68903,3
0.52018,2.3786,2
2.2553,3.7066,3
1.2336,3.1604,3
1.163,7.0058,3
0.16355,3.8224,2
4.3082,1.6543,3
3.8395,1.1351,3
5.7743,4.0933,3
2.0884,2.8168,3
5.3661,4.2819,3
0.46915,1.2496,2
0.32862,2.1622,2
4.0137,6.0638,3
5.7474,0.94321,3
5.3583,5.4474,3
1.9248,2.6318,3
3.6138,3.9954,3
3.6753,8.2346,3
2.9105,0.31718,3
1.5164,1.7433,3
-1.8282,-4.5113,1
2.8281,-0.87348,3
3.6393,1.3481,3
0.33174,3.863,3
4.0694,3.4351,3
1.3768,3.3952,3
1.3327,-0.96929,3
4.4886,2.6171,3
2.008,0.74578,3
4.4826,4.2864,3
-0.29456,1.6847,2
-3.0385,-2.9257,1
4.2401,7.277,3
1.706,0.9591,3
1.8637,1.6696,3
-2.0876,3.3355,3
1.3888,2.4261,3
3.1121,4.613,3
5.2611,5.8767,3
1.9656,1.923,3
2.6874,1.0961,3
-3.3381,-5.4584,1
1.8189,-0.12895,3
4.2546,1.9385,3
-0.30497,3.2845,3
3.7655,4.4883,3
5.5175,1.466,3
4.1718,3.3651,3
4.5619,4.5838,3
3.6111,-1.2692,3
-2.985,-3.3751,2
0.45025,-0.010102,2
6.2722,0.63118,3
-0.48184,4.3597,3
3.4479,2.1412,3
3.1629,0.65475,3
2.3194,0.10589,3
2.0629,-0.56392,2
-1.1415,0.89592,1
4.491,1.4222,3
-0.11405,0.7223,2
4.2405,1.692,3
2.2668,4.4319,3
1.7436,4.532,3
3.4302,2.1123,3
0.078854,-2.3148,3
3.6361,5.3731,3
3.4788,5.8584,3
2.3834,0.64044,3
1.0542,3.5988,3
5.2461,1.9993,3
2.5317,1.7799,3
5.2437,2.1238,3
1.8576,4.6009,3
3.6898,2.3926,3
3.1544,1.9161,3
3.9495,2.9574,3
3.9106,5.9023,3
7.4746,5.2518,3
7.0112,5.1715,3
1.7949,3.3963,3
1.2713,2.7382,3
3.803,5.1377,3
3.0661,3.5942,3
1.8685,3.8726,3
7.5375,2.808,3
2.1543,0.75534,3
-0.14625,-1.1842,3
-0.5097,1.8855,3
2.2446,1.8672,2
2.7012,4.4834,3
6.8249,5.334,3
6.0458,5.6966,3
3.9055,4.8338,3
1.638,1.5654,3
3.5494,6.5074,3
-0.21912,5.31,3
3.5253,1.8047,3
-2.7465,1.076,2
6.2553,4.8922,3
4.0752,2.047,3
-0.15855,2.5349,3
7.5185,2.4647,3
0.47923,0.73515,3
-7.077,-7.0265,1
2.67,0.30539,3
2.1088,4.2248,3
4.2404,3.0582,3
-4.79,-4.9961,1
3.7531,1.9957,3
4.7264,4.2153,3
1.0173,3.4177,3
1.028,2.4915,2
4.162,2.2016,3
-1.585,-1.8834,1
1.3999,0.39836,3
-3.4219,-3.5104,1
3.8498,4.9618,3
4.0777,5.703,3
6.3261,6.3332,3
5.6907,5.3676,3
1.3493,3.7017,3
4.4987,4.3017,3
7.6964,8.6872,3
-1.0811,-0.20581,3
3.9418,2.9764,3
4.5867,5.0367,3
-2.9936,1.3902,1
2.56,4.7664,3
3.363,2.2581,3
6.2364,-0.67917,3
0.9202,3.4132,3
3.6794,2.2014,3
3.0713,-1.561,3
1.1079,0.65267,3
2.896,2.7798,3
2.6772,4.2707,3
-0.88485,2.1658,3
1.1626,4.489,3
1.2714,2.1845,3
0.22196,0.21044,3
3.5568,3.1032,3
5.2449,-0.71111,3
3.5722,3.8437,3
-0.41871,-0.16831,2
-0.46825,1.5549,3
2.456,2.9666,3
-0.091445,1.0282,3
4.5735,1.0483,3
0.34764,-0.44924,3
-5.8192,-0.84353,2
-1.1736,1.8814,3
4.0068,3.8172,3
3.3276,5.8636,3
-4.9421,-0.24602,3
3.9699,1.0281,3
0.84755,1.1044,3
3.5119,5.9886,3
3.9956,5.284,3
-1.4773,-2.0133,2
4.788,0.33893,3
3.0918,2.852,3
1.126,5.314,3
2.624,6.5925,3
3.7671,5.8888,3
4.4061,3.2806,3
1.4109,5.4193,3
3.6137,0.68971,3
5.1363,4.9463,3
4.5667,8.4154,3
2.9302,1.0166,3
-1.6836,4.7939,3
2.5969,-5.9178,2
3.1729,5.1941,3
7.2007,1.8266,3
3.1227,2.2383,3
3.005,1.601,3
4.6255,2.4496,3
2.0296,1.5208,3
0.60459,4.9,3
-0.94838,3.9233,3
0.1754,2.3825,3
3.5301,5.087,3
0.459,2.4858,2
-3.2374,0.30163,2
-1.6538,-1.8857,2
3.2612,4.7997,3
-0.071383,6.2332,3
1.8158,3.1961,3
1.7316,0.47591,3
4.6436,4.9139,3
2.683,7.6272,3
1.4357,3.6463,3
3.0817,-2.0041,3
5.1177,10.37,3
4.1501,1.2698,3
-1.1123,0.53136,2
3.8441,4.2722,3
1.8716,1.0414,3
2.7053,3.6626,3
1.1613,-2.7273,3
1.098,-0.95349,3
-4.5978,-5.1611,1
5.3935,2.3512,3
5.9452,2.3256,3
0.10562,2.7991,3
3.5142,3.5517,3
0.65376,3.1721,3
0.39862,4.1127,3
3.5069,1.7944,3
2.4003,-0.23541,3
2.1568,-2.183,3
4.8586,4.7262,3
7.1981,2.506,3
1.0993,2.1307,3
3.8119,4.7472,3
6.0554,5.789,3
2.0968,4.9409,3
1.1509,3.7078,3
-0.93827,1.0996,3
-0.32633,7.9488,3
3.9735,4.4405,3
0.47095,4.8298,3
-1.1886,0.032931,2
6.3288,0.55252,3
-2.0095,4.6501,3
-1.3349,1.9839,3
1.6729,1.6011,3
0.72941,0.32248,3
2.289,2.4076,3
1.579,4.594,3
0.19275,2.8865,3
3.1493,-0.36127,3
-6.7372,-10.107,1
0.12794,4.8052,3
1.8373,2.7284,3
-0.42134,3.8264,3
2.558,6.1176,3
5.2024,2.7249,3
0.60669,-1.5667,3
-0.118,3.9204,3
-0.52613,-1.4212,2
-1.9599,1.3942,2
1.7477,2.4178,3
5.2709,3.6879,3
5.4161,5.7278,3
2.6468,1.8634,2
3.1703,6.0133,3
5.9299,4.9754,3
4.9747,3.3604,3
0.87758,2.7458,3
0.63665,0.41166,3
0.94208,-1.1906,2
1.1922,4.1209,3
-1.8916,0.56256,2
2.7341,1.6612,3
-0.57395,4.8953,3
0.050354,-1.9619,2
4.2408,3.3803,3
6.4294,7.6126,3
2.5669,5.5457,3
4.0039,-0.41314,3
5.524,4.6357,3
1.3888,1.6885,3
0.52909,2.7655,3
4.9216,3.6059,3
2.3537,4.2181,3
1.886,3.0831,3
-4.3735,-3.456,1
7.5394,-0.75456,3
6.0495,6.0196,3
4.1955,4.4902,3
3.7055,3.9897,3
7.8764,3.674,3
7.5384,2.2934,3
5.3016,1.7574,3
3.5084,3.571,3
0.44959,1.7944,3
3.7423,0.47392,3
-1.1764,0.50652,2
2.8388,-0.20985,3
0.77761,3.4692,3
2.2443,0.76263,3
0.37955,7.701,3
1.2424,1.24,3
3.892,0.0903,3
-0.7606,-3.2363,3
3.5927,3.2724,3
1.726,0.74517,3
-2.1756,-5.7838,1
4.6555,3.5682,3
1.908,-1.2086,3
2.2375,1.0852,3
-1.5271,3.7109,3
3.396,4.0391,3
-1.8724,2.4243,3
1.2803,1.4101,2
1.7263,0.37123,3
2.6175,6.6169,3
-0.23344,0.62561,3
2.3319,-2.2751,3
2.9603,6.3132,3
1.2562,3.6884,3
3.2756,6.9996,3
-1.0076,0.21693,3
-1.0374,-0.88047,2
-5.7607,-5.9109,1
1.955,2.327,3
3.1912,1.4343,3
0.57333,5.824,3
2.146,0.91475,3
-3.456,5.1678,2
0.64637,1.7838,3
4.6767,4.1648,3
0.91616,3.692,3
4.67,1.9983,3
-5.3784,-2.1953,1
8.5659,6.7921,3
1.2085,-0.047506,3
2.0665,4.1579,3
1.5851,-3.0559,2
0.63388,6.5401,3
1.6887,1.2955,3
4.4845,3.9964,3
3.5932,3.1266,3
7.2705,4.7202,3
0.94454,2.9795,3
4.8003,4.0787,3
1.7034,5.8451,3
3.2673,4.235,3
9.5709,2.3388,3
3.412,-2.9702,3
2.5039,3.8983,3
1.8803,3.3502,3
6.6383,3.2381,3
-1.3207,1.4435,3
3.5017,1.893,3
4.9484,5.4726,3
-0.74315,2.1707,3
4.4864,2.1805,3
2.815,4.2927,3
5.6169,1.5472,3
1.1621,6.365,3
-4.3867,-5.3351,1
2.6614,-0.0038896,3
3.2049,3.8115,3
4.4013,4.9589,3
4.5645,3.3865,3
4.8604,7.6789,3
2.9893,-0.35612,3
-0.41247,3.649,3
6.0374,3.1431,3
3.7819,1.2044,3
1.6867,-1.4081,2
1.509,8.4241,3
6.6233,4.3455,3
2.9767,6.1541,3
4.1742,2.7272,3
1.6,-1.9665,3
4.0005,4.1572,3
1.5833,4.9779,3
-5.1848,-6.6137,1
3.6629,5.9623,3
-3.91,-6.4266,1
1.8799,1.8023,3
-0.15423,1.5858,3
1.2884,0.48238,3
4.0852,4.6982,3
5.8072,4.7878,3
-2.136,-3.6828,1
0.04116,-0.16466,3
-1.9478,-2.9177,2
0.1521,1.307,2
1.117,5.9362,3
-5.9466,-3.2926,1
0.75125,-1.1543,2
3.8863,2.2075,3
4.7186,4.383,3
1.2112,2.471,3
4.1811,2.3709,3
2.9133,2.4025,3
4.5822,5.9852,3
2.9232,2.9118,3
3.6981,0.64632,2
6.014,1.8146,3
5.5521,4.6758,3
-2.9024,1.5706,2
-0.36333,-0.89096,2
6.9795,4.502,3
9.4982,3.1916,3
2.6299,-1.8295,2
1.8126,3.0283,3
1.9575,2.4225,3
6.7573,6.0694,3
1.3233,4.1745,3
4.1964,5.0537,3
4.3997,6.8388,3
0.049016,-0.54277,3
1.1151,-0.11766,3
1.6148,0.52718,3
4.059,2.9691,3
3.7812,1.005,2
-0.22818,1.9231,3
2.467,-0.39423,2
1.7115,0.54715,3
0.18095,-4.8423,2
6.6263,8.7253,3
3.8125,3.9869,3
1.7473,0.92502,3
-0.55997,-0.99647,2
5.3571,5.0228,3
3.9877,6.0548,3
1.4008,-0.050558,2
6.1416,2.4737,3
2.061,2.462,3
4.1214,2.7316,3
-1.8699,6.6583,3
4.3523,2.5898,3
0.81376,1.1009,3
5.6033,2.6636,3
2.9666,1.3603,3
7.8482,0.86078,3
2.4948,1.5441,3
1.7938,0.071023,3
0.26745,4.8487,3
1.0234,2.5576,2
9.4782,4.7088,3
5.9613,2.3288,3
4.1091,5.0186,3
5.3481,1.2407,3
6.6512,3.7834,3
4.0925,8.6427,3
-0.012311,3.5311,3
-0.92306,3.6082,2
5.9933,0.67976,3
5.7078,2.7216,3
-0.84822,4.0828,3
2.3862,-0.065205,3
3.0797,3.1014,3
2.8233,3.2178,3
4.5499,1.2282,3
-1.5679,4.5,3
6.8738,4.5769,3
6.796,8.5996,3
2.7668,4.6626,3
-0.33655,1.075,3
3.0143,3.8079,3
-1.8498,2.2075,3
0.25141,3.9273,3
2.1276,4.6789,3
3.7719,4.4326,3
2.9808,2.4973,3
4.0911,3.4436,3
-0.19431,2.6592,3
-0.010882,5.6438,3
3.9054,1.9645,3
6.5382,1.9575,3
2.0704,1.372,3
1.2494,7.1022,3
3.3174,-1.6194,3
6.0271,5.0985,3
5.9028,4.8087,3
-0.31341,1.7309,3
4.1922,3.4587,3
4.8321,4.3293,3
2.4369,3.8731,3
-1.1111,-0.11739,3
1.9668,5.6904,3
-0.80219,3.3384,3
0.147,-0.44912,3
7.5604,4.5417,3
7.6309,5.2124,3
4.4886,1.0641,3
1.6881,2.8665,3
2.5714,1.1775,3
7.2984,5.7442,3
-1.3471,4.7356,2
-0.16286,1.7236,3
4.9368,3.4493,3
5.2463,0.57943,3
-4.0523,2.5899,3
2.4759,5.419,3
1.2374,2.719,2
3.0916,1.4231,3
2.9297,1.7918,3
3.6392,2.4696,3
4.4077,2.5375,3
6.4793,-0.36246,3
-1.6425,0.30244,2
-3.9282,-2.3141,1
2.0626,3.2681,3
5.629,5.6832,3
0.55401,4.2239,3
1.638,2.7879,3
3.7414,5.328,3
0.13387,1.2925,3
1.9458,0.55996,3
3.9825,3.079,3
-0.36206,-0.25517,3
1.0433,4.1346,3
7.834,3.748,3
0.43717,3.3553,3
2.08,1.708,3
3.01,1.461,3
5.8948,3.4167,3
5.2202,2.4289,3
0.57553,3.8682,3
5.4097,1.3107,3
6.5561,8.4768,3
3.5231,2.4778,3
0.82371,3.0346,3
-0.11274,4.9967,3
-1.7104,-2.9982,2
6.8578,0.33186,3
0.82965,3.252,3
2.8056,-2.0072,3
2.0523,2.7427,3
-0.38079,1.1028,3
2.8386,-0.5532,3
6.6897,5.3289,3
1.0955,7.2055,3
6.5403,3.3899,3
3.6585,5.1874,3
0.45255,3.5339,3
3.9393,5.4443,3
3.8856,-0.72483,3
2.9315,3.8733,3
-0.30768,1.8172,2
5.5426,0.78119,3
-0.24746,3.4028,3
6.0423,0.27059,3
0.62226,2.2703,3
-1.6459,-0.62583,2
4.0676,5.3204,3
1.6981,-1.5895,2
3.0323,3.6752,3
-0.65159,5.0844,3
-0.1644,3.5684,2
0.57805,2.1505,3
1.9306,0.40614,3
-3.8939,-1.8942,1
2.5482,3.8337,3
3.3886,4.5442,3
1.5174,6.9385,3
5.5151,0.60606,3
1.8859,4.3786,3
4.413,3.1424,3
3.072,2.404,3
2.6284,3.8079,3
6.397,4.783,3
4.7367,5.7063,3
-0.55466,1.4611,3
6.7495,7.2797,3
3.8053,1.4499,2
1.5687,6.6012,3
2.1929,-1.243,3
1.1805,3.9973,3
4.5542,-0.2318,3
-3.996,-1.0568,2
0.64887,-2.4664,2
5.4481,-0.12111,3
2.385,2.1969,3
0.60952,0.90712,3
6.9093,4.0172,3
-3.7681,-0.8841,2
1.6186,4.0701,3
4.643,7.143,3
-0.23807,0.28178,3
3.5663,0.58532,3
3.3161,1.4727,3
1.5763,4.8098,3
2.7927,3.7068,3
0.87567,3.1802,3
0.16035,3.4938,3
4.2686,2.1899,3
-1.6494,0.82211,2
2.3547,0.40446,3
1.111,0.56233,3
4.0848,1.715,3
3.711,-0.12791,3
-2.2203,-0.59054,2
1.0703,4.1266,3
1.8676,2.9926,3
-1.7263,0.59751,3
-2.428,3.7895,2
-3.7356,2.1215,2
4.986,1.3576,3
0.16953,4.5894,3
-5.0643,-0.91452,2
4.1134,4.3895,3
-6.4057,-2.172,1
3.1989,5.1789,3
0.6393,0.285,3
3.6383,6.375,3
6.6514,6.9074,3
3.2592,6.4605,3
0.48689,0.92932,3
-2.0375,4.1235,3
7.7528,7.2324,3
-0.66812,-2.1143,2
3.4446,-1.2347,3
3.6743,2.592,3
-1.7666,1.1131,2
2.4803,5.1832,3
2.4516,0.63692,3
4.7559,3.4777,3
3.7631,3.4016,3
1.5574,4.9678,3
-0.73246,-0.1494,3
5.7271,4.3322,3
3.8002,0.057996,3
4.3647,3.1151,3
3.2071,2.9367,3
-2.0973,-0.77633,3
4.2136,3.3541,3
2.3044,4.3505,3
2.8358,3.8043,3
4.829,5.0815,3
0.59568,2.0835,3
0.3218,-4.3152,2
2.1029,8.3385,3
1.7301,1.2887,3
7.154,1.231,3
3.2851,0.37205,3
0.95549,5.0582,3
-4.4282,-1.2158,2
5.7919,3.2208,3
-1.915,0.82551,2
5.7896,8.1168,3
3.1733,2.3619,3
3.3073,0.21702,3
3.4036,5.2322,3
-3.0887,-3.371,1
3.3946,4.7514,3
1.6011,0.14236,2
9.8608,4.2676,3
3.5054,3.3774,3
7.7456,2.7253,3
2.7001,0.60059,3
0.82926,1.0038,3
1.0035,1.7266,3
5.8563,4.6137,3
3.876,-0.21914,3
4.9437,1.5028,3
1.4956,4.4304,3
3.0233,2.6603,3
3.1463,0.42366,3
3.587,5.1841,3
-5.0191,-3.7139,1
3.5039,5.6199,3
4.5631,4.1542,3
2.7684,4.8482,3
0.94825,-0.41946,2
-2.0928,7.897,3
2.6888,2.9829,3
1.0778,2.9911,3
6.5399,5.2784,3
-0.44051,-0.40882,3
6.0997,6.5616,3
4.4379,-3.7349,3
2.3271,1.1872,3
2.7081,4.7342,3
-0.31284,4.5104,3
0.0001605,-1.6589,2
2.5813,1.2038,3
4.7951,1.7149,3
4.2448,3.7494,3
6.3134,4.9394,3
3.9964,6.7938,3
3.488,2.4251,3
3.1314,4.9899,3
4.2273,0.6229,3
2.6508,2.3137,3
3.735,6.0208,3
3.3503,0.2404,3
-2.2147,2.2795,3
-1.8096,3.1479,3
-0.27502,5.8895,3
3.9948,2.8821,3
3.8416,4.6142,3
5.5413,1.7066,3
6.6284,6.0987,3
5.3174,3.3341,3
4.1858,4.8465,3
3.9851,2.2429,3
3.0093,4.3912,3
2.7716,0.12591,3
7.7719,5.0061,3
3.4287,3.2897,3
5.0105,0.33828,3
1.6792,7.3804,3
2.389,4.6999,3
2.8543,-1.9511,3
-0.74418,6.3972,3
2.4301,4.8548,3
3.7897,2.4891,3
-0.72358,4.2906,3
5.3,0.05721,3
-0.69458,6.3978,3
1.294,2.7138,3
3.551,2.5674,3
3.5966,5.8849,3
-1.9556,-1.1376,2
2.6399,2.4581,3
3.3101,1.2447,2
-2.3932,-0.7377,1
-5.1344,-6.2271,1
6.4384,5.8937,3
6.9323,4.7026,3
5.1244,2.349,3
3.7589,6.9147,3
4.4562,-1.123,3
2.4097,1.163,3
5.1777,3.5096,3
1.242,2.4684,3
2.3919,1.2718,3
5.1278,3.809,3
4.6236,3.5931,3
0.43644,5.7802,3
5.7252,2.0156,3
0.43489,-1.3604,2
-2.4936,-1.0061,1
6.0624,3.0131,3
2.1363,9.236,3
2.1369,-0.62097,3
1.9735,1.7591,3
2.5554,0.52161,3
3.1361,4.7474,3
4.3582,3.3554,3
3.9746,4.8628,3
4.1426,0.8873,3
7.2982,6.5681,3
2.8157,3.6708,3
1.5859,3.6913,3
2.8625,3.3714,3
2.364,1.7453,3
0.6344,1.3841,3
1.2158,1.6659,3
-5.2308,-1.3968,1
3.1749,3.5251,2
-0.84609,1.4458,3
4.2157,6.0089,3
1.0307,3.1179,3
7.4357,2.1978,3
-0.7161,5.6852,3
5.1288,3.2141,3
4.349,2.6537,3
-6.9461,-6.1149,1
-0.91911,2.0739,3
1.2252,1.092,2
-1.4472,-1.5407,1
2.661,5.3734,3
4.1218,3.2718,3
2.2286,3.6428,3
0.68862,1.0666,3
4.221,5.5633,3
7.3982,2.3191,3
3.7053,2.0248,3
3.2018,1.2851,3
4.4028,2.4218,3
6.6495,1.9582,3
-0.68237,0.49989,3
0.28751,4.8437,3
1.8915,2.9263,3
-2.4077,1.3231,2
4.7089,6.4027,3
0.55771,4.2776,3
4.6278,2.4741,3
0.79418,5.6675,3
0.28917,0.28402,3
0.48475,2.51,3
2.0691,1.4539,3
4.0733,4.5731,3
-1.2545,-0.66904,3
0.67318,0.12042,1
3.1532,0.93349,3
6.6646,1.3718,3
3.3224,4.7775,3
3.8357,6.1364,3
5.7449,5.1448,3
3.7107,-0.62194,3
-4.6002,3.9851,2
-4.4948,-0.19738,1
0.48216,-1.0493,2
2.2383,2.3238,3
3.253,2.099,2
2.6415,1.9251,3
4.9224,7.1589,3
1.2094,-0.091893,3
-1.1249,-2.2467,1
6.8968,2.8459,3
5.0232,7.2903,3
2.1523,1.096,3
3.6002,5.9658,3
2.2099,2.7149,3
6.6889,2.5118,3
6.3896,6.9054,3
0.01759,4.1671,3
1.3136,2.0453,3
3.6414,1.4959,3
-1.6717,0.96721,2
1.801,1.0105,3
2.046,3.0889,3
2.9003,3.6635,3
-4.6584,1.2652,2
-8.4199,-5.3502,1
6.634,5.6934,3
-0.95021,3.8266,3
-1.0113,3.4555,3
0.44798,2.5139,3
-5.2058,-6.0608,1
1.8525,3.4917,3
4.2201,-1.3064,3
2.1405,5.106,3
-0.8003,4.7244,3
2.9381,5.5395,3
3.4243,3.6789,3
-1.0607,4.3674,3
-1.3757,-0.16056,3
-1.2762,3.2358,3
5.5069,2.3317,3
3.9198,3.346,3
4.1386,-0.45882,3
-0.40282,1.4013,3
-1.7437,3.1317,2
0.71638,7.3696,3
1.5709,3.5291,3
0.27426,-0.89428,3
3.7034,4.7812,3
2.7562,2.4077,3
-0.24263,2.4799,2
5.2609,3.5015,3
3.161,4.3897,3
0.86325,3.7691,3
0.47866,1.1384,3
-1.6211,-1.0074,3
2.8978,2.1016,2
5.2726,-2.3574,3
2.4395,0.55984,3
0.052204,-2.6498,3
1.9158,1.6158,3
4.69,2.3787,3
1.475,3.6931,3
4.4133,6.5396,3
0.47067,-1.4793,2
4.3925,3.8456,3
3.8992,2.3263,3
-0.94322,4.1027,3
3.7663,0.35092,3
5.5565,5.584,3
-2.6658,-3.5839,2
0.088859,-0.38353,3
4.5118,3.0875,3
3.5922,6.7573,3
1.6982,1.8479,3
-1.9872,1.222,2
2.7921,1.5406,3
6.9223,1.8392,3
3.8547,1.79,3
2.2396,1.7618,3
1.5654,3.0746,3
1.3456,3.8404,2
-0.098955,3.0496,3
-1.7735,2.3938,3
1.2671,1.8356,3
4.0572,0.24389,3
1.4074,3.8688,3
0.67942,-3.7595,1
1.5245,6.7634,3
3.8317,5.0934,3
2.588,-1.2078,3
-4.73,-2.6243,1
1.6248,8.4536,3
7.2156,5.6106,3
3.595,-0.67539,3
2.2692,2.3427,3
1.6131,3.4651,3
-3.9183,2.0259,2
0.91507,3.312,3
3.5268,4.7504,3
1.2725,2.8324,3
-2.7156,0.36385,2
-0.66647,-0.21625,3
2.3278,2.7782,3
1.2176,5.9477,3
3.0632,1.6666,3
-4.1066,-2.0646,2
4.3545,1.851,3
3.1314,4.1818,3
2.8257,5.5219,3
7.7541,2.3947,3
3.6494,2.6977,3
6.3295,4.2409,3
2.137,3.6748,3
-1.3909,4.591,3
-2.1377,-1.1073,2
6.6602,-0.71797,3
4.2093,3.4722,3
6.8825,-3.1097,2
-4.4945,1.4266,2
3.2157,5.3684,3
3.1002,4.3701,3
2.4496,1.4502,3
0.69917,2.6325,3
-0.1849,2.8648,3
3.3031,4.2294,3
-0.47313,-2.0596,2
1.172,3.0793,3
-0.67517,0.84936,3
-1.148,-2.1397,2
3.5092,0.65152,3
0.71081,0.97375,3
3.3161,0.42524,3
2.7637,2.2975,3
6.7763,4.9779,3
-1.0074,-0.11605,2
3.8798,5.3921,3
4.0843,5.1891,3
5.452,7.3534,3
5.0918,4.6256,3
2.6388,1.2893,3
-3.6034,-3.1402,2
2.0912,3.4339,3
4.2665,3.3766,3
1.0332,-1.8082,3
4.0519,-0.63645,3
0.85156,6.4875,3
-1.8312,-3.464,2
2.858,1.4112,3
6.5942,7.6955,3
0.58432,2.2539,3
2.0636,3.1125,3
4.3373,0.12888,3
-4.0905,-7.1519,1
1.1126,2.8531,3
1.8934,4.3508,3
1.8149,4.7311,3
2.4899,1.5077,3
0.43012,4.5467,3
-6.6575,-5.4432,1
7.423,6.7759,3
1.9438,3.5735,3
-1.2228,0.17839,2
1.4398,-1.8259,3
4.5424,4.2212,3
3.2013,2.9391,3
10.783,3.2195,3
3.8116,1.146,3
3.6115,5.2079,3
2.1231,2.8404,3
-0.55255,0.225,3
-0.52452,-0.046933,3
-4.407,-0.14242,1
5.6582,4.6236,3
0.38753,3.7565,3
1.5233,3.655,3
2.9297,3.2507,3
3.6217,2.4677,3
4.9626,4.8072,3
3.2531,3.2492,3
-1.3572,-0.12444,2
2.5452,0.478,3
1.3898,3.0645,3
4.6809,5.8957,3
3.6519,4.5623,3
1.9064,1.6518,3
-0.39315,2.1408,3
0.98024,-1.1036,2
3.2169,2.7852,3
4.2667,5.6232,3
2.3411,-1.2853,3
7.0593,4.0448,3
2.5892,1.0198,3
3.5348,3.9712,3
5.023,3.5811,3
4.453,9.5371,3
0.57098,-0.095886,3
2.1767,5.2445,3
0.45015,1.03,3
-2.1358,-2.0641,1
-0.083856,1.3128,3
3.9887,0.24407,3
0.99917,4.518,3
-0.71857,2.1509,3
0.96268,4.9697,3
0.27296,1.4702,3
0.56802,4.5041,3
5.1335,4.0105,3
2.7487,6.7269,3
6.3759,2.4415,3
4.5066,2.6194,3
3.4985,2.9115,3
-1.5333,-0.96653,3
6.5146,4.308,3
-1.1662,-2.5635,1
-0.2233,-1.3279,2
0.30631,4.2592,3
6.4424,8.2886,3
-0.33481,2.3155,3
2.3126,1.507,3
5.0701,-2.4304,3
-8.1483,-5.4004,1
-0.46093,-0.19215,2
3.9641,3.4279,3
-0.17166,4.5341,3
0.89783,0.90221,3
2.071,-4.4028,2
-0.5309,5.0788,2
5.7411,5.8259,3
1.8574,2.5511,3
3.0994,2.3643,3
1.1989,0.77888,3
1.9016,5.0509,3
7.2045,1.4102,3
4.6516,5.687,3
-5.4258,-4.0201,1
2.0239,2.1976,3
4.658,3.8455,3
-2.8861,-0.072457,2
3.4019,1.2091,3
5.0316,0.65968,3
3.1134,2.1834,3
2.7093,3.7029,3
-2.1934,3.3345,2
0.31644,-0.45304,3
0.3688,3.0661,3
1.2327,1.9372,3
3.1564,-1.4522,3
0.31709,-2.6544,2
3.9752,1.4785,3
-0.055447,1.5553,2
4.0298,4.8191,3
0.28894,-2.2349,2
2.7348,3.509,3
4.9623,4.8245,3
7.3785,4.3469,3
-3.9417,-4.2752,1
4.3118,0.59476,3
3.7876,3.6564,3
6.0328,1.3869,3
5.4502,2.7688,3
1.1431,-1.0786,3
0.72217,-0.70847,3
5.9405,3.7291,3
4.012,-0.80544,3
4.0246,3.0304,3
6.1164,5.1645,3
0.56165,-0.47237,3
3.0287,3.5854,3
5.8018,1.5657,3
0.50825,-4.3309,2
5.1791,-0.46794,3
4.0175,-1.7891,3
0.5567,2.2246,3
-0.97215,-0.72007,2
2.6363,1.8742,3
4.5471,5.2929,3
7.2501,3.7185,3
6.677,0.097293,3
0.86212,7.308,3
-0.54585,0.86911,2
1.0132,4.5888,3
6.711,3.8679,3
0.4178,1.7871,3
3.5298,3.2308,3
0.35909,-0.49881,1
4.751,4.937,3
0.61277,2.4952,3
2.7156,3.5032,3
0.40442,3.7713,3
-0.94273,-0.96686,3
0.078915,-1.9661,1
2.3529,5.6626,3
2.5902,2.4223,3
4.0783,3.3714,3
1.9872,4.5597,3
5.1327,2.2633,3
2.2022,4.7943,3
3.6428,5.3956,3
3.7222,0.95608,3
-0.17346,-0.45336,2
8.1086,3.6951,3
4.3285,0.14289,3
3.8504,3.5701,3
1.4831,4.1266,3
-2.1946,4.6623,3
2.2629,3.4589,3
1.6581,3.7504,3
4.0706,2.5534,3
2.6623,-0.3157,3
6.5464,4.5301,3
2.1459,2.6211,3
2.0387,8.2384,3
8.7168,6.9593,3
1.2395,4.9472,3
3.7854,4.7727,3
2.1936,4.9604,3
3.5949,2.091,3
8.7721,4.9339,3
-0.053045,4.1364,3
1.47,2.8285,3
3.2358,0.27368,3
2.5108,7.2963,3
5.7117,3.0207,3
2.9532,-0.33575,3
1.0576,3.7566,3
4.5292,3.1494,3
7.3419,-0.012323,3
2.387,6.536,3
0.32515,0.18923,2
-0.59367,1.0353,3
5.0674,3.0063,3
3.9969,2.7644,3
4.0177,3.0492,3
3.8556,2.1126,3
-0.28328,-1.5582,2
-2.9309,-1.2295,2
-5.1371,-2.1506,2
2.1393,2.0196,3
2.4327,0.044728,3
-0.53644,-1.7087,2
5.3544,-0.96488,3
5.7253,1.7402,3
0.57671,1.6283,3
0.54577,-0.40396,3
0.088038,-0.47131,2
1.2118,-1.8717,2
3.9593,3.8319,3
4.8852,0.029403,3
4.837,1.2975,3
4.1508,3.935,3
6.234,8.5378,3
2.2211,5.6824,3
3.131,5.9352,3
7.0536,2.3629,3
6.8998,2.4747,3
5.6417,1.5521,3
-0.062885,-0.49881,3
7.5528,5.6055,3
-0.46974,3.9659,3
2.0819,4.6783,3
1.8043,5.1128,3
2.864,5.7134,3
1.0351,0.85172,3
3.2662,4.058,3
0.76983,7.919,3
6.025,5.2189,3
3.8272,6.018,3
5.8998,4.2564,3
-0.86416,-3.9693,2
1.2822,3.3147,3
3.2454,-1.186,3
4.5452,2.3303,3
3.5965,2.7446,3
5.8054,1.6462,3
4.3089,5.2597,3
5.5072,2.267,3
5.0374,2.4576,3
3.1224,6.322,3
6.3135,-0.5456,3
3.4687,4.7014,3
2.6586,2.0952,3
5.3639,6.8588,3
2.8672,4.1327,3
4.1346,0.98113,3
4.3058,0.76836,3
2.5238,4.3677,3
-5.8258,-3.6575,1
1.545,2.075,3
4.2539,7.9748,3
2.713,1.7661,2
4.7498,5.5352,3
-1.828,3.0447,3
-1.8245,-3.2451,1
5.7,3.5414,3
-3.7256,1.8675,2
1.768,4.7051,3
1.7869,2.9387,3
5.6194,5.2354,3
2.8927,2.663,3
2.4274,-0.71043,3
0.58853,2.6703,3
-1.0863,0.78835,3
5.848,4.6039,3
2.2358,3.0216,3
4.5807,3.2215,3
5.4875,7.7793,3
2.8295,0.93606,3
3.4653,4.7846,3
4.4218,1.1344,3
3.5626,1.2437,3
0.15752,3.6198,3
5.0478,-0.037996,3
3.3542,5.9583,3
1.356,4.3885,3
1.5498,3.4236,3
1.9041,1.8414,3
1.4127,2.7044,3
3.5348,5.0803,3
2.6115,2.118,3
3.0748,1.0127,3
-0.85564,1.5214,3
-0.10137,1.0684,3
-0.33768,0.29191,2
3.8113,6.2806,3
4.3457,6.721,3
-0.93899,2.7376,3
2.5759,7.7345,3
0.22562,0.91374,3
4.3074,4.7747,3
1.9558,0.29922,2
1.2285,1.8758,3
6.5532,2.7318,3
-4.4269,-2.2295,2
6.2664,5.5665,3
2.5329,-1.3019,3
6.5883,5.0648,3
3.798,4.2092,3
1.4505,0.65424,3
2.4285,3.9937,3
2.2079,3.1372,3
2.1081,2.9286,3
-2.6027,-5.0436,2
5.8253,5.3752,3
6.8599,2.2106,3
-0.084574,-1.1749,3
3.1628,1.1295,3
3.6216,5.1962,3
4.8253,3.55,3
1.5598,1.7827,3
3.5523,4.1116,3
2.4725,5.8288,3
4.2938,6.2203,3
-1.0099,3.03,3
3.4804,2.4586,3
-2.5581,3.7132,3
5.0224,-0.66989,3
0.75154,3.9493,3
2.0479,1.3184,3
3.0528,2.9972,3
4.1332,1.0989,3
4.8937,5.9842,3
2.3302,2.297,3
-0.48506,0.92664,2
3.5391,1.4845,3
-3.6545,-3.2132,1
0.12409,0.98716,3
5.2207,4.5734,3
1.5764,5.1848,3
3.6613,1.5994,3
-1.8106,-2.8651,2
2.0305,0.081856,3
2.7223,2.6594,3
1.13,3.9024,3
-0.53674,3.291,3
1.3269,0.76561,2
-0.91692,2.0716,3
4.6266,4.4192,3
7.3811,1.7578,3
2.084,-0.22682,3
2.4289,2.4112,3
3.7991,-2.5684,2
2.9072,3.914,3
0.93644,1.5176,3
2.9177,2.5266,3
5.31,0.72519,2
-2.8415,0.36999,3
1.4629,3.0831,3
1.5589,0.80576,3
5.887,2.629,3
8.9697,4.7348,3
1.9349,1.686,3
-0.7458,0.64281,2
5.7317,2.9467,3
3.4949,0.86812,3
4.1282,3.167,3
5.674,2.7222,3
2.703,2.9608,3
2.3851,0.024265,2
4.1711,4.3566,3
2.7816,1.3065,3
1.4574,1.4467,3
3.9588,-3.4031,3
9.2578,4.918,3
5.1899,0.7399,3
6.1317,3.0964,3
5.4786,6.842,3
3.2339,3.3041,3
-1.7818,-6.1349,1
5.1761,1.1186,3
5.8017,4.9143,3
5.1512,7.3513,3
5.7029,6.4211,3
5.8191,0.23044,3
-0.46656,1.3323,3
-1.0718,2.6985,3
4.9401,2.865,3
-4.5539,-1.119,1
4.3998,-0.5305,3
4.0847,0.45784,3
-2.0329,-3.4943,1
3.8969,1.4108,3
5.5756,1.1854,3
2.2433,2.4192,3
4.9511,1.0899,3
4.6163,-2.1078,3
3.2072,3.5212,3
-2.2443,-0.46293,1
2.9302,0.67551,3
2.1958,4.1983,3
1.1012,3.4553,3
5.4109,0.31805,3
4.2177,3.994,3
3.7595,2.0459,3
1.6487,3.1083,3
2.6943,3.3122,3
-3.2066,0.38333,2
4.914,6.2538,3
2.1342,1.19,3
1.7543,3.1344,3
2.7175,4.585,3
0.1467,5.5284,3
3.9044,2.1821,3
7.0925,0.3835,3
5.8879,5.1359,3
-3.9998,-2.8672,1
3.9814,3.1317,3
2.9062,2.2216,3
1.1637,4.4835,3
6.0304,4.6686,3
6.0016,3.005,3
-1.5869,2.3079,2
1.5042,1.9955,3
5.949,-0.2182,3
2.3049,1.945,3
1.8974,1.7443,3
3.7303,-0.33106,3
4.6285,1.4218,3
4.2409,3.4829,3
-5.3157,-3.6407,1
4.0714,-1.5364,3
2.232,2.222,3
2.8343,2.3892,3
0.53858,4.2031,3
-3.358,0.26495,1
3.3208,1.2085,3
2.5725,3.8594,3
3.0059,1.8566,3
1.7553,4.2642,3
3.8035,5.3814,3
-0.69946,0.74816,3
2.0788,0.66798,3
5.422,5.7451,3
4.3366,0.55335,3
0.28428,2.4453,3
1.2972,0.024656,1
6.2188,4.4568,3
3.602,2.9553,3
3.0424,0.26589,2
6.8834,4.7519,3
5.3832,2.8588,3
2.9918,1.8485,3
3.5773,-1.1624,3
5.3211,2.4459,3
4.9171,3.3385,3
1.4183,3.5761,2
2.9479,2.6327,3
-0.44602,4.4006,3
3.0597,-1.395,3
7.7573,4.4021,3
0.95678,2.5351,3
3.2069,1.778,3
-0.49431,-4.2964,2
1.0913,1.9479,3
0.45294,2.4076,3
4.4083,7.3315,3
-1.1496,4.4045,2
2.7242,-1.2505,2
-1.8115,4.1633,3
2.2082,3.403,3
2.3921,4.0482,3
6.6436,1.9328,3
2.5396,-3.1461,3
1.3892,0.7241,2
-4.2379,-4.4455,1
3.3941,1.1862,3
8.3477,3.4195,3
1.0733,4.047,3
1.953,2.8554,3
3.141,4.9172,3
1.6383,3.5312,3
2.7008,1.4529,3
4.975,7.5049,3
6.6825,3.535,3
4.7056,4.9625,3
3.7036,1.4654,2
1.3243,7.4948,3
3.9292,1.6276,3
-4.0433,-4.5954,1
5.4212,3.1796,3
2.294,0.81196,3
1.0242,-0.40604,3
1.2806,4.1655,3
-2.3528,1.4822,2
4.6425,0.52766,3
4.6957,4.4283,3
2.8049,8.9064,3
1.5545,3.2995,2
1.3068,0.088731,2
1.8211,2.3109,3
3.0743,7.2886,3
3.7966,2.0462,3
4.5168,2.6348,3
-4.9537,-1.3984,1
3.5505,2.1991,3
1.6776,3.1007,2
1.8064,-1.4827,3
4.2663,4.9747,3
3.6581,4.5095,3
3.1825,2.9477,3
4.1439,-0.34464,3
1.0007,3.0491,3
-0.0068723,2.8306,3
4.5325,3.088,3
5.3036,4.42,3
3.7846,0.90352,3
2.3235,4.1746,3
4.2668,2.362,3
6.2612,3.0503,3
2.4523,3.1806,3
-0.09556,2.1136,2
2.2986,4.1098,3
-5.8054,-4.1415,1
4.6246,-0.27503,3
1.8689,1.385,3
-4.1086,-2.2542,1
3.6963,3.2321,3
-0.17985,3.2458,2
3.7029,1.743,3
5.909,1.5328,3
-0.79806,5.1725,3
2.6122,2.2074,3
2.7825,3.9048,3
6.678,5.2576,3
3.5802,2.0473,3
1.6324,1.5725,3
-0.96481,0.0032139,2
2.0492,-1.3819,3
4.8043,1.4535,3
1.6179,0.93103,3
0.044151,0.0436,3
5.4034,6.7389,3
5.2206,6.7143,3
1.5378,2.1068,2
5.6499,2.7257,3
4.6777,2.5737,3
3.3758,-0.36513,3
4.4133,3.7932,3
6.0236,4.8248,3
3.1435,2.5565,3
2.7537,5.1981,3
2.3741,6.7249,3
2.2451,5.4013,3
2.1474,1.9686,3
1.5165,3.4418,3
3.2781,-0.27343,3
2.4844,3.7083,3
3.2277,3.4822,3
1.5485,1.1421,2
4.3026,7.2218,3
-0.64222,2.4203,3
0.36012,2.3629,3
2.8823,-3.8848,2
1.2491,0.58854,3
4.4655,3.8351,3
7.0178,7.7824,3
3.427,2.4895,3
-4.4079,-4.8901,2
-6.8353,-5.6116,1
3.2367,5.632,3
4.8081,7.7785,3
1.9882,0.92268,3
2.7208,2.0189,3
1.2719,0.51992,2
-1.6189,-0.32218,2
0.26191,2.9634,3
6.122,1.6985,3
5.3269,5.3176,3
-1.4747,4.035,3
0.87904,3.3712,3
2.2734,3.0881,3
1.6215,2.1764,3
-0.94839,1.7418,3
4.0844,6.1889,3
0.57541,4.1186,3
3.8571,3.3237,3
4.6446,2.0574,3
4.8157,5.3779,3
4.821,4.1608,3
4.5059,2.0768,3
5.4089,2.896,3
3.6141,3.5534,3
1.6956,1.8456,3
-0.77145,-5.2484,2
1.4099,2.3285,3
4.8197,3.9672,3
5.0037,3.1359,3
2.4798,1.3258,3
4.7279,4.0368,3
3.7285,-0.43837,3
0.90105,-3.0714,2
-1.7494,2.8436,3
3.9467,-0.34286,3
2.7216,5.7361,3
2.5902,7.143,3
1.5121,2.0751,3
6.0934,5.7367,3
-4.3447,-2.8383,1
4.0037,1.5321,3
5.4533,4.3886,3
0.7934,1.8361,3
1.7358,4.241,3
5.982,-1.3056,3
2.0707,3.1155,3
0.68156,7.9539,3
4.0095,4.5488,3
0.71194,1.8169,3
3.9449,2.7245,3
3.6603,1.117,3
3.4429,6.511,3
0.67548,-1.4659,1
0.81903,1.2342,3
1.822,2.0303,3
2.4581,1.0744,3
2.6572,3.0104,3
6.2631,4.0847,3
0.8236,0.39001,3
-2.1927,3.7509,3
4.7759,2.24,3
4.0546,3.7356,3
3.0998,4.6096,3
0.8089,3.2586,3
5.8049,5.0188,3
7.7742,0.67224,3
1.5275,2.6835,3
1.9403,-0.36859,2
0.15077,2.121,3
-0.29932,-4.4141,2
1.0238,2.7063,3
1.7715,-2.5502,1
3.4883,3.5831,3
4.0481,4.1171,3
4.926,2.0347,3
2.3626,-0.27408,3
6.4833,4.9317,3
4.5005,6.2655,3
-0.14156,2.9864,3
-0.55786,4.0878,3
0.27109,2.8622,3
1.5882,3.7553,3
2.9667,8.8945,3
3.8108,2.23,3
0.48056,1.7862,3
4.4047,4.0195,3
1.1867,1.1107,2
4.8238,3.1225,3
5.9368,6.8227,3
-0.38392,4.6199,3
2.9295,5.4269,3
4.4225,3.9714,3
3.6539,5.4459,3
3.8424,2.5589,3
-0.21187,-0.21875,3
3.3903,6.8443,3
2.4005,3.016,3
4.6357,-0.13528,3
4.5321,1.8586,3
3.8071,4.5197,3
1.0562,5.4936,3
6.2125,3.9969,3
-1.3323,-2.1612,2
3.6806,3.1348,3
4.3256,6.8896,3
0.92337,0.99756,3
4.1354,3.3351,3
0.31688,5.7439,3
1.6344,5.1483,3
6.8563,3.3638,3
3.4182,4.177,3
1.8396,-2.3909,3
4.0277,4.4218,3
1.0927,7.3628,3
-3.8121,-4.1289,1
2.1802,4.2334,3
0.69367,1.9895,2
3.6103,1.0398,3
-3.5994,-0.40313,2
6.1199,0.64308,3
5.2367,0.021142,3
0.36441,2.1749,3
0.55671,2.533,3
-3.8335,-3.3665,1
-1.0171,2.2498,1
0.93169,4.2163,3
1.1805,-1.761,3
5.1476,4.8752,3
0.44004,2.4214,3
-0.58522,2.8713,3
2.6937,2.609,3
-1.7306,2.6301,3
2.6549,2.9102,3
4.6246,5.3118,3
3.1166,2.1831,3
2.7731,4.2085,3
-2.5437,-1.3922,1
0.35954,3.4771,3
2.4558,4.3695,3
8.0613,4.5047,3
-0.54292,-1.8772,1
3.8121,5.7233,3
2.2842,0.92202,3
1.1695,3.9209,2
3.3198,3.9602,3
0.69789,0.12122,2
4.0541,1.8701,3
3.9794,2.5641,3
2.9067,5.2882,3
3.3345,1.6004,3
-0.33903,-1.7959,1
2.3572,2.2091,3
5.7384,6.3875,3
1.3322,0.55807,3
4.6237,-0.61006,3
3.0532,3.3609,3
2.5836,2.7605,3
5.4356,3.9052,3
1.6555,5.3546,3
-4.0376,-3.5574,1
5.8745,1.6496,3
4.8492,7.8348,3
2.7841,6.4733,3
4.5791,4.7482,3
-0.9256,0.12698,3
4.2361,-0.2729,3
3.5346,3.6503,3
4.4541,3.2566,3
4.3499,6.2274,3
4.4053,0.058414,3
1.9282,1.2507,3
2.3507,1.5396,3
3.936,5.331,3
1.6016,1.8343,3
1.2755,2.6487,3
-0.4998,-1.1781,1
-0.44674,1.1893,3
3.1042,2.8169,3
-1.4113,-1.4722,2
6.0222,2.4498,3
0.73701,1.7587,3
4.7971,3.4365,3
5.9339,4.0082,3
4.0249,0.58806,3
2.674,4.1665,3
3.4514,2.672,3
2.2414,5.2257,3
0.81007,3.5788,3
2.2252,3.8824,3
-0.12502,7.1728,3
1.7699,5.3434,3
7.0583,6.9923,3
4.9164,3.8017,3
-1.3254,1.4068,3
2.3045,3.383,3
5.5585,6.8295,3
5.7287,6.732,3
-0.61528,3.4462,3
4.0903,5.5567,3
4.0728,8.3506,3
0.36394,-0.56119,2
3.4605,2.2246,3
4.0344,2.4391,3
4.2195,0.83468,3
-1.4551,1.3997,3
0.86922,2.7935,3
5.6931,2.4748,3
1.1907,0.9105,3
-1.3972,-1.0107,2
2.1284,5.175,3
1.9735,2.3514,3
3.0377,1.3237,3
6.0155,1.8229,3
6.0026,3.7916,3
3.8271,0.32302,3
2.0722,3.8474,3
-1.4811,2.5302,3
0.81201,0.46632,2
4.0255,0.0074782,3
7.3097,5.8264,3
3.3787,1.7512,3
4.5666,5.2413,3
0.84463,3.2475,2
2.64,2.1601,3
3.6508,-5.3746,2
4.8943,4.1451,3
4.8436,2.6504,3
1.7782,4.9565,3
6.7929,6.9645,3
3.6468,5.4636,3
4.0858,5.853,3
0.6533,5.6179,3
2.2769,6.5609,3
4.2234,6.82,3
2.6243,6.14,3
3.4096,2.9049,3
5.4005,1.4325,3
5.9943,1.2508,3
3.9274,2.1667,3
6.6852,2.9333,3
3.8793,2.8645,3
1.466,3.333,3
8.0627,9.5997,3
4.6737,3.5188,3
5.4019,3.0716,3
3.4247,-0.13739,3
0.23134,3.9611,3
5.1501,0.43319,3
5.8977,4.5685,3
2.3754,3.2576,3
-0.70119,5.5736,3
4.9488,3.2243,3
1.8017,2.8168,3
3.1274,1.6959,3
2.4791,4.7549,3
2.8368,-0.506,3
4.9498,2.5594,3
-1.8729,-4.8867,1
5.4807,0.57311,3
3.2641,1.3226,3
0.76834,7.7387,3
-6.1401,-0.65541,1
1.9561,5.529,3
3.0177,0.9297,3
3.2718,3.4364,3
-0.54159,3.6672,3
3.0353,8.6763,3
8.0052,3.3324,3
1.9927,3.2652,3
1.7618,0.1091,3
3.336,3.3423,3
2.5632,-0.76774,3
1.5874,3.5153,3
0.80574,-4.101,3
-0.29484,1.9767,3
-0.46613,4.232,3
2.4601,3.5099,3
2.3433,4.8975,3
0.47344,-0.47959,3
5.1966,2.6862,3
2.6519,5.7599,3
-0.043268,2.7716,2
3.4508,4.3855,3
3.079,6.8491,3
3.3557,5.1368,3
5.1437,2.7941,3
4.4775,1.8971,3
1.3882,5.9411,3
3.8412,2.612,3
4.2378,0.97973,3
-0.2212,-1.9971,3
1.9945,2.6066,3
7.6606,4.5738,3
-0.94177,5.2032,3
-5.018,-2.1499,2
7.762,5.3058,3
2.5019,1.2942,3
3.5939,1.7782,3
-4.527,-3.8673,1
-1.0127,1.7065,3
2.8598,4.6318,3
0.42827,3.2996,3
5.3772,7.8118,3
1.5137,3.4993,3
7.1216,5.7849,3
4.2346,4.4414,3
2.8243,0.6678,3
4.1064,5.7153,3
3.8907,4.4595,3
-0.019297,3.6002,3
3.5444,3.2981,3
3.5561,3.4119,3
1.8838,5.9091,3
-1.0611,-1.4912,3
5.2506,4.5647,3
5.8249,3.7858,3
3.0442,5.3175,3
3.5203,5.4712,3
4.7396,3.0363,3
2.0503,4.6062,3
-0.46923,4.0875,3
-4.8332,-4.4403,1
1.3747,3.9251,3
1.82,4.1638,3
-2.259,-1.7971,1
0.075672,0.83909,3
0.72138,0.99624,3
1.7762,2.7637,2
5.9187,-0.20061,3
4.8922,6.3248,3
-0.68041,1.5786,3
2.6911,2.4063,3
1.4642,3.7709,2
5.1042,2.2632,3
2.0649,2.564,3
3.651,6.5805,3
5.0175,2.0977,3
2.1853,-1.584,3
2.4792,0.31754,3
-0.12402,2.2052,3
1.573,2.6696,3
5.3779,5.0619,3
4.3118,3.5882,3
2.8573,1.9184,3
0.80703,1.7063,3
3.2944,1.3625,3
2.8368,-0.90623,2
-2.7711,-2.9004,1
2.4107,-2.7552,3
3.2591,2.9922,3
2.201,3.8173,3
5.3993,4.5246,3
3.9643,2.41,3
-2.2099,0.091548,1
4.4474,4.5467,3
7.8385,4.4048,2
-0.64741,-3.4292,2
5.4599,8.396,3
2.0676,1.1758,3
4.9942,1.3918,3
0.98911,-3.757,2
1.4747,4.9059,3
1.7533,3.649,3
4.824,2.0389,3
4.3736,5.0305,3
5.1975,5.8201,3
1.275,2.5216,3
5.3678,2.0651,3
7.2259,1.7553,3
4.3774,3.4419,3
2.7373,-1.3354,3
6.5786,5.1708,3
4.397,2.084,3
-1.918,-0.93854,2
-1.332,0.33486,2
4.6576,3.0128,3
-5.6967,-2.8695,1
-3.0265,-0.041286,2
0.91896,-1.8979,3
-7.4059,-3.3923,1
-0.38694,2.2503,2
1.7611,1.0387,2
1.3313,3.7503,3
1.6557,4.9987,3
-3.1519,2.2733,2
3.5515,3.5528,3
5.9569,2.8303,3
5.0188,4.2548,3
-1.8918,0.40251,2
2.7684,3.565,3
2.8109,0.13782,3
0.17424,0.49075,3
6.3747,4.2849,3
2.4711,6.1667,3
1.2796,2.5455,3
4.2563,2.6956,3
2.6231,2.8252,3
2.2229,5.2315,3
2.7736,5.9779,3
5.6038,3.3265,3
3.5784,2.7644,3
3.5826,0.014633,3
3.3457,-5.1979,1
2.2385,-1.8209,3
-5.5139,-1.0426,1
-0.10688,4.0715,3
1.5402,3.034,3
2.6896,5.103,3
2.5947,4.579,3
3.6196,1.5634,3
5.406,6.2082,3
2.7791,0.26169,3
1.5006,4.948,3
0.29539,1.8583,3
1.1312,3.1629,3
7.1744,1.1434,3
0.20104,0.86569,3
-0.39289,1.0643,3
-1.6842,-3.2292,3
-0.45488,2.0065,3
4.3929,3.4794,3
4.6677,1.7104,3
3.3489,5.7545,3
2.2285,3.6705,3
3.262,3.2679,3
4.2783,6.1354,3
-2.9901,-0.65324,3
2.6909,-0.38525,3
7.6559,4.0446,3
3.7225,-1.0223,3
3.5257,1.4676,3
1.0112,2.167,3
-1.4098,-2.2099,3
7.6568,3.1416,3
4.7634,2.2504,3
2.9363,4.5066,3
4.938,2.911,3
6.0566,4.378,3
0.50419,-1.9813,2
1.6035,5.7354,3
-0.041743,4.4501,3
5.661,5.2684,3
3.9208,4.0916,3
7.1071,1.1721,3
-0.88366,4.0141,3
5.4284,5.0726,3
0.47441,4.8627,3
3.2216,2.3758,3
4.9044,1.6765,3
-6.299,-4.2834,1
1.8438,0.88522,3
6.4496,1.4282,3
4.7789,2.6137,3
7.1188,2.7035,3
1.2508,2.1576,3
3.5697,6.565,3
1.4903,3.2439,3
1.4208,4.1862,3
4.7868,3.9679,3
2.4714,4.5294,3
2.9665,4.3051,3
3.7754,1.3841,3
3.5267,2.8999,3
5.4789,3.6464,3
5.5064,5.4181,3
0.69148,4.2266,3
-5.3537,-4.6245,1
3.1629,4.1507,3
1.0561,4.9027,3
2.569,4.2961,3
8.1544,2.0948,3
2.5294,3.5379,3
6.0163,3.3206,3
1.4542,-0.86603,2
1.5308,5.4974,3
2.0864,0.71428,3
0.84204,6.7104,3
-2.7114,-0.18334,1
0.18428,0.24822,2
3.4791,3.5687,3
0.60525,0.61796,3
5.0449,5.2555,3
3.7552,0.62572,3
5.0493,4.546,3
2.1666,5.7601,3
3.9759,1.619,3
5.6487,2.9928,3
4.9258,-1.3587,3
0.52353,2.8476,3
2.3748,1.3807,3
2.2841,4.7991,3
7.165,2.4414,3
3.1938,3.7067,2
5.6342,6.5623,3
4.4274,-1.1519,3
2.3482,4.5286,3
2.1362,5.1942,3
3.2999,3.5065,3
3.6664,-0.013781,3
-2.7704,-0.11189,3
3.756,7.3971,3
4.8868,3.7761,3
4.3367,3.078,3
3.8392,4.5626,3
-0.0032652,2.9548,3
3.2032,5.3585,3
5.5078,2.7495,3
-3.0753,-5.5331,1
5.8061,7.8471,3
-2.5435,-3.9054,1
-2.2697,2.5229,2
5.307,4.1419,3
2.0289,4.3129,3
-2.6735,-2.939,1
7.5985,3.4822,3
3.1934,3.0247,3
2.4162,3.3312,3
-0.08306,1.6834,3
0.45315,4.8436,3
-0.41022,3.4108,3
8.8108,5.1916,3
7.8968,2.61,3
4.6735,0.86246,3
5.0505,3.572,3
2.511,-1.1213,3
4.2841,4.324,3
3.4933,3.3518,3
4.7076,5.1792,3
3.0648,2.6432,3
1.796,2.4726,3
-0.92029,2.8753,3
0.16306,2.1079,2
3.5912,4.0755,3
6.7727,-0.5935,3
7.5428,-0.65401,3
4.9021,1.3729,3
4.7126,1.6454,3
3.9381,4.9856,3
4.2475,0.6572,3
5.8644,4.733,3
2.4416,3.5983,3
1.2691,2.1846,3
3.3064,2.4829,3
-2.3327,-2.9921,1
2.8519,7.3056,3
1.4355,4.9482,3
4.665,1.5593,3
0.12943,5.1824,3
0.9753,2.3755,3
5.2854,6.199,3
2.6119,3.0843,3
4.3732,4.2346,3
4.6877,1.0579,3
3.3445,5.6981,3
1.9763,2.7876,3
2.5266,-1.8019,2
3.4649,4.4505,3
0.96491,1.8689,2
4.6536,-0.088782,3
0.72965,-1.0808,2
3.4683,0.96078,3
3.145,2.5557,3
2.0591,-0.63794,3
3.9355,3.975,3
2.4045,2.0749,3
-3.5341,3.7826,2
-4.3059,-3.1415,1
4.4883,1.1918,3
2.3215,4.3775,3
5.6948,5.4597,3
2.92,-0.37253,3
5.6174,2.6188,3
4.1497,0.44404,3
6.6805,2.6493,3
1.1519,0.72888,3
2.4875,1.8627,3
3.7523,4.2097,3
-1.5194,-4.3043,1
2.2955,3.7097,3
1.7946,0.33376,3
3.4837,2.7606,3
2.0653,1.837,3
4.3907,-2.7487,3
3.0739,2.1496,3
-0.20821,-0.81452,2
4.2013,3.5763,3
-2.9597,-0.093524,3
4.8345,2.5229,3
-0.78332,1.1001,2
6.6533,8.0523,3
1.0083,2.1631,3
4.4022,2.3646,3
-0.81302,-5.7301,1
0.11147,0.84058,2
1.6614,3.9371,3
-1.3739,-1.0164,3
5.0339,2.7315,3
4.0118,4.7676,3
2.6165,3.2149,3
3.1337,2.2767,3
5.8026,4.8351,3
0.060271,0.1039,2
-1.6986,1.5517,3
4.3234,1.2438,3
2.7796,-3.6902,3
0.25474,-1.5635,2
1.8272,2.4454,3
0.97631,4.1669,3
2.9737,5.4048,3
4.5254,1.7445,3
6.8407,8.418,3
2.0325,1.4987,3
4.6313,7.1933,3
2.4926,-1.5756,3
-2.5583,-0.44225,2
1.6224,1.2322,3
0.53244,1.1957,2
1.3101,1.2577,3
3.3529,3.691,3
3.7014,1.467,3
3.0837,7.4537,3
6.1127,2.6208,3
2.8126,1.7885,3
4.1253,7.2993,3
4.8351,4.1004,3
1.3496,6.8397,3
5.3982,3.56,3
5.8812,4.2693,3
0.080825,1.747,3
-0.71414,2.9309,3
3.9697,3.0845,3
2.5346,5.4671,3
0.74549,5.4293,3
4.265,2.7908,3
1.6652,3.2092,3
3.503,1.5312,3
0.68797,-3.0293,2
-1.4789,1.1885,3
2.2226,-0.12739,2
2.7508,2.3387,3
5.8964,3.5029,3
2.29,4.7187,3
1.7834,3.7705,2
-1.905,-0.77007,2
3.9148,4.9994,3
-3.0393,-4.3972,1
-1.5118,1.8899,2
-0.30643,0.50432,3
2.9279,1.4107,3
0.98894,5.5448,3
5.336,5.8742,3
0.07736,-0.12443,3
0.0099162,4.3971,3
-4.0816,1.6107,1
5.5702,3.9842,3
5.9324,1.0386,3
1.5877,2.4532,3
1.6199,4.6075,3
2.0831,-1.4833,3
3.358,-0.52912,3
1.3016,3.3539,3
5.5964,3.629,3
3.3157,1.7582,3
4.5235,4.2085,3
3.4252,1.7766,3
4.8956,0.54479,3
-0.44042,-0.4667,2
3.624,2.8071,3
8.4081,3.2796,3
-2.9403,-2.7863,2
0.84991,4.5338,3
3.5202,3.8819,3
2.9184,1.7471,3
4.5977,0.71971,3
-0.34932,3.2122,3
-1.1253,-1.1367,2
3.7422,3.2487,3
-0.67356,-1.7619,2
0.1669,2.4727,3
-1.063,-3.5646,2
4.0534,8.0437,3
1.6163,0.57337,3
2.7313,3.1299,2
3.9314,-0.62533,3
3.0052,6.5757,3
9.1686,1.0339,3
-1.9628,4.0417,2
-0.26539,1.2093,3
3.4325,1.6509,3
1.3011,1.7657,3
3.8698,0.5804,3
7.0089,5.0361,3
5.1592,4.334,3
0.27113,3.0801,3
1.3016,5.3176,3
5.2874,4.7161,3
-6.7543,-5.3575,1
4.4982,0.6465,3
4.9597,5.4552,3
-0.76765,2.1899,3
5.2421,4.5434,3
0.81608,1.6074,3
0.21449,2.8598,3
5.394,3.7414,3
5.0826,1.8355,3
2.7142,4.0932,3
0.59248,3.0248,3
3.7643,3.3671,3
5.9047,0.15532,3
0.39395,4.2205,3
5.0544,2.8781,3
7.9224,2.9948,3
0.31763,1.1715,3
1.9931,3.2756,3
3.4933,3.2766,3
3.0145,3.1935,3
-2.5136,2.1882,3
0.90375,2.8562,3
3.3631,4.8943,3
6.567,7.505,3
3.8767,3.503,3
1.401,4.3611,3
0.11056,-2.057,2
4.5726,0.92797,3
3.9055,0.45612,3
4.557,4.6104,3
1.2134,2.5742,3
3.8177,5.3674,3
-1.3307,1.3037,3
-3.6902,1.7542,3
5.5234,3.1522,3
2.911,6.078,3
1.8162,-2.8291,2
2.7846,0.046532,3
2.9246,3.1818,3
2.5337,5.5274,3
1.1323,2.841,3
2.1265,-0.49254,3
-3.3849,-1.5398,1
2.7096,7.3663,3
-4.4438,-2.7887,1
-0.80168,4.946,3
4.4823,2.8611,3
-0.40756,-4.436,1
2.0727,3.0377,3
2.3496,4.5215,3
6.438,5.5996,3
1.896,4.5605,3
4.7969,2.0229,3
2.3264,1.2742,3
0.087883,1.4735,2
5.7459,4.1392,3
-1.3152,-0.21656,3
-0.083463,0.039297,3
4.3014,4.3662,3
-1.0162,-3.7957,2
3.0023,2.4392,3
2.1631,2.6972,3
2.8846,1.5545,3
5.7382,4.1002,3
7.466,3.5562,3
2.0265,3.6678,3
2.6673,1.1864,3
5.6458,2.8981,3
5.5198,5.7714,3
-6.1025,-4.6935,1
3.7211,5.4081,3
0.8923,8.7492,3
-1.5419,2.2761,3
7.6665,4.98,3
-1.2846,-0.72736,2
0.15312,5.2462,3
-1.213,2.0687,2
3.1753,1.7367,3
2.3441,-2.0896,3
4.2277,4.7346,3
3.9718,2.9524,3
7.4752,4.1201,3
1.755,3.0243,3
4.4836,-0.41448,3
-0.88965,0.86998,2
3.2848,3.3245,3
-2.0163,0.82303,2
-1.8019,3.3433,3
1.2381,3.5196,3
-0.69378,-2.705,2
0.29869,3.5906,3
3.9455,4.5996,3
3.1574,4.6994,3
0.031438,-2.4123,2
2.2449,2.9663,3
2.2155,1.7885,3
-0.10189,1.812,3
-1.4757,0.41765,3
5.0464,4.2848,3
2.6268,1.5067,3
0.86298,-0.31006,3
1.9306,2.4449,3
-2.3583,-3.1714,1
0.30403,3.7698,3
3.3401,2.5412,3
2.2514,4.285,3
3.317,2.3905,3
4.0254,3.9225,3
3.1396,8.0223,3
2.5563,1.631,3
0.19788,1.685,3
0.38596,4.1161,3
5.5552,5.8522,3
1.8791,4.0534,3
5.7942,6.7712,3
4.076,1.2946,3
0.8866,2.4743,3
4.4288,3.9183,3
3.8679,5.5235,3
3.6584,2.8869,3
3.1454,1.7131,3
7.0768,4.8533,3
1.5942,4.292,3
-2.9365,2.3719,2
6.5103,4.8519,3
2.3348,5.9265,3
1.396,1.7274,3
1.7523,-0.51926,3
5.9718,2.3712,3
6.2768,0.93948,3
3.7266,6.0894,3
-0.59246,-0.45024,3
5.4283,4.4515,3
3.3204,5.4552,3
-5.3303,-2.667,1
-1.024,0.27425,2
2.0391,2.1781,3
2.7319,1.677,3
5.5075,2.8063,3
2.6121,7.1522,3
2.0361,6.3189,3
-1.2775,2.8952,3
3.9382,-0.98578,3
0.96085,-0.68194,3
1.8722,-0.94913,3
0.76995,5.4067,3
1.6894,2.5099,3
4.6707,4.2519,3
3.0103,2.7538,3
5.3641,3.7166,3
0.36527,2.0489,3
-0.79637,0.34585,2
3.4016,-0.64209,3
3.9959,4.096,3
9.7119,7.747,3
2.7607,4.6277,3
2.3464,3.6355,3
-4.7212,-5.0677,1
4.7612,6.8072,3
3.8848,4.1807,3
4.086,3.6225,3
3.9829,3.979,3
0.32394,-0.092707,3
4.5687,1.1002,3
3.3139,5.4976,3
0.40053,1.9518,3
0.3202,4.0854,3
4.2832,2.8066,3
3.5268,4.5897,3
2.1327,0.0041634,3
5.9136,3.3816,3
1.1138,5.2235,3
1.0855,-1.153,2
2.9346,8.339,3
-3.126,1.068,1
1.1628,4.3056,3
-1.1589,-0.21159,2
5.7196,1.7594,3
3.5617,8.2629,3
-1.0147,3.2168,3
5.2734,5.9269,3
1.1419,0.63222,3
0.34623,3.3211,3
3.6943,7.8574,3
-3.3424,-1.9654,2
1.3856,-0.22977,3
4.4073,3.073,3
-0.78433,2.1566,3
-1.2666,4.8658,3
7.3173,3.6768,3
4.5574,2.9834,3
3.0454,5.9002,3
5.1599,7.934,3
5.1455,4.9109,3
0.51575,-1.9933,3
-0.16572,3.8575,3
5.218,5.1836,3
3.8538,4.7503,3
