-3.0254,1.9206,2
0.092948,3.6183,2
-0.36961,-0.9325,3
-2.485,-1.241,2
-1.7581,-0.60026,2
0.60282,0.25269,2
-0.51641,-2.797,2
-1.9742,-4.3043,1
-2.4401,1.4229,1
-0.21624,-1.1856,2
-1.5395,-1.645,1
-1.6319,1.3114,2
-0.13525,-0.49814,2
0.87113,-1.031,1
-1.9191,-6.4821,2
-0.94573,-1.4301,3
2.2866,1.1773,2
-1.9234,0.74129,2
-1.8613,2.7859,2
-1.7673,-0.73573,2
1.9856,2.0048,1
2.7927,0.79367,3
-2.8632,-0.61029,1
0.0022183,-0.010465,2
-1.8073,1.5972,2
-2.8649,-2.4475,2
-1.3386,-1.3062,2
0.34078,-0.43366,2
-0.89791,1.605,3
-5.1488,-2.7428,2
1.8284,-2.389,2
1.4456,0.70113,3
-0.89665,-2.6304,2
-0.54178,-2.4801,2
0.71137,-2.8425,2
-1.1014,-1.7351,2
-3.7914,4.0071,1
-0.73861,-0.3174,2
1.8789,2.4433,2
-3.5537,3.0892,1
-3.5671,-0.99244,2
-4.3044,0.098965,2
4.1275,-0.65048,2
0.82435,-0.68379,2
-2.8952,-3.3127,3
-1.0261,1.8708,2
-3.0563,-2.4779,1
-0.58932,-1.7022,2
0.06542,-2.1411,2
1.668,0.97842,2
1.2597,1.4038,1
1.9859,3.2233,2
2.4779,-1.6748,2
-3.0975,-1.5697,2
1.7198,3.2978,3
1.185,-3.6419,2
-2.5472,-2.3401,1
-0.84375,3.5811,2
2.1856,0.37477,2
1.8375,3.6693,3
3.4021,1.1,2
1.5283,0.42245,2
-2.9228,-0.8488,2
0.19979,-2.7486,2
-0.091675,-3.7679,1
-0.27476,-1.2671,2
0.63882,0.54378,2
1.7215,0.94232,2
-1.9561,-1.934,1
6.1753,2.3786,2
0.31797,0.43829,1
1.9855,1.9432,3
1.1851,-2.2405,3
2.4214,-0.72934,2
3.7511,1.6276,2
-0.41819,-1.4223,2
-0.49399,-2.5123,2
-1.866,1.185,2
0.52194,-0.36734,2
2.5092,-0.63611,3
-5.1861,-1.6689,2
-2.4864,0.63923,1
1.8242,6.1469,2
-1.4813,-6.0738,2
-0.4367,-1.7218,2
-0.016518,2.3611,2
0.84941,-0.092455,3
2.9427,2.4307,3
1.9561,2.0871,2
-0.90917,0.64492,1
0.063275,4.2284,3
0.22999,1.5484,2
0.59545,2.444,2
1.8846,2.5873,2
0.57468,4.6724,2
-2.6326,0.71055,2
3.833,0.4382,2
-2.0075,-1.5384,2
1.7171,1.047,2
-1.5519,-1.826,2
-1.2717,-1.2674,2
-2.4226,-2.0337,1
-2.0978,0.081262,2
-0.73333,-3.5745,2
2.514,-1.8788,2
0.96583,-1.9759,2
1.9074,1.0387,1
-0.73131,-1.4251,2
-2.9706,0.30662,3
0.2381,2.2871,2
-0.019322,1.9063,2
0.57473,-2.266,2
-0.99006,-0.26088,2
0.74806,1.1414,3
3.5139,1.3478,3
0.64917,1.8068,2
-3.1604,0.85418,2
1.3228,-0.65926,2
-3.4554,-2.2032,2
-0.8589,0.41936,1
0.81636,-0.98816,1
1.0773,1.4398,2
2.3973,-1.0213,2
1.7186,2.8787,2
-1.7138,0.80482,2
-0.8384,1.92,2
0.61429,0.041078,2
-2.3784,1.9415,1
0.4313,2.1255,2
1.4461,0.30176,2
-3.9721,-2.6221,2
2.8538,3.7073,3
-1.5985,-0.76256,2
-2.0898,-0.44317,1
-1.6346,-1.5935,2
-0.39982,-3.1456,2
1.4214,-2.4791,2
0.41031,0.59046,2
2.1679,2.1178,2
-2.2311,-0.56092,2
-0.10751,-0.095321,2
-0.54149,-0.7674,2
4.7423,2.3671,2
0.46517,2.4171,3
2.1286,2.215,2
-1.6387,-0.58248,2
4.0577,-0.62981,2
1.7382,-2.3126,2
-1.2586,-2.299,1
-1.5578,-1.4043,2
0.66606,0.026184,3
-2.1528,3.5265,2
1.4723,-0.68159,2
-1.931,-1.6985,1
4.8095,1.0875,2
0.70425,1.454,2
-0.44298,-2.4058,3
4.2955,2.6518,3
-0.95411,-3.1457,2
2.2911,-0.81213,2
-0.23503,-3.1378,2
-0.64851,-2.8961,1
-2.6955,1.1456,2
-3.5118,-2.1922,2
0.61087,-1.0092,2
0.7099,-0.62179,2
-3.6272,-1.8885,1
-0.25005,0.36251,2
1.1616,-0.67915,2
1.3001,1.6926,2
-1.2293,1.5418,2
0.88382,-1.5097,2
-0.55285,0.90471,2
0.38634,-3.7777,2
4.8687,2.1949,2
3.9381,0.10321,3
-2.406,1.3347,2
3.6326,0.46209,3
2.4329,0.026085,2
0.3962,0.47284,2
-0.042375,-1.7377,2
2.1619,0.35046,2
-3.1334,-2.5648,2
2.5388,0.56476,2
-1.8912,3.3782,2
0.041174,0.98494,2
2.666,3.647,2
2.033,2.1736,2
0.8495,-1.539,2
1.0736,-0.73408,2
0.39989,-0.43411,2
-1.4292,-1.4478,2
1.2079,3.5011,2
-1.4872,-2.1015,2
-2.0741,-0.62622,1
-1.3672,-0.3607,3
-2.3017,1.1802,2
-3.4257,2.2258,2
1.1135,-0.078294,2
3.3134,4.4158,2
-1.1647,-2.6591,2
2.4067,3.0785,2
-1.1851,-1.9166,2
0.95002,0.3488,2
-2.8658,0.61216,2
-0.045159,1.365,2
-0.66759,2.095,2
-1.0291,-2.6343,1
-2.8572,0.64527,2
-1.1014,0.95848,1
2.3939,-0.26388,2
1.0991,0.36862,3
-0.96486,0.22921,2
-3.2403,1.892,2
-1.3306,-3.2519,2
1.1036,-1.2021,2
-1.1775,-2.8499,2
1.6251,-4.1033,1
1.5383,0.21317,2
-0.74364,1.047,1
-2.872,0.30917,2
3.0352,-3.8276,1
2.4947,-0.16489,2
1.9535,0.056777,2
3.1523,0.70596,2
1.625,-1.5945,2
-2.0862,-1.7452,2
-0.99034,5.4338,2
-1.3609,0.11801,2
-1.6012,-0.84104,2
-0.52599,-3.7303,2
-1.6648,-1.6349,2
1.1548,3.7921,3
-2.1224,-3.6633,2
-4.4293,1.5773,2
-1.0121,2.7531,1
-1.3349,3.0459,2
-0.56876,-2.8496,2
-0.17284,0.74148,2
-2.1605,-2.7721,1
4.1714,1.7677,2
1.2876,1.1775,2
0.90598,3.7855,3
-0.99518,0.49005,1
-0.68581,-2.9867,2
3.7107,1.0402,3
-2.3785,-2.2118,2
-0.37008,1.6606,2
-1.3665,0.25193,2
-3.836,0.94824,2
5.2175,3.4666,2
0.50809,-0.20032,2
-1.9937,-0.575,1
-0.89963,-0.18819,2
0.013261,1.853,2
1.52,2.972,2
0.7318,-1.1747,2
4.4598,3.2771,1
-2.228,-1.4492,2
1.4128,-0.015776,2
-0.52726,-0.91297,2
-1.1441,-1.7084,2
-2.1435,-3.2164,2
-3.1155,1.1185,2
3.5301,2.0144,3
-0.14617,-0.11272,3
-1.4229,2.6352,2
-0.3212,-0.0055448,3
-1.2113,-1.6946,1
-1.5754,-2.7969,2
-2.9721,-0.81772,2
0.094231,-2.9473,2
0.97503,-3.746,2
1.533,-5.6716,2
-1.4992,-3.4444,2
0.41366,2.4663,2
-1.7992,6.1871,3
0.72642,1.1153,2
-3.3289,2.3876,1
0.033091,1.0303,2
-3.6534,2.4139,1
-1.2296,-2.6436,2
-1.4648,0.7051,2
0.23643,-0.27656,3
-0.90117,-3.1166,1
0.73725,-3.1679,2
-4.2715,-0.51058,2
-3.1431,2.1012,3
0.019157,-0.85365,2
-0.59097,-2.1483,1
-0.064272,-2.3295,1
1.8319,-3.3712,1
-1.7963,0.75252,2
6.2086,1.7468,2
5.0844,3.6797,2
-0.52923,1.3482,1
1.0992,0.58046,2
2.4919,3.1194,2
-0.49746,-0.20714,2
0.18455,0.079606,2
2.5585,4.8208,2
0.85506,0.25488,2
2.1914,-1.9477,2
0.41032,-2.3808,2
0.1605,-2.691,2
-0.47919,3.8299,2
4.9575,0.4293,3
4.5112,0.6697,3
-2.5592,1.4752,2
-0.67342,0.94034,2
1.7734,-1.9319,2
1.1826,-5.4294,2
-1.4876,3.1594,1
-1.4212,-0.45842,2
-4.427,-2.5175,1
-0.96305,-2.6948,2
-2.5674,1.2218,2
-0.42371,1.0898,2
2.6414,-1.5959,2
2.598,-1.4248,2
-1.0038,-2.5284,2
-1.187,3.3922,2
1.0335,-2.4944,2
2.1589,2.8287,2
-5.1109,-1.2919,1
-1.0899,1.646,2
-0.072035,1.7597,2
3.0405,2.3903,2
0.048586,4.4972,1
-3.0288,-0.24974,1
-0.23987,-0.97678,1
-3.6939,-2.357,2
-1.6618,-1.2558,2
0.10501,1.6585,2
5.329,1.5295,2
2.2709,-1.9391,2
-1.7813,-0.00082975,1
2.2308,4.0559,2
-1.3189,2.1906,2
1.6524,-0.32029,2
1.4832,2.1993,2
1.2798,-0.50775,2
-3.8315,-1.0855,2
-4.2209,0.041274,1
3.5153,-2.3143,2
1.6488,-0.246,2
-1.8783,-0.86193,2
-1.1127,2.6986,2
-0.2674,-3.7393,2
-0.23843,1.7775,2
-4.1159,-0.54509,2
1.6532,-1.2606,1
-0.26048,-1.9179,2
-1.7086,-4.2262,2
3.0458,2.6689,2
0.033723,-3.2014,1
-0.10843,-1.0813,2
-0.13371,-0.54886,3
-2.1912,-0.2828,3
0.8132,-1.8457,2
0.61843,1.1966,2
-3.5427,-4.6978,1
-1.0327,1.4928,1
0.49237,2.7461,2
1.1577,-2.7829,2
-2.7326,-1.0736,2
-6.2593,1.819,2
2.5368,-0.28303,2
4.5234,3.7861,2
-4.126,-1.7291,2
2.8755,0.14785,2
-1.0192,-2.5973,2
5.3366,3.2878,2
-2.7704,0.54503,3
0.11236,2.5979,2
5.0024,4.9373,2
-0.50225,-2.2711,1
-1.2741,-1.043,1
2.0412,0.16994,2
-0.52577,2.9054,2
1.1019,0.38019,1
3.758,2.6437,2
6.8642,1.8171,3
-2.3399,-2.7831,2
4.0019,1.8339,3
4.0537,-0.13255,2
2.6428,2.7034,2
-3.1938,-0.76076,2
0.40867,-2.4543,2
-1.2726,1.0662,2
0.1671,-0.062336,1
1.8682,2.7232,2
-1.8274,-0.20489,2
2.3207,-0.076975,2
2.7301,1.0886,1
-2.041,-4.8445,2
-0.4843,-3.6339,2
-0.26283,-0.0083592,3
-3.1895,1.5905,2
1.4783,-2.3613,2
2.3589,-1.4225,2
2.3472,-0.29267,3
-1.3669,-1.4984,2
-0.81405,-1.2184,2
-2.3141,2.6001,3
0.8166,1.3286,2
-0.66956,0.078365,2
0.85141,0.65027,2
-0.99365,-2.8468,1
-1.0164,-0.71519,2
2.5423,-1.3288,2
-0.26916,-1.5443,1
-3.6967,1.4602,2
-1.2815,-0.94212,2
1.8632,0.32444,3
-0.9758,-4.4654,2
-2.663,-4.7573,2
-2.528,-1.7329,2
-2.2238,-0.88885,1
-0.51306,-3.324,2
-1.3721,-2.4626,2
0.16561,0.32148,2
-0.64738,-2.0981,1
-3.5816,-3.5048,2
-2.4758,-0.34329,3
-3.1035,1.6211,3
3.695,1.0717,2
3.4811,2.0145,2
-0.081636,-2.7254,2
-1.5652,-4.4425,1
-0.089607,0.18706,2
-3.2512,-1.0672,2
1.9164,1.808,2
-0.55967,0.0041294,2
3.7329,-0.91955,2
0.60655,1.5877,2
-2.6184,-5.2031,2
1.7816,1.8268,2
2.066,-3.3893,2
-0.29255,-1.0973,2
-0.82545,-0.62776,2
0.83879,-2.1243,2
-0.038368,-0.65048,3
2.1435,-2.3627,2
-1.1317,2.2699,2
-1.7771,-3.5806,1
1.1981,2.9395,2
2.442,-3.4264,2
-3.3388,0.23137,2
-0.17879,-0.8184,2
0.22203,0.22132,2
-0.74124,-2.5483,2
2.5389,1.418,2
3.2585,6.4721,3
2.0945,3.0584,2
-1.2756,-1.775,2
-4.243,-3.4256,1
1.5824,-3.2479,2
1.0632,0.87048,2
-1.2804,-4.2938,1
2.7916,-0.20901,3
1.3413,-0.92389,2
-3.1714,-3.1006,1
2.0549,-0.68282,2
3.8145,1.7088,2
0.45746,-2.8226,2
-0.3713,2.2956,2
2.2877,4.6297,2
-1.0468,-1.7791,2
-3.863,-5.8989,2
-2.5086,-3.7674,1
-2.11,1.6427,3
0.5131,1.5586,2
1.1775,-1.4095,2
0.63915,2.5837,3
2.5416,-2.019,2
-0.83733,-0.60464,2
-1.5193,1.6334,1
-0.061381,-1.0528,3
-0.21351,0.68188,2
4.4385,1.8818,2
1.5282,-0.15594,2
-2.3391,-0.95775,2
-1.4091,0.71551,2
-0.14559,1.4032,2
1.7805,1.3922,3
-5.3849,-0.33804,2
1.2561,2.693,2
-0.20749,-4.4093,2
-3.4773,1.6141,2
-1.6575,0.20901,2
-0.34392,1.1403,2
2.2696,0.56797,2
1.1835,1.4743,3
-0.26615,-0.16059,3
-0.91526,0.5344,3
-2.6568,-1.5659,1
0.12669,-1.5757,2
1.2223,1.9963,2
0.84503,-2.6038,2
-1.8946,1.4407,2
1.7634,-3.2746,2
1.4312,1.7903,2
-1.7799,-0.17383,2
0.3511,-1.3889,2
3.959,2.4065,2
-1.4852,-1.3207,3
-1.1428,2.0909,2
0.82089,1.2506,2
3.5917,-1.0419,2
-3.0847,1.0024,3
-1.1613,-0.64637,2
-2.0331,1.3693,2
-1.2162,-2.641,2
0.159,2.1219,2
3.7997,-0.35691,2
-3.8513,1.6791,2
0.78568,0.56103,2
-1.233,4.0537,2
-0.98151,1.8473,3
3.6365,1.0154,2
-2.2044,-2.3196,2
-0.65665,-0.93961,2
0.13574,-1.067,2
-1.7748,0.48993,2
1.3651,-1.1594,2
1.6584,-0.43955,2
0.87258,-2.7136,1
-0.036974,2.8549,3
-1.4765,-1.058,2
2.872,-3.1393,2
-2.0377,3.2934,3
1.2819,-1.0123,1
-2.38,1.1942,2
0.96059,-0.89287,2
-1.6732,-0.60082,2
0.58053,1.5563,2
2.9051,-0.94266,3
3.4993,-2.0525,2
2.7138,2.3561,2
-0.96112,-3.1425,2
-2.5846,-2.5431,1
2.2292,3.3806,3
-0.024185,-0.73767,2
1.4254,-5.7765,1
6.3234,0.25819,2
0.83564,1.2799,2
-1.4857,0.56158,1
2.2394,-4.3595,2
-5.5172,-3.13,1
3.7263,-0.48133,2
0.30239,2.4705,2
-0.37161,-3.1909,2
-2.2797,2.9637,1
1.9549,-1.0355,2
-0.41485,-0.60649,3
0.78261,0.2508,2
0.89193,-2.9511,1
-2.6622,-3.3726,2
2.517,2.2986,2
-0.50192,-0.32636,2
0.22918,1.2454,2
-1.0666,1.0623,2
1.1629,-0.39531,2
1.7727,3.6016,2
-3.2633,1.5742,2
0.18689,1.463,2
3.2158,-2.6447,2
-1.3233,0.083772,2
0.1392,2.3975,1
2.2454,-0.0016783,2
0.62136,0.61527,2
1.0321,-0.43319,2
-1.1714,-3.8173,2
2.4319,0.98909,2
-1.6317,2.7207,2
0.79357,1.3379,1
-2.6385,0.077213,1
-0.034517,-5.6037,2
-4.0615,-0.964,2
1.1544,1.2938,2
-2.2609,0.50618,2
-2.0906,-3.1922,1
1.2239,-0.79618,3
2.1233,1.3097,2
0.15897,2.2873,1
1.3818,-1.2348,1
-5.0657,-2.9622,1
4.4357,0.32752,2
0.86664,5.0907,2
-0.19869,-3.3092,2
0.34385,1.6379,2
3.3074,1.2796,3
1.1685,-1.4482,1
-0.91589,2.5916,2
0.34488,-0.40422,2
-0.75401,2.8221,2
4.0218,2.2505,3
0.35413,0.36188,2
-2.7168,2.0265,1
3.4559,1.6789,3
2.2491,-0.90806,2
-2.3055,2.3334,1
1.0144,4.2006,3
-1.0695,-2.6558,2
-3.4197,-0.072194,2
-0.65792,-1.0317,1
4.9304,2.0449,2
2.0301,2.4286,2
-2.2683,-3.8399,2
-0.14036,1.5656,2
-1.8958,0.30687,2
-4.3428,-1.5588,2
4.1945,1.5159,2
-2.2657,1.7848,2
-1.556,1.6587,1
1.6024,-2.1202,2
-2.9756,-1.3886,2
0.28357,0.3625,2
-1.3306,-0.58743,1
-1.353,-1.8462,1
-1.883,1.4116,2
-1.0714,-0.69467,1
-1.7623,2.8774,2
-0.99165,-2.4964,1
0.71299,-1.391,1
1.7585,3.4419,2
-2.0193,-2.4712,2
3.8491,3.9091,2
-1.3606,1.1556,2
2.1893,3.0539,3
-1.3538,-1.9519,3
-1.2399,-3.0712,2
-1.0741,1.1462,2
0.050347,-0.92107,1
-2.102,0.019401,2
-4.9858,-0.79451,1
-0.8763,-0.69504,3
-2.842,1.6363,2
-0.060426,1.1062,2
0.15376,0.15759,2
2.1735,-2.0837,2
1.0418,3.4933,3
3.1251,0.67065,2
-1.9556,-1.31,2
-0.4635,-2.5043,2
1.7078,1.676,3
-5.3708,-5.9164,1
-3.1505,-1.1401,2
1.5274,0.029234,2
-2.9828,2.5594,1
4.7147,1.2096,3
1.6113,-0.37718,2
-0.016415,-2.6885,2
1.1382,1.0742,2
1.8897,0.37664,1
0.53832,-1.0265,3
-3.4936,-2.1518,1
1.3238,0.38069,1
3.6841,-0.11941,2
-3.5035,-2.4665,2
-1.4023,6.3598,1
-0.98481,1.3165,3
-0.32713,3.378,3
-1.7343,-1.4484,1
3.9109,0.64159,3
1.9782,-1.7435,2
2.1028,0.0080269,2
-0.924,3.1233,2
1.2255,1.8926,2
0.05584,0.90794,2
-0.88211,-0.10979,1
0.092396,-0.34789,2
-2.8982,-1.9549,3
2.0397,-1.0653,2
-0.83524,1.0772,2
3.1571,0.47394,1
0.49187,0.020076,2
-1.3097,-0.72757,2
-3.9379,0.0062086,3
-3.1162,0.0025292,3
1.5079,0.53159,2
2.1301,-4.0682,2
-1.0956,1.0243,2
4.621,3.1727,2
-2.5874,-1.2159,2
-0.99599,1.2184,1
-1.5948,0.34462,1
1.7125,2.8827,2
-0.6486,-1.9647,2
1.5693,-1.7736,2
-0.10326,-1.2631,1
1.8882,2.3471,2
-4.1278,0.16637,2
-2.258,2.5651,1
1.4455,0.223,2
3.9455,0.73698,2
0.49123,0.8851,2
-0.63595,-3.6244,2
-0.33076,3.6871,2
-2.5209,-2.333,2
-0.71949,-3.105,2
-4.5419,-4.5697,2
-4.0957,-1.7853,2
3.9581,-0.50363,2
0.38428,4.2914,2
2.984,-0.99729,2
-3.9851,-1.3976,2
-0.46005,-1.4986,1
0.14647,-1.9265,2
1.272,4.0107,3
-4.2199,-5.8089,2
1.1502,0.42317,2
-4.3222,0.56141,2
3.7363,7.5718,2
-0.55748,-5.0985,2
-0.25794,1.5261,1
2.8211,1.9953,2
0.031983,0.61322,2
-0.11417,-1.7292,2
-2.9701,0.58581,2
-2.9665,-0.2807,2
-4.2012,-2.5038,2
1.7176,-4.1389,2
-2.8148,-0.63835,3
2.056,-1.3621,2
2.1441,-3.6398,2
5.6346,-1.3965,3
-0.65108,2.74,2
-4.3243,0.75014,1
-3.4222,1.6681,2
-2.2177,0.72874,2
-1.7147,-4.0501,1
-1.2576,1.2422,1
-2.5546,-1.2024,2
1.652,-1.951,2
0.2452,-0.64837,2
0.12597,1.6998,3
-2.0036,-3.6549,1
-0.2548,-2.9663,2
-0.99502,-1.1794,2
-3.8482,-0.65287,1
0.59986,-1.4581,2
-0.44817,-1.5698,1
0.065449,-4.2045,2
-1.4557,-1.455,2
-3.1455,0.97827,2
0.30955,1.2165,2
-2.0651,1.5141,2
-0.76426,0.10069,2
0.34884,4.3875,1
0.96883,-1.8225,2
3.3302,-1.2169,2
-0.041786,-3.2261,1
3.9814,2.9532,3
-0.30885,1.5523,2
-2.1482,-1.6611,2
1.9085,3.0321,2
1.1402,-2.159,2
2.3411,1.6703,2
1.4823,1.7077,2
-2.9617,-0.69486,2
-1.7909,-3.793,2
0.35453,-2.588,2
1.6785,-0.034024,2
-0.072511,-2.3886,2
2.1253,0.68807,3
-2.9304,0.22342,2
1.2782,2.0824,2
0.076136,0.79883,3
-0.041971,2.2666,3
-2.3977,4.1441,2
1.6542,0.1504,2
1.1701,1.0261,2
-2.3977,-3.2568,2
-2.8733,-1.0417,2
4.6945,1.9789,3
-2.8048,-0.61388,2
-0.96838,-0.097228,1
-1.0516,-1.2859,2
-1.1014,1.1145,1
2.7339,-1.4778,2
-0.88764,2.8298,2
1.9012,-1.7462,3
-0.17619,-0.91143,2
-2.2637,0.62205,2
-0.29229,0.042703,1
-1.7392,2.7938,2
-7.24,-1.6693,2
1.984,-2.757,2
4.611,-0.62423,2
-0.34879,0.12791,2
-0.020136,-2.0418,2
-0.23252,-0.22418,2
0.92907,3.9088,2
-2.6143,4.1092,2
1.1473,0.79105,2
0.82729,1.1983,2
0.942,0.67111,3
-2.0761,-0.077779,1
-0.91787,0.27959,2
-4.0363,-3.9133,2
2.1047,1.3341,2
0.74427,0.82843,2
-0.023091,-0.12377,3
-1.9212,0.87393,2
1.4293,0.60129,2
0.32349,2.3737,2
0.085347,-0.98984,2
0.30389,-0.51593,1
-3.3532,-7.7868,1
0.38029,1.9199,2
1.2098,1.7726,3
0.43206,0.91871,2
5.9098,5.1443,2
2.0057,-1.6336,2
-0.55112,1.3088,2
0.59187,-2.4776,1
-1.057,0.71446,2
-1.9742,0.71122,2
-0.42558,-1.2596,2
-0.33318,-0.36663,1
-3.3205,-0.64274,2
1.9305,-2.31,3
0.43807,-1.172,2
-3.5804,-1.7262,2
-1.416,-2.488,2
2.8708,3.0454,2
2.2752,3.6438,3
-2.9576,-0.46392,2
1.5931,-0.87016,1
-1.3259,1.8866,2
-1.3043,-2.6078,2
2.8674,3.1311,2
0.34879,0.96902,2
-4.175,-0.84981,2
0.04218,-3.0488,2
-1.8657,-0.2122,2
0.62122,3.9933,2
-3.8049,-1.6122,2
-3.1922,-0.55202,1
0.37258,2.2061,2
-0.61241,-3.5407,2
2.5157,2.3118,2
5.6763,2.3274,2
-0.048873,-1.6571,2
-3.5673,-0.20364,1
-0.85377,-0.89336,2
3.0792,-0.86424,2
-4.7478,-1.8995,2
2.9337,0.73836,2
-3.349,-2.2335,1
0.091407,1.3059,2
-1.5868,5.0777,3
0.13348,2.033,2
0.3606,0.24848,2
-0.78632,-2.4241,2
0.29141,0.30344,2
3.5897,3.708,2
1.4933,2.6026,2
4.2666,1.0716,3
-0.41297,-3.5512,2
0.67882,1.8751,2
1.716,0.99041,2
-0.48765,0.44072,2
1.7012,-1.7033,3
0.089361,3.1102,2
4.2941,-0.40149,2
4.4202,-0.68328,2
-4.0136,-1.3371,1
-1.6122,-3.1931,1
1.3778,0.80362,2
-1.3223,-2.713,2
1.86,0.029563,2
-0.9429,-0.23567,2
1.867,0.99674,2
4.0289,-2.2634,2
-0.22457,0.057689,1
-2.872,-2.5769,2
-4.9032,-4.6609,2
2.3325,0.29782,2
-0.47743,-3.147,2
0.98216,-2.382,2
0.49297,0.90061,1
-0.64003,-2.9672,2
1.2447,0.62492,3
1.3594,1.5934,2
2.9019,-0.69876,2
2.7532,1.441,2
-4.1555,1.4052,2
1.5178,-0.55023,2
-0.15734,3.9213,3
2.2138,-2.0309,2
0.16153,-0.47888,2
-2.3808,0.10189,2
0.066271,-2.0586,2
-0.32839,-2.0151,2
-3.0563,-5.4204,2
-0.7805,0.85113,3
-2.0276,1.1185,2
1.4064,-2.9225,2
0.85204,0.32174,2
0.19844,0.17575,2
-1.5952,0.52703,1
3.3256,-2.6816,3
-0.86814,2.311,2
-3.9362,-0.32957,2
0.43761,-1.3729,2
-1.8612,-1.2446,3
0.35443,-0.77264,2
-0.64269,-2.1854,2
-1.4974,2.9524,3
6.4856,5.1949,3
0.0009729,-2.2059,2
-0.2421,0.52089,2
-1.2765,3.0027,2
0.82113,1.0063,2
4.6765,0.19653,2
-1.0331,-2.8079,1
2.9125,-3.846,2
-2.5078,-0.91164,2
2.166,1.17,3
-2.1351,0.63839,1
4.9486,-1.2255,3
-5.4897,-2.3885,2
-3.8772,0.96323,2
-0.054738,2.75,2
-0.032635,-1.6986,2
0.81147,-2.7775,2
-2.8087,-0.078609,2
0.38906,0.38873,2
3.5408,3.4181,2
2.4885,-3.9539,2
1.6857,-1.8085,2
-0.3338,1.241,2
-1.9052,1.721,2
3.4554,1.601,2
-2.1949,3.3212,3
-3.3006,0.47108,2
1.988,-2.8226,2
-2.228,-1.7725,2
1.7445,-0.80871,1
-1.0753,-1.2564,2
0.10237,-0.77499,2
0.79094,0.76247,2
5.5405,1.9351,2
0.14814,-0.74701,2
1.0895,0.51842,3
0.82512,4.4989,2
2.0253,-1.9439,2
1.0582,2.4042,3
3.6703,-0.29959,2
-3.6838,2.8599,2
-0.8865,-0.38261,2
-3.4556,3.3818,2
1.9708,-1.0109,3
-1.3859,-1.1731,1
1.5537,1.8446,2
1.1791,2.845,2
-3.3266,2.7862,3
-1.7309,-4.5028,2
-3.4173,-1.3357,1
3.3165,6.5138,2
3.3657,-0.85723,1
-0.6425,-0.37031,2
-0.56976,-2.2703,2
2.8467,3.3208,3
-1.6889,2.1583,2
0.53752,-1.3506,3
-1.5922,-0.75521,1
1.6609,2.7292,2
0.34876,-4.5022,2
-2.0582,-4.0274,2
3.0351,2.3938,3
1.7427,1.2548,2
2.8274,-0.67455,2
2.332,5.851,2
-0.10218,0.27237,2
-2.2398,-2.0217,2
-3.6827,-4.0272,1
-0.73389,-2.4748,2
0.09436,0.4256,2
-0.92287,-0.69504,2
2.5677,0.35924,3
1.3628,-2.8874,2
2.4473,1.0869,2
-0.69538,0.76479,2
-0.87888,-0.38308,2
1.5126,-0.72669,2
1.9984,-0.84997,2
4.61,1.2611,2
3.5327,0.46022,3
-5.1894,-1.6348,2
1.6227,1.2629,2
-2.1873,-4.5044,2
-5.2849,-0.78925,2
-0.85388,-0.79208,3
-4.6557,0.10083,2
-2.0849,0.3012,2
1.6756,2.0668,2
-5.2832,-2.1232,2
-0.76163,-3.3067,2
0.57073,-3.2816,3
-3.6801,-2.4282,2
-1.8034,1.7105,1
0.44267,-2.0147,2
0.9573,-5.5948,2
-2.4985,3.4584,2
-1.1158,-4.1655,2
1.1393,0.61084,2
0.067258,1.7324,3
-0.4323,-0.09985,2
1.5112,1.4591,2
-1.6894,-4.2911,2
-0.91894,-3.2717,2
3.7017,5.2197,3
1.3008,1.3942,1
-2.8795,2.839,2
2.7787,-1.2079,2
0.0021987,-3.2173,3
1.1661,0.19384,2
-4.2404,0.92594,3
2.1131,-0.55707,2
-1.1722,1.5604,2
1.9485,2.1028,2
-3.177,-4.8278,1
0.83675,4.243,2
-0.079995,-2.3749,3
-0.35124,-0.66313,2
4.2524,0.41794,2
0.9113,-1.0978,2
1.7769,1.527,2
1.1426,1.0737,2
3.0085,2.4419,2
2.1896,0.37086,2
1.2847,-0.47778,3
2.3339,4.4681,2
-0.73091,0.8152,3
-3.084,-2.0485,1
-2.7047,1.1817,2
-1.1651,-0.92527,2
1.6698,-0.021396,2
1.2017,2.2947,2
4.0727,4.0927,3
2.0384,5.0252,2
-0.81328,2.8857,2
2.3936,-1.5547,2
0.76803,-2.7692,2
2.0547,-1.9007,1
1.6732,-0.92452,2
3.4637,2.0307,2
-2.0842,1.4231,2
2.403,1.2072,2
2.0499,-1.2371,2
3.805,1.1001,2
2.7963,1.6241,3
4.3975,-0.53701,2
-2.1995,-0.086229,2
-1.892,-1.402,2
3.7335,2.4672,2
-0.36758,0.43286,2
-0.31541,-2.8176,2
3.5151,-3.8845,2
2.1413,0.12913,2
-2.9802,1.794,2
-0.20917,-1.2988,3
-0.068477,-0.70778,2
1.9833,-1.4045,3
1.2611,4.8624,2
-1.5779,-3.5462,2
0.090989,0.33053,2
3.9824,3.6549,3
-4.099,1.1981,3
-1.6055,-3.0272,2
5.0375,4.8845,3
-2.4366,2.9242,2
-4.0926,1.7142,1
-4.1987,0.41706,3
0.4585,-1.4782,2
-1.6642,4.2449,3
2.2055,1.1035,3
-1.1762,-1.2134,2
-0.027807,1.7291,3
-2.5504,-3.3777,1
3.0912,-4.6928,2
-2.7442,-2.3695,2
1.1988,-1.757,3
-1.6447,-4.2636,1
-1.1338,0.17686,2
-2.042,-0.87333,2
4.3352,1.5992,2
3.7554,1.5919,3
1.4259,2.2409,2
-0.71539,2.2079,2
0.87051,0.69143,2
0.51702,-0.36935,2
1.909,-2.5918,2
0.50584,-3.3019,2
1.6859,-1.9919,2
-3.614,-1.3982,1
-0.9545,0.099481,2
-0.72258,-4.1642,1
-2.2901,-0.83618,3
-0.74577,-0.60611,2
-5.4381,-1.2718,2
-2.5643,-0.32393,2
-3.6773,2.0835,2
0.49082,0.63196,2
-3.8417,-2.8711,2
0.84462,-0.23687,1
0.44323,-0.26122,2
-1.0005,-0.70981,1
0.52046,1.7037,2
-1.9418,-3.9442,2
-0.94936,-0.90221,2
-0.46554,3.5873,2
3.8404,0.56938,2
4.5335,4.5996,2
-0.88245,1.1218,2
-2.1371,-2.4453,2
-1.3345,0.74071,3
0.089985,-0.44396,2
1.4913,-0.20793,2
-4.6996,-2.3803,1
1.4891,1.3643,3
2.2655,3.1739,2
0.013609,-1.0049,2
1.4603,0.74938,2
-0.023578,-4.4343,2
2.3212,0.23349,2
-0.57659,2.796,2
4.0917,1.8408,3
-1.8241,0.13572,3
2.2631,1.3012,3
-2.3495,2.8711,2
-3.1196,-0.55153,2
0.064657,0.67121,2
4.3045,-2.6491,2
3.2116,-0.69391,2
0.47898,-0.31541,2
-2.6693,-2.9756,2
0.11925,5.299,3
-3.9413,-2.2572,1
6.5634,-1.2257,2
-3.1002,-2.7882,2
1.2993,5.6615,3
0.6995,-0.74025,2
-1.9864,1.1194,2
-0.61491,0.46944,2
0.78527,0.74469,2
0.30455,-2.312,2
-1.8293,-2.1575,2
0.71584,3.0418,3
0.77814,1.8813,2
5.2387,3.191,3
0.019329,-2.5016,1
2.8506,0.43176,2
1.1897,2.8619,3
-0.35042,-0.26069,2
-1.8087,1.2775,2
-4.9681,-5.8932,1
-0.2971,-7.9177,2
2.6066,4.0199,2
2.8841,2.1965,2
1.0645,0.53515,2
1.0764,5.7402,3
-0.070602,-2.0581,2
-2.3394,-1.7359,2
2.1124,-0.22777,2
1.4425,1.1071,2
1.2991,2.582,2
0.0024103,2.2104,2
0.45058,-0.24378,3
0.1603,0.47539,3
-1.3825,-0.087886,2
0.042892,3.4491,3
-1.8843,2.2355,1
5.0628,2.4997,2
-1.0817,3.344,2
-1.8562,0.12346,1
1.9775,1.7304,2
-2.7518,-2.4391,1
0.41613,1.5111,2
-4.25,-0.63044,2
2.0919,-3.0642,2
-5.5672,1.3996,2
0.80537,-1.1473,2
0.78471,-0.97656,2
-1.9698,-3.3762,2
-2.0824,-0.23926,2
-3.526,0.83864,2
0.90152,5.8403,3
-1.0514,-0.34377,3
0.1486,0.9784,2
1.04,2.1368,2
-2.6593,-0.93706,2
2.1576,1.586,2
0.72032,-2.2789,2
0.61155,1.8034,2
-3.0115,-0.15014,2
-0.83731,-0.13941,2
-0.0082592,1.4423,3
-1.1521,3.3246,2
2.0502,-1.9975,2
4.202,2.0534,2
-1.4258,1.8553,3
-0.78408,-1.9329,2
2.3589,1.1529,2
-1.4504,1.3138,3
-0.35383,-0.16389,2
0.45611,-2.8901,2
1.1235,1.3566,3
0.39316,-2.0863,2
2.3219,4.0012,2
1.5914,1.615,3
-0.41221,2.3098,2
-4.4798,-3.8293,2
-5.5242,2.0017,2
0.9416,1.4369,1
-1.6196,0.8157,2
-3.9798,-1.7793,1
0.060527,4.4439,1
2.7675,1.3704,3
1.8798,1.0944,2
-0.51939,-3.1993,2
-1.2692,-0.015975,2
-1.2298,-2.3662,1
3.017,-0.72629,2
-0.38354,0.40712,1
2.3987,3.3751,2
2.2843,2.5727,2
0.55341,0.047989,2
2.9119,2.888,2
-3.157,-3.1635,1
-0.30408,-0.65818,2
0.16734,2.5367,2
1.0068,2.9244,3
-1.007,-3.5685,2
2.4386,-2.5267,3
-1.6965,1.2962,2
-3.9805,-2.6601,2
0.84911,-0.40298,2
-2.9027,-0.29293,2
-0.61296,0.39018,1
-5.1307,-2.7674,2
0.16636,-1.4488,2
-3.1685,-1.0671,2
-1.1616,3.9198,3
0.026333,3.7233,2
2.5236,0.77722,2
-2.3569,3.831,2
-1.4399,-1.3569,3
-0.5738,1.6239,2
-1.4335,0.37464,3
-0.33483,-0.01628,2
-0.65111,-2.0544,1
-4.1457,0.26135,2
0.16213,-1.0079,2
-0.6035,2.3131,2
-2.0119,2.4895,3
1.3081,-3.6234,2
-2.0657,-1.5704,1
-0.04533,1.7892,2
0.28631,-0.25683,3
1.209,0.47052,3
0.81705,-0.61438,2
1.4674,2.3115,3
-0.10541,-3.3577,2
-2.3289,2.264,2
1.5029,1.488,3
2.2975,-0.027201,3
0.31023,-0.31944,2
-0.47416,3.8988,3
1.1672,2.1111,2
-2.1079,-2.2444,1
4.1051,1.8025,3
-0.90139,-3.258,1
0.075879,0.35176,2
-0.52175,-2.5254,2
-2.0516,-1.25,1
2.1558,2.3037,3
-0.87375,-4.5058,2
-2.9284,0.15199,2
-0.41276,-2.9253,2
1.8597,-0.33503,2
1.5968,3.1284,2
-2.0841,-4.0904,1
-2.6984,-0.43347,2
-0.6414,2.9988,2
-2.6837,-1.6681,1
0.84712,1.5434,1
-3.6143,1.5991,2
-0.96574,-1.9109,2
-0.069742,1.0397,2
-2.6028,-2.7226,2
-4.6266,-0.71325,2
1.2771,1.7276,2
4.5674,4.3242,2
-1.1177,0.9598,2
-2.5346,-2.3911,2
-1.4046,-1.6998,2
-1.7718,-0.20138,2
-1.1125,-0.37974,2
-0.052738,-0.91582,2
-0.51834,3.85,2
-0.77246,0.45525,2
3.4196,-1.427,2
-0.32765,2.0489,1
-1.3078,-1.2738,1
-2.2851,0.057822,2
4.6389,0.20143,2
2.7519,4.5214,1
-0.4301,-2.9366,1
0.24035,-0.65729,2
0.0021257,-0.022207,2
-0.033831,-4.0723,1
0.20057,-0.51342,2
2.4892,5.3263,2
0.42307,-2.32,3
0.19021,2.538,2
3.4597,2.2834,3
2.2296,1.5106,2
0.90256,3.4822,2
0.26068,2.0287,2
0.37938,-0.74416,2
3.7769,2.9808,2
1.2887,0.75052,3
0.47675,2.4159,2
2.1545,2.7307,3
-1.9616,-2.815,1
0.63916,-3.2635,2
1.4376,5.0535,2
-2.1111,-0.81914,2
-3.1764,-6.4315,2
-4.6756,-0.66359,2
-5.3247,-3.0276,3
0.58589,-0.55661,3
2.0353,-3.6522,2
1.3508,-0.80368,2
1.2627,2.1481,2
-0.25566,-2.0075,1
-1.3857,-1.5271,2
-1.6371,0.99932,1
0.4906,-3.3756,3
1.746,2.4028,2
0.86464,-1.5751,2
-0.89211,-0.96952,2
1.9714,3.1578,2
1.0684,-2.3427,2
0.12205,-3.0218,2
1.4242,-2.3787,2
-0.69782,1.5783,2
-2.078,-0.082692,2
-1.9934,-0.69564,2
0.67538,0.39101,2
-0.51468,2.501,2
-3.2584,-3.6465,1
-0.88265,4.2158,2
-2,-1.2191,2
1.6922,3.3353,2
-4.4266,1.3587,2
0.14573,1.5535,2
1.935,-0.89267,2
0.66305,-0.19822,2
-1.5085,-0.38495,2
2.0213,-0.22883,2
0.6979,-1.0326,3
-0.58415,-1.0985,2
2.0423,0.55689,2
1.0352,-0.76051,2
-1.5608,1.9937,2
-1.4123,2.2469,2
0.94419,-0.98154,3
-2.2725,0.29044,2
0.51679,-0.18353,2
0.96017,-0.52759,3
3.1103,1.2209,2
0.36781,1.4574,1
3.4477,-0.54589,2
-0.49309,-4.7726,2
-0.46753,-0.074169,2
0.13893,-1.3593,2
-1.0905,3.3682,2
-0.12037,2.246,3
-2.1427,-2.9272,1
1.7982,2.7713,2
1.2112,-3.3282,2
4.3701,0.94956,3
1.3857,1.2414,2
3.0292,0.24877,2
1.9192,-0.6607,2
-2.2175,-2.2666,2
2.8108,2.0381,2
-3.9892,-7.2417,3
-0.66064,-1.5178,3
-0.84525,-0.10675,2
-0.36721,-0.48346,2
-1.4743,-0.10314,2
0.65588,1.7487,2
2.0474,0.076326,2
0.97935,0.1363,2
0.9312,2.1516,2
3.4682,4.7293,3
2.6556,2.1429,2
0.018782,-4.4644,1
-1.1075,3.4193,2
-3.512,2.1729,3
-1.7188,-0.8893,1
-4.9237,0.32468,2
2.1958,-2.7109,2
-0.82961,2.5499,2
2.582,-0.81318,2
-1.3007,1.0623,2
0.40913,-0.81317,3
-1.2869,-0.55727,2
-0.6831,-4.2465,2
-0.79303,1.1056,2
0.18992,-4.8855,2
2.9539,3.3769,2
1.4677,-0.15654,2
-2.3488,-0.58203,2
1.2711,2.8225,2
-0.83641,1.792,2
-1.5796,-2.7487,2
1.9673,2.2849,2
-1.0036,3.5715,2
-1.4807,-2.3959,2
-1.2383,-1.9982,2
-2.3415,1.6965,3
-0.0016994,-4.0479,1
-0.24437,-2.4224,2
-0.14999,-0.37647,2
2.4539,-1.1322,3
1.1829,-2.2004,2
-4.8144,-0.33727,1
1.209,1.8099,1
1.1938,-2.635,2
-0.27521,-2.1871,2
0.90213,-1.2167,3
4.3764,-0.58288,2
-1.3709,3.1225,2
-2.4198,-1.7078,2
0.76812,-2.1143,1
-3.3589,1.2441,2
-1.8785,-2.6514,1
-0.34601,0.74095,3
-4.8618,-3.3704,2
0.606,0.031502,1
0.64613,0.049799,3
-0.10868,-0.57107,2
-2.0254,-0.85233,2
-1.8924,-1.255,2
3.3768,-3.8469,2
-5.3582,-4.2412,1
-5.3169,-2.1614,2
-0.10481,0.72784,2
2.8058,3.1536,2
0.95912,0.26015,2
-1.5013,-0.2311,3
-1.0327,-1.0702,2
-0.34216,0.6431,2
0.89216,0.35788,2
-1.0485,-0.95684,1
1.3473,-0.80345,2
-3.0888,3.46,2
4.1662,2.4951,3
-1.4758,-1.9818,2
-0.5393,-6.4472,1
1.0355,2.0362,2
-2.2756,1.3196,2
-2.535,-1.3047,1
-0.63149,4.6606,3
-0.26418,0.67176,2
-2.2822,-3.953,1
3.2121,1.6445,2
0.35166,0.3377,2
0.99633,2.2739,1
-2.7598,-3.7406,3
0.1866,1.8492,2
-0.21859,0.52707,2
4.6486,-2.5801,2
1.363,-0.44706,2
-1.8195,-2.3816,2
0.34499,0.59078,1
-0.99411,-0.94039,2
-0.44783,3.1312,2
-2.5915,-1.6223,2
0.045123,-8.2882,1
1.5366,2.3609,2
0.42623,0.81379,2
1.9153,0.89879,2
0.59309,-1.3641,2
-1.2623,2.0023,2
-5.6266,-1.7141,1
-2.214,1.6463,1
1.4676,2.2067,2
0.41853,0.5618,3
2.2065,0.80266,3
0.80497,0.70149,2
1.3171,0.20534,2
1.7327,0.11321,1
2.2488,3.7098,2
-1.8332,-0.16782,2
5.6307,0.72152,3
-2.108,-1.1597,2
-1.1684,3.4859,2
-4.8095,-4.9943,1
-1.3773,-4.1964,1
-3.1226,-5.3324,2
1.2427,-1.0353,2
-1.5512,-0.44356,2
-2.4493,-4.7256,2
0.40582,2.7791,2
-2.0518,-2.4901,1
0.9053,0.69128,2
-3.5527,-2.5779,2
1.1538,-2.465,2
-1.0479,-0.0017818,2
-1.3616,-1.6655,1
1.1466,1.4463,3
-1.576,-4.7187,2
0.49582,-0.85771,2
-2.2483,1.2866,2
1.6393,-3.5122,2
2.4987,0.77825,1
2.2282,-0.050891,2
2.7868,0.42526,2
0.85939,2.6388,2
1.2698,3.0422,2
4.3685,3.3081,3
0.60677,-1.0558,2
-0.86686,2.6614,3
-3.4802,-0.30316,2
-1.2342,0.47757,2
0.15582,-1.9226,2
0.74405,-2.986,1
0.33532,-5.3697,2
0.79954,-1.3757,1
3.3977,4.2973,3
-0.29141,4.9689,2
-1.0088,-1.3437,2
-2.7224,-0.76002,2
0.66844,1.4721,2
3.1056,3.2411,2
4.0549,-1.3239,3
1.7741,-2.0933,2
-1.3089,-1.64,2
1.3551,-1.2059,2
0.76094,-2.5835,2
1.5311,-1.1998,3
2.9659,3.3043,1
-1.6883,-0.67978,2
0.79913,-1.326,2
1.3263,1.9451,2
1.4773,-1.3679,2
3.8203,-4.7749,1
2.1956,4.2992,2
-0.25742,-0.6111,2
0.93068,0.4145,1
-0.39907,-1.6669,2
-4.5665,-4.162,1
-0.5305,-1.0906,2
1.8494,0.056459,2
2.013,5.8029,3
1.7648,2.9412,1
-2.341,-2.3032,2
2.1345,-1.2043,2
-1.9754,-0.3184,1
0.43301,0.80479,2
-1.9634,-0.016391,2
1.6409,3.2592,3
1.0854,-3.1972,2
-0.6811,1.1003,3
1.4334,-2.2033,2
-1.1449,1.2216,2
-2.4888,-2.7466,2
1.1425,-1.1746,1
-1.3231,4.2983,2
-1.6533,-3.0479,2
1.7374,-2.2501,2
1.7904,3.8795,3
-1.0799,1.5477,1
2.8794,-2.4259,1
-0.24816,1.2207,2
-0.64596,-0.25901,2
0.16607,0.70327,2
-3.3657,-5.824,2
2.7931,-0.045963,2
5.7104,0.32688,2
-0.24308,-0.68614,1
1.7656,-0.21465,2
3.3966,1.3018,2
6.1909,1.5528,2
0.41094,1.671,2
3.0217,-2.5651,2
-0.15547,4.727,1
-1.5802,-1.4439,2
3.3923,3.0279,2
0.8179,-0.77133,2
0.38821,1.4559,1
-2.1536,-2.3503,1
-0.17611,-0.48162,2
3.1704,1.6028,2
-0.12394,-1.8269,3
1.0171,-2.0362,2
-1.389,5.1886,2
2.1208,-0.93144,2
1.7827,-0.18197,2
3.0781,2.4356,2
-3.1284,5.0767,2
-2.1334,2.526,3
3.1336,-1.44,2
-1.3223,2.9529,2
0.11401,0.047139,2
1.1328,0.28515,2
2.3667,-0.68952,2
2.0151,-0.046407,2
-0.57937,0.07488,2
-0.1701,-0.48435,2
0.94472,-3.204,2
-2.5107,0.45418,2
1.7467,1.8618,2
1.2262,0.76317,2
1.1033,-4.0928,2
-0.34375,3.2144,2
0.73564,0.26986,2
0.89489,-0.58098,2
-0.35766,4.0079,2
-0.94739,-0.41046,2
1.5596,-2.3387,1
-0.63823,-3.2826,2
-4.4294,-3.052,2
-0.79588,0.036771,2
0.1165,-1.9839,2
-0.091325,-0.97376,2
-0.69024,1.6752,2
2.5178,-1.4785,2
0.61328,1.4314,2
-4.9623,0.62997,2
-0.61944,-1.0608,1
1.0022,-3.0889,2
0.46271,1.9348,2
1.2613,0.17243,3
4.4821,0.48007,3
1.9395,-0.71892,2
-3.6871,1.4195,2
-4.0133,-0.37851,1
-4.387,3.6546,2
-2.3559,-0.048496,2
-0.59375,-0.46497,3
-0.25875,1.3731,1
0.34768,3.2972,2
1.1381,-1.1603,2
-2.8567,0.5126,2
-3.7416,-2.1743,3
-3.2563,2.5865,2
-1.0532,-0.87868,2
-4.2486,-1.0244,1
3.5052,-0.53926,2
2.3868,-0.29116,2
3.2819,-3.0495,2
-1.3162,0.93153,2
-1.8442,1.532,2
-1.3011,2.6326,2
-3.3858,4.0016,2
-0.64056,-3.8,3
3.3342,-4.135,2
4.1049,-0.3773,2
-0.10763,0.71529,2
-2.1416,-0.29517,1
-1.5864,-0.59353,2
-1.0722,-0.93624,2
3.7381,0.12913,1
3.3156,1.4438,2
-2.9524,-0.1394,1
-1.3266,0.17521,2
2.189,-1.5516,2
0.85745,-4.4974,2
4.9885,-1.018,2
-3.1292,0.56571,1
0.71567,3.925,3
0.44805,-0.36538,2
2.0147,-0.21745,2
-2.1707,-0.8178,2
0.48263,0.71926,2
2.0633,-0.042573,3
2.6359,-2.1613,3
-4.9998,-2.484,2
-0.9116,2.7739,2
1.6391,-1.9684,2
-0.59741,-2.3848,2
-1.0518,1.5777,2
-1.4208,3.7178,2
1.5141,1.0622,3
3.6313,-3.0285,1
-3.501,1.3402,2
-1.1326,-1.5571,2
-0.75047,5.3427,2
-0.21749,-2.0703,1
-0.093821,1.2283,2
0.96235,0.3301,2
1.9384,1.3358,2
-1.8446,-1.0166,2
-1.2591,0.43583,2
-2.6646,-0.82423,2
-2.7258,0.57315,1
1.0016,2.684,2
-1.1087,1.6731,2
-0.97172,1.0237,2
0.46143,-1.065,2
-0.97166,-0.61735,2
0.4962,5.6032,3
1.305,1.4087,1
1.2056,-3.2189,3
-0.86562,-0.17309,2
-0.18813,-2.3266,2
-4.5995,-4.1315,1
0.14456,-0.10257,2
2.0431,-1.3797,2
-0.59785,-2.5697,3
-1.2561,-0.020026,2
-1.1404,-0.66552,2
2.9412,-1.085,2
4.0477,1.8509,3
4.6871,1.4813,3
2.2853,-2.0448,2
3.5699,-0.016224,2
-1.2539,1.3976,2
-2.1621,0.026909,2
-0.37209,-0.8844,2
2.6158,-0.74164,2
-3.1577,0.19205,1
-0.80077,-0.2113,2
1.2352,-0.32627,3
-1.2324,1.4446,2
-2.9254,-4.8238,1
0.92567,-1.0398,2
-1.5635,0.07366,2
3.9618,0.34764,2
-0.035243,0.4439,2
-3.9516,0.19623,2
-0.56232,4.4902,2
1.0538,-2.9802,2
1.5189,-2.9382,2
1.1555,-6.7315,2
-0.6481,-2.7662,2
3.0297,0.9839,3
-0.26048,-2.6714,2
0.23354,-0.33728,2
1.3397,-2.0563,2
1.9511,2.7709,2
0.2914,-1.3395,2
0.31087,-1.4341,2
2.611,3.1202,2
0.20008,2.974,2
-3.1859,-3.2558,2
0.76944,3.3764,2
1.2158,0.79234,2
0.5111,-0.54116,2
-0.61371,-0.50147,2
1.2424,-1.1469,2
-2.6965,-1.6411,3
1.3313,-0.037218,3
0.80443,-0.54232,1
-1.1464,1.1202,1
1.5618,5.479,3
-3.2321,-6.1555,1
-5.4262,3.529,2
-1.1632,-1.2021,1
3.8121,0.66048,2
3.2226,-1.2708,2
0.56029,5.7244,3
-0.18515,-0.47002,1
1.575,-2.2237,2
2.5921,3.208,3
-2.5859,-2.588,2
-3.2934,-1.5411,2
-3.2642,2.4425,2
4.2358,0.33596,3
-0.36146,-1.5069,2
6.2437,2.236,3
-0.26938,2.0745,2
2.6364,2.8224,2
0.59666,-1.8232,2
-1.0399,3.5414,3
-2.9554,-2.1179,2
2.7661,-0.40342,3
3.6011,1.1856,3
-3.0122,0.27233,2
-0.73444,-0.22548,2
2.3433,-1.026,2
-1.1254,-2.3617,2
2.2002,2.0719,1
1.9329,0.59916,2
-1.2078,0.97151,2
1.1441,2.8579,1
-0.77702,-1.7277,2
0.03159,1.259,2
1.1694,0.16326,2
0.31442,-1.0208,2
3.3519,-3.2182,2
-1.1864,-0.53663,2
-1.9017,1.5829,2
-1.674,0.13612,2
-1.4089,0.46207,2
2.4449,-0.66167,2
-2.8072,1.2753,2
-4.306,-1.3486,2
-1.9826,-1.6309,1
-0.94666,1.9152,3
-1.1209,-0.55331,2
0.030508,2.9559,2
2.6486,4.7219,2
-1.8046,-0.86062,1
-3.1165,-4.3847,1
1.7032,1.8018,3
-0.67468,0.72366,2
-0.30259,0.21445,2
-2.5793,0.90559,2
-4.3161,-0.36408,2
-1.6069,1.424,2
0.37721,-1.3594,2
-0.8977,-1.0639,2
0.41563,2.3256,2
1.236,5.344,2
1.0764,0.44121,2
0.4971,-0.94941,2
-2.0074,1.7801,3
-1.0166,-1.9222,1
3.5024,-0.034738,3
-0.12341,-3.9086,2
0.020086,1.1666,2
-1.0219,1.5194,2
0.78446,-1.5975,2
2.1565,3.5493,1
1.2146,-0.070276,2
-1.9258,-1.115,2
-0.20637,0.46036,2
0.62744,0.050324,2
-1.2505,-1.0559,2
-0.60112,2.4279,2
2.7471,-1.0199,2
-0.4248,-0.093128,2
1.7355,0.071804,2
0.5595,-3.0155,2
4.4259,0.87615,2
2.6185,-0.69582,1
2.9297,2.0663,3
-0.88792,-3.1926,2
0.057439,0.29728,3
3.0101,6.3825,2
1.9986,-1.0782,2
-3.5721,-0.63902,2
0.37707,1.5659,3
1.6742,3.6681,3
1.0782,3.4085,2
1.715,-0.02265,2
-1.3129,-1.6358,1
0.77799,-0.23813,3
2.0117,2.6534,2
-0.56703,-1.3932,1
-2.4398,1.0751,2
0.25222,1.0421,2
1.8382,-0.56515,3
-0.61924,1.153,2
0.11461,4.0226,2
-5.1106,-1.3196,2
4.3252,4.4899,3
-1.4597,0.80971,2
-4.9295,-1.5432,2
-2.1003,2.0459,2
1.5824,1.3416,3
0.77178,-2.3845,2
1.0885,0.53107,3
1.6107,2.1003,1
-0.29259,-4.396,2
-0.53193,4.2353,2
-1.3001,0.21674,2
0.012347,-0.16538,2
0.3903,2.8579,1
1.0275,-2.3817,2
2.2041,-0.55442,2
-0.16468,2.1308,2
1.0213,-2.6768,1
-0.47054,1.7596,2
2.0726,1.3532,3
0.60287,0.59264,2
0.26486,0.55888,3
1.8715,2.9515,2
-1.4623,-1.011,2
-6.2047,-1.8072,1
-0.9669,0.045117,2
-1.2009,-2.9482,1
-3.3795,2.7693,2
0.50212,3.431,2
-3.1686,0.10952,2
1.308,0.54806,2
4.7111,1.3617,1
0.76518,0.96695,3
2.8286,4.2541,3
2.7993,1.2914,2
-0.83993,1.6308,2
-0.26196,-0.065079,2
2.4182,6.8793,2
-1.1159,2.994,2
-3.0117,1.5,2
-0.56622,-2.6965,2
-2.085,-2.0768,1
-3.1957,3.1239,1
1.6117,0.23756,2
-0.26961,1.8294,2
-1.4155,0.71643,3
-1.7405,-2.6626,2
2.2801,4.0979,2
-2.8445,-7.095,1
0.60122,2.6721,2
-3.8609,1.0493,2
-3.037,-2.3439,2
-0.42305,1.3129,2
1.5553,-3.9548,2
1.6386,-0.45688,2
2.6156,0.79146,2
0.65755,-0.87647,3
-0.23203,6.3952,2
2.9267,-1.8747,2
1.1826,-0.052079,2
3.3976,0.30441,2
0.86939,4.5438,3
2.7584,1.0501,2
-1.1836,-2.9295,2
1.4232,1.9127,2
-2.4869,0.25529,2
-0.26617,1.5222,2
0.11223,1.4881,3
-0.95806,-0.9615,2
4.5178,2.3948,3
3.0102,2.974,2
-1.2397,1.4059,2
-2.4683,0.92983,2
3.4409,-2.1504,2
-4.161,-0.63608,2
1.6029,1.582,2
0.038225,-2.2869,2
-2.9305,-3.928,2
-4.1805,-3.9735,2
0.99209,-1.1085,2
2.2779,-3.1433,2
0.083732,-1.4834,2
1.4841,-0.42427,2
-5.0468,0.68468,2
-1.6286,2.5067,3
-0.95217,1.0492,2
-2.7608,-0.72455,3
-0.59822,2.704,1
-1.2362,1.1058,2
-0.016182,0.0029245,2
2.4895,-0.19398,2
-4.0888,0.48217,2
2.7969,2.7038,2
1.6511,3.8398,2
-1.6247,1.4236,2
-0.61832,-1.0021,3
1.073,2.8593,3
3.2369,0.45905,2
-2.4103,-1.3814,2
1.4094,-0.019895,2
0.92564,-1.6053,2
-4.8209,-3.1474,2
-7.0666,-0.71998,2
-2.8229,-0.027018,2
-3.0043,-1.6898,3
-0.10046,2.4448,2
5.6569,-0.66081,2
-0.50726,4.1545,2
-0.97822,-0.78268,2
3.5293,4.0896,2
-4.4836,0.43749,2
4.1492,1.6122,3
3.2098,0.21177,2
-4.1239,-4.6161,1
-0.51081,0.23094,1
1.2305,-1.5692,2
-3.653,0.10162,2
3.1658,-0.45403,3
4.3275,0.8988,2
0.078631,-4.8245,2
-0.14446,1.7101,2
0.31361,2.4503,2
-2.1327,-1.9945,3
-1.2738,-0.97179,1
-3.1875,-1.5205,2
2.5629,0.27885,2
2.7855,0.76964,2
-2.0338,-0.45803,2
1.2463,3.9365,3
-0.70921,1.6501,3
-3.4161,3.0968,2
-0.76679,1.1745,1
0.38471,-2.3652,3
-0.38131,-1.4518,2
1.4419,-0.36141,2
0.32535,3.4016,3
-0.14973,-4.8239,1
-0.71272,-0.44052,2
-2.5721,-2.8445,1
2.8911,6.9508,3
0.081429,-2.7084,2
0.17359,-0.80776,1
-2.3657,-0.50678,1
0.92062,-0.14614,2
1.0979,0.30973,2
3.8483,-0.60759,2
-1.8549,2.2824,2
1.0594,3.449,3
2.3277,-0.4711,2
1.3582,1.9609,1
-3.1719,3.8418,2
-0.13005,-3.1779,1
-1.7001,1.6895,2
1.9714,0.81772,2
-0.72812,0.35525,2
2.9776,2.2329,2
1.0464,-0.39221,2
-3.3734,-5.3693,1
1.9056,3.7587,2
2.0224,1.0339,2
1.2757,2.3523,3
-2.8648,-3.0097,1
-0.56907,-1.2031,2
-0.45352,-1.3872,2
-3.5593,-0.28589,3
-1.8096,0.5134,2
-1.7874,-1.1909,1
-0.17034,-2.1614,2
3.4211,0.49384,2
-1.2452,-2.4537,2
2.6443,0.42978,2
-3.0184,-2.0304,2
-1.1046,0.39795,1
1.2167,-0.59004,2
2.7821,-1.2146,1
-3.5213,0.91903,2
-0.56571,0.75722,2
1.9176,-1.1136,3
-0.75124,0.30512,2
-1.6949,0.57088,2
1.9952,-2.4351,3
-2.9607,-3.8252,3
-0.016393,2.4228,2
0.37813,3.7163,3
-3.2271,-2.8205,2
2.7579,1.8298,2
1.5281,-1.7795,1
-1.4178,-4.0086,2
-4.4084,0.3205,2
0.35832,1.2126,2
2.7438,-2.2656,3
-4.4482,1.1932,2
1.4515,5.268,3
0.48402,-1.9103,2
0.33029,2.0888,2
-0.24147,1.5434,2
1.9453,-0.023354,2
-0.45402,-1.1096,2
-3.9605,-3.2574,2
-0.85987,1.9378,2
0.6926,0.79599,3
1.9755,-2.3094,2
3.7821,0.17606,3
-1.1567,0.051379,2
-1.2236,1.2089,2
-1.1645,-0.18982,3
-1.988,-4.3036,2
3.7898,2.7209,3
1.2096,-3.0322,2
1.3045,-1.3437,2
-2.5654,-1.5291,2
2.9187,1.5403,2
0.3673,2.4165,2
2.4354,-3.008,2
1.0082,-0.032633,1
-0.99386,-0.99803,2
2.4881,1.6223,3
-1.5435,0.028168,1
4.2161,3.5053,2
2.6338,3.3105,2
-1.8623,1.2392,1
2.4314,-0.79268,2
-0.85522,-0.021464,2
0.64481,2.7471,2
-4.7205,0.9783,2
1.5123,1.3221,2
-0.53051,-0.57735,3
0.4247,0.15145,3
-1.4722,3.2344,3
-0.96247,-0.90412,1
-3.4909,-1.7633,1
-0.74682,3.1225,2
-0.88525,-0.057944,2
3.6693,1.7866,2
1.2081,0.1746,2
0.20129,-0.54931,2
-0.81386,1.3735,2
0.049587,0.78365,1
0.021265,1.4952,2
-0.32999,5.0687,2
-0.6343,1.4678,2
2.0678,-3.7564,2
1.2733,-0.37982,2
-4.3596,-2.3306,1
1.6595,1.5151,2
0.3305,-0.72685,2
-0.96398,1.687,2
-1.8381,0.78025,2
2.4198,3.2958,2
3.5725,-1.8448,1
-1.8197,-1.0714,2
2.7681,-1.8953,2
-1.4744,-0.1073,2
1.9828,3.0168,2
0.99301,-3.1673,1
0.02829,2.7188,2
-2.6405,-0.77023,2
-2.7029,-4.3881,1
1.7972,-0.70384,2
2.8349,-0.25043,2
2.9338,1.2301,2
2.8481,0.72647,2
1.3796,-2.0251,2
-4.3356,0.45041,1
2.7338,-0.85107,2
-0.56371,1.7866,2
3.0451,-4.2454,1
-3.1276,-0.88869,2
1.0577,-0.2805,2
0.66947,4.7383,3
-0.44552,-1.6101,3
3.9015,1.1431,2
-0.97969,0.070268,2
-1.3664,3.8226,2
-4.5908,-3.5738,2
-4.4938,-3.2882,2
3.4616,0.75165,3
-0.19604,0.93615,2
4.4548,1.1721,2
0.66481,3.3791,2
4.4465,-1.4545,2
-0.22384,-0.92708,2
-0.060147,2.7125,2
-4.2428,-2.0202,2
-0.12801,5.2232,2
-0.45801,4.4955,2
0.83597,0.55192,3
-0.45147,2.0631,3
2.4172,-0.46787,1
1.8495,2.2049,2
-0.42069,-1.6049,2
2.6786,2.7395,3
3.4721,0.94398,2
-0.25507,-1.9493,3
-1.926,2.9281,3
2.5167,5.1261,3
1.1305,-0.51387,3
-0.70927,0.90516,2
0.37773,0.77131,2
-0.51438,-1.2933,2
2.5077,0.90819,3
2.7657,2.266,3
0.84495,3.9126,2
-1.6141,0.53836,2
-1.1047,-0.28612,2
-2.7887,2.2054,2
-2.7176,-0.57453,2
5.4427,-0.24343,2
0.27926,2.7936,2
-2.6035,-1.0102,2
-0.018896,-0.90908,3
0.28422,0.27537,3
0.54058,-0.30451,2
-0.52223,-0.36183,2
-3.0586,-1.9832,2
-0.30662,0.29934,2
1.9527,-4.6519,2
-1.2998,2.5772,2
1.4547,0.87631,1
0.77355,0.095554,2
0.55644,0.092604,2
-0.22366,0.57754,2
1.8674,0.25569,2
-1.9141,0.12432,2
-0.11408,-0.49827,2
2.3798,0.79501,2
2.7727,-0.83659,2
3.0445,-0.70365,3
-4.9222,-4.6004,1
-3.5722,-2.0222,2
-0.2302,-0.3577,1
-1.5963,1.8974,2
-0.40833,0.53697,2
3.3511,-0.89729,2
1.5498,-3.5583,2
0.88158,-2.4701,1
0.55155,1.1198,2
-0.47165,0.85048,2
-2.2744,2.2623,2
4.0346,3.2114,2
0.75279,1.6144,2
-0.81159,-2.9287,2
1.2367,1.1219,3
-2.0817,3.5126,2
-0.90158,0.40883,2
-1.2386,-3.7945,2
1.53,0.5999,2
1.1348,0.49182,1
-0.40427,-1.7992,2
4.1635,2.59,3
-0.2896,-4.9316,2
-2.3652,-0.16016,1
-3.1755,0.27312,2
4.6702,-1.2666,2
-3.3592,2.9056,3
-1.2546,2.5651,2
2.0034,2.2738,2
-0.25577,-2.4297,2
1.3172,-2.1048,1
0.55849,-1.616,2
-0.85607,2.0281,2
-2.0834,0.088891,1
-0.38697,0.087796,2
0.04022,-0.022239,2
-0.45255,-0.27515,3
-5.2565,-0.73255,2
-4.3132,-1.2488,3
1.3607,2.9757,2
0.10975,-1.6298,2
-2.4045,-2.6239,2
-1.1366,-1.6252,2
4.6369,-0.10603,2
2.8517,-1.5106,3
0.49269,1.7857,2
0.16162,-0.9199,2
-3.5637,-3.6044,2
-0.75599,-0.65421,2
-2.5757,-2.0359,1
1.3365,1.476,3
-0.97002,-0.11849,3
0.5128,1.0111,3
-0.78901,0.024579,2
-2.1201,1.0586,2
0.080368,-0.9035,2
2.2881,0.18318,2
0.29028,-0.051527,2
-0.47231,-3.7599,2
-4.3164,0.90091,2
0.75205,1.4383,2
-1.0692,-4.5439,2
1.437,-1.4986,2
-1.0068,-1.2966,1
-3.4803,2.6573,2
1.6148,-1.9699,2
-0.4124,-0.072527,3
-1.1804,-2.3513,2
0.6253,-3.9207,1
0.80875,3.03,2
0.60249,3.0162,2
-0.40483,0.28664,1
0.80931,2.4078,2
-3.4185,3.0477,2
1.4298,-3.1547,2
6.9434,3.9662,3
2.2672,1.4692,2
-0.64272,0.286,2
2.4155,2.0469,3
-1.8994,2.5156,3
2.8589,-3.1265,2
2.2733,-0.64554,2
2.7874,2.377,2
-4.5526,-0.39083,2
-0.92276,1.0824,2
1.0015,0.49122,2
-0.3618,-3.9167,2
3.1282,7.8545,3
-0.93372,3.1978,2
-1.9507,-1.28,2
-2.8573,1.147,3
-2.5429,-2.0275,2
0.98312,-1.0538,2
-3.2823,0.53658,2
2.8847,3.4286,1
2.7575,1.3749,2
1.01,-0.4139,2
-0.82281,-0.23103,2
0.10065,1.6373,1
-0.1273,-1.6596,1
1.2144,-1.3854,2
-0.04805,0.16585,2
3.6097,-0.032211,2
3.6349,-4.2124,3
-1.4399,-0.0052031,2
2.7621,2.721,2
-3.2802,-0.34278,2
0.67344,0.51059,2
-1.5889,-1.4319,2
-2.7752,1.113,3
0.070421,0.41203,2
2.7041,-3.1468,2
-1.9887,-0.30594,2
-3.4805,0.55192,2
6.235,-4.7256,2
-1.194,-2.855,2
-2.8667,-3.9585,2
-1.4647,-3.4528,1
-0.1958,1.8129,2
-0.18601,-5.7195,1
0.25523,2.5133,2
3.9247,-0.76816,3
-0.14393,-0.76781,2
2.009,-0.60673,2
1.0063,3.439,2
-2.6093,-2.8445,2
-1.0657,-1.4673,1
-0.2001,3.3206,2
-3.2311,-2.7291,1
-1.4813,-2.7279,2
-2.6989,0.20355,2
-4.2214,-2.1084,1
-0.052164,-1.6726,2
-1.2763,1.4664,2
-0.21171,-3.7232,1
-2.4937,-1.3956,2
-3.5362,-2.9688,2
-2.4582,-5.8585,2
2.3474,1.3627,2
-2.8597,1.033,2
2.2886,-2.1687,2
1.1576,0.24178,2
2.8972,1.7215,2
0.85834,3.1961,2
-1.4017,-0.2399,2
-2.6056,-1.4387,1
-2.7799,-5.7746,2
1.7685,1.8739,3
0.43452,-3.217,1
-2.6011,0.87143,1
-0.56194,1.2958,2
1.3192,0.12148,2
4.5123,-1.7745,2
-0.2265,2.3994,2
-1.3252,0.057596,2
-2.195,0.17712,2
3.3725,1.2606,3
2.3852,-3.0639,2
3.8388,0.48051,2
5.5174,3.7856,3
-0.081762,0.27169,2
-2.1491,-1.4115,2
1.4654,1.8792,3
2.5808,3.6523,2
-0.21858,1.6212,3
-0.99067,0.22233,2
-1.4009,-2.3229,1
1.3451,-1.8676,2
-0.12603,-1.8707,3
1.0902,-2.9269,2
2.1028,-1.3042,2
-3.8348,-3.3201,1
-1.0815,0.87796,3
2.8181,1.206,2
1.5298,1.4825,2
-0.52395,-0.75024,2
2.356,1.0382,2
-1.4693,-1.8723,2
-1.8825,-0.034739,1
3.0961,1.6381,3
0.077355,-1.9105,2
3.9825,2.1198,3
0.12077,-0.959,2
-1.8353,3.5974,2
2.0127,2.1798,3
0.013805,3.427,3
-3.2531,-1.3853,2
-0.8576,-0.61265,2
2.3779,1.0134,3
2.379,1.0099,2
-2.6147,2.9041,1
0.52914,0.0039508,1
-1.7126,2.8185,2
-2.1735,3.3912,2
0.98148,1.1809,2
-2.9622,-0.32612,2
3.625,-0.058084,2
-0.89342,-4.4724,2
0.44334,-0.0096529,2
2.9024,1.196,2
-3.5199,-1.5681,2
-1.726,-3.0066,1
-1.9514,0.32329,2
0.44604,2.1031,1
3.2663,-0.28195,3
-1.4649,0.80201,2
2.0626,1.4887,2
-0.015429,-2.8806,2
-0.15161,0.36751,2
3.3245,3.1686,3
0.71409,-0.51282,2
2.1266,4.0137,2
-5.6837,0.74528,2
0.86195,-0.32264,1
-5.762,-3.1174,1
1.9884,-1.4019,2
3.2615,0.60338,2
-1.2659,0.48056,2
-2.4984,1.2198,2
-2.7494,-2.2489,3
-0.97411,-2.414,2
1.8791,-1.6811,2
2.3596,0.57887,2
-0.5096,-0.39023,1
-1.9027,2.7084,3
-2.431,-4.9748,1
-1.0092,-1.867,3
-0.8919,-0.3203,2
-1.3632,-3.0447,1
3.7062,2.6559,2
2.9305,0.7883,2
-2.1167,-0.32444,2
-0.13731,1.1588,2
-0.08495,1.3437,2
-0.56749,-2.6761,1
-0.57348,3.1495,2
-0.19844,-1.0836,1
-0.080918,2.0389,3
-2.2198,-0.9617,2
-0.84588,0.67946,2
-4.0146,-2.035,1
-0.38902,-3.7193,2
-0.49005,1.2508,2
1.1561,-0.69918,2
-2.7993,0.83618,2
0.055645,0.46022,2
0.54951,-4.7093,2
1.4303,-1.4161,2
1.405,-3.4511,2
-0.96884,-3.1417,2
-1.516,-0.40643,2
-0.69141,1.4952,2
-4.2443,-0.11493,1
1.9359,-3.9922,1
0.10538,-2.2943,2
0.45894,1.0553,2
2.0916,0.44689,2
-3.1699,0.55077,2
1.0867,5.2421,3
-0.85547,-1.1365,2
4.3131,1.4219,2
-3.0692,0.39865,2
0.21666,0.8293,3
2.1525,2.7498,3
5.6968,1.3171,2
-1.8096,0.99701,2
2.3141,-1.882,2
1.8923,-4.2039,1
1.0252,-4.4812,1
2.9053,-0.40861,2
-2.5853,2.3069,2
-3.3535,-4.7214,2
-3.5508,-0.044695,2
0.98651,2.0519,3
3.4144,1.9934,3
-1.554,-1.9753,2
-3.0573,0.35767,2
-1.5277,-0.58724,2
0.78748,0.22514,2
0.79071,4.1159,2
-2.6699,-1.9738,2
0.086355,2.1559,2
3.4404,-0.99019,1
1.3442,-2.2788,2
2.6199,1.2934,2
2.0733,-1.6115,2
-2.3,-0.61759,2
-3.5074,-1.0195,1
-0.1469,2.8165,3
-0.80038,2.6915,2
-2.0537,-2.2497,1
-2.5783,1.1021,2
-2.3878,-1.49,3
1.6538,-2.0819,2
-3.8575,1.5223,1
1.5602,0.58833,3
-1.0147,-1.7197,2
1.82,1.1147,2
2.2557,-1.4216,2
-1.4336,1.4698,2
-0.035521,1.947,2
-1.1431,-0.74805,2
2.1121,-0.44184,2
-0.67668,-1.8077,2
-2.0442,2.203,2
2.0113,2.4826,2
-3.6874,0.11157,2
2.3846,0.67252,3
-0.59042,-3.6736,3
-0.35507,3.2263,2
-0.83875,-1.6145,2
1.5753,3.5466,1
0.9331,1.6476,2
0.04369,-1.2577,2
0.24945,3.2597,2
-0.46693,-2.5271,2
-0.24685,-2.005,1
2.5265,-0.48233,2
-2.1334,4.0438,3
-1.6689,-2.5544,1
-1.838,-3.5682,2
2.511,2.0043,3
2.7393,-0.37288,2
-4.5894,-4.1272,1
-4.0628,-4.5557,2
-0.19015,-3.5861,2
1.0494,-0.72964,3
-3.7942,0.41145,3
-1.2136,4.929,2
-0.73802,-0.53614,2
0.28986,-2.044,2
-3.3837,-2.6949,2
2.6768,0.61743,2
-0.6421,-1.7172,2
-1.4102,-4.3378,2
3.0873,-0.20569,2
-2.5248,-1.112,3
0.016233,-2.4081,2
-2.1656,0.0014559,2
-0.51427,1.2385,2
1.0583,0.30186,2
-2.2938,-4.4109,2
-0.51182,0.4534,2
-0.91511,3.8639,2
-2.1867,2.0949,2
-1.9622,-1.9735,2
0.37642,1.3551,2
-3.9666,-6.904,1
-1.1088,2.5655,2
1.6277,-0.25431,2
-0.23714,1.5349,2
2.7717,-1.3042,3
-2.3557,2.7437,2
3.3672,1.4826,2
1.5968,-3.3917,1
2.5223,-1.6261,2
2.4656,-5.1439,2
2.982,-1.9692,1
-2.8012,-1.94,1
3.3827,3.9541,3
-5.5609,3.8118,2
-3.5235,-6.4521,2
-2.0203,-2.8374,3
1.0017,-2.4957,2
-0.24982,-1.7388,2
-0.42029,2.2452,2
0.8883,1.4254,2
0.62346,1.1942,2
2.5494,-1.9099,3
-1.7534,-2.1432,2
4.407,1.1795,1
-0.34833,-3.9245,2
-0.93122,1.1044,1
-0.96912,2.1136,2
-2.6425,1.756,1
-1.56,-0.24616,2
3.514,-2.3359,2
-2.4074,-0.83254,2
-4.116,-4.961,1
-0.79488,-4.7772,1
-0.43473,1.8308,2
-2.1848,-1.1149,2
0.17863,-4.2263,2
-2.4599,1.4176,2
0.55981,-0.94662,2
0.20987,-1.144,2
-0.63373,-1.9442,2
0.34222,2.5028,3
2.1475,-3.2521,2
-0.54595,1.2017,2
1.3257,3.1302,3
1.0019,1.1565,1
-0.37913,-2.8028,2
1.1511,3.3002,3
-1.6912,0.30324,2
-2.6487,1.327,2
0.58725,-2.6127,1
4.9587,1.2763,1
1.7718,1.841,2
-3.9491,3.0422,2
-0.062799,-1.5149,2
-3.0388,-4.802,1
1.9142,1.1438,3
-1.7469,2.5005,2
-1.9063,-4.0124,1
-1.0094,1.9291,2
-2.023,-3.6548,1
1.6889,2.6381,2
1.4378,0.33755,2
0.5185,4.0558,3
-3.5157,-2.646,2
-3.5478,1.238,2
0.34597,3.7625,2
-4.6897,-5.5143,2
3.6408,2.271,3
-1.9123,3.6921,2
-2.8719,-2.9196,2
-0.085578,-1.5545,1
-0.35185,2.1229,2
-2.5696,-0.66544,2
2.2125,1.5513,3
0.92186,1.6725,2
-0.41295,1.232,2
3.09,-0.36513,3
0.7626,1.1887,3
-2.257,-0.046126,2
1.1014,1.9941,2
-0.055978,-1.2873,2
-3.1461,-3.4363,2
-1.8999,1.846,2
3.1144,-1.8572,2
-2.1057,-0.86328,1
-2.0311,1.8096,2
-0.87111,-3.042,1
2.4818,3.4485,2
0.38918,-0.92473,3
0.14622,-0.2952,2
-1.7581,0.16086,2
0.98911,3.9564,2
-0.72573,-1.3967,2
-3.1824,-0.70346,2
1.5615,1.4259,2
-0.95021,0.19727,2
-0.37007,-0.080399,2
3.3364,-2.6498,2
1.3099,1.4772,2
6.6655,2.6591,3
-0.79916,-1.735,2
2.963,0.99455,2
2.8505,1.0803,2
1.3733,-0.97984,2
-1.1319,-0.65655,2
1.2622,2.4276,3
0.99975,-0.71144,2
-1.5632,-0.2139,2
3.3332,2.2395,2
-0.7873,-2.162,2
-0.28516,1.9132,1
-4.1257,-4.6266,2
0.82166,-3.6515,2
-2.6646,-2.3369,2
2.5466,-3.713,2
-2.574,-0.43329,3
0.54605,-0.11882,2
-1.6507,-0.883,2
-1.6069,-0.066885,3
1.3245,-2.0637,2
-4.4611,2.6902,2
0.064857,-0.61379,2
-5.4267,6.1097,1
1.9046,0.37997,3
4.9349,-0.10452,2
-2.8593,-1.6603,2
-1.2041,2.0651,2
-2.5313,-2.3502,1
4.0928,-0.021084,2
2.8444,0.544,2
-1.0932,3.655,2
0.17312,-5.2044,2
2.5458,1.2888,2
-3.3861,2.427,1
1.8853,-0.1208,3
-1.1672,-2.2002,2
-2.2143,0.085442,2
-1.9293,-4.3413,2
-0.91683,-0.73641,1
2.4621,0.22861,2
-2.0736,-1.5612,2
1.6404,0.69078,2
-2.6774,-1.6671,1
-3.812,0.1281,2
0.09041,-1.8126,2
0.64384,2.4954,2
0.57725,1.5951,3
-2.5192,-1.0341,1
-0.72282,-1.8528,2
-0.102,-3.5228,2
2.1203,-0.55484,3
0.45104,0.46861,1
2.872,5.2296,3
0.81705,1.3563,2
2.6652,0.727,2
-0.074267,3.3274,2
0.50295,-1.8046,2
3.8314,0.033504,2
1.5189,-0.1384,2
-2.9246,-2.0423,2
-0.038049,0.96994,2
1.1595,4.9831,2
2.9387,0.66248,2
0.57738,-4.1927,3
0.55111,3.7146,2
2.8867,0.064485,2
1.011,0.64545,2
-2.3853,-3.475,2
4.6905,6.1153,2
-0.35981,0.19196,2
-0.026495,2.1115,2
-1.4839,-1.8128,2
-1.7512,2.585,3
4.2756,-0.055705,3
3.4575,-0.38912,3
-4.1118,-0.063689,2
-3.2722,-0.57828,2
2.3075,0.67535,1
-4.413,-2.1633,2
-1.9917,0.8992,2
0.7258,0.5733,2
2.2713,-1.2477,2
-3.2326,-0.71106,1
-1.1909,-2.6237,1
-2.842,-1.0755,2
-0.11066,3.2404,2
-1.16,-0.42601,2
0.09046,-0.71398,2
-2.8475,0.51858,1
-1.1333,-2.1535,3
3.7986,-0.43771,2
-0.086987,-0.66397,2
-1.8636,2.9502,2
-0.76415,-0.38591,2
1.9339,2.2914,3
-0.49014,-2.1705,2
-1.1322,-1.0478,2
2.1278,3.835,2
-2.6137,1.5136,2
-0.54185,-0.58048,2
0.40295,-0.96629,2
0.63588,0.21138,2
0.88802,1.1025,2
2.1991,-1.7503,2
2.8394,-0.61585,3
-2.0045,0.95747,2
1.8781,-1.8154,2
1.9437,5.9816,2
1.9981,-1.8591,3
-4.3126,-2.4184,1
-2.4306,-3.1811,2
-1.4292,1.1819,2
-0.48027,0.77957,3
2.515,-1.2714,2
-0.21275,-1.6587,3
-1.0643,2.2296,2
-1.549,-0.18501,2
1.5114,-0.66173,2
0.068738,-3.0717,1
-0.24,-0.23889,3
3.0221,3.4036,2
2.205,1.8614,1
-1.704,2.747,1
1.476,1.0301,2
0.30623,1.8524,2
-1.2672,0.70214,2
0.39705,-1.7372,2
0.11261,-3.8863,1
0.13667,-2.9293,2
3.448,2.7908,2
-4.1606,-0.84095,1
-0.044426,-1.2554,2
-3.7946,1.0825,2
-1.0614,1.9638,1
1.768,3.6505,2
-0.63888,-0.67703,2
2.1502,7.392,3
-0.87898,3.0426,2
0.97749,-1.2893,2
1.4959,-0.010623,3
3.1919,3.2035,3
1.6605,-2.2086,3
-4.764,1.0816,2
0.79918,0.06534,3
-1.07,-1.3967,3
0.78631,0.86492,2
2.5402,-0.27329,3
0.61985,4.1875,3
-4.4767,-0.89527,2
0.77165,-0.82635,3
-0.75124,-2.9501,2
-0.48869,0.56633,1
-1.6101,0.15849,1
-2.1897,-1.4662,2
3.2469,1.8822,2
-3.2717,-2.1601,1
-4.0539,-2.0521,2
0.11246,0.68073,2
-0.9452,-1.5907,3
2.7963,-0.11242,2
-2.9781,-0.75919,2
0.87165,3.2566,2
1.1525,1.7974,2
0.6683,3.0957,2
1.102,-0.40426,2
1.7265,1.8615,2
4.2375,0.075881,3
-3.0141,-3.4243,2
0.36659,1.0974,2
-4.5522,-2.3925,1
-0.62739,-3.437,3
-2.7525,-2.1228,2
-1.8637,2.741,2
0.28468,2.9367,3
2.5655,1.8013,3
-2.5482,-2.99,1
0.29727,-4.6818,1
2.5803,-2.3548,3
-0.78274,0.94264,2
-1.287,-0.035065,3
0.45114,1.1498,2
1.5637,0.47327,2
1.7167,2.0972,2
-2.0681,-1.455,2
-1.4842,-2.3406,2
2.5671,-1.0816,2
-0.77256,-1.9952,1
5.5069,2.8023,3
-1.7108,1.9069,3
0.28721,-2.1476,2
-1.3325,-1.9046,1
2.1971,-0.042929,1
-2.6977,-1.4492,3
0.10369,4.1844,2
0.60683,-4.616,1
-0.077277,2.2687,2
3.6414,0.67742,2
1.6029,0.38313,3
0.57357,-5.8906,2
-4.6009,-7.519,1
0.25445,-3.6687,2
2.6494,-1.2946,1
-2.9371,-1.1527,2
-0.01926,-1.8671,1
1.8156,-2.7114,2
2.7628,0.79846,2
-3.3509,-0.53732,2
-2.207,3.0136,2
1.7727,0.24525,2
-0.12714,-1.2028,2
0.85131,-0.63928,1
3.4093,-1.6315,2
0.58644,-1.5036,2
-2.2793,-0.49549,2
-2.6013,-0.30511,2
-0.32387,3.1628,1
-2.0328,1.3904,2
-4.3202,-0.51817,1
-3.263,-1.7515,2
-0.73411,-4.364,1
6.039,1.069,2
1.82,1.196,2
-0.10585,-0.39251,3
-1.0462,1.5462,2
-1.8216,-2.8361,1
-3.8589,-0.54944,2
0.49221,-1.8679,2
1.2654,-2.6463,2
5.0275,-1.3771,2
-3.0844,-2.6303,2
-5.7546,-5.8145,2
-1.7107,-0.13807,2
-3.2821,-1.2097,2
-0.066539,3.4974,2
-2.1381,-0.70177,2
0.93003,-2.553,2
-2.4207,-3.0551,2
-5.8018,-2.8304,2
2.6329,-2.6512,2
-0.89492,2.6542,2
-1.446,0.65134,1
1.0045,2.1497,2
3.6034,0.11671,1
1.0325,1.0709,2
0.16382,1.6238,3
-2.8914,-0.098626,2
-1.8973,-0.87139,2
4.256,-1.3939,2
0.58752,3.5406,2
-3.6515,-1.8636,1
2.7568,-1.2243,2
5.3388,2.6739,3
-0.88956,-1.0691,2
5.0396,3.6976,3
-1.7898,0.61494,2
3.075,2.776,3
-2.5417,-1.2992,2
0.12247,0.27545,2
-2.9987,-0.96519,2
2.0878,2.763,2
0.6032,0.95551,2
2.2736,-0.18282,2
1.637,0.47655,2
-0.57758,-2.527,2
-1.0621,0.20686,2
-0.27513,0.55773,2
0.5584,1.4427,1
-2.0416,-0.3594,2
2.1395,0.025367,2
1.4643,0.71384,2
0.074539,0.50997,2
1.2777,-3.1452,2
0.27983,0.41445,2
-0.67461,-1.4747,2
1.2815,-0.99746,1
-4.6387,1.635,2
-5.2549,-1.5493,1
-0.057848,1.0446,2
2.9923,0.90638,3
-0.22601,-0.46596,2
-1.8861,-2.6485,2
-0.92335,-1.1744,2
-0.19022,0.094333,2
0.47582,1.7031,2
-0.068763,3.5419,2
3.7599,-1.631,2
1.9034,-1.2819,2
-5.1532,-3.3967,2
0.78147,-4.0075,2
2.3767,0.21815,2
1.1625,0.4083,1
0.64181,-1.8783,1
-0.5248,0.25973,1
0.01291,1.9677,2
-3.2764,-3.5358,2
-1.9597,-2.2351,2
0.44551,0.071141,1
4.7333,0.90971,2
-0.54683,3.4244,2
-0.44671,1.8558,1
-1.2399,-3.2329,2
-0.14971,1.0756,2
3.0168,4.5817,2
0.81092,0.63732,1
1.4243,1.0222,3
1.4287,2.6785,2
4.2758,6.427,3
0.23335,0.59936,2
-3.5452,-1.0646,3
-0.25094,-0.94039,2
0.24251,-2.3534,2
3.52,-5.1599,2
0.29455,1.1171,2
-1.4797,-0.053373,2
0.97952,1.1065,2
2.1928,-1.4997,2
0.44548,-3.3116,2
-2.3045,-0.2023,2
-1.2116,-0.2714,2
-1.7756,-0.53375,1
0.24616,-0.037175,2
1.0737,-0.85614,2
-4.3674,-1.1569,2
4.6541,1.6237,2
2.6667,-0.91531,3
-3.6368,-3.6829,2
-2.7696,1.3101,2
0.54968,5.2579,2
5.0165,2.0326,2
-0.65997,0.3832,1
-0.44313,-1.0855,2
0.14685,2.8697,2
-0.24184,2.2929,2
2.588,-0.32586,2
0.86295,-2.0628,2
-2.6658,-2.3354,1
1.6964,2.7255,2
2.2462,4.465,2
1.559,6.8111,2
-2.1339,0.32226,2
0.3177,3.0447,2
-1.766,3.2936,3
2.6129,2.5706,3
-2.0185,-3.4474,1
-1.3609,-1.2971,2
-0.062057,1.296,1
1.6041,0.60224,2
0.11747,0.96793,3
1.2613,-0.64825,3
5.5785,-0.45084,3
0.70869,1.017,2
-0.58246,-4.6769,2
0.56073,0.41632,3
1.2116,-2.0207,2
-3.5629,-1.0951,2
1.0582,0.43208,2
-1.6334,-3.0679,2
2.195,2.8245,2
0.67445,-3.6825,1
