-5.0176,2.232,1
2.6316,-0.10586,1
-1.1666,5.2033,3
1.62,1.8477,3
-1.1855,1.6286,2
-0.78155,-3.0011,1
0.12862,0.34524,3
-0.54647,-0.46029,1
-1.9164,-1.4989,1
-2.6731,-3.1221,1
1.1644,1.2157,2
0.45326,-0.42287,2
0.30919,0.40959,1
1.1778,0.51072,2
-1.9434,-1.484,1
2.7653,1.5866,2
3.7638,0.3212,2
1.2156,-0.27766,1
-4.2635,0.27676,1
-0.51389,-2.2255,3
1.9792,-1.5718,2
2.3945,2.6865,3
0.46407,1.0199,1
-0.45681,0.85241,3
1.0074,-2.3744,3
1.5179,-0.52318,3
-2.5108,1.2587,1
0.92538,1.9158,3
-1.6117,-2.4537,1
4.3163,0.052295,1
-0.78839,-4.8009,1
-2.2358,-4.6295,1
3.6261,0.077429,3
-4.5887,-0.4402,2
-2.8886,-3.5294,1
-0.53628,-2.0825,1
-1.8309,-0.74956,2
0.24483,-2.1554,1
1.998,-0.16207,3
-0.13799,3.7201,3
4.1483,-1.4871,3
-2.695,3.7128,2
1.4706,1.0612,3
-1.6303,-2.1205,2
-2.4322,-1.7469,2
0.21945,1.3392,3
0.072882,1.7674,3
-2.6747,-0.61917,3
0.62652,-1.7576,2
2.0716,0.10821,2
1.2272,0.095028,2
-0.73711,-0.23298,1
3.3846,-1.0564,1
-0.9444,2.7431,1
-0.17939,0.49036,3
2.4239,2.4301,3
3.0344,-0.046872,3
-1.7533,0.32261,2
-0.32444,-1.6892,2
-2.0156,-2.1486,1
0.50733,1.5741,1
-3.6621,-0.96905,1
-0.24345,-1.3771,1
1.3445,1.0653,3
-1.8307,1.7908,3
-1.6587,-0.83476,1
3.0901,0.97098,3
-3.065,-2.278,1
-1.2689,2.2394,3
-4.2744,-0.97325,1
-3.8906,-1.089,1
0.63337,-0.18002,2
-0.0089155,1.4824,1
3.2964,5.6756,3
-2.4857,-2.9931,1
-3.1164,3.15,3
-1.0832,4.5067,2
-2.0999,-1.711,1
-0.66102,-0.73939,1
-0.67974,-4.4543,1
-3.0779,-3.0825,1
2.069,-1.5239,1
-1.9945,3.2161,2
5.4504,5.9666,3
0.84104,-1.1812,1
-0.39758,5.2929,1
1.1371,0.7033,3
-4.0182,-1.5139,1
-0.12494,0.92291,1
2.642,0.21048,3
0.61798,-2.6107,1
0.76903,-0.34611,1
-4.0898,-0.74755,1
-1.1396,-0.68842,1
-2.2803,-1.5682,1
2.2112,-0.50736,1
0.24098,0.28999,3
0.69919,-0.82709,1
-0.79573,1.032,3
-2.7269,0.39007,1
-0.40862,4.6013,3
4.0152,1.8838,3
-4.0906,-0.12932,1
-0.40526,1.2885,2
-2.3957,0.21829,3
-1.7438,2.1317,2
-2.4678,-1.8896,1
-2.0479,-3.2745,2
-1.7708,0.60972,1
1.6064,-1.5005,3
-0.080448,-3.4819,2
2.2035,-1.5605,3
0.52599,4.5141,3
-4.3879,-4.9171,2
-0.26273,-1.207,2
0.49852,-3.6224,1
1.8264,0.53101,1
-5.1627,4.4951,2
-2.216,2.0147,2
-3.1261,-0.40665,1
1.4499,4.8874,3
-0.77686,2.574,2
3.2751,2.5085,3
-5.4547,-2.4335,1
-1.4056,-1.8112,2
1.2787,1.5907,2
-0.28499,1.9844,1
-4.6693,-4.728,1
1.8725,0.54361,3
0.76647,5.6963,3
-1.4311,-0.84921,2
0.089765,-2.1703,2
1.8694,2.55,3
-2.5586,-3.7365,1
0.31623,-0.21653,3
-1.6254,-3.6829,2
-0.19151,0.35906,3
-0.74153,-0.16189,1
-0.45787,1.8338,1
4.0709,3.3056,3
-0.44119,-4.4737,2
1.8718,0.27606,1
3.0528,-0.48637,2
1.421,-2.2776,3
2.3307,0.39628,2
-1.4569,1.4372,2
0.83285,-0.099676,3
-5.6042,-1.0268,2
-1.4841,3.5127,3
-4.9957,0.28234,2
-2.0094,-4.711,1
1.6979,2.0219,1
-0.17346,-0.90642,3
-3.751,1.2964,3
-1.5862,-0.25222,3
2.7099,-0.46168,1
2.0106,4.8158,1
0.42299,1.2681,2
2.4279,-4.408,2
-2.316,3.4598,3
2.5818,-4.429,2
1.1327,0.88083,2
-3.2236,-2.3995,1
-2.3519,-0.59472,2
1.2031,0.0012019,2
-0.048701,1.5046,3
-1.6306,0.30786,2
-2.1171,-3.6642,1
-1.4059,-1.9618,1
-1.944,2.1656,2
3.7526,-0.75973,3
-1.6984,-3.1345,1
-4.5119,-1.9448,1
-6.358,-3.5674,2
-2.7524,-1.5081,1
0.0059724,3.3466,3
0.87158,0.2883,1
3.311,5.4649,3
-1.5131,-1.9822,1
0.76306,-0.23547,2
1.5263,-0.4899,1
1.4511,2.5956,2
-0.71441,-2.9306,1
0.030816,-0.47116,2
2.6422,0.92308,1
-3.9447,-1.5925,2
-0.49879,-2.3841,2
-0.56341,1.0101,1
5.5599,-0.93428,3
-1.7783,-0.77462,1
-2.6226,0.64594,2
-0.52873,-0.38683,3
2.0186,0.54399,2
-5.0356,-3.1284,1
-0.44435,-0.41792,2
-0.18016,-2.8022,2
-1.967,-1.2408,2
-0.94637,1.9489,2
-0.3339,-1.7538,1
1.4928,0.12868,1
-2.2928,2.8497,1
1.2038,-1.1524,2
1.8543,0.90964,3
1.6476,-1.186,2
-2.265,0.80925,1
0.70644,-0.96864,1
-2.1815,-1.3689,1
-0.38334,0.38649,1
1.0403,4.1111,3
-0.39973,4.0478,1
-3.1786,-3.6688,2
1.5602,-0.80934,3
0.63805,-2.4562,1
0.55225,-3.2824,1
1.0032,-0.060773,3
-1.5935,-1.4571,1
-1.947,-2.6921,1
-5.7583,-2.9478,1
-1.6745,-1.6339,1
-1.7143,-1.0658,2
0.67712,-2.2163,2
-1.6882,-1.2617,2
-0.18664,-2.3456,1
0.11311,2.4587,3
4.5032,2.1065,3
1.6003,0.28219,3
-0.092662,-0.7785,2
-1.0719,2.0764,1
-1.3357,-1.3952,2
-4.8308,2.458,2
3.4909,0.14201,2
3.1014,5.2839,3
-2.8559,-2.1692,1
-1.4527,1.9466,3
-0.41669,0.4107,1
-1.5595,-2.6042,2
4.9508,5.067,3
1.2973,-0.20441,2
3.8209,-0.37332,2
-2.1929,1.2155,1
2.2095,-4.6009,2
-1.2011,-2.5928,1
-1.2774,-1.2494,1
-1.0611,-2.7129,1
-0.0058214,0.40418,3
1.9134,3.8456,3
-0.67546,-1.1217,2
0.85991,-2.4554,2
0.53665,1.2496,1
-2.9728,-4.1579,3
-1.2128,1.031,2
-1.1621,0.22448,2
-1.0837,-0.89484,2
-3.4791,1.6176,1
0.034444,-2.3028,1
0.93457,2.6236,2
-1.9816,-0.85707,1
-1.4505,-0.51273,3
-5.4868,-1.6587,1
2.6212,-3.78,3
1.1394,1.6575,3
0.9902,-0.3984,3
-2.47,-2.2625,2
0.79849,-0.057319,2
1.8241,-6.9194,1
-3.0356,-3.0335,2
0.33707,0.28482,2
1.104,0.50772,2
0.99707,0.90611,3
-0.40718,-0.54845,1
1.7652,1.1373,2
-0.28596,-3.0877,1
-3.5697,-1.587,2
1.2075,0.48179,3
-0.11716,-1.0124,2
3.6562,1.433,2
-0.79539,3.1963,2
-0.22356,-2.0491,3
-3.7249,-2.5457,2
-1.2715,-4.6905,2
-2.2026,-0.33375,2
-1.6754,-0.26865,1
-0.87298,-4.411,1
3.3513,0.11704,3
2.6784,0.4875,2
1.7172,-1.0383,1
-1.7131,-1.3555,2
0.89503,-1.1459,1
0.3745,1.8986,3
0.047069,-2.5928,1
1.2914,2.1942,3
0.18394,1.7487,1
1.1767,-3.4658,2
-2.9498,0.075732,2
-3.8679,2.4711,2
2.2328,-0.96197,3
-1.4712,-3.9898,1
1.4484,2.3509,3
-2.4846,0.44357,1
-0.92742,1.8296,3
-0.7134,-0.17895,2
0.38208,0.04797,1
3.2924,-2.1645,3
2.7229,-4.0699,2
1.2395,-0.31481,1
0.7538,2.0932,2
-4.7062,1.9824,1
0.89587,-0.5757,1
-0.32281,-1.2521,2
-1.67,4.9577,3
2.9115,-0.11695,3
2.3671,-0.35863,3
3.0684,-1.1215,3
-1.6699,-1.6112,1
-5.0102,-3.3711,2
0.52473,-1.759,3
0.82832,3.229,3
0.63381,3.4313,3
-2.393,-3.4176,1
-2.192,0.39035,3
2.3104,-1.9003,2
-1.9715,1.468,2
-6.4963,-0.64774,2
1.6324,1.0125,1
1.2232,0.49798,3
0.7953,1.0793,3
3.1042,2.2547,1
0.02481,-3.8328,1
-2.4428,-0.33397,1
-3.4893,-2.3878,1
0.43914,0.11711,3
0.1741,-0.42562,1
-2.2688,-3.2205,3
-0.85752,-0.55201,1
-2.5718,0.90772,3
-1.4313,-0.3604,1
-1.3208,-0.91123,3
-2.1014,-0.81718,1
1.7227,-0.56315,1
-2.2918,0.67304,2
-0.16675,1.6678,3
1.1843,2.4153,3
-1.3055,4.6955,3
-3.5688,-1.0992,3
1.6848,3.5269,3
-1.4316,-2.4695,3
1.2786,0.33714,2
1.333,1.6567,3
-1.2401,-0.33631,2
2.1064,1.3207,3
-0.40277,-1.4301,3
0.74144,2.525,3
-2.8418,-0.64103,2
-3.6691,-0.079307,1
-1.7427,-1.3612,1
-1.9218,-5.9707,1
0.61912,2.2899,3
1.8046,-0.37537,2
-0.09464,-0.70363,2
-2.9301,-0.2477,2
-0.50427,0.30354,3
0.39203,-1.1365,3
0.3031,-2.3753,1
-3.6956,1.159,1
0.37605,1.0164,1
0.61397,2.7359,1
-1.2856,3.8191,3
-3.2964,-5.9939,1
-4.1902,-0.71526,2
-0.67529,1.3566,1
-0.19361,-0.22581,3
2.7754,4.0257,3
1.7049,-3.9476,3
1.1695,-2.9427,2
3.875,1.466,1
1.6815,-3.0115,2
-1.9554,-2.6963,1
4.0582,-0.21389,3
6.0203,2.9298,3
1.6343,1.023,3
0.51904,2.9476,2
4.13,-2.4965,2
-1.1894,-2.4567,1
-0.23346,2.6434,3
3.8995,0.86671,2
-0.79618,0.60238,3
-1.7225,2.1075,1
-1.5242,2.3936,2
-3.8725,-0.076769,1
-0.59331,-2.2556,1
-3.2365,-4.0076,2
2.5395,1.8513,3
-5.2195,-2.8469,1
-0.82283,-2.8651,3
-0.95237,-0.88676,1
-1.5578,0.086866,2
-0.85791,-4.0054,2
1.4107,-6.55,2
-3.0527,0.79635,2
-2.8881,-1.6132,1
-1.5874,-1.5092,3
2.7514,6.0896,3
1.0641,1.4832,3
-1.4367,-0.46936,1
-0.59185,-1.5571,2
-0.30312,1.1225,1
1.7796,1.5192,3
-1.7207,-2.592,2
-1.2525,0.96325,3
0.18069,-1.3072,1
-1.6915,-4.0585,1
2.5445,2.1193,3
0.36548,-4.7917,1
3.6774,0.35377,3
0.22514,-0.95904,1
0.079995,0.11614,2
-0.95901,2.8259,3
-1.8617,-2.0208,1
6.6489,0.02637,1
0.80474,-2.0624,1
2.6947,8.4093,3
-0.99986,3.3706,2
-2.6754,-1.0038,1
1.7454,-0.061533,1
0.96664,-0.58514,2
-0.18333,-0.38438,1
0.71935,-1.3307,3
-1.2054,1.923,2
-1.1101,-3.9883,1
1.2614,-2.5309,3
3.051,0.14659,3
3.457,-2.5455,1
-3.5315,-1.8299,2
0.18842,-3.9748,1
0.1593,3.0852,1
0.63479,5.5758,3
1.5176,-1.5066,1
-0.23588,0.52824,1
2.3895,1.6667,3
1.5813,-1.5482,1
1.3423,0.68888,2
1.8536,2.29,3
-2.7536,0.25247,3
0.74036,4.4851,3
-0.59335,-3.0392,2
1.195,-0.48996,1
5.2356,2.8009,3
4.8683,5.5301,2
-0.28932,-3.7966,2
-1.6204,-1.4019,2
-0.91628,4.4883,2
0.66211,1.1359,2
1.3906,-1.4487,3
3.289,4.4699,2
-1.1322,1.0079,3
-1.5823,0.15282,2
-2.9194,-3.043,1
2.1672,1.7532,3
-1.5748,0.033027,2
-3.2244,-0.29613,2
-0.73674,1.3112,2
2.0306,1.2642,1
-4.2849,-2.5052,1
0.9645,-2.276,1
6.0307,6.2128,3
3.1378,1.3603,3
-3.3377,-3.5097,1
-4.1917,-6.5411,1
2.0525,0.63489,1
-3.3142,-3.4047,2
-1.3678,-0.62343,3
-4.0513,-0.25073,2
-1.4208,-1.1627,1
-0.91905,3.3665,3
-0.91198,0.81593,1
-0.9673,0.75307,1
-0.31063,1.9021,2
-2.4653,-3.5343,1
3.4455,3.4159,3
-1.1965,-0.60477,1
0.13108,1.861,2
-3.1055,-1.4448,1
0.50927,-1.044,1
-0.84781,-3.5858,2
-4.0959,-0.803,2
2.0622,-1.2145,2
0.57784,2.0732,1
2.8508,-3.2958,1
-3.6529,-2.0058,1
-3.2843,-3.4611,2
5.4027,-2.2688,3
-3.7832,-3.7334,1
-4.2776,-3.1283,2
1.5641,-1.6548,1
-0.71359,0.11328,3
1.3086,-1.6828,3
-2.1009,-1.0949,1
2.6768,-2.6835,1
-2.9676,-3.418,1
-0.19145,0.96422,3
-1.1013,-0.4234,2
1.8866,-0.58486,2
-3.2968,-3.9281,1
-1.0403,-3.1152,2
4.1667,-0.74595,2
2.5269,-0.52302,2
1.2215,4.0385,1
5.1016,-1.4801,3
0.5896,1.482,3
-2.1147,-6.6482,1
1.0093,1.3579,3
-1.812,-3.9606,1
-2.9492,-0.12015,1
-4.2282,-4.7069,2
-1.7076,-1.3956,2
-0.85888,3.2943,3
-3.3685,2.3846,2
-0.96294,0.67683,2
-1.2341,-0.064936,3
3.6852,2.0088,3
-2.1696,0.20997,2
0.36468,-1.1454,2
-2.9344,-1.5875,1
1.2063,0.06875,3
-1.8548,-1.0149,1
-1.7391,-1.8617,1
1.4467,0.47053,3
-4.9063,0.55083,1
0.64394,-2.3431,2
0.95571,0.58062,3
1.595,1.1726,2
0.72379,-0.98324,2
-7.522,-1.8571,2
-1.1564,-1.1664,1
0.56205,0.74472,2
-1.2283,0.20004,2
2.8028,0.74555,3
-0.93606,-5.9383,1
2.3242,2.5696,3
-0.56259,2.2291,3
-3.4612,-1.7315,1
2.3361,-2.1114,2
-3.2664,4.0618,2
2.5185,1.0372,2
-2.7101,-3.4648,3
1.2643,0.89047,1
-1.9944,-0.84758,1
1.0115,-1.3885,1
1.6053,0.44506,3
2.1167,3.3554,3
-5.2749,-2.2241,3
0.59306,0.51882,3
-4.7965,-0.064793,1
-0.9806,-1.7382,1
1.0016,-2.9446,1
-4.4892,-1.6956,1
-4.7199,-2.9167,1
0.02061,-0.29685,2
0.52285,-0.10802,1
-0.16434,1.3898,3
0.40448,-0.71886,3
2.0521,2.2588,2
4.7455,1.5761,3
-2.6964,-2.8385,1
3.6555,-1.0214,3
0.66704,-0.58102,2
0.79882,2.1837,2
-1.1239,0.92801,1
3.3541,2.8462,2
0.555,4.2347,3
-3.43,-4.6872,2
-0.63365,0.027444,2
-1.4494,2.5521,1
0.31947,-0.85946,3
-4.932,0.6505,1
-2.9065,-2.0138,1
-1.8776,2.874,2
1.4922,-3.3066,2
3.0224,-0.011875,3
0.0016291,1.8527,1
-0.40324,1.0719,3
-0.28305,2.0721,1
1.3096,-1.1764,3
-0.39206,-0.13723,3
-0.74547,-0.11825,3
0.18546,1.9006,3
-3.283,-6.7315,1
-2.6101,-4.2759,2
-1.3157,1.0742,1
0.11366,2.1321,3
-0.61742,-0.15453,1
-1.6017,-2.8494,2
1.6299,-1.7957,1
0.38502,1.8248,2
-5.6717,-0.79561,1
-1.5376,2.9811,2
4.1245,0.26486,3
1.3182,3.0866,3
-2.7277,1.0329,3
4.7012,0.68797,2
-0.14048,-0.094143,2
-1.5859,-0.74511,1
2.3435,-0.67473,3
2.11,1.3274,3
-1.6493,1.2776,2
1.4526,2.7413,3
-3.8013,-1.3572,1
-1.0124,2.6559,3
-3.4755,3.0244,2
-3.8232,-1.7637,3
0.37255,-4.5211,2
-1.8552,-0.52414,2
0.27782,1.359,1
0.60201,3.1143,2
0.95644,0.080926,3
2.8764,-1.3357,3
-2.4792,1.4331,2
-0.99562,-2.4136,1
-0.56081,0.054679,2
-1.5337,-0.70324,2
-1.9423,0.88236,1
0.029526,1.8095,2
-0.32117,-1.6046,3
-2.0229,1.6914,2
2.2767,-0.28738,3
-1.8977,-0.10513,1
2.3497,-1.7484,3
-4.3739,-2.3434,2
3.6209,-2.4729,3
2.4954,-0.032176,3
1.7275,2.3691,1
-1.2749,-2.2317,1
5.1777,1.8266,2
0.54529,0.1392,2
0.34147,-1.106,1
-1.5274,-4.3111,1
-4.2132,0.09116,1
1.3511,-1.7062,3
-0.72133,-2.9826,2
-0.65093,-0.69414,2
-0.80864,4.6998,3
1.2459,-0.72775,3
-0.69999,0.10703,3
-0.75851,-1.8935,3
-1.2099,-4.3389,1
0.49939,-1.4231,1
-2.803,1.2679,1
0.57156,-0.32289,1
3.2787,4.0128,3
-1.3505,0.032426,3
0.46368,4.0476,3
-0.19508,-1.1113,1
0.97551,-0.52582,3
0.30152,-1.1935,3
1.4019,-0.61065,1
-1.8349,-1.7262,2
-0.092334,-0.025852,1
1.1334,-0.36548,3
0.4839,4.1437,3
0.2694,1.0901,2
2.7866,0.56484,1
3.2167,0.507,3
-1.2148,-2.5317,3
0.72619,2.3166,2
-3.7887,2.337,3
3.4833,-1.0433,3
-2.3799,-0.65931,2
2.5991,-2.2557,2
2.4902,3.6137,2
-2.6036,3.3479,3
2.5796,0.32592,3
-0.31267,1.5489,1
3.1365,0.61227,3
0.63757,1.8012,2
-0.5992,-1.2102,1
0.57179,0.047793,3
1.1469,-1.9031,2
-0.65778,-0.36291,1
2.4438,1.5502,3
0.12696,2.5689,2
0.94088,4.8228,3
-2.7898,-1.6589,1
-0.99827,0.95376,2
-2.0262,-0.13918,3
-0.41809,-0.90248,1
-2.6864,0.4898,1
1.8969,0.28044,3
0.24181,1.7475,2
1.359,-0.4534,3
3.0057,-1.0029,2
-0.34312,2.8104,2
-0.4637,2.4518,2
-1.9715,-2.6101,1
0.50124,-0.19075,3
-1.4787,6.54,2
-0.38347,1.8141,2
2.274,-3.4796,3
2.2131,-0.077474,3
2.0066,0.77672,3
2.2557,-3.1123,2
0.68604,2.4579,1
2.9581,4.733,3
-3.4526,-0.62691,2
0.36202,-2.9018,1
-1.4355,-1.5698,1
0.24854,-2.4673,3
4.9495,1.3299,3
-0.27574,3.267,1
2.7984,0.54256,2
-4.4853,0.019222,2
3.5424,0.30978,2
-0.080792,0.37485,2
3.5708,-1.6585,1
1.1355,2.6263,2
-2.0059,2.0397,3
1.4441,1.6944,3
-3.7859,1.4099,2
-3.9311,-3.1223,1
-0.37627,-3.1798,1
-2.5556,-3.3106,3
-3.2387,-2.0448,1
3.1979,-1.174,2
1.475,1.9633,2
1.476,2.7183,3
1.9991,1.5097,1
2.3334,-1.3469,1
-3.5123,-1.5259,1
0.1245,0.67037,3
-2.2327,3.5928,3
-2.789,0.96587,1
0.0065796,-3.3141,2
-3.5698,-0.009657,2
-0.34398,-0.29005,3
0.56133,3.8412,3
3.0488,-1.6763,1
0.055241,-2.1263,2
0.22359,-0.95026,1
-2.0755,1.9061,3
-2.0417,2.6128,2
-0.42886,-2.2163,1
0.88873,3.9494,3
-2.6159,-0.026244,2
3.7426,-1.9668,2
-1.9607,0.88325,1
-2.7798,-3.6087,1
-1.1961,3.4548,3
-2.2648,-3.2673,1
-0.46107,-1.2853,1
0.66764,3.3952,2
-0.075419,-1.5798,1
2.9949,1.1952,1
2.7122,2.9584,2
0.86551,1.5662,2
-0.94059,-0.72114,2
-1.5067,-1.3068,1
2.3502,0.44424,1
2.2709,-2.3231,1
-1.0631,0.32056,2
-0.51445,2.8067,2
0.83452,2.9381,1
2.2679,3.6028,2
-0.87459,3.451,3
-3.4999,0.046298,2
-2.4132,2.0433,2
-0.54818,0.46873,3
-2.7027,0.66192,1
-0.86421,3.611,1
0.26737,-0.34553,2
-1.3305,0.57058,1
-0.73804,-2.4257,2
-0.64917,-3.8621,2
1.2511,-0.76836,2
1.9431,2.2731,2
-0.51567,-3.6836,1
-3.0126,-1.1211,1
0.48154,1.1123,3
2.4642,1.2214,3
-0.3433,-5.9118,2
3.8209,-3.9612,2
2.6635,-2.5584,3
-2.2695,3.4777,3
-0.07376,-3.17,1
1.4991,-3.1099,2
3.2823,2.4127,3
0.21147,-1.9346,3
-1.1037,0.68697,1
-3.3887,2.2122,2
-0.11948,-1.8145,2
0.53043,-2.5778,2
0.80884,0.29051,2
0.74375,-2.9525,3
-2.0266,3.5976,2
-3.1539,1.8025,1
0.52059,2.2047,3
0.86833,-1.2047,3
3.7873,-1.6343,3
0.47443,-3.1367,2
-2.5507,-2.0625,1
0.57733,-2.9516,1
-0.40483,2.1208,1
1.7323,-1.9305,3
0.1723,3.6681,2
0.34222,-4.2684,2
0.029368,0.685,2
-3.5028,-5.1208,2
-3.0544,-3.3555,1
6.517,1.3274,2
-1.1351,3.715,2
-1.0354,4.6729,3
3.9523,3.3593,3
0.96083,1.6955,2
-2.5393,-3.7942,1
-2.2923,0.86904,2
-2.0692,2.0422,2
-3.826,0.95948,1
5.8382,-1.8207,2
1.0272,-0.052033,3
-2.2512,-1.9225,1
0.2149,2.2851,2
0.2813,-2.234,1
0.97598,2.0936,3
1.6474,-5.1775,1
0.53945,3.5482,3
2.1243,-0.91307,3
-2.5998,0.088124,2
-0.5381,2.5917,1
0.66872,2.4983,3
-0.37484,0.55798,2
0.74918,-1.4505,1
1.4205,3.8921,2
-3.0606,4.196,2
-1.5925,-3.11,2
3.116,0.021658,1
-0.77908,-0.47705,1
-0.52507,-1.1588,2
-3.8416,-1.4694,1
5.8153,1.2655,1
-1.5914,-1.4355,2
1.6968,0.14845,2
0.87748,-1.8955,2
1.1911,0.02198,3
1.9034,0.21941,2
-1.7855,1.0938,1
-0.89069,2.7616,2
0.37114,0.31388,1
-0.22578,0.31967,1
-2.1429,-1.099,3
1.9879,-0.36586,2
0.20682,-0.39625,3
1.9968,-1.6536,3
0.90978,2.8093,2
-3.8587,-1.9563,1
0.25225,-2.2055,2
2.9445,-3.5831,1
2.2938,0.58048,3
3.162,-0.086913,3
6.9822,2.7492,3
-0.28387,2.1095,3
-2.1356,-0.66479,2
0.24504,1.0719,3
-2.6303,-1.8621,1
4.6154,2.384,3
-0.33606,2.7807,3
3.6714,2.1192,3
-2.753,-2.1396,1
1.0649,-3.0916,1
-1.9171,-0.95936,2
-0.75734,-1.5305,2
0.5742,-1.4743,2
-4.4202,-4.5894,2
0.4809,2.2065,1
1.3737,0.63586,2
-0.43594,-0.15847,3
1.3715,-0.7444,3
1.545,-1.2623,3
-0.44911,-3.183,1
-1.5205,-3.415,1
-0.33045,0.667,1
2.7884,-1.2198,3
3.6596,-1.1051,2
-0.5399,3.982,3
-0.034648,-1.6304,2
2.9551,2.7455,3
-1.2372,-5.8317,1
-1.9148,-0.3278,3
5.1365,2.7956,3
5.3227,2.9896,2
1.116,-0.27159,2
0.87569,-0.27617,2
-1.4773,2.5993,2
-1.6108,1.5456,2
3.185,2.3013,2
-2.2954,0.29966,1
1.3038,4.3624,3
-0.8482,1.509,1
2.0972,2.9688,3
-2.4165,-0.73421,1
-4.0095,-4.129,1
3.3434,3.4581,3
-3.3144,-1.356,2
-3.8418,-0.46534,1
-0.5364,0.083066,2
0.22316,-0.311,1
0.69795,0.89942,1
-2.3922,1.0443,3
0.72685,3.6024,3
3.031,1.9886,2
-0.88618,-3.2792,2
-0.84311,-2.0728,3
-1.0589,-3.5204,1
-0.48357,0.62805,2
-0.73707,-4.2784,1
0.75864,0.051671,3
0.030255,2.3381,3
2.1428,0.30903,3
1.6831,1.1923,2
-1.0895,0.12179,1
-1.3484,-1.2053,3
1.8341,0.53283,1
-0.69488,-2.0618,2
-1.6705,2.5194,3
-2.7772,-0.7672,3
1.1471,-2.8018,1
0.1785,-0.57387,1
1.8578,2.3883,3
2.2452,3.4914,3
-1.3114,-1.8356,2
3.4299,1.9376,1
3.1757,-0.83303,2
2.005,0.79013,3
0.85175,-0.6495,2
0.51203,-1.2396,2
0.68323,-1.3231,2
-2.3991,-2.1762,1
-0.56473,0.69996,2
1.0884,-0.77167,1
2.3066,-1.8928,1
3.9219,-0.52133,3
2.6592,-1.2289,3
2.3665,0.19971,3
-1.2463,0.36933,2
2.5002,5.336,3
-2.0617,0.71622,1
-0.91828,-0.63643,2
-2.4987,-0.36483,2
-0.60791,-0.82535,1
1.4699,3.3836,3
-0.83492,4.1767,3
1.7189,1.0261,2
-0.8364,0.4577,1
1.5174,-0.7078,2
-0.85255,-1.6762,1
-0.82564,-3.4537,2
1.4925,-0.18406,1
-1.7539,-2.3084,1
0.57891,0.88938,2
1.2809,-0.081538,1
-4.4013,-2.1227,1
5.4044,2.444,2
-2.0688,3.073,3
-3.6749,-2.5978,1
-2.0726,1.6104,1
2.8451,0.4529,1
0.56181,-1.3096,3
-1.0744,-0.55554,2
3.3957,0.92618,1
0.2581,0.29917,1
0.11779,-2.3717,2
-1.6894,-0.035839,1
-5.4991,-1.4297,1
4.6472,0.39738,3
3.7864,4.4829,2
-2.2869,-1.0848,1
-2.2216,0.52159,1
-1.1452,1.5272,3
1.4962,-1.261,1
0.41736,1.2821,2
-4.0629,1.9202,1
-1.3946,-0.07527,2
-2.1456,-3.7208,2
-1.2978,1.5103,3
-1.5715,-1.8828,1
-2.4358,-2.7239,1
-1.9584,-2.2028,1
-0.029617,-1.1091,1
-4.9833,-0.76457,1
-1.8133,2.4346,3
3.6191,-3.8626,1
3.8387,2.6241,3
-1.0342,-0.96729,2
0.16679,-4.6123,3
0.62825,-0.31582,3
-5.6087,-1.3215,1
0.94689,-1.4308,1
-4.0864,-1.9313,1
1.0967,-4.0341,1
-5.2522,-1.4401,1
2.3398,-3.3534,2
0.70704,-2.0358,3
5.3955,-2.0353,2
1.8343,1.6382,3
3.9021,2.2312,2
-1.3839,-1.7421,3
4.1074,1.751,3
0.88226,-0.24065,1
0.14351,2.63,2
2.2822,-0.30485,3
1.1547,1.5402,1
-1.998,-3.9981,1
-1.7018,-3.1859,2
0.87917,-0.27274,1
2.0964,0.028363,1
2.7949,-1.0094,3
0.28082,-3.713,1
-0.13657,-4.5062,1
1.8325,-1.5749,2
1.689,1.7385,1
1.853,-0.069436,1
0.4388,-3.4799,2
2.3833,-2.5147,2
1.3492,-5.2504,1
1.2104,3.476,2
1.0464,0.099742,1
-2.933,-2.6731,3
-1.1293,0.12109,2
-0.39805,-1.1577,1
1.3157,2.1739,3
0.75955,-0.086795,3
-2.6066,0.34047,1
-1.456,-1.0959,1
2.1012,-3.6742,2
-0.4777,-1.6859,1
-2.9386,0.39046,3
2.4057,3.0587,3
0.56788,-1.1367,1
-0.77986,0.64132,3
1.0285,0.94857,2
-2.5996,-1.2854,2
0.91893,-0.66547,2
0.30884,4.1069,2
-1.3698,-1.6527,2
0.51735,-0.070264,1
-2.0557,-3.5981,1
-3.6503,-5.241,1
-1.038,1.9053,1
-1.4266,-0.21577,1
0.3382,2.0686,3
2.4508,4.2126,3
-0.038942,1.2386,1
-1.3236,1.6902,1
3.2236,-0.38113,3
1.7129,1.1251,3
-0.19136,-0.34089,3
1.1036,1.905,2
3.3613,2.4157,3
-1.5902,-0.29475,2
1.1532,2.3143,3
2.3371,-1.3504,1
-1.5313,-0.30207,1
-0.16672,0.41944,2
-1.923,2.2987,1
-1.6243,0.99844,1
2.7104,2.135,3
-3.3814,-0.83631,1
-0.98427,1.6967,2
-1.3689,-2.1711,1
3.94,1.2323,2
3.2374,-1.1203,2
3.3469,4.5458,3
1.6772,2.0345,3
-0.15925,-1.4713,2
1.9479,1.2999,2
-3.4464,0.94398,1
-1.8962,-1.1627,1
-1.7079,0.78286,2
-1.4275,-0.90875,3
0.59355,2.5043,1
-3.1776,2.2909,3
3.403,1.5716,2
-5.7323,-1.034,2
-3.675,2.7623,3
-0.44161,-1.6571,2
-2.3,1.2811,1
3.1503,4.8628,3
-1.3326,-5.5437,3
1.4055,4.0273,2
1.0802,2.6749,1
-1.7447,-2.7717,1
4.0636,4.2988,3
3.3367,0.94349,2
2.277,1.2913,1
-2.24,-0.69874,1
1.322,1.691,3
0.23623,4.2502,3
0.38097,-0.74818,1
0.65793,-3.5773,1
-2.6221,-1.2615,2
4.7414,2.0119,3
0.5862,-0.19669,3
1.4112,2.2692,3
2.5939,3.1259,2
5.0467,2.9611,3
-1.5404,-2.8071,1
3.1783,2.7855,2
0.80308,-2.3374,3
-3.8181,-0.36294,3
0.38609,3.4617,2
-0.81572,-0.90427,3
3.4273,-0.68544,2
-0.14634,1.6216,1
-0.32791,3.6748,3
-0.3,5.1717,2
0.69262,1.5035,2
-2.0567,1.6165,3
-1.9883,-2.3706,3
-1.4667,0.12477,1
0.38038,1.353,3
0.60778,5.9396,1
-0.099011,-0.023088,2
1.3818,-1.1612,2
-1.9451,-4.8744,1
-4.0638,1.4311,1
-1.3056,-1.2994,3
-3.1286,0.013279,1
1.5442,2.8894,2
2.2439,-0.39146,2
0.42866,0.25066,2
2.3091,2.5445,3
-1.9375,-3.9315,2
-2.7704,-1.3431,2
2.576,-6.2977,3
-2.3582,4.0365,3
-1.1137,-2.8962,1
-3.1483,-0.073044,2
0.3195,-0.21752,2
3.2903,1.5084,3
-5.4286,-1.7639,1
-0.88471,2.6898,2
-2.0517,0.62959,2
-0.26368,0.42131,1
0.74746,3.1334,2
2.3329,0.73291,2
0.53481,-0.9232,2
0.58481,0.81285,2
-2.312,0.26776,3
-1.1316,-1.2571,2
2.5952,0.80287,3
4.4665,4.6641,3
0.54959,-1.6847,3
-0.61044,-2.6349,3
-5.8341,-1.2105,1
4.5654,0.74967,3
-2.7043,1.323,2
1.2075,-1.7164,3
-1.8808,0.85761,1
-2.233,2.4458,1
0.023288,-1.4969,1
-1.319,1.4233,1
-0.95229,-2.1027,2
-2.3607,-2.1787,2
-1.6594,-1.9311,2
2.1595,-0.94466,3
1.0366,-0.85162,3
-4.0721,1.2444,1
1.2873,2.5267,2
-2.8369,2.7186,2
0.9579,0.35395,1
0.60034,0.78483,2
-0.62157,-1.6789,2
2.2384,2.8973,3
2.0668,3.6045,3
5.4727,3.4885,3
0.5489,-4.7246,1
-0.53816,0.29387,3
-1.0558,-2.4428,3
1.8908,0.73348,2
-1.0992,-0.87895,3
4.2519,2.0767,3
-0.055131,0.9601,3
0.48464,2.3415,1
0.70705,0.81314,1
-2.5132,0.057061,2
-2.9269,0.42229,1
-0.6579,0.66252,1
-3.595,-0.083427,2
-1.007,-2.3207,2
2.5069,-3.8083,1
0.85535,4.4825,3
1.2401,-0.87683,2
0.97932,1.0946,2
-1.3912,-2.2686,1
1.3357,1.7581,1
1.2881,-2.1439,3
-1.7691,-2.221,3
-0.55724,-3.6571,2
2.8602,-0.22696,2
-0.40718,1.5648,1
-0.70652,2.5149,1
-1.2754,2.0476,3
-1.1588,-0.35009,2
1.7452,2.7605,3
1.0756,2.6558,3
-0.31667,-0.89557,3
-0.39786,3.0253,3
-0.72129,-4.4912,1
0.234,0.78386,3
0.11422,-0.72555,2
-1.7075,-1.3882,1
0.53186,0.79092,2
-1.5574,-1.9727,2
3.4973,1.8095,2
-0.3501,0.82752,2
0.1164,-1.1023,3
2.7183,4.4272,3
-3.3235,-3.9775,1
0.45212,1.8738,2
0.54589,1.8669,3
-1.1998,-1.1209,1
-1.1527,-4.5987,2
-3.7052,1.711,1
-0.23737,2.4368,2
3.8944,0.56116,3
-2.5151,1.3469,1
1.9903,2.062,1
4.5982,0.16984,2
-4.4382,-0.45634,1
-1.407,0.91776,2
0.14647,-0.36448,1
1.2172,0.11767,2
0.27633,0.3644,2
-2.3362,-5.2902,1
-0.55183,1.7255,3
0.92246,1.9898,3
3.8594,-1.3637,3
2.8078,0.15952,3
4.7368,4.4698,3
-0.071939,-2.5109,1
-1.6173,-3.3965,3
1.5292,1.7751,3
1.9362,0.20777,2
-0.40408,0.27353,1
-2.8168,3.5553,2
-2.6393,-1.1379,2
-0.12153,0.3216,1
5.3037,4.0257,3
0.49344,1.3852,1
-5.0401,-2.5344,2
0.51977,-4.4746,1
-2.7356,-2.5897,1
1.002,1.549,3
2.3037,1.4463,3
0.73073,0.28353,3
1.3455,-0.050635,1
1.7673,-3.4889,2
0.085358,-0.60991,1
5.0886,1.236,3
-3.0361,-0.50464,2
0.9034,0.4912,1
1.3294,0.96619,1
-2.8573,-4.0304,1
-1.0714,0.20286,3
0.46597,-2.9072,1
-5.4386,-2.7718,1
1.1473,-0.15772,1
-2.6694,0.5745,2
2.4527,-3.2624,1
3.0029,2.4711,2
0.57115,0.040248,1
2.9341,0.72988,2
0.89801,-2.7374,2
0.46344,2.4162,3
0.061346,2.2078,2
0.71344,0.10333,2
-0.76024,4.0361,3
0.15902,1.8478,1
-0.86946,-3.7989,1
-1.5139,-0.28469,2
-5.3914,-3.2556,1
2.8959,1.1467,3
-4.006,1.3578,1
-0.78673,-2.6727,1
3.3078,-1.2505,3
1.4448,1.4354,1
2.2017,2.7688,3
1.2761,-1.271,2
2.4406,2.099,3
-1.9929,-1.445,1
4.2005,2.5722,3
-0.7539,0.27132,2
-2.4031,-1.6751,1
-4.4436,1.0639,1
1.3589,4.8426,3
-0.94721,2.6507,1
-0.82569,2.8516,1
3.0304,0.055687,3
0.011092,-1.206,1
-2.6019,-1.6239,2
-0.55194,-2.7665,2
-1.2925,1.4041,3
-0.23067,-3.1162,2
1.0378,2.6726,2
-4.3565,2.393,1
0.36284,-0.38133,3
-1.8947,1.3021,3
-1.1899,-0.0047199,2
-1.4376,1.54,1
-1.1982,-0.95516,3
-0.40848,2.4843,2
3.6124,4.6203,3
2.0838,3.1213,2
-1.282,0.75618,1
1.3911,-0.84449,2
2.3247,4.4059,3
-1.7281,-2.1796,2
1.1115,-2.2368,3
-1.9034,-0.81525,1
-1.7078,2.0739,2
-4.2566,2.5698,2
-1.7245,0.99274,1
-1.5795,-1.6404,3
0.52851,0.63858,1
-0.80928,1.4217,1
3.7213,1.6378,2
3.916,-0.32937,1
-1.907,0.037237,3
-0.18573,-2.2547,1
4.9551,0.23737,2
-1.0395,-3.293,1
1.1564,2.4451,2
-1.695,-1.5021,1
-3.498,2.1758,1
2.3601,2.9295,3
2.9535,-1.2903,3
0.91915,4.9868,3
3.2463,1.7169,2
1.1378,0.12519,1
-2.149,1.9848,3
2.7659,-0.64526,3
-1.7931,-1.4066,2
-5.0381,-4.2165,1
-2.0401,-3.2111,1
-0.41423,-4.7889,1
-2.27,0.82584,2
2.6312,-1.0133,3
3.3478,-1.2662,3
0.9447,0.6847,3
-0.71047,0.55258,2
-4.8599,-3.0021,1
-1.9736,2.2445,2
2.5928,0.7561,3
-1.5243,2.0671,1
0.73402,1.8619,1
3.3219,-0.39118,1
-3.0003,-3.4484,1
4.0992,5.374,3
-0.644,-4.3289,1
-0.24024,1.948,1
3.8087,0.99342,3
3.7693,2.2254,2
-2.4754,1.8263,1
-0.14129,1.1964,3
-2.2143,-2.6951,2
-2.4929,-2.4916,2
-3.9223,-4.9775,1
2.7452,-4.171,3
-1.1136,2.5709,3
2.4468,-1.0439,2
-0.89795,3.1697,3
-0.86005,1.8517,2
-1.9621,-1.5338,1
-0.47889,2.4228,2
1.7873,0.25324,3
-0.0521,-3.9239,1
0.96681,0.80413,2
-0.14671,-0.48566,3
1.7869,2.1371,2
2.6938,-1.2383,1
1.8968,-1.8185,3
3.5856,0.34857,2
-3.5469,0.23401,3
1.8512,-1.9915,3
-0.058349,-2.8207,2
0.90813,1.7026,3
3.8048,-0.13804,3
0.92086,0.90304,1
-2.4974,-1.7241,1
2.3268,4.9384,3
2.2137,1.5504,1
3.3565,2.9768,3
-0.50714,2.6634,2
-4.2719,-4.4461,1
-1.5944,2.1179,3
2.5316,3.0204,2
0.69992,0.93477,1
0.2586,0.81014,3
0.81509,1.6168,3
3.3258,2.4113,1
-7.3165,-0.29639,1
1.5553,-1.1516,1
-3.2038,1.8054,2
-1.7937,1.6003,3
-2.0679,-3.3555,1
0.37445,-0.3707,2
-2.7563,-1.1232,1
1.8952,-0.76851,1
-0.034291,-0.11755,2
-4.2529,-4.1739,1
1.3045,-0.76684,3
0.40857,0.34463,1
2.518,2.9501,2
0.90273,-0.28781,1
2.2481,0.21696,3
-1.4595,-0.23517,1
-2.9841,-0.91666,1
-2.1083,0.41213,1
-0.68421,0.13815,3
0.091294,-1.0056,3
3.0805,0.9641,3
-1.6023,-1.9989,1
-2.2826,0.54403,1
-1.8159,-3.1421,3
-4.7855,-0.15773,1
-0.016577,1.9945,3
2.4655,-1.3912,2
1.447,-3.844,3
-3.0112,-2.502,1
-0.39119,4.9688,2
1.8958,-1.4834,1
1.049,-2.3473,1
-2.9017,0.65154,1
-0.060789,-3.4028,1
-0.52942,-0.3264,3
-1.3509,-1.5708,1
-0.69151,0.10987,3
1.5228,2.4757,2
-0.98955,-0.34832,2
0.46286,-1.0535,3
-2.4949,-0.84202,1
3.8086,-2.4466,1
-4.2278,-0.55707,2
-2.6466,-1.6356,1
-3.9029,-1.2931,1
-2.8486,-0.85646,1
0.29986,3.2809,3
-3.693,-1.3811,1
2.5518,-0.11046,1
1.0042,-1.2158,1
0.94855,0.086819,2
1.338,-1.0102,1
5.9592,-0.66276,3
-0.86705,1.2464,2
-1.2919,-0.20369,2
1.7688,-0.76003,3
-3.215,-2.3151,2
5.0748,3.0861,3
-2.6586,-2.3256,2
-0.7967,-1.0326,2
0.70436,-1.663,2
-1.0662,-4.1056,1
2.4818,1.6613,2
1.548,0.15859,2
1.364,-5.0948,2
-0.15533,4.2735,3
3.1349,-2.2362,2
-0.031969,3.6433,1
0.88879,3.1559,3
-1.8262,0.3926,1
4.3784,-2.1357,3
4.1727,0.9289,1
-0.035853,0.30443,2
-1.7266,-0.55794,1
-1.7201,-2.4843,2
4.2324,-0.30221,2
1.4703,1.8331,2
-4.5229,-3.542,2
0.47068,-2.247,2
-0.31139,3.5507,3
2.4227,1.9202,1
3.5341,2.6146,3
2.8174,-2.2221,2
-3.0414,-2.2194,1
-2.1273,0.85904,3
2.9662,2.4626,2
1.0928,-0.41458,3
-2.3505,2.0206,3
-1.6608,-2.1168,2
-0.34689,-0.46797,1
1.6633,0.1437,1
-1.6744,-1.2929,2
-0.04785,1.0237,3
2.2611,0.23004,3
-2.4237,-2.8444,3
-0.59614,-1.6653,1
0.44262,-0.81212,1
-0.86248,-1.9932,2
4.157,-0.28835,3
-3.7236,1.1165,3
1.6177,-0.19561,3
-1.5483,3.8134,2
-2.647,3.5264,2
3.3189,7.2604,3
-0.22087,-1.1422,1
-1.9962,-0.83248,3
-1.0241,-0.35363,1
-0.82754,-1.2244,1
4.1227,0.77475,1
-4.706,-1.1972,1
-1.1375,-0.81673,3
-0.1232,1.2287,2
-2.6585,-2.238,1
-3.2958,-1.1894,1
0.096701,-2.8924,2
2.213,-0.39619,2
-0.98596,0.49478,3
-0.21796,3.754,2
1.4765,1.4684,3
-1.6333,-0.54749,2
3.4287,2.7641,3
-1.5691,1.2393,2
-4.2484,-2.3969,2
1.5579,3.1223,1
-1.3167,0.51788,1
3.8728,2.8407,3
2.5565,-0.3457,2
-0.74391,0.92119,1
0.69616,1.8743,3
0.19193,-1.3529,1
-1.5231,-3.6571,3
0.72323,-1.4675,2
-2.8822,2.539,1
-0.90947,-4.2468,1
-0.51514,-3.1057,2
3.5045,-4.0402,1
1.9929,1.7161,2
-5.3807,0.38448,3
-0.61119,-1.4828,2
1.0732,-2.5323,2
3.0054,1.0235,2
-0.83649,0.67768,1
0.79367,1.6685,2
-5.7238,-2.2285,1
-1.6729,-0.99944,3
-1.1772,-0.90813,1
2.2644,-1.6933,2
3.4269,-0.38696,3
-0.1157,-2.2169,1
-2.5403,5.4963,3
1.3498,-3.554,2
2.625,4.945,3
0.9263,-1.6725,3
-2.312,-5.954,1
3.3216,-0.44205,1
-1.4395,3.1118,1
-1.3795,1.6153,3
0.51806,-0.23585,2
0.1443,-0.90672,1
-0.99292,0.38013,3
7.024,-0.74836,3
0.63608,-2.0636,2
-0.40423,-0.69323,3
0.0053553,-0.66605,2
5.5287,3.8138,3
0.18693,-0.79913,2
1.7752,0.027867,3
-3.7425,0.25444,1
-3.9736,-0.82292,2
-2.2951,-3.4424,1
0.35613,-4.4836,2
2.4995,2.8519,2
-3.4338,-1.2324,1
-2.8629,2.7342,2
0.51883,0.5312,1
-5.5292,0.65496,1
1.5947,1.0567,3
1.5712,-0.11251,3
-2.5291,-0.94113,1
3.3056,1.0983,2
0.49539,-0.50736,3
4.3697,4.152,2
1.9443,-1.9723,3
-5.3353,-0.98337,1
-1.0352,0.06127,2
-0.65051,0.89581,3
5.8901,0.95603,3
1.5226,4.0158,2
-2.4009,2.7948,2
-0.2053,1.3316,2
-2.8812,3.6055,2
-0.80547,4.345,3
-0.44375,2.7323,3
-4.394,-4.0334,1
0.71874,-0.058246,2
2.4571,3.9088,3
-1.0902,1.886,2
-1.9258,-3.7657,1
0.40893,4.6383,2
3.1977,-0.26945,3
-0.59378,0.32703,1
0.92751,-1.2664,3
0.92926,1.155,3
-2.5926,-2.2937,1
0.54622,2.7143,2
-3.8993,-1.6824,1
-0.47141,1.5489,1
-2.1278,1.526,2
0.038969,0.838,2
3.3197,3.7768,3
-0.75114,0.34324,2
2.2791,2.6192,2
3.4494,2.4526,3
1.2982,0.41738,3
-0.35703,1.5117,1
-3.1766,-1.8493,1
1.0484,-0.98126,3
-4.4602,-1.1764,1
-3.9067,1.0107,1
-4.1722,-2.3975,1
-0.43379,-1.0657,1
-2.8883,-3.0444,2
-0.66015,-3.5269,1
2.0916,-2.2544,2
-0.41011,-1.2314,1
-2.2682,4.8456,2
-1.6715,2.0218,1
-1.6832,-0.28051,1
-1.3297,-5.2022,3
-1.5238,-2.4871,1
1.9281,-1.3122,2
-0.41474,2.3473,1
-3.6255,1.8452,1
0.69037,-0.4192,2
-0.079558,0.44485,2
2.4401,-0.8902,2
0.40709,0.45672,2
-2.2615,0.65213,3
2.3969,1.6597,3
3.2154,2.5006,3
3.5026,-0.6575,3
-2.7535,0.089203,1
1.5159,5.7084,2
-3.3767,-2.588,2
0.96017,-0.65981,2
2.6659,3.5418,3
2.9044,5.633,3
-2.1452,-2.7448,3
4.0197,1.6797,3
0.066754,-3.6184,2
0.97461,-1.1804,3
-0.83073,5.3989,3
-4.7426,-1.8187,1
2.7272,1.4155,2
1.7432,2.1281,3
-1.4327,-0.6165,2
0.1118,-0.7535,2
3.9049,2.6339,3
0.33388,0.13843,2
-1.4955,-0.61456,1
4.7554,-2.1773,3
-0.10368,-1.3735,2
2.1908,-0.59435,3
0.35195,-0.098401,1
0.060104,-2.0692,1
0.38228,-3.1522,2
-3.3009,-1.3999,1
-0.5539,1.8976,3
2.676,6.3631,3
3.8834,0.23755,3
1.3961,-3.2865,3
-1.5768,-1.1257,1
-1.57,-3.0641,2
1.8533,0.57156,3
-1.6817,2.5381,2
3.7859,1.089,1
-0.75727,0.93232,2
-4.2448,-2.9798,2
2.8658,-1.292,3
2.54,0.19598,3
1.1972,-3.4149,2
-0.30758,-0.89732,1
-2.8594,-2.0397,2
-0.25817,-3.7075,3
-0.14219,-0.60108,3
-3.0161,-1.3698,1
3.67,2.1721,3
-0.65685,0.91362,2
0.6665,0.79192,1
-0.51541,-1.5219,3
1.5844,-0.35021,2
-1.4614,1.3334,3
-3.1978,-1.209,3
-2.0636,-4.2682,2
0.25958,0.86901,1
2.5309,-1.3091,3
4.4823,-0.72471,3
-0.71263,0.16068,3
2.0874,4.0614,2
4.8939,0.73705,3
0.62838,1.8209,1
0.44273,2.1545,3
-0.16478,1.6421,2
1.0904,2.0577,3
1.6775,1.5337,3
0.4253,1.0602,1
0.21608,1.3338,1
3.072,-0.096484,2
1.2241,-0.72534,2
-3.2438,-0.15785,3
-2.4187,-0.52656,1
-1.4424,-0.10423,1
-0.59261,0.42359,1
3.1564,0.062657,3
1.5044,0.068506,1
3.215,1.7375,2
2.5037,-1.717,1
-0.78117,1.481,1
-4.1656,-0.91822,3
-0.25012,-0.3039,2
3.9462,1.5265,3
-2.9923,1.6493,1
-4.5254,0.249,2
-3.5886,-0.58493,1
1.0174,1.312,3
-0.58106,-0.51355,3
2.2233,-0.35242,2
-2.3714,-1.4372,1
-2.6686,0.403,1
2.843,4.4482,3
0.69505,1.5648,2
-4.3023,-3.307,1
-1.0101,-0.48213,1
3.9449,3.3106,3
2.7148,1.7565,3
1.7694,-0.093939,2
-1.9487,0.63429,3
-2.1916,5.8406,3
1.8782,1.2366,3
3.8867,-0.36343,1
0.71917,-2.2432,1
-1.4048,-0.6252,1
0.75823,1.6666,1
1.4448,1.0612,2
2.1301,2.8843,1
3.0109,2.8786,3
1.7275,1.132,3
0.93275,-2.6183,2
-3.8329,-1.1764,1
-0.14602,-2.7685,2
-0.90083,-4.8828,3
2.6031,0.62239,1
0.47298,-1.4203,2
-3.9514,-1.5478,3
1.9144,4.2591,3
-1.6724,-2.0544,2
-1.1794,-1.6592,1
-0.15197,-0.1994,2
-2.1786,-6.577,1
2.8072,-0.028637,2
0.5255,3.4336,2
-0.33651,-0.34885,1
-0.12126,-1.7041,3
1.3896,3.9003,2
-1.4436,0.094211,3
2.4717,-0.71967,2
-0.60215,2.3722,3
1.6053,-1.1253,1
3.8056,-1.33,3
2.0712,1.5831,3
-0.11298,-0.91473,2
-1.9596,3.2013,3
0.47652,0.96928,1
-1.9683,-2.9204,1
-3.3167,-2.8842,1
0.87434,1.9361,3
-0.29034,-3.4089,2
3.2443,-0.83889,1
0.66604,-1.0605,1
1.6024,0.70486,3
1.0805,3.0717,2
2.0293,0.59868,1
-0.50666,-0.43222,2
0.27923,-0.81632,3
0.61235,-2.4565,1
0.88703,-1.1991,3
0.45017,-0.56135,1
0.73629,-2.0646,1
-3.85,-3.1122,3
-5.2525,-3.5496,1
-2.0983,-0.97104,2
-1.8089,-1.7468,1
-4.1908,-2.4796,2
0.12466,1.757,1
-0.11283,-0.83658,3
-0.17567,-6.1099,2
-2.8819,2.5935,3
-2.2575,-0.34695,1
-1.9749,3.723,2
2.4595,0.30628,3
-0.79191,3.0399,3
-3.6179,-1.1297,1
-0.015234,2.7604,2
-0.11694,0.82385,1
-1.1212,-2.4515,2
-2.4743,2.869,3
1.2228,1.6392,3
-4.7903,-1.8734,2
-2.0223,-1.1496,1
-4.5948,-1.3773,1
-1.6627,3.0703,3
-2.8671,0.63321,1
0.78138,1.6256,1
-4.9683,-3.0658,1
-2.9818,-5.3004,2
0.68201,2.0385,3
2.7237,-0.62551,2
0.4971,1.3624,3
3.0637,2.8563,3
-2.7598,-0.79999,1
3.3403,-1.5972,2
-4.4995,-1.4264,3
-2.8548,-2.4608,3
0.32614,-2.4411,3
0.33087,-0.79244,3
-1.638,0.88798,1
1.8676,-2.1412,2
-3.4505,0.87703,3
0.94116,0.68124,2
-0.0017152,0.8896,2
-1.8429,-2.521,2
1.5149,1.1934,3
-0.54404,-2.6184,1
-3.061,1.0977,1
-0.38067,0.96737,2
-0.6696,3.4932,3
0.5742,-0.029709,2
0.63502,-0.026899,3
-0.19706,-2.5757,2
2.4438,-0.38043,1
2.7245,3.0981,1
2.6157,0.73402,3
0.24592,-1.7619,1
1.3347,-1.0691,3
1.4227,1.0671,3
6.1775,2.0648,3
-1.1519,-4.3473,2
-1.8673,-1.2603,2
-0.28904,3.0635,3
0.18356,2.0896,3
-4.8033,0.7116,2
0.5691,-3.8785,2
-0.84612,-3.1012,2
-0.50317,0.14916,2
0.44347,-0.85741,1
0.93428,2.4791,3
-7.8091,-0.68247,1
-0.43926,3.7221,2
1.4535,6.1997,3
-1.4158,4.5896,3
0.56559,1.805,1
-1.9003,-5.8496,1
-1.2796,-0.80384,3
0.9503,3.5821,2
-1.0975,-2.2192,2
3.5552,-1.4766,3
-0.75479,0.98038,1
-0.52006,4.2847,3
-0.7404,-0.16415,3
-2.7351,-1.4002,1
0.90605,-0.19114,2
0.68978,-2.8281,3
3.343,-1.8836,3
2.1056,-1.8528,1
-1.8791,-2.6808,1
0.67077,-0.97017,3
2.8348,7.6171,3
-1.2979,-2.2415,1
0.12605,3.2266,1
3.7406,4.8658,3
-4.0626,-2.7164,1
1.5887,-1.0005,2
-4.5849,-1.6075,1
-4.7726,-4.0167,2
-0.29145,-1.9749,1
0.99695,1.5524,2
-0.11757,-0.17459,1
-3.3373,-1.9196,1
-1.3316,-5.8534,2
1.1492,-0.68423,2
0.9495,-3.7183,1
-2.8296,-1.1626,2
-0.8439,3.1143,2
-2.5077,-2.9237,1
-1.3667,-5.1827,1
0.22595,1.5782,3
2.8085,3.6818,2
-0.26369,3.528,2
-0.83134,-3.2626,2
1.9329,-2.2622,2
-3.311,1.1297,3
1.1577,0.62103,3
2.9457,3.8222,3
2.1862,2.8472,3
-6.6693,-1.2356,1
1.4117,4.052,3
-1.3611,0.013257,2
-0.46869,2.3726,3
0.23465,0.32299,1
-3.5162,-1.774,1
4.2707,0.57812,3
-4.0799,-2.7281,2
0.89448,-1.4365,3
-1.9116,-3.7738,1
1.462,-2.1397,3
1.3792,0.73732,3
0.609,4.2899,3
2.7139,-1.6462,3
-2.3669,0.61399,2
-1.0231,-0.58194,1
-0.78221,-0.47513,1
-0.46323,4.5698,2
-1.3251,-5.3561,1
1.0885,-1.4606,1
-0.99632,-2.4126,2
-1.409,-0.63276,1
0.11563,-0.62012,2
2.5576,2.3799,2
1.1997,-1.2935,3
-0.23506,-0.70102,2
-1.0321,-2.2663,1
3.0571,0.94696,3
1.7671,-0.6981,3
2.5489,-0.66826,3
1.5883,-1.9435,2
-0.12779,-1.1635,2
-1.2529,1.9338,3
4.4614,2.5387,3
-1.7238,2.6305,3
1.4234,-5.3045,1
-0.77052,2.5112,2
2.1732,-1.1586,2
-1.2066,-1.1854,2
0.69569,3.0433,1
2.2173,-0.37587,3
2.1495,6.5259,2
4.0059,-1.5894,3
0.30783,-3.9047,2
1.8303,-0.49239,2
-1.412,2.1302,2
0.38805,-1.1469,1
3.2472,1.5387,3
-2.4715,-0.48922,1
-0.32022,1.098,2
5.2601,-0.63458,2
-3.0851,-1.3164,2
0.83113,4.7851,3
1.1827,1.5888,3
-1.4125,-3.2087,3
3.1662,1.0242,3
-3.041,-2.1888,1
2.268,-3.9868,2
-0.88872,-0.71671,3
3.9829,2.3513,3
-1.426,3.1535,1
-0.39355,-2.9157,1
3.2865,5.0268,3
4.3774,-2.7168,1
-2.3946,-1.1661,3
-0.17919,2.0964,1
2.4481,-1.9626,3
-0.22047,1.2899,1
-0.19763,-4.3017,1
0.69458,0.62887,1
5.4567,-0.3167,2
-2.3608,0.030076,2
-3.0646,-1.8186,2
1.2144,0.22339,3
-2.7196,1.188,3
-0.68614,1.5011,3
0.38931,2.163,2
-1.119,4.1255,1
-1.0666,0.38441,2
2.4795,-1.309,3
-1.3538,1.9662,2
-1.2226,-1.4504,1
-0.018094,-1.6516,2
0.17495,0.46317,3
1.0183,0.32916,1
0.64333,1.371,3
2.1009,0.88068,3
0.33884,-0.12289,1
2.0331,0.17798,2
0.68186,-4.6512,2
-1.3436,3.7401,3
-0.11157,-0.34418,1
0.93821,1.0251,1
-2.188,3.4064,2
-2.0639,-4.0379,2
-2.5348,-0.71656,2
1.757,-0.55526,2
0.71862,0.96049,3
3.1816,2.0686,2
0.25913,2.2326,3
-1.3722,0.0037182,3
-1.5645,-1.233,1
-5.2514,0.65478,2
-0.22806,-0.82071,3
-4.5145,-3.0622,1
-0.39637,1.9139,1
-2.1845,1.9502,2
-0.44829,0.2856,1
1.0822,1.3344,3
0.95203,2.7511,1
-2.9781,2.2009,2
-2.3334,-2.3515,1
-3.0301,2.6308,1
2.5366,1.3114,2
1.3885,6.445,3
-3.7153,-1.0761,3
1.7555,-0.36555,3
4.7119,2.1357,2
-2.5355,-5.9423,1
-4.9298,-5.5365,1
-0.76834,0.22166,1
-2.0924,-2.0445,1
-0.85316,0.35725,2
-3.8496,-2.5825,2
2.0482,1.7704,3
0.54867,-1.0518,3
-0.82437,-4.9377,1
-0.95773,-3.6803,2
-3.3256,-0.032166,1
-2.6412,1.3709,2
-0.04661,2.81,3
0.42173,-0.65621,3
5.5063,5.8437,3
-0.96878,-5.836,2
-1.7579,-2.6925,2
-0.081825,-0.21372,3
-2.332,-1.7429,1
-1.8385,1.3069,3
3.481,3.8018,1
1.1715,-2.0515,1
3.8766,1.7268,1
0.68691,-0.94978,3
2.3972,1.3258,3
-1.0711,1.0303,1
3.0538,-1.1348,2
1.4521,-2.0304,3
2.2481,1.0044,2
-5.7217,0.59937,2
-2.9698,0.3764,2
-5.8889,-4.2979,2
0.59994,-1.4625,2
0.81613,1.8497,2
-7.8193,-3.197,1
0.5826,-0.10828,3
-0.95192,-1.4912,1
-1.9604,-3.976,2
2.444,-0.61547,2
-3.0153,2.2312,2
0.3544,-3.1362,1
-1.6308,0.73624,2
2.1383,-1.5069,3
-1.1494,0.17371,2
4.0111,-1.8447,2
-1.2602,-3.9265,2
-2.6225,-2.171,1
-2.1653,-0.83773,2
0.58275,2.7154,2
-0.40304,-0.50948,2
-2.2946,-1.5828,1
-1.692,-3.4488,1
-0.88608,-2.0225,1
3.7567,-0.81155,2
-4.8604,-0.54059,3
1.4743,4.3169,3
0.71343,-2.9377,2
-2.1338,2.5803,3
-4.7381,0.87904,1
2.009,0.8933,2
-2.9081,-2.2043,1
-2.0128,-3.6129,2
-0.37803,-1.0085,2
2.1881,-2.203,2
-4.2365,-7.044,1
-4.08,-2.5067,1
-3.8318,-1.752,1
-0.28491,-1.5604,3
-0.30574,0.13,2
2.7987,1.4249,3
-0.086504,-3.4389,1
-3.7738,0.93767,2
2.8049,-3.177,3
-0.68195,-1.4129,2
-1.7112,-1.5233,1
-0.4426,1.3114,1
0.96375,2.4774,2
0.17459,1.9473,1
-0.65445,-0.66089,1
-0.40244,-0.12297,2
-3.4941,-1.472,1
-0.37382,-2.9371,1
3.4159,0.99801,3
-0.89989,-2.3072,2
-1.3062,3.799,3
-1.8715,-0.21769,1
5.2352,0.093743,2
-0.90732,1.1498,2
-5.1536,-3.278,1
1.9854,0.25696,3
1.9869,1.2191,3
-0.45593,-0.33126,1
0.6837,1.9752,2
-3.4709,3.2896,2
0.97001,-2.664,1
-1.253,1.9067,1
1.5468,3.0522,2
1.9146,0.82048,2
0.63254,-0.47578,1
-0.065483,-2.2594,3
-4.4096,-2.3061,1
-3.704,-0.32152,2
0.62027,-1.8201,3
-1.7203,-3.8967,1
-0.37489,-2.4234,2
-4.9317,-2.5707,2
0.30619,3.7163,3
0.9612,2.1876,3
-0.6097,-0.1544,3
0.3032,-2.0713,2
-1.8581,1.4995,2
1.6371,-1.4567,2
0.41522,4.3268,2
-0.17415,-3.1534,1
0.59219,-1.1022,2
1.3833,-0.045991,3
1.523,1.9704,2
1.6815,2.7331,3
-1.8633,-0.99422,3
-0.80049,-0.18929,3
-1.2126,-0.73666,1
0.6367,-2.3474,1
0.70095,2.0115,2
-1.7786,-2.2335,1
1.7834,2.9947,2
-0.1807,-2.7653,2
0.0033726,3.7976,3
0.98487,1.7539,2
-0.14274,-2.4874,2
-1.5354,0.049152,3
-3.4138,-2.8742,2
-1.1174,0.35734,1
0.48741,-0.13873,2
5.6882,6.9581,3
-0.85395,0.73697,1
-1.5402,-0.19659,1
-1.0845,3.0799,2
2.4421,-2.0136,1
-1.2998,-1.7961,1
2.3887,1.2615,1
2.1499,-0.64651,3
-4.0374,0.034776,2
-1.0804,0.5245,1
-2.152,-2.6888,2
1.1347,-2.6891,1
2.4549,0.39132,2
1.6051,-2.8896,1
-3.0882,-3.0279,3
-0.92021,1.5363,1
-4.4968,-2.6409,1
-0.30448,-1.5282,1
-0.33579,-0.64049,1
-1.7672,0.25496,1
0.7343,-0.71161,3
-1.1999,-1.5423,2
-3.0333,0.60253,3
2.9006,0.61604,3
0.72394,-0.67186,1
-3.1998,-1.4433,1
0.38702,-0.19758,3
2.5713,4.4563,2
1.8656,4.2293,3
4.8171,0.10753,2
-0.38591,4.8193,2
1.4994,2.9341,3
1.7474,-4.3795,2
2.4756,4.1378,3
1.656,1.0683,2
-0.8258,-1.1029,1
-0.08261,-1.9748,1
-0.62096,-1.0534,3
-1.953,1.1569,2
1.7725,-0.64792,3
-3.0251,-0.62001,2
-1.6199,0.4449,2
0.88713,-1.6948,1
-2.1587,-4.7236,1
-3.0308,4.8633,3
-0.75749,3.1832,3
3.5945,4.0817,3
4.4381,2.802,3
1.7227,-0.66979,3
-0.33948,-0.45498,2
2.3909,0.36376,1
0.46801,-0.6,2
-3.3063,1.5237,3
0.49326,-2.478,3
-1.198,0.73188,2
1.0464,1.5604,1
0.61389,-0.75885,2
-1.4713,1.7203,1
-0.24469,-0.37093,2
-1.3198,-2.0635,1
1.6203,-3.0607,2
0.21777,1.021,3
-2.2074,-2.3786,1
-2.3844,3.6435,3
-2.8809,-0.24452,1
-3.0669,3.1105,1
-1.9171,1.0161,1
-0.23937,-1.3,2
1.0364,0.19198,3
0.09148,0.94409,3
-0.59036,0.79956,3
-2.2186,-5.1515,1
-0.80254,-0.34381,2
-1.6684,-2.5419,1
1.0138,-2.6813,3
-0.063906,1.0681,1
-1.1549,-4.0394,1
0.82415,3.2229,3
3.3079,-0.32507,3
-0.60558,4.3824,1
1.1707,-1.4921,1
0.41323,-5.3408,1
0.42225,-3.1131,2
-4.0209,-4.5027,2
3.0801,-0.23477,1
-1.7563,-1.4317,1
-0.42907,0.91862,1
-2.7448,-2.6055,1
-2.3869,2.381,2
1.2477,-1.578,2
-2.4292,-2.2786,1
0.91481,2.1825,1
0.32584,-0.91153,2
-1.1581,-3.6023,1
-0.12704,-2.8362,2
-0.33366,3.7914,1
-1.1209,-1.2238,1
2.3027,-0.61501,3
-1.4117,0.74619,1
1.2454,-2.0067,2
0.78234,-0.032643,3
-0.90371,-1.0871,2
-2.4925,-0.87469,2
-0.86756,2.1478,3
2.666,-0.70971,1
-1.9029,0.60142,2
2.5857,2.4899,1
-2.2092,2.5787,3
-1.0773,-2.3096,1
-0.12711,1.3934,2
-1.2346,-1.8569,1
0.80437,3.2505,2
-4.3738,-4.8457,1
2.6823,-0.019236,2
3.6181,-2.3199,1
-1.9032,-2.3123,1
2.0028,3.2031,3
-3.5635,2.4303,2
0.73033,-1.3209,3
4.0224,2.4004,2
-0.92042,0.44839,2
2.5467,-1.0421,2
2.4346,0.27636,1
-0.90838,0.3292,3
-0.40248,2.1899,3
3.5491,-0.28273,3
-0.62742,1.2238,1
-1.9224,0.593,1
-2.8597,-2.2954,2
-2.2709,0.015086,1
2.9488,-1.9749,2
0.97419,2.1389,3
-4.8602,-3.1995,2
5.5534,1.8766,3
-1.8905,-3.3627,1
1.997,-0.55582,3
-2.1608,4.2784,1
-1.5287,-1.8319,1
1.9029,-2.6987,3
0.6518,-2.5998,2
5.2134,3.4365,3
3.7723,-1.2437,3
-4.0323,-3.4457,3
-3.1015,-1.1393,2
0.89367,-1.2341,2
4.1519,2.0798,3
-1.9716,2.7994,1
3.1879,3.1231,3
2.2558,2.8113,1
-3.4816,0.81417,2
2.1966,0.90047,3
-2.7946,-1.8877,3
-0.23537,4.1368,2
0.68852,3.7828,3
0.91629,-3.0211,2
-4.2525,0.40351,2
0.3103,-0.49275,1
-1.0409,-2.3801,3
-0.67074,-1.5458,1
-0.20592,1.2508,1
1.6035,-1.1356,3
-2.0828,-1.6059,3
1.3186,3.254,2
-0.011004,-1.556,3
-0.40827,-1.5044,2
-4.9222,-3.2189,2
1.7854,-0.52255,3
-2.6962,0.63518,1
-3.0166,0.30306,1
1.2663,-1.8383,1
-3.3071,-2.4073,1
1.2472,2.3204,3
1.6601,6.4129,3
2.3294,2.3344,1
-2.0181,-0.75202,2
1.2398,-0.97224,1
2.8098,-0.17721,3
-2.3823,-1.0752,3
-2.9685,3.1093,1
1.7528,-2.2215,1
-0.21968,-0.92438,1
3.0047,-0.0085284,2
1.5208,-3.5816,1
0.64946,-1.0338,3
5.0821,0.11353,3
-1.6125,-2.0329,1
-0.38513,1.432,2
0.21256,0.67772,2
-1.4609,0.96862,2
4.5803,2.5488,2
2.4296,4.9543,3
-3.9351,-4.4325,1
0.73054,-3.2084,1
-2.2759,-1.9377,1
3.5176,-0.33212,1
0.38452,-2.7102,1
-1.1614,1.4692,2
0.082895,-1.3227,1
-4.8128,-5.6863,1
3.7063,2.0416,3
-1.2696,0.87539,1
2.8086,-0.18108,2
1.7438,0.73328,3
1.0396,1.7765,2
-6.0122,1.6747,2
3.3734,1.0039,3
0.82454,3.4396,2
-3.1776,0.86778,2
2.66,-1.9189,2
3.6303,4.4495,3
0.27931,-0.75803,3
5.5895,-2.4108,1
4.2987,2.7958,2
-4.0365,-2.1471,1
6.8183,4.3967,3
-0.49851,1.9459,3
-1.8697,-4.2058,1
-1.6802,-2.4909,2
-1.1307,-4.4581,2
-4.6424,1.4943,1
-5.2999,-4.2656,2
-1.1468,2.0632,1
-2.2524,2.6211,2
-0.31566,-0.57877,2
3.0104,0.84051,2
3.6225,1.0582,3
1.4441,2.5114,3
-0.1138,-1.6972,2
-0.29501,1.1749,3
-1.9508,-1.3896,1
-1.5175,0.75639,2
-3.4934,-1.4456,1
2.8307,-1.0844,2
-2.1667,-3.5465,1
1.4393,-1.4525,1
0.066416,3.008,2
1.4846,-0.13619,3
-1.9373,-3.4893,1
-3.7675,-1.075,1
2.583,3.4415,2
3.0357,2.1693,3
-1.136,-1.7398,1
0.66011,4.3308,2
-0.44371,-1.6255,1
-2.713,0.97323,1
1.9798,-1.6232,1
-1.8176,-0.37162,1
-3.0424,1.5675,3
-1.937,-0.57081,2
-1.8103,3.9728,3
0.69201,0.54055,2
3.4605,0.19361,3
0.094031,0.33053,2
0.84003,-0.29468,1
1.0683,0.49385,2
1.9849,-0.6414,2
2.0562,1.2693,2
-2.8058,-0.54795,3
-1.0289,-2.5225,3
-2.4888,-4.2796,1
2.1951,-0.031449,3
-2.703,0.93886,1
3.6647,-1.293,3
0.4194,2.3562,1
-0.87842,3.2696,3
-1.1167,1.6613,2
-4.8275,-1.3834,3
0.76512,-3.0866,3
6.0837,2.9649,3
0.043619,-4.264,2
4.1765,-1.8586,3
0.23506,1.742,1
1.8643,-2.7117,3
2.8613,0.57228,3
1.0556,-0.65829,1
-1.4147,0.16202,1
-1.0532,0.81338,2
-2.2248,2.188,1
2.2072,-1.3428,2
3.6224,2.8512,3
-3.3613,-0.65286,1
-1.3647,3.1306,1
-0.56344,-0.68755,1
5.148,1.0775,3
-0.78897,1.1248,3
2.7316,2.9174,3
-5.0964,0.74806,2
-2.4418,1.3429,3
0.94045,-0.044533,3
0.23033,-2.8949,2
-1.93,-2.9016,1
-0.2459,-3.2026,1
-1.5293,0.24352,1
-0.93172,2.3781,2
0.6554,1.0581,3
-4.3909,-5.3308,1
-0.74315,-4.1011,2
-0.23689,2.4042,2
-0.26896,-3.7782,1
-1.8689,-0.4821,3
-2.9521,-0.33594,2
1.7658,-1.7869,2
-5.3972,-3.8867,1
1.2175,-0.45977,1
0.52072,3.542,1
1.9832,-4.0723,1
3.4237,1.4756,2
3.5325,0.91095,3
0.46326,0.0008448,3
-4.585,-4.6537,2
-2.7635,-1.7859,2
-0.8528,1.7417,3
-1.0392,-4.7488,3
-1.6315,-4.3879,1
-2.3256,-3.7793,1
0.20934,0.72275,3
1.501,1.9462,1
0.36133,4.6702,3
1.1258,5.0295,2
1.2568,0.048173,1
-1.1343,-1.5932,1
-0.14603,-0.029686,3
-1.3218,-3.3076,1
-0.12337,-0.79402,1
2.7534,1.1741,3
2.1083,-2.6221,1
-3.8144,-2.3307,1
5.3502,3.9194,3
0.636,1.3186,3
0.98343,-1.5351,2
-5.6844,-1.4299,1
-2.2782,-0.76313,1
1.8409,2.1193,2
-0.78201,-3.4507,1
-2.4446,-0.67523,1
1.7108,-0.68298,3
-0.25267,1.8849,3
-2.0494,-0.62462,1
-1.0969,-2.1017,2
-2.0495,1.885,1
0.73757,-1.3613,1
2.3496,3.7026,2
-0.60375,0.90937,1
3.0907,1.4716,2
1.6645,0.95937,3
0.023814,2.1211,2
-4.3468,-4.0715,1
-1.7685,-1.7821,1
3.077,-3.1996,3
0.83692,0.84869,1
0.1699,0.038227,2
1.0786,0.65513,3
-0.86162,-5.5366,1
3.7583,-0.5508,3
1.858,1.5312,2
-1.415,-2.8791,1
-0.94101,0.63005,2
0.59718,3.885,3
-2.9621,-2.5096,2
0.32096,1.8282,1
-4.5023,-0.835,1
2.6554,3.0486,2
-1.8327,-4.3324,1
-1.2196,-2.0525,1
1.5843,1.7252,2
-1.5968,3.7211,2
0.46501,1.3487,2
1.6108,-0.60647,3
-0.46303,-0.04198,3
1.1002,0.19406,3
4.5292,2.1594,3
-0.98286,1.79,2
1.9657,0.31241,1
-1.3708,0.26681,3
1.2554,-1.1906,3
-3.1032,0.43757,1
0.45204,-1.1866,3
1.7869,-1.1168,3
-1.2409,1.6838,1
2.6595,-1.1508,1
3.8141,-1.7788,3
-0.014174,1.8216,3
-0.25906,0.19461,2
0.46306,-0.067328,1
-1.1308,2.013,2
-3.2315,-3.6428,2
-3.01,-0.16282,1
-0.955,-3.624,1
-0.20756,2.3164,1
2.0169,-0.64731,3
-2.2885,-2.6119,1
-4.6273,1.1179,2
-0.51668,0.27912,2
-1.7268,0.8677,3
-1.1767,-5.7281,1
-2.085,2.4701,2
0.61677,-1.452,3
4.0911,-4.2707,1
0.5245,-1.076,1
-1.4227,-2.4576,3
-0.085488,0.13518,3
-1.4313,-0.42885,1
1.4653,0.16322,3
-0.77165,0.84837,1
-0.54659,0.84331,2
0.5655,0.9997,3
1.9298,0.052892,2
3.71,1.2802,3
2.2777,-0.73139,2
4.7214,-3.0454,2
3.1111,-5.0733,3
1.1248,1.6824,3
4.61,-0.86149,2
-3.9369,1.3596,1
1.7683,-1.8428,3
2.3853,-1.8882,2
2.4582,2.3267,3
0.65957,0.48959,2
1.0435,-0.45097,1
2.2524,4.919,3
0.97589,-0.59278,1
-0.97787,-2.3527,1
0.96646,0.75579,1
-2.6412,1.9983,1
2.9636,2.0143,3
3.159,-2.5607,2
-5.1798,3.2196,2
1.0191,-0.30111,3
-1.312,3.1316,1
-0.57885,0.61503,3
2.5562,6.0147,3
1.2907,3.0466,3
3.7061,1.2841,3
-0.37368,0.069589,2
2.8132,-1.4602,3
0.30746,-0.85878,3
1.025,-0.33808,3
1.3489,1.4015,3
-3.306,-2.3694,3
-0.76984,0.56053,3
2.7591,-3.8426,2
-1.9014,3.782,2
0.16762,-1.6605,2
-1.8787,-3.0384,2
3.7636,2.9498,2
-3.6856,0.58394,3
-2.0261,1.8536,2
1.0567,-1.7027,2
-0.84229,1.0663,2
-3.9495,-1.1607,1
2.9142,-2.4041,1
0.50937,-0.42743,1
2.4403,0.86627,2
1.4149,0.19813,3
3.2542,-0.15232,3
3.732,0.047514,1
2.1288,1.7108,3
-1.1539,-2.2851,1
-5.1524,-2.3602,1
-0.16815,-3.0458,1
3.8921,-1.7375,3
1.2712,-0.61605,1
-2.5869,-6.2825,1
-0.36074,1.8198,2
-3.172,-5.3811,1
-1.7527,-0.28138,1
4.6761,1.6858,3
-0.11208,5.173,3
4.1803,-2.7061,2
-0.22958,2.501,2
2.6734,1.2218,2
-1.1005,-0.48256,1
1.0147,-3.5187,2
2.522,-1.925,1
-0.53774,-0.22951,1
-0.81869,0.05824,2
-3.6162,3.1506,2
3.4682,1.3305,1
-1.1326,1.001,2
2.1082,-0.56258,1
-0.1885,2.2881,3
2.8227,-0.58816,3
-0.019218,-1.5617,1
0.51354,1.7036,3
0.34323,-1.7502,1
2.8237,3.1323,2
1.2,3.5846,1
-0.80717,-3.9996,1
-4.6946,-0.38537,2
-2.3614,-1.6574,1
-3.452,-3.8068,1
-1.4087,1.206,3
-3.9154,-2.0016,1
5.3772,3.4284,3
-0.7795,-2.4964,3
-0.52266,4.0165,2
-5.3347,-3.8194,1
0.14133,-2.0877,1
-0.28858,-0.55102,1
1.3487,3.9544,3
2.7505,5.4676,1
-2.5631,-0.81751,1
-0.97437,-3.0845,1
-0.45595,-2.3634,1
-1.0189,2.2134,3
2.0512,1.3076,3
-1.326,1.1494,1
2.3282,4.7839,3
2.2,-0.24922,2
1.4097,3.7193,2
-2.3969,1.6369,1
1.5436,1.0302,2
-3.5505,-1.4523,2
-5.621,-0.99787,1
-0.42672,-1.8957,2
-0.77088,-1.1676,1
-6.4432,0.75163,1
0.27684,-3.8611,3
0.014995,2.5111,2
-1.7986,0.55689,1
-1.3993,1.3601,3
-0.26321,0.24105,1
2.7077,4.4314,3
1.4947,4.6324,3
-3.8634,1.5797,2
-0.087289,-0.47108,3
2.2638,3.1978,3
1.4693,3.6033,1
2.7757,-0.56174,1
3.5668,-1.5439,3
-6.5922,0.58603,1
2.5022,-3.1182,3
-1.3687,-0.49222,1
-0.49692,0.082435,1
-3.1044,-1.4876,1
-0.21504,-0.58477,3
2.8483,2.6597,2
-1.512,-3.3603,1
3.5137,0.89175,3
-2.6421,0.26829,1
0.26222,-1.7431,1
-1.5072,0.49142,2
-0.38465,-1.451,3
-1.3176,-2.0342,1
1.1016,-3.2761,3
0.68495,2.5518,3
1.6377,0.64688,3
-0.6939,-0.29961,2
4.1724,4.6252,2
-0.53924,1.4555,1
4.1983,1.4298,3
-0.73132,-0.49008,3
1.8225,1.2131,3
2.7013,0.11081,3
1.1569,1.3122,2
2.5842,-0.44343,3
-2.3216,-0.27769,2
0.1917,0.099507,3
0.66064,1.0026,2
0.11257,1.4577,1
0.25066,0.53698,2
-2.9934,1.9286,1
-0.97992,-1.9776,3
-0.25049,-2.9201,2
-0.85701,-0.85057,1
-2.3072,-4.9048,1
-1.4584,-0.57715,1
-0.13817,1.4835,1
-3.5323,-1.5922,1
3.1696,0.34302,3
-5.1881,-3.7368,1
-0.39102,-1.9603,2
2.1216,-1.9296,3
2.6393,1.5549,3
1.9157,0.52718,2
-1.3329,3.3711,1
1.1664,0.88957,2
-0.52445,0.12253,3
3.612,4.5773,2
3.7798,1.5401,3
1.5942,1.6865,3
-1.8735,-3.0868,1
0.26636,2.0513,1
4.0633,2.3644,3
0.2449,2.5187,3
-0.52168,1.638,3
-3.176,-0.59264,1
0.60464,-2.5529,3
-1.6524,-3.9752,2
3.4572,-0.42446,3
1.0228,1.1184,3
-2.5577,-1.811,1
1.7707,-0.032565,1
4.3746,2.9234,2
0.76091,0.85635,3
-4.464,-2.0935,2
-4.1508,-1.3137,2
-2.3059,2.8842,2
1.9462,0.1339,3
-0.84537,4.2374,1
-1.7825,-4.8008,3
1.2431,-1.0317,2
-0.48287,0.48383,3
0.98709,2.1556,1
1.2381,-0.19445,1
0.01174,-1.0138,2
0.81922,3.7333,3
4.643,2.2263,3
0.55424,-1.0727,2
-0.75215,3.9416,2
2.2735,0.39534,2
-4.5086,-2.5649,1
2.328,-1.6151,2
-2.1066,2.2339,3
-0.23112,2.5457,3
3.3489,4.4275,3
-1.1753,3.0635,3
0.28181,0.11112,1
0.46682,-1.0092,2
3.7423,0.41755,3
5.5475,0.32507,3
-2.7219,-0.99058,1
-6.0862,2.1394,1
1.2263,-3.291,2
-4.3018,-5.6195,1
3.7919,2.6451,1
1.2383,3.0166,3
1.3948,-3.4222,3
0.12922,-2.2267,2
-1.7042,-0.32929,2
4.0199,5.6487,3
3.1834,4.1895,3
-1.3865,-2.5547,2
-2.0375,3.1353,1
3.2161,-1.3147,3
-0.61799,-0.13156,2
1.748,2.8013,2
-0.91688,-5.2514,2
0.037703,0.56988,1
-0.25179,0.19042,2
-0.4604,0.39936,1
4.6349,3.853,3
3.6183,0.67658,3
0.66071,-1.9708,1
2.1104,2.256,3
0.46124,-1.7129,3
0.40041,-4.7838,2
0.01171,2.0447,2
0.92904,-3.2372,1
-0.74466,-2.6373,1
-0.404,0.44759,2
3.0959,-2.1396,3
0.60206,1.641,3
1.764,2.2167,2
3.7464,2.0085,2
0.99864,3.5014,1
-4.0381,-1.5016,1
-0.78782,-0.32355,3
0.93775,0.057301,2
-4.0198,-2.9859,1
-2.5424,1.3516,2
1.8978,2.7381,2
-0.26954,-0.7942,3
2.8813,3.3507,1
-6.3459,-4.1449,2
-3.3586,-0.072387,1
-1.0916,-0.71413,2
1.6358,-0.50426,3
2.9566,0.77758,2
-4.3424,-1.4974,1
1.3217,2.3402,3
2.004,-1.1504,3
1.2929,-3.3622,2
-1.3017,-0.8504,3
-3.2024,2.2782,2
-1.2117,0.34773,1
-0.48736,-1.5044,2
3.216,-3.7333,2
0.29599,0.43577,3
0.48314,2.157,2
1.5313,2.1647,1
-4.4579,0.43203,1
1.5598,0.59739,3
1.8962,0.62205,1
2.3469,1.1009,3
1.8784,4.7431,3
-5.0605,3.679,1
0.22552,0.027723,2
2.5687,1.9795,2
2.4497,0.62657,3
0.50325,0.36509,1
-3.484,1.9444,2
-2.4646,-2.2677,3
0.66213,-0.21826,3
1.1976,0.4188,1
-0.67181,-0.40308,1
0.63062,0.013825,1
1.6197,1.5331,3
5.1707,3.7414,3
-1.436,1.4271,2
2.5267,-3.6293,2
-0.25398,-0.62067,2
-0.49289,-1.3437,1
-2.911,-0.82519,1
2.7696,-2.1586,1
-4.012,-2.0855,1
-3.3833,-2.001,1
1.512,-0.44141,3
-0.91539,2.1143,2
-3.605,-3.5168,1
1.1893,-0.33684,1
-0.43299,-6.5263,1
2.6081,0.21192,3
-1.8215,0.97033,3
1.8715,0.31313,2
-0.11889,0.077671,1
5.298,-1.2828,2
-2.5042,-3.7302,3
3.2678,3.7916,2
1.5869,-0.19611,1
1.1517,1.5957,3
-1.1004,-0.024589,1
-0.61842,0.15081,1
-2.4374,-3.4706,1
3.2032,2.9537,3
1.7384,0.26511,3
3.2164,3.2151,3
1.9836,1.7741,3
-0.39199,2.3188,1
-1.3244,-2.9761,2
3.8531,1.1001,3
-0.3839,0.40776,2
-2.777,-5.6971,1
4.0582,1.1841,1
2.697,0.72098,3
2.105,-4.292,1
5.3444,-0.1351,3
0.95782,-0.2168,1
-1.5895,3.4924,1
-0.39277,2.0996,3
-1.0432,-0.56169,2
-0.11179,-1.5241,3
-0.63822,-2.5922,2
1.0906,-0.18913,3
2.2935,2.6483,3
-3.117,-0.68321,2
-0.64256,-2.1146,3
-2.6109,3.9226,1
-0.98443,-0.71907,1
-1.6684,4.2569,1
-4.8439,-2.2471,1
-2.4244,-0.33265,2
0.64642,0.51558,2
0.12434,3.7693,3
0.4029,0.98645,2
-2.5993,-0.073146,2
-1.3399,-2.278,3
2.1096,5.4136,2
-0.93499,-3.3168,2
-0.079761,0.52431,2
-5.8544,-2.2291,2
0.025427,2.6358,3
0.35382,2.2792,1
-0.28351,2.9536,2
-1.2469,-2.4912,2
2.3889,-2.7334,2
1.3259,-3.0006,2
-0.018941,1.7674,3
-0.80653,-0.20456,2
0.35486,0.75996,3
-0.8924,-1.2676,1
-1.3402,-1.5182,1
2.3323,-0.10519,1
-0.83668,-0.68337,1
1.704,1.2119,3
2.6418,2.132,2
2.908,-1.0446,1
2.4677,1.4838,2
0.77979,-3.184,2
2.515,1.5844,3
0.58054,1.2893,3
-0.18592,-1.3513,1
2.3541,4.4867,1
2.6353,-7.741,2
-0.1745,0.89831,2
1.8868,-0.5586,2
-0.83711,-1.007,1
2.0423,-2.6899,2
2.0159,-1.4151,2
-0.99947,1.1905,2
2.4039,-0.29147,3
-0.37827,0.32568,1
1.8693,0.21935,2
-2.4169,0.5622,1
2.1112,1.4905,3
-6.0345,-0.36258,1
0.033528,3.2309,3
1.6073,1.8992,2
-1.6007,-2.8551,2
-2.0566,-6.029,1
2.3587,-0.44425,3
0.088097,0.78292,2
-0.84345,0.67245,1
-1.8763,-0.95576,1
2.6544,0.62544,3
-0.037498,-0.13416,3
0.61965,-0.63959,2
-0.22083,-0.3977,3
0.37154,2.5748,2
4.2426,-1.192,3
-3.136,1.6547,1
-2.7088,2.1617,1
3.5827,-3.1674,3
2.4632,-2.0348,1
-4.9432,1.6754,2
0.99763,-0.296,2
-2.9016,-2.2462,3
-1.9499,0.56966,2
-4.4052,0.021632,1
0.39365,-3.8147,1
1.0351,-1.6666,1
-1.8605,-1.8096,1
3.913,7.2941,3
-1.238,1.1314,1
-0.42484,0.75387,3
-4.797,-1.4034,1
0.70421,3.8499,3
-1.8633,1.5148,2
0.23419,1.1155,1
0.99053,-4.9079,2
2.5423,-1.2132,3
-1.1877,0.11718,3
-1.5234,-0.30881,2
-0.21232,2.7261,1
-2.9137,-2.1344,2
-1.4165,-0.73011,2
0.17236,-0.0076338,2
1.8275,1.1455,2
0.32455,0.57008,2
-2.6603,-3.0534,2
2.6544,-0.71461,2
-0.22967,-3.1605,2
1.0758,-0.44607,1
1.4043,-0.93433,1
-2.6494,0.64002,3
2.8401,1.2301,3
2.3762,6.1816,2
-1.0206,-1.0569,1
