-0.46133,2.744,3
1.4282,-0.079341,2
1.4678,2.6974,2
-0.26849,-4.7513,2
3.9852,1.3021,3
1.4279,-2.6091,2
-0.48054,2.1925,2
-1.1254,3.0756,2
0.93299,1.0718,2
4.3311,-1.0535,2
1.3862,-2.9676,2
1.3052,-1.5675,2
2.5589,-1.2691,2
-2.6104,2.0048,2
0.047412,0.16654,3
2.3098,0.92978,2
-4.6807,2.4126,2
4.536,-1.1445,2
-2.8677,-1.2747,2
-2.5443,1.9017,2
1.7399,0.46462,2
1.141,1.5329,2
2.3424,1.4455,2
-2.609,0.82385,2
-2.6616,0.043521,1
-3.3549,-1.0995,2
-0.16917,0.64808,2
-5.6654,-5.4859,2
-1.6999,3.3331,2
-0.8094,-2.5764,2
0.25695,-2.8771,2
1.0664,1.6407,2
1.7535,0.74708,2
-5.3964,-1.4273,1
1.6021,-0.69004,2
-0.3099,-0.78334,2
2.3308,4.1948,2
-0.046151,0.46338,2
-2.6784,3.4409,2
6.9043,2.6869,2
1.0305,1.503,2
1.408,-2.8905,3
1.702,2.2082,2
3.4646,1.996,3
0.59769,1.182,2
-5.2714,-0.79729,2
-2.2734,2.9313,2
0.80769,6.4024,3
-3.8181,0.41161,2
-2.8153,-0.35669,2
1.4007,-1.7572,2
1.3883,0.77122,3
-2.7043,-0.083989,2
-2.2397,-3.0707,2
-1.3346,0.52984,2
-1.1136,-3.7263,1
-1.5286,-0.13241,2
1.0922,-0.21508,2
-0.58741,0.82688,2
2.7171,3.6156,3
-3.4713,0.58804,2
1.2026,2.5072,3
1.0049,0.046498,2
-2.3156,-0.52345,2
-1.6931,6.7523,2
-0.81672,1.3234,2
1.2445,0.54758,2
-4.4797,-0.35229,2
1.5518,-0.42149,2
-4.9791,2.4099,2
2.5296,2.8614,2
-3.0456,1.7014,2
1.9569,-2.5773,1
1.1216,-1.6054,2
0.86054,-2.9098,2
-2.7938,2.3631,1
6.0509,1.6082,3
-3.4352,-2.9352,1
1.6137,-1.274,2
-5.4995,-1.2781,2
5.5867,1.9558,2
-0.79408,0.45095,2
-4.546,-3.0173,1
0.14925,4.3467,3
0.40869,1.1412,2
-3.5394,-1.7514,2
2.053,1.3284,2
0.33428,-0.68521,2
1.8855,3.4534,2
-0.4201,-1.9819,1
2.5979,-1.7178,1
2.23,-4.4149,2
-1.6589,-3.5006,1
-1.4181,-1.1822,2
1.13,-1.4236,2
0.42567,0.09586,2
0.21563,0.98204,2
2.6929,-0.92763,2
-3.47,-1.8636,1
-1.1896,-1.8153,3
-0.13951,-0.96676,3
2.5348,0.59213,2
-2.6976,-3.1474,1
5.7807,-1.6166,2
1.0025,-1.999,2
-1.3632,-0.21812,1
0.39142,-1.6741,1
-1.7427,-4.1013,2
-2.0672,2.3848,2
-0.6083,2.4225,2
-3.5093,1.7751,1
0.91464,-1.0648,2
3.2036,4.4219,3
0.53055,2.7888,2
2.7147,1.2975,2
-3.8873,1.7517,1
1.3394,-3.9597,2
1.813,2.9012,3
2.4817,2.1199,2
1.4099,1.3154,2
1.1459,-0.85775,2
2.9741,-3.156,3
1.6588,-1.01,2
1.126,-0.6971,2
-0.30301,-1.6189,2
2.194,0.19126,3
-0.88568,-0.51569,2
-1.4705,2.3415,3
2.8985,0.279,2
0.79481,-0.95596,1
-3.5546,-0.69126,2
-1.27,-6.5738,1
5.1806,6.0046,3
0.80823,3.2206,3
-1.0246,2.9365,2
-0.29243,-4.2186,2
2.0004,-1.4127,1
-0.83923,-0.85333,2
1.3123,2.2332,2
-2.8571,-1.3336,2
0.38088,1.9754,2
-2.2002,-1.1971,2
2.0018,-0.91255,2
0.016369,1.2321,1
0.60889,1.0142,2
-0.86938,2.431,2
-3.2118,0.12171,2
-0.30251,0.51746,3
2.0802,-0.5099,2
-0.027758,2.712,2
-1.8841,3.767,2
2.0477,4.7395,2
-2.5439,1.9065,2
0.73093,-3.2166,2
0.12166,0.018536,2
4.303,1.057,2
-0.49018,-1.4414,2
-2.2936,-1.8698,2
-0.48837,0.37514,1
0.80616,1.8558,2
1.215,1.9678,2
-1.9692,0.2685,1
-4.1096,-2.8505,2
2.2128,-0.93817,1
-2.6666,-0.61058,1
-1.7047,-1.7035,3
0.44206,-3.0413,2
-0.42765,0.94377,1
0.79854,-0.099327,2
2.0015,-0.31576,2
3.653,1.5795,2
4.6493,-3.9609,3
1.164,-2.3357,2
2.1418,1.7725,2
0.2591,3.9424,2
0.28501,-0.45227,2
0.31477,1.4757,3
-2.2725,2.9113,2
-2.557,-1.2472,2
-0.40191,0.41129,2
2.3537,-1.2063,2
0.88518,0.018793,2
-3.141,2.6235,2
0.49287,0.62205,2
-0.69995,-0.078387,2
2.1702,4.3322,3
-2.712,2.8966,1
2.4346,4.4298,2
5.1771,-3.1718,2
0.56489,-0.72857,2
0.40132,3.4606,2
-0.22998,0.50821,2
-0.75152,-0.10897,2
-1.9213,-0.49008,2
-1.1541,0.34726,3
0.19234,-5.3671,3
2.5962,2.9618,3
-4.0393,-1.0895,1
-0.16492,2.3307,2
-1.9755,2.501,2
4.4891,-1.2432,1
4.529,3.3814,3
-1.7442,-2.3987,1
-0.63462,2.61,2
0.26583,0.029601,2
2.3417,-0.11093,2
0.55861,0.52679,3
0.35972,0.97651,2
1.0452,-1.728,2
-1.1346,2.4337,2
-1.7995,-2.3721,2
2.4656,5.7336,3
-0.96024,0.51142,2
1.4328,-1.748,2
-1.7368,1.9025,2
-0.61164,-0.50302,2
0.66267,1.8154,2
-0.94605,1.712,2
-0.98978,-0.75049,2
0.63916,-1.5064,1
-0.80609,-2.4616,2
-1.3985,-1.3987,3
2.0921,0.1337,2
2.0364,-0.13842,2
-2.5201,-0.76151,3
-1.0913,-0.57128,2
-4.2953,0.19953,1
-2.4304,-2.8872,2
-0.30636,-4.3467,1
2.9593,3.4839,3
3.1988,6.2825,3
-1.2232,-3.9284,1
3.8428,2.6501,3
-0.91777,-3.637,2
0.19445,6.3154,2
2.9427,-0.36452,2
-1.2625,-8.1856,2
2.6243,0.01067,2
1.69,-0.26476,2
0.026516,3.6788,3
2.6715,0.37857,2
-1.9813,-0.24092,2
1.3864,0.65843,3
-2.1255,-1.3641,3
1.0438,-3.1732,1
-0.43375,3.5636,1
3.0399,-0.74457,2
-2.2838,0.30708,2
2.1074,0.47888,2
-2.6845,-0.013178,1
-0.83146,-3.8258,2
-0.27494,-1.1542,2
1.9475,3.6639,2
-0.38685,0.12514,2
-0.73588,-2.6958,2
-0.61661,-0.17382,2
0.95044,1.261,2
-0.37618,-4.5165,1
-0.24396,-2.2379,2
0.38154,-0.96276,1
1.7488,-2.3507,2
0.53787,-2.4919,1
0.86023,-1.113,2
-1.9355,4.5487,3
-1.6745,-5.41,1
-0.11526,-3.5843,2
4.844,-0.40458,3
0.90846,-2.6495,2
4.1872,2.6705,2
-0.44503,-1.2582,1
-2.2902,2.4881,1
1.6116,-1.2391,2
1.5172,0.38524,3
1.4581,-1.0806,3
0.072403,3.2408,2
1.0451,1.2023,1
-2.1724,0.051102,1
-2.7974,-1.9439,2
-1.9427,3.4742,2
-1.913,-1.6793,2
-2.3774,-1.7029,2
-0.4752,1.5183,2
0.1058,-0.46476,2
-2.1628,-0.63979,1
-1.5642,-2.6818,2
-5.1957,-1.2628,2
-3.5082,0.91304,1
-1.5852,0.31028,2
2.4282,1.3804,3
-3.5376,-3.2508,2
-0.11941,-3.0903,2
5.959,2.8218,2
0.075847,1.5463,2
1.7116,-0.17225,2
-0.8847,-2.738,2
-0.88194,-5.0586,1
0.64735,-0.23391,2
2.2244,0.61805,2
-0.38039,-0.57541,2
-0.11434,2.8792,2
2.0854,-1.2781,1
1.2433,0.56424,1
-6.0456,-1.2003,2
-1.8501,1.8713,2
0.39845,0.34723,3
0.15831,-0.82024,2
0.82522,1.7657,2
6.2428,-1.4152,2
4.871,2.5357,2
3.7085,-3.0833,3
3.4115,-2.935,2
1.4552,0.025814,2
0.72691,2.359,1
-0.79119,-1.9165,1
-0.11162,-1.572,3
-3.5366,-0.77269,1
2.7599,2.3836,1
-2.0177,-3.7059,1
0.47444,-0.69615,2
0.5133,0.69804,2
0.36427,1.4829,2
-1.8682,-3.3968,2
3.3959,-1.248,2
-0.81972,-2.3179,2
1.6258,1.0749,3
1.4856,0.97593,3
3.6697,3.6672,3
1.0135,-0.98221,3
-2.2933,-3.7726,1
3.2541,-0.38251,3
0.55661,-0.22504,3
0.47954,-0.94107,2
0.049015,-2.017,2
1.2864,-1.0184,2
-0.32857,-1.704,2
0.60296,2.1601,2
1.3268,-1.9433,3
1.7147,1.5706,3
2.4751,-1.6763,2
4.978,-1.0846,2
-0.61032,-2.631,3
-0.65653,1.8905,2
-0.063974,-3.3171,3
0.9365,-0.69859,2
0.41583,-1.7198,2
1.8009,3.3519,2
-0.49724,-2.3559,1
2.6655,-0.96425,2
-2.7308,2.485,2
1.206,-1.6618,3
-0.93499,-1.0538,2
-2.9136,-2.5539,2
2.2011,0.39503,3
-0.3366,-1.3629,2
-2.0033,0.64672,2
0.050591,1.5448,2
-1.7248,-2.4901,1
-0.46511,-2.574,2
1.0281,-0.48649,2
-0.48278,-1.4464,2
1.4567,-2.338,3
1.5349,2.6994,3
-2.3555,-3.9655,2
-1.3464,-4.5778,2
0.86817,-3.2174,2
1.4339,1.0977,2
-2.5363,4.0656,3
4.7437,2.1821,3
5.7543,0.4095,2
0.99735,-4.5028,1
3.3413,3.4911,2
-0.837,1.5696,2
0.55006,-0.45596,2
0.52224,3.7307,2
-1.2805,1.8822,2
-2.0645,0.9272,2
-0.90378,-3.5123,2
0.19029,1.3139,2
-0.30231,-0.23197,2
0.22109,0.80332,1
0.96617,1.3935,2
-2.9876,-1.551,1
0.73358,-2.233,3
1.773,1.396,3
1.9498,2.0734,2
-2.6616,-0.61186,1
4.4232,0.92756,2
-3.1247,1.5995,1
0.42755,-0.63975,2
-1.4289,2.0361,3
1.2352,0.82774,2
-2.4953,0.28188,1
-0.73537,-0.092819,2
-1.6698,3.3595,2
-1.7815,-1.5099,1
-0.92147,-0.1448,2
-2.2313,-1.6116,2
-2.0195,-0.28546,2
-1.0135,3.0598,3
2.8976,3.1996,2
1.1606,-4.0273,2
1.8187,-0.23462,2
2.2964,-1.1812,3
-0.29635,3.7215,2
0.28782,-1.159,2
-0.8255,2.1078,2
4.055,-2.8904,3
-0.31359,1.5032,3
0.98557,0.46177,3
-0.17418,-0.25195,2
3.1255,-2.1944,3
1.9174,-1.8597,2
-1.1717,0.019217,2
-0.27539,0.24117,2
-0.76685,-0.75263,2
-1.5442,-2.4359,1
-3.212,-1.9111,1
2.3455,1.5292,3
2.2045,-0.22472,2
-1.5489,-2.0077,2
-1.0804,3.9317,2
1.8523,1.9994,3
1.0972,1.9891,2
-1.7701,-2.962,2
2.8909,-1.2037,2
-2.4564,-2.6179,1
2.1474,4.5416,2
-5.6907,-1.6686,2
1.9489,-0.46838,2
4.5025,0.23976,3
3.3866,-0.24541,2
-1.4167,-0.76689,2
2.4255,0.24076,2
-3.0035,2.698,1
-0.95388,1.0758,2
2.5807,0.83575,2
-0.43862,1.3154,2
0.985,2.6452,2
-0.83135,3.0388,2
-0.93591,1.7467,2
-2.0995,-4.3429,2
-2.6081,-1.8993,2
0.87673,2.4074,3
0.261,0.29532,1
1.5482,0.75817,3
0.99312,-2.1745,3
0.97446,0.76415,2
-2.0533,-1.4582,1
-0.083444,-0.17466,2
1.5044,5.6896,3
0.6023,-1.7701,2
-4.4453,-6.1152,1
4.807,1.1185,3
-0.25063,0.34677,2
1.0089,-0.088909,2
4.1814,0.48473,1
2.6764,-0.36564,2
-0.64572,-3.7511,2
0.65571,-2.2978,2
-1.4893,-1.7733,2
-3.2311,-2.1459,2
1.2251,1.657,3
-0.96779,-0.42094,2
-0.74082,-1.731,2
2.9999,2.7585,2
-2.8694,-2.3156,2
0.55178,-0.16379,2
-0.43052,-0.13594,3
-6.0218,-0.44387,2
-0.68069,-4.2534,2
-3.7524,-3.5707,2
-0.33962,-2.6316,2
-1.2887,1.0898,2
2.7125,-0.012588,3
-2.8733,-2.7402,1
-1.9155,-2.9947,2
-3.088,-1.113,2
3.5337,3.9666,3
1.2376,-2.1426,2
0.85969,-0.40269,2
3.3267,1.5229,1
2.0869,1.8299,3
3.7014,-0.44682,2
-3.2399,-0.69159,2
1.4154,-1.4293,2
-2.3013,0.3301,2
-0.72788,2.7477,2
1.2205,0.0070336,2
-0.35167,-1.8654,2
0.35917,-2.0158,2
1.3184,1.1341,2
-2.2803,1.3395,3
-2.6023,-2.7042,2
0.1144,-0.29567,2
0.81517,-1.3226,2
0.54347,-0.86438,1
0.16101,-0.73725,2
-0.0082854,-2.2,2
1.6829,-0.16679,3
2.5275,-0.11851,2
-2.5586,0.11473,2
-1.7698,-0.74993,2
3.4534,1.3508,2
0.46337,-2.0387,2
0.42263,2.0088,2
-0.34568,1.6326,2
4.505,1.4906,3
1.9634,3.5586,2
3.4085,-1.3737,2
-1.8662,3.0987,2
-1.2489,0.50813,2
-0.69326,1.3401,2
-1.8768,0.16792,1
0.89379,-0.50615,2
1.0376,0.39937,2
-1.1773,-0.13756,2
0.90061,-4.4307,1
0.044065,-0.4801,2
0.91833,3.887,2
2.8752,-1.1891,2
-2.1535,-1.1017,2
-0.37626,1.6701,2
4.3297,3.7909,2
-2.3836,-0.96964,2
-2.8117,0.70422,2
5.4573,-0.11858,2
-2.6218,1.7602,3
0.97948,1.0924,2
-1.0687,0.0018321,3
2.8074,-6.1174,1
0.79182,2.0543,2
1.5651,-2.1417,2
-2.414,-4.3093,2
0.074288,3.5601,2
-0.46368,-3.6905,1
3.8831,3.5255,2
-0.13496,2.6586,2
1.1569,0.35102,1
-0.83099,-1.8502,2
0.63944,1.6392,2
3.8905,0.83452,1
-4.675,-2.79,2
-2.4888,3.9012,2
3.7614,-1.7958,1
3.317,-0.79243,2
2.0192,3.7124,2
3.5486,-0.50719,2
-3.2907,-3.8275,2
-0.36164,1.6322,2
0.37513,2.947,3
2.0187,3.3838,3
-0.44008,3.395,2
2.2208,-0.68066,2
-1.1212,-3.9208,2
-1.0085,-2.0959,2
-5.1814,-1.8316,2
-3.5506,1.8986,2
-0.02925,1.5384,2
2.5269,-1.2172,2
0.75678,-0.70914,1
2.1903,0.2038,2
-3.8025,0.73708,3
-2.0659,0.99175,1
2.3866,1.3317,3
0.71095,0.17941,2
-1.1373,3.0994,2
0.050778,0.28409,2
-2.8515,-1.6885,2
0.4803,-2.5607,3
3.4854,1.105,3
1.9028,1.388,2
-2.0249,2.9484,2
0.79938,3.1523,3
2.7996,3.1047,3
-2.8986,-1.1655,1
-3.446,0.59936,2
-0.77028,-0.87083,2
-2.8964,-0.6654,2
0.1121,-2.9954,2
2.6512,4.0876,2
-2.7468,1.5654,2
-0.73727,3.2102,3
1.6769,0.98153,2
2.4632,0.8534,3
2.7777,2.4255,2
-4.6036,-0.91289,2
0.14876,-1.5374,2
1.299,2.0073,2
-6.6645,-0.93555,2
-4.3338,1.2118,2
1.0225,-3.4803,2
2.598,0.76147,2
5.255,0.96866,3
-0.20005,-1.7369,1
-0.80579,-4.3621,2
3.356,-0.12577,2
-1.2955,2.8345,1
-2.0618,0.96402,1
0.48907,0.89667,2
-2.1941,-3.4973,2
1.0408,-0.78128,2
-0.89029,-3.1077,2
-0.17332,0.70153,2
1.3441,-1.4172,2
1.8618,-0.29513,2
-1.1989,1.5868,2
-2.9915,1.1054,2
-0.45513,-0.13203,2
-4.2913,-2.7847,2
3.5318,1.8593,2
-0.8515,3.2768,1
-3.0251,2.5254,1
3.0863,2.2659,2
1.3355,0.17833,2
0.95274,-2.412,1
-0.16687,-0.62557,1
0.43496,-1.545,2
4.3304,-2.1203,2
-0.68916,2.1415,2
-3.0254,2.4657,2
0.57269,0.2942,2
1.3358,-2.6756,3
-1.4404,0.13744,2
-0.42289,0.17979,2
1.9488,3.8337,3
0.62337,-0.94616,3
0.65682,2.5876,3
3.7801,-2.6956,3
0.73594,4.7792,2
-2.2004,0.51314,2
-2.0479,-2.172,2
-1.5402,-3.1899,1
-0.84213,0.042624,3
-1.4764,0.3776,2
4.7251,5.4576,2
2.0923,-0.11116,2
-2.4809,-1.3185,2
-1.0868,-0.071963,2
-1.1657,1.791,2
-0.11551,3.2587,3
0.41022,-0.41446,2
2.947,-2.5566,2
-1.758,-1.6472,2
-0.38276,-2.553,2
-0.54319,-3.0228,2
-1.3212,-2.599,2
3.0392,2.8301,2
-2.3806,2.0062,2
-0.76766,-0.41958,2
-2.0243,-0.55644,2
1.3331,3.1571,2
-2.0148,-0.43033,2
-3.2259,-0.82716,2
1.1064,1.7118,1
-2.591,-4.7169,2
1.2508,3.8266,2
1.516,-3.5076,2
0.66606,-2.6985,1
-2.4969,1.0685,2
6.9438,0.69169,3
0.93706,-3.1255,2
-1.9545,-4.8505,2
2.9484,0.2834,2
-1.3765,1.2805,3
0.57444,2.939,2
-1.5987,-0.1235,2
1.3076,2.0818,2
-2.1186,0.57049,2
-3.4627,-0.97223,2
2.5839,1.6879,2
-4.8548,-1.8618,2
2.8423,4.6066,3
4.5301,3.1911,2
-2.3412,-1.8739,2
3.4813,5.0717,2
3.8299,1.5731,3
1.9752,-0.097785,3
1.1606,4.0591,3
0.98844,-1.061,1
-1.9274,5.082,3
0.38391,-2.1334,1
-0.47314,2.3202,2
-4.0361,1.2994,1
2.092,-1.4583,2
1.1153,-2.7336,2
0.77997,3.9723,2
4.8307,2.9437,3
-0.79462,1.136,3
-1.7575,-1.3203,2
-1.2176,-1.597,1
-1.0916,-2.4205,2
-2.6003,-1.8485,2
0.92737,2.1572,2
2.5654,4.2102,2
1.0375,-3.3922,2
0.62813,3.4028,2
2.5963,-2.5635,2
1.5761,-0.26476,1
0.3781,-1.5944,2
-1.4305,1.5289,2
-0.89845,5.2437,2
0.23129,-1.4914,2
1.011,3.354,3
2.0606,1.5814,2
-5.9278,-0.24803,2
-2.1134,-5.9625,1
-0.48564,-0.39599,2
-4.4792,-0.23046,2
-0.93124,-0.78765,1
3.1724,-5.0737,1
-2.1641,-3.3139,2
2.4304,5.7493,3
-0.37667,-0.85241,2
0.96135,2.6018,3
-0.38763,-0.5254,2
0.20506,-0.93952,2
1.3586,1.0194,2
2.6531,-0.51026,2
-3.1722,0.68235,1
0.8438,-3.3956,2
1.7902,1.5294,1
2.4074,0.089706,2
4.7558,-4.6352,2
1.7767,3.3512,2
-1.2947,0.35998,2
3.7514,4.6462,2
-2.2439,-3.1146,2
1.6971,2.5777,3
-3.925,-1.7028,1
1.1722,-1.5207,1
-2.0644,0.32059,2
-2.4145,0.22809,2
0.46263,1.8813,2
2.9635,0.78049,2
4.6603,-1.2882,2
2.7194,0.32123,2
-4.6902,1.4457,2
-1.3841,3.2389,2
2.2216,1.594,2
-1.5849,-0.5377,2
3.9498,-3.3204,2
2.9436,-1.559,2
0.23095,-0.64408,1
-5.3737,-1.5993,1
1.9081,-0.086105,2
-3.5512,-1.6092,2
0.37714,-2.8009,2
0.74529,-1.0262,1
-0.93997,-0.040083,2
1.6259,-3.1175,2
0.93241,0.55753,2
-2.2735,1.112,2
-3.3858,-1.206,2
-0.53035,-0.28795,2
-3.2579,-2.0252,2
-0.92321,-3.4014,2
-4.123,-3.1975,2
-3.9715,-3.8096,2
-0.20532,-0.6431,3
0.7063,-1.0117,2
-3.0654,-2.6681,1
0.51155,-0.1624,3
-2.1345,-1.0134,1
0.081434,-0.013418,1
-2.7297,1.5303,2
0.38146,-2.3636,1
1.899,0.74183,1
-2.8145,2.8235,3
-1.0975,-3.4463,1
-1.1053,-7.6639,2
1.964,2.2624,2
1.2007,3.8297,3
-1.329,-1.1564,2
0.67109,3.6371,2
-1.831,0.31487,2
1.5559,-1.4431,1
-1.6914,2.3121,2
1.2052,3.3203,2
3.0502,2.6934,2
-4.7357,-0.80682,2
-0.65977,-1.5021,2
-0.70239,3.6695,1
-1.058,2.6583,3
-0.66099,1.969,3
1.2594,-7.1728,1
0.33158,-2.5715,2
3.7583,1.7393,3
-0.29762,3.5574,2
-0.70272,2.9306,3
-1.109,2.3986,2
-2.0001,-0.4251,2
1.4211,0.64804,2
1.9001,3.0846,2
1.6432,6.2431,3
0.49862,-2.6064,1
1.7361,2.5208,1
-1.1288,-2.9819,1
1.281,3.1711,2
-0.013091,-1.6594,2
0.9049,-0.23433,2
0.43151,-4.8511,2
0.0064554,-0.0013822,1
2.6663,2.7849,2
2.8386,-0.82475,3
-0.13013,0.66835,2
2.0313,2.2177,2
8.6126,1.4655,2
3.2208,0.059518,2
-2.0878,1.6442,2
1.2468,1.2916,2
0.52547,3.6587,2
-2.6103,-1.0739,2
3.378,3.9216,2
-1.9262,2.2727,2
2.2259,5.1897,2
-0.4482,0.054382,3
2.6997,0.36952,2
-2.0041,1.0041,3
0.20311,-0.42429,2
1.8315,-0.75452,2
-0.047043,-2.2126,2
2.8702,1.2,3
-2.4406,3.03,2
2.3877,0.49914,2
-0.30561,2.8448,2
-0.61537,1.2293,2
-0.80009,0.46655,2
-2.0235,-1.899,1
2.6255,-1.0904,2
-2.7554,0.54094,2
3.6213,-0.95119,2
0.68637,3.2775,2
2.026,0.78752,2
-1.8318,-2.3816,2
-0.6999,0.053512,2
-3.9801,2.1953,2
4.6471,0.9639,3
1.0869,-1.5734,2
-0.67923,-1.0761,1
1.5121,2.737,2
-0.98796,-2.6683,2
-1.4756,3.6564,2
5.1933,3.013,2
-1.251,-3.2541,2
2.1455,-1.5923,2
-0.66089,-3.4461,2
1.582,2.7269,3
-0.82531,-3.9624,2
0.34339,-1.1524,1
1.4029,-0.041888,1
3.7067,-4.9637,2
0.58321,4.8422,2
-2.6803,2.8676,2
2.1696,-1.0776,2
-1.6065,-3.341,1
-0.63357,0.76634,2
-1.4158,-1.2591,2
2.0536,2.048,2
1.7734,3.3007,3
-0.074003,-4.5341,2
2.3507,0.068666,2
0.7599,0.97506,3
0.8725,-0.9812,3
-2.8525,-1.8813,1
-0.1128,-3.2896,2
-4.5197,-2.7332,2
1.4531,-2.6397,2
-2.442,1.8353,2
-1.2625,0.16893,2
1.3396,-1.6959,2
1.0513,0.74156,2
-3.1069,-2.3355,2
-2.537,-3.3647,1
2.0622,2.9374,2
2.7733,1.6721,2
-0.26731,0.62644,2
4.3294,0.82656,2
-2.7773,-3.5324,2
-0.62697,-2.5107,2
4.0035,2.6568,2
-7.3691,-1.8828,2
1.1117,1.5065,1
2.8108,0.86612,2
0.49497,3.5816,1
4.3501,0.9529,2
1.6159,0.035162,1
-0.2695,-0.51801,2
5.3989,2.3739,2
3.9349,4.7502,3
1.2429,0.149,3
1.1329,0.51444,2
-0.057819,-4.6172,1
0.24603,-1.5223,2
-0.21504,-0.073439,2
1.682,2.7183,3
3.9922,-0.97884,2
-0.086963,-0.33604,2
3.2917,2.6046,3
0.91934,0.23397,2
-3.4537,2.0317,2
0.66992,2.4735,3
-0.05483,-3.4021,2
0.31626,-1.6212,2
-0.040273,-2.5879,1
3.978,7.0445,3
-1.2575,-3.3047,2
-1.6401,1.0852,2
3.2812,3.6009,2
1.1739,-0.13341,2
3.025,1.02,2
-3.0346,0.49771,2
-0.78399,1.5456,2
3.2799,3.9019,2
0.44461,4.8419,3
1.4276,-0.96153,2
-0.69858,-1.6468,3
3.3161,3.262,3
-2.1358,-0.41942,3
5.3937,2.9559,2
-2.6698,-1.5457,1
-0.4513,1.3153,3
-3.6146,-1.4422,2
1.4161,5.6027,3
-1.6426,-2.1878,1
0.37015,1.5809,2
3.6854,2.2408,1
-3.8791,-1.7305,2
-0.85735,2.8153,1
-1.1756,-1.289,2
-0.41549,3.2506,2
2.273,3.9771,2
-1.5488,-2.131,2
2.9952,-3.8698,2
-3.4645,-1.9732,2
1.2849,-1.5381,2
-0.7835,-0.59091,2
-0.1037,0.5254,2
2.395,-0.6333,1
-1.0568,0.61113,2
-1.9719,-1.0404,2
1.9734,0.6185,2
4.2113,-0.84669,2
2.8718,-0.039939,3
-6.743,-1.4412,1
-3.5598,0.39365,2
1.2446,1.9874,2
-0.64198,1.0234,2
-0.79694,-2.0039,1
-1.5823,2.5287,2
-0.7798,0.39106,3
0.28424,2.0406,3
-2.1486,-1.2458,2
2.3607,1.0203,3
-5.4139,-3.698,2
-1.3065,1.4188,3
-1.3204,-0.22163,1
-2.166,-0.16265,2
2.8273,1.569,3
-0.50936,-4.1958,2
1.9794,-1.4037,3
-1.7327,2.9052,2
4.2883,-2.2943,2
-2.5352,-0.30642,2
-3.3998,-1.4591,3
-1.4242,-1.9009,3
-0.96496,-1.2946,2
-0.26369,2.8946,2
-0.35104,-1.6367,2
0.42544,-0.29123,2
-3.3306,0.30745,1
4.4577,1.703,3
-2.1939,2.8257,3
-2.2295,2.7455,2
-2.9633,-0.7895,2
1.1145,-1.554,2
0.20863,-1.4534,2
3.6678,1.6766,2
-4.2646,1.1763,2
2.871,-0.44422,2
-1.2434,-2.3152,2
1.2077,0.21698,2
-4.4573,-5.9082,2
-1.1214,-2.1032,2
2.843,1.8386,3
1.1665,4.5105,2
-3.6484,-0.58672,1
-2.2958,1.1091,2
1.9801,0.57853,2
-0.37889,0.57197,2
0.11987,2.3843,2
-4.0947,0.40999,2
-1.0575,2.1386,2
1.2706,0.78279,2
1.8938,-1.6735,2
-4.1439,-1.7315,2
2.2177,2.3884,2
3.0754,-2.2116,2
1.9241,-1.9082,2
-1.8728,-1.37,2
-3.0172,-2.0086,1
3.1637,0.62724,2
3.5581,-0.88417,2
1.6782,-0.082941,2
-1.2257,0.40732,2
3.006,0.22997,3
-3.6398,-3.9006,1
-3.5671,1.485,2
0.84249,-2.914,3
2.3583,3.0443,3
0.1911,-3.201,2
2.7576,-1.5777,3
2.5179,2.8145,2
-0.62479,-2.6749,2
0.5967,3.9172,2
-1.7536,-2.6973,1
-1.7507,-0.87983,2
-0.97998,0.48791,2
-2.8553,-0.054261,2
-1.2431,-0.096038,2
2.3013,4.8799,2
2.749,3.3673,2
-6.2524,-2.7557,1
-0.57289,-4.5796,2
-4.4467,1.8388,1
-0.19471,0.71202,2
-3.472,0.21465,2
4.2119,5.1132,3
0.51125,1.2633,2
-1.5825,-1.6725,3
-2.435,1.4253,2
2.02,-3.0748,2
1.106,1.0654,2
0.0732,1.987,3
2.0753,-2.4613,2
3.0777,0.3951,3
-1.2151,0.30561,3
6.273,0.073564,3
-0.16251,1.3094,2
-1.38,0.70105,3
-0.070372,1.0562,2
-0.82982,-1.145,1
-3.1259,3.9672,2
0.87892,3.1959,3
-0.1551,3.401,2
-1.5274,1.0001,1
-0.89454,-2.292,2
0.12485,-3.9845,3
4.2567,-4.002,2
1.4958,0.14462,2
-0.84885,0.30739,2
-0.86505,0.078275,1
3.0181,0.81992,2
-3.0112,-1.4804,2
0.3778,-3.961,1
2.0067,3.1546,2
-2.7845,1.8479,2
-0.49418,0.088641,2
0.34475,4.2883,2
1.028,1.7043,2
0.5996,1.1173,2
-2.5195,-3.6313,2
1.2234,5.9225,3
-1.0529,0.13362,3
-0.27169,-4.4756,2
-0.091688,-2.0821,1
0.26513,-0.62929,2
2.4099,-4.4611,2
-0.69248,-4.3806,2
-0.023199,-0.43531,2
2.2925,0.87565,2
-1.5812,-0.87601,2
0.68933,0.069336,2
-2.6284,0.18864,2
-1.1235,0.088937,2
0.32237,-4.9776,2
1.7055,-1.8577,1
-1.0957,-0.18157,2
-0.84485,-1.1996,1
2.1009,2.2479,2
-4.1088,-0.66616,2
0.0070692,-0.22612,3
-0.47706,0.37566,2
3.1592,0.059026,2
-0.822,-4.1819,3
4.8086,1.2916,1
-0.080277,1.1395,2
1.9377,0.37104,3
0.48655,-1.9502,1
-4.0953,-1.9012,2
-2.7939,0.048399,1
4.0885,-0.83117,2
-0.74651,-0.51324,2
1.6843,-0.019432,2
0.074701,-1.5197,2
-0.69362,-3.2141,2
-1.7121,0.88843,3
-3.3863,2.3716,2
0.3615,-0.49196,2
-0.26844,2.4645,3
1.1966,1.2881,2
1.5287,-0.061346,2
0.38745,2.9491,1
-0.08167,2.0302,2
-2.328,-3.5366,1
4.914,3.9155,2
-1.5936,-2.0135,2
0.80282,0.70778,3
2.4136,1.3162,2
-0.018215,0.33965,2
-3.3752,0.64036,1
-0.73434,1.3946,3
-1.6218,0.54433,2
1.653,2.5287,2
3.466,1.3364,2
-1.5149,1.7117,2
1.5675,-3.481,1
2.1985,-2.0469,3
-1.0629,0.2205,1
0.28633,-1.4252,2
-0.28207,1.1713,2
1.1473,3.0981,2
3.0033,1.5053,3
0.94292,-1.4888,3
-0.37592,2.6928,2
-1.1445,0.51669,2
0.37975,-3.5038,2
-1.0873,0.39064,2
-0.067272,0.76874,1
1.842,-1.6473,2
-0.36712,2.4373,2
-3.7799,-0.94755,2
-1.1845,0.46834,2
0.89389,-1.025,2
2.1246,0.99674,2
2.9066,-0.74216,2
-0.047308,1.2888,2
1.087,2.3208,1
-2.3497,2.4013,2
1.2491,0.17321,2
-4.2225,0.73452,1
1.4141,-2.4316,2
0.48712,-1.5462,2
3.425,2.4295,3
-4.8333,0.46686,2
1.515,2.9871,3
-3.5347,4.0242,2
-2.2427,0.7478,2
-2.7196,1.931,2
2.1676,0.21002,3
-0.5582,3.0967,2
2.4547,-0.33911,3
-1.3959,-4.0314,2
-2.8471,-0.80275,1
-1.3219,0.23115,2
1.6999,-3.288,2
2.7391,1.6249,2
1.2068,1.6283,2
0.92644,-1.908,2
-0.7829,-1.1241,1
3.6204,-3.5574,2
1.0911,-1.178,2
-3.6701,-7.3629,1
3.3837,3.0874,3
-0.68602,-2.3395,2
-1.6638,2.2137,2
-0.88933,-2.1331,2
1.4151,3.6777,2
-1.4861,1.591,2
0.94693,0.72664,2
-2.1998,1.0328,2
0.631,1.8996,2
-2.2289,-0.80953,2
1.4734,-0.36463,2
2.3563,2.7716,2
-0.78798,0.82462,2
2.3226,-0.11537,2
0.32351,-3.3124,1
1.5796,1.592,3
1.7246,-0.21579,3
0.6919,0.91214,2
3.3077,-2.5882,2
1.8756,0.21674,2
4.0793,1.0162,2
-2.2849,-1.1966,2
1.1367,-0.2021,3
-0.068754,0.29071,3
-3.1602,-1.3963,2
-0.94305,-1.6829,2
-1.581,-2.0838,3
-2.3719,-0.15237,1
0.59503,-3.5394,2
-1.8156,-3.0309,2
3.2088,2.7635,2
-1.582,5.2111,2
0.2949,4.1805,2
1.1775,-0.3484,2
-0.84483,-0.045777,2
3.6308,2.3971,3
0.81952,1.0345,2
3.4078,0.59313,3
1.0322,-0.20998,2
0.66679,-0.848,2
1.4093,2.676,2
-2.3644,-1.5945,3
-5.0143,-1.5392,2
1.7279,2.3053,3
4.5194,2.9145,2
-1.9626,-2.3745,2
-0.72382,0.14361,2
2.6087,1.9331,2
3.5579,-2.1552,2
0.114,3.6155,2
0.40628,-3.0584,1
0.22544,0.78376,2
-7.4598,-0.49688,2
-2.6438,-2.0386,2
-1.6303,-0.44094,3
2.6283,0.64982,2
1.3977,3.2439,2
-0.55889,2.9611,3
0.28015,4.4813,2
1.9879,4.0166,2
6.0678,1.403,3
-0.28387,1.8951,2
0.36282,0.53465,3
-0.36622,-1.8763,2
-0.92234,-2.0253,2
2.5551,2.7447,2
-0.39466,-2.0319,1
1.6147,3.153,2
-2.5242,-1.3388,2
0.53942,-0.12303,3
-0.27755,-0.36522,2
-0.13437,0.99126,2
1.202,-3.2561,3
1.6249,0.89494,2
0.31939,2.1144,2
-6.282,-2.5107,2
-1.8323,1.4301,2
-0.11986,5.3628,2
-1.4561,-2.1003,2
-4.663,-3.4593,2
-0.80743,-0.25411,2
-0.82671,1.4889,2
0.66351,0.34216,3
3.5678,0.71452,1
1.1574,-1.4197,1
2.8172,1.2465,2
0.46519,0.12852,2
-0.033474,-4.1858,2
-2.0765,3.6024,2
3.1556,-2.6727,2
0.72222,-3.8685,2
-0.50183,-0.65182,2
1.5179,0.74879,2
1.3826,2.3235,2
1.2912,-1.0201,1
1.2542,-3.8926,2
-1.3951,-1.7851,1
0.79537,1.7973,2
1.1048,2.9222,1
-2.2856,-2.0603,2
-1.3953,0.65373,1
-0.44691,0.76248,2
-1.0865,2.4477,2
-1.3175,-1.9726,2
-4.0674,-8.0494,2
-1.9136,-1.4034,2
-3.1603,-4.0105,1
-0.87958,-0.88979,2
4.4777,4.2558,3
2.446,-0.14594,2
0.48696,-1.2847,2
4.1373,-0.66162,3
-0.89077,0.79601,2
0.28539,3.1043,3
-1.8799,0.42583,2
1.8557,-4.201,3
4.5721,1.4227,2
-0.19116,0.92906,2
0.26881,-0.090998,2
0.9255,3.0808,3
-0.79657,-2.4036,1
-0.18468,1.8945,2
-1.6695,3.2119,2
2.6689,-1.4589,2
-0.80262,-0.042675,2
2.74,0.50376,2
1.1058,2.0599,2
0.48734,1.4897,2
2.9978,3.3486,3
-4.282,-1.5135,2
-2.3999,0.042368,2
3.0277,-0.58146,2
0.46257,4.7755,2
-6.0053,-1.9201,2
0.90154,1.6987,2
-1.0214,-0.61898,3
1.6299,-2.4366,2
4.0089,0.14853,2
-0.717,0.26759,2
0.99696,-2.3532,2
0.56272,0.04772,2
-1.8465,-1.4088,2
-0.74733,0.56612,2
-2.874,-4.3876,1
1.7204,-0.26954,2
2.62,1.6451,2
0.31245,-0.83601,2
2.6961,2.7578,2
2.8361,1.1174,2
-2.29,-0.95889,2
-4.0913,-6.8065,2
-0.1993,-1.1313,3
1.8214,1.3805,2
-0.32901,-0.99322,2
-0.60844,-1.584,2
-2.4082,-2.1577,2
2.4627,3.5239,3
-0.35204,1.7603,1
-2.3345,-5.7194,1
1.4243,1.8554,2
-3.9136,-2.8311,1
0.47335,2.6292,2
2.5294,-2.1853,2
3.157,-0.4174,2
4.1508,0.84675,2
-1.0647,0.60065,3
-1.9722,-0.0349,2
-1.5873,-2.3423,2
-0.91477,-0.44529,2
-0.74264,-2.3349,2
-0.55625,-2.0084,2
-5.0567,2.1404,1
4.3505,5.2695,3
-0.75145,1.218,2
1.3636,2.1741,2
1.0428,0.49102,2
-1.0943,3.5152,2
4.9484,3.6911,2
2.1331,2.5329,2
-1.2963,5.1664,2
-4.3098,-2.4017,2
2.0561,0.58487,2
0.72059,-1.6001,2
2.6,0.47248,3
1.6221,-1.1543,1
-1.6112,-2.5543,2
-1.1012,-3.3522,1
1.5914,-0.75596,3
-1.3378,-2.1092,1
-6.9067,-1.8061,2
5.0359,6.2405,3
0.83935,3.2958,2
1.1848,-2.2213,2
-2.0497,0.091399,2
1.6796,0.43473,3
1.35,-0.57246,1
-1.2628,1.1306,2
0.8448,-0.12791,2
1.2756,1.6079,2
3.5394,-3.6828,2
1.8066,0.93819,3
2.2322,2.3166,2
-2.2517,-3.5689,1
4.3091,2.0198,3
2.4358,0.19286,2
-1.3204,-0.25919,1
0.00993,2.9973,2
-2.2066,-2.4656,2
0.45349,1.8833,2
2.0839,-3.1347,2
3.3855,-1.9009,2
0.16899,2.054,2
4.4859,1.3447,3
1.7262,0.046264,2
-2.874,-3.3,2
1.4728,0.29873,2
0.036759,-5.092,2
-1.7965,-0.24672,1
3.3095,3.5113,2
-1.3128,0.0021365,2
2.777,-0.20901,2
2.3646,1.3624,2
2.0902,-1.417,2
-3.8869,-0.52282,2
-2.6897,3.8425,2
-1.3999,-0.98807,2
-0.24919,-4.6226,2
-0.92508,1.4374,2
-4.5978,0.87399,2
2.1871,-0.5397,2
-0.42569,1.231,3
-1.1412,-1.1062,2
2.0326,1.216,2
-0.15375,4.7941,2
0.55107,-0.4118,3
-1.1548,1.2863,2
-2.5941,-1.5517,1
2.0542,1.4128,2
5.1406,1.1515,3
-0.28379,1.3829,2
-0.94762,-0.8827,1
1.4944,-1.3248,1
-0.77522,2.9326,2
4.6567,-0.046456,3
0.61289,-0.21009,1
3.3589,-0.23121,2
-0.81003,-0.43991,2
-0.15598,3.4308,3
-2.5806,-0.20317,2
-6.7598,-1.8355,2
-1.741,-1.9568,2
2.4621,10.147,3
1.7431,0.42185,2
0.99484,0.974,3
1.2424,4.5985,3
-2.1046,1.4768,2
3.1148,0.48082,2
1.9543,0.40342,2
-1.0664,0.0052981,1
-1.7051,-1.4324,2
1.3486,0.6331,2
-1.2907,0.38962,2
-0.97431,1.4137,3
-1.5541,-3.4071,2
-1.6527,3.5005,2
-0.12212,-0.015215,2
1.0312,2.6782,3
-2.6273,-2.0962,2
-3.2959,0.21722,2
1.2076,-1.1995,3
-1.1741,-0.51897,2
0.97628,0.90846,2
0.28381,-1.9127,3
-2.5783,-3.7085,1
2.6807,-3.7505,2
-1.9003,-1.1209,2
-3.2217,-4.3978,2
1.9204,0.2808,3
0.92537,0.58854,2
-2.1072,0.27348,3
0.68168,-0.62826,2
0.94122,-2.7633,1
-3.1741,2.9306,2
-0.78341,0.90456,2
1.8915,0.8984,2
-4.074,-0.46151,1
-0.98052,3.6583,2
2.0219,-0.47482,2
0.31515,3.6246,2
0.060908,-1.3696,3
0.44987,-0.25861,2
0.25161,-4.0787,2
0.68303,1.6128,1
-4.3841,-1.484,2
-3.4745,-0.068337,1
-1.8012,-2.3116,3
3.9395,4.9169,2
-4.0006,-0.69778,2
-0.15187,0.75698,2
0.07246,1.4615,2
-2.9162,2.0472,2
1.3702,1.394,2
0.32631,-3.5283,2
-1.0667,-0.21068,2
-3.2815,-1.0852,2
0.040402,-0.078526,2
1.0582,2.7032,3
0.069447,-1.6912,1
-0.86148,-1.3571,2
-0.93843,-2.9077,1
-2.2128,-2.8854,1
-1.1407,-1.1892,3
-1.1503,-1.6547,2
-2.9123,-0.24161,2
-4.1566,-2.9818,2
1.1431,5.9636,2
-0.44766,-3.5135,2
-1.4564,-0.96337,3
-1.6145,2.6381,2
0.9315,1.9391,3
1.4593,0.51795,3
-1.2243,-2.0044,2
-2.2868,-1.2425,2
2.9664,-0.83797,3
-2.6731,1.505,2
-4.7713,-1.9199,2
0.81743,-0.093109,1
0.58424,-1.8426,3
0.67001,-1.447,2
-0.20094,-0.66244,1
1.8366,4.4053,2
-0.4838,3.1189,2
1.5895,0.75827,2
2.2545,0.14603,3
-2.7567,-0.13593,3
-2.5317,0.45605,2
-0.45373,-3.7266,1
-0.09573,-1.4383,2
-1.6674,2.6055,3
2.0409,-1.9771,2
0.61648,-1.2087,2
-1.8123,1.227,2
-0.039126,3.191,2
0.96483,0.08473,3
0.10086,0.93743,3
1.9532,1.855,2
-1.4259,1.5401,2
5.3165,0.57826,2
-1.6184,1.2053,2
2.219,-2.4129,2
-0.16155,1.5482,3
1.4679,0.11948,2
1.0783,-2.0545,1
0.29023,-1.6665,2
-1.4157,-0.70922,1
4.2223,0.70191,2
0.90382,1.0863,2
-3.3578,2.7696,2
1.3999,-3.6511,2
6.292,0.25484,2
-1.6326,0.19978,2
0.72556,3.0843,3
1.2291,-0.88632,2
-0.42393,0.586,1
-0.40416,-1.5902,1
-1.4991,-0.070167,3
-2.0083,-1.4336,2
-1.1558,-1.6618,2
-0.27699,-1.682,3
-1.6486,-2.5214,2
-1.6852,-0.13039,2
-1.9204,-0.91337,2
2.3925,1.4152,2
3.423,0.0072272,3
-3.0705,-0.4994,1
-1.6884,-0.10925,2
3.7471,-0.24932,2
1.9107,-0.38075,1
-0.92852,2.0227,2
-2.02,-2.7688,1
1.7121,-2.1688,3
-3.1652,0.95512,2
0.40867,-2.422,2
-1.1303,-0.81689,3
-2.3482,-0.05908,2
1.0313,-0.37719,2
-0.64458,2.8103,2
-0.26778,4.3323,2
0.4266,-0.22731,2
-4.7975,-2.8668,2
2.0311,-2.8616,2
0.34784,-0.42904,1
-3.4726,0.39912,2
-0.96293,0.74846,2
-0.88214,-0.80252,2
1.4939,0.30812,2
1.8319,-0.84684,2
-1.6828,-5.4787,1
-0.23117,-2.3176,2
-1.4772,-5.9314,2
-0.99183,3.0162,2
-7.5189,1.2556,2
1.7737,-2.0318,2
-5.8753,-1.312,1
0.30679,-1.0667,2
2.8615,0.61922,2
4.9278,-0.63714,2
0.61091,2.2475,2
-3.2474,-2.5449,2
1.6208,1.8824,2
0.76523,2.8982,2
-0.56772,3.3713,2
-0.53014,-3.2364,2
2.5688,0.59119,1
1.2952,-0.070024,2
1.1829,-1.1161,2
0.52732,1.1444,2
1.2691,-2.5815,3
-1.2806,0.24977,1
2.0442,-0.050555,2
-1.3935,0.039381,2
2.171,0.83258,2
0.2591,1.7544,3
0.85525,1.3766,2
2.7488,-2.6346,2
5.3518,1.0742,3
-0.50686,0.014037,2
0.68703,1.0102,2
-2.9686,1.6635,2
1.3091,0.51394,3
2.0541,1.0115,2
1.6422,2.0166,2
3.5528,1.7555,1
0.079786,2.4426,2
1.1293,-0.47943,1
-0.50906,-0.4576,2
2.8672,-6.2058,2
-1.7122,0.022722,2
-1.7372,-1.9216,1
-0.71415,4.8995,1
-1.8092,0.97733,1
0.92907,7.2124,2
-0.53877,-1.6474,1
2.144,3.3766,3
0.53963,1.07,2
1.1962,-1.3932,3
3.162,-3.8477,2
4.6309,0.95322,2
-0.41188,-0.46019,3
2.61,-0.63256,2
-3.5054,3.3982,1
1.2373,5.4177,2
4.4074,-1.0262,2
0.17684,1.6935,2
0.86988,-0.62817,2
-0.19897,-2.9561,2
1.1693,-3.7398,1
-2.0867,-3.9334,2
-0.47896,3.8766,2
-1.515,-5.534,1
0.30661,2.3895,2
0.64327,-2.0908,3
-5.0954,3.1538,2
2.3909,4.0237,3
-4.0365,2.0125,2
-2.64,-0.76233,2
-0.0021012,-3.1132,2
-1.5071,0.89925,3
-1.0849,2.4382,1
-1.728,-1.7627,1
1.3189,-2.7802,2
1.0135,-0.63252,3
0.72702,0.57026,2
0.74419,-1.0554,2
1.0597,-0.91116,2
0.96522,1.4932,2
-3.0968,-0.4106,2
-2.5697,-0.28117,2
2.1749,4.1869,2
1.807,-2.5786,2
-2.7055,1.3317,3
0.21723,-2.4079,1
-0.32792,3.7614,2
-1.9508,-0.64704,1
3.5365,2.7577,2
2.3182,3.0366,2
1.4474,-1.0206,2
-0.19163,0.13234,2
-1.1174,-4.0308,2
-0.99717,-0.51229,2
0.3577,1.0156,1
0.40056,-1.0065,2
-4.938,-3.3084,1
-3.2755,-0.31571,2
1.5405,0.36849,2
0.79932,2.2166,3
-1.5003,-2.1268,2
1.3583,-2.7781,3
2.886,-0.096156,2
-0.7473,-3.6279,1
0.80575,1.7908,2
0.3602,-2.1229,2
1.192,4.8301,2
1.9081,0.4343,3
-1.9988,1.7139,2
-0.49708,-1.7683,1
3.6827,1.4675,2
1.2536,-1.9827,1
3.6497,-0.71337,2
-1.3999,-1.6031,1
4.6116,1.4053,2
-1.5145,4.4411,2
0.96425,0.4457,2
-3.4001,-1.9222,2
-2.87,-0.4133,1
-2.4221,-1.1593,1
-5.7735,-4.0433,1
1.3479,-1.0847,3
1.3583,1.8627,2
2.4532,-1.5855,3
0.42491,-1.8031,2
-0.16149,-2.8565,2
3.0821,-1.6389,3
-2.8956,-1.026,2
0.38667,-1.3175,2
-2.8937,-4.9561,1
-1.6399,-0.47009,2
0.11076,-2.4164,3
-2.4795,1.2735,2
0.72229,5.1755,3
-2.2352,0.12398,2
0.61606,-0.31533,3
-3.1576,-2.5571,1
0.79146,-0.38963,2
-0.81504,0.97384,2
0.2997,-4.0129,2
-0.62124,2.1125,2
-0.39192,-0.51976,1
1.1984,-0.26499,2
2.2344,0.21708,2
3.4617,2.7986,3
1.6947,-0.54046,2
2.3767,-1.3269,1
-0.36739,0.4021,2
1.232,1.7844,2
-0.60752,-0.5115,2
3.8414,2.5793,2
0.0068948,-4.3335,2
-2.1119,-1.7792,2
-4.2329,-0.95701,2
5.4043,3.4607,3
-2.2942,2.6893,2
2.1961,1.5162,2
-1.3106,-5.1438,2
2.4219,3.2187,2
-4.268,0.85973,2
4.3369,2.9016,2
-3.8203,-4.1122,1
-3.624,-0.97058,2
0.80342,0.49925,2
-0.042374,-3.5833,2
-1.9188,-0.070948,2
3.7204,2.3735,3
-1.777,1.4612,1
4.2763,-3.2859,1
4.3841,3.8226,2
3.1907,2.8416,2
-0.46038,-1.8084,2
0.56562,-1.1536,2
-0.59211,-3.3522,1
-2.1782,-2.6521,2
-2.939,1.1113,2
-2.5207,-0.76451,2
-2.1148,-2.3441,2
-3.228,-3.3798,1
-0.62802,-1.8523,1
0.21284,0.14846,2
-0.8637,0.1542,3
-6.2826,-0.7474,1
-0.1496,-2.1265,1
-0.60142,0.4314,3
4.8452,0.81641,2
-1.431,-1.4757,2
3.1934,-1.7336,2
0.90087,-1.2831,2
-0.44447,1.7807,3
0.29377,1.6956,2
-3.7574,0.94639,2
0.38458,5.3584,3
2.8963,-2.1345,2
-1.8819,-0.70836,2
3.2153,-1.9073,2
-7.5184,-3.8766,2
1.8848,2.0547,3
0.025678,-1.1982,2
-2.3459,1.0609,2
-3.2809,-1.2783,2
-1.1413,-2.0465,2
-0.41179,-2.7249,2
-1.4247,-4.5191,2
0.89024,-0.96785,2
4.319,3.5771,3
-1.7594,0.65842,2
0.79897,0.48189,3
-2.3471,-1.176,2
1.0786,0.50642,3
0.8455,3.0749,3
1.5642,2.627,2
-1.9399,0.19795,3
0.87347,-0.34442,2
0.58785,-0.92166,2
3.3354,-0.68951,2
-1.5675,-0.67625,1
0.9951,1.6177,2
4.9329,0.5708,3
4.1026,0.067594,2
1.4101,-2.1872,2
-2.1084,3.3211,2
-1.0513,2.2977,2
1.6577,0.88096,2
0.39708,0.14519,1
0.98818,2.5822,2
1.2918,1.1321,1
2.4718,3.1627,2
-2.0691,1.8964,3
-0.0017459,-2.238,2
2.5296,-0.83707,2
-3.326,-4.6245,2
-1.9457,0.15794,2
0.23091,-0.22624,1
6.2765,0.69242,2
-1.981,2.463,2
0.22771,-0.51627,2
-2.3523,-0.9842,1
-2.1024,-0.11697,2
1.1499,-2.6525,2
-0.33383,-0.37511,1
-1.0748,3.0049,2
4.4824,1.3813,3
1.8909,2.506,2
2.8709,3.4159,3
1.5382,0.41548,2
0.72746,0.4502,2
-0.39927,-0.51215,2
2.392,3.356,3
0.29342,-1.9535,2
-1.0163,2.4697,2
4.2892,0.83231,2
-0.24949,-2.5586,2
1.3082,0.84088,3
-0.3435,-1.1799,3
-0.13668,3.2057,3
-4.0274,3.9392,2
-0.82365,0.52029,3
1.3224,4.0048,2
1.999,2.8901,2
0.16204,3.0004,2
-2.5434,0.91506,2
2.2386,1.0354,2
0.17614,-0.91596,2
0.65149,2.0256,3
-0.21229,-2.0462,2
-0.99619,0.80431,2
2.1884,1.5739,2
0.88957,-1.2252,1
0.48356,-2.7472,2
-1.2399,-0.15338,2
3.2185,1.2101,2
0.84676,-0.020198,2
0.25991,1.4544,2
-0.98918,-2.2336,1
2.4999,3.2251,3
0.47351,-0.85403,2
0.8037,-2.5351,1
2.2886,2.6609,2
-0.23163,-0.55528,3
2.86,1.1109,2
5.2971,2.7507,2
1.7197,-2.9234,2
-1.4517,0.8878,1
2.3064,-0.35572,2
1.8569,-0.4239,2
0.39558,3.9435,2
2.911,-1.3428,2
2.9342,-1.4128,1
-1.6954,-0.4455,3
0.75595,-1.4173,2
-1.9418,2.3949,1
-0.73573,-3.921,2
0.70878,3.2569,3
3.2117,0.32079,1
2.75,1.3877,2
2.0359,2.4241,2
0.73921,0.032612,3
-2.7915,-1.6358,2
-2.3135,0.41394,2
1.5803,-0.7919,2
1.7333,-6.0667,2
-0.8385,1.0249,2
-1.8224,0.2539,2
-2.0084,1.387,2
-3.0082,0.60041,2
-1.0176,1.1514,3
-0.89338,2.1657,1
-0.79361,-0.35506,2
1.4535,6.2091,2
-1.6947,0.48266,2
-0.76835,-1.319,3
1.3006,-1.2059,2
0.97547,2.6722,2
1.8397,3.5738,2
-2.7155,-2.3008,1
-1.3745,-2.4596,2
-1.4946,3.2722,2
-0.75361,1.7856,2
0.31117,1.065,2
-0.0074702,3.9536,2
2.6385,2.6814,2
2.969,-0.91833,2
-1.1614,0.34534,2
3.7359,5.3373,2
2.4214,-1.165,2
-2.9922,-3.6622,1
-1.2424,-3.1271,2
1.7485,4.9566,2
-0.75733,0.52473,2
0.57462,-6.146,2
-3.9376,-2.9068,1
1.4634,4.2147,2
2.6147,2.08,3
2.8096,-1.8971,3
-2.2572,-0.22866,1
1.7958,-3.3616,2
0.57814,-2.1584,2
0.13167,-1.384,2
2.4659,3.09,2
-1.9958,-0.22013,2
0.44643,-2.6473,2
-1.5602,-1.7283,2
1.3499,-0.68428,1
3.217,-0.26786,2
1.7038,0.35992,2
0.71007,3.4171,1
0.032548,-1.6094,3
-2.0015,-4.5061,2
-4.3553,-0.94802,2
-0.31773,0.26141,3
-1.7854,-1.3075,2
-3.1785,-2.6346,2
-2.3028,1.9259,1
-0.8548,-0.23061,2
-2.0393,-4.0218,2
-3.6362,-3.0517,2
-2.8298,-3.6338,2
0.58824,1.1273,2
-2.3624,-0.53284,2
-1.3022,-3.2079,2
0.08518,-0.81139,2
-0.46653,0.4047,2
-2.9702,-1.7925,2
-2.6288,-1.4715,1
-0.73182,-1.6854,2
-0.12062,-4.4013,2
2.053,-0.26525,3
-0.12911,-1.0099,3
-3.1531,-1.3479,1
-2.0317,-0.11958,3
-1.0958,-4.0371,2
1.9478,5.0687,2
-3.4299,-1.9172,1
2.3029,0.13161,2
-2.7247,3.9843,2
0.87695,-0.46737,2
1.8776,-2.3556,2
1.863,-0.6383,3
1.4366,-0.43138,2
1.632,-2.8134,2
2.1385,-1.9462,3
2.9635,-3.7238,2
-0.25657,-0.4217,2
0.58482,4.1645,3
-1.5561,-0.056552,2
-0.5339,0.28302,2
-2.1284,1.5278,2
4.4782,0.60581,2
1.7333,-2.6122,2
3.0458,-2.5238,2
-0.71889,-1.1464,3
0.86767,-4.8775,2
0.75451,-1.1998,2
2.5942,-0.49268,2
-0.5838,2.4182,2
-0.064372,3.3927,3
0.77259,-2.7708,2
2.0485,-0.086571,2
-2.048,1.257,2
-1.2983,0.95333,2
0.48988,-3.2689,2
-1.049,-0.35977,2
-0.46864,-1.8198,2
-0.86195,2.4157,2
-0.44201,-2.5769,2
1.3599,2.1673,2
-2.5825,-2.7152,2
0.5971,3.0613,2
2.2678,1.6062,2
0.0081167,-0.15721,1
-1.1514,-0.24005,2
3.1931,2.2277,2
-1.0067,-1.7849,2
0.81877,1.302,2
-0.54975,-3.7453,2
2.6149,-0.1618,2
-1.4167,-2.3358,2
-1.03,-2.0604,2
-2.1758,-3.111,1
4.3133,4.6217,3
-1.8883,0.54159,2
1.4253,3.8305,2
-1.2083,-1.6071,2
-1.4457,-5.9229,1
3.7901,0.87202,2
-1.2907,-0.5249,1
-0.44046,1.3129,2
-0.58233,-2.7802,1
-3.4226,-5.3168,2
2.7188,2.452,3
-0.17885,1.903,2
-1.0576,1.3537,2
0.58391,1.6654,2
-2.9203,-1.3191,2
-3.6277,0.53708,2
2.698,2.9785,2
1.8678,1.8593,2
1.6937,-3.2261,1
0.79872,-0.40432,2
-0.28843,-2.1166,1
-0.47893,-1.3293,2
-0.53962,1.3919,2
-1.1292,1.6927,2
0.42794,0.3672,2
-3.267,0.13083,3
-2.4035,0.96318,2
0.11888,3.3083,1
2.8913,0.40005,2
3.5233,2.124,1
1.2738,-0.72307,2
-0.60744,0.52664,2
0.42727,1.8213,2
1.9144,-0.41808,2
-0.50814,3.8211,2
-0.045908,-0.84413,3
-1.9141,0.10233,2
4.1612,3.7144,2
0.2032,-3.6267,3
2.8611,0.65406,2
1.2636,-2.364,2
-1.2309,2.2472,1
0.48914,1.3817,2
-6.7937,-2.408,2
-0.89035,-1.7645,1
1.1587,-1.3909,3
2.8043,-0.80781,2
0.79821,-1.1238,2
-0.80579,2.3645,2
0.98503,-1.3593,2
1.6033,-1.9103,1
-0.10873,-3.5001,2
2.6639,3.3708,3
-3.1799,-0.074929,1
-2.32,2.1209,1
-5.3421,0.72507,2
1.8317,3.0379,2
-2.4035,2.6042,1
-3.2819,-3.6809,2
1.7886,-1.5051,2
-2.718,0.36326,2
-4.4819,-3.7721,1
-1.2033,-5.8945,1
-2.5221,-2.6116,2
-3.8347,-2.9555,2
1.7242,4.1506,2
2.0704,5.0328,2
-3.8151,-0.9446,2
-4.0543,-1.0676,2
-4.2119,1.2628,1
0.92888,1.4526,2
-0.63471,1.2305,2
-1.1724,-5.7837,1
0.35633,0.9578,2
1.9894,2.34,2
0.95019,0.35847,2
1.7293,0.059101,2
-1.2894,-0.93928,1
-5.0758,1.1521,1
-0.24294,0.5491,2
-3.568,-0.99229,2
3.9904,0.59338,2
4.3863,3.9703,2
1.4872,0.56585,2
0.49439,0.96882,2
-1.2558,-1.1576,1
2.5039,-1.5569,1
-0.43711,1.9444,2
0.941,0.84092,2
0.030962,-2.4794,2
-0.68814,-0.28392,3
1.2668,-0.41517,2
1.2312,-0.29758,1
4.4776,0.13298,3
-4.8506,1.34,2
-1.202,-2.3575,2
-1.34,-1.044,2
6.4024,-2.5575,3
1.6794,0.95125,2
2.159,-1.7973,1
-0.91452,-4.4832,1
0.78585,-0.67678,2
1.8299,-0.86256,2
-1.4798,-0.41288,2
-0.77529,1.3637,2
0.12348,-0.97349,1
0.3277,-1.8812,2
1.2345,0.83154,2
0.4429,0.027164,1
1.3459,2.3244,2
0.38111,0.13564,2
0.3021,2.265,3
-2.4076,3.2686,2
-1.0551,2.4471,2
-0.5503,4.9924,3
0.66293,-0.4746,1
-2.6267,-1.5181,2
-1.2739,-4.3814,2
3.2041,-0.1481,2
-1.3208,-0.25532,2
1.4215,-0.51538,2
-1.6055,-0.61818,2
1.2921,1.2693,3
-2.9639,0.16001,2
3.2535,1.6431,2
-1.6176,-0.27432,2
-3.2316,0.56471,1
0.18189,-3.6801,1
-2.8364,0.37206,2
0.71876,-1.2605,2
-2.1888,-0.41565,2
-1.9674,1.521,2
-1.8752,1.5978,2
-0.74313,2.3294,2
3.9973,2.3609,2
-1.6437,-0.8327,2
-0.41117,0.21178,1
-0.47295,-2.7363,2
-2.8709,-1.6327,2
-2.0593,0.034116,2
1.1503,1.494,2
-1.0048,3.7837,2
-0.34594,1.8606,2
0.11694,-0.083336,2
1.7466,-1.0721,2
0.79497,0.54271,2
3.3745,-2.025,3
-2.2013,3.1937,1
-0.029749,-3.9219,1
0.21942,-4.6763,2
0.82274,1.9515,2
-1.7775,0.165,2
-1.736,1.3245,1
0.37531,2.1831,2
-2.9303,-5.2407,1
-1.1026,-2.0125,2
-2.0088,1.1577,2
-0.43271,-0.036183,2
-0.99166,-2.1093,1
-2.3114,-2.7959,1
3.1892,-1.7636,2
1.1334,0.027281,1
-1.9471,0.25917,2
-3.5376,0.10616,2
1.1671,-2.9232,2
-3.9307,-2.3212,2
0.8494,0.076947,1
2.6885,2.5647,2
-0.85007,-1.7479,1
1.4336,1.6828,2
0.34061,0.066547,2
0.44899,-0.058327,2
-2.1546,-1.1703,2
-2.0151,-0.93974,2
0.30744,-3.4412,2
-2.4562,2.0415,2
-1.2156,-1.0815,2
-3.3514,3.3168,3
-1.344,-1.2589,2
-3.6964,-1.7032,1
-0.29998,-2.8785,1
1.1533,-0.76944,1
4.0944,3.4123,2
-0.5456,-1.2762,3
-1.9624,-1.5105,2
0.65635,-1.0852,2
-0.76067,-1.2202,2
2.7801,6.8473,2
1.841,2.0751,2
0.35051,2.3338,2
-0.53132,-0.11424,2
-0.34675,1.5582,3
1.1196,-0.68666,2
1.8368,1.9751,2
-5.338,2.2219,2
3.0005,-0.9691,2
-0.40439,-3.4569,2
1.5562,6.5846,2
3.3736,2.0466,3
-0.097458,-4.2045,1
0.9499,-3.6459,2
3.8085,1.1513,2
-5.0576,3.6684,3
-3.9949,-4.8023,2
-1.0282,-0.63541,2
0.415,0.58276,2
-3.908,2.9526,1
-2.2688,-2.8335,2
0.9169,-0.8448,2
-1.7403,0.87331,1
-3.0023,0.85484,2
0.11915,-0.71689,2
-0.49565,-3.1999,2
1.6981,-2.1655,2
4.3744,2.2303,3
4.0131,3.4418,2
0.16194,1.1842,1
1.2642,3.4028,1
-3.1753,1.4483,2
-4.2884,0.091189,3
-3.2512,-1.2526,2
-3.3943,-1.6235,2
-3.7959,0.8374,3
-0.97436,0.89422,2
6.5333,4.9436,3
-3.0838,-0.9497,2
3.9875,3.0367,2
1.0384,-1.156,2
-2.1292,3.1029,3
-1.013,1.0209,2
-1.5294,-1.7647,2
4.5692,0.33501,2
-1.9988,2.4791,2
0.76023,1.3663,2
5.0443,2.3554,2
3.5858,0.95525,2
0.82457,-0.48538,2
-0.6098,2.2539,2
-0.78985,1.1649,2
-0.84089,1.9271,2
-1.3494,-0.32943,2
-4.1476,-0.89997,2
-0.13716,1.2586,3
-0.73717,0.29811,2
2.1675,-0.61519,2
-2.9038,-1.2776,2
-0.13615,1.3943,2
4.5523,0.74795,3
2.6687,4.751,2
1.7462,3.2893,3
-0.24953,2.3056,2
-0.081367,-0.56561,2
-1.2842,0.90616,2
0.91892,-2.686,1
0.51946,-1.0523,2
-3.4223,-1.1469,2
0.79941,2.9751,2
-0.83726,-0.28557,2
1.041,0.3975,2
1.7391,0.69606,3
-0.65349,-1.8347,3
1.8747,2.2915,2
-0.23368,3.2759,3
1.214,0.6826,3
-2.8663,-1.0191,2
-2.7694,1.1828,1
-2.9445,-2.0605,3
0.07271,-2.1653,1
1.2001,7,2
1.0269,-2.2207,2
-1.6091,-1.6578,2
4.2926,1.1473,2
0.34998,-2.4487,1
-1.327,1.3035,3
1.6013,1.1746,3
-2.5027,0.52058,2
1.8971,-0.35841,1
1.6509,-1.7005,2
-2.2348,-1.5909,2
2.1642,-1.4992,2
-3.5482,0.94403,2
-2.2905,0.017255,2
-1.6129,1.0137,2
-2.5202,0.86417,2
-0.79227,1.0736,1
0.54226,-0.70545,2
4.9363,1.6307,2
3.9643,0.29386,3
2.8007,0.17815,2
-2.0383,-3.8675,1
-3.1489,-0.9658,1
-2.6636,2.0247,2
-1.1709,-2.4039,2
-4.7812,2.1448,2
0.16592,0.35852,2
-1.2009,0.66149,2
3.6365,-1.5538,2
-0.1187,0.44809,1
0.15009,-0.12379,2
-0.15473,2.3791,2
1.0868,-2.3011,2
0.70564,-4.3397,2
1.3314,0.77362,2
-4.0428,-3.2867,2
1.2031,2.5615,3
-0.63511,1.193,3
-0.83034,4.1191,2
2.2681,1.6625,1
0.36468,-0.90792,2
-1.8209,-2.5795,2
1.1587,-1.4272,2
-4.0154,1.6964,2
5.3188,4.0946,3
-0.51173,-1.4862,2
2.7092,0.87039,3
2.319,0.40022,2
0.41239,-3.6512,2
1.708,1.3524,2
5.2364,4.1593,3
-0.76939,2.2863,2
-4.1664,0.090315,1
2.6026,1.8266,2
-2.7455,-1.0212,1
1.5711,-0.28987,2
2.7009,-3.3756,2
-0.86501,-1.108,2
1.5709,1.4698,2
-3.9147,-2.0255,2
0.66757,-2.6009,2
4.1446,3.2956,3
1.6145,1.6707,2
-0.97979,-1.4726,2
-0.048124,0.35703,3
1.5183,-0.90316,2
1.1412,4.0249,3
-0.49883,0.88254,3
-1.2767,2.6555,2
3.8962,4.1335,3
3.8631,0.32422,2
-1.6241,-0.98204,2
-0.21524,0.63211,2
1.4804,0.065542,3
-3.0366,0.58066,2
1.7242,-0.095042,2
0.99497,2.0331,2
-1.4704,-1.3354,2
-1.5469,-4.2636,2
4.3966,-4.8417,2
-1.3049,4.0154,3
0.29884,1.4082,2
-2.3331,-2.3618,2
-4.0479,-3.5112,1
2.9922,1.503,2
4.6374,2.6182,2
3.1116,1.9445,3
0.73497,2.3588,2
-2.7715,0.26479,2
-0.059546,0.6007,1
-2.5187,-0.063775,1
0.037376,-1.1234,2
1.8663,1.946,3
-3.3397,-0.67666,2
-4.3461,-3.0281,2
-0.46927,0.93714,2
-0.41652,1.0722,3
-1.0975,3.1252,2
2.2392,-0.26433,2
0.45557,-0.073674,2
0.68973,-1.8997,3
-3.0583,1.943,2
0.3681,-4.5492,1
-0.97755,-0.99494,2
2.8267,1.6926,1
3.4414,-1.4308,2
1.1765,1.4113,2
-1.5922,0.62728,3
1.7432,-4.88,2
-2.1209,-3.7771,3
0.21769,-2.3116,1
-3.2355,-2.1018,3
0.030427,-4.1414,2
-3.0278,-6.5861,1
1.0249,3.3336,1
1.1439,0.76473,2
2.9107,-0.84741,2
-3.8889,2.3812,2
-1.5502,-2.358,2
-2.9605,-0.87729,2
-1.2124,3.7119,2
-0.31094,2.1208,2
-1.4218,-0.63776,2
5.4586,2.0371,3
-1.8755,-6.1526,2
-2.7059,-1.3178,2
-0.23912,-4.0115,2
-0.6591,-4.199,2
2.2518,-0.61769,2
-1.1918,-1.2961,2
2.7988,3.9398,2
3.4092,-1.1857,3
1.316,-2.0099,2
-2.1978,-1.1182,2
-2.1279,1.6655,2
4.1248,-2.6655,2
1.6997,-0.63656,2
-0.7258,-1.1606,2
2.1405,-1.3835,3
-1.0822,3.4575,3
-1.7,0.8268,3
-1.8012,-3.6447,2
2.7778,1.1937,2
-4.1621,1.3295,2
-6.0742,-0.78542,1
-0.0021363,2.8916,3
2.5212,-1.3735,3
-1.4945,3.2846,2
-5.4422,-1.1461,1
4.6003,-0.23113,2
0.50121,2.1702,1
2.6125,0.42415,2
-0.098118,0.38648,1
3.243,1.3883,3
2.5497,0.56343,2
0.53904,-2.1418,2
2.3498,3.9802,2
-2.0573,1.956,2
-0.016416,0.67228,2
-0.14609,0.1305,3
-0.58925,-1.9125,2
0.17991,0.097458,2
-0.38602,1.0397,2
2.294,-0.021579,2
1.0967,-2.4678,1
6.7139,2.1075,2
1.2243,1.6564,2
-1.9393,2.0283,2
0.3614,-1.6534,2
-2.8375,-2.2535,2
2.133,4.1151,1
1.4784,-1.4406,2
-3.1114,0.91749,2
-3.5996,0.47144,2
-0.25832,2.7108,2
-0.42234,2.9032,3
2.2961,0.59096,2
-0.044591,-2.0843,3
0.33158,2.877,2
3.9226,-2.571,3
-1.2087,-2.4183,2
2.8232,1.313,2
4.1335,-3.011,2
-3.6793,-0.50713,2
-3.6739,-6.6251,2
-2.0192,-1.8682,1
2.3496,1.8624,2
-0.6466,1.437,2
0.44334,2.396,2
-1.5065,-1.2321,1
-1.9351,-3.32,2
4.1727,3.678,2
3.8381,-2.1913,2
0.68225,-3.4197,2
0.069503,-0.70824,2
-0.17887,-2.8755,2
0.69051,1.2863,1
-2.1018,0.9544,1
0.86863,-2.8384,1
-0.44143,1.3781,3
-1.742,-1.0481,1
2.1949,-2.9634,2
0.16727,-1.325,2
-0.34063,2.6471,2
4.7204,2.0386,3
-1.2935,-1.6184,2
-2.2451,-4.0422,2
4.8645,6.4082,3
-3.5037,-2.6046,1
1.3535,-0.98488,2
-2.3955,-0.35761,1
1.413,1.3884,3
-3.345,0.62626,3
-1.5375,-1.969,2
0.4149,-2.3536,1
0.86847,-0.37767,2
-3.1447,2.9552,2
4.4488,-3.412,2
0.55351,2.2561,2
-2.908,-3.8978,1
1.2053,1.5721,3
3.4142,4.1612,2
1.7471,-3.375,2
-1.739,-3.3162,2
0.83387,-0.042079,2
-1.7318,-3.8941,2
-4.5293,0.73852,2
-1.4241,0.78213,3
-0.51059,1.0514,1
2.3572,0.44625,3
1.0359,1.3427,2
-0.61701,-0.21336,1
-2.2307,0.39642,1
-0.10551,-0.091594,1
-2.2767,-2.4791,2
1.2743,0.76019,3
0.8926,2.0837,2
-2.2083,-1.0564,2
-0.0059344,0.21176,1
-0.80241,0.084345,2
-0.23649,-0.53557,1
0.062696,0.28127,3
1.3872,0.24491,2
9.0687,6.9698,3
-2.2573,-0.82561,1
2.104,1.6479,2
1.7374e-05,-3.1005,1
-1.3867,1.3727,2
2.8037,0.010463,2
5.679,-0.54737,2
-2.8784,3.8319,2
-1.7238,-2.0694,2
-2.2105,0.60197,1
0.2116,0.55831,1
0.34018,0.54432,2
-0.9579,-0.34548,2
-1.8916,-0.96234,3
-0.14162,0.86299,2
0.57502,-3.1063,1
-1.3895,1.4196,3
1.0339,2.3057,2
0.55445,4.3793,2
3.2205,-0.98459,2
0.3008,2.1888,2
2.9399,-0.412,2
-1.1885,2.6399,2
1.6283,4.5225,2
0.69775,-1.0777,2
-1.7102,-1.3839,2
-5.4226,-2.3681,1
2.8396,1.3192,3
3.3473,-0.11224,2
-4.2432,-3.811,2
2.0667,3.3272,3
-0.63156,-0.064905,2
0.39551,-0.92089,3
-2.731,0.73946,1
-2.3458,-3.694,1
-1.5915,4.2568,2
-1.8864,1.4528,2
-0.60902,2.9056,2
0.15898,2.0288,2
-4.6405,-5.8033,2
-3.9171,1.5763,2
-2.5297,-3.1301,2
-2.7678,-0.43802,2
-4.05,-0.00028287,2
1.0839,0.47242,2
0.82934,3.7821,3
2.3604,-2.6566,2
2.694,-0.66605,1
-2.8769,-0.51705,2
0.18496,-3.7215,2
2.7784,3.6215,3
3.636,-0.77315,2
0.63864,-0.99841,1
-0.46521,2.0623,2
2.3985,-2.5568,2
-0.509,0.17413,2
-3.3528,-1.7504,1
2.3607,-0.55952,2
-5.3179,-0.1605,1
2.5806,2.2926,2
-3.5504,-2.8092,2
0.44223,-1.9446,3
1.9504,-0.55175,2
2.5344,3.8529,2
3.0123,4.5204,2
-4.0301,-1.9887,3
1.6036,6.1804,3
1.2284,-1.8918,2
0.78459,5.6042,3
2.1259,-0.090379,2
4.9549,3.9988,3
0.37984,1.3344,3
3.1928,-2.1736,1
0.18198,-1.5558,2
3.9738,0.99795,2
-2.7992,-1.6189,2
-2.0678,-0.70318,2
1.7137,-1.2344,1
-2.4163,-2.176,1
-1.3994,-1.3727,2
-2.6515,-0.53486,2
1.7155,3.6388,2
-0.2718,-2.7612,1
-4.5668,0.38836,2
-1.0408,-0.59364,1
1.0162,-1.313,1
-3.7839,-0.89986,1
-4.5135,-1.1463,1
-1.4126,-0.48187,2
0.045996,3.3237,2
-0.75905,-2.5221,2
0.28826,-0.7696,2
-0.092906,0.023545,2
2.1585,-0.052179,2
-0.83079,-2.3213,2
-2.0631,2.3904,3
1.106,1.9277,2
-0.89559,1.7125,2
0.55846,-1.3082,3
-1.9834,-0.7193,2
-1.1433,0.1629,2
-1.2664,-0.5409,3
-2.4476,1.9865,3
1.5314,-1.1503,3
-3.94,-0.76916,2
-3.3213,-0.10924,2
-2.0374,-1.6229,2
-0.33941,1.4094,1
-5.5539,-0.91531,2
-1.0049,-2.0956,2
-0.74678,-2.6094,1
0.85725,0.13448,2
0.84938,2.7787,2
1.6563,2.1264,2
-1.6866,0.57627,2
-3.5558,-2.3682,1
-0.11778,-1.3943,2
-0.46512,-0.45651,1
1.3185,1.1323,1
-3.5339,-2.9915,2
5.1512,7.7392,3
2.4295,0.25907,2
-0.34561,1.4967,2
-0.64725,-2.3614,2
3.1148,2.2888,2
0.27543,-2.3016,3
-1.2446,-1.2504,2
3.2563,2.2296,2
-1.8644,-0.43952,2
-1.4837,-3.5477,2
-1.2319,-1.2902,2
0.048847,3.4944,3
-0.20389,-1.1871,1
3.9357,2.4524,3
-0.99708,1.0409,3
1.4341,5.0658,2
4.1482,-0.63384,2
-0.33777,2.3079,2
1.1608,5.3926,2
3.1475,0.32078,1
0.47507,-0.49741,2
-1.1725,-0.78641,1
-2.1549,1.3565,1
1.7547,3.1459,3
0.59251,6.359,3
2.1344,-0.70867,2
1.1465,2.0232,2
2.2912,-1.9999,1
0.44951,2.3946,2
-4.3826,3.3397,2
-1.4679,3.1467,2
-0.5322,-5.4238,3
-2.3511,-0.48163,2
0.37997,0.047754,3
-4.3563,-1.4339,2
-0.00499,-0.024555,1
-3.0549,-1.0385,2
-1.4023,-2.6444,3
-6.1853,-1.3218,1
-2.3375,-1.1744,2
-0.83523,0.15158,3
-2.9803,-0.2943,2
0.71479,0.76951,2
4.1978,-1.7892,3
2.1493,-0.88725,2
-1.0291,-4.2037,1
-3.1778,-3.5924,1
-0.63882,-2.5339,2
-1.4911,-3.3596,2
-3.3685,1.6465,2
-2.0696,1.9037,2
-1.905,-0.53195,1
4.3944,4.3264,2
3.0761,1.1596,2
-0.34869,-0.60617,2
3.7523,-0.55531,2
1.4363,-1.7051,2
-0.29967,1.1875,2
-0.53692,1.6259,2
0.036622,2.4175,2
0.76385,-1.036,2
-0.96699,-2.5951,3
-0.23851,0.21337,2
-0.93688,-0.66822,3
0.030421,-2.2111,2
0.07368,-2.1699,1
-4.2953,0.17003,2
3.4746,2.894,3
-4.7514,-3.1276,2
-3.374,-5.7242,1
4.4868,2.1991,2
-0.48525,1.076,3
3.4536,0.14429,2
0.46971,3.0988,2
0.74807,-0.25547,2
2.39,-5.224,2
-1.7476,-2.4196,2
-0.59825,0.45609,2
-2.1694,-0.40432,2
-4.5303,1.5125,1
-5.0024,-4.2356,2
-0.22817,2.4338,2
0.69838,1.6851,2
0.22673,-1.5549,2
2.8814,1.5382,2
-0.22389,-4.3439,2
0.35085,1.1546,2
-0.59712,-0.80079,2
-3.6834,-3.4392,1
2.4727,3.5864,3
1.0143,1.7655,2
1.027,0.51343,2
-1.9855,-0.33082,2
-2.5249,-0.11386,2
0.010336,2.0699,3
-3.805,-0.70997,2
0.88066,1.0978,1
1.4129,3.2207,2
1.306,-1.6309,2
-0.74331,0.28054,2
-2.2193,0.71001,1
0.76872,-2.8373,2
-0.73851,-2.0091,2
0.7358,-0.51498,2
-4.8499,0.19895,2
-1.3531,-2.4233,2
0.88453,3.6216,2
5.0524,2.8273,2
1.6308,0.048044,2
1.9115,4.7114,2
-1.1287,3.2761,2
-0.69234,2.1257,2
-3.1165,1.3819,2
-1.5123,-1.8063,1
2.6117,2.6264,2
-1.7105,2.2838,2
-0.46944,-2.259,1
3.7968,3.688,3
1.9654,-0.38866,2
2.0519,2.3566,2
1.8524,-1.3439,2
-3.5469,2.5363,2
0.85438,0.60844,2
0.70158,-0.35277,1
-0.54988,-0.79364,2
2.561,-1.413,2
-4.0252,-3.7724,2
3.4485,-2.517,2
3.2624,-0.25239,2
-0.77383,-2.2738,2
-2.5344,0.32895,2
-4.0359,-0.38543,2
2.2328,-3.2305,2
-1.3993,0.4789,2
-0.59593,-0.36939,2
-1.09,-1.0167,2
2.0959,1.1263,2
4.3078,-0.65309,2
3.237,1.0081,2
-0.6178,-3.7162,2
-3.0421,-1.0826,2
0.49009,3.2832,2
-3.1201,-0.10902,2
-3.4551,-0.44688,2
-3.1815,0.84463,2
2.04,3.8473,2
-1.7667,0.76374,2
-1.1228,-5.4396,2
-2.8937,-2.6138,2
2.2105,0.16927,2
0.26912,3.0989,2
2.2533,2.8758,2
2.6159,-0.37106,1
-1.0162,5.3719,3
-1.8183,0.031903,3
-3.3372,-1.782,2
-2.3095,5.2775,2
-2.5716,-1.7717,2
1.2055,-1.838,2
-2.9584,-1.9068,2
2.022,1.557,2
-2.1084,-2.7503,1
3.5966,-0.48452,3
0.36145,1.829,2
-0.7499,-0.44728,3
4.9263,1.2683,3
-0.27498,2.7421,3
-3.693,-1.4587,1
-2.1359,-0.090843,2
0.32433,1.7136,2
-2.5791,2.7376,2
-0.29144,1.4447,3
-5.1589,-0.061365,1
0.30174,2.6741,2
2.0185,0.899,1
2.1017,-0.85638,2
1.9925,0.53251,2
5.5958,3.0049,3
-1.9164,-0.48622,2
-1.0108,0.3481,2
-1.6558,-3.5479,2
3.2385,0.93278,3
0.82274,-5.5635,2
1.0209,-3.6606,1
-0.20871,0.62183,2
2.135,-0.68627,3
0.27115,-2.383,2
1.2259,-0.42526,2
1.365,0.54461,2
3.1178,-0.43368,3
-2.94,-0.78985,2
-0.98624,1.9518,2
-1.2491,2.2567,2
-3.0383,-0.57334,2
-1.0754,3.7737,2
-2.1029,-0.69279,1
2.5535,1.3303,2
1.3634,2.4087,2
-0.53214,-0.077844,2
1.2499,-0.57108,1
-0.14291,-1.7103,2
-0.95499,2.4667,2
-0.29047,1.4826,1
2.5406,2.4176,3
-2.7212,1.2071,1
0.59859,-3.1533,2
0.97862,1.3953,2
2.1884,2.1234,3
3.2258,0.72706,3
1.9869,0.0247,2
-2.2405,0.21345,2
6.5554,3.1765,3
-4.685,-4.1424,2
3.6859,1.1459,2
5.8203,0.45627,2
1.7415,3.1509,2
-1.5571,2.2092,2
-3.3341,1.4767,1
3.0609,0.32158,2
-1.4323,-3.8168,2
-0.71644,1.1877,2
-0.41871,1.0283,2
2.7878,-0.35695,2
-0.44984,-1.4139,1
-2.2865,-0.34233,2
1.4828,-1.2758,1
3.2251,4.4065,2
0.087189,-3.8125,1
0.76779,5.3016,3
2.5087,2.0397,3
1.892,-1.1442,3
6.3611,-1.01,2
-5.6511,-0.78505,2
-3.3638,-3.3299,1
-0.069626,0.72171,3
-4.5216,-4.2431,2
-3.3344,-1.1607,1
-2.2302,-0.25114,3
-1.1933,-2.6096,1
-4.9437,1.0401,2
-2.1232,0.049639,1
2.2847,0.59135,2
-2.2235,-4.8905,2
2.321,2.0403,2
5.7052,1.8884,3
1.7091,-1.5291,2
-6.6674,0.98232,2
0.98283,2.2706,2
1.7516,-1.9287,2
-1.2743,0.40535,2
0.050787,-1.2371,2
2.3066,4.2423,3
1.7103,-0.50615,2
2.6099,-1.5677,2
1.2134,0.73305,2
-0.87153,-0.69301,2
3.9165,3.3048,3
-2.1618,-0.34195,2
-0.5377,3.0966,2
-0.085907,1.8091,3
1.6378,2.2386,2
1.2355,0.50634,2
1.8394,2.3395,1
0.093077,0.022212,2
-0.11576,1.268,2
-1.0323,1.8092,2
-0.62058,1.5914,2
1.793,1.8115,2
3.0286,0.59187,2
4.5868,1.7527,2
-1.1778,-0.6768,2
-2.5458,0.015314,2
-2.0277,-2.5088,1
-0.076974,1.8316,1
2.9556,4.8102,2
-0.43938,-2.374,1
-1.1524,-0.91344,2
-1.0867,2.9143,2
0.59791,1.8356,3
0.59718,3.9194,2
-4.6945,-1.7638,1
2.1826,-2.4444,2
-0.83181,0.068697,2
0.27475,-0.081081,3
-0.88941,-0.74133,2
0.81646,4.0121,2
-3.8592,1.9091,2
0.36314,-0.86267,2
1.0036,0.058182,2
-5.5801,-1.3813,3
-1.1351,-0.51101,2
1.5578,0.08494,2
-2.7355,-1.3354,1
-0.21707,-0.037109,2
3.1658,1.5743,3
3.0151,2.8053,3
0.34508,2.8714,1
3.8116,4.4138,3
0.65549,4.1834,2
-0.73531,3.3821,1
0.7191,0.84979,2
1.3899,-2.2967,2
0.20809,-1.1825,2
-3.1353,1.3711,2
-0.59608,-0.37151,2
-0.31208,-0.94986,2
1.1448,0.69495,3
-4.0877,0.32418,2
0.85714,1.5162,2
1.724,2.6012,2
-1.6258,0.42435,3
-5.885,0.86672,2
2.293,0.099184,3
3.5294,3.6841,3
-2.4726,-0.78746,2
1.9868,4.9637,2
1.482,4.656,2
0.31473,-1.3081,2
3.0424,-0.90843,2
-1.1204,2.1047,2
2.381,1.0197,2
6.21,2.8947,2
-0.36681,-0.76668,2
-1.494,1.3957,2
0.34687,1.5518,1
2.1147,1.9499,3
3.8987,1.336,2
-0.36586,0.50071,2
3.4459,1.3324,3
-4.2123,-4.0168,1
-1.2292,-0.70791,1
1.3904,1.8482,3
-0.83797,1.841,2
-1.953,-4.7198,2
0.91033,0.54763,2
-1.3472,-1.802,2
0.94718,-2.05,2
0.056773,-1.1976,1
2.3948,-2.6255,3
-0.17234,-2.69,2
4.1642,-0.090052,3
-1.1637,-0.2666,2
1.6634,-3.3247,2
3.1254,1.0621,2
-4.3725,-1.4871,1
-4.9248,3.1741,2
1.4635,0.22395,3
1.5425,5.0092,2
-3.3517,1.6116,3
3.3241,3.5918,2
4.9177,0.13409,2
0.83579,1.781,2
0.063045,-2.0344,2
0.99716,2.2652,2
-5.6506,-3.1682,2
-3.8974,-3.4937,2
0.72388,0.42925,3
-2.3302,0.36942,2
2.325,2.4048,3
-1.0213,-2.0738,2
1.8241,2.237,2
-3.2752,0.21098,2
-4.4212,1.0883,1
1.4427,4.1901,2
3.7469,-3.0854,2
-7.0374,-0.17102,1
4.435,5.2776,3
1.3069,-2.9452,2
-3.8366,-1.0711,3
-3.5443,-0.61496,2
-3.1332,0.39829,2
-0.92045,-3.3881,2
3.0319,-1.8287,2
-0.28463,2.1244,2
0.29548,1.7737,2
-0.56704,2.3822,2
-1.0291,-0.52002,2
-0.33987,-1.6453,2
-2.707,-3.5167,2
-1.3982,-1.4585,1
-4.1488,-0.90215,2
-0.39962,1.9639,2
0.4292,0.8082,2
-1.9291,-1.0826,3
1.5868,-0.15431,2
-3.3276,-0.19366,2
-3.3012,-3.8752,2
1.1614,2.4182,2
0.54679,1.3172,2
-2.7703,-2.2615,2
2.0527,2.4465,2
