0.54464,-0.70726,2
2.3693,-0.54805,1
-0.43778,-1.9332,2
1.7092,3.8139,3
4.7954,4.1756,3
-1.9755,-0.060232,3
-0.085522,-2.0656,2
2.3031,1.6056,3
0.49976,2.1263,2
2.3608,1.1871,2
-0.75459,1.1842,2
1.5395,-0.97283,2
2.0589,-0.11019,2
-2.0773,-3.5257,2
-3.7036,-1.8351,2
-0.93011,-2.1648,1
-0.29398,-0.088564,1
-0.050831,1.923,2
1.9457,1.6268,3
0.52005,0.14684,2
-0.29449,-1.9689,1
0.78025,1.9837,2
1.7438,1.4011,2
0.45622,-0.78252,2
-1.0071,1.0397,2
1.4135,-1.9717,1
-0.49867,-1.8598,2
-1.7041,0.48815,1
-0.83597,-0.7268,3
0.20057,3.9624,2
-0.66443,1.8429,2
-1.9381,-0.22982,3
0.059797,-1.361,2
-2.3968,-1.7477,2
2.5368,2.0303,3
0.97327,-0.10519,2
3.7648,1.5701,3
3.6781,2.6776,2
-0.55198,1.1599,1
2.8056,-0.39054,2
-0.62786,-2.8519,3
0.072313,0.80299,2
0.092555,0.77846,2
-1.2213,-0.73128,2
0.52595,-0.55487,2
-0.50092,-1.1817,2
-2.1547,1.2647,3
1.2835,4.4607,2
0.0645,-0.73331,2
0.13855,1.4964,3
3.5231,2.398,3
0.2888,-1.659,2
3.6155,-0.36515,3
-0.10245,1.5191,2
-2.5204,-3.3041,2
-3.1793,0.81433,2
3.8932,1.7591,2
-1.0906,-2.224,3
0.15507,-0.9681,2
-1.9631,2.8109,2
0.67444,-1.3999,1
-0.23626,2.1907,2
-3.5137,-4.9317,1
0.28767,-1.9379,2
-4.5845,-1.836,1
3.4849,0.47613,2
3.6324,2.0381,2
6.1312,1.8662,3
-0.44164,-0.62379,2
-4.1063,1.5082,3
-1.4288,-3.4901,1
-1.6098,-1.8054,1
-2.7607,-3.2181,2
1.4503,0.48561,3
2.5908,-2.9674,2
2.3587,2.9382,3
-1.8564,-0.52488,2
-1.1419,-0.0588,2
0.80961,3.758,3
-2.3224,-0.53156,2
3.2922,-0.11759,2
-0.80258,-0.6671,1
1.0998,2.4822,2
-0.21804,0.7899,2
-0.52485,-2.4078,2
-0.97889,-4.0988,3
-2.8982,4.2419,2
1.9933,0.64925,2
-3.9239,1.1478,3
3.1337,1.1506,3
3.1914,2.4965,3
-1.1678,0.12276,2
-1.0266,2.3561,2
-3.8169,0.53824,2
-2.7996,0.79573,2
-1.7989,-1.5341,2
-2.117,0.54629,1
-2.5421,0.52045,1
1.3971,-3.6445,2
0.32517,-0.24822,2
1.1169,-2.9898,1
0.002274,-0.58619,3
1.8745,0.74602,2
-0.94664,-2.664,2
-3.1854,-3.7639,1
2.7468,-0.13919,2
0.25601,-1.2978,2
0.14487,4.0473,2
1.5227,-0.035325,2
0.92699,-0.76583,1
2.0133,2.1425,3
-0.016929,-0.83801,2
3.3151,5.0859,3
0.59204,-2.6521,1
-2.8078,-0.26419,1
2.7212,2.8126,2
-1.0118,1.3708,2
-0.64945,-6.1131,2
0.42738,1.1463,3
1.0356,0.74681,2
1.4571,0.072334,2
1.7472,1.7002,2
0.23137,-2.0309,2
0.89585,-1.1512,2
1.6087,-1.1151,2
-2.3819,-2.2046,2
-1.2654,-4.5786,2
0.29829,0.12021,2
-2.0041,0.95316,2
-4.2746,-0.51446,1
-1.9925,-1.5155,2
-1.6122,-0.7472,1
2.373,1.7527,3
0.5658,0.16024,2
1.2645,0.42715,2
3.3615,4.3981,2
-0.77996,0.095754,2
-1.8903,0.069378,2
-2.7873,-2.8842,3
0.34181,-3.4601,1
0.36124,-2.4464,2
-1.8667,0.84317,2
-0.12504,0.15098,1
6.0134,2.4249,1
-1.0661,-2.0674,2
-0.30498,-2.5084,1
0.66006,-0.009947,2
-2.1745,0.64719,1
3.2605,2.3465,3
-2.9625,-0.62636,2
-0.69043,2.4551,2
-0.92309,-2.2209,2
-1.0428,-2.0175,3
1.6882,2.677,2
3.5576,0.16661,3
-0.55126,1.1194,1
-0.044838,1.216,2
0.34788,4.4577,3
1.9242,-0.56446,1
1.4678,-1.288,2
-0.97701,-1.9739,2
-4.4175,-5.2768,2
-3.3008,-4.3278,2
-0.13522,2.6515,2
-0.81672,1.7121,3
-0.14203,-5.4736,1
1.4522,-2.5995,3
5.1617,1.9216,3
1.4032,-3.3382,2
1.8437,-0.94505,2
-0.22171,-0.35987,2
-3.9083,-2.2337,2
3.0793,4.3244,3
-3.3504,-2.7751,2
0.20999,1.3015,2
4.8881,-1.3777,2
1.6821,-0.54443,3
-2.8921,-2.8794,1
2.2345,3.3723,2
1.0583,2.33,3
-2.3204,-4.6431,2
0.64872,4.8769,2
0.40203,2.2309,2
3.9149,4.4478,3
1.1237,-1.0006,2
-1.2572,0.29137,2
0.47614,2.1871,2
1.9952,3.6408,1
-3.1747,-0.36888,2
0.24459,-1.5942,2
-1.4632,-0.24858,3
-1.3752,-3.008,1
-0.2996,1.3164,2
0.54125,0.98114,3
3.3745,3.643,3
0.64658,-1.0902,2
1.6657,-1.8886,2
0.52992,-2.8481,1
-1.7525,0.91839,2
1.2135,4.316,2
-0.48506,-2.7247,1
3.1363,2.3082,2
-6.9305,-2.321,1
1.3933,-0.89362,3
-3.6975,-1.9074,1
-3.638,-1.4223,2
0.23197,1.1829,3
2.0837,2.9862,2
-0.012619,-2.7519,2
-0.52819,5.4839,2
-3.1901,3.1047,3
2.1457,3.3077,3
2.205,-1.7957,1
-1.6936,-2.4601,1
-1.7708,0.72064,1
0.19459,0.17103,2
-2.0702,-1.1943,2
0.4245,0.15542,3
-2.5648,-0.76451,1
2.6625,0.28111,2
-0.83915,-0.45982,2
-1.1167,-1.5581,2
2.2694,-0.53765,2
3.6008,-2.3593,1
0.71595,-5.5626,2
1.3989,0.62652,2
0.87294,-4.4513,2
1.5412,2.1851,2
2.5487,1.8826,2
-2.6601,-0.06038,2
1.0321,-0.097252,2
-6.2939,1.1655,2
0.039425,-2.8368,2
-4.6861,-2.34,3
1.8586,0.49303,2
-0.7421,0.42582,1
1.6076,-2.6438,1
-2.4073,0.96372,2
0.98652,-4.9428,3
-2.7245,0.24276,2
-1.582,-2.0798,2
-1.7514,2.4172,3
-0.69463,0.27268,1
-0.39841,1.5436,2
-0.78259,0.08405,2
3.6049,3.6134,2
2.6077,3.8012,3
2.6494,1.2182,2
1.5184,3.5603,3
-4.736,-4.946,1
-1.5813,-1.3589,1
2.3234,3.4606,2
-1.1338,-4.908,2
1.0928,1.2846,3
0.38034,0.55319,1
-2.4052,-3.1346,2
-2.8029,0.25474,1
0.17134,0.99908,3
-1.3038,-0.54979,2
2.5927,3.782,2
4.2997,1.7562,3
-2.1124,1.1313,2
3.333,6.857,3
0.29768,-0.053221,2
-1.1837,0.67436,2
4.1302,4.7717,3
1.5058,5.3506,3
3.8876,0.22209,1
-0.10395,0.34828,3
1.3546,2.8323,2
-4.5778,0.65633,3
-6.6397,-3.8502,2
-0.24786,1.378,2
1.1931,-1.1479,2
-3.8651,-1.967,2
3.8918,0.058605,2
1.0213,-3.6252,2
1.584,2.724,2
-1.4715,-2.9456,2
1.5342,-2.9431,1
-4.0273,-5.036,1
-3.5736,-4.0289,2
0.98063,-0.27284,2
-4.0318,4.2919,2
-0.18197,-4.0807,2
3.169,-1.9135,2
0.36425,-1.8996,2
-2.7057,-1.1379,2
-0.76394,1.1604,2
-1.8108,-3.2913,2
2.0982,3.3876,2
-1.5937,-1.1022,2
0.94626,-2.3256,3
-2.5036,0.22121,2
-0.20217,2.962,2
1.9476,0.49562,3
4.2241,5.3879,2
-1.5652,2.1303,2
-2.0023,3.9562,1
5.7924,2.9001,3
-1.3718,-2.7613,3
-1.1658,3.617,3
-2.21,-0.71846,2
-2.3534,-3.457,2
-4.1124,-3.5173,2
2.9528,0.47915,3
1.0087,-2.1833,2
4.0384,3.6886,2
-1.7912,-3.7783,1
3.7327,0.98475,3
-4,-0.72472,2
2.9966,0.26816,3
1.3481,-0.061792,2
1.9229,2.4589,2
-2.6451,0.05468,2
4.9416,1.2313,1
-0.62358,-2.8962,2
0.55775,2.0653,2
2.8956,-1.9433,2
2.2957,2.4118,2
-0.27993,0.17152,2
4.2634,0.20224,2
-2.1256,-2.5508,1
1.2064,4.6488,3
-2.6994,-1.1056,2
1.6456,-0.69278,1
2.4102,0.7696,3
-2.4345,1.2875,2
2.3579,0.16963,2
-4.2448,-0.40665,3
-2.4135,-2.5129,3
-2.0561,1.7053,3
4.7859,-1.244,2
-0.039303,-2.9045,1
8.1624,-0.11145,2
-2.6822,0.72048,1
-3.1479,-1.5195,2
-2.1746,-1.4344,2
2.8867,1.7925,2
-3.9625,-0.35091,2
-0.034686,-3.6388,3
0.95287,1.8386,3
-0.8311,-0.7609,1
-2.2834,3.9646,2
-3.0814,-2.1653,2
-0.51997,1.5604,1
2.2779,3.922,2
-1.8941,-1.7172,2
1.6227,1.0386,2
-1.4928,-1.0883,3
0.97813,3.7123,2
-2.7715,1.0398,2
2.0634,-0.052179,2
1.6057,-2.6503,2
-1.7759,-0.96447,2
3.2086,1.0094,2
-3.819,0.24742,2
-0.44719,-3.2283,2
2.0079,-1.1612,1
-6.2026,-0.25385,2
0.70247,0.66981,2
-3.4835,-3.7689,2
-1.3694,1.4404,2
0.45966,-1.6544,2
-2.8702,-1.1887,2
1.1339,4.0414,2
0.54744,1.859,3
0.11611,2.7542,2
0.52614,-1.5863,2
0.40686,-2.7501,2
-1.7548,-2.2451,2
-2.2647,-1.2224,2
-1.8009,-3.3182,2
1.5965,-0.86257,2
3.023,0.58627,3
0.45962,-3.8555,2
4.1851,-0.069815,2
-1.5999,1.8715,1
-3.4932,1.8363,2
-2.5222,1.1657,2
0.50176,-3.5675,1
-2.8692,0.34834,1
-2.3607,0.93126,3
1.0613,-1.0231,1
-0.76111,-0.11877,2
-0.55768,-1.401,3
-2.5864,-2.6294,2
-1.255,-2.066,2
-0.14339,-3.9509,3
-4.0455,1.1447,2
3.4214,-0.2502,3
-1.8822,0.73336,2
-0.77907,-1.2801,2
0.44716,4.486,2
3.1221,1.3025,3
-1.2346,-2.1404,2
0.40297,0.63724,1
4.0596,4.1537,3
-1.2379,-0.11576,1
1.842,1.1942,3
2.9674,1.2917,3
-0.46435,-1.4181,1
2.9866,1.0368,1
0.10498,-0.21983,1
-0.36357,-0.98842,2
2.0622,1.9166,2
-4.2077,-0.50694,3
1.4695,-0.50068,2
2.5226,2.8044,2
-1.1079,0.39108,2
-4.7463,2.4026,2
-1.2472,-0.95257,2
-0.76668,-1.4704,2
-2.4395,-1.2096,2
-3.184,-1.9729,2
2.4588,-0.96534,2
-2.2949,-2.5631,2
2.9903,2.8906,2
1.1533,-2.9365,2
-1.3341,-2.4211,2
-2.0502,-0.72843,2
0.55722,3.5089,3
3.597,-0.26889,3
0.82072,-0.80762,1
-1.4512,-0.50581,1
1.3385,-2.2078,1
-1.0286,-1.1336,1
0.0027975,1.361,3
1.3866,-1.32,2
1.5496,-0.62531,2
-1.1189,-1.3011,1
-3.3578,-3.7932,1
-3.0751,1.3562,2
-0.87834,-5.0305,2
3.0426,-2.9511,2
2.402,4.8054,1
-0.82299,2.4037,3
1.5938,-0.073341,2
1.1714,1.1125,3
-1.4591,3.0404,2
-1.6436,-1.0325,1
3.4586,3.9025,3
0.85047,-0.59522,1
-1.5232,-0.389,2
0.78359,2.282,2
0.83264,1.0604,3
0.60988,0.20226,3
3.3833,1.6369,2
0.58196,-1.0254,2
0.38027,2.5857,2
-0.31199,-0.028372,3
-1.6729,2.339,1
1.6356,7.2692,2
0.60642,5.6255,3
3.234,1.9396,3
1.1024,0.95914,2
0.035459,1.229,2
-0.12322,0.96457,2
-1.0808,-1.6076,3
0.70426,-1.1121,3
3.4107,-2.2993,3
-0.74634,-3.0999,1
0.76824,1.8488,2
0.041459,0.34449,3
-3.1676,-1.356,2
-3.0189,-1.9366,2
0.91321,2.3284,2
5.0342,2.7672,3
1.2067,0.8647,3
-0.98373,-1.0961,3
-2.8736,-1.1742,2
0.44874,-1.2969,2
-3.8783,-2.413,1
0.73843,0.11546,2
1.8565,-1.96,3
3.7989,3.1449,2
-1.0703,-2.1616,2
0.65886,-3.3689,1
-2.3705,2.7466,2
1.5861,0.75556,2
1.4445,-1.8014,1
4.6865,1.5699,3
2.2982,4.5532,2
-2.5198,-2.712,1
-2.1215,-2.5064,2
-2.9695,-3.4809,1
1.2882,-0.5884,3
2.0968,1.4785,2
3.0256,-1.3719,2
-4.3753,2.8236,1
0.92096,-1.1663,2
-1.5416,-0.18066,3
-0.92767,-0.6159,2
1.3716,-0.40938,2
0.20367,0.68521,3
0.83165,1.0925,1
-1.542,-1.1611,2
-1.5068,0.88986,2
1.6731,-0.80781,1
-2.5318,-1.7159,2
-1.8478,-2.7549,2
-2.7206,-0.55701,1
7.6851,-4.1008,2
0.48209,1.9327,3
1.6547,2.9982,1
2.8185,-0.7793,2
-3.6325,3.4974,1
-1.1315,-1.634,2
0.087114,-2.2969,1
0.097901,-1.0121,3
-2.703,-1.6796,2
-1.9354,-0.44296,1
0.23426,1.4626,2
-4.5049,1.84,2
-3.4846,-2.533,2
1.5455,-0.34303,3
0.47428,2.0072,2
-0.070498,1.5526,3
-3.2718,-3.1965,1
0.58442,5.3725,2
-0.75449,-3.0999,1
1.0138,0.74335,2
0.42722,0.053536,1
1.2024,0.58387,2
-2.3156,0.52626,2
3.6482,-1.4927,2
-0.60921,2.736,1
1.2268,4.2176,2
1.9471,-0.97166,2
-2.7161,1.6739,3
-4.6063,-5.7677,1
3.0452,-1.1948,2
-3.1103,-2.8458,2
2.858,4.5429,3
-4.5065,1.2844,2
-1.5368,-0.76793,3
-0.023012,1.677,2
-0.369,-1.9607,2
-0.7779,-1.5525,3
3.0083,-0.67195,2
-0.34487,-0.13046,2
-1.3797,-1.8863,1
-1.1735,0.90612,2
2.8909,-2.2827,2
-1.9835,-1.7004,2
-0.93433,-1.5253,1
0.3116,-1.0934,2
-3.9767,-0.31777,1
0.23999,1.3199,3
0.71867,0.51415,2
-2.507,-3.2759,2
0.56845,-0.42353,2
4.4473,0.18817,3
1.7789,0.98037,2
1.363,-1.3391,1
1.4014,-4.5992,2
-1.9314,2.483,2
0.082486,-2.1446,2
0.17168,0.6552,2
-0.6884,0.18778,2
-0.85438,1.1109,3
-2.4708,1.6691,1
1.976,-1.1138,3
2.755,0.22334,2
6.2361,3.9085,2
-1.8811,1.4205,3
-2.0641,-2.8006,2
3.6229,1.4228,3
-0.60072,2.304,2
3.7988,-5.2666,2
3.3148,3.8707,3
0.44692,-3.8954,1
1.8909,0.50505,2
5.1524,-0.40905,2
-3.2143,-4.5036,1
1.0225,5.274,2
-1.3715,1.9014,3
-0.13243,-3.1334,1
-0.39338,-0.87519,1
2.0125,-0.88526,3
3.0096,1.5142,2
0.10421,0.62292,3
-1.1186,-0.71762,2
-2.2186,-1.6375,2
2.6961,2.7979,2
-2.2669,1.7279,2
0.41257,1.7078,1
-0.72104,-1.085,2
0.66473,4.0967,3
0.48216,-0.92142,2
-3.1229,-0.71864,1
0.26474,-2.6244,2
2.4475,0.44993,2
0.29303,0.69325,2
2.7163,-2.1368,2
-0.63264,2.264,2
-0.098043,-0.25352,1
-0.028547,-0.0088255,2
0.59956,-0.044853,2
-2.2829,-0.65519,2
1.7925,-0.36614,2
-3.8311,-2.0804,1
-0.23925,3.9046,2
-0.6378,-0.41882,2
2.4459,-1.883,2
-1.4166,-1.867,2
2.7496,2.47,3
2.2187,2.0956,2
0.19477,-3.9518,2
-4.3717,-2.2538,2
0.06204,3.3848,2
1.5883,-0.75163,2
1.0551,0.73282,2
6.2206,1.5652,3
-4.1373,-1.257,2
-0.21104,0.057197,1
1.8043,0.66826,3
0.61564,0.78727,2
-3.9311,-4.2605,2
-0.50372,-0.85842,2
-1.0654,-0.4911,2
0.10267,0.94899,2
2.6995,0.28037,2
0.071028,0.016107,3
0.25778,1.7435,3
-0.67524,3.4135,1
1.7118,1.1355,3
-4.0182,-3.3703,1
-3.4511,0.65779,3
-5.0059,-0.90424,2
-1.2589,-0.8672,1
2.6344,2.0265,3
5.2817,5.1355,3
3.865,4.2479,2
0.71637,-0.81219,3
2.4907,0.1198,2
-4.0539,0.030331,2
-1.9851,0.6278,1
-1.5147,1.7124,2
3.0256,8.3872,3
0.35002,-3.0519,2
0.82042,0.42131,2
1.7492,1.7575,2
0.22275,1.877,2
3.4602,-2.2527,2
2.1149,1.2359,1
1.2216,-0.47031,2
0.25615,2.7222,1
-0.085407,2.8946,3
-0.90304,1.0908,2
3.5718,3.0638,3
-2.349,3.0495,2
-1.5819,-5.0535,1
-3.6916,0.25256,2
-2.5749,-3.2391,2
-0.64735,2.577,1
-2.0723,0.8962,2
0.81758,0.92151,2
-3.0189,1.1949,1
0.16761,-0.96973,2
-1.9609,1.6124,1
2.3439,1.7121,2
-0.64045,-1.2355,2
-2.7203,-3.5784,1
-0.21361,-2.1257,2
-1.9451,1.6509,2
2.6915,-0.53358,3
-0.67194,-3.3118,1
3.6427,-0.62941,3
-1.1876,1.0827,3
2.7255,0.20272,3
-1.2292,-2.5911,2
-5.5767,3.8236,1
-2.2863,2.4707,2
-1.5907,0.016282,2
1.6422,0.39795,2
-0.45676,-3.6396,2
1.653,2.5272,2
2.6351,1.8962,2
6.3647,1.8292,3
0.31244,1.3553,3
0.6558,2.0148,2
2.8518,-3.3523,1
-0.56223,4.924,3
-4.2126,3.4821,3
0.98455,-0.79826,2
-1.38,0.79408,2
0.23743,-1.5891,2
0.32357,1.821,1
-2.9923,-3.5922,1
1.2849,-1.4452,2
-0.97855,3.0182,3
-1.0134,3.1245,3
4.2997,0.66291,2
3.3436,2.1623,2
9.4609,1.3658,3
3.7882,-1.2003,2
2.0597,-1.4529,2
2.9162,1.7092,2
1.5624,-0.1077,1
1.6671,2.3235,3
1.8861,1.3027,2
-3.0543,1.436,2
2.8733,-0.95915,2
3.2239,5.492,2
2.9809,3.1521,2
-5.5131,-1.5619,2
-6.1808,-1.398,1
-2.6222,-3.8555,2
-1.6637,-0.3929,2
0.99779,0.67025,2
0.63671,-0.58143,2
6.4008,5.4358,3
1.7699,3.4472,2
4.5619,-2.7138,2
1.6679,2.1116,2
4.6937,-0.79169,3
2.6782,-0.826,3
-1.9262,-1.4461,2
2.1514,-3.4472,2
1.2263,0.94948,3
0.88323,-0.20523,2
-3.4274,-2.5149,1
0.51783,-3.4671,1
1.7564,1.8143,2
-3.8067,-1.6087,1
1.4066,0.62553,3
-0.020778,-3.5275,1
-4.2816,-2.6563,1
-2.611,-4.9643,1
3.9173,3.9027,2
1.5257,-2.596,1
1.5055,-2.1059,2
0.2154,1.5033,1
6.2085,-0.57067,2
-3.1889,0.069546,2
2.4588,2.3757,2
0.89939,4.9184,2
3.0365,5.1631,2
2.5049,2.6808,3
1.896,3.9583,3
-0.2055,-0.51565,3
1.5627,0.75127,2
0.86942,-0.47477,2
-2.2884,1.4682,2
-0.47767,-1.1974,1
1.8389,3.1013,2
0.55963,-0.067332,2
-3.8217,-2.4629,2
1.8989,2.2576,3
-0.9016,2.8846,3
0.32688,1.5153,1
-4.5405,-0.53676,1
1.7411,-1.0306,2
0.37698,-1.218,2
-0.34719,2.4722,3
-0.60517,5.0698,2
-2.0473,-1.7674,2
3.7449,-3.2077,1
2.1536,0.6386,3
-1.5855,-4.0167,3
0.97313,-0.48659,1
0.67102,0.51898,3
1.1354,0.55417,2
-0.26871,-1.2751,1
-0.68216,-0.4941,2
1.9335,-0.2543,1
-0.96064,-3.1664,1
0.11671,0.30167,2
0.92762,-1.8374,1
2.505,1.2895,2
3.1716,-2.0102,2
-0.54839,-4.2325,2
-1.2335,-1.3221,1
-1.8569,-3.0012,1
3.5747,3.4145,1
-0.30657,0.8318,2
3.0834,0.43372,1
-3.4906,-1.0375,2
0.74027,-3.6205,2
2.9059,1.3024,3
-1.0837,-1.9851,2
3.6719,2.07,2
-0.23081,5.074,2
0.65789,0.48378,3
-0.55759,-0.57923,2
0.76866,1.0567,2
-1.1111,-3.4292,2
5.9388,-0.086805,2
-1.1086,1.6162,2
1.073,3.1032,2
1.7314,-1.0931,2
0.68088,-5.8429,1
5.7868,3.0077,2
1.9453,3.1114,3
4.6967,1.7949,2
1.9233,3.9464,2
0.12777,-1.2314,2
1.8694,0.13796,2
0.56242,2.313,3
-2.7023,1.1945,2
-3.937,-0.55548,2
-1.6365,-3.4654,2
3.6284,3.3776,3
-0.054883,3.0768,2
4.5174,5.391,3
0.77402,3.9164,3
-3.3003,2.1754,2
-3.0601,2.0351,2
-3.6634,0.12984,3
-0.24124,-1.1434,2
3.66,1.1147,1
-0.22704,-0.79411,1
-1.2409,-1.8501,1
3.1933,-0.56634,2
-0.15988,-3.7602,2
-0.44059,1.9359,3
0.16839,2.1126,2
-0.43923,4.2808,2
2.6832,2.6027,2
0.97629,2.3713,2
3.6184,2.9884,2
-1.97,-1.6896,3
-2.1083,1.9228,1
1.9644,1.3816,3
-4.3093,-0.18324,2
-0.088157,-1.1726,2
-3.6725,0.82983,2
1.9224,-1.9996,2
-0.61831,-1.3383,1
-2.7121,2.3842,2
-1.8118,-2.9259,2
4.7099,1.5317,3
-3.2548,-0.71441,2
-5.4925,-3.105,1
-0.84721,-2.0012,3
-1.6284,-4.0333,2
-2.5603,-1.488,2
-1.4268,2.5208,1
3.4118,2.4058,2
4.0406,2.0827,2
1.4961,0.22748,2
1.8064,1.2162,2
1.1375,-0.64406,3
-0.68318,-0.1573,2
2.5137,1.8057,3
5.9634,1.8325,2
-1.6439,-3.2121,1
2.0131,4.5122,2
-4.2525,2.1092,2
1.4612,0.2099,1
-5.1914,1.9362,2
-2.512,-3.739,2
-1.0788,-1.8498,2
0.02819,-1.7417,1
-4.3386,-0.048863,2
1.2385,0.25626,2
-0.40292,1.7857,2
-4.6071,0.2988,2
-2.7128,0.70338,2
-4.724,-3.0199,1
1.6,3.2184,2
-0.70876,1.2612,2
-2.9787,-0.20675,1
-1.6295,-1.1314,2
-0.12588,-2.7446,2
-0.43975,0.2307,2
-0.49107,-1.5891,2
-1.2109,-2.093,2
2.8874,0.20742,3
-2.861,2.2438,2
-5.5945,-1.3563,1
1.1515,0.90423,2
3.7227,0.41153,3
1.8344,-2.0607,2
3.2749,-5.2982,2
-1.331,2.5044,2
-4.4519,2.3388,2
-1.4798,-2.4121,1
-5.752,-0.055156,2
3.2258,-1.1164,2
3.6882,-1.9622,3
-3.4237,0.67907,3
0.94868,-0.81941,2
2.4331,1.385,2
0.027102,0.82046,2
1.4756,-0.3356,2
-5.5476,-0.076656,1
-4.3292,-0.76014,3
0.65783,0.59456,2
-0.28697,0.79909,2
-0.83504,3.1165,2
-0.054423,1.7938,2
-0.1439,0.32538,2
-1.5073,0.52122,1
2.6574,4.0134,1
-0.94285,0.8237,3
-2.2354,0.56653,2
-0.64802,0.81164,1
-0.17596,-1.2271,2
0.86073,-1.2292,2
2.839,-1.6847,2
-0.79724,1.1894,1
-0.10121,3.5967,2
0.49903,3.0253,1
1.7368,-0.72106,2
-1.405,0.31541,3
3.5317,-1.6886,1
3.3838,5.8812,1
1.3693,-0.53363,2
-2.8549,-0.31605,2
-0.70283,5.4987,2
2.5293,-1.3439,1
-2.8704,-2.5113,1
-3.1809,-0.87531,2
-0.19522,-2.3591,2
1.4641,-1.2086,3
1.1693,-4.2079,2
4.7079,1.3674,2
-5.5206,2.982,1
4.3076,0.28045,2
2.4161,-2.4303,3
1.0618,-0.61395,2
-2.7171,0.15389,2
3.803,1.7932,2
2.1687,2.4121,2
-1.0052,-1.3453,2
0.93346,-4.3894,2
-2.8729,-2.5838,1
0.59342,-0.83708,2
2.0574,2.4899,2
-4.5208,-0.43665,2
-0.35169,-0.66882,2
-1.2615,3.5075,2
1.0113,-1.409,1
3.3524,-2.357,2
-1.0593,-0.38136,2
-1.5676,-5.9319,2
-4.0112,-4.9684,1
2.7625,-1.6485,2
-1.7264,-3.8312,2
-2.8552,-0.70104,2
-0.63796,-4.1239,2
4.075,0.43071,2
-0.17703,0.93365,2
0.85868,5.0747,1
3.9491,2.3311,2
1.8948,-0.067745,2
-0.46307,0.020359,2
-1.7111,2.453,2
-2.9078,-2.1472,2
-2.7746,-0.87401,1
-1.0433,0.77672,2
1.5035,3.531,2
3.1699,-1.2454,1
2.3492,-0.75385,2
-2.9584,1.6562,2
-0.081912,4.5813,2
-2.4036,3.8357,1
0.94887,1.8126,3
-2.9313,1.3286,2
-2.0812,1.3845,2
-1.2781,-0.3547,2
-0.37439,0.0076509,1
6.6293,3.1071,3
1.7282,-0.7536,2
-6.0251,-1.9471,2
1.4447,2.2119,2
0.59663,0.88854,3
3.4078,-1.4775,2
-0.85276,3.3314,3
-2.9594,0.062831,2
2.0794,0.87791,1
-2.3152,-0.79791,2
-3.8125,3.1115,2
1.243,1.5889,2
-1.9418,1.1117,2
3.5795,-0.51818,1
0.71952,5.1268,2
-0.7622,-0.85302,2
-0.46726,3.4805,3
-3.3209,-7.8036,1
-3.5321,3.8573,2
-1.8644,-0.2557,3
3.9735,-0.56514,3
0.27384,0.011812,2
3.4793,-0.72324,2
-4.1661,-2.859,1
-1.151,2.4635,2
0.94285,2.3807,2
0.65626,3.4874,2
3.0821,-0.34303,2
-0.72866,1.0125,3
-0.131,-1.0082,2
7.1284,2.9492,3
-3.6151,-2.8408,1
1.5708,-1.9099,2
3.619,-0.083249,3
-0.96073,-0.068279,1
0.13233,2.5156,2
4.492,-1.4293,2
1.1724,-1.749,2
1.959,4.5987,3
-3.1981,-0.89969,2
-0.46657,1.2001,2
1.9098,0.76182,1
-0.72453,-0.86384,1
-3.1077,-1.1384,2
1.7565,1.0308,2
-1.9616,0.52259,2
-3.4763,-1.1793,2
-3.1344,1.2338,2
-0.87227,-1.2023,2
0.33859,-0.27854,3
-0.069197,-0.43873,2
-3.6388,0.72379,2
2.9237,-0.04195,2
-0.91215,0.32845,2
-3.8507,-3.962,1
0.74757,4.3129,3
-2.2329,1.0181,2
0.14132,3.4483,2
-2.7068,0.19693,2
-2.1529,4.5951,3
-0.11521,-2.5633,2
1.1022,1.9209,2
3.0779,2.3274,2
-0.98036,2.9797,3
-0.74385,6.5369,2
-2.1457,-1.5234,2
-0.44601,-1.6265,2
3.2559,-0.33957,3
4.0308,-0.05777,2
0.36451,-0.7936,1
2.1301,-0.98314,2
2.9131,5.7346,2
1.3163,-1.465,2
4.0403,1.9047,3
-1.6524,-1.2358,1
-4.4628,0.76451,2
2.0216,-0.89823,2
1.863,6.8421,2
-0.65122,-0.63713,3
2.12,1.493,3
1.9511,-2.5464,2
-0.17055,1.9349,2
-2.7945,-2.7941,1
-0.95971,-5.0002,2
4.064,-0.66334,2
4.159,0.95575,2
-0.52289,3.0327,2
5.056,2.4629,3
0.14894,-1.9546,1
-2.3681,3.4446,2
-2.0504,1.8187,2
-2.6281,-3.3588,1
2.2765,-4.0088,2
4.5551,6.4242,3
0.39267,-1.8363,2
-0.60061,-0.85775,3
-1.2925,-1.4294,2
-0.13902,-0.64022,2
-2.7489,-0.11735,2
-0.93613,0.11273,2
3.1523,4.1976,2
-2.1401,-3.7307,1
-2.356,0.33537,2
-0.92573,-1.0109,2
-0.7372,-0.69374,2
0.29257,2.3793,2
2.1851,-2.9081,2
-0.4302,2.8452,1
-1.0917,-2.7565,1
1.0126,-2.4753,1
-1.6854,-0.062424,1
2.5044,-2.2769,2
-5.954,-1.2849,2
-0.5018,-0.20028,2
-2.5461,1.6606,2
-1.284,1.9667,2
-1.0457,1.7519,1
-3.8816,0.46722,1
-2.7447,2.0798,2
-3.0417,-3.3108,1
1.1667,-0.88401,2
0.63042,-0.08725,2
-1.7001,-2.8944,2
-0.98166,-1.0143,2
1.333,-2.8656,2
-1.6639,-1.5279,2
5.9204,2.2976,3
-0.57217,-1.2264,1
0.54653,-0.46221,2
-2.5247,0.35759,2
-1.3294,0.054742,2
-4.2042,-0.43883,1
2.4402,6.5397,3
-2.6508,2.7163,2
-2.4495,-0.15856,2
-1.3151,-3.0689,1
0.82177,1.0076,2
-1.6991,-3.3541,2
6.0293,4.0063,3
0.0072302,-0.035427,3
-0.84064,-0.50838,3
-2.326,2.1935,2
-2.0215,-1.2942,1
-3.5365,-3.3439,1
0.25843,-0.84372,3
-0.0066931,-3.6492,1
0.34798,1.9625,2
-6.6758,-3.8933,1
5.8967,3.455,2
-2.0493,-0.23638,1
-0.39454,2.2856,2
-3.5464,-3.2925,1
0.49381,-1.226,3
-0.89781,1.5818,3
0.65319,-0.25185,3
2.1775,-0.81594,2
2.4866,-1.9136,3
-1.3987,0.8445,2
0.6935,2.786,2
1.3709,-0.62601,3
-1.4217,0.16056,2
0.14702,-0.0068626,2
1.3592,2.9184,3
0.92655,3.5489,2
-4.4397,-3.565,1
1.5532,-0.68691,2
0.042446,1.4018,2
-0.26723,-1.2651,3
-1.6621,-0.24453,2
1.3649,-2.1044,2
-1.1832,-2.4408,2
2.9953,5.9284,2
-4.2271,1.2744,2
0.87652,-2.6398,3
-1.3312,1.1763,2
1.0677,2.8098,2
1.2514,-1.4765,2
1.1496,-1.321,2
-1.5191,-1.8201,2
-2.4967,-0.62775,2
1.2659,-3.5818,1
-2.6853,-2.6316,2
0.87474,0.044468,2
-1.7987,-1.5998,1
0.57812,-0.83836,2
-1.9268,-1.5354,1
-5.5521,0.4949,2
-2.1515,1.2569,2
-1.4121,-2.7987,2
0.93206,-2.5784,3
-1.6562,0.19683,2
1.1595,-1.0069,1
-2.1711,0.23238,2
1.0658,0.50546,3
-2.5478,1.8607,2
0.55894,-1.5052,2
2.7164,1.5606,3
0.63754,-1.3933,1
3.0194,3.2457,2
-1.122,-3.0849,2
-2.3829,-2.3882,2
-2.4186,1.5354,2
2.158,-0.077193,1
4.3845,-0.0036813,2
6.2298,1.8473,2
1.7448,1.0662,2
0.48557,1.6059,3
2.0335,-0.22506,2
2.1692,3.4206,2
-1.7874,0.22489,2
-2.5424,1.0323,2
-0.012589,1.8638,2
2.0237,-1.5053,1
0.60949,4.3479,3
0.54308,-0.41123,3
2.6438,-1.0252,2
0.86097,-0.59703,2
0.28477,-0.78949,3
-2.2159,-3.8635,1
0.76168,7.8717,3
1.2618,0.96748,2
-2.4989,-2.4621,3
0.66177,3.5653,2
-2.2773,-0.43248,2
0.023539,-0.61746,2
-0.64677,0.33097,1
-3.2762,-0.35871,1
-0.93721,-3.8796,2
1.7721,-0.63905,2
-0.50339,-2.2565,1
0.82444,1.6288,2
2.399,1.0707,3
2.305,1.8299,3
-2.3784,-1.6469,1
-0.24505,-1.1852,2
2.3953,0.16397,2
-1.2349,2.215,2
-2.5262,2.8595,2
2.8479,1.8154,2
2.485,2.3567,3
0.33014,3.0991,2
-4.7213,-0.40214,2
-2.0502,-3.0497,2
-0.53344,-4.5199,2
-0.80898,-1.9611,2
-0.67505,5.673,2
-0.52528,0.53602,2
-0.3349,-0.68398,2
-3.6471,-3.333,1
-1.4648,0.045554,2
0.82762,1.3171,2
2.9606,2.1835,2
-0.81704,1.0558,2
-2.0318,1.374,2
-0.067329,0.028336,2
1.5358,-1.2257,1
0.69744,0.6715,2
3.0229,0.62285,2
-3.0144,0.92753,2
-3.0649,-0.72449,3
-1.1091,-1.7167,1
-1.3015,-1.1211,1
3.0069,-0.88451,2
1.5562,-1.4074,3
2.2419,0.39694,2
-2.7805,-3.1353,3
1.5317,2.6816,2
-0.064998,-4.0596,2
-3.4868,0.84787,2
0.96582,0.38655,2
1.077,2.8084,3
-1.9315,-2.0054,2
0.40278,-2.2523,2
0.60166,3.1054,3
0.21128,1.465,2
0.48596,-0.14642,2
3.3675,-2.803,3
2.1005,3.7136,2
-3.4977,-3.9423,1
1.3245,0.74312,3
1.4835,1.8823,3
-0.599,-4.0002,2
-0.33044,-1.5648,2
1.552,1.611,2
-1.6618,-2.1308,1
1.5015,2.5501,2
1.7213,2.3869,2
2.7737,2.0379,1
0.13733,-0.404,2
-2.482,-0.84963,2
-1.1456,2.167,2
-0.41902,0.3894,2
1.3421,-0.47452,2
-0.79009,-0.085027,2
-1.8568,2.701,1
0.46013,0.79148,1
0.067311,-1.6516,2
-0.22832,-1.3839,1
-1.6887,-0.80287,2
-3.8396,-1.7734,1
-1.0499,3.7124,3
-2.7086,-1.359,2
-3.6189,1.5908,2
1.8463,-2.5541,3
0.31011,-0.18883,3
2.0495,-0.57491,1
-1.6694,1.3541,3
3.7591,-3.8664,1
-2.9068,2.8792,3
-2.4604,-1.4388,2
2.4613,2.77,2
3.5032,-2.1475,2
0.55508,1.503,2
1.5317,2.1965,2
-2.8216,-1.838,2
1.3139,-0.81353,2
0.54944,-0.8924,2
1.6853,-2.9152,2
-0.815,-0.81031,3
1.5272,-0.79408,2
-1.1465,-3.4609,1
-2.5603,-3.1741,2
1.7323,-0.48757,3
-1.0347,2.4493,1
3.3816,-4.1509,2
1.2785,0.4862,2
-0.50046,-4.0161,3
3.4541,0.33718,2
1.9912,-2.391,2
-1.0365,-2.5313,2
-0.34734,-4.5556,1
2.3121,1.8237,2
0.88032,1.3832,2
-0.86677,0.9441,2
1.2409,-0.31673,3
1.6441,2.1525,1
-1.0823,-1.8125,2
-1.8492,1.1293,2
3.3571,0.26655,3
-0.34738,-1.9628,3
-0.23172,-4.0942,2
-2.2159,-3.1884,2
-1.5641,-3.229,1
-1.6231,0.13424,2
-5.4943,-4.416,1
-0.25377,2.9382,2
1.2736,0.040777,2
-1.9226,4.9829,1
-1.6935,-0.80774,2
-1.4048,1.1408,2
0.64314,1.9635,1
-2.8647,-3.5194,2
-0.71372,0.19993,2
-2.2261,-1.743,1
0.13363,-0.14181,2
0.21623,1.6599,2
-1.1009,-2.0888,2
1.3791,1.6087,2
0.27582,-4.2521,2
-1.7823,-3.3284,1
-6.0458,-7.3464,2
-1.1024,-2.2396,2
0.61698,-1.4629,2
-1.2612,-2.2728,3
0.31655,0.74178,1
1.5028,-3.3239,3
1.4895,0.12964,2
-3.8543,-1.9267,3
-2.9116,-1.5423,2
-2.376,-3.4367,2
1.3475,-0.83217,2
-0.63466,-2.3169,2
-1.5584,0.25912,2
0.3076,-0.73229,1
-0.23884,-4.2766,2
5.8461,3.5919,2
0.66262,0.98779,2
2.3953,2.1906,2
-3.4733,-1.9853,1
7.0001,4.6754,3
0.58082,-3.2793,3
-1.459,-1.3704,2
2.4231,-2.4921,2
0.68192,2.9349,2
0.73361,2.0733,1
-1.1118,0.58094,2
4.6917,0.15698,2
1.0446,4.0594,3
-1.3721,1.486,2
-0.26251,-1.2895,1
0.48329,0.81241,3
1.5972,0.43417,2
-1.0227,2.1488,3
-1.8632,0.21743,1
1.2459,-0.30813,3
1.0277,-0.31088,3
4.9293,3.4512,3
-1.2725,-1.7962,2
2.0939,-2.3159,3
-1.9466,0.083102,2
1.7528,1.5432,2
1.2341,0.74063,3
0.94235,-1.5625,2
-3.2889,1.3406,2
-2.254,-1.5086,1
0.28588,0.63838,2
3.0759,-3.6332,2
-3.9064,-3.971,2
-1.1438,-4.8466,1
2.1599,0.72245,2
2.3488,1.3223,3
1.7844,2.9088,1
4.0812,1.6665,3
1.6712,0.83325,2
0.88302,1.147,2
-0.26193,2.9619,3
-5.6822,-3.9843,2
1.262,2.8564,2
1.0721,-5.6682,3
-1.8224,-5.9427,3
-0.57271,-0.15452,3
-2.5488,-2.7429,2
-3.8566,0.844,3
2.2887,-2.0542,2
-1.6424,0.31464,1
3.8601,-0.46878,2
-1.1733,1.6131,1
3.0376,1.9344,3
-0.9302,2.9762,2
-0.0050421,-0.36135,3
0.32486,2.7053,2
0.3013,-0.18581,2
-1.6029,1.3366,2
2.3198,1.2616,2
-0.90272,2.3152,2
-0.26866,-3.1939,2
0.90831,-1.4054,2
-2.3914,-1.8087,1
-0.94366,-2.6792,2
0.33845,2.5004,2
-2.3714,-3.2574,2
-2.2332,-0.60445,2
2.4476,-2.0153,2
-2.0473,1.1786,1
1.7563,3.7894,3
0.41756,2.3024,2
1.1255,0.15358,2
2.4499,2.3907,2
1.9267,0.28362,2
2.8396,0.20267,2
2.5501,0.60238,2
-0.26864,-0.60985,2
-3.1062,-0.15349,2
2.3361,2.3768,2
-0.47136,-5.7954,2
-2.4088,-4.3022,1
0.7344,-1.358,2
-0.69011,-0.10108,2
-0.1149,5.6967,3
-0.22389,0.39866,2
-0.083038,0.54639,2
0.96682,1.3091,2
-3.2021,-1.0167,2
-0.42295,3.7973,1
-1.3743,-2.0272,1
0.67557,-0.50308,2
3.8862,0.41286,2
1.4249,4.607,3
-1.3574,1.0725,3
0.70401,-1.743,2
1.0933,-0.067646,2
3.0118,1.1718,2
-1.8741,2.6765,3
0.16951,-0.94839,1
-5.793,-2.1286,2
-1.8911,-3.6942,2
-2.8443,-0.44571,2
1.7576,0.91379,1
-1.4926,1.574,2
-0.39333,1.2535,2
0.28677,1.2502,3
-0.081365,-1.415,2
-1.799,5.0936,3
2.2912,0.67122,2
-1.072,-1.3307,2
6.0336,3.715,2
1.2425,1.6803,2
4.6348,5.2105,2
-0.28379,0.75277,2
-1.8237,0.92183,2
-2.9711,-2.1937,2
-1.9251,0.96848,1
1.0103,1.7151,3
-1.5076,-2.8134,3
4.0188,0.69552,2
3.1553,-0.27017,3
-2.0055,-2.5564,1
-0.86216,-0.17652,2
-0.61085,1.6684,3
2.4505,5.8904,2
-3.254,-3.1427,1
0.76905,-2.8455,2
-2.5578,-2.2791,1
-4.694,-4.6837,1
-1.3608,4.2324,2
0.51656,0.21821,3
-0.94439,0.10272,2
-2.3278,-1.2506,2
1.1275,1.7326,1
-1.8572,0.32485,2
-0.60801,-0.46266,2
1.7874,0.82525,3
2.9163,0.43815,2
-1.7366,0.04599,2
-1.4817,0.9795,2
-3.8284,-1.2816,2
-2.4897,1.3519,2
1.3789,-0.51864,2
-0.88207,0.5458,2
1.844,0.55567,3
0.020285,2.2226,2
-2.5105,-0.40771,1
0.21425,-1.1002,3
1.5411,-2.4002,1
-0.076743,-1.8282,3
-1.5905,1.3933,2
3.5499,2.3797,3
0.14965,-2.2529,2
4.843,-2.7961,2
-2.9221,0.088156,3
-4.388,-3.6308,1
-1.9668,0.052964,2
1.6978,-2.1149,2
2.4359,4.1837,2
-1.1665,-0.38505,1
-0.047892,0.93231,2
-0.18176,0.39499,2
4.579,1.4982,2
-0.82274,-0.55352,2
-0.70346,-1.4723,2
-3.1256,-1.9376,2
-0.77893,0.69056,2
1.9114,-2.4457,2
-1.5941,1.2938,3
1.3875,0.69846,2
0.70404,-1.846,3
0.12646,0.89271,2
0.058248,0.11866,2
-0.032202,-0.60522,2
-2.4638,-0.98829,1
-2.9718,-1.6745,2
2.5811,2.0624,2
2.0262,-0.98325,2
0.28566,3.0266,3
-2.2784,5.3538,2
0.86311,1.6748,2
-1.3672,-0.92692,2
2.8235,-4.4896,1
0.72441,2.2157,2
1.292,2.9685,3
-0.68975,-2.3951,2
-4.3858,-2.2617,2
0.26344,-1.3385,1
-0.60588,0.32855,2
1.0989,0.78619,3
-0.76778,-1.1149,1
1.7889,-1.7533,2
2.6057,3.7742,3
2.1897,-0.8347,3
-1.6384,1.9045,2
0.94317,-2.546,2
1.4936,-3.4596,2
-1.0123,-0.28567,2
-4.1606,-1.753,1
-1.1167,-0.76496,1
-0.70531,-1.6707,1
-2.6292,-0.61241,2
0.47917,1.3287,2
2.9932,3.0904,2
-0.48061,-1.3053,1
-6.7407,-0.58541,1
-0.15013,-0.17847,2
2.9923,3.624,2
1.0623,-0.44253,1
1.9856,-1.4204,2
6.1644,-2.9948,3
0.85676,-0.78864,3
4.5955,2.4624,3
3.7193,-1.8521,3
5.6021,-1.9537,3
1.7775,3.6659,3
0.17238,-1.5027,2
0.60636,0.91917,2
1.5978,-0.20624,2
-3.3733,1.387,1
4.2549,-2.1795,2
0.74068,0.48921,2
-3.5371,-7.6203,1
-3.162,-1.2435,2
-2.6096,-6.4852,1
2.0186,-0.99576,2
-0.85235,1.0565,1
0.94543,0.19599,2
2.6321,1.373,2
1.1751,4.6909,2
-0.70619,-2.6251,1
-0.85508,1.4277,2
0.36413,-3.1957,2
-0.53651,-2.0073,2
-1.6554,-0.36805,2
2.6655,-2.121,2
-0.028184,2.7629,2
-2.1304,-2.095,2
0.86324,-1.4779,2
1.7501,2.145,2
-1.9852,1.0121,1
-1.2825,-0.36584,2
0.4537,-0.24442,1
0.69727,-1.6072,2
0.74933,-1.3981,2
-1.2661,-1.2049,2
-2.8744,-1.9853,2
3.3395,-3.5436,1
4.5093,2.4954,2
-3.7695,-1.676,2
-0.38519,-0.36161,2
2.468,1.8313,2
0.94451,-1.6695,3
-0.15937,2.7899,2
2.9098,-2.3901,2
-0.4215,-0.40032,1
-2.0546,-0.35865,1
3.5346,1.193,2
-3.3365,-5.6883,1
0.54047,2.0082,2
-0.14531,2.9238,1
1.7297,1.7317,2
-0.029612,-0.73245,2
3.3751,2.6331,3
1.8604,1.7074,2
0.95179,0.98613,2
-1.682,-3.1344,1
1.8279,3.3427,2
-1.6364,0.86355,2
-1.9296,-2.2594,3
0.14664,-1.3654,3
0.62857,0.7515,2
-3.4169,0.16828,2
1.7091,-0.028338,3
-2.665,-0.19078,2
-0.0019632,0.7046,2
-2.4355,3.4229,2
2.2043,1.9793,2
0.62374,-1.1522,1
-0.3884,0.65708,1
2.5545,-0.76045,2
3.7831,-1.0152,2
2.3035,-0.032749,2
0.22669,2.4369,3
-1.1517,1.833,2
-3.0817,-3.3761,1
-1.1403,-3.0491,1
1.3523,-0.10147,2
0.21602,-0.27787,1
5.9768,0.30057,2
0.036702,-2.4351,2
-1.1103,0.70692,2
0.07465,1.4796,1
-0.02951,-1.2376,2
2.3699,0.75608,2
-0.38788,2.9408,3
4.2249,-1.0303,3
-1.5307,3.6096,2
3.3256,4.8908,3
-2.2506,-1.2773,1
1.0396,0.54114,2
1.5729,-0.8988,2
-1.0604,-1.2311,2
0.28013,-3.5791,2
-0.31878,-1.1779,2
0.87173,-0.14567,3
3.8142,0.28632,3
1.4772,-0.25094,3
-4.933,-1.591,2
-4.2654,-2.3785,1
-3.5383,-4.6184,1
3.7061,3.5502,2
1.013,0.95657,3
-1.0273,2.9247,2
1.9915,-1.9486,2
-1.7741,2.1759,3
-2.8152,0.13202,1
3.0915,2.0686,2
0.91016,2.5874,3
-3.5926,-0.53504,2
-1.0341,4.1423,2
-3.0956,-4.5588,1
2.9345,-1.0582,2
-4.6637,0.43994,2
-2.5902,-4.3906,2
0.8694,3.2859,2
2.4246,1.4411,1
-1.1047,-2.3396,1
-0.83283,-1.2733,1
1.6246,0.10739,3
3.1359,-1.1393,2
-2.036,-3.8118,2
1.7667,-3.146,2
-2.1822,-1.5639,1
0.34923,5.7649,2
0.71083,-1.3716,2
2.1005,-0.92071,2
4.0953,-1.3309,2
2.3492,0.88629,2
-1.03,-5.2178,2
-0.79538,-0.40843,2
-0.48074,-0.01964,2
-3.3922,-6.039,2
-4.2094,-6.1583,1
-1.4145,1.1428,3
0.40024,2.035,2
0.5323,-1.2656,2
-3.6045,2.0456,3
3.2055,-2.3006,2
-4.5236,-1.0082,1
-0.42451,-1.6368,2
-1.3728,-1.7022,1
-0.07167,-1.2443,2
-2.1134,-0.20176,2
-3.5139,1.1575,2
-1.6088,0.66785,2
1.2244,1.9856,1
-0.2272,-1.2877,2
1.4592,1.1236,3
-3.0436,-0.99267,2
-1.9817,-2.1955,1
-1.3018,0.12454,1
2.9271,5.324,3
1.7372,1.6146,2
-1.6624,0.60615,3
-3.0632,-2.6449,2
2.6309,1.306,3
1.6779,0.29082,2
1.5616,-0.34119,2
-2.4873,1.0437,2
-0.70802,0.07826,1
1.0634,-2.8811,2
1.47,1.9764,3
-3.168,-0.55078,1
-2.4147,-0.22674,2
0.53667,0.49303,2
3.7191,1.9562,3
4.1511,-0.54478,3
2.8717,1.4137,2
3.7077,2.3831,3
2.0139,2.6882,3
3.1726,-0.64468,2
4.9318,2.1594,2
0.62317,0.87607,1
-1.6582,-1.0637,3
-0.51636,1.0868,1
1.1061,-0.060376,1
1.9374,-0.18286,1
1.1137,1.7571,2
2.5966,-5.372,2
-2.6375,-4.6081,2
4.1301,0.47675,3
-0.32067,0.88306,2
-4.9736,-2.425,1
-1.541,2.2974,2
-1.8565,3.7167,2
2.5932,-2.585,3
3.1227,-0.41962,2
-1.3442,-2.0937,2
-1.0559,-0.32077,2
1.1285,1.5387,3
-2.6601,-5.9143,1
-0.14658,2.0838,3
3.302,-2.2746,2
-0.97736,-1.8257,3
-1.4818,-4.2322,1
0.47971,-1.6176,2
-3.1819,-0.24586,1
0.63222,-1.5553,2
0.68977,1.898,3
-2.6267,-0.72808,2
3.4017,0.30423,2
0.46642,1.8199,1
-1.5087,-3.1322,2
-2.7064,2.0785,2
-1.9064,0.081863,2
-0.73703,-6.1898,2
-1.2424,-2.6813,1
0.14235,0.92821,2
-1.4516,-2.8752,1
1.8998,0.36667,2
-3.9648,-0.37157,1
-3.9312,-1.4662,3
-3.0793,-0.72691,1
0.80447,-0.090413,1
0.83341,-3.5546,1
1.293,2.0897,2
0.4691,-1.1327,2
2.0826,3.6532,2
-2.6684,2.9085,3
9.1078,2.6949,3
-0.95141,-0.95644,2
-4.5138,0.98892,2
-0.53671,0.082364,1
2.1714,1.0086,3
-0.79778,-2.2649,1
0.51463,1.2874,2
0.89524,-0.45508,2
0.29706,0.95324,2
-1.7311,-0.68759,1
2.0753,-2.0015,2
0.73066,0.061582,2
2.4405,-2.5729,2
-3.9009,-1.3327,3
-0.68498,-5.1023,2
0.85906,-1.3956,1
2.2634,0.48444,1
-0.087719,-0.60577,1
2.6315,-0.53673,2
-3.9832,-2.2701,1
1.7013,0.13223,1
-0.9676,-1.428,2
-3.4023,3.4174,2
1.0943,2.0267,2
-0.36804,1.9749,2
2.4802,-2.7097,2
-0.36548,-1.1353,2
0.53509,1.7774,3
-1.0812,-1.8208,1
2.0974,-0.53494,2
1.7023,-1.807,2
-3.7695,-0.80804,3
0.45769,-0.88228,2
-4.2534,-0.18605,1
-4.7176,0.19022,2
-3.1871,0.21027,1
1.2811,-2.6625,2
0.31077,7.6432,3
-4.6192,0.9503,2
-2.4447,-0.22853,2
0.73049,0.98736,2
2.2459,0.71248,2
0.73349,-0.5594,2
1.1756,1.86,2
3.6235,1.7086,3
0.44496,1.4633,2
2.6245,-0.68337,2
2.583,3.9521,2
0.28275,0.18681,3
2.8945,1.2106,2
3.6228,1.1385,3
-0.18939,0.5411,2
1.2926,2.8379,1
-4.1658,-0.16055,1
-2.4502,-1.3099,2
-0.22265,1.4987,2
-3.009,1.2019,1
1.057,0.31186,3
2.9747,-1.5633,2
0.80519,-1.4997,1
-2.6667,-2.8485,1
-0.25053,-3.3558,3
-6.8448,-0.13688,2
1.7817,0.9803,1
-0.46749,-1.9618,1
-0.26513,-1.7007,2
2.4188,1.8316,2
1.892,-3.7682,2
5.9084,2.7574,2
2.8214,3.2162,3
0.25604,1.3961,2
1.2317,-4.6387,2
-1.0626,-0.56816,1
1.8857,1.9376,3
4.4016,3.2012,2
-2.6746,-0.091138,3
-1.3353,0.78663,2
-3.5801,-4.2093,1
1.5254,-0.30531,2
0.35258,1.8784,2
-0.53144,4.4045,2
0.92559,0.23039,2
0.11766,0.50131,1
-2.2681,2.4186,1
2.2504,0.0099072,3
-2.7733,-1.2085,2
-4.1043,-3.0671,2
-3.9218,-3.855,1
-1.2293,-0.74866,2
-0.59263,-0.12881,1
-3.309,-0.88762,2
-0.71754,4.7369,3
-0.18122,3.2761,3
2.0066,2.8182,3
-2.3905,-2.4542,1
-1.7656,-2.6051,2
3.3871,2.804,3
-0.42191,1.566,3
-1.985,-1.0067,2
0.12811,1.6067,1
-1.9032,-0.3551,1
-1.7974,-2.8701,1
1.7163,3.192,2
-2.8603,3.3019,2
2.0952,-2.4023,1
0.21731,2.5877,2
-2.2108,-1.2477,2
-0.20042,-1.3106,2
3.8325,-1.1319,2
-1.2552,-0.87231,2
6.0955,2.3305,2
1.6218,-1.6659,1
3.9648,5.2779,3
2.4601,-1.0924,2
-1.2417,-4.7444,2
3.6889,0.36936,2
5.3545,4.3126,3
-5.6747,-0.32382,1
-2.8306,0.83447,1
0.29061,0.35881,2
-2.5776,-1.9882,2
1.7535,1.2152,2
-2.6989,-2.7123,2
-0.57229,0.91863,3
5.6214,4.8642,2
0.7649,-1.2755,3
-0.54236,3.7063,2
1.0261,-5.5398,2
-0.69301,0.98308,2
-1.0177,-0.66413,1
1.996,0.82874,3
1.6597,-1.8939,2
3.2077,0.46186,2
2.8645,1.0884,2
-0.92708,-0.68414,2
-2.0878,-0.92919,1
-3.7026,-1.8239,2
0.51629,-0.78652,3
4.7606,1.4885,2
0.24244,-0.23803,3
0.97752,-1.9899,2
2.8871,2.7778,2
0.36732,1.7396,3
-1.2628,3.9258,3
-1.1543,0.067664,3
0.5827,-3.7239,2
0.0097357,2.0941,2
-2.7431,-0.061111,2
-1.366,-2.7079,1
-0.20621,1.6723,1
0.32659,-0.54205,1
0.22704,2.4165,2
2.5345,-1.0159,2
0.73243,1.8527,2
-0.81177,-0.098702,2
-0.6835,1.4145,2
4.6087,0.27705,2
-0.15216,1.2109,1
-0.9974,-3.3549,1
-4.2277,-0.92565,1
1.5678,2.4083,2
-0.57108,0.041651,2
1.2917,0.85186,2
-3.483,-2.364,2
-2.6033,0.095865,1
-1.4311,-2.1199,2
0.82257,-0.28265,2
-3.2282,2.1936,2
0.52789,3.3581,2
-2.729,0.56211,2
4.551,2.235,3
-0.22807,-5.0881,1
2.1763,1.0598,1
-1.7334,-1.3802,1
0.16552,-0.82535,2
0.41256,-0.65974,3
-3.0283,-0.73285,2
-2.9796,-0.11842,2
-0.14792,-0.35369,2
-2.7702,0.41751,2
0.30892,1.0667,2
-1.0565,-3.4706,2
3.3937,-0.051842,3
-0.37445,0.72762,2
-0.029187,-1.888,2
2.1133,-1.4438,1
1.9773,3.7542,2
1.5329,0.13534,1
-1.2804,-1.9885,1
3.3304,1.4043,2
1.86,-0.56527,2
1.4761,-1.9293,3
-0.95034,-3.7016,2
-1.0557,-0.33951,2
-0.1872,2.3185,3
-2.0841,-4.054,2
1.6679,-1.0732,2
1.2196,0.1355,1
1.2995,-2.845,3
3.1869,-0.55836,2
0.97288,-2.6493,3
0.25582,7.255,3
0.79385,-0.58898,2
2.6005,1.0877,2
2.4233,0.062587,2
-0.76048,-0.32082,2
-1.447,0.42845,1
1.5201,1.9979,2
1.3014,2.7903,2
2.2209,1.9749,2
0.04332,-4.4055,1
-3.6984,-0.2856,1
0.24668,1.018,2
0.72941,2.6673,2
-0.51749,-1.4779,1
-2.9911,-0.42833,3
2.4417,1.6106,3
-0.27573,1.2128,2
-0.025819,-1.4453,1
3.9466,4.4237,2
-1.2729,0.27337,2
-3.9068,0.89849,2
2.2396,1.5707,1
0.050262,0.71555,2
1.9984,0.91759,2
5.6959,-1.934,3
0.023138,-2.2874,2
-2.3684,0.84224,2
-1.0223,-2.0118,2
0.73135,3.2762,1
-1.1924,-0.8402,2
0.48953,2.6875,2
1.8113,-0.51647,1
1.6605,1.6416,2
0.26023,3.7856,3
3.6351,4.6994,3
1.1717,0.039785,2
0.5376,-1.3711,2
1.2178,-0.1225,1
-0.6791,1.7131,2
3.8004,-0.93359,2
5.3026,1.067,1
1.456,0.090103,1
-0.94809,-0.0010766,2
-1.8199,-1.7735,2
2.7557,-0.42557,2
2.8859,4.8268,2
-2.1259,1.992,2
-0.84138,1.0859,2
-0.93727,-0.46215,2
1.6861,2.2969,3
2.2474,0.20385,2
0.67685,1.5945,1
1.0548,0.28334,3
-1.4515,-0.049468,1
-0.83584,3.3699,3
1.1864,-0.52476,2
-1.5756,0.75381,3
-2.8215,-2.1955,2
0.35227,-1.1622,2
-2.599,-0.96089,1
-1.6216,-0.27909,3
1.2534,-1.6907,2
3.3946,1.6977,2
-3.9936,0.13123,2
-0.83566,-0.038812,1
-2.7629,0.17207,1
-1.603,-0.044157,1
-0.37131,2.7041,2
-2.4473,0.25033,1
-6.0113,-0.0088111,1
-4.6824,-0.29635,1
-1.5783,1.8703,3
1.6838,-1.6267,2
-1.8651,0.093589,2
0.087559,1.2381,2
-1.8146,-1.6208,2
0.19193,2.5512,3
1.0001,-3.2666,2
-2.2482,3.7649,1
0.63154,0.57147,2
-4.528,-1.0671,2
-1.6316,1.6042,2
-2.4802,1.0417,1
1.0681,-0.41975,1
1.8831,-2.2597,2
-0.41948,2.564,1
-3.5119,-2.3345,1
1.2721,-1.439,2
0.17842,1.6722,2
-0.094141,-2.1402,2
0.042552,0.30097,2
-1.0452,1.492,2
3.8144,-0.54768,3
1.1949,-0.93303,1
-1.0416,-2.7466,2
-0.74402,-0.58764,2
-2.813,-2.0302,1
0.65982,-3.6473,1
-0.66035,0.22281,2
1.7724,-4.1674,2
-4.4361,0.71435,2
1.8892,-0.44809,1
0.97709,1.3936,2
-0.58613,-2.7177,1
0.53971,1.7405,3
-0.53909,1.1328,2
1.2759,0.20579,3
0.069962,3.7531,2
-0.98137,-0.040646,2
-3.6979,-0.68111,1
-2.0176,1.0264,2
-0.060409,-0.3413,3
3.1898,-1.4224,2
-1.2415,-1.0443,3
-4.5787,-2.6875,2
3.1733,4.0881,2
-4.3256,-2.1473,2
-2.4446,-0.30825,2
5.4648,2.7532,3
-0.50771,1.4694,2
1.989,1.6189,2
-1.2258,0.30415,2
-1.559,1.0398,2
-4.7298,0.20295,3
2.488,-0.80173,2
-0.91178,-1.7819,2
-6.5222,-1.7318,1
1.4593,-1.3729,3
-2.5841,-4.0174,2
-2.1952,-2.9377,2
-0.80978,3.8012,2
1.7826,-2.4625,3
-0.0021714,-0.94169,2
1.5173,-2.0603,2
-3.5321,-1.2731,2
1.293,-1.3287,2
2.9801,2.8547,2
-3.1289,-0.29259,2
2.3163,1.4137,3
2.7563,0.78147,3
-1.8038,1.0639,3
0.70885,-1.7754,2
-2.3322,1.3327,1
1.8549,3.2015,2
1.957,2.4066,2
-1.1339,0.30557,2
2.058,3.1397,2
1.3958,-0.0060157,3
-0.38438,1.2181,2
-3.8025,-0.41407,1
-0.47933,-2.9365,2
2.6746,-2.0563,2
2.3597,0.96889,3
3.8655,3.1541,2
0.94968,-4.7381,1
-4.0383,-1.7972,2
2.1013,1.2003,3
1.8769,-3.1899,2
1.2592,1.4777,2
2.7977,0.84265,3
-1.3653,-2.9322,2
1.1014,-0.044165,2
2.2308,5.034,2
-4.0182,1.1978,3
3.1806,4.1461,1
-2.0566,-2.1214,2
1.2188,5.3928,2
-1.2282,1.6973,1
1.8919,-0.90462,2
-2.192,0.78428,2
0.93576,1.2921,2
2.6349,4.8218,3
-1.2978,-0.31109,3
5.2735,0.46045,2
-3.2093,-4.8895,2
1.3414,1.8672,3
1.9456,-1.8944,2
-1.041,2.1338,2
-1.2678,0.98479,2
0.97551,-1.7529,2
3.059,3.2256,1
-0.42332,-0.63402,2
0.045085,2.9837,2
1.5841,0.46628,2
-0.075214,-2.4522,2
-3.6018,0.75044,2
-1.9184,-0.80545,2
2.3354,2.7107,2
0.2215,0.47597,3
1.1037,-2.4663,2
-1.592,2.6634,1
1.3178,-3.353,1
1.8654,2.4258,3
1.6709,1.1666,2
-4.2891,-2.9739,1
-2.0504,-0.29532,2
-3.3738,1.8641,3
4.9784,5.6884,3
0.12737,1.0767,2
6.3045,3.0741,3
-0.16142,-1.7609,1
-1.8374,-0.77021,2
-2.3037,-2.9703,1
0.20393,2.2159,2
0.24696,-0.99384,2
-2.1408,-1.4983,1
4.0868,3.2011,3
-0.10887,-2.317,3
0.038757,-0.12535,2
0.52962,-2.0437,2
-1.2227,-2.1556,1
1.5116,1.9855,1
3.5393,2.7594,2
0.66478,-1.263,1
6.2273,-1.6126,2
1.9671,-0.21196,2
0.37179,-0.16255,1
2.8972,1.7137,2
1.7654,3.1602,2
-0.39909,0.66413,2
0.82389,2.3336,2
5.3444,0.37653,3
4.8032,-0.99568,2
-2.3598,1.0272,3
-2.9504,-0.47976,1
-1.0997,1.2237,3
-1.9256,0.8835,2
0.62087,1.6664,3
-4.9362,-2.9625,1
-0.34159,-1.0059,2
-0.52332,-2.6675,2
2.8339,0.42365,2
-2.6416,-4.7695,1
0.27929,2.0572,3
1.5039,0.73163,2
-0.71381,0.63461,2
3.1393,-1.8927,2
-2.7012,0.71519,2
-1.4231,-2.2085,2
0.42158,4.0306,2
1.165,-0.35326,3
-0.24609,4.3359,2
-0.58958,0.23994,3
-3.2272,-5.346,1
3.751,-1.8547,2
0.080689,3.2907,2
-0.43425,0.83649,2
-4.7799,0.34294,2
-3.7266,-2.8566,2
-0.25706,1.3155,3
-0.034341,-1.1727,2
1.2412,0.78637,2
-0.15176,-0.49796,3
0.96622,-0.93889,1
2.8686,-1.1425,3
0.14764,0.37966,2
-2.7006,-0.03798,1
0.23346,2.5484,2
0.48639,4.961,2
-0.47936,-0.15672,3
3.5786,-0.65476,2
0.93753,1.8092,2
2.0506,2.8286,2
3.316,-1.4875,2
0.0061969,0.57665,3
-3.4389,-6.0259,1
0.068595,2.428,2
-2.8697,2.1804,2
0.41643,0.41241,2
-1.22,-2.8079,3
0.22882,1.4435,2
-1.2394,0.14959,2
-1.1289,2.589,2
1.1449,1.335,3
-1.6113,-2.6622,2
-2.1558,-3.7495,2
0.67034,-0.097484,3
1.7344,-2.0402,2
-4.5668,-2.4984,2
0.74437,-1.257,2
-1.5758,4.9478,2
-3.0707,-0.20511,3
0.53006,5.212,2
1.5017,3.1482,3
-0.85547,-2.1979,2
-1.6154,-1.7966,1
4.9015,1.2215,2
1.1111,2.5958,2
2.5579,1.6228,2
-1.9167,-0.55139,2
-2.8321,-0.42168,2
-2.1481,0.027205,2
-1.5539,-3.6009,2
-2.229,-0.66965,2
-0.57725,0.17376,2
5.1692,-0.16161,2
-0.11748,-0.97187,1
-1.5394,1.5696,2
1.8957,-0.76469,3
2.151,0.30734,2
0.59898,-0.85647,2
2.7758,2.3451,1
0.42487,1.8515,2
-1.5453,-0.67821,2
2.4145,-1.3068,2
-2.1353,-0.01361,2
0.12223,0.50093,2
0.95175,-2.6678,2
0.11044,-0.28916,3
-1.4226,-1.4545,1
0.92637,-1.3913,3
-0.97761,0.17903,2
-1.6462,-4.0435,2
1.0589,-1.0357,2
-2.1707,-1.0686,2
-0.14579,0.018342,1
1.9939,2.5107,2
-0.70589,-0.89494,2
-1.0049,-5.8847,2
-2.2441,-2.5517,2
0.35616,3.8398,2
0.18012,-0.10063,2
3.216,-1.0505,2
0.86322,2.5124,3
-1.2672,1.4434,1
0.98949,3.946,2
2.0907,1.4801,3
-3.7941,3.4048,1
1.0335,1.9181,1
3.0335,1.917,2
-1.7226,1.8659,3
0.10135,0.63706,3
0.95959,0.97091,2
-2.0316,-4.6725,2
-0.17068,-0.48179,1
0.63666,-1.6337,1
-1.8803,0.93869,2
-6.4013,-2.1321,2
1.6875,2.2129,2
-1.2078,-1.4432,1
0.014479,2.4987,2
2.0213,1.3567,3
-0.86009,-3.6938,2
2.8476,4.7738,3
3.2556,1.1785,3
-0.75701,2.2539,2
0.23941,-3.8809,2
0.90554,-6.5833,1
-3.0242,-0.52024,1
-2.0651,0.69394,2
-0.40508,-2.5413,2
-1.3207,-0.45681,1
0.36916,0.40237,3
-1.5797,-4.3696,3
0.45555,-0.5304,3
-2.565,-0.32522,1
3.7805,-0.85084,2
2.5996,-3.5675,2
-1.79,-3.6075,3
-1.4553,-1.7011,2
0.63627,-2.9257,2
-4.8863,0.29114,1
6.2583,0.62747,3
-5.2614,-5.0239,1
-0.081454,0.47733,2
1.0491,3.6468,1
-1.6085,-2.346,1
3.3932,-0.43825,2
0.98533,-3.1925,3
1.9027,-0.24343,2
0.12937,2.34,3
-2.5217,-2.6493,2
-1.5526,1.5853,2
-3.7302,-4.5945,3
0.9537,-0.048907,2
-0.39591,3.1231,2
-1.0918,-1.6161,2
1.6239,-1.4504,2
-2.8816,-1.8305,2
-0.18822,-0.3286,1
-3.2699,-1.6644,2
0.60799,1.5265,2
-0.5301,-2.8108,1
1.2385,1.918,3
0.98848,-1.9106,2
-0.037137,-1.789,2
0.83544,1.4961,2
1.1153,-1.4548,1
3.1393,4.7578,2
5.5684,3.2907,3
2.3417,-0.43426,2
2.6884,1.256,3
-1.152,2.8838,2
1.9004,-2.584,3
0.9184,1.5687,2
-6.4341,0.64501,3
2.3611,3.2127,3
2.2619,-0.72429,1
0.61778,0.13071,2
-1.5177,1.1505,2
1.9643,0.52908,2
-0.41004,-3.9182,2
-2.4585,-1.5244,2
3.0637,-0.6582,3
1.1044,-6.7719,2
-0.55529,-1.4607,2
4.1744,2.2049,2
2.6131,1.3359,2
-4.8078,-3.2073,2
1.5661,1.5556,2
-3.3414,2.2717,1
-2.2671,1.2667,1
-0.33487,0.3616,2
-3.1909,-1.426,2
-2.5481,-0.17411,1
0.60816,1.1223,3
1.1836,-0.96462,2
-3.2634,2.959,3
-1.4416,1.996,2
-2.2465,3.5963,2
-0.23114,-2.9141,2
-2.4094,-0.13158,2
-2.7258,-0.37004,1
-1.056,-2.8018,1
1.1492,2.9225,1
-2.3772,-1.1241,2
-2.8563,-3.9642,2
-0.92018,-1.8482,1
-2.2065,-1.1767,2
-0.20489,-0.050715,2
-4.1609,-1.4877,1
2.9524,4.8266,3
-0.83524,-1.0325,2
-1.7674,-2.3277,1
-1.0444,-3.3923,3
0.01757,1.1332,1
-1.141,-0.14499,1
0.10357,3.3694,3
2.3363,-1.6488,1
3.9446,8.243,2
1.7125,-0.4742,3
0.81279,3.3338,2
2.9121,2.5845,2
1.3195,-1.2145,2
1.1301,0.31823,2
2.4545,3.926,2
-0.50304,0.99486,3
-1.0886,-0.87715,1
-5.573,-5.2929,1
-1.7316,1.6523,2
-2.0141,-2.7121,2
0.70921,-4.2887,2
1.6936,-2.2397,3
1.2405,-1.3439,1
-1.0218,-1.4008,2
-0.86543,0.60038,2
-2.018,3.0103,2
-4.0318,0.2497,1
2.3032,-0.24588,2
-0.3867,3.071,1
-4.7873,-0.10105,1
2.2782,-2.2814,2
1.0407,-0.63239,2
-3.917,-1.0594,3
2.8553,1.5083,2
-0.52616,1.7896,2
-5.199,0.13551,2
-0.58597,-3.7043,2
-0.089573,0.98662,2
-2.2926,-4.4364,2
0.9978,-1.1132,1
-0.22485,3.2153,1
2.2316,-1.6768,3
-0.56252,-1.6644,2
2.8624,1.6389,2
-2.3213,2.737,2
3.8268,-1.2975,2
-1.6909,-2.07,2
0.82398,-1.6138,3
0.24286,3.0973,2
3.6863,0.033294,2
0.26347,1.3434,2
-1.9982,-0.51297,1
0.56793,3.9055,3
-0.7794,1.7982,1
3.1334,1.6739,3
-0.64816,1.1645,2
0.42759,-1.8806,2
-1.8368,-3.3993,1
2.2805,-1.1178,2
1.7507,-0.012833,2
0.96015,-1.7812,2
-1.7907,3.6104,3
2.3714,3.167,2
1.4077,0.19212,2
0.51934,3.8604,2
-3.0429,0.86451,1
-2.6251,-3.4358,1
-2.5613,-1.3067,2
-3.825,2.3082,1
-0.066418,3.741,3
-5.3842,-2.713,2
3.2449,1.8635,2
-1.2267,-0.96956,1
-0.77683,1.9501,2
-1.2279,-3.3033,2
2.7721,-6.3291,1
4.2736,-0.7738,2
0.74555,0.080088,2
2.0399,-1.9058,3
-0.20946,-2.482,2
1.1284,-0.022681,3
-3.108,-1.1737,1
-2.8453,-3.5305,2
0.026184,-0.96208,2
-0.68634,0.049982,3
-1.0447,-4.8228,1
-2.554,1.0242,2
0.59972,-4.8644,2
0.24375,-1.6679,2
-2.5666,-1.5809,2
1.0535,-2.0607,2
0.83739,-2.991,1
1.0934,2.1115,2
0.15083,-3.6742,2
0.7492,0.19397,2
2.3584,-1.4547,2
-0.11806,0.63645,2
-1.1902,2.9421,3
-1.8193,-2.5738,1
-0.80752,2.017,3
3.2701,1.3357,2
-3.3814,0.70357,2
-1.9838,1.4513,1
2.5087,0.8072,2
0.86899,0.72031,2
-2.5065,-0.8923,2
0.42124,-0.59286,2
0.47866,-0.35829,2
-0.60526,-3.5676,2
0.20892,0.42306,2
2.2284,-4.3269,3
-2.4573,0.58197,2
0.3819,-1.3995,2
-1.8614,-4.1809,1
-3.0912,0.20287,2
-0.89784,-2.1532,2
-1.2728,-0.45097,2
-5.7273,-3.3922,2
-1.9227,1.2899,2
1.64,1.3894,1
0.31474,1.1939,2
4.502,1.9089,3
1.6168,-0.10884,2
-0.11522,2.9308,2
-4.127,0.43649,1
1.0905,-0.91644,1
2.7263,-5.053,1
-1.6287,-1.1299,2
1.1745,1.9638,2
4.2445,0.28037,2
0.40953,1.1838,2
-0.86395,-2.0413,1
0.33497,0.71242,2
-0.91207,-2.434,2
-3.0274,-1.8071,2
0.29961,1.3551,1
0.81175,0.27902,2
1.9827,-2.8428,2
-0.61405,1.4514,2
7.3356,1.9724,2
0.74614,6.9668,1
0.3445,0.016456,2
-3.2646,-2.4111,2
1.7431,-1.3826,2
4.0072,-1.5861,3
-1.0383,1.9485,2
-2.4501,-0.43067,2
-0.54607,-1.9737,2
-4.2177,-3.9904,1
-2.619,-1.4972,1
0.78187,-2.0851,1
0.10596,-3.1375,2
3.0252,5.8249,3
-2.584,-1.6286,2
1.4066,-2.2591,3
-0.63519,-2.5623,3
2.3513,1.3403,3
0.72525,1.3444,2
-0.41369,0.51979,2
-1.0394,-1.0736,1
-0.46747,3.6359,2
-2.525,2.012,1
0.5947,-3.3021,2
-0.67707,-2.7449,2
1.3891,-2.2136,2
-2.1359,-3.3817,2
1.002,1.6169,1
-0.88427,-3.8449,2
2.0802,-0.75805,1
-0.96422,-2.7514,2
-3.5181,3.4632,1
-4.4664,0.37071,2
-3.6722,-3.9768,2
3.9781,2.1215,2
3.8846,0.2593,1
-0.79734,-0.024178,2
-0.71382,0.51554,2
0.5672,-2.7972,2
-6.1931,-1.3572,2
-2.3201,-3.9579,2
-0.54837,-0.84748,1
-0.84019,1.4409,2
1.5136,-0.95265,2
-0.50909,-3.0296,2
-1.0313,-5.9555,2
-2.6508,1.1256,1
1.1328,-0.75197,3
-0.24181,-2.6429,2
0.33004,-3.8314,2
2.6782,4.903,3
1.733,2.8066,2
0.49198,-2.6527,1
-0.54178,-2.7951,1
-2.0505,-1.1462,2
0.9619,-0.043808,3
-3.3004,-3.0407,1
-0.10334,1.7334,2
-2.6571,0.87147,3
3.901,1.7897,2
2.7349,0.53239,2
0.4277,0.9266,2
-1.9222,-1.9407,1
3.0571,2.1308,2
-1.5172,-0.89475,2
2.1256,-1.0718,2
3.6075,0.17468,2
-2.4864,-2.7462,1
1.7134,0.96928,3
1.0031,5.927,3
0.97289,-2.1634,1
-0.86175,-3.4753,2
-1.4415,1.8509,2
-1.7532,-0.43777,3
0.8968,3.22,3
-2.3759,1.7903,2
-0.34562,0.90015,2
-0.60417,-3.6402,2
-2.1188,5.324,2
3.1943,0.72065,2
-1.3132,1.0793,2
0.59237,-1.3376,2
3.4235,4.5518,2
-0.9102,-1.5324,1
-3.5864,-2.5264,1
-0.28026,-3.9962,1
0.70865,-3.8625,2
5.8601,3.0789,3
-2.125,-1.5152,2
1.6143,5.6054,3
-0.50199,2.0067,2
0.76556,4.3272,2
-3.7324,-0.69608,1
-3.0263,-0.73041,2
-2.7935,-0.40513,1
-2.9965,-2.6479,1
1.3209,-1.6447,1
-3.444,-0.82403,1
-3.596,-0.48023,2
-1.4675,-1.9601,2
-0.56769,4.4124,1
-2.9644,1.4273,3
0.72292,-1.3735,2
-1.6034,2.4914,2
2.3216,-0.85314,3
-4.1721,0.33496,2
0.1958,-1.5484,2
-3.2765,-0.44386,2
-1.1944,0.037264,2
-1.2977,1.5866,2
-0.70384,1.2274,2
-1.5227,-2.3583,2
-1.5177,-1.1479,2
1.3666,1.4914,2
-0.21948,2.8478,3
0.54063,3.6307,3
-5.4257,-2.031,2
-0.43898,-1.6414,2
-3.5761,-2.4328,1
-1.1803,-2.9706,2
0.83075,0.23211,1
4.2127,3.0645,2
-5.6814,0.33246,1
-3.272,0.16173,2
1.0808,1.5183,2
-0.057959,-3.0526,2
-0.2589,2.5419,2
-0.61113,-0.13059,1
1.3047,3.1699,2
0.83937,3.211,3
-1.5014,-4.5424,2
-0.10426,0.94883,3
-2.7293,2.5288,2
5.163,-0.075166,2
0.63277,-1.1762,2
-2.3942,-0.5455,2
0.27638,0.50727,2
2.2675,-4.0785,1
-0.69752,0.77827,2
-2.3365,0.21771,2
0.8271,0.48876,2
2.9693,-0.8449,3
-1.9609,0.47814,2
1.1529,-2.1131,2
3.5248,-0.44455,2
1.6359,3.055,2
1.2499,1.4196,1
0.11302,-1.2915,2
-0.53949,0.58894,2
1.1858,-1.8261,2
-2.5435,-2.9745,1
3.7528,0.98666,2
0.80721,2.2903,2
-2.2294,-1.1195,2
-4.851,-0.57362,1
2.0098,0.9247,2
-2.9143,0.85754,2
-0.27471,-1.8163,3
-2.1911,2.3378,3
0.79608,6.2155,2
-2.6658,-0.29319,2
-1.392,-0.29885,3
1.3321,-0.19925,1
-0.14287,0.98453,2
4.3303,-0.25572,3
3.5445,-2.5337,2
0.86179,-0.17528,2
0.22205,-0.45939,1
0.16867,0.82548,3
1.1323,3.1438,2
-0.58286,2.0974,2
0.18511,-7.4544,2
1.5971,0.56239,1
0.62988,0.085625,1
-5.2357,1.7188,2
-1.8237,-2.5516,2
2.0302,0.76039,3
4.4336,2.0989,2
2.2592,-3.3158,2
-0.33525,-0.35451,1
-1.2984,1.2566,2
0.18119,0.64179,2
-1.3652,-0.31755,2
1.2321,-0.70676,2
-0.54171,-2.3197,3
4.2463,1.8986,3
-2.5529,0.63141,2
1.414,-2.2948,2
1.6043,2.728,2
-6.2698,0.095349,2
-3.6844,-4.1087,2
-2.2522,3.8511,3
0.5571,-1.1954,3
-1.3945,-1.842,1
-3.4502,3.4488,1
3.5377,3.1219,2
0.11886,0.87656,3
0.78178,1.7498,2
1.0784,-0.92787,3
-4.5489,-3.2068,2
-1.2259,1.4371,2
-7.1477,1.6143,1
-1.3126,2.9686,2
-2.9891,-4.1125,2
-2.0705,-0.45489,1
-1.6313,3.1562,2
2.5942,-1.8906,2
2.7846,-0.9106,2
3.3171,-2.192,2
5.3461,0.60702,2
-3.2452,-4.2592,1
0.010945,2.0445,2
-0.27692,-1.8091,2
0.4262,-3.3006,1
-2.2942,2.3465,2
-1.0942,-0.94693,2
1.2423,-4.5001,2
-0.5708,-2.5087,2
-0.25362,2.5708,2
2.6591,1.8959,2
-1.8538,2.7449,2
-2.3214,0.93772,2
0.13749,-3.476,1
1.0208,-1.6559,2
-1.0074,0.75088,1
2.1943,4.4367,2
3.4805,-0.19712,2
-1.8664,-1.6813,2
0.75143,2.6268,2
-3.7206,1.6347,3
-1.6507,0.55427,2
-0.39439,0.4726,2
-0.66631,-0.17234,1
1.494,-1.4025,2
-1.7828,-0.28092,3
2.0017,1.6813,2
-1.4565,1.6705,1
1.3158,0.57612,1
-0.26105,0.23116,1
0.14439,0.1482,3
-0.30929,-6.9693,2
2.4926,4.0873,2
-3.5608,1.3089,2
-2.1985,-2.9528,1
1.7259,-0.39443,2
-1.9182,2.9055,2
-4.568,-3.1656,1
-0.23225,-1.2676,2
-0.83498,-1.7169,2
1.0574,0.035015,2
2.2702,0.13978,1
1.3766,-1.9687,1
-0.75048,0.56356,2
-3.1533,-1.6049,2
1.9259,-2.4879,2
-0.1599,-0.012971,2
-0.37377,0.030092,2
0.18101,-1.9827,2
0.53958,-0.28949,3
-0.16067,-0.96254,3
1.5219,0.80926,1
1.3033,4.3877,3
-0.5839,1.4009,3
-0.64071,0.24667,1
-0.47104,1.0585,2
-3.4663,1.8522,3
-2.1828,-3.0952,2
2.6774,0.9481,2
2.1741,-1.1962,3
-2.921,2.7023,1
-0.7439,3.0833,1
-4.9735,-2.63,1
3.3108,-2.3346,2
-0.62952,0.23784,1
0.38036,-0.39463,2
-4.4495,-4.1569,3
-0.21549,-5.4314,3
0.79058,0.79479,3
2.8458,3.5235,2
-2.4217,2.3608,2
-2.0142,-0.71951,2
-4.3045,-2.3318,2
0.24302,-0.98936,1
-0.65603,-0.23561,2
-0.82058,2.9537,2
-1.9009,0.15585,1
-3.3903,-1.1003,2
-4.4921,2.4964,3
-0.49903,-3.6626,1
2.0014,0.50514,2
-2.3612,0.0040152,2
-3.6113,-4.4631,1
4.6765,1.1327,2
0.77222,3.8087,2
1.4188,0.069235,3
1.3426,-1.3686,1
2.6385,-1.1963,2
2.3841,3.7533,2
1.2694,-1.6341,2
-1.9265,-3.2751,1
-2.1022,-1.206,3
0.39895,0.92896,3
-1.2033,-0.65826,3
1.314,4.6423,2
-0.099056,-0.27931,3
4.7999,1.2614,2
-0.44854,-0.98751,2
-2.3722,-0.46498,2
-4.6821,-4.6716,2
-3.8283,0.79363,2
-5.8666,-3.4512,1
-1.9333,-1.6268,1
-4.5176,-1.0661,1
4.7219,2.3669,2
-1.3,0.052128,2
-0.12336,-1.5497,2
-1.0259,2.8582,1
-1.9237,-2.4259,2
-2.7963,-4.2165,1
-1.6793,0.37716,1
-0.81262,-1.2558,1
0.61965,-6.2033,2
1.7374,-1.7152,1
-1.4485,-0.52941,3
-3.9295,1.5143,2
1.4899,0.52138,2
2.0557,1.5695,3
-1.4942,-0.77469,2
-0.32704,-1.8901,2
-0.019705,-3.2489,2
0.42033,-2.5799,2
-2.2149,-4.435,2
-2.5206,-3.3039,1
1.433,-0.7752,2
-0.25415,-3.7241,2
1.6423,1.836,2
0.86912,1.7941,3
-2.4229,4.6299,3
2.3614,2.0131,3
-2.5668,-5.4828,1
-4.6911,0.67667,1
0.27197,0.018781,2
-1.1853,-0.82796,3
4.4039,1.8991,3
0.44584,-1.5959,2
-0.41296,1.3215,1
2.4218,4.8408,3
-2.3889,3.2601,1
-4.3986,-4.6383,2
1.5202,-4.5007,1
-2.3816,-1.1915,1
-1.6117,-4.8856,2
-0.62946,1.2613,3
3.5979,-0.52065,3
-0.094236,1.1268,2
-2.345,1.2049,1
2.1168,4.5065,2
0.4128,-2.6073,2
-1.5957,-3.3006,2
2.6917,2.4365,2
-0.47006,0.74018,2
-2.6177,1.737,2
3.1298,1.9102,3
0.82812,1.1543,1
-0.54613,-2.1208,2
-2.4328,0.78967,2
0.18893,3.1713,1
-1.909,-0.3001,3
0.56542,0.95858,2
4.527,-0.37387,2
1.8771,-0.003872,2
-1.0096,0.31873,2
-3.2432,4.08,2
-2.5044,-1.8119,1
0.44118,-2.4842,2
-1.5749,-1.1166,1
-7.0885,-3.4812,2
-1.7441,-1.0866,1
0.27381,4.1706,3
1.3772,1.3646,2
2.546,2.3135,3
0.15834,-1.0847,2
2.8359,0.027242,2
2.8083,4.0152,3
0.010276,-0.77591,2
3.4268,-1.1442,3
0.56184,-4.8694,2
1.2299,0.21084,2
3.2962,-3.4565,2
-1.4742,-2.6446,2
0.0082733,-0.43135,2
6.5557,2.2789,3
-1.0883,-5.2859,1
0.98941,0.20567,2
3.0816,3.8436,2
-1.5875,3.0666,2
4.2434,-0.97517,3
-1.4991,-1.8113,2
-1.5299,-1.7161,2
-0.96474,-0.23087,1
-2.7989,0.97394,3
-0.051733,-0.27734,2
-3.3494,-0.99805,2
1.3898,0.98432,2
-2.0414,-1.8463,2
-3.0976,-3.151,1
0.20926,-2.4006,2
-1.4855,2.6,3
-3.5717,0.56975,2
-1.2822,-5.2282,3
-3.8954,2.5119,2
3.6517,4.1419,3
-0.18747,1.0782,2
1.4808,0.36874,2
-3.2689,0.404,2
-2.4547,-0.31065,2
5.3628,-0.37963,3
-0.99641,0.67065,1
-0.20299,-1.5573,1
-1.9152,-3.1396,1
-1.6538,-0.00017546,1
2.2075,0.091543,2
1.9085,-1.3104,3
-4.7539,-2.8829,2
0.55088,-0.85886,2
0.048343,-0.60405,2
-0.055069,1.8892,3
3.6437,-3.6044,3
-0.37462,4.2831,2
3.1555,-0.85179,3
0.20825,2.1515,2
1.193,-0.25588,2
1.0296,2.2857,2
0.15909,0.45221,1
-2.3686,-1.873,1
1.1857,-0.1766,3
2.5194,2.577,2
-1.9462,2.2256,2
-4.768,-4.294,2
1.6886,-4.9698,2
0.46334,1.5865,2
1.659,-3.1066,1
0.51508,1.1879,1
-1.9265,1.5145,2
2.8874,-1.5932,2
-2.8503,0.10447,3
4.7183,4.2437,2
-0.83685,1.9509,3
5.8345,0.14632,2
2.1753,-0.53262,1
0.3185,-0.21131,2
4.8461,3.2049,2
-1.226,1.1694,2
0.020182,-3.7863,2
8.1364,7.8525,2
-1.4426,0.22554,1
-4.8045,1.5943,1
-1.4812,3.8287,2
-2.0633,-2.0391,2
1.5804,-0.34896,3
