-3.9411,-2.3716,2
1.9765,-3.792,3
4.1831,-0.17774,2
-1.2856,-0.71408,1
3.4504,0.2467,3
1.3336,0.90695,3
-2.7499,1.9065,2
0.69439,-2.0388,1
-1.907,-2.4903,1
-3.2743,-1.2732,1
-0.085684,-1.4874,3
-3.4376,-0.31203,1
2.4905,-0.73474,3
1.2228,2.1914,2
-0.78929,-0.88117,3
1.7486,-0.046716,2
-3.4882,0.48034,1
-3.5048,-2.023,1
-2.3148,3.0833,2
3.8872,-1.9794,3
-0.9309,0.69502,1
3.8593,3.9938,3
-2.7439,-1.0438,3
-0.53483,-2.0774,1
1.4292,-0.96096,2
1.3249,3.1185,2
-0.56743,2.5994,3
0.042017,-1.3218,2
-0.36442,-1.8043,2
-0.12191,0.63884,1
2.4065,0.90306,3
1.1751,1.8698,3
-1.083,-2.521,1
-1.056,0.85332,1
-2.9376,-1.3214,1
2.0862,-3.6673,3
1.2532,-0.28736,3
2.2928,2.4006,3
-3.2742,-2.0231,1
0.31843,2.463,1
1.8786,-2.5338,1
0.88496,-2.5064,3
-0.75372,-3.0769,1
1.0532,-3.4585,1
3.1661,-0.20402,3
4.3325,3.4995,3
-4.5888,-3.016,1
3.5745,3.3883,3
3.6909,-1.0422,3
2.0669,-1.2278,3
-1.1287,0.32939,1
-0.16068,-3.3602,1
1.4767,2.7562,3
3.9315,-1.2588,3
-0.96372,1.3574,3
2.3737,0.61904,3
-4.0944,-2.1673,1
4.7589,-0.047165,1
0.30198,-2.375,3
-3.0239,-1.3351,3
-1.6701,0.35785,2
-0.32955,-1.6769,1
2.0615,4.0206,2
2.083,-0.88932,3
2.0659,1.9014,3
1.7241,2.507,3
5.0511,1.5465,3
6.6634,3.133,3
1.1277,1.3724,3
-0.89922,-2.4607,1
-2.9855,-2.4298,1
-3.578,-2.5488,1
0.6328,2.0088,3
-1.4208,-1.8019,1
0.61773,1.9155,1
-1.5118,-0.2764,1
-2.8892,-4.2036,1
-2.2731,6.7912,3
2.8403,-0.30143,3
-0.42026,5.0773,3
2.2718,1.9738,2
3.6356,0.96438,3
-1.2316,-2.9853,1
0.11668,2.0661,1
-1.4239,-1.9405,3
2.5701,1.9223,2
-1.7097,-3.0371,1
-3.4016,0.63707,3
3.1838,1.2705,3
3.5668,0.47565,3
-0.091499,0.8795,1
1.0765,1.1119,1
0.61461,-2.9854,1
1.9009,0.46922,1
2.7493,2.733,3
-1.4053,-0.90489,1
-0.44699,-3.9393,1
2.8515,-0.20354,3
-2.7737,0.33554,1
3.4503,-3.5248,1
0.23438,0.37156,3
2.4747,3.9557,3
-2.2692,-0.042194,3
-1.4704,-1.7207,1
-0.92452,-5.911,1
-1.4318,-1.5538,2
-2.7887,-3.9395,1
4.1471,4.8058,2
-1.8587,-2.1707,2
-0.76731,0.88259,2
-3.6225,2.2337,1
0.090414,1.7555,3
0.036751,2.0234,3
1.8411,-1.7043,1
-6.4275,-1.4717,2
-2.3727,-1.5438,1
1.4314,-1.6138,2
3.811,0.13659,3
3.7008,-1.8292,1
-2.6776,-2.1369,3
-0.94642,-1.5362,1
0.43294,-0.91293,1
-1.4145,-1.2316,3
-2.6668,1.6952,3
3.8785,-2.0244,2
4.9821,0.21969,1
-3.2479,-3.8625,1
-1.4694,2.4003,2
1.023,-2.6097,3
2.7754,-1.3228,2
-2.2321,-3.5417,1
0.85131,-0.024439,1
0.56067,-1.6701,1
-3.4008,-0.46951,1
-1.8137,-2.0681,1
1.1019,-0.75027,3
0.19875,-0.60866,3
3.9281,2.6671,3
-1.977,-1.6409,3
1.1607,-0.25069,1
0.55447,0.48711,3
-1.7911,-1.3106,1
1.0681,-0.93428,3
-2.8736,-2.3583,1
-3.9786,-5.1709,2
-0.34859,0.33155,3
-2.3064,-1.7621,3
1.5732,3.5266,3
-3.1483,-2.0793,2
1.9053,1.0215,3
-2.1248,0.035455,2
-5.743,-3.2282,1
-3.8654,-4.6289,1
-1.7178,-1.3938,3
0.0015949,2.794,2
0.35127,2.7901,3
-2.5526,0.6893,1
-2.7659,-2.3496,1
4.0443,0.92392,3
-0.44945,2.4438,3
0.023669,0.13463,3
-0.2129,-1.7752,3
-1.8404,-2.9219,2
0.75744,2.9306,2
0.94338,-3.0922,1
-0.83423,-2.4036,1
-3.5714,-1.0244,1
0.09479,-3.2727,3
3.2645,-0.72631,1
-0.61628,-3.0317,1
-1.5561,-1.0063,1
0.95383,-1.5813,3
2.8324,5.528,2
-0.016539,1.1519,2
-2.169,0.39879,3
-0.66895,1.3027,2
-1.9295,2.0598,3
-0.101,-2.5607,1
2.3301,1.0076,3
0.94377,4.163,3
1.9679,0.36446,3
2.199,4.4504,3
4.6918,5.1462,3
0.031946,-1.7082,1
-2.8171,4.4244,1
-1.9293,2.7578,1
-6.9903,-2.5648,1
-2.9515,0.93556,1
-0.071639,1.6658,1
-0.47634,-2.0932,2
-0.83073,-3.6802,3
2.232,0.1654,3
-1.1469,1.329,3
-2.6295,3.1144,1
-1.6686,-1.8695,2
0.22521,3.2905,3
2.2039,2.1635,3
0.22229,1.5769,1
-2.1564,-2.494,1
-4.034,-0.33092,1
1.9649,0.46919,3
0.40525,-2.0098,1
3.0943,4.3379,3
0.66417,0.63846,1
0.35751,0.60745,1
0.34999,-1.8976,2
-0.62955,1.4336,3
3.6864,2.1312,3
3.0741,0.74115,3
0.34887,-4.1261,3
-0.29373,-3.2264,3
-1.545,1.1704,3
-1.759,-0.30398,2
1.0045,-3.1308,1
3.1356,3.0427,3
-0.073444,-0.74138,3
-2.3499,-1.6546,3
-2.4272,1.3524,1
-1.31,-2.9193,3
0.71852,0.21201,1
0.56147,-4.2137,1
-2.8932,-3.0549,2
-0.52018,1.3192,1
0.48491,-0.78136,3
1.5962,8.1106,3
2.9325,3.5936,3
0.73303,1.8617,1
2.976,4.0059,1
1.3176,-1.8429,1
-1.8119,-8.0439,1
-0.28481,1.6306,2
5.8901,3.4764,3
-1.9685,1.0955,1
-1.617,-1.4121,1
2.7656,1.0245,3
1.0893,1.9811,3
-3.1611,0.85602,1
2.8123,3.6986,3
-1.6252,-2.5285,2
0.2146,-0.99591,3
-1.5363,-1.167,1
5.1965,-4.3373,3
1.433,-3.3217,3
1.7148,1.8519,3
1.2897,1.9915,3
-2.461,0.81416,1
0.14633,-0.24297,3
-0.2044,1.3782,2
-1.8807,-3.5036,1
1.3741,1.3089,3
-1.9361,0.15223,1
0.042412,-2.6051,1
3.5036,1.0224,3
1.5189,-1.398,3
1.0243,2.6631,3
2.3311,-1.3259,3
-1.7743,0.65776,3
-3.2447,-0.70191,1
1.3275,5.0328,3
-0.51472,-1.1324,2
-1.9599,-0.058571,1
-1.1878,-2.0679,1
4.3622,-0.84373,2
-2.5072,-1.3901,1
-4.395,-2.9507,1
4.5532,-3.02,3
-2.2181,-1.1265,3
-0.57137,0.40709,1
-4.3779,-0.084572,1
-1.2594,-0.48512,3
-3.751,2.2489,1
-1.4615,0.75932,1
3.5355,2.4825,3
3.1264,2.2372,3
-0.96207,-2.0855,1
2.4411,-3.9976,2
-2.261,-1.1175,1
-3.5369,0.16013,2
-0.32843,1.753,3
-0.057754,-1.0385,2
-2.9161,1.908,3
-1.6905,1.9535,3
-0.094381,2.3521,2
2.7392,1.3289,3
0.81549,-4.893,1
-0.73008,-5.8162,1
-3.0628,-4.2216,3
0.33843,2.4851,2
2.3817,-0.89993,3
-0.69381,-2.1194,2
-2.5748,-3.8134,1
3.3696,-1.1532,3
-3.6572,-1.4438,1
-2.0607,0.95305,3
2.0534,-1.7646,1
-2.9222,2.2751,2
-2.9401,0.72093,3
3.9252,0.54447,2
0.10637,0.39684,3
0.52782,3.2173,3
0.63412,-1.3577,3
-2.6548,1.0225,1
1.3204,1.2875,2
-0.056248,2.3053,1
-1.0801,-2.23,1
-0.3581,2.0024,3
-0.13435,0.46883,3
-1.1752,-2.452,1
1.4837,4.9737,3
-0.91568,-3.7888,1
-2.3825,1.9255,1
-3.2355,-3.7473,1
-0.38806,4.5759,2
-2.6237,-1.5063,1
-1.6681,-6.3351,1
-1.6427,-4.5952,1
2.2444,0.14406,1
1.0177,-0.88225,2
2.416,-0.31154,3
0.76072,1.3189,3
-5.9733,0.65044,1
-3.9501,-1.5664,1
0.50491,0.25498,3
1.0605,-3.9776,1
-2.4009,0.11755,1
-0.50422,-0.43346,3
1.8512,3.7597,3
0.57905,2.1953,2
1.7754,4.9118,1
0.89433,-1.6527,3
0.68109,1.979,3
1.7665,0.78435,3
-0.82425,-1.828,1
3.207,0.0049986,3
-1.8987,0.90754,2
0.92671,-5.1518,1
2.8673,1.4835,2
-1.8839,-2.8737,1
-1.9289,3.2185,1
0.61813,-0.48027,1
2.4319,-0.20276,1
0.78529,-3.1075,2
0.86804,2.556,1
-0.59875,-0.98469,3
-1.6801,0.57428,2
0.87081,-2.5058,1
0.083975,1.7435,3
2.2325,2.9807,3
0.26835,-1.0252,1
-1.3019,-0.48486,3
-3.4055,-2.8206,1
-1.2106,-1.805,3
2.1201,0.072558,3
3.2356,-1.8505,1
0.99391,1.1036,3
-2.2994,-1.0427,1
-3.2629,0.67525,1
-1.0173,0.61548,2
-0.6898,-1.1946,1
1.775,4.6158,3
-0.5826,0.70089,1
-1.7308,-2.496,2
4.0168,-0.89679,3
3.4191,3.5218,3
6.1797,3.9159,1
2.1175,-4.8523,1
-0.60971,-1.2931,3
0.95337,0.017183,3
-1.2156,1.2357,3
1.0664,3.0363,3
-0.15235,-2.9009,1
0.73884,-0.43713,1
-2.3519,-0.88332,3
2.0472,3.9796,2
3.1946,-2.0904,3
-3.0368,0.72581,1
1.7544,3.7163,3
1.0708,-1.7383,3
2.3644,0.33148,3
-1.1849,-2.6836,1
-4.1783,-2.8837,1
2.6456,4.0223,3
-4.894,2.3023,1
-1.6306,0.89733,2
-0.27161,-5.5823,1
-0.02811,4.728,3
-0.34694,2.4615,3
-4.1954,-0.42989,1
-3.0703,0.41577,1
1.9483,1.295,3
-1.3846,-3.5379,1
-0.50049,-1.5294,1
-2.6452,3.4563,1
-0.68686,1.8757,3
2.8955,2.9947,1
-4.5178,1.4667,3
0.14951,-1.7849,1
-1.7454,-0.1582,3
-2.7654,-3.1269,1
-2.1386,-2.0229,3
-4.1132,0.30262,1
2.5675,6.9271,3
1.8357,0.0049962,3
-0.37669,-4.7709,2
-1.1682,0.24492,1
0.14761,-0.10952,1
-1.5359,-0.72396,1
1.5437,2.9324,2
4.0542,-1.4162,1
-2.5723,-1.7878,3
2.1918,-1.3589,3
-3.9845,-3.2635,1
-5.3671,-4.0208,1
1.5321,-1.5476,1
0.43221,1.2807,2
0.071702,-0.62919,1
-1.1971,0.25137,3
-1.1594,0.64789,3
-3.6215,2.2633,1
-1.4083,0.73706,1
2.1516,-1.5759,1
-1.8631,-0.9879,3
-0.11043,0.090369,1
-0.45463,2.0735,3
-1.0772,0.03772,3
2.0037,6.0761,3
3.6138,8.7575,3
-0.12019,1.0142,1
-2.8309,-5.249,1
0.60278,2.5371,3
2.7495,2.1161,3
-3.8037,-3.571,1
-0.22877,2.3753,2
-2.6437,-3.8354,1
-2.1449,2.7924,1
-3.3029,2.0973,2
-0.64968,-4.9267,1
-0.9677,-0.29035,1
0.54448,-0.41437,3
-2.4925,0.29567,3
-2.5063,0.023078,1
0.5098,1.2193,1
3.3088,2.7177,3
0.19535,2.8325,3
-1.3637,6.1459,3
4.3564,1.4292,3
-0.39564,0.57336,3
1.8251,1.7635,1
-0.79799,-3.7321,2
-0.55436,1.0077,1
-0.36501,2.713,1
1.9675,-1.632,1
-4.1075,-3.2113,1
-1.1213,1.3781,2
1.286,1.1326,1
2.8397,-1.7018,3
0.8538,3.2186,3
-0.2829,1.9658,1
-4.3723,-1.062,2
-0.6092,3.5272,2
2.1242,-1.6846,1
-6.0565,1.4884,2
2.1835,6.3371,3
-0.31465,-1.6334,1
-4.109,0.39465,1
0.18366,0.78269,3
1.0437,-0.87786,3
-1.8109,-1.726,1
-3.2471,1.456,1
0.75093,-2.1866,3
-0.41465,-0.0059192,1
4.3518,3.6047,3
-3.4717,-2.1458,3
1.6945,1.1114,3
-0.79254,-6.7958,2
2.8305,5.6357,3
4.6264,0.25515,3
1.18,1.3377,3
-0.71605,0.65041,2
-2.6111,1.5249,2
-0.4197,1.1498,1
-3.0764,-0.95946,1
-1.174,-2.7933,2
3.4381,1.4671,3
3.1925,1.6264,3
1.7508,2.4128,2
1.2254,-4.6965,1
-0.52526,1.263,2
-3.4671,-2.8332,2
-5.2862,-2.726,1
0.2025,2.9934,1
1.7166,0.37014,3
-0.83736,-1.5577,3
-1.4337,-1.4625,1
-0.72028,1.2361,3
0.63375,-3.0948,3
2.5416,3.8216,3
0.81805,4.5393,3
0.62956,1.1841,3
1.7077,-3.9208,2
-0.099774,0.5679,2
1.111,1.7129,1
-0.63541,1.5343,1
2.2313,-4.1369,1
-3.5094,2.8058,1
3.9464,4.6817,2
0.67184,1.1641,3
-5.3405,-2.1045,1
5.5477,2.5103,3
-0.74314,-2.0941,1
-1.4922,-2.3891,3
-3.2042,-2.7108,1
1.491,-1.5439,2
-1.9928,-0.57943,1
-1.6537,-2.1275,2
1.4885,-1.1408,3
-0.76572,-3.06,1
1.4081,-1.3938,2
2.7087,5.6046,1
1.2961,-1.1098,3
-3.6755,-1.5559,1
2.0073,1.8279,2
3.1098,0.57606,1
-0.47716,-2.4693,3
-2.402,-5.6574,1
0.3374,2.8104,3
3.1461,0.2839,1
-1.3687,2.1667,2
3.0052,0.10046,2
-2.1285,-4.3571,2
-4.1216,0.13196,2
-5.565,-1.2037,1
3.9718,0.11853,3
-3.0359,1.507,3
-0.26454,0.58149,3
2.1796,2.8414,2
2.9225,2.2759,3
1.437,-0.018624,3
-2.4758,-1.6658,1
-2.2587,-0.14255,2
2.0633,-3.8179,1
-3.0796,-4.0155,1
0.99765,0.15759,1
1.1877,-2.8291,1
-2.0493,-2.089,2
-4.6866,0.33197,1
-2.4874,1.9288,1
-1.442,-0.93194,3
2.7202,1.5585,2
-1.5944,0.72774,1
-1.2581,-2.7458,1
4.8167,2.76,3
-0.2465,3.0713,3
-0.021527,-1.3928,3
2.6381,3.3482,3
1.58,1.7161,3
7.1496,5.0382,3
-1.1831,-3.8995,1
1.4785,1.9347,3
-1.2239,3.2622,3
1.3384,2.6307,3
-2.8672,0.86217,1
1.2342,0.80801,3
-1.85,-0.94158,1
-0.64412,-1.0934,1
5.5122,3.8284,3
1.9206,0.35487,3
1.132,2.8752,3
-5.163,0.53428,1
2.2612,4.095,3
-4.3325,-1.3511,3
1.3654,-2.9513,3
3.7195,0.32892,3
-5.8674,-0.39156,1
-2.6474,-1.8406,1
-2.447,-1.815,1
1.4534,4.4909,1
1.1277,2.1889,3
0.0088547,4.4359,2
0.38448,-2.4584,2
-1.1314,1.7143,3
-4.3831,1.8297,1
-2.9938,0.63856,1
3.0697,2.1965,3
-0.92795,1.6592,3
0.31687,2.9301,3
-0.91732,1.6029,3
-2.8687,3.4689,3
2.1681,-1.6874,1
1.0384,4.2089,3
-3.7536,-2.5249,1
-2.7407,-2.8233,1
4.6539,5.4618,3
-3.5556,0.49652,2
0.022633,6.3673,3
-2.0985,-4.4246,1
-2.4486,0.95567,3
5.705,4.7532,3
0.06149,0.046791,3
0.7787,-0.47924,3
0.73698,2.5516,3
0.41851,-2.3886,2
2.0452,1.1414,3
-0.99223,1.7154,1
2.1795,-0.29827,2
-2.4385,2.4365,2
1.596,3.2448,2
1.1192,2.7702,3
-0.33697,1.862,2
-2.5304,-2.8389,2
-1.0693,3.3637,1
0.3428,-0.74307,2
-0.22949,1.3632,2
2.6914,-2.1043,3
-2.3,-0.32321,1
2.6666,0.99948,3
-1.322,-1.4906,2
0.90327,-2.0718,2
-0.4469,4.186,3
4.7402,-1.945,1
1.2577,2.7455,3
-0.080152,-0.2346,1
-3.6525,1.1458,1
-0.27546,-0.025346,1
4.8431,3.5798,1
-0.34786,3.4678,3
2.5224,2.324,3
-0.83182,4.2539,3
0.427,-1.142,2
1.5976,0.61725,2
0.23256,0.11298,2
-4.9131,-4.1953,1
1.4921,-0.54803,3
1.6528,0.1641,3
1.4069,1.0228,3
-1.8185,2.4722,3
1.5266,6.0858,2
-0.5736,1.6249,3
-2.5442,-2.087,1
0.52285,0.44051,3
-2.0906,-0.65922,2
0.87143,-0.56235,1
-0.98531,-1.2305,2
2.3647,-0.53013,2
-0.88989,-2.6317,3
-3.2479,-1.3321,1
0.60996,-2.8066,2
-2.8156,-1.0698,1
-3.1651,1.5284,1
0.037737,-0.057996,3
-3.5454,-1.708,1
0.30773,-0.24387,1
-3.0384,-1.3305,3
-2.8877,-0.60894,1
-2.4538,-3.2606,1
-3.9387,0.58513,1
1.8311,-0.28269,2
0.274,-0.74939,1
1.8825,2.7761,3
-1.6358,2.9819,3
1.3022,-5.4507,1
-4.0556,1.6303,2
1.7137,4.1931,2
-0.99124,1.5948,2
3.4338,2.5916,3
5.0449,4.0597,3
2.9407,2.3053,3
-0.4619,0.85595,1
2.3992,3.1001,2
1.2296,0.7084,2
1.5787,-2.4282,3
-0.13397,-0.32583,2
1.2051,-0.17044,3
1.6209,-0.15506,2
-1.151,-1.2538,1
-0.11343,1.8469,2
2.3907,5.7287,3
2.6148,3.28,3
2.6304,-0.39486,2
-0.76582,1.0007,3
-3.3179,0.022335,2
-6.5531,-3.89,1
3.1611,1.4646,2
1.76,0.34409,3
1.2159,1.186,2
1.6949,0.60442,2
-2.8709,1.1486,1
2.5942,-3.9374,2
3.6577,0.092054,1
-3.5778,-1.1618,1
-2.2523,-3.7921,3
-1.0994,3.0003,3
-3.1558,-3.9115,1
0.22989,0.76046,3
-2.3867,-4.0409,1
-2.5584,-0.22565,2
0.31598,-0.48848,3
2.3009,0.71725,1
-0.97344,0.42366,1
-4.2305,-0.97254,1
-2.2499,1.0716,3
1.0025,-5.5773,1
-0.48171,-4.5685,2
0.65762,-1.2517,1
-2.8116,-3.0155,1
4.0102,0.84952,3
0.44055,0.38995,3
-0.80946,-3.3082,3
-0.86298,3.0696,1
0.41368,-0.40944,2
-0.040784,3.2028,3
2.7863,-1.0712,3
3.8573,3.3675,3
-7.5673,-4.4464,1
-1.0755,0.075805,2
4.5289,0.85765,3
-1.7493,-0.18237,3
2.1063,-0.81241,1
0.46454,0.52948,1
-3.7833,-1.3475,1
-3.7933,-0.060139,2
2.6377,2.5756,3
-0.59251,-1.6154,2
3.446,-0.5075,1
3.5493,-2.1406,3
-0.66594,-2.5436,3
0.74448,-1.5247,3
-0.91224,2.9039,1
0.33891,-0.21809,1
0.8152,0.60042,3
0.50035,0.10327,3
4.9693,-0.0527,3
1.6532,3.3984,3
-1.6582,1.2451,3
-3.9013,-3.7152,1
1.4018,0.40825,1
2.163,-0.32152,1
-0.82401,0.051622,3
-0.68528,-2.4097,1
1.1436,-3.7379,2
3.3605,-2.0496,3
0.28882,-1.4589,1
0.20841,-1.6222,1
-1.278,-1.3763,2
2.7706,1.8165,3
-0.065392,-0.70217,1
0.88909,1.9865,3
-1.4911,0.89478,1
1.3878,-0.63122,1
0.64759,3.3427,1
1.8638,-2.9361,1
0.92901,0.76913,2
-1.8129,-3.4952,1
-2.4764,0.14991,3
4.5876,1.5064,3
0.39214,-0.26038,2
0.51191,-2.228,1
0.16041,-1.2132,1
2.088,-4.4279,3
-3.3796,-1.5595,1
0.90292,-3.489,1
-2.678,1.8191,3
2.2485,4.2197,3
2.6279,-0.055651,3
-3.6556,-0.55901,3
-2.5306,0.77047,1
0.83932,3.3062,1
1.9845,3.4536,3
-0.6304,-1.9413,1
-3.0657,-2.7604,1
1.0638,-4.2311,1
3.7529,-0.75748,3
-1.9878,-0.62371,1
4.4191,-0.086208,3
1.0307,-0.066377,1
-0.9261,-0.28803,2
-3.672,-1.5669,1
-2.2121,-4.0006,3
-0.39198,-3.3776,1
-1.0143,-0.53468,2
3.1735,-2.0854,1
-3.4251,-2.1504,1
-1.0873,-1.0612,1
0.7802,-1.4164,3
-1.5485,-1.6499,1
-5.5284,-4.1397,1
-3.8729,-0.068706,1
1.2921,0.68872,2
1.0613,2.8252,3
-0.21145,0.32548,2
0.016274,-2.5261,1
0.17052,-0.49653,2
-0.32334,-3.3951,1
2.6884,6.4275,3
4.8799,4.2355,3
-5.7334,-5.9869,1
2.8171,1.4962,3
2.3941,-1.8966,3
-1.3918,-1.7429,1
3.1934,1.3829,3
-0.8296,1.3692,2
3.5164,-3.3621,1
0.041774,-1.4303,1
0.92203,1.1364,3
1.5771,-1.0837,3
0.31728,1.0097,1
-0.51784,-1.7173,3
-1.1441,3.0178,3
-1.6959,0.53843,2
5.0606,3.0594,3
1.9218,0.1597,1
-3.5821,-1.2261,1
1.2406,-2.1868,3
2.0387,-0.80656,1
2.9953,2.2839,3
-0.72064,-2.8156,1
-0.027442,-4.1791,3
-0.019771,-2.1712,2
-2.9105,-5.3729,1
1.2239,3.3171,3
1.6797,2.1807,3
-0.10818,-1.746,1
-0.31546,-3.4081,2
0.4219,-0.31904,3
1.5666,-0.27449,3
1.6941,1.1519,3
-1.6321,-2.243,1
0.12973,1.3409,1
2.8221,0.85771,3
0.63085,-0.24448,1
1.2961,2.1709,3
-3.6925,-2.8905,1
0.95594,2.9719,2
-0.28184,-4.5373,1
-0.11635,0.11212,2
3.3579,4.5166,2
2.9975,-0.31253,3
-2.5145,2.845,1
0.21401,-2.1124,1
-2.3504,-3.503,1
-4.4976,-2.1147,1
3.326,0.60789,3
-0.17315,-3.5886,1
3.228,-0.41567,3
-2.063,0.23012,2
-4.1086,0.81065,1
4.0602,0.35732,1
-0.92926,1.7988,1
-0.052329,2.0524,3
-5.7346,-3.3739,3
2.6564,-1.487,1
-1.87,-1.0433,1
-0.33255,-0.95258,1
0.94464,0.25946,2
-0.90702,1.28,2
1.1498,1.4571,3
0.30936,-0.88257,1
3.0343,1.3138,3
1.0793,0.87295,2
-1.3804,-0.68064,3
1.5882,4.0107,3
-0.27898,-1.1491,2
-0.021846,-2.9822,3
-4.5323,-2.9778,1
-0.99836,-1.2936,1
0.36924,-0.68681,2
-2.7302,-1.8428,1
3.4261,1.6131,3
-5.2954,-2.9954,2
0.20208,-2.2746,3
2.433,1.6078,3
-0.63613,-2.8206,1
-0.10964,-0.8208,1
-1.337,-2.0272,1
0.57352,-0.57012,2
2.2787,0.47007,2
2.8078,2.5169,2
-0.12562,0.50664,2
-0.24094,4.5936,3
-2.0276,0.89102,1
-0.50624,0.63987,3
-0.91244,-2.7764,1
0.0058748,0.9965,2
2.9632,0.49937,3
2.913,0.28242,2
0.43016,3.556,3
1.4863,-0.43667,2
1.921,-3.8992,1
1.8013,-0.45971,3
3.8793,2.7579,3
0.59931,2.9774,3
-4.0613,-0.7973,1
2.8354,4.6799,3
-0.23875,1.2406,3
-0.37279,0.10408,1
-2.5031,2.7658,3
-1.2673,-4.4929,1
-6.1677,-3.8667,1
-2.7859,-2.6599,3
-0.61914,3.4249,2
0.32829,0.39311,3
2.3789,-0.56017,2
-2.4992,2.0801,3
3.2023,-1.585,3
-2.366,0.5665,3
-1.3872,-4.9208,1
2.5572,-2.8278,1
-4.294,-1.3085,1
-1.7688,1.2407,1
1.0342,-1.3931,3
-1.5504,0.16745,3
2.7366,3.9221,3
2.0578,-3.124,1
0.56104,2.77,3
-1.563,-0.005034,1
-0.13514,1.407,3
1.2882,-0.32155,3
-2.5714,-4.7583,1
-0.96438,-2.226,3
-2.682,0.10531,1
-2.1963,-3.2801,1
-2.384,-0.6049,1
-2.1387,2.6771,1
-2.3931,-0.22379,3
-2.1536,1.4314,1
2.2329,-1.3393,1
5.2286,1.7993,3
1.1259,0.1789,1
1.9672,-1.0441,1
0.68466,1.6993,1
-1.5169,-0.69324,1
-3.7521,-4.9692,1
-2.8583,2.7244,3
-2.3751,0.38315,1
0.5699,-2.73,1
-0.67117,1.9371,3
-4.7347,-2.1165,1
-1.9849,3.7607,2
1.7612,2.0163,2
-1.3366,0.94889,3
-1.4383,3.8699,3
0.62224,2.1521,3
-0.1053,-2.2925,1
3.5761,-0.70567,3
0.91999,-0.76178,1
0.44988,-0.24841,1
0.28452,0.035586,2
-3.1019,-1.3472,1
1.8939,-3.5003,2
5.4816,-0.56788,2
-3.393,-2.551,2
1.5613,1.2984,3
5.1631,-3.2555,3
0.17649,2.2701,3
-1.2922,0.29047,3
-4.8894,0.2782,3
2.8309,2.9275,3
-1.0398,1.7383,3
2.0955,2.2832,2
0.72048,0.93641,2
-0.43236,-0.31731,1
-0.84184,-0.19845,3
-1.4163,-1.7543,3
1.1413,-1.0101,1
-3.7107,4.3621,3
5.141,1.8505,2
-0.061817,-0.70439,1
-2.8857,-1.6557,1
-4.5706,-4.1957,1
0.17128,-3.3697,2
0.97045,0.45691,3
1.6046,5.182,3
-2.1172,-0.72734,1
3.0501,1.2139,3
-0.10277,0.70379,3
4.9565,0.3468,1
-3.2607,-1.1836,2
-7.0057,-2.554,1
0.97561,3.9169,2
-7.6894,1.6623,1
-0.25163,-1.5059,3
0.42994,-1.2319,3
1.1829,-3.9402,1
-0.50719,-7.104,3
-0.77393,-0.82535,1
-1.7751,-1.9288,1
0.54744,2.2356,3
1.8844,4.7696,3
1.5622,-0.56961,3
3.1591,1.9433,2
-1.3203,3.9157,1
1.5288,2.4733,2
-1.2379,0.63742,2
-2.7285,-1.4818,1
-1.6123,4.8797,3
-2.5418,-1.9162,1
-2.4071,-1.634,1
6.0107,0.81293,3
-2.8301,2.1877,3
3.3199,-0.84472,2
0.74038,-0.74007,2
-2.6452,-2.0745,1
-1.7855,-2.7534,1
-0.69922,-2.2105,1
-1.7325,1.6811,3
2.5009,1.923,3
-3.3236,-5.938,1
-1.5403,0.20877,2
-0.41306,0.39106,2
3.5946,4.5604,3
-0.38471,0.71906,3
2.2814,-0.49512,1
-1.0887,2.1489,1
2.549,5.6035,3
2.4614,-1.7376,3
4.4753,-1.402,2
1.0482,-1.4453,1
-1.8338,0.16143,1
5.447,6.1379,2
-0.14711,0.53406,1
0.20145,-2.1422,3
1.2128,1.0039,3
-2.1336,0.058616,1
-0.43175,0.10889,1
2.6846,-0.72644,1
-0.32969,-0.97008,3
0.27028,-3.8688,1
0.7348,3.2275,3
0.44697,-1.0668,1
1.0856,0.4653,3
-3.2097,1.3971,2
-0.82114,-2.4834,1
-0.98309,-3.1503,1
1.9914,2.3646,1
-1.8421,-2.2998,1
-0.81317,-0.48876,2
-4.6771,-2.2131,1
-1.031,-1.6711,2
-4.1462,1.6014,1
-0.50158,-0.69225,1
4.8834,3.1085,3
-2.6392,2.5768,3
-5.0061,-0.0030554,1
1.3583,2.2474,1
-0.20165,1.814,1
0.0061723,3.0726,3
0.13063,-4.2457,1
-1.1006,-3.2434,1
-0.35979,-1.1004,1
-1.1394,-3.1587,1
2.0513,2.8922,1
4.9129,4.7061,3
-1.8047,-0.96877,1
-2.1847,-3.3158,2
-3.2942,0.69518,3
1.6639,2.3148,2
-1.0896,0.26064,1
1.5287,-1.9886,3
3.6663,-0.74723,3
-0.35481,2.6605,2
-0.8029,-0.25773,3
4.5192,0.57636,3
-2.2624,-4.1755,3
1.0685,0.17236,2
-0.93217,-0.34638,2
-0.29751,1.7534,3
0.82468,1.5707,3
-2.8233,0.065861,1
0.9273,3.2674,3
-5.7497,-2.1466,1
-4.8984,-0.78999,1
0.31668,-0.42905,1
3.6017,1.2515,2
0.016145,-1.1851,2
4.0107,2.2049,3
2.3474,-0.55026,1
-0.38552,1.1615,3
-2.1661,0.57633,1
4.1689,2.4178,3
-1.7897,3.9836,2
-1.1438,4.3054,3
1.7658,1.3114,1
3.5381,-1.3049,3
-4.8026,-5.1853,1
0.79947,-4.6935,3
0.20218,-0.80861,3
2.7784,6.3524,3
-0.16209,0.78166,2
4.0741,2.466,3
0.061271,-0.35866,1
0.60727,-1.6441,3
-0.85589,0.52284,3
-0.52084,-2.9265,1
-1.9219,-5.0078,2
-0.68408,-2.3368,1
-2.9865,-0.86954,2
-0.95923,-1.7295,3
-4.8887,4.484,2
-4.1353,-2.5379,2
-1.448,1.5611,3
0.67501,3.1972,1
0.1682,-2.4861,2
2.7666,-1.6246,3
-0.73878,-1.0319,1
-0.72162,1.4962,1
2.7171,-2.8806,3
1.107,1.5147,2
-0.68926,1.4893,3
-0.20696,3.7702,3
5.944,3.9585,3
-2.0154,0.67296,2
0.57039,2.0812,3
-2.4197,-3.8497,2
-4.4584,0.058524,1
-2.5532,-1.7945,1
0.16237,-0.83555,1
-3.121,-8.7754,1
-0.51721,-0.022995,3
0.26288,-0.85124,3
1.1441,-1.6485,1
-2.7269,-1.4414,1
-1.1753,-2.3686,3
-0.28592,-4.161,1
1.8983,-4.6677,1
0.88756,2.4887,1
0.57468,1.6206,2
-0.64898,1.1317,1
-1.9136,-0.86593,2
-2.1799,-1.0363,3
-0.032025,0.81402,1
-3.9965,-2.9829,1
3.6183,4.8824,3
-1.1425,2.2168,3
0.40371,-1.8942,2
-2.3728,-2.0119,1
-1.9679,4.6837,2
0.92134,0.22439,1
-1.7242,2.3676,3
0.97896,0.050852,1
-0.64946,2.5575,3
0.26798,-0.99739,3
1.5604,-1.7791,1
0.75579,3.6516,3
-0.34094,0.077353,2
-1.8251,-1.8654,1
1.9758,-1.379,3
1.2714,0.30659,3
3.9806,1.0138,1
-1.6718,3.0779,2
-0.7468,1.0577,1
1.5226,-0.3274,1
-1.1495,1.0179,1
0.54747,1.6666,2
-2.4374,0.24239,1
-1.481,-0.25022,3
-0.4907,0.12969,1
-3.6867,-5.7241,1
-2.0329,0.4564,1
-0.95126,-0.40465,1
4.1563,1.4088,3
-0.97212,-0.37886,3
-3.0365,-3.6848,1
5.3295,1.641,3
0.31769,-1.731,3
-2.5816,-1.3244,1
-0.82489,1.3422,3
2.4849,1.1666,3
-2.1459,-2.4758,1
-1.2545,-0.39356,3
3.617,0.84889,1
-4.0348,-1.3309,1
4.7118,3.7452,3
-7.4516,-1.4878,1
-0.25014,0.059781,1
-0.79198,-1.4109,2
4.2627,0.55418,2
-1.7012,-1.8648,2
-0.80012,1.2455,2
-1.2432,2.3042,1
-0.7776,0.7965,1
2.9333,-1.2798,1
-0.11701,1.966,3
-0.37117,-1.5792,1
0.39243,-0.058751,3
-0.87066,1.2861,1
2.723,-1.3331,3
1.1846,1.8192,1
0.079811,1.4571,3
2.5862,-2.654,1
1.2813,-0.29591,2
-1.5368,-1.7528,1
1.1781,-1.012,2
-0.93511,1.526,1
-1.0129,-2.8091,2
-2.277,1.2629,2
0.5961,0.84905,2
-3.2686,-2.8929,1
-0.9253,-2.1587,2
1.9662,-1.772,3
-0.2192,1.5552,3
-1.6609,-0.96639,1
-2.1423,0.75789,1
-2.2646,-2.0798,1
0.67647,-0.12917,3
-1.2654,-2.7124,1
0.15761,-2.2607,3
5.1165,3.6058,3
-1.4479,-3.3673,2
-5.4832,-3.4652,1
0.37448,2.5265,3
1.5918,-1.4738,3
-0.6846,-3.5714,3
-2.5601,0.42967,1
0.42258,1.5144,2
-0.90475,-2.9607,1
1.052,1.9336,3
-1.813,-4.5152,1
0.36801,0.70639,3
-0.54943,-0.31412,1
0.12666,2.9557,3
-0.72386,2.0053,3
2.662,1.1892,3
-0.69547,-0.96898,1
-4.1045,0.42188,2
-0.34282,0.58442,3
-2.3693,-0.7523,1
-3.5235,-3.8874,1
-0.078177,-1.6165,1
-2.711,-0.18839,2
-1.7509,-3.066,3
-3.2762,2.4332,1
4.2211,2.061,3
-1.963,0.16571,2
2.4845,1.6341,2
2.8513,-1.375,2
0.49118,-1.4253,1
0.28783,0.84358,3
2.9119,6.1998,3
-1.1618,0.11377,3
-0.35995,-3.1845,2
4.339,4.0277,2
-2.5905,-2.6488,1
-2.4122,2.8466,1
0.55097,1.0073,3
-2.1538,0.89915,3
-3.6948,-5.2543,1
3.0132,1.4778,2
-4.2561,2.2057,1
0.25833,-1.4296,3
-0.23353,2.9853,3
-0.09274,0.28179,3
1.9215,4.0327,3
0.81213,1.5425,3
2.0516,0.11017,3
0.11051,-1.101,1
-0.47637,-1.4664,2
-0.6112,-4.8175,1
2.7389,-2.0254,3
-1.1708,2.3557,2
2.1782,-2.2078,3
1.8578,-0.47811,3
-2.0581,2.1538,3
2.9534,2.8385,1
-0.097403,-1.7389,3
-4.5063,-3.185,2
-0.42394,1.2673,2
-1.7361,1.0643,1
-3.4133,-2.2091,2
-0.9926,-1.8025,1
5.0557,1.1134,2
4.5472,0.52454,3
-1.2392,-2.7685,1
2.67,1.1434,1
-2.4215,-0.663,1
-1.4416,1.665,2
-0.23981,-1.8759,1
-2.3847,-4.6633,1
-0.6291,1.133,3
-3.5507,-1.6033,1
-3.3201,-3.5445,2
0.88742,-0.14952,1
2.6181,0.34071,2
0.3317,0.22279,3
-3.2402,-1.9047,1
-0.3924,1.4169,1
-2.9631,-4.3715,3
-2.1564,-3.8467,1
2.9546,-1.7135,3
-0.31271,-0.52956,2
-1.1511,0.78879,3
-1.8979,-0.5667,1
2.4624,1.9376,2
-2.7384,-1.4832,1
-0.95279,-0.56065,2
-4.0201,0.42342,1
-4.9967,2.4599,3
0.18276,0.38671,3
1.7381,-1.3188,1
0.88516,3.6865,2
0.050491,2.4711,3
0.68561,0.7858,2
-2.2327,-1.6489,3
1.4327,-0.85535,3
-1.5316,-2.1835,3
0.31348,0.069787,3
0.2914,2.0433,3
-2.6807,0.87109,2
-4.5088,-0.49823,1
2.6801,4.2509,3
2.9429,-3.951,3
-4.1266,3.6197,3
2.5322,2.1048,3
-0.60451,2.0191,1
1.0995,2.3119,3
-1.1654,1.9298,3
-0.42806,-3.5199,1
0.84375,0.95164,3
-2.4811,-1.1119,2
1.9929,2.0825,3
-1.1811,-2.0546,2
-1.2744,4.9465,3
-1.7064,-5.1383,1
0.66087,0.82392,1
-2.1753,-2.9107,2
1.6336,-4.4049,2
3.6623,3.8706,3
-0.5437,-1.0164,1
-2.3626,-2.7908,1
1.4509,2.2953,1
2.3202,0.17667,1
-2.9267,3.2361,3
-2.0942,-1.2529,3
-0.075878,-3.3296,1
3.5805,2.1143,3
4.0698,1.282,2
-0.51636,-0.85494,3
2.2322,0.13697,1
0.35498,2.7999,3
-4.8228,-0.27546,1
2.8746,-0.54146,3
3.1066,-0.182,1
3.6021,0.9352,3
1.5702,0.55758,1
-3.3673,-2.6888,1
-0.5115,-1.5244,1
2.2548,-1.8583,1
-1.5978,1.3474,1
-2.0501,-0.26135,1
3.4246,3.1724,3
1.8377,-0.6203,3
0.91354,1.0352,3
1.3512,-0.48047,3
-3.6773,-4.0276,1
2.3541,-0.98737,3
-4.2701,-1.0425,3
-0.19406,-0.40994,3
-3.1459,0.097635,1
-4.0542,-1.4684,1
-1.7979,-1.5431,2
3.0405,-0.61361,2
-1.0196,0.098328,1
4.4424,-0.3075,3
-0.48165,-4.3721,1
1.7372,-0.29092,1
1.5588,4.4411,3
5.7736,3.7102,3
-2.49,-4.4623,1
1.777,-1.0597,1
-4.5846,-1.6542,1
1.5129,-1.0057,3
-2.3715,0.13779,1
-2.0332,2.4111,1
4.5764,-1.4607,3
1.4469,-0.7242,1
0.0029031,0.0044885,3
3.3993,-2.0757,3
-2.2697,2.407,1
3.3838,0.83772,3
-1.4726,1.3098,1
1.354,1.8963,3
0.040674,-1.1172,1
-5.0252,-1.6995,1
-1.69,-1.9613,1
2.8705,4.1987,3
2.8127,0.67175,3
-2.8821,-1.5824,2
0.53888,0.20105,1
-2.9309,-7.7725,1
-1.0212,2.9758,3
-0.13899,1.4538,3
0.12961,-0.69038,3
-2.1011,-2.2718,1
1.3814,0.8344,3
4.6007,-2.9037,3
-4.812,-2.7771,1
4.401,1.3754,3
2.6227,1.5519,3
-0.95037,1.0831,1
2.26,1.3868,2
-0.038596,0.58834,2
-0.63792,-0.46185,3
-1.6297,3.0018,3
-2.7118,-1.4,3
3.2169,2.7953,3
0.6992,-1.6554,1
2.5731,-2.4771,2
3.3104,-1.8998,2
1.7522,4.001,3
2.5633,0.64165,1
-2.8655,0.28998,1
-3.2513,-4.1383,1
-2.2872,1.6408,2
-1.5201,-2.76,1
0.40109,-0.96226,3
2.5228,-0.041608,1
-1.6018,2.5905,1
-2.0015,-1.7711,1
-0.025241,0.63234,1
-2.2402,0.53945,1
-1.5163,-1.9155,2
-3.5007,-1.8511,1
2.3235,-2.4534,3
0.23858,1.7129,3
1.5783,1.2625,3
-2.3924,-3.3326,1
-2.0598,0.78059,1
-3.1863,-5.3003,1
0.92384,1.2285,3
-0.37409,4.756,3
-0.2625,-1.7726,3
0.71063,-2.2773,1
1.1135,-2.4602,3
3.0799,1.8982,3
-0.14918,1.2401,1
-3.7617,-1.2812,1
-0.41399,1.4587,3
-2.9106,-0.92416,2
3.4754,-2.258,1
-4.6396,-2.4013,1
-5.0424,-2.9037,3
1.0626,-0.23872,1
-0.95753,4.9819,3
-1.9869,-0.89913,3
-0.11659,1.1475,2
-0.54225,-0.63547,2
-0.76639,0.7225,1
1.9379,3.1666,3
1.4365,-0.41168,1
-0.39983,7.5038,3
-3.2575,0.66449,1
-1.1475,3.6469,3
-3.2332,-0.88082,1
0.32711,-0.53341,1
-1.0487,-1.143,2
3.5819,0.9267,2
0.94158,1.667,3
3.7543,0.46109,2
-0.52322,0.35165,3
-0.32411,0.51233,3
-2.5016,-3.7682,1
1.7342,2.7463,3
0.55278,-0.31982,3
-1.0303,2.4108,1
0.60712,-0.6223,2
-2.7312,0.25947,1
-1.7989,2.8797,3
1.5228,-1.2084,3
-3.9529,-0.17718,1
1.2963,0.91361,1
-1.6717,-4.3062,1
-0.50617,-5.4668,1
4.5886,5.0447,3
-3.8096,-1.0214,1
1.4239,3.0368,1
3.2258,-1.6088,1
-2.6988,3.4934,3
1.5553,-0.28482,3
-3.1221,-6.774,1
1.1153,2.9462,3
2.5366,-1.5695,1
-1.5523,-3.23,1
-0.95709,1.3611,3
-2.61,2.3478,3
-2.496,-2.0275,1
-0.19366,-0.59853,2
1.6847,-0.26184,1
2.7512,-0.41274,2
-2.0995,-5.9891,2
1.1698,2.0995,3
0.060429,1.0186,1
-0.82375,-2.9622,1
-4.5546,-0.2042,1
-0.39876,-1.9389,1
-1.3112,-2.318,1
1.1098,3.8369,3
-1.7955,-2.8572,1
-4.1457,-1.2432,3
5.0646,-1.5634,3
-0.77543,-4.407,1
-3.2309,0.10737,1
-0.39285,5.8994,3
1.5037,-1.425,3
0.52609,2.5176,3
-0.80747,1.9282,2
2.2681,-0.203,2
-2.2832,3.7442,3
3.2843,-1.3614,3
3.5002,0.77738,3
1.7284,1.4612,3
-1.281,-0.3017,1
0.50464,-0.5556,1
-1.4546,1.2399,2
3.0463,2.3114,2
1.3026,0.25024,3
-3.1878,2.2196,1
1.7371,-0.8273,3
3.5174,2.8852,3
0.19243,0.79595,2
-2.1864,-4.442,1
3.0773,0.1961,2
1.1409,0.64366,3
-1.8532,-6.6582,1
-0.015132,1.5553,1
3.8337,1.9358,3
2.0922,-1.8648,1
-0.37452,-1.3828,3
-1.8778,5.8239,2
-5.3003,-1.0996,2
0.11853,-2.1274,1
-2.0318,-2.4084,1
-1.4678,-0.15758,1
1.1457,-1.515,2
0.01135,-0.87346,3
-1.7402,1.7274,3
1.6509,0.57138,2
-0.20919,-1.131,1
-3.6128,-3.9173,1
3.4784,2.3463,3
1.7127,-0.89613,2
-1.6466,-4.619,1
-2.8697,0.46601,3
0.040905,-3.2378,1
1.1285,0.92398,2
0.81391,1.2361,3
1.808,-0.91325,1
0.21502,-3.3804,2
4.6192,4.5362,3
0.50018,-1.959,3
-2.9405,-2.6023,1
1.6813,2.927,1
-0.78013,-1.376,3
-2.4527,1.5967,1
2.7337,3.0071,3
-2.7059,0.42286,2
1.4951,-1.2038,3
-2.8417,-3.263,1
-2.4815,0.85449,2
-0.33834,2.9036,3
-3.3717,0.21488,1
-1.2993,0.75143,2
0.35196,-1.5294,1
0.24777,-0.94749,3
-5.9129,-1.3786,1
2.7387,0.019352,2
0.61212,1.1231,3
3.305,-3.3402,1
-2.4985,-7.147,1
-3.4378,-3.4305,1
2.3495,2.0828,3
-1.9876,0.11113,2
-2.1326,1.1875,2
3.4892,1.5155,3
0.67259,0.44847,3
0.095689,2.5007,1
1.6996,-3.4452,3
0.1555,-2.2382,2
1.1686,0.89688,3
-1.1647,-5.7848,1
4.5916,0.56374,3
3.8449,2.9304,3
-2.6151,0.97893,3
-2.3274,-1.1411,3
-3.2586,-0.082103,2
1.9744,5.5964,3
-1.3327,-1.3706,2
-3.3889,1.0832,3
-1.8578,-0.67119,1
-4.804,-2.8747,1
1.6844,1.2075,2
-3.8252,-1.0494,1
-1.3412,0.57822,1
3.9334,2.0303,2
1.2778,-0.27621,3
-1.1261,0.85295,3
-4.801,-3.3427,1
0.29698,3.8859,1
1.7721,1.8507,2
-4.8692,0.86249,3
-1.2674,2.3113,1
0.13698,-0.031215,2
0.17999,0.010972,3
-2.7429,-0.37123,3
-2.4803,-1.0621,1
-0.063962,3.695,3
-1.5302,3.0744,1
3.1572,0.51991,3
-2.0367,0.70543,2
2.801,1.27,2
2.9654,1.5745,3
4.0656,1.4645,3
-1.5433,3.0895,3
3.2223,3.5645,3
-0.7028,-0.4803,1
-2.3919,-1.7961,1
2.6876,6.7051,3
-1.225,0.32535,3
-0.59727,2.2688,3
0.82229,-2.8041,2
-1.3386,1.217,1
-0.86237,1.2177,2
-1.3605,1.0384,2
-0.76485,0.86994,1
-2.2957,-1.4102,1
1.1639,-0.17398,2
1.6397,6.156,1
-0.596,-1.415,1
0.093819,-1.6389,3
0.017487,-1.6783,3
-1.8466,0.30724,2
-5.6736,1.8791,1
-1.5655,-2.2378,2
1.9359,2.6783,2
2.0235,3.1148,3
2.2181,1.8961,3
1.2979,0.29043,3
1.1434,3.0818,1
-1.5991,-0.34851,3
1.5269,-1.4996,1
0.51234,-2.3502,3
-1.9516,-1.2749,2
4.8557,-0.15068,3
1.8687,2.42,2
-1.4908,-1.6829,1
-3.8369,-2.3647,1
1.0012,-0.53339,1
-0.083368,-1.6608,1
-4.6191,-4.2504,1
-1.781,-1.7618,1
2.7232,1.9915,1
2.3019,4.1567,3
-0.49839,-0.79452,1
-2.373,-5.0014,1
4.5361,-0.20694,3
3.6169,3.7817,3
2.0984,-2.0611,1
0.41241,-2.7006,1
-1.2284,1.1234,3
-1.2423,-2.3552,1
-0.62868,-1.4318,1
1.6715,1.6139,3
-0.71872,-2.4074,3
-4.7924,-0.10982,1
0.30943,1.4312,2
1.168,1.088,3
2.2903,1.3571,3
-0.022869,2.9198,3
-1.0797,3.03,1
2.4997,-0.71286,3
-2.2095,3.2959,1
0.27708,-2.4664,3
-5.0722,4.6711,2
1.6255,3.2329,3
-2.6344,-1.4561,1
-0.85188,-0.27883,1
-1.9082,4.0713,3
0.44912,0.6266,1
-2.3711,-2.284,1
0.6173,0.78902,3
-0.32078,-0.25519,2
0.078597,0.19938,1
0.066031,0.45874,3
1.2663,-0.19273,1
-0.13663,-0.63578,3
-3.1272,-2.2062,1
0.66614,-2.596,2
-0.55742,-1.0501,1
3.3879,2.6798,3
-0.028252,1.1805,1
-2.1235,-2.3768,3
-2.3581,0.51923,1
-0.43409,-0.78812,2
2.5782,-0.45989,1
4.3595,0.92308,3
-0.19197,0.12366,2
-1.1675,-3.6333,1
-5.2045,0.043712,1
-4.3685,-1.5853,2
-3.8032,-2.9738,2
-1.172,-2.2316,3
-3.7277,-1.5371,1
3.917,2.2588,2
-0.42977,3.4216,3
-1.4538,-2.6902,2
-0.75663,1.5266,3
-1.7697,1.1938,3
1.3219,-2.9429,3
-0.42854,2.8478,2
-1.8689,-1.2036,1
-2.125,1.6058,1
-6.7102,2.104,3
4.0832,4.2635,3
-1.8706,-2.8434,2
2.014,-1.0632,2
3.5239,-3.5715,1
-1.2791,-0.40099,2
1.4983,-1.1853,3
-1.809,-0.17803,1
-0.46246,3.2801,3
2.8287,-0.50374,1
0.96561,-6.3269,3
0.29027,2.8822,3
-3.2606,1.5782,3
-2.4095,-5.3574,1
1.9004,0.56638,3
1.8751,-3.58,1
-0.27364,0.67658,2
-1.2885,0.033055,2
-1.2886,-0.80642,2
-1.0893,-0.019909,1
2.2756,1.9332,3
-0.48915,1.7311,1
-0.57496,-3.7044,3
0.45705,-2.7126,3
4.3932,-0.62367,3
0.91584,-2.5567,1
-1.6506,1.0041,3
-3.9983,2.2603,3
0.43013,-2.0531,1
-1.5814,0.10753,1
-0.24002,-0.89479,3
6.1894,3.0658,3
0.86277,0.37901,2
-0.97072,4.4798,1
0.41673,3.9485,3
1.4706,1.1607,3
-1.4373,-5.2933,1
-0.63077,1.1536,1
-1.5194,0.024281,3
3.3324,3.1407,2
0.9233,0.47939,2
-2.1223,-0.1875,2
5.8881,3.377,2
-0.43901,-2.1074,1
-3.6501,-1.9117,3
-0.88678,-2.234,2
2.5091,0.61644,3
-0.17765,-2.7309,1
-0.91384,-4.2216,3
-3.7826,0.30103,3
-0.61272,-0.86022,1
3.8139,3.1851,3
2.2185,2.3146,3
2.691,1.9636,3
-0.37308,-1.3578,1
-1.9306,4.7906,1
3.2638,1.4181,3
-2.6299,-0.7156,1
5.0443,-0.42031,3
-1.3746,1.2078,1
-4.4226,-1.2621,3
1.7999,3.4509,2
-2.8263,-4.8429,1
-3.1541,-3.5791,1
2.0048,-0.44562,2
1.3426,-0.6088,3
-0.72682,-0.48769,3
0.72844,-2.5216,1
-2.7174,-0.57474,1
1.7622,-1.8843,1
-0.40826,0.94932,2
0.80682,-1.7179,2
0.88544,4.2828,3
-0.63951,-1.8738,2
-0.19159,-1.5594,1
-1.429,0.21143,3
-0.79306,-0.92388,1
-0.19045,1.3809,1
-1.5453,3.178,1
-5.4399,-0.79361,1
0.81825,3.112,3
-2.5687,-2.4904,2
-0.35698,-1.8624,2
1.8268,0.18192,3
-1.1716,-0.98735,2
2.3127,0.29432,3
-0.75531,-3.3607,2
-2.3359,-5.1223,2
-2.0519,0.41221,1
-1.6207,2.3189,2
3.5296,-1.1565,2
0.10587,-1.5738,1
4.8474,2.8013,3
-4.7656,-5.389,2
-0.90216,1.9757,2
2.7129,4.2359,3
-0.85947,2.9324,2
0.64661,-1.3509,3
-3.9923,-2.8541,1
-2.4389,-3.0644,1
-1.6087,1.8406,2
1.9844,-1.8201,1
2.6504,-0.034493,3
-4.1644,1.7568,2
1.2052,-1.4285,1
0.97588,-1.7121,2
1.0548,-2.9867,1
3.8972,0.0039774,3
-2.1686,2.1745,1
-1.1325,-2.1591,3
0.71886,0.86873,3
5.6887,3.1597,3
1.0471,-0.35318,1
-3.8569,2.2842,1
-0.15456,-1.0261,1
-3.9424,1.7322,1
-3.2279,-0.85908,1
2.9572,2.3614,3
-1.7653,-2.3282,1
1.5685,-2.2938,1
-3.6114,-2.5408,1
-0.39121,0.01136,3
-1.7205,1.1822,3
2.7344,-2.8576,3
-4.3169,-3.6877,1
-1.6621,-0.54303,2
0.17173,-4.0319,1
0.94975,0.053482,3
2.8462,1.4871,3
0.65206,1.4043,3
-1.0688,-1.9119,1
3.1091,2.2984,3
-1.1157,1.4353,2
-0.69886,-2.1497,1
4.5026,-1.006,3
-3.1741,0.94208,2
-2.4201,-3.782,1
-1.6703,-1.1078,3
-3.5959,-0.86627,1
2.223,3.7216,3
-2.236,-0.67392,2
1.0173,0.79438,3
-0.82664,-0.76531,1
1.7694,3.5575,1
-1.56,6.1417,3
1.5016,-1.1159,2
2.3762,3.018,3
1.2501,-3.6583,1
1.2524,-0.36022,3
-4.6056,2.901,2
-0.52331,-0.61932,1
1.2544,-0.56596,2
-0.44636,1.1555,1
-0.7342,1.8911,3
-1.3845,-3.8644,1
-2.3981,-3.64,1
2.4166,0.68903,1
3.3199,1.0413,3
2.0768,0.46007,3
5.5604,1.7802,2
4.7463,3.5089,3
-0.0054368,3.7869,3
-1.3364,2.7248,3
-5.924,1.2529,2
-0.97518,-0.89296,1
1.2728,1.766,3
-0.45565,-0.17227,3
-1.2916,0.21062,1
1.8978,-0.66012,2
1.5819,-2.149,2
3.1704,4.5041,3
2.9704,1.786,3
0.17369,0.047882,1
4.4203,2.15,3
-0.63003,0.302,3
2.0713,-2.4423,3
-0.92799,1.9383,1
0.42062,-3.6682,1
-3.1672,-2.6957,2
1.1387,6.63,3
4.7244,-1.7451,1
1.2458,-1.2117,1
-3.0481,0.51647,1
-0.60758,-1.7673,1
-1.0792,-4.2145,1
-3.1228,-3.5059,1
0.17605,1.0165,2
-3.6388,-3.4933,1
2.4972,-3.5963,1
-3.3295,-0.407,2
0.23462,1.5549,2
2.5375,2.0208,3
1.705,0.33529,3
-0.97667,-2.023,2
0.38457,-0.14442,2
-2.2569,-1.7265,3
2.5456,-0.050371,3
-0.57986,0.44767,2
-2.6657,-2.2664,1
-2.1658,1.2535,1
1.8124,-1.477,2
1.1733,4.3297,1
3.4202,-0.46718,3
2.4,-1.8795,1
0.083448,2.0044,2
0.81553,0.39837,3
-1.0196,-0.044823,1
4.6964,0.43611,3
-1.7626,-0.44103,3
4.5394,1.9613,3
-1.2583,0.84213,2
1.3342,6.6654,3
0.96056,5.9182,2
-2.8585,-4.575,1
-0.46972,3.2867,3
2.4658,3.0014,1
-0.12379,1.2287,2
-3.2729,-6.2635,1
-5.4534,-2.8977,1
-0.77657,0.44422,1
0.44511,-0.18389,3
2.9869,2.592,1
2.443,1.2665,2
3.393,1.8307,3
-0.89262,1.1476,1
-2.8193,0.87225,2
-2.6785,-4.176,2
0.0039018,0.3571,3
-0.79724,1.1415,3
-1.703,1.4127,2
0.06054,-0.92432,1
3.3336,1.2535,3
-1.2785,-5.1744,3
2.2692,0.40729,3
1.9192,-4.7884,1
1.7611,3.6602,3
1.9697,1.5358,3
-0.1151,2.8963,1
2.9665,3.5325,2
-3.1759,2.8081,2
-1.687,0.17171,1
3.2922,-3.2795,1
0.55949,2.4535,2
-2.733,-5.8499,1
0.18063,0.48797,3
-0.57849,3.1905,3
0.34965,3.2697,3
1.4127,2.0204,1
0.5617,0.2808,3
0.60538,-0.77322,2
-0.36493,-1.9784,2
-1.5564,-5.6909,1
1.8196,-0.6987,3
-1.925,0.42931,3
1.8899,3.4529,2
-1.0078,2.476,1
-0.25272,-0.66505,1
2.181,-3.7284,1
-2.9095,0.94009,2
1.6731,0.17415,2
3.9769,-4.338,2
2.5313,-1.3509,1
-1.461,2.4962,3
-0.68227,-0.51316,1
4.0133,-0.45133,3
0.61736,-1.4508,1
-0.34121,-0.50915,1
2.2934,-0.35412,3
-1.4906,2.3292,1
1.6019,3.2947,3
-1.7318,-0.61963,2
-2.0528,2.6064,2
-0.025576,1.3417,2
-0.3093,1.5201,1
0.5231,-2.1386,1
2.3589,-1.9179,3
-3.1979,-3.6058,1
1.4622,2.38,3
1.8341,-1.3585,3
-3.254,-2.0163,3
3.356,3.2694,3
2.4626,1.4273,3
0.1064,3.8789,3
-1.252,0.73282,2
5.072,6.6343,3
1.4939,4.6211,3
3.1692,4.0355,3
2.3517,3.8012,3
-0.51413,-0.98454,1
2.6425,6.0651,2
1.1287,6.7762,3
-1.8695,-2.5759,1
1.9117,-2.6471,1
-0.039679,1.7854,2
0.012286,-0.90337,1
-1.6986,2.1719,3
-1.1482,1.656,3
-6.8292,-3.6848,1
1.0947,1.0151,1
5.2113,2.5825,2
3.186,-1.5669,1
1.1216,0.65454,3
-0.72615,-2.0149,1
3.2171,-3.8588,1
0.064823,0.80447,3
3.6982,-0.50207,3
4.1582,2.2576,3
1.9906,0.97239,3
-1.0584,2.707,3
-0.1232,-2.5882,1
0.54859,1.0599,3
0.75716,2.8593,2
-3.7349,-2.0854,1
0.18597,2.7883,3
-1.0361,0.40074,3
-1.2788,-0.28343,1
-3.5865,1.8679,1
0.28706,2.2843,2
2.7081,3.3642,3
-1.3078,0.14576,1
0.24127,-0.31184,3
-1.4247,-0.50434,1
-0.71527,-2.1828,3
-0.19387,0.88723,1
1.0233,1.4079,3
-3.0079,0.64739,3
2.7743,-1.2862,1
3.7877,-1.4445,2
0.20216,0.52475,3
0.9317,-1.1101,2
-0.37682,3.1252,3
2.2728,2.7026,3
1.5952,-2.2138,3
3.8541,-1.468,3
0.93355,-0.83142,3
-1.9633,4.0791,3
1.8282,-1.0014,3
-4.282,-2.7855,1
5.1146,1.5095,1
0.56707,1.8865,2
-1.2667,1.8416,2
-2.8056,-3.3032,1
2.6097,1.3617,1
3.6387,4.4922,3
-0.98551,2.2268,1
-3.1503,2.8025,1
-4.504,-1.8983,3
-3.6544,-2.0565,1
-1.162,1.7977,2
0.51349,0.88848,2
-5.6044,0.26582,1
2.8111,3.9427,3
0.63767,-1.409,1
-0.0024829,-4.7609,2
-0.014805,2.6873,3
-0.90021,-0.9946,2
0.47121,-2.1789,1
0.69573,1.3514,3
-2.1355,-1.0768,2
-3.0274,-2.1264,1
6.041,2.7342,2
-0.57889,0.67501,1
1.0474,0.52401,2
-3.0704,0.4805,3
2.845,-2.329,1
-0.93271,-0.10429,2
0.68343,-4.2091,1
-1.5919,1.4432,1
2.5189,2.6459,2
-3.7669,0.60741,1
-1.6419,0.35693,3
1.8801,3.3344,3
-1.6021,-0.067596,3
-2.4367,-2.5185,3
-2.9006,-0.53227,2
1.1489,1.2274,1
1.3188,3.5298,2
-2.6072,-1.6791,1
-0.29828,2.5402,2
1,1.1168,3
-3.024,0.052392,1
-0.70053,0.6936,2
-0.70416,-1.8624,2
0.48993,-3.7782,1
-5.5635,-3.3753,1
1.3189,3.318,3
-3.3809,-0.85863,1
1.6654,1.0017,1
1.3313,3.8955,3
4.4289,1.0349,1
3.2649,2.4105,3
1.3003,-2.3464,3
-4.2757,-0.025351,1
1.2929,0.53956,3
-2.2303,-1.4447,1
-2.4979,2.3052,1
3.25,-1.6237,3
-0.88045,3.0521,3
-1.5553,-1.4263,3
-2.0666,1.0292,1
-2.3399,-1.6957,1
-1.7654,1.4152,2
-3.239,-2.2015,1
-2.492,0.89874,3
0.49413,0.72705,1
-1.7595,-2.9452,2
-3.8254,0.631,3
-1.1509,-0.92253,2
0.61425,1.9681,3
1.047,-1.1617,1
-1.4558,1.5967,1
-0.29407,-0.94628,1
-2.204,-4.721,3
-2.1622,0.25728,3
-4.5631,-3.4415,2
1.2318,2.3296,2
-0.13845,2.0999,2
0.58439,-3.5113,1
2.9768,3.8381,3
1.1763,0.35914,3
-0.16628,-0.34265,1
2.8829,-0.49888,1
-0.46841,-2.199,1
-5.5761,-0.98596,1
1.755,1.4699,2
1.8309,0.3184,2
-0.15671,0.64342,1
-3.3888,-2.3307,1
-4.6547,1.9974,1
0.80998,1.222,2
-2.0862,-2.3528,3
-1.1118,2.105,1
-0.64796,-1.7045,1
-3.8613,0.67441,1
-4.4889,-0.99867,1
-2.5077,-2.1627,2
-2.764,-0.18786,2
0.034372,2.0901,1
-0.087029,-0.30323,2
0.3208,-0.16774,3
0.023044,0.57553,3
-2.9819,-0.008482,1
-1.5116,3.2866,3
2.9352,1.1841,3
-3.1916,-2.87,1
0.17562,-3.0068,2
-2.3703,-6.491,1
2.1427,-0.58941,1
2.9801,-2.0416,2
-0.82676,-3.7665,1
0.51247,3.71,3
3.368,1.8622,3
-4.4485,-1.75,1
1.1027,-0.25869,1
3.0277,3.3321,3
-1.5785,-1.712,1
-0.56314,0.69972,1
-1.1756,-3.3013,3
1.4907,2.0276,3
-1.6343,-2.9006,1
0.25255,-4.4441,2
-0.61006,-4.0972,3
-2.3415,-1.2951,3
0.62213,1.0997,3
2.0395,-4.073,2
0.66437,3.1782,3
0.67362,0.032822,3
0.32894,-2.7258,3
-0.46526,2.0804,1
-1.2384,-0.55571,1
-1.8012,-2.857,1
-1.775,-2.145,3
-0.074946,-1.8589,1
-0.76208,1.7753,2
-0.37694,-2.7958,1
-3.0003,-3.6066,1
-1.304,-2.4465,1
-3.3027,-2.5894,1
-3.9078,0.025632,1
0.2499,-0.58512,2
2.1435,2.2749,3
-1.5059,1.3192,2
3.0681,3.3897,3
-1.0264,2.5717,3
-2.771,-4.0334,1
1.3451,-2.482,1
-0.88462,0.43895,1
-2.9816,0.68594,3
1.0336,0.8391,3
0.13706,1.0415,1
-0.39166,-0.4735,1
3.0023,2.4778,2
0.0090609,-3.5861,1
4.29,1.9271,1
2.6342,3.9559,3
-3.7175,-4.5219,1
-0.5878,5.1539,2
-3.3836,0.53631,2
-1.1818,-1.5993,2
2.625,0.78454,3
2.4175,1.4579,1
-1.6092,-1.5596,1
0.58818,-0.91957,3
-5.1008,-2.8485,3
0.5202,-0.097675,1
-0.31642,-1.7114,2
-0.99778,7.0341,1
-0.057187,2.4241,3
3.9956,2.9062,3
1.5179,1.6456,3
-4.9604,-0.29427,1
5.839,3.83,3
3.7463,0.6629,3
2.0305,-2.1026,1
-3.8828,-3.0239,1
1.0202,4.9377,3
0.02582,-0.77883,3
1.1113,4.0811,3
-3.0781,0.093111,3
2.6655,0.99718,3
-2.0445,-1.7435,1
1.5465,2.6852,3
1.1649,-0.90202,3
-3.4246,1.1316,2
-2.1408,-2.1708,1
-1.1298,-2.4525,1
-4.315,2.236,2
-1.1206,0.29348,2
0.1861,3.2951,3
5.862,1.6969,3
1.2413,0.021671,1
-0.94224,0.53321,1
-1.1469,1.3906,1
2.1659,0.025892,3
3.126,1.374,2
3.83,0.77262,3
-2.4639,-0.152,1
2.2292,-2.2266,1
1.4867,2.2981,3
-2.3699,-3.5745,1
2.4411,2.0923,3
0.56506,-1.0254,3
0.83728,4.0798,3
1.0334,2.6104,2
0.78123,2.0254,3
-1.4867,-0.26978,1
4.3465,2.7078,3
1.2515,2.2863,3
5.5123,0.27817,1
-0.35801,-1.5515,1
-0.39176,-1.1292,1
2.9718,-3.9982,2
-1.6741,0.78919,1
0.47618,-0.77036,2
-3.1319,-1.5414,1
-4.1769,0.61441,1
-0.66574,2.4189,2
2.7415,1.996,3
4.0539,2.2103,3
-0.6165,3.593,3
-1.1436,0.14376,1
0.63925,3.0677,3
-0.14582,-1.8044,1
2.7083,-0.27459,3
-1.3497,-0.86737,1
2.2458,0.47293,2
-0.59146,-3.7253,1
-0.5219,-0.058635,1
0.72294,-3.4897,2
3.0545,-1.0771,3
-4.2558,0.014452,1
1.3104,0.80805,1
-0.5677,2.672,1
-1.1402,-0.1632,3
0.47758,-0.67393,2
4.4329,-1.6229,3
-0.91296,-0.50545,2
0.8831,0.82303,3
-3.7091,-0.20309,1
0.40884,-2.5474,1
1.058,-0.44174,1
0.92035,3.7069,3
-0.3957,-2.2105,2
-0.26814,2.7053,2
5.5772,6.3724,3
-0.27761,-4.728,1
0.66948,-2.1182,2
-3.7124,-0.76993,2
-0.30113,2.7153,2
-2.2114,-0.36107,1
3.3009,1.1963,1
2.7056,3.1754,3
-1.6279,-4.0879,1
2.7017,0.45774,3
0.63109,1.0691,2
-1.8397,-2.6295,2
-1.8634,-0.5779,1
1.2775,-4.3152,1
-1.6781,-4.8781,1
-1.8839,-1.8166,3
-1.7117,-1.9493,2
1.2312,0.0848,1
-1.9995,0.086013,1
-1.1541,-0.47524,2
0.54791,-2.5667,1
0.52855,1.2612,1
4.0976,2.1406,3
-1.9411,-0.10533,3
-2.5604,1.4425,1
-0.77028,-1.7058,3
4.5824,-3.0853,2
2.8205,-1.9477,3
0.32951,-0.6516,3
3.7605,0.77704,1
-4.5896,-3.1251,1
2.0995,2.1964,2
-0.076101,0.41077,2
2.3909,4.2089,3
0.16293,1.5526,3
1.3426,3.7513,2
2.0573,4.2365,3
-3.6499,1.38,1
0.14523,1.6866,1
0.12892,1.9452,2
4.3416,-0.083534,3
1.4086,5.6171,1
2.5382,1.8972,3
-4.5154,-0.80728,1
-3.902,-5.5832,1
1.6696,1.8719,3
1.4958,3.0578,3
-3.3965,-3.8846,1
1.1009,0.78705,3
2.4005,-2.6147,1
-3.6962,-3.2605,1
-0.11047,0.37321,2
-2.0073,1.5813,3
-3.5566,2.0966,3
-2.3901,2.8091,2
3.1111,0.50043,3
3.8395,-1.5194,2
0.28524,-1.4629,1
-0.38071,-1.1248,3
0.013471,0.84482,3
-0.6314,-0.58824,3
1.9573,-2.1935,3
-0.12077,-0.62696,1
-0.83652,-3.532,1
-3.0848,-4.3244,1
-1.9033,-0.30626,3
5.72,0.85791,3
-2.8759,-2.7729,1
0.40803,-5.2483,1
2.949,0.543,3
-6.4535,-1.5326,1
1.9934,2.8532,1
-3.5045,-2.9701,3
0.86386,-3.1863,1
-1.4533,1.4354,2
0.26185,2.1595,1
1.5951,-1.3062,2
0.22931,-0.65332,1
0.27823,2.5707,3
-0.75822,0.33114,1
4.5474,1.4861,2
0.76116,-0.7918,3
1.2691,1.1839,3
-0.53502,2.2737,3
3.132,-2.1523,3
0.087462,2.7285,3
1.4951,0.91185,3
2.5844,2.1842,3
-1.8283,0.65268,1
-1.6216,-0.88964,1
0.088535,0.37246,1
3.3829,-0.62779,3
0.635,1.2297,1
-2.4257,2.4273,1
0.95269,1.2699,3
-3.4861,-0.4606,1
-1.187,0.25463,2
-0.71933,-2.0617,1
2.2266,1.1214,3
-1.0707,1.2904,3
1.9434,0.63661,3
-1.9357,-3.4017,1
2.1263,4.2456,3
1.4845,4.3476,3
-2.5245,0.17644,2
0.45036,-0.25655,2
0.89043,-2.975,1
0.39378,3.2585,2
3.8238,0.59884,3
-1.7202,4.6716,1
-0.13811,0.94292,2
-1.0219,-2.3254,1
-0.73877,0.82921,3
0.54563,3.1246,3
4.6055,-0.31881,1
-3.7796,-2.3103,1
2.5892,3.9757,3
-1.5479,1.6969,3
-1.1806,-2.8145,2
1.811,1.5751,2
-0.0462,-0.64611,3
-0.87278,1.357,2
-5.1304,-1.9807,1
0.62945,3.3182,3
-0.011627,1.1412,3
-1.171,-3.3548,1
-1.1655,1.2836,2
-2.6677,-2.6452,3
0.26194,4.349,3
-2.9995,-2.7579,1
-6.4179,-5.535,1
-0.32651,3.3126,3
-1.664,-1.7114,1
6.9809,3.9286,3
-3.9367,-1.0098,1
-3.8474,-1.8633,1
-0.96525,-0.51367,1
-3.2781,-2.9199,1
-2.0485,1.7446,1
-0.7749,-1.0639,3
2.4012,-0.72265,3
0.67699,-1.383,2
1.5848,0.53579,2
3.5334,4.1834,2
-4.796,-2.0925,3
0.042817,-0.69474,2
1.8719,-0.88605,1
-2.269,-3.2017,1
-4.0077,-2.1157,1
-0.43422,-1.2262,3
0.07597,-0.28497,1
-0.62016,-1.1028,2
-0.14208,-0.8966,1
0.98606,1.5458,1
1.8022,3.7955,1
3.5007,2.7426,3
2.0839,-2.2949,1
-0.80078,-3.8862,1
5.3961,1.6985,3
0.14019,5.8975,3
0.51667,-1.5824,1
1.7185,3.5785,3
-4.6175,-0.69144,1
3.5439,-3.8653,1
2.3739,0.66796,3
-0.018934,2.5163,2
-0.68527,-4.8342,3
2.6306,2.2955,1
3.3818,1.0677,3
0.99393,-0.40551,2
1.7901,0.56612,2
2.3982,1.9518,2
2.6796,1.1178,2
-1.5685,-0.80722,1
-0.86841,-3.054,1
0.70691,2.2579,1
-3.1768,-0.56921,2
-4.5518,-4.1936,1
0.94277,1.1738,3
1.7523,-2.8683,1
3.1905,-0.1785,3
0.081102,-4.3381,3
-1.3466,1.9288,3
2.131,2.8834,1
2.0037,0.88861,3
-0.92185,-2.83,1
2.4576,2.1253,3
-4.8073,-1.9201,1
4.0838,0.62017,3
-4.7933,-3.4243,2
2.7872,-0.34711,2
-0.71493,-3.3083,2
0.02941,-2.9012,2
-1.2497,-2.9293,2
1.4107,0.8493,3
-2.6867,2.3003,1
-1.1869,0.16319,2
0.74824,1.7946,3
-1.7713,-0.086701,1
-1.3667,-1.187,2
0.83188,-3.0951,1
2.9162,0.44328,3
3.6874,2.572,3
-1.733,-1.19,1
-1.7719,-0.28811,1
-1.7022,-2.1749,1
0.53622,-2.0902,2
1.2911,2.2646,1
0.32708,1.1114,1
-0.45037,-1.1901,3
3.5587,1.5914,2
3.6315,2.8033,3
2.2566,-1.447,3
-1.0791,2.9617,3
-0.38615,-0.16896,3
-2.9189,-2.0278,2
1.9957,-0.54272,3
-0.5792,1.2785,3
2.5065,1.5765,2
-1.9505,-0.82567,2
-3.0849,2.9641,1
-1.3651,-0.36235,1
-3.3954,0.82148,1
2.2656,4.4056,3
0.55194,1.812,1
-1.8377,-0.29159,1
-3.4329,-1.7364,1
-2.5579,0.15572,3
0.02816,2.8852,3
-1.2612,-1.7851,1
-0.5877,-2.122,1
5.4308,1.6894,3
5.7606,2.8076,3
0.83622,0.62598,3
-0.83181,0.71317,3
1.6372,1.9073,2
0.97289,2.1979,1
-0.7308,1.0576,1
2.3781,0.864,3
-0.88535,0.76077,1
5.2184,-1.6062,2
2.1621,0.65471,3
-3.551,-0.34697,1
-0.31571,-2.8846,3
-1.4668,3.294,3
-0.56652,0.21684,3
1.7052,4.5609,3
0.51567,-2.7435,2
1.6037,-5.7501,1
0.80601,-3.8985,3
0.67317,1.785,3
-2.7663,-0.93459,3
-0.033802,1.7629,3
-0.81237,-0.39382,1
1.8586,-1.0011,2
-0.54486,-0.71185,1
1.8493,0.56795,1
0.57667,1.2362,2
-2.7836,-4.382,1
0.71308,-4.3175,1
0.42618,3.9667,3
-2.3114,-1.1797,1
0.28194,-1.4124,3
1.7444,-2.7808,3
1.5846,-0.69559,3
3.7896,-0.027004,2
-0.27702,1.1326,3
2.1703,5.6946,3
-1.623,-1.3871,2
1.8737,-0.82871,3
2.0863,-1.9704,1
-1.1322,1.9159,3
-3.7335,-2.1483,1
-0.46006,0.81748,1
-0.1269,-0.39798,2
-0.59966,-2.341,1
0.29255,2.1539,3
-0.56633,1.8761,3
-1.8703,0.44127,1
-5.5462,-1.4691,1
-1.1677,2.3959,3
-0.26803,-1.3421,3
-0.72942,-0.95942,1
2.8162,-2.5473,3
-0.38914,3.1776,1
-1.0899,-3.6029,1
-2.452,-2.4153,2
-1.3625,-2.4382,2
1.7004,0.40151,3
1.8744,-4.7046,1
0.20282,5.3522,3
-6.2561,-1.1547,3
1.2542,1.3802,3
-0.34993,-4.4174,1
-2.1195,-2.0654,1
-3.5781,0.17815,1
5.2013,4.795,3
3.8145,-0.84171,1
-4.1692,2.0181,1
1.9652,2.0196,3
-3.5597,1.1678,1
-0.53092,-1.9442,3
1.863,0.63013,3
0.21096,0.85502,2
1.9643,1.9896,3
-0.43606,-1.4583,2
1.2467,3.2254,1
0.31667,0.82565,1
-0.34197,-1.7205,3
-4.227,-2.6563,1
3.8895,-3.4014,3
2.2506,-0.64554,3
-1.0983,-1.6579,3
-0.64468,1.1641,3
3.3676,7.6495,3
-0.9876,-3.5152,1
0.75763,-2.2424,1
-0.59808,3.238,3
1.0874,0.56686,3
1.1435,-1.5907,3
0.31345,2.4001,1
-1.4219,-3.0952,2
2.4839,0.79845,1
3.1913,1.1959,3
0.7747,-0.89651,1
-2.956,1.4191,3
0.61924,0.7391,2
-1.6819,-1.0085,1
-1.1506,1.3523,2
3.1679,-0.36075,3
1.489,0.036885,2
4.7622,-1.1504,2
-4.2099,0.45346,1
-0.84059,-1.1867,1
-1.9112,-0.6363,1
4.0331,2.6793,3
-2.5452,-1.6632,1
-5.8651,-5.2706,1
0.72937,2.7542,3
4.2217,2.4053,3
-1.7716,-1.8322,1
0.38392,2.3063,2
2.6512,3.0479,3
0.27928,-0.71259,3
-3.2315,2.4173,3
-0.73886,1.6698,1
2.7509,8.6862,3
0.30136,-7.9466,1
-0.59215,2.391,3
0.46848,1.4044,3
-0.44019,-0.1138,1
-3.5972,-2.8588,1
0.011059,-0.55517,3
-0.94489,1.6304,3
2.776,-0.17679,2
1.4238,2.3602,3
5.6122,0.8295,3
4.4795,0.76068,3
-2.9626,-2.3679,1
2.5841,-0.020402,3
2.8735,-3.8033,2
1.4369,-2.0658,2
-2.0004,-0.72253,3
-0.21666,-3.7147,1
0.25025,-1.5321,3
1.6956,5.0259,3
-3.5232,-1.3723,1
-3.4305,-0.50345,2
-1.8915,-0.16244,3
-1.3847,-1.2604,1
2.2267,3.8519,3
-1.5009,-3.0111,2
-0.77509,-0.38815,1
1.4106,-2.3943,1
0.22854,2.6437,1
-1.2325,0.21398,3
-0.29292,-4.0122,1
-0.40733,1.3782,3
1.7674,0.57882,2
-1.1408,-2.0787,1
-0.054349,6.0716,3
0.6023,-3.4676,3
-0.66398,5.2712,3
-0.046856,0.32916,3
-3.9617,-1.5153,1
-1.8672,3.9248,3
0.21411,-1.9884,2
2.6441,3.211,3
-1.7787,0.49207,1
0.71006,-2.6851,1
-0.2083,-1.5679,2
2.7319,0.1251,2
-0.33192,-3.0466,3
1.9152,3.0855,3
2.3953,2.125,2
3.6956,2.6156,3
-0.57932,-4.1236,1
-1.4345,-0.7312,3
-1.6667,-0.31112,2
1.1412,-2.7572,1
-0.7327,-1.4338,1
2.562,1.6877,2
1.6424,2.9763,3
-4.0944,0.034426,1
-1.0225,4.3049,3
1.8111,-4.1043,1
-4.5961,-4.4162,1
-0.10401,0.63343,3
5.204,3.8575,3
1.6438,-4.7767,1
-2.7987,-1.014,1
1.2809,3.4742,3
-0.61576,5.4613,3
2.9222,3.6069,3
-3.679,-1.5713,1
-0.26745,-1.0643,1
-3.6626,-2.1048,1
-1.1161,-2.707,3
5.5317,2.1682,3
-1.5693,1.3744,1
-0.75934,2.2546,1
1.2812,1.4702,3
1.7089,2.0755,2
1.2735,4.1938,3
-2.7535,2.0403,3
0.011968,-1.798,1
0.312,3.1541,3
-0.66452,1.8431,1
1.85,3.3456,2
-2.9749,0.70349,1
-1.9748,-0.19203,1
-1.109,-0.65833,3
1.2802,2.3786,3
2.0976,-1.5877,1
-1.6165,0.64781,2
-1.1542,1.224,3
1.527,2.8575,3
-0.16576,1.373,3
1.6453,-1.9565,1
-1.8752,3.5922,2
-1.7728,5.1185,1
2.4411,0.48673,3
-1.2839,0.34828,1
-3.1493,-0.33978,3
-3.5217,-4.6642,1
-1.9397,-1.8518,1
-1.2671,0.84953,2
1.1706,-0.47547,2
0.96598,-5.5429,1
1.0275,-1.8183,1
-3.6012,3.8651,1
2.7593,-1.2922,3
-1.5759,-3.2661,1
-1.6626,-1.6055,1
2.2868,1.2748,2
1.275,1.552,2
-3.9212,3.0198,3
-0.6314,1.4465,2
0.030172,-1.6379,2
0.84757,-2.3473,1
-0.47799,2.3049,3
-0.32469,0.42332,2
-0.52401,-2.1738,3
-2.8468,3.3179,1
0.91442,1.5187,2
0.2139,1.8903,2
-3.8996,1.2989,1
-2.4705,0.77111,1
0.98349,1.37,1
0.41088,1.082,1
-1.6717,-1.8267,1
3.1894,0.30704,1
0.59766,-1.9081,1
-2.919,-3.113,1
-1.5071,1.7154,3
-4.0365,-3.806,1
1.7313,-1.0584,3
1.8921,0.48737,3
0.1695,2.1006,2
-1.6571,-2.5964,1
0.23789,-0.52617,1
2.8184,1.9967,3
0.69335,-2.0114,2
-0.51694,-0.37029,1
2.0754,8.0734,3
-0.53125,1.8095,2
0.24864,-1.3137,2
-2.6446,-0.084933,1
2.1261,2.755,2
3.2581,-4.2319,3
1.1167,2.4737,3
1.4097,0.41595,1
0.87384,-0.56926,2
-2.0403,0.80521,1
0.39556,-4.3533,2
2.0838,-2.9447,2
-0.19864,4.1972,3
-0.46385,-0.7077,2
2.343,-1.9207,3
-2.1889,-0.41041,1
-2.9566,-2.3102,1
-2.704,-1.7871,1
0.081941,2.3378,3
-2.4237,-1.2662,1
1.4131,1.0688,1
-3.6204,-2.0557,1
-3.4862,-1.7369,1
0.4028,1.2675,3
-4.064,-0.50329,1
1.4974,3.595,1
-4.0009,-2.5864,3
-3.0363,2.4835,3
3.0416,-2.1994,3
-1.3466,2.7922,1
-0.42911,2.3517,3
5.9127,-0.1178,2
0.63932,3.6531,3
1.7262,3.344,3
-3.4507,-3.737,2
-0.28346,0.21851,2
1.0776,1.16,1
-1.9192,2.2593,3
2.8334,6.9155,3
1.9561,-1.7108,3
-0.022922,1.286,1
5.4425,-0.10084,3
0.030445,0.64328,3
-0.0021119,3.8922,3
-2.2528,-3.3414,1
-2.3972,-0.31433,1
3.4344,1.2178,1
2.7674,1.0836,2
-1.0368,-0.71187,3
-3.3966,-5.8132,1
-0.36177,-0.26962,3
-0.85741,-3.4575,1
0.64811,-0.30816,3
0.93838,1.9418,1
-2.7951,-0.016185,1
3.8216,1.71,3
-5.5245,-1.2885,1
-1.5143,-0.53032,1
-0.30553,-0.61974,1
-2.7682,-1.4133,1
0.57403,-1.8252,3
4.0354,0.16586,2
0.92211,2.5566,3
-4.1151,-0.98887,1
-0.059577,2.0214,3
3.0629,-2.787,3
-2.7909,4.4492,3
2.1877,0.62612,3
0.11388,-0.51226,1
-3.6866,1.8512,1
-1.0574,0.85123,1
-0.13835,1.9842,3
2.8191,1.989,2
1.8659,-1.246,3
-4.5495,-3.8997,1
0.27327,1.4227,1
-3.0705,-2.8389,1
-2.7515,0.98521,1
-1.0409,-3.7238,2
-0.83538,-1.1315,2
3.1904,1.2499,3
-1.5226,-0.78076,3
-0.41924,-0.96817,1
-1.3134,-0.53186,1
-3.5868,0.32571,2
2.6598,3.5232,3
2.574,1.2406,1
0.26873,-3.2882,1
-4.2862,1.4648,1
-1.8638,-1.8456,3
-3.4501,0.088028,2
-4.4657,-4.1303,1
-2.0578,-1.2324,3
1.3136,1.9981,3
0.26836,-1.4313,3
1.3657,4.3451,3
-0.75425,3.1453,1
1.608,1.3133,3
2.5773,4.6809,3
-1.9188,-2.984,2
2.3323,1.1243,2
3.5146,0.41556,3
-3.5169,-3.0346,2
-1.5169,-6.0781,1
0.62229,-0.62351,2
-0.4922,-0.38728,1
-1.1878,2.4028,3
-1.4828,-5.4109,1
3.7183,4.4913,3
-3.3823,-0.68502,1
-0.070037,2.2431,3
-1.1677,-1.558,1
1.1559,2.474,1
-0.22676,-1.6262,2
-2.1066,-3.3232,1
-1.2079,0.0041861,1
2.1052,-3.4673,1
1.376,-1.9307,3
1.9584,-4.1323,2
-6.4424,-2.2285,1
-5.6669,-3.7031,1
-1.5659,-2.6349,1
-0.28697,-2.2355,1
-0.84106,-0.24985,2
0.76868,-0.61997,1
0.29949,-1.7042,3
-0.68948,-1.3731,2
-1.0059,-2.0051,1
-1.7718,-4.1761,1
0.35186,1.6602,3
-1.5737,-3.909,1
0.034326,-4.0999,2
0.19271,-2.0146,3
2.1699,2.3268,3
0.70936,2.3,1
2.6497,1.3311,3
-3.1497,-2.0134,1
-7.9691,-3.9973,1
5.8877,5.5489,3
-1.6556,1.1585,1
3.9452,-1.103,3
-0.65959,-2.1402,1
1.1424,4.1184,3
-0.84015,2.3425,3
-1.4214,-0.24832,2
0.59358,0.6117,3
5.705,-3.2088,1
2.05,1.9392,1
-3.473,2.5092,3
-2.2713,-0.91426,3
2.1522,1.8586,3
0.96513,-0.65587,2
3.1437,-0.51249,3
-3.3341,5.039,3
0.28414,3.4393,3
-1.9116,1.2549,3
-1.155,2.1742,2
-3.6726,4.6692,3
-1.8935,0.23788,1
-2.829,1.2843,1
-1.1814,4.5584,1
0.70557,0.2345,1
4.579,4.1153,3
4.4321,2.745,1
5.4799,1.497,1
-3.0926,1.309,1
-1.2028,0.44442,3
4.6902,1.1965,3
-0.49194,4.3008,3
-2.7251,-0.46373,2
0.52699,-2.22,2
-4.9876,-1.7513,3
0.06884,1.4104,3
0.29168,3.3812,1
-0.8672,-3.1075,1
-0.58127,-0.83221,2
2.0139,2.019,3
2.2758,0.54197,3
-3.3257,5.2785,1
0.40214,-0.69954,3
-0.043578,-3.6089,2
2.0521,2.5474,3
6.6699,0.59456,2
0.39215,1.5651,3
-0.70518,-3.3827,1
-1.1127,2.8241,2
1.9431,3.649,3
2.5644,-0.38739,2
5.8153,1.8233,3
-1.2771,-1.6625,1
0.62008,-3.0626,2
4.1705,1.9623,3
1.1297,0.66979,3
2.5298,1.3377,3
-1.4189,-1.9861,1
-1.747,-1.7061,1
-2.1157,-6.3888,1
-2.4472,-2.3839,1
-0.41048,-2.2419,3
-1.5134,-0.90199,1
-1.2193,1.2824,1
-1.2007,0.65956,3
-2.4613,2.5891,1
-4.0762,-2.009,2
-0.78988,0.65017,1
-1.7671,2.581,2
-0.32048,1.5008,2
0.30804,-2.6606,3
1.7803,2.0756,1
0.40198,1.2937,3
-1.9873,0.60274,3
5.5847,1.7856,3
0.72889,-0.49655,1
-2.4641,1.473,2
0.9708,-0.51339,3
-3.2816,-0.61798,2
-0.60818,0.36273,2
-2.284,-0.74208,1
0.29373,4.3542,3
1.599,-1.4673,3
-0.30719,-2.2233,3
-1.2754,0.088799,2
-1.3681,0.38136,1
