7.082,0.65843,3
0.1266,-1.8533,3
-0.3025,2.2929,1
-2.1937,-0.82464,1
0.17042,-3.1767,1
1.0279,1.9895,1
-5.352,-3.4952,1
3.793,2.4129,3
1.8113,3.4007,3
-0.45674,3.6865,3
-3.0217,-3.0561,3
1.2725,4.0015,2
-3.1764,-3.4989,1
-0.7974,-0.066324,2
1.3297,-1.7583,3
0.56447,2.1522,3
0.44013,3.4733,3
0.52914,-4.0746,1
1.0824,-0.27748,2
1.2257,3.312,3
-1.7974,-1.0293,1
-1.1022,-0.055918,2
0.53858,0.90888,3
0.95636,0.061629,2
0.53691,-3.6851,1
1.1063,-4.2051,1
0.7727,-1.5786,1
0.0085748,-0.098672,2
1.4385,1.3141,3
-1.0134,-4.5669,1
0.083126,-2.5062,1
1.3865,-0.077589,3
-2.7993,-0.75339,3
2.641,-0.02571,2
0.75174,-0.54731,3
-2.4324,-1.807,2
1.4579,-2.6825,3
-2.1095,-6.2742,1
-3.5663,-2.952,2
-2.834,-2.6912,1
-1.0095,-0.65179,2
1.2139,1.8515,1
-4.186,-1.5562,1
-1.82,-5.4904,1
0.075147,-0.014468,1
3.2301,2.6969,3
0.67323,-0.061395,3
0.087845,-0.78658,1
-0.68156,2.2688,1
1.6112,-1.3395,1
-0.3042,-1.5245,1
1.5698,3.318,3
-2.8845,1.0158,1
3.2787,0.78958,3
1.8624,0.40666,1
2.2497,6.4961,3
-5.1601,-3.0528,1
1.1016,0.9889,3
3.5323,5.109,3
-4.0875,-1.3698,1
2.0684,-1.7145,1
-2.198,-0.83105,2
-3.4098,0.36089,2
0.20531,-1.1693,1
-0.94633,0.6279,2
-2.5194,-0.70837,1
-1.3056,2.0679,3
4.2974,0.08331,3
1.9786,-0.078492,1
-1.7729,4.0902,3
-1.9981,-2.4463,1
2.4949,2.2934,3
-0.17222,-0.12902,2
-2.5818,-0.92996,1
-3.5977,-0.32974,1
-3.3516,-2.8749,1
1.7306,0.98251,1
1.5219,0.34026,3
-1.2245,-0.38134,3
-0.17531,-0.035986,2
-0.29308,-1.3625,1
-0.85791,-2.0207,2
2.5811,0.77849,1
-4.8533,-4.4229,1
1.1845,-0.60999,1
1.185,1.4245,3
-2.1608,0.32898,2
0.025089,-2.6133,3
4.1662,2.494,3
2.812,-1.4198,2
1.4247,-1.4645,1
-1.8507,-4.1505,3
0.10318,4.3706,3
2.4782,0.91484,2
-1.4011,-0.67825,1
1.1761,2.7984,3
-0.10979,1.6885,3
-0.54573,-2.6171,1
1.5668,0.35788,3
-2.8435,1.4084,3
2.7564,2.1156,1
1.0466,-3.5518,3
-1.7444,0.8322,3
-2.3284,-1.8685,2
0.10743,-0.79349,1
-1.1881,-0.19785,2
-5.3093,-3.9769,1
1.7917,-0.92778,3
1.4138,1.2199,1
1.2796,-4.254,2
0.65681,-2.1456,3
3.3256,2.2412,1
-1.3391,1.9696,3
0.16729,1.8066,2
5.9551,0.55924,3
1.3014,6.4358,3
0.76456,0.83342,3
0.86326,5.4513,2
0.68078,-1.3985,3
-1.6718,-5.5158,1
0.90269,2.7647,2
-0.21453,0.31791,2
-0.36595,0.92424,1
-2.5638,-4.1248,1
-4.4962,-2.3083,1
2.3344,5.2399,2
2.0178,0.87768,3
0.80738,-0.20116,1
-1.3639,-0.31516,2
-0.079608,1.7576,2
0.85763,-0.085863,1
3.6565,5.5635,3
-3.806,1.0296,1
3.7338,3.4366,3
2.2168,-2.3477,1
-5.1304,-1.1468,1
2.5467,3.4665,3
-3.1683,2.0931,2
0.32796,-0.86341,1
-1.5753,0.68181,3
2.6206,2.2438,1
-2.3878,-0.2058,1
3.198,2.0491,3
0.37931,-2.0381,3
0.39759,0.27553,3
-0.45991,4.77,3
-0.50411,-2.7319,2
1.7676,5.105,3
2.7237,2.6486,3
-0.42393,-2.9051,1
1.0465,-2.2834,3
-1.7225,-2.4168,1
-1.6018,-3.5623,3
2.9305,0.41447,3
-0.13822,5.8525,3
1.0124,-3.0299,1
-3.2441,-2.3464,1
0.95492,-0.52232,2
-0.37351,1.9343,1
0.98425,-1.7093,1
0.23823,0.16322,3
-1.5722,0.054056,3
0.28513,4.7468,1
-2.0468,-0.20927,2
3.7528,-0.14041,2
0.30302,-0.48632,3
2.7564,2.9429,3
-2.2802,-1.7637,1
2.5887,-1.8239,2
-1.33,-0.60276,1
0.44372,2.1634,3
-0.53664,-0.32203,2
0.60393,5.3159,2
3.3609,2.83,3
3.9626,4.0446,3
1.963,2.9506,3
-0.56878,-0.024743,1
-0.57539,-3.8511,1
4.4499,6.1017,3
-0.13962,-2.752,1
-2.6275,1.003,1
2.3199,0.63608,3
2.6566,4.4732,3
1.2243,2.3446,3
-0.64908,0.70089,2
-0.60002,-1.9021,3
-0.78527,-2.2862,2
-0.51916,4.2269,3
5.4381,1.8676,3
-1.322,0.099675,3
-3.3589,-2.6402,1
-1.5809,-4.4713,1
-2.2367,-2.3269,1
-2.1001,-1.4091,2
3.3608,-0.034037,3
-2.6921,-0.26352,3
3.0915,0.31066,2
2.1576,-4.4916,1
0.67617,-1.1644,3
-3.0479,-1.2047,2
-4.1102,-1.6473,1
-2.1376,2.3528,3
2.6891,-0.64486,3
-5.542,-0.70068,1
3.9108,2.2485,2
-2.6603,0.16879,2
-1.7351,0.91466,1
1.7079,-0.66227,3
1.3832,-1.1646,3
-0.53816,2.3799,3
-1.2545,-1.8728,1
-0.7059,-2.7746,3
-5.8372,-2.5986,1
-6.4428,-3.9143,3
-0.84563,-3.5344,1
-1.5439,-1.0994,2
1.8178,2.8286,3
3.4552,-0.90006,3
1.4551,1.4069,1
-3.7248,3.2356,1
2.1528,3.7563,3
-1.8615,4.3583,1
0.43866,-0.7963,3
2.1549,-0.81328,1
0.18142,-1.3546,1
-0.084737,-0.19158,2
4.9357,0.45113,3
-2.8366,-0.40461,1
-2.5083,2.2378,1
4.5602,1.084,3
-2.431,-0.50717,1
-1.7313,-2.6132,1
-1.2349,0.8607,1
0.09066,-0.95663,3
3.9714,0.66681,3
-2.1133,1.7143,3
0.19624,1.8513,3
-3.2236,-2.5982,3
-1.8422,-0.85771,1
1.7817,1.5519,3
0.71144,2.5942,3
-1.2603,4.0059,3
-2.7768,1.4396,2
-3.8343,-1.3917,1
-2.5173,-0.84252,1
0.70407,-1.5734,3
-0.16967,-2.1349,2
-0.79809,-4.8288,2
0.67276,-0.18542,3
1.8438,2.7204,2
-0.62253,-1.4331,1
-2.0495,-1.6653,1
0.99453,3.3242,1
-4.2133,-1.5336,2
4.6445,4.778,3
0.71919,-2.2712,3
-2.6125,-0.3765,2
-2.8592,-2.453,2
0.52744,-0.012733,3
-1.9612,-0.44642,2
1.821,1.1553,3
-0.36001,2.7029,3
-3.651,3.5237,1
-4.1807,-2.1073,1
-0.46013,1.3069,1
-3.8791,-1.9096,1
-0.66304,-0.042439,3
-1.6904,-1.3122,1
-4.498,-3.7923,3
-0.63089,2.0225,2
3.67,-2.2845,3
-0.019482,-0.51106,2
-1.1769,2.3139,3
0.98667,0.20749,2
0.83139,2.4454,1
2.7025,0.15641,3
4.4,0.91434,1
-2.0126,-1.802,1
-0.17129,-0.52105,2
-0.71345,-0.16512,3
-2.5594,0.13907,1
2.6215,1.8331,3
1.7546,2.0289,1
-0.52157,-0.6258,2
2.891,1.6367,3
-2.9429,1.5049,3
-1.197,-0.34636,1
-4.5455,-1.8011,1
5.1786,0.77461,3
1.8082,-2.7547,1
3.6294,1.9066,3
4.2947,0.38433,3
0.71665,-0.61294,1
0.36629,-2.8159,3
1.859,1.3178,2
5.7286,2.748,3
3.0726,1.9012,3
-1.5255,-3.2053,2
-0.63189,-1.3957,3
-7.0464,-0.99219,2
-4.9605,-0.6131,1
-2.947,-2.0261,1
-3.5755,-4.6608,1
2.2319,2.7261,1
1.9764,3.6771,3
0.19939,-1.0542,2
0.28488,2.6739,3
3.1383,1.5433,1
-3.2693,0.030176,2
1.8046,-0.79945,1
1.1325,-1.5736,3
3.9049,0.0033153,2
3.6126,3.7986,3
2.3481,1.5545,3
-3.6484,-0.24026,1
5.1293,3.3243,3
-2.3443,-8.0127,1
2.2437,1.3355,2
1.6184,-0.17839,3
-2.7395,2.3035,3
2.653,3.0291,3
0.96396,1.3241,2
0.48599,1.1019,3
-4.212,-1.0092,1
4.8964,-0.2639,3
1.6235,-2.556,2
-3.0887,0.43971,1
4.0785,3.2537,2
-0.61916,-0.54967,1
3.7682,3.5953,3
2.59,1.7566,3
3.4889,3.4964,2
-0.25589,-0.39365,3
-2.7762,-6.0446,1
4.1659,-0.15259,3
-3.3926,-2.1451,1
1.7858,2.5379,3
2.5515,-3.2364,3
0.13172,0.87619,3
-1.6773,0.43567,3
-1.3765,1.4596,2
-1.9355,-0.57339,1
0.92375,-1.8032,3
0.24429,0.65856,2
-1.3888,-2.9495,1
0.0032614,-3.0577,2
-0.16151,0.05256,3
4.6165,1.2392,3
-5.2824,0.074622,1
3.9404,2.77,3
0.067543,3.5799,2
0.056834,1.1727,1
1.5775,2.0075,1
-4.4431,-2.0837,1
1.2672,-2.4852,1
0.18975,-3.5911,1
-1.1742,1.1229,1
-3.5909,-2.7136,1
0.061459,-1.4321,1
-0.43343,-0.39841,2
-0.12533,-3.9196,2
-0.64309,-2.1307,1
-1.3242,2.5146,1
-1.0792,-3.4483,1
0.029787,-0.59414,2
-0.046407,-2.055,2
-0.7565,4.4015,1
-0.65677,-3.9964,1
3.3504,3.77,2
1.6095,2.5467,3
0.23847,-2.1179,1
1.6656,-2.5986,3
-2.4223,-2.2192,1
3.047,-1.0438,1
-2.0389,1.5945,3
-0.7229,-2.17,2
0.79439,0.46419,3
-0.58015,3.0971,3
-1.7466,-0.65857,3
-0.088836,-1.0798,2
-0.9303,-1.7899,1
-1.1644,1.3441,3
2.6272,3.5384,3
-3.8871,-0.77357,1
-1.6003,-2.2681,1
-1.3026,-3.5367,1
-3.8398,-2.7521,3
-2.0037,-2.3325,1
2.6232,-0.56651,3
-0.5402,0.61809,1
-4.6522,-1.0094,1
1.343,0.80741,1
2.0596,2.2069,3
-4.2495,-3.2871,1
3.6445,1.1588,3
1.8885,-2.6491,1
1.3973,-1.5437,3
0.95627,0.66997,3
-0.22372,0.97975,2
0.41222,0.60941,2
3.6037,4.409,3
2.2924,3.6566,3
-0.78285,2.8374,3
-0.79723,-2.1066,1
-4.2261,-6.5176,1
-0.95896,1.2075,1
-0.23344,-2.09,1
-2.5298,-2.9344,1
5.0709,0.98346,3
0.61515,1.0332,1
-2.0645,-1.4607,1
-0.15524,2.6187,2
4.3688,-0.7227,1
3.9782,-3.7817,1
0.58446,2.2529,1
-1.7904,-0.83704,1
-0.5184,0.0010082,2
-2.5963,-0.29783,1
-2.8837,1.3199,1
0.80497,-0.72491,1
2.3587,0.52199,2
0.3735,2.6303,2
-1.2051,2.5986,1
0.38481,8.6516,3
0.53986,-1.8581,3
-1.4898,-1.1507,3
-1.3206,-5.1494,1
-0.085389,-4.1801,1
-1.6662,0.74996,1
-2.6467,-4.1298,1
-2.4085,-2.7614,1
0.23114,-0.90009,2
0.4778,-2.4106,1
3.245,1.304,3
-0.049437,1.3086,2
1.6081,-4.5167,1
-1.6166,1.1767,1
-2.2814,-1.5585,1
1.567,-2.0301,1
-3.4684,-2.2223,1
0.27596,-0.58157,2
-2.7653,-1.0669,1
0.40564,1.5438,3
-0.81422,2.733,3
-0.47414,-0.98439,3
-4.4688,-1.7322,1
1.4786,0.30323,1
1.5685,3.4505,2
-0.5545,0.58346,1
-0.14796,-1.3566,1
3.428,-0.91885,2
-1.5041,-0.42775,1
3.5348,-0.16527,3
-1.2649,3.2725,2
-2.2043,0.70242,1
-1.8502,1.8245,3
-3.0805,-0.83483,1
2.5408,-1.0363,3
1.478,-0.10958,3
3.1924,3.0619,3
-0.25963,0.50933,2
1.6406,-2.2821,2
1.7039,-0.33698,1
1.6759,-1.0092,1
-0.67443,-1.1675,1
-0.89031,4.8596,3
1.3217,1.9614,3
2.6317,1.756,3
-3.7211,-4.4217,1
-1.1831,1.8875,1
1.4664,1.9693,1
2.4384,-1.8905,1
-0.07308,0.75826,1
-0.71875,-1.0019,1
2.2775,-0.14269,2
3.4363,1.6541,2
-2.7046,-3.2119,1
-0.18094,-5.7064,1
-2.3507,-0.43262,1
-1.7889,0.77643,1
-2.6878,-2.9904,1
-4.836,-3.3261,1
1.1948,-3.4094,3
-0.11131,5.8486,3
1.5197,2.427,3
-1.7051,3.3036,3
0.67794,1.6704,1
-2.9259,-0.75219,1
-0.82592,-2.5493,1
-0.72554,-2.6076,1
-2.776,-3.4434,1
2.386,-2.7438,1
2.6638,-0.56638,1
0.49253,2.0748,1
3.6787,3.5422,3
-1.0794,-1.3778,2
-0.81856,1.5463,3
0.73553,-2.3367,2
-0.4107,-4.8113,1
-1.3893,-2.7411,1
-0.47813,1.1373,3
0.94391,-1.9927,3
0.14351,-1.8382,3
3.8659,-1.9031,3
0.67519,-3.3806,1
-7.8789,-5.7932,1
1.6756,1.0338,3
-1.8809,-4.2824,1
0.34396,2.7998,3
-3.5461,-6.255,1
-3.1586,-1.9484,2
0.24483,3.0073,3
1.5702,-2.1197,1
2.0434,5.0264,3
0.70173,-0.45064,1
3.5056,1.7646,3
-1.7234,1.2566,3
2.7143,2.126,3
2.4607,1.8786,3
2.2552,1.154,3
0.98424,-2.4672,1
1.0654,0.98262,1
-2.026,-1.4144,1
2.2751,2.444,3
-2.7921,-3.7306,1
0.59113,-1.6869,3
1.7392,0.91443,1
-1.3482,-0.082994,2
0.17587,0.79552,2
1.8919,0.90186,3
-0.85856,-0.11697,3
4.1194,2.323,3
-4.0007,-4.4261,1
3.8224,4.0002,3
1.4347,-3.7127,1
3.6133,0.20566,2
-1.7739,-1.2068,2
1.5185,1.3741,1
0.020344,-1.4371,2
-0.10093,-0.68208,1
1.5561,1.4982,3
3.9426,1.3448,3
0.24262,-0.0043442,3
-1.5981,-2.6457,2
-1.4072,3.3811,1
2.2538,-2.1954,1
2.332,3.5945,2
2.1086,-1.6815,3
3.2539,-0.53754,3
1.3458,-3.7439,1
4.0761,0.99397,3
2.3235,2.9508,3
0.28199,-0.14983,3
-1.6413,-3.4425,1
3.0394,1.7864,3
1.6596,2.6567,3
0.31735,0.51842,1
3.6432,5.2712,3
1.4309,0.71274,3
-1.248,-3.8421,1
-5.0377,-1.6338,1
-0.61235,-4.105,1
4.1294,-0.1696,2
-0.21684,-1.4528,3
-0.94368,2.8201,1
0.31961,0.94394,3
0.20792,-5.2687,1
-2.623,0.32809,1
1.0861,1.9183,3
-2.2647,1.7992,1
-1.0673,-5.4668,1
2.2054,-0.83949,2
-1.3513,-1.2694,2
-1.6973,-1.3113,1
-1.8009,-1.4986,1
1.5026,-1.2689,3
-0.77924,-0.97693,1
-3.731,-5.5578,1
1.6377,-1.1023,1
-3.9407,-0.73746,1
-0.11066,-0.86576,3
0.19196,-1.3967,2
0.53245,3.9589,1
-4.2879,-3.9291,1
-1.1094,-1.0673,1
-1.0675,1.1874,1
-0.50169,3.4783,3
0.36247,1.442,2
0.21198,5.7054,1
1.2969,-1.1348,2
2.4918,0.55,2
-1.3234,0.61557,3
1.7988,0.5827,3
-1.3688,-3.4198,2
-1.4621,0.34756,2
-0.51199,0.40456,3
2.0921,4.6263,3
-0.1563,3.1069,2
-2.6027,0.086842,1
3.818,4.0922,3
-0.84127,-0.37914,2
-0.57425,1.0943,2
0.097042,-0.84646,1
2.3499,0.7472,3
2.3243,7.2027,3
-0.96842,-1.7591,1
0.10139,1.6935,1
-0.82973,-0.21113,2
0.035331,-4.133,1
-1.3542,1.5826,1
-0.46612,0.99807,1
-5.0278,-0.17223,1
4.5265,2.6536,2
0.97595,1.3439,3
-3.9391,-1.1831,1
3.1742,-2.9779,3
-4.5012,0.86529,1
2.0628,-0.85206,1
0.4406,-0.55846,2
1.3014,-1.3058,3
0.044194,-3.224,1
0.37514,-0.88116,3
-0.057978,0.83767,1
0.47883,3.0778,3
-1.9745,3.4434,1
4.7175,1.3419,1
0.77253,-3.1791,2
-1.2124,0.50191,2
4.265,-0.62011,1
-5.5836,-0.14485,1
1.1551,-1.3412,1
-0.94213,-0.47908,3
-2.7903,-1.2938,1
-0.13782,-0.38802,3
-2.226,-1.9165,1
2.7828,-2.5827,1
0.27865,-3.9859,1
-0.57897,0.68769,1
2.3545,2.4955,1
-0.10187,-0.82509,1
-2.1314,4.1489,1
2.5297,1.1237,3
-0.90194,-0.19709,1
-3.6981,-1.7507,1
-2.6967,2.6605,2
0.84352,0.91911,3
5.6725,-0.35837,2
1.4678,-2.6488,2
-2.3826,1.9923,3
0.92207,0.58935,3
1.3685,1.0378,3
-0.46049,-0.92981,2
1.8407,-1.1376,2
-4.9344,1.8713,1
1.8798,2.6461,3
1.1191,0.18039,3
2.5098,2.2548,2
-4.2267,1.1272,1
-0.00091012,-3.7143,1
-5.2014,-2.4504,3
-1.3931,-1.9944,1
-0.92544,-1.3627,3
1.2427,0.31025,2
-1.964,-1.6273,2
1.7563,2.1238,3
4.5778,0.95049,3
0.0030291,5.4381,3
-0.4008,3.3866,1
-2.3012,-2.0426,1
1.3517,-2.3441,1
-0.32081,-0.91926,1
2.5323,-0.44812,3
-2.168,-3.9506,1
-1.6395,-3.2187,1
-4.383,-1.3853,3
0.16807,1.5693,2
2.5381,-0.3251,1
3.0355,0.76871,3
-2.1026,1.1859,3
-2.8313,-0.010858,1
-0.45795,1.1278,3
4.588,4.2393,3
-0.5595,-1.7996,2
3.7834,2.5988,3
-0.33097,2.2965,3
4.9094,-0.65979,3
1.9248,-0.20742,2
-2.1572,3.3761,2
0.86264,-1.6116,2
-0.67284,4.5309,2
3.1984,4.9639,3
-5.5551,0.13482,1
-3.1405,-1.1007,1
2.178,3.6882,3
-0.73945,-1.153,2
-0.90373,4.7982,1
1.5639,-1.8588,3
-3.0364,-0.43623,3
-3.0902,-1.6416,1
0.36497,-0.49666,1
2.2023,2.2256,3
3.0844,0.45118,3
-0.61775,3.1431,3
-2.2106,-1.1733,2
-4.1463,-0.69975,3
0.22775,-1.7666,3
3.7034,-0.5746,1
1.2466,0.37375,3
0.58235,1.5424,1
-1.9013,0.18417,2
-0.53013,2.1175,3
-0.14011,-1.5845,1
0.10699,-0.43036,1
-0.8316,-3.2399,1
-1.657,0.055959,1
3.1894,1.3365,3
1.4624,-0.050039,3
-2.2565,0.89803,1
1.8903,2.9421,3
-0.19846,-0.22663,3
-0.28089,4.2621,3
1.9585,5.0781,2
-3.4549,0.26975,1
2.5472,2.269,3
-1.9652,1.7548,2
-1.0342,-1.3565,1
2.5743,3.1828,3
0.48693,-0.80693,1
3.0305,3.7594,3
-0.6861,-5.6051,2
3.9087,-4.1402,3
2.4495,0.23435,2
-1.0621,0.3128,1
-3.9447,-3.2231,1
1.5233,-1.569,1
-0.76675,1.6559,1
-3.5745,2.3177,2
2.7602,3.5897,3
-0.065059,0.65928,3
1.166,-1.106,1
-4.3947,-3.6057,1
4.999,-1.6712,1
-1.0429,1.1813,2
0.41912,-0.61987,2
0.75363,0.72283,3
-2.5152,1.5738,2
-2.424,-0.97894,1
5.5494,-0.20798,3
-3.9883,0.67965,1
-1.7377,-1.5186,3
-2.1153,-3.415,1
-3.0233,1.196,1
-3.6075,-1.5343,2
-0.35913,-6.0426,1
-1.1005,-0.92214,2
0.53789,3.0679,3
-1.548,-2.2198,1
-0.2325,2.7981,1
-1.9053,0.23938,3
-5.5217,-3.8972,2
-3.9343,-0.83888,1
1.4671,1.3685,3
-1.1914,-0.35495,1
-1.9627,0.43988,1
-3.4934,0.63103,3
4.9635,-0.32802,2
-0.61309,-2.7772,1
-1.8201,-2.5417,1
-2.0776,1.5974,1
1.6488,-1.4651,2
3.4464,4.1595,3
4.1057,4.0676,3
-2.3577,0.044129,3
-1.8514,1.7756,3
1.5531,1.3521,3
3.5965,3.1555,3
-2.3017,-1.4165,2
2.2677,-0.82453,1
-1.5045,-0.34935,3
-1.5425,-0.82937,1
-0.25521,-0.061517,3
1.6498,3.9278,3
4.0472,3.8721,3
-0.55741,0.51829,3
-1.8145,1.0765,3
-6.0111,1.362,1
3.8747,-0.31818,3
-2.7124,4.5651,3
2.7932,-2.7981,3
0.75696,-1.2437,3
2.9446,-3.8223,1
-0.3232,-0.81276,3
-0.069587,1.3069,2
3.9012,-0.048969,3
0.1465,1.2721,3
-1.6338,3.8429,3
-2.253,-0.24149,2
-0.13214,0.56783,1
-6.2331,2.2635,3
-2.5534,1.1009,1
0.26966,-0.5897,3
3.7623,4.7866,2
2.3437,-1.6187,3
3.6366,1.6698,3
-0.029321,-1.0007,1
3.1051,2.6446,3
4.4039,1.7661,3
-1.0228,-1.6394,1
2.4361,-1.3769,1
0.98504,1.1954,3
1.7845,1.2276,3
2.0864,-0.29279,3
-1.4297,-4.1217,1
0.39012,2.8687,2
0.10937,-2.2419,3
0.32806,0.63193,3
0.78396,0.88341,3
0.031044,1.1056,2
-6.4424,-0.16764,2
-1.1376,-4.5968,2
7.7101,5.4202,3
-0.18292,1.1033,1
1.1725,1.563,2
-0.75572,-5.8891,2
-1.3237,-0.50503,1
-0.4614,3.2817,1
-3.3121,-2.6587,1
-2.7855,-1.0792,1
0.62953,3.3337,2
1.9711,-0.75067,1
1.821,-0.46135,3
-3.1237,-0.69551,3
5.2778,-1.0252,2
2.7259,3.8044,3
2.9585,2.6225,3
0.64548,-1.7881,1
1.3857,0.4757,2
4.4963,4.2365,3
-0.58728,1.0947,1
5.8854,0.99889,3
2.4163,0.93374,3
1.8909,0.70627,3
2.7574,0.06001,2
1.4748,-0.05311,1
0.26536,-1.287,2
0.11341,-2.4209,1
-3.4555,-2.2252,2
-3.1028,-0.92681,2
0.9781,-8.6138,1
2.2593,0.32671,3
2.7644,2.3642,1
-3.3425,-1.2771,1
3.9323,0.56488,3
-2.4856,-0.59346,1
6.9896,1.834,3
-5.4697,-1.0937,1
2.7163,3.199,3
-1.7063,-2.3411,2
-5.3596,0.11678,3
2.6947,2.1869,3
-3.1744,1.7398,1
1.9799,-1.9349,3
1.262,0.37845,3
-4.9031,1.0923,1
-2.7112,1.102,1
5.8503,1.561,3
-0.74905,3.1753,1
1.3924,-2.4337,1
-0.74812,-3.0624,1
-0.74129,-2.2235,1
1.3842,0.58409,1
1.0999,0.20555,3
2.0119,1.5597,3
-1.2022,3.9304,3
-2.1051,2.1426,1
2.2134,-1.056,3
-0.25864,2.4719,1
0.71068,1.1007,1
0.67173,-2.5495,2
-2.0925,-1.6132,2
-3.8288,-5.8261,1
-5.5927,-1.0794,1
1.6091,-0.36919,2
-2.9336,2.3956,1
2.32,-1.4455,3
-2.486,-0.45264,1
6.4207,0.22127,3
-3.442,-3.7583,1
-1.7983,-3.6676,1
1.8042,2.7893,2
-0.59228,-2.2476,3
2.4683,1.9562,1
1.8768,0.67072,1
3.3089,-4.5392,3
-1.8767,-2.4272,1
1.6913,-0.64875,2
-3.4919,-0.55419,1
0.49835,-0.36746,1
0.43136,-1.8324,2
1.6584,1.1201,2
-1.1024,0.63701,3
-3.0824,0.22983,2
0.65562,-0.54779,1
2.4012,0.27479,3
-5.8626,-1.0618,1
0.50198,0.74071,3
0.80121,2.4061,3
0.54555,-0.74222,1
-3.4413,-0.65431,1
1.5563,-4.3598,3
-2.1262,4.2341,3
3.572,-2.262,1
-0.12871,-1.7016,3
2.1357,3.1976,3
-1.3405,0.31527,2
6.8502,-0.098728,3
0.84584,-2.1106,3
1.2493,1.534,2
-2.3268,-0.8478,3
-0.67708,-3.3063,1
-0.97951,-0.60026,2
-3.305,-1.8056,1
-2.3689,-2.7824,1
3.0064,2.768,3
0.1426,-0.26959,2
-2.1215,-4.1981,2
4.1041,-2.9608,3
4.4768,0.22411,3
3.5706,4.9584,2
1.1324,3.6023,3
3.6763,-1.1168,3
2.748,1.0043,2
-3.6536,0.45083,3
0.83056,-0.62716,1
-2.9886,1.4058,1
-1.7588,1.1739,1
1.1018,0.44263,3
-4.3192,2.2698,3
-2.7279,1.4345,1
-0.85291,-1.1534,1
-2.0719,-0.35473,3
-2.7646,-3.9517,1
-1.6404,-3.0763,2
1.0799,0.4657,2
1.9737,1.3536,2
-1.4081,0.74368,2
-1.3885,-3.4648,2
-0.81256,-1.9203,3
0.9946,0.56879,3
-1.1853,-0.96183,1
-0.030165,-1.1689,1
2.2712,-0.51227,3
2.6719,2.0262,1
-4.9752,1.4156,2
2.5489,-5.107,1
1.7036,0.87428,3
-4.1597,-1.9419,1
-7.1626,-0.19754,1
-1.0034,1.0517,1
0.10987,2.5351,3
0.59083,3.1069,3
-1.0871,3.3187,1
-1.6653,3.5171,3
3.8447,1.37,3
-2.7425,0.44049,1
0.078692,7.1356,3
-0.73496,-2.0792,3
-2.8486,-0.94175,1
-2.2786,1.2746,1
0.30513,-1.7667,2
-3.6538,1.6978,1
-0.29581,-4.3396,1
0.073257,-0.86173,1
2.7834,-2.8157,2
0.92851,3.3423,3
-2.6141,1.2712,1
-3.7872,-3.1106,1
0.25744,4.4151,3
2.17,0.94396,3
-0.022565,-2.6752,1
-6.8779,-3.1439,1
1.2304,-4.2094,2
-1.477,0.10807,2
-3.8886,-5.2472,1
2.0951,3.9718,3
0.75737,2.6733,3
-4.4915,-1.4581,2
2.3698,1.5117,3
1.9775,-0.069276,1
-3.8824,-4.5382,1
2.4144,0.89636,1
2.7587,3.1029,3
-2.7684,1.4642,3
2.7438,4.0008,3
0.22553,1.1595,3
0.65179,-0.42266,3
-0.84499,0.19745,1
0.33678,1.6257,2
-0.69914,-0.45651,3
1.104,-0.39782,3
3.3739,-0.90608,2
2.1195,2.6434,3
2.1225,3.6852,3
-1.3049,1.6959,3
1.0538,0.096089,1
-2.2057,-0.28321,1
3.2197,5.4085,1
-3.9543,1.3096,2
1.1611,4.4456,3
3.6575,2.3882,3
3.1777,1.7476,3
-2.0692,1.6626,1
1.3792,3.1435,3
5.6537,7.4649,3
1.069,-0.022544,3
-2.1037,0.85447,2
0.19911,-1.2855,1
-1.7844,0.32055,1
-1.5135,2.1609,3
-0.24221,-2.1868,1
-1.2649,-0.95231,3
-0.25467,0.79075,2
1.4093,0.37203,1
0.72292,-0.34053,1
-1.6039,3.9803,3
2.1297,-1.7359,2
1.5465,0.88457,3
3.005,2.4198,1
3.3287,1.9385,2
1.9681,3.6726,2
-6.5253,-2.1424,1
-2.6324,2.5429,2
-1.3961,-4.2782,1
0.83398,-2.9465,1
-0.45323,-0.44885,2
0.20929,1.2133,1
1.1888,3.4085,2
1.568,-2.1807,3
-0.059192,0.64827,1
-0.17036,2.5796,3
1.3025,3.6907,1
1.0569,-1.2818,3
-2.1032,4.641,2
-1.1123,0.86637,1
2.7763,-2.5511,1
-1.0929,2.498,3
-2.1368,-1.6502,1
-0.57104,-0.39714,3
1.7787,-1.8488,2
-2.7154,-0.10214,1
-1.7154,1.6945,1
1.1994,0.73553,3
5.9173,0.26674,3
-4.439,-0.1943,1
1.1473,0.5323,3
0.061344,0.48654,2
0.030544,2.5393,3
3.3719,0.44829,3
0.62977,1.8625,3
-0.14067,0.023888,3
0.9606,0.42934,1
-5.6979,-4.8756,1
-1.6654,4.1074,3
1.0981,3.4983,2
2.0029,0.46312,3
-1.4824,2.516,2
-0.75175,0.46554,1
-0.85727,0.24461,1
-1.9568,-3.0514,1
-0.51995,-3.9658,3
2.4653,0.99914,2
2.6708,-1.2345,1
2.8525,5.5209,1
0.60529,-0.53969,3
-2.0713,0.81266,3
3.2325,-0.23956,2
3.6245,2.8128,3
0.87116,0.14444,3
1.9431,1.5813,2
0.049591,-3.198,1
4.2008,2.1617,3
-2.5594,-2.1166,1
1.3523,-2.5037,1
-2.8206,-4.205,1
5.2949,-1.3601,3
-2.5525,-1.4521,2
0.82067,-1.5346,3
-3.7101,-4.1746,1
-1.2345,-1.9456,2
0.54961,-3.8723,1
-1.6512,-2.9689,1
0.41415,-2.3861,1
0.61286,0.38461,3
2.6087,-0.16322,1
1.0598,-0.97284,1
1.1039,2.8597,3
0.53147,1.9756,2
0.47727,4.534,3
-2.9208,-2.169,1
-5.1177,-2.6548,1
-1.4091,0.93635,2
0.7577,0.1129,1
-1.486,0.86094,1
0.12296,-0.58911,3
1.6695,0.47557,2
2.8009,1.7318,2
3.2795,-1.6166,1
-2.0418,-5.8397,3
0.5197,0.95821,3
-4.1179,2.8763,2
3.3642,1.8324,3
1.7632,0.8472,2
-0.68888,-4.3457,1
1.4526,0.7087,3
2.6452,0.70913,3
-2.8844,-1.2148,1
4.3373,1.5695,2
1.5845,2.8227,2
-2.069,-4.7052,2
-1.7941,2.6032,1
0.21688,-3.2375,1
1.6613,-1.2525,3
0.19702,3.2128,3
-3.725,2.6262,2
2.6976,-1.1991,2
-2.3675,-2.2372,3
0.68015,-5.0485,1
4.0604,3.2346,3
-1.2346,2.8594,3
0.60481,5.0025,3
-2.204,-1.8984,1
1.1528,0.20461,3
1.4375,2.8926,1
1.1255,-1.1511,3
1.534,5.4533,3
-3.0595,-0.2135,1
-0.43202,-2.9491,1
1.3239,2.2946,3
-2.3285,1.6518,2
1.0666,-0.75625,3
2.6697,3.3214,1
-0.75686,-5.14,1
-3.4189,0.78389,1
3.1068,-1.6592,3
0.4496,1.6494,3
-0.25246,-0.92164,2
1.6477,-1.0051,1
0.98602,2.5368,3
2.6422,0.22689,2
-0.50945,-0.060403,1
-1.4998,-4.0122,3
-3.0525,-0.12061,1
-1.2277,-1.8041,1
-4.2868,-1.786,1
0.34329,3.0932,3
2.7287,2.909,3
3.4184,0.3295,2
4.0504,2.4949,3
-1.264,1.9453,3
-0.47204,-0.89295,3
-2.8813,3.3211,2
-1.8388,-1.4016,3
-0.25109,-1.0578,1
1.282,-3.1594,3
3.8,3.0603,3
3.5981,-1.1148,2
-0.0029722,1.5997,3
-0.20901,0.5674,3
-2.4166,-3.3549,2
0.24721,-0.21411,2
-3.0961,-0.5891,1
0.30087,0.90241,3
-3.6855,-2.673,3
1.8867,4.3689,3
-0.82167,-2.4058,1
1.105,-0.82424,3
-2.716,-0.57246,2
1.3472,-1.3465,2
-0.85328,2.9673,3
2.7508,-2.4323,1
0.65469,-6.5587,1
-1.4521,-0.89704,1
-5.9119,-4.7768,1
1.9137,2.3319,3
-2.2793,-3.9189,2
-0.12795,0.20865,1
1.0767,1.3396,1
2.0982,-1.4845,3
-1.6122,-3.1981,1
-1.6792,0.86665,1
1.7944,-1.8423,1
-3.0485,-0.29832,1
0.99292,-1.3193,2
-1.5979,0.4211,1
-0.68081,4.1093,2
-0.98517,-0.60452,3
2.6721,-0.73458,3
-0.27701,-0.48066,1
-0.20943,-7.3652,2
0.99327,1.5606,2
0.57944,-1.8565,3
-0.72791,-1.1569,2
0.7035,-0.37761,3
0.83637,4.3787,2
2.4918,4.9794,3
-1.2329,1.3036,3
0.094735,0.28677,3
-0.53815,-1.4413,2
2.193,1.6372,3
2.897,-0.89001,1
1.8835,-0.07876,2
6.2483,4.3641,3
-1.1417,-2.7774,2
-3.1201,-2.1751,1
-1.4533,-3.2414,1
0.11935,-4.0707,1
0.73358,1.4837,3
0.22528,1.3763,3
-0.60111,-1.1172,1
2.6284,3.6174,3
-1.4442,-2.9931,1
1.6358,3.3637,3
2.2962,1.1237,1
1.0565,0.51846,1
-0.61861,1.1894,1
0.88797,4.8628,3
-1.5358,2.249,3
0.16805,-0.90271,3
2.5968,4.582,3
3.2396,4.3696,3
-3.438,-1.132,1
0.75742,-2.2719,2
-0.99262,-0.53271,3
2.1171,3.2744,2
-2.929,1.7288,3
0.38241,0.937,1
2.5847,-0.47344,3
1.3709,-0.48994,2
-2.5329,0.86574,1
-2.0989,-4.6751,2
0.58062,1.6016,1
-0.70478,-4.6205,1
-0.076416,-0.88307,1
-1.3413,-3.0979,1
1.0825,-2.9515,2
-0.30401,-2.6799,2
0.13425,4.3754,3
0.72971,2.3033,3
0.55654,-1.5998,2
-0.33014,0.65774,1
2.3391,-3.7727,3
-2.5744,-0.20943,1
1.9492,-3.2444,3
5.6609,0.2996,2
0.42946,0.35961,3
3.4237,-1.4118,1
-2.9884,-2.9047,2
2.1993,-0.70581,1
-0.85295,-2.28,1
-2.614,-2.8154,1
-0.75752,-0.13382,1
-2.0635,3.2186,1
2.3383,-0.027635,2
-1.0175,1.6935,1
0.27317,-5.8704,2
0.14374,1.7538,3
-6.6372,1.7112,1
-0.76668,-0.089213,1
-3.4111,-4.3232,1
0.32956,1.0379,3
0.55915,-2.8966,1
-1.5348,-4.4419,2
0.3267,0.09899,3
-2.0056,-1.6089,1
5.4939,5.8874,3
-0.81398,-0.85196,1
0.73655,1.8801,3
0.72517,0.42824,1
-4.1524,-4.5772,1
-1.6244,4.0186,1
-0.21386,0.43762,3
-2.18,0.45489,1
1.6058,4.4484,3
0.43996,3.2156,3
1.6266,3.347,3
4.5675,2.6868,3
-0.48518,-1.2321,3
-1.2907,-5.3203,3
-0.8438,-0.59785,1
-1.6784,3.5319,3
-2.3444,-2.9619,1
-1.4532,0.96986,3
0.80712,-0.36485,3
-0.79616,1.1159,2
-2.1257,-6.0727,1
0.42369,-3.2889,1
-1.2659,2.8235,1
-1.9261,-4.5295,2
3.0884,2.9679,2
2.3322,1.8053,2
1.1114,1.5974,1
1.5407,-2.849,1
2.7526,3.9405,3
-2.0007,3.9191,3
-2.61,0.17376,1
4.2383,4.389,2
0.91397,0.11914,2
-2.0008,2.2264,2
-1.7907,-1.1232,1
-0.35015,-1.9233,1
2.5841,1.4281,1
1.0108,-1.2286,2
-2.596,5.1241,2
-0.12898,4.0004,3
-0.06853,2.005,2
-2.7331,3.2497,1
-1.8264,-0.8,1
2.1858,-0.028839,3
-1.181,-2.4655,1
-0.64583,-4.3868,1
-3.2246,2.6334,1
-3.965,-3.037,1
-3.2453,-3.1267,1
3.3864,-1.3008,1
0.24761,-3.6054,2
0.37727,3.3193,2
0.86711,0.63454,3
1.3387,4.6768,3
1.7656,-1.2022,1
4.8065,3.803,3
1.4727,2.7469,1
-4.1516,0.48063,1
6.1692,2.2176,3
-0.78979,0.09768,3
-1.306,-1.5273,2
1.0492,2.3321,3
0.18773,1.0869,1
0.86107,0.37348,3
-0.67282,2.1074,1
1.4919,0.91566,1
-0.46269,-0.035591,1
3.9068,1.5022,3
-1.7137,-0.682,3
-0.33318,4.1978,3
0.18968,4.2687,3
0.57344,-0.69,3
-2.211,0.83756,3
-0.47227,-1.8026,1
-0.20075,-0.31148,1
-2.2072,1.8751,2
1.6189,1.5278,3
1.1706,-0.3269,1
1.0603,-1.947,3
-1.2972,-1.6996,1
-0.27467,1.8938,1
-0.79689,-1.5913,2
0.61171,-2.1693,1
-3.6453,-5.0265,1
-4.485,-3.2325,1
2.3582,0.32683,2
0.5017,-2.5185,1
-1.3569,-0.80961,1
0.10287,1.8519,3
-0.32423,0.083583,2
-3.4479,0.64953,1
2.8956,1.7223,3
-1.2525,-0.3238,1
-1.1571,-1.3364,1
2.8414,5.3125,3
-1.4505,0.86862,1
-0.15598,-0.89975,2
2.6719,-2.182,1
-0.11544,-2.6215,1
-1.8139,-1.9469,1
2.3446,-0.9945,1
-1.268,-0.53291,3
5.0413,2.5241,3
-6.5048,-3.8675,1
1.7111,0.83705,3
3.0308,3.5764,3
-0.19755,-0.62581,3
0.9234,-1.1869,3
0.12243,0.36829,2
0.56686,-0.91488,1
-2.4303,-0.16096,1
-0.72354,2.4304,2
-3.5304,-1.0689,2
4.7352,6.2187,2
2.4611,-3.2591,2
3.2386,-1.8628,3
2.7737,0.73377,3
-1.7181,0.38921,1
1.4688,4.3197,3
-2.4964,-2.1783,1
2.5111,2.0502,3
-2.5882,-5.1699,1
0.76997,-5.2123,2
4.2154,0.57381,3
3.4565,0.15626,3
3.3331,1.0756,3
-1.1908,4.3082,3
1.4952,1.4737,2
-0.40106,-2.3541,3
0.9557,3.3976,3
-0.34855,0.23237,1
3.1408,2.7815,3
-5.4719,-4.1719,2
2.4978,2.6094,3
-0.89687,2.9997,2
0.16573,6.6923,3
0.22378,2.4626,3
-1.3295,-2.3019,2
-0.47171,2.4675,2
2.5585,3.4656,3
2.6538,-1.8713,3
0.018967,-0.36173,2
-0.63041,1.1204,1
-4.2105,-1.5779,1
-1.0942,4.6499,1
-1.6443,-0.86085,1
1.8698,-0.74975,2
0.86985,2.6757,1
-2.6568,4.3252,1
-3.0987,-4.3082,1
-0.56945,-2.6557,2
1.5639,0.26054,1
-0.82281,-4.1257,1
0.021617,0.7597,3
1.8174,2.4618,3
0.72824,3.4583,3
-1.3472,0.06752,3
-0.72881,0.22872,3
-0.1075,-0.31122,2
1.2058,-0.67849,3
-0.8425,-0.4086,1
-0.094077,-1.4024,1
2.7269,-2.7523,3
1.7393,4.4563,3
1.8593,0.64977,2
0.9242,1.3032,1
-0.37178,-1.5185,1
-1.0017,2.2051,2
2.9512,-3.1329,1
-0.85882,-1.4263,1
4.364,-3.5426,3
-0.21166,-2.7453,3
0.080148,1.0482,3
-2.0999,-0.29182,1
1.6793,0.42248,1
-0.39555,1.5407,1
-0.17393,0.10222,3
-1.5424,0.78967,2
-4.9116,-2.4214,1
-0.7688,-0.32192,3
-0.81681,-1.2354,1
-1.2656,-0.71984,2
-0.72593,-2.9529,1
-5.0033,-1.4431,3
-2.5899,-0.78861,1
-0.29611,-1.0905,2
-0.24411,2.214,1
2.1645,0.90415,3
1.205,-1.9116,2
2.2374,2.6085,3
0.14582,1.5165,3
0.99628,5.7643,3
-0.1487,-1.758,1
3.1908,0.026235,3
-3.0825,2.757,3
1.9042,-0.78546,1
-2.9531,-1.5207,3
-1.9449,-1.4707,3
-3.4211,1.0936,1
-4.3034,-2.2002,2
-3.4419,-2.597,1
-2.8005,-3.9244,1
-0.77277,-1.0791,1
1.2937,5.7498,3
3.2786,2.7054,3
-1.7829,-3.0285,1
-2.9855,-1.4862,1
-2.9164,0.9146,3
-1.6637,0.33112,1
3.6564,-3.6909,1
5.0942,1.0691,1
-0.75378,-2.9423,1
0.10645,2.2572,1
0.18887,-1.0532,1
-5.4823,1.5637,3
-0.69202,1.0316,2
-0.71224,-0.56407,1
-0.13672,-4.2844,2
0.79815,-1.2614,2
-1.2584,0.092034,1
2.9385,-0.61625,2
4.2853,-0.67879,3
-1.975,1.2312,1
-5.9829,-2.2443,2
0.34463,-1.0955,3
-0.51427,-3.7261,1
0.96786,-1.0985,2
-4.1276,-4.6755,1
-1.2499,0.047711,1
-0.011099,-1.4432,3
0.68729,2.3604,3
2.0024,2.5629,1
0.94489,1.6139,3
1.6047,1.8509,3
1.155,0.93729,3
-5.6693,-0.36333,1
1.8123,-3.3123,2
-0.37823,1.0257,3
-1.4304,-4.0539,1
-1.7843,-0.76352,1
-0.19693,0.26056,2
0.71792,1.8585,1
0.42403,-1.9147,3
0.67898,-0.40122,3
2.1261,0.77401,3
-2.8325,-2.0323,1
3.9476,-0.27141,3
-0.0030352,2.5665,3
-0.31867,-1.4466,1
-1.323,0.6343,1
-1.4421,1.3198,1
-1.4729,-1.3611,3
-1.5682,1.8698,2
-1.3417,1.545,1
0.24709,2.5741,2
-2.6776,3.3764,2
2.8348,2.8958,3
0.98806,-1.6613,2
4.3481,1.1882,3
-0.42083,-0.1861,3
0.9464,-0.59412,1
2.5951,2.9025,3
-2.3053,-0.49158,2
0.47398,-0.8042,1
2.7116,2.6856,2
-1.6603,-1.9567,2
-1.0009,6.582,2
-2.5624,-0.33876,1
-4.4436,-1.6782,2
-3.1103,-3.6519,1
0.03969,2.3185,3
-0.44453,-0.30439,3
5.5591,1.8223,3
0.80797,3.1411,2
-2.2037,-1.1847,1
0.4289,-0.018302,3
-2.7335,1.6052,1
-1.1421,-0.48399,2
1.0623,2.0923,2
2.255,-0.81832,3
-0.46716,-0.60996,3
-2.7785,0.32293,3
-2.1169,-0.14175,1
2.1733,-1.8614,3
-2.8903,4.3038,3
-2.3308,0.26039,1
-3.1818,-0.91137,2
-4.8561,-3.7075,1
2.6037,-0.14931,3
0.52203,-1.883,3
-1.4665,-1.6252,1
-0.62521,-2.0265,3
1.9515,-0.434,1
-0.32566,-2.9483,1
-4.8847,-1.0646,1
0.48173,2.2847,2
-3.2342,-4.3462,1
0.11217,-1.7201,1
2.5661,-1.7258,3
-2.1212,0.32017,1
-0.92295,-1.8314,1
5.992,1.4138,3
-1.9442,-0.55572,1
-1.4716,1.1229,1
1.7866,1.3578,1
-2.649,-2.5103,1
-1.7932,5.4168,3
1.8107,-0.99601,3
-1.5032,1.0385,3
2.388,2.9175,3
-4.112,0.33461,1
-5.6781,-3.3744,1
1.0906,-1.4052,1
-0.17111,1.3333,3
-0.22059,-4.4513,2
3.688,2.4665,2
0.57556,0.75235,2
-4.594,2.8663,3
-2.1729,-1.7881,1
1.9453,5.3956,3
-0.31517,-0.8187,3
0.26394,-1.2085,3
1.3881,2.1124,3
0.87855,2.2693,3
-2.5978,1.3845,2
1.927,4.0297,3
-0.15329,1.9475,2
-1.1539,-0.84645,1
-4.7822,-1.4846,1
-0.25355,-5.1261,1
-2.4348,-3.0449,1
-0.45561,3.5875,3
1.0575,2.3226,3
1.3771,-2.8702,1
-1.4828,-0.7284,1
-1.2218,-0.35225,3
-0.67066,-2.1729,1
-1.7424,3.3731,2
-3.4046,-0.076518,3
0.5954,3.2349,3
0.40376,2.7822,2
-5.1776,2.7299,3
-3.2668,-0.23636,2
-1.0092,-5.0823,1
4.1842,1.8505,2
-2.6135,-7.1636,1
0.32496,3.7512,3
-5.4123,-4.0957,1
0.45968,2.5188,3
2.6125,0.017076,2
1.8098,3.7753,1
-2.8617,-1.2078,1
0.69424,4.037,2
-0.39819,-0.51409,3
-1.5749,-0.87261,1
-3.0315,-0.66939,2
0.85212,2.372,3
-0.44444,-2.264,2
-2.249,-1.7815,1
-1.432,-0.085123,3
-1.2853,-3.1541,2
2.5656,2.2725,3
0.010315,1.6238,3
-0.78423,-0.21068,2
2.9284,-1.7923,2
0.30673,1.0153,2
2.0756,1.7078,1
-3.5696,2.7928,2
-0.57925,-2.6304,2
-2.6961,2.7511,3
-0.21686,-0.32708,1
-3.8017,-2.0102,2
-0.68106,-0.36011,3
-4.1958,0.0052919,2
0.61341,0.54179,1
3.7147,0.6015,3
-2.906,-2.6247,1
0.181,-0.89729,1
-0.31898,2.4103,2
-0.45271,0.65948,1
3.0037,1.8822,3
0.69282,-0.10303,1
3.3339,3.9966,3
-0.46527,-1.3491,3
-5.4986,3.9015,2
-0.93151,-0.40631,1
3.3882,-3.954,2
-3.4278,2.4219,1
5.1707,0.12183,2
1.4304,5.2543,3
-2.1841,-3.5854,2
0.21509,0.75361,3
-0.63787,0.87195,2
0.15446,2.3078,1
2.0467,-0.87875,1
0.72838,3.0394,1
-1.5124,-3.4817,1
3.3111,-1.4649,1
2.1398,0.063475,3
2.7207,-2.1629,1
-2.6219,0.81883,2
4.2134,2.8918,3
-2.6375,-1.4125,1
1.855,-0.69715,3
-2.646,-2.7588,1
0.37033,4.405,3
2.2654,-1.9336,1
1.4523,-2.6906,1
1.4072,-0.85223,1
-3.4102,-3.5754,2
2.4185,-3.8992,2
3.8772,-3.8201,1
0.28918,-2.3692,1
-0.38609,-2.5037,1
0.93758,0.11438,3
-3.6043,3.2165,1
-1.5684,-3.2869,1
-2.3104,-0.1785,3
2.0106,4.1046,1
1.9808,4.201,3
-2.0267,1.4189,1
4.4406,0.38821,3
-1.6483,1.744,3
-1.5547,0.78028,2
1.1653,1.4557,3
-1.3747,0.89219,2
-6.3424,-1.3241,1
-2.2528,-4.142,1
-3.1671,-5.7378,1
-2.2363,0.87222,3
3.9013,3.5808,3
0.6523,0.31717,3
2.0942,0.63379,2
-0.33226,1.1589,3
-4.6636,0.10008,1
2.9751,4.3077,3
-2.9669,-1.8664,1
-2.0967,0.22515,3
0.46015,2.6041,1
-0.60475,1.1512,3
-3.1403,-3.4462,1
-0.58369,-0.82781,3
1.9401,-1.2557,1
1.3404,0.47887,1
-0.3936,-1.2716,3
-1.6518,-0.7869,1
2.2051,0.41609,1
3.5084,3.4497,3
-1.4112,1.5233,2
-1.7044,3.6039,1
3.4599,6.107,3
-3.0761,-6.2806,1
2.659,-3.9133,1
-0.4543,0.3716,1
-0.11881,-0.70755,1
2.5497,3.401,2
1.6776,-0.50945,3
1.6066,2.6177,1
-0.27173,0.3925,3
3.3314,1.367,3
-1.304,1.2693,3
-0.5877,2.7608,3
-0.28562,-2.7671,1
-0.74851,-4.8341,1
-3.8521,-1.7976,1
0.64075,4.0879,3
-4.883,-3.5248,1
-1.5203,0.45055,1
-1.7819,1.2044,2
0.61486,-4.9485,1
-1.4294,-1.4716,1
-2.1427,-4.2856,1
2.0929,4.3213,3
-0.21213,-3.6741,1
-2.1019,1.5611,2
0.411,-0.73865,1
-1.3467,-5.8246,1
-1.2301,-0.88628,2
-1.7389,-0.3519,2
2.2019,-0.076618,1
2.06,5.533,3
-2.4078,-4.4496,1
1.5392,0.28736,3
0.25772,3.7674,3
2.485,2.1309,3
-1.4001,1.0972,2
0.34912,1.9181,3
-2.6852,-0.81586,1
1.2782,1.6809,3
2.2867,1.409,1
4.2995,2.5647,3
-1.0176,-0.017093,3
0.14515,-0.75295,2
2.1169,-0.38627,1
0.17762,2.1471,1
-0.48549,-1.3856,1
1.2404,-1.1459,3
-0.72141,0.7785,2
4.6678,4.7701,3
-0.27615,0.4687,3
-3.0291,1.0149,2
0.60505,-1.4073,2
0.25887,0.64772,2
0.87196,0.8384,3
4.2853,-1.1187,3
0.47357,-1.8995,3
-3.265,1.3311,1
2.8318,-2.7895,2
0.96651,0.76092,1
-5.1694,-2.7117,1
-0.69888,-4.4508,1
-0.63255,0.92661,3
0.47933,-0.6928,3
3.2382,2.0895,3
1.1425,2.0203,1
-1.9834,1.6076,1
0.58709,0.0055489,1
-3.2495,-3.9106,1
-1.4854,-2.9109,1
0.72476,-2.8974,1
0.25679,-1.7144,3
-1.3713,6.2384,3
4.3268,1.0498,3
-0.37474,0.74891,3
0.15176,-3.7047,2
-0.98382,0.55738,3
-1.9632,-1.4139,1
-1.2419,-0.13061,3
1.4456,-1.1803,2
-0.74784,-1.3928,3
-2.0455,2.9821,3
6.8839,3.0305,3
1.0762,-1.4224,1
-0.45298,4.2402,1
1.4896,2.5078,1
2.1742,-3.2487,2
-0.11477,-2.1507,2
0.24869,-1.8805,3
1.4591,4.5992,3
2.5711,2.6971,3
-1.4502,-3.2178,3
-1.0426,-0.16365,2
-0.669,-5.2191,1
4.978,2.2567,3
-0.32989,2.1788,3
1.2978,1.0817,2
0.42341,-5.0909,1
-1.0988,1.3266,3
2.0798,2.1161,1
-1.5398,-0.28213,1
6.8898,0.33131,3
-2.2572,0.9574,1
2.5661,0.83618,2
0.39944,4.2318,3
0.16752,1.5995,3
0.1434,-1.5327,1
1.3823,0.17564,1
-4.2265,-0.38056,1
-2.8121,-2.5326,1
-0.35515,-0.53632,1
-1.7802,-1.0561,1
1.6831,0.13281,1
1.0872,-2.7754,3
-2.1791,-0.025592,3
-1.9781,1.0845,3
2.5064,3.7512,2
-2.1098,-2.1792,2
0.78522,-4.1582,3
0.91836,-1.0765,1
4.4633,-3.6719,3
3.6895,2.2186,3
-0.2176,-1.3788,1
-3.0367,-1.4785,1
2.505,0.9751,3
-2.9711,-1.9117,1
0.8917,-2.7899,2
2.0958,2.5465,3
0.26103,-0.67579,2
-2.1797,-3.8093,1
-3.7647,0.54169,2
0.59722,1.8709,3
1.2378,-0.25464,1
3.5553,-0.36571,3
1.4525,1.4763,1
-0.86005,-3.0538,1
-6.0581,2.8899,1
0.8565,1.429,1
4.2937,3.4068,2
-1.7517,-3.2883,3
-1.2813,3.8669,2
4.2142,4.041,3
0.036261,2.6228,1
3.5653,0.14359,3
2.1381,-2.4982,3
-3.3008,-3.3095,1
0.61138,-0.72137,3
1.8226,1.0591,3
-5.094,-1.2328,1
1.2455,1.8539,3
4.4284,2.795,3
1.001,-3.1603,3
-3.3751,0.58403,2
-2.4016,1.2992,1
2.8553,-0.34611,3
0.51105,-2.4708,1
2.6787,-0.43697,3
-0.17354,-1.0614,2
-2.6216,0.69271,3
-2.1432,-4.3853,1
0.038398,3.2211,3
-0.48034,0.047321,2
4.1648,2.8524,3
1.2154,0.16782,2
0.042743,3.4704,3
1.9059,-2.8328,1
1.2351,0.80364,3
3.6006,0.23783,2
-4.8248,-1.108,1
-3.6879,-4.2283,1
1.2431,-1.5144,3
-3.0347,-1.8404,2
-0.50022,-3.2497,1
-0.10911,0.94617,2
0.9465,-1.8843,1
3.614,0.13326,2
0.84418,-1.3852,3
-1.1022,-0.82404,2
-1.6295,3.7374,3
0.2721,-2.7737,1
-0.62984,-2.3603,1
-2.8668,2.0879,3
3.1984,-1.894,1
1.5557,3.2019,2
-3.4503,3.8823,3
3.1427,-0.85936,3
-3.7778,1.6242,2
-1.6334,2.9897,3
-0.6619,-3.835,1
2.4318,1.5768,1
1.1012,1.1803,2
-0.26567,2.9096,3
1.2902,1.8749,3
0.73337,-1.7262,3
3.0557,1.6338,3
-3.9536,0.23664,1
-2.131,-2.5539,3
-2.8999,-3.0879,1
-1.7153,-0.071307,2
-2.771,-1.1991,1
0.40992,-1.6747,3
2.3251,2.2161,2
-2.0852,-1.237,1
1.4486,0.92124,1
-3.3052,2.5891,3
-0.78777,1.7002,3
0.26012,2.9585,3
0.10214,-3.9853,2
1.9804,6.093,3
-2.6288,-2.8615,1
0.017995,1.9427,3
-0.42956,-1.2393,1
-2.2823,0.99682,3
-1.9649,3.3332,3
0.72163,-0.53675,2
2.0245,0.13533,3
-0.51611,-5.206,1
-1.7472,-0.33262,3
1.9534,0.40305,3
-2.0699,-3.2625,3
-1.7938,0.44143,1
0.82427,1.8872,1
-1.5252,1.0131,3
1.161,-0.78347,2
0.44427,-2.1959,1
-2.8497,-2.5279,1
2.5838,0.02762,3
3.0616,2.5786,3
-3.9394,-2.303,1
0.50401,2.3378,3
3.0068,0.4609,3
0.96974,3.1831,2
-1.2636,-0.090585,1
0.20224,-1.3727,1
1.3061,-2.378,2
-3.468,-2.5362,1
-1.4993,1.9643,3
-3.4936,-0.65997,1
2.3429,0.30915,3
-1.9909,-5.5524,1
-1.8539,1.7472,3
-0.19011,5.2033,3
1.0837,1.1685,3
-0.65056,-1.1009,1
3.583,2.766,3
-1.3635,-1.5063,1
3.3074,-1.2437,3
0.0046721,2.0092,1
2.652,-1.8215,3
3.0794,1.4478,2
2.9154,1.7371,2
-0.86148,-2.0954,2
0.93971,0.28251,3
-0.32403,-3.0145,2
-3.2196,-3.6487,2
-0.46584,2.1154,3
2.1159,0.4079,3
-1.4102,-5.6112,2
0.85184,-4.9605,3
1.4933,0.36239,1
-1.7675,-1.8146,1
4.2407,-2.7099,1
0.21292,0.4498,1
-4.717,-0.79692,1
0.31956,-0.24348,3
0.38434,0.9955,2
1.9542,-0.8756,2
-0.49911,-3.707,2
-1.7561,-2.1235,3
-4.2423,-0.14653,1
1.3844,2.3788,2
-1.9636,-0.64943,1
1.704,0.38275,2
3.8355,4.8014,3
1.3243,1.5485,3
-0.61827,-0.093395,1
-7.5223,-4.4627,1
1.7526,-0.89612,3
0.79129,0.7152,2
1.2215,-2.7612,3
-3.8852,-2.6477,1
-0.5836,0.23475,1
1.241,1.9147,2
4.1643,0.66232,3
-1.795,0.9901,1
1.5561,2.4521,3
2.5185,-3.563,2
-1.9257,0.75208,3
-1.2029,-5.2666,1
0.17185,-2.3787,1
1.263,0.99264,3
2.2099,0.4316,2
2.4119,2.3074,3
-3.9295,-2.481,1
0.18202,4.9603,3
-4.7784,-3.9852,1
0.02717,0.98099,1
1.6243,-0.74616,2
-1.0926,-2.398,1
0.79541,-0.11349,1
4.1629,1.177,3
-0.6667,-2.9135,3
-0.57495,-2.9699,1
0.22441,1.8518,3
0.18834,1.3227,1
0.79162,-1.9037,3
1.9632,0.86863,3
0.85949,5.4636,3
-0.80027,-1.6736,1
-1.6821,-0.012446,1
-4.0187,-3.4838,1
0.14055,3.1977,2
1.1884,2.2179,1
2.9571,1.981,3
-4.9924,-3.6943,2
-1.9284,-2.6042,1
-2.5936,2.2043,2
-1.3671,1.5703,1
1.9943,-1.6737,1
-1.2972,-3.6662,2
0.48094,-1.1757,2
0.23416,-2.1467,1
2.0586,-0.79556,3
2.844,2.4324,2
1.7856,-1.1048,3
-3.1447,-2.8292,1
1.2749,-1.8525,1
3.1279,1.8842,1
3.1148,-0.56209,2
-1.6674,-4.0666,2
-0.098575,0.25328,3
0.7805,-2.6083,3
2.5763,-5.271,3
-1.3032,2.0328,3
-3.0099,1.5047,1
-4.2923,2.0133,3
-0.16546,2.6697,1
-2.2151,-0.1765,2
-3.2706,-2.342,2
-1.0567,2.4765,3
-1.2543,-0.6709,3
4.1642,1.9107,1
-1.1809,0.10074,3
-6.1069,-3.2521,1
-2.5381,-3.5652,1
-1.0447,0.44722,1
-0.84388,1.6272,1
1.2085,5.1299,3
-1.8944,-1.9533,1
-1.2119,-0.29844,1
-2.0433,-4.8016,1
-2.1266,-2.1698,1
5.2244,-1.1967,3
-1.9993,1.4935,3
1.8427,3.4436,2
1.8825,-2.3459,3
-1.199,0.081276,2
1.0345,-3.6841,3
-3.6817,1.5561,1
-4.923,-1.9556,1
1.4472,1.631,2
1.7534,-1.1358,3
0.74808,-2.1128,1
-1.7807,-2.0817,2
0.76647,1.2212,3
2.0861,-0.56925,2
0.56868,0.41122,3
1.334,4.8206,3
-3.2175,-0.33299,2
-1.1995,0.30057,3
0.90622,0.10066,3
1.5316,3.13,3
3.3054,2.6424,3
-0.63494,0.93624,2
-5.4227,-1.6556,1
0.0030839,-2.0704,2
-0.22405,1.8542,2
4.27,-1.9847,3
-2.6669,0.057383,3
1.964,1.7373,3
-1.2175,-2.1602,1
1.817,-0.8016,3
1.753,4.6833,1
0.36369,0.11381,3
0.80437,-0.36486,2
0.29507,0.25385,2
-1.6025,-1.0058,3
-0.32587,-1.5769,3
1.1802,-0.8818,1
-2.0622,-1.653,1
0.40338,0.91523,1
4.0063,4.9696,3
-3.6237,-1.9151,1
0.18434,-2.2224,2
1.5716,1.7503,3
0.36827,-2.0413,3
-4.5653,-2.9239,1
-2.0355,0.51776,3
-1.8338,0.41932,2
2.9501,4.841,3
-3.4959,-4.707,1
-2.0488,-1.8829,1
2.1544,0.61246,3
2.1836,0.76151,2
3.6253,4.6614,1
0.59494,1.5863,3
0.65465,-2.1305,1
1.7469,0.93528,3
0.41405,-2.9289,2
-0.14784,-3.7234,1
-1.2523,2.0487,1
-2.9821,-0.89038,1
0.58614,-3.1709,1
3.1663,1.3951,1
-1.1091,-2.6543,1
1.2202,5.037,1
1.7671,1.4056,3
-2.0587,0.18116,1
-2.9729,-1.4506,1
-1.8799,0.65022,3
0.70051,3.4892,1
5.1566,4.5347,3
-0.49676,0.94748,3
-2.485,1.7002,1
-1.4004,1.3468,1
2.3179,0.39515,3
1.2579,2.624,3
1.9043,-3.5627,1
-2.2244,1.8421,3
-1.2454,-2.2621,3
-0.21119,1.8302,3
0.54909,-3.7175,1
-1.6935,-0.73984,1
2.1717,1.9321,3
-3.3184,-1.7856,1
-0.8235,5.5446,2
-3.427,2.1294,3
2.3513,-0.79207,3
-4.0797,-0.42988,1
-2.2252,-2.431,1
2.4766,3.6293,3
-1.4695,0.7684,1
-0.18228,-0.57468,3
1.1622,1.6103,2
-0.38567,1.6369,1
-3.05,1.9922,2
1.6272,0.62098,3
0.32687,-0.517,3
-2.6193,2.314,1
1.6457,4.4646,3
-0.3064,3.3476,3
-4.4416,-4.5181,2
-3.4267,-3.5892,3
0.56798,-1.9917,2
3.3953,-1.0005,3
1.7416,-1.7769,1
0.31252,-0.025954,1
-3.361,-0.49503,1
-2.7813,-1.4053,2
2.7649,3.5914,3
2.9462,1.9357,2
5.1326,0.94104,2
-2.0049,1.2183,2
-2.324,-1.2342,2
-1.8092,1.6145,3
-2.1923,-5.0205,1
0.83942,-1.6717,2
4.3955,0.018243,1
-0.045853,1.8354,3
2.8032,1.5347,3
-2.3346,-3.1472,1
0.98526,-4.022,2
-0.8736,2.557,2
0.80452,0.0023135,2
2.5854,2.9017,3
0.0454,2.2196,3
0.39664,-1.5303,1
-1.821,-0.69907,2
-2.6696,-0.96294,1
6.5988,3.774,1
-1.3161,-2.7653,1
-0.18216,2.7529,3
5.1636,4.1659,3
-1.5995,-1.5382,1
-0.32285,-0.27399,1
-1.9074,-0.77095,1
1.9729,3.5499,3
-4.3671,-2.2892,1
-1.7615,-0.81598,2
-2.6289,-2.9197,1
-2.1618,2.2648,1
-4.0323,-0.55097,1
-0.80624,2.2314,1
-5.6615,-0.64599,1
-2.0911,-1.3174,1
2.2537,1.4574,3
-0.90687,0.77488,1
-2.1435,-2.0537,1
-1.1738,-0.019626,1
0.15146,4.7361,3
2.278,-2.8865,1
-0.86332,2.1473,2
-0.68651,0.18435,1
-2.7032,-1.5206,1
1.4785,-0.88189,3
2.0478,2.1847,1
0.33287,3.2615,2
0.52909,-1.6279,1
-2.1861,0.10745,1
2.6693,-0.9411,2
-0.5455,1.1141,2
2.106,-1.002,3
1.6741,-1.7084,1
-3.1831,-2.4638,1
2.9028,0.22597,1
-1.3335,0.84857,2
-0.76502,2.0056,2
1.4943,-1.0289,3
-2.4356,1.0305,3
3.3391,2.6502,2
-0.27382,-7.5663,1
2.0741,-1.2271,3
0.32086,2.2102,2
-0.76434,-4.172,1
-1.6489,1.9356,3
0.95014,4.5874,3
-2.3494,0.33381,3
-0.8363,-1.1462,1
-2.4818,4.2421,1
-2.5765,-2.8506,2
2.42,-1.7511,2
-1.2766,-1.9156,1
2.0589,-0.16597,1
-2.5511,-1.9005,2
-0.32074,1.3927,3
0.47984,1.6254,2
2.7816,1.5176,3
-2.1533,-3.3216,1
0.77189,-0.61212,3
3.3345,0.32154,3
0.77298,1.6871,3
-0.61051,2.2848,2
-1.2955,0.88565,3
0.24303,-2.4033,1
-2.402,-0.16683,1
2.715,-3.3478,3
0.51533,-0.68907,2
-0.032265,-2.21,1
1.7004,1.5992,3
-1.8777,-0.36677,2
-1.8888,-0.39845,3
-3.5362,0.3535,1
-0.37697,-1.8771,3
0.31486,-2.9132,1
5.5609,2.0809,3
2.3268,2.4169,3
0.089432,-1.9792,1
-3.6244,-3.1933,1
0.055726,-0.38466,1
0.62103,-0.98196,2
1.7297,4.5531,3
2.4914,2.9862,3
-0.80674,-0.11745,3
1.2065,0.17449,1
0.44414,-1.0543,3
-2.4925,-1.3819,3
2.12,3.3018,3
3.4826,-1.9737,1
-1.0418,4.0863,2
-3.2488,1.4716,3
0.55322,-3.6755,1
0.26802,0.61724,1
-0.61697,3.6305,1
4.1344,1.0243,3
-1.3712,-1.039,3
0.51561,5.9766,3
3.197,-2.7711,1
-1.4523,1.2895,3
1.2583,0.33593,3
-1.4609,-0.2222,3
-0.96556,-0.065127,2
-4.9313,-1.3839,3
-2.7251,0.49392,2
-1.6282,1.0093,1
-1.0332,0.45981,3
1.1211,-1.6357,1
-0.29553,1.3731,2
3.6304,0.67268,1
1.215,2.4082,3
-2.379,1.6395,3
-1.4012,0.33334,3
0.51385,-4.167,1
1.3188,3.0443,3
-1.0596,0.54721,2
3.2617,3.9602,3
0.87233,0.26597,3
-1.8182,4.4825,3
2.1706,4.4154,3
-2.2715,-0.57159,2
1.3066,-0.1311,2
1.4067,-0.15242,3
6.6555,1.5361,3
-0.29986,2.7957,3
1.6761,1.0359,2
-3.8869,-0.69027,1
-1.4767,1.9591,3
-2.1058,-4.1853,1
0.85817,-0.25331,1
-4.2019,-3.2376,1
-0.84835,-0.19289,1
-0.96585,0.30921,2
0.68759,0.039181,1
0.91277,-0.3439,1
-5.2378,-1.4138,1
1.1326,2.9527,3
2.9529,-0.66593,2
1.2524,3.9157,1
2.1842,1.7353,1
-1.9082,-0.81345,1
-5.3298,-1.382,1
2.0787,1.7838,1
2.44,-1.3251,1
2.7374,2.8629,3
-2.9243,-0.36554,2
5.3027,1.5542,3
-3.5444,-1.8145,1
-3.4702,-0.56275,3
-2.9726,0.11306,1
3.0294,1.5405,2
-3.6952,-5.1133,1
-4.1262,-2.8208,1
1.1963,-0.3791,3
-2.3544,-2.2523,1
1.3994,0.66871,1
-1.9998,-5.4656,1
0.47538,2.8766,3
-1.7582,-0.88638,1
-2.5468,2.3091,1
-3.2239,-0.0406,3
-2.0449,1.9152,1
3.4724,-0.18682,1
-0.26781,0.088304,1
1.4332,3.8462,3
1.3878,8.4064,3
2.4629,2.4071,3
-0.081356,-1.416,2
4.0904,-7.2352,1
1.4204,-1.3054,3
-0.89666,-1.1986,1
0.60893,-2.1953,1
0.7141,3.2037,3
-1.7435,-2.1917,3
0.30102,-1.0992,1
-4.5092,1.2905,1
0.052221,-3.2205,1
1.4782,-0.99225,3
1.4382,-1.5634,2
-2.6755,1.5416,1
-0.20212,3.6426,3
1.0468,-2.8355,3
-3.3688,-1.5875,1
-1.5867,0.067083,3
-2.2059,-1.9902,3
-2.4678,-3.6152,1
2.198,-0.68099,2
0.36823,-0.81814,1
0.018127,0.96951,1
2.2633,2.3322,3
0.80459,6.3089,3
0.61883,-3.0983,2
2.1832,3.0052,3
-0.0013499,2.3512,2
-3.8035,-4.2384,1
2.7686,0.50955,2
-0.44732,0.30304,1
0.82034,0.48171,1
0.8753,3.5722,3
6.1344,1.7466,3
-0.61683,-2.9727,1
0.17413,-1.2215,3
-0.20997,1.9252,3
1.4156,-0.46404,3
1.1508,3.0985,3
-0.46842,-1.1438,3
-0.26031,-0.74371,3
1.4627,-2.8666,1
0.63173,-4.3941,3
3.0976,-0.52282,1
3.3376,-3.1162,3
-1.6258,1.8792,1
0.73411,1.6721,2
0.09975,1.6601,2
-0.85484,2.4831,2
-1.7136,-2.1216,3
-2.7232,-1.7617,1
-0.65192,-0.2556,3
1.4406,1.5901,3
-1.2983,-2.6077,1
0.28746,0.63674,1
0.88039,-0.85938,2
0.37642,2.8418,2
-3.9837,-1.441,1
0.058677,-1.4645,1
-1.8244,2.5723,3
3.641,-1.9876,2
2.3655,-0.8901,3
0.47091,1.0919,1
0.14878,-0.90379,2
-0.48622,-1.8437,2
-1.8465,1.2816,1
0.010654,-1.4263,1
1.9208,1.6005,3
0.47609,1.0417,3
4.3326,1.7411,3
1.2973,1.4565,2
-1.5854,1.7889,3
1.4538,2.3106,1
0.54372,5.087,3
-2.6821,1.8077,1
-0.37109,-1.6526,3
-0.0059194,0.61667,2
-2.7837,1.9753,3
0.81507,0.382,1
6.5001,1.7146,1
1.4714,0.34636,2
4.7222,0.98041,3
1.8245,1.9263,3
0.67045,2.805,3
-1.9125,1.2651,2
2.7769,3.5255,3
-1.5169,-1.4671,1
-2.1896,-2.9819,1
2.4843,-0.30329,3
-3.8236,3.2594,3
2.769,1.9081,2
-2.6488,-4.3616,1
1.7204,0.52819,2
5.6122,4.3913,3
0.86209,-2.2823,1
2.3547,2.1447,3
3.8343,2.9505,3
1.222,0.10777,3
2.2735,4.4723,3
-1.8256,-2.4833,1
2.9838,1.3918,3
-3.4358,-2.0837,1
-1.8356,1.9452,3
0.20893,1.156,1
3.054,3.8688,3
-7.588,-7.2226,1
0.37761,-0.17031,3
2.5937,-3.3297,3
0.90032,1.2344,3
3.7565,1.5984,1
-2.1949,-0.2777,3
6.2755,5.5151,3
4.1368,1.9926,2
0.30382,0.32637,3
-4.0636,1.6037,3
1.3177,-1.3818,3
-0.74475,0.93786,2
-4.4135,-5.6397,3
1.3034,3.3296,3
-2.8986,0.43865,1
5.2476,-0.42483,3
1.7763,4.5077,2
-0.15119,0.61991,3
0.57362,0.47358,3
1.8714,2.4091,3
3.3059,1.6923,3
2.5154,-4.2136,1
-3.5265,-2.4874,1
-1.8769,-2.9359,1
-1.9552,-2.0453,1
-0.95696,0.16528,1
4.0622,2.2584,3
-2.2248,2.2545,2
1.3915,-4.8774,1
2.5431,0.38562,3
0.49388,2.2555,3
-0.65368,2.7433,1
-0.68687,1.3738,3
1.3493,-2.2391,3
0.8825,0.59104,2
-0.73077,-1.0506,3
-0.076153,1.021,1
0.77978,-1.2202,3
-0.69926,2.5542,2
5.0416,1.3237,1
-2.0423,-0.94544,2
-0.044285,1.8375,1
0.25517,0.15521,3
-1.899,0.32672,1
-0.11714,1.1424,1
-1.1333,-1.7724,2
0.56453,-1.6433,3
0.53574,5.6797,2
-0.91666,-0.32965,1
-0.77668,-1.5047,3
-1.2897,2.0898,1
-0.94052,2.2688,1
-1.1409,-0.093979,3
-0.24186,-1.1077,1
2.8772,0.497,2
-0.69464,-3.5579,1
-3.4265,-2.0038,1
-1.2505,-2.7486,1
3.9633,0.67982,3
-1.0939,0.25572,3
-0.48664,-1.6123,1
-1.4833,-2.8602,2
0.5576,1.5517,1
0.80666,0.71901,2
2.1158,0.97462,3
3.8605,1.0613,3
1.433,-1.5734,3
-0.46221,-4.0303,1
3.698,0.20411,3
4.118,-0.50574,3
-4.1693,0.73041,3
-1.2579,0.59168,3
4.2426,2.1149,2
3.8098,4.8344,2
5.134,0.12219,3
-1.1874,-2.6759,1
-2.2932,0.71028,1
0.34005,-1.5956,3
1.4772,1.3018,3
-0.85693,-1.9101,2
3.5138,-0.39607,2
-2.1245,1.3952,2
2.908,-1.9188,2
2.2227,0.97695,2
-2.0916,-2.086,1
3.536,-0.86708,3
2.0393,1.8431,3
2.8524,2.9233,2
-2.0274,0.3361,1
0.45724,3.9223,3
1.3122,-4.4534,3
-4.5549,-2.7766,1
-0.14053,-3.1088,3
0.31468,-0.30548,2
-0.16425,-7.6491,1
-4.1916,-1.6629,1
-0.058016,-3.1347,3
-1.7318,0.59309,1
0.49397,-0.65356,1
4.3361,1.4978,3
-2.2916,-4.2328,1
5.2324,0.88511,1
0.64215,1.7699,1
-1.3904,0.049153,2
2.0666,-2.6876,3
-2.7,0.24259,3
1.3973,0.34615,2
-0.30294,1.528,3
-0.63324,-2.5198,1
3.594,-1.7264,3
1.4077,-0.14258,2
0.48898,-2.1643,3
1.0618,-1.6648,1
-1.5159,-0.059589,2
-5.5801,-2.059,1
-1.649,0.26956,3
3.0678,-1.2401,3
-0.86364,1.2119,2
3.7943,1.1849,3
1.9663,-0.5062,3
-2.3014,-1.6103,2
-0.76741,-0.92014,1
-0.82539,3.6065,1
0.98739,-0.28747,3
0.097945,0.86297,2
1.5777,-1.1923,2
-1.5424,-4.3197,1
-0.21746,-0.14749,1
2.3186,5.7077,3
1.706,-0.66967,2
-1.5679,2.0808,1
2.0234,4.1943,3
4.0229,2.0965,2
-2.369,1.9374,3
0.72121,-4.244,1
-1.5971,-0.50465,1
1.9863,-2.987,1
-4.9813,-0.34723,1
-0.96552,4.2892,2
-4.0505,2.2327,3
-1.4014,-0.52879,1
-3.7809,-5.9419,2
0.18606,3.1814,3
0.25659,0.5296,1
1.5588,4.4048,3
-0.90388,-2.4508,3
-2.6397,-0.9213,3
-2.5878,-0.69823,1
0.88574,3.6749,1
-0.55223,1.1761,3
-2.5613,-4.4878,1
1.6467,2.913,2
-2.3727,2.4273,2
1.188,0.97715,2
-2.1699,-6.8864,1
-3.6575,-1.723,1
2.8505,-1.1548,2
-1.8716,-3.4475,1
-1.3007,-0.52198,2
-1.524,-0.21694,2
0.78611,2.6623,3
1.6876,1.5478,3
-2.0249,0.044118,1
3.0524,-0.59515,1
-1.4402,0.94984,2
-0.73069,-4.831,2
-2.0272,-1.4227,1
-0.5651,1.3487,1
0.62661,-1.0556,2
0.24522,2.0402,2
0.66598,2.7154,1
-4.8729,0.89326,3
0.99938,-3.4343,3
-2.1841,-0.75536,1
-1.4415,-3.9924,1
0.81301,-0.30906,1
0.063971,-0.52001,1
-0.87112,-0.53269,2
-2.7078,-1.1815,3
0.55917,-2.7597,2
1.4918,4.3653,3
-1.4943,-0.64644,1
5.1254,0.7106,3
3.9976,-1.8895,1
-1.2573,-2.3665,1
-1.5188,1.4608,1
-2.2296,-0.51952,3
2.4739,4.1956,3
1.7405,4.9405,3
4.4501,1.6117,3
-0.027933,0.53984,1
-2.612,-0.82605,1
3.033,3.1391,3
0.24809,2.6439,3
-4.5312,0.84346,2
0.942,-1.0653,3
-2.9074,-2.0697,1
1.7336,2.7887,3
1.584,4.9857,3
1.6947,-3.1925,1
0.48024,2.9488,1
-3.0743,3.9482,2
-2.1255,-2.629,1
1.653,3.0597,2
-2.876,-1.9799,3
-2.0728,-1.1979,3
0.42364,-0.27595,3
-1.5638,2.007,2
-1.0012,0.99467,2
-2.5773,-0.2838,3
-0.90788,-2.0041,1
-3.9545,0.82628,1
-1.5639,-0.8819,1
-2.5788,-4.0034,1
3.8164,0.22432,3
2.2726,-0.96447,3
0.95683,-0.85644,3
0.14681,-0.13532,3
0.52466,0.53749,1
-5.9708,-0.8083,1
-0.86927,5.4752,3
-4.0094,-2.1905,1
1.337,-3.996,2
4.7332,-1.8609,2
5.6119,3.7151,2
0.88708,1.086,1
-1.9762,-0.92777,3
0.72906,-0.84987,2
-1.7762,-3.376,1
3.2246,-0.34245,2
-1.3738,0.54832,3
0.092563,5.282,3
2.0908,1.9244,3
4.1805,3.9598,3
-0.90675,-4.0069,1
1.1929,1.7597,3
3.802,1.8161,1
-3.8594,-3.5455,1
0.2855,3.7217,3
-0.61911,-1.8611,3
5.6602,0.39851,3
1.6188,1.0772,3
2.9416,0.52765,2
-1.2025,-0.037793,3
-3.9013,-3.3061,1
-0.18589,0.67275,1
-0.94416,0.035332,2
2.0876,0.44344,3
0.23259,1.8979,2
0.76992,0.41776,3
-1.6501,2.0476,2
-1.1784,-1.37,2
3.6676,1.3144,1
0.34828,-0.23511,1
-0.9858,-5.645,1
-4.0749,-1.9554,1
-3.1121,0.96714,1
-1.297,-2.182,2
-1.7988,-5.9836,1
0.44483,-1.1131,3
-2.8503,0.80208,1
0.61175,-2.7611,1
1.5577,0.95494,3
-2.7473,-0.27827,1
0.017949,-1.642,3
-1.1732,-1.4489,1
2.0872,1.0339,1
-1.7852,1.092,2
2.5543,-3.7601,3
1.29,-3.4153,1
2.1601,3.1044,3
1.9755,0.80261,3
0.44602,-0.72893,3
-1.0652,-0.38327,3
1.0918,1.4379,3
-5.262,-1.4228,1
-0.61064,-3.1873,1
1.5862,3.3194,3
1.0679,-1.6534,1
1.8655,2.5059,2
0.57993,4.2727,3
-6.4236,-4.8345,2
5.7447,-0.5464,3
0.82648,-0.15045,2
-0.76458,1.2405,2
1.8718,1.133,3
-1.6853,-1.9307,1
0.19371,-1.731,2
2.5506,-0.65604,3
1.2218,0.69943,2
-1.2594,-4.1306,1
1.4288,2.0241,2
0.29275,0.27898,3
1.1163,-3.6037,1
-2.8846,3.8476,3
6.3311,7.2384,2
-0.85816,-0.48791,1
0.75276,-0.84414,2
-6.4121,3.2796,1
-0.79896,-1.2396,3
1.357,-0.98678,3
2.6,3.5817,3
-0.46852,0.45113,1
1.1349,1.4556,3
2.7653,2.6991,3
-0.6687,2.2357,1
6.4014,-0.71251,3
-4.6876,2.4327,1
4.6711,6.9586,3
0.30985,-2.2202,1
0.69522,-0.73958,3
-2.7775,-0.77304,1
-1.3522,1.0556,2
-4.0717,-4.0623,1
3.0931,-0.57607,3
-0.31474,1.5463,1
-1.3343,-4.469,1
-1.8958,-2.0875,2
-3.4707,0.5635,1
0.92965,2.3142,3
0.82986,1.9791,1
-1.8198,-3.1182,3
1.9022,0.90847,3
1.169,3.9783,3
0.4949,-1.2362,1
-1.9441,-0.87832,3
0.30374,-2.4315,1
-1.5947,1.7289,3
-3.4064,0.4656,1
2.3845,4.8163,3
-2.5841,-4.0853,1
-1.5376,2.1747,2
-2.3324,4.237,2
0.34226,0.37547,1
-2.0807,-4.2397,1
2.0405,3.4268,3
3.4742,2.6879,3
-2.7429,-2.9779,1
2.4021,3.7163,3
-1.6239,-0.46389,1
2.4527,4.9239,3
-0.33057,-3.6747,1
3.5748,2.05,2
1.6541,5.0012,2
0.19726,-1.7619,3
-1.6471,-1.9165,1
2.9815,5.4836,3
-2.1091,3.673,2
1.669,1.8306,3
-3.9911,0.95229,2
1.2946,1.2177,3
5.4493,3.2496,3
1.6305,-1.3319,3
-0.78649,4.9646,2
-0.90373,-1.0662,2
-0.94706,-0.5905,2
0.22049,1.557,1
-2.4333,0.036611,2
-0.68782,-3.534,1
3.4715,-1.688,1
0.15346,0.71912,2
4.6544,-2.6384,1
2.1375,0.49353,1
-0.17492,1.5241,3
-2.0225,-7.8416,2
0.78195,1.8376,1
4.0026,6.1424,3
1.0142,0.12903,2
5.2464,2.7886,3
0.02138,1.6965,3
-2.4541,-2.974,2
-0.82961,0.991,3
-0.16112,2.2302,1
0.96744,1.7021,3
-3.4794,-3.7042,1
3.9414,2.174,3
1.3141,-1.5351,3
2.3859,1.1638,3
-0.83117,1.4849,2
3.5381,4.8938,3
0.70874,-0.39164,3
1.4688,3.559,3
0.86255,1.6281,1
-4.4897,-6.1056,1
-1.2221,0.75246,1
-0.089207,3.412,3
0.041326,-0.65831,2
0.84252,-0.20023,1
0.61655,0.27269,3
-2.2457,-3.6772,2
2.4773,-0.96275,2
-1.2298,-0.632,3
-2.3249,-4.6845,1
-3.6314,0.11297,1
0.16808,3.8646,3
2.1779,0.1043,3
1.2232,3.0824,3
-1.9394,0.41889,3
2.4755,-1.6897,1
0.81881,0.22288,3
-0.44126,3.8851,1
-1.7483,-1.9103,3
0.8737,0.60978,3
0.9431,-1.2574,3
-2.6782,-0.036475,1
-4.0135,-1.3848,2
-1.564,2.3646,3
1.8724,-1.3518,3
-0.6689,-4.3584,2
-0.23254,2.2246,3
-0.90368,2.3511,3
-2.0867,-1.3744,1
2.754,-0.19457,3
2.6768,-0.088083,1
-3.5656,-2.6375,1
1.0944,0.45799,1
-1.2739,-0.89893,2
1.0385,-4.6106,1
0.54471,1.8874,3
0.54506,0.41135,1
-1.6062,-2.5857,2
-1.171,1.2809,3
1.1907,-2.9945,1
-2.3631,-6.0444,1
-1.2643,-0.8009,3
2.0779,0.6754,3
0.60194,3.5583,3
1.3668,2.384,1
-0.33398,0.92846,3
1.333,4.1197,2
-1.6141,-1.3621,3
4.6834,3.0926,3
3.7018,-1.3137,1
4.0815,-0.86774,1
1.7281,-2.9251,1
-3.3203,-0.081396,2
1.3459,3.3009,3
1.2363,-2.305,1
1.2855,5.9599,1
-3.0123,-1.5198,1
1.9686,1.3005,1
4.6382,2.1135,3
2.1094,1.0287,3
0.53455,0.58001,3
0.23017,4.6442,3
-5.2138,0.030497,1
-0.59389,0.46697,3
-2.1929,-0.17139,1
-2.7366,-4.7825,1
0.17757,0.50673,3
-2.0266,0.24646,3
-0.47521,-0.8371,1
3.2095,-0.6288,3
2.0963,0.38015,2
-0.76854,-0.005352,1
1.3257,-0.72141,3
-1.6712,-4.0024,3
-0.73742,-2.4836,3
3.1348,-1.8385,1
-3.7448,-6.035,1
-0.2252,-0.24938,3
6.4415,1.8145,3
0.097811,1.5692,3
5.441,-1.7458,1
0.29751,0.18132,1
1.4577,2.4342,3
1.6609,1.9858,1
1.0186,5.256,2
2.0652,1.5583,2
-4.4686,-2.4528,1
-1.2345,0.087668,1
2.6525,-1.5024,3
1.941,-1.9743,1
0.68026,-0.32009,1
-0.80987,-0.3766,2
2.4899,0.2235,1
-2.4715,1.2333,2
-4.1736,-2.9684,1
-0.7892,-0.19039,2
-1.741,4.3088,1
5.3793,0.60393,2
-0.5143,-1.5322,1
-0.64864,-2.6448,2
2.1411,-2.2784,3
-0.31475,-0.3594,2
3.9787,-1.6747,1
-2.3289,-3.4855,1
-0.12683,3.4308,3
5.6869,-0.25712,3
0.4739,2.7381,3
-1.3918,-2.3171,1
-3.7746,-5.1143,1
-3.4483,-0.61287,3
1.089,1.4961,3
0.15713,-0.40875,1
-2.3658,0.93033,3
3.0403,1.1521,3
-7.4113,-2.0986,1
0.75499,0.95042,3
-1.8602,2.0473,1
-5.1445,-1.7797,1
-3.351,1.2185,2
-0.23652,2.6683,3
1.4106,1.3735,2
-2.7977,-0.16316,1
0.93377,1.7081,2
-1.3986,-0.61456,1
-6.8549,-5.0309,1
1.7911,1.4245,3
-3.1825,-2.8125,1
-0.076315,1.4077,1
-0.22156,0.93631,1
0.2969,-2.4933,1
-0.43637,-2.3429,1
2.3448,-0.74848,3
-2.8434,1.2527,1
0.78862,-0.089447,3
3.1791,-1.2006,3
-1.0429,-2.5193,2
-1.9572,0.86996,3
-2.9764,0.087557,3
-4.5233,1.7503,3
-0.45211,-1.2147,2
0.51038,1.4932,3
4.6959,5.1531,3
0.7156,-3.5201,1
0.55407,-3.1316,1
2.1299,-1.0349,1
