0.77133,2.5801,2
0.96173,1.2889,3
0.28084,-0.44256,2
0.5567,3.138,3
-1.3737,-1.3292,1
1.598,-0.28885,3
2.7416,-0.43029,3
2.7025,2.9714,3
-1.9501,-1.4825,3
-0.065776,0.38152,3
-1.8708,1.2624,3
1.1158,-1.676,3
-1.0461,-2.2051,3
0.54035,-4.4007,3
-2.6277,-0.031457,3
0.98429,-0.047663,3
0.95214,3.9396,3
2.9586,4.8967,3
1.0038,2.6723,3
3.0162,5.73,3
0.85327,-0.95646,3
-0.11329,-0.39064,3
3.4111,-1.4351,3
1.2027,-0.52724,3
-1.1971,1.9057,3
4.5861,0.12029,2
-0.60948,-1.0677,3
-1.3914,2.6885,2
-3.2225,2.735,3
-0.31895,3.2861,3
4.8422,2.6618,3
1.0386,3.7281,2
1.089,3.1209,3
2.2252,1.4182,3
0.65322,-1.0515,3
1.8633,3.9543,3
-0.16886,-2.3676,3
4.3482,1.4882,3
-0.78085,2.8923,2
2.7978,-0.72365,3
0.54498,-1.2515,3
3.5533,2.2302,3
-3.0628,0.50137,3
1.4622,3.0874,3
1.2466,2.0995,2
2.6135,2.5712,3
-1.7779,0.48515,3
1.2644,2.0894,3
0.07438,0.34494,3
-1.7747,1.5998,3
-0.11345,4.6208,3
-1.1367,-0.4858,3
0.0097846,3.2916,3
5.2048,1.8224,3
1.275,2.082,3
4.135,-0.73223,3
2.2959,0.033885,3
1.3404,3.6742,3
2.1262,1.1931,3
-0.57075,0.89446,3
-2.3212,0.16171,2
1.505,2.6648,3
-2.6257,-2.1016,3
3.094,-0.60627,2
-2.2916,1.3927,2
-4.0391,-0.7699,3
-0.29988,-0.79891,3
0.52571,5.0367,3
0.73037,3.7376,3
-2.2805,-1.0153,3
-2.2792,-3.4206,3
-0.84047,4.3704,3
0.34627,0.34855,3
-0.98958,2.5127,3
0.77213,-1.7088,3
0.15919,1.0055,2
1.4816,0.65022,3
-0.25718,4.6284,3
-0.15164,2.3972,3
2.3932,4.0625,3
1.2673,-1.4913,3
-0.014275,4.2294,3
-1.512,1.0602,3
3.315,0.60897,3
-0.63924,-0.4064,3
0.084258,4.4271,3
0.51905,5.5256,3
-1.4667,-1.083,3
-1.3495,-0.62257,3
-0.73295,-3.3527,3
2.1613,1.5269,3
0.39074,1.716,3
-0.055954,-1.3431,3
-0.91172,-1.1867,3
1.2958,3.1809,3
0.6944,0.99413,3
0.94201,1.9812,3
1.4738,-1.4026,3
5.5636,3.9304,3
5.9887,4.5946,3
4.8284,-4.0568,3
2.8694,-0.0056227,3
-0.93754,-0.34691,2
4.3901,1.9529,3
-0.18329,-2.2893,3
-3.0934,0.94943,2
-5.1512,3.6736,1
2.6497,0.74999,3
3.3408,1.6554,3
5.5413,2.1904,3
-1.1761,0.25108,3
-0.39315,2.6947,3
-2.4474,-1.1586,3
-0.010311,-1.6957,3
1.701,-1.2585,3
1.2324,-2.015,3
2.5422,2.5553,3
0.74019,1.562,1
2.5248,-0.99155,3
4.5503,3.835,3
0.03887,-3.2803,3
1.8047,3.1019,3
0.047003,0.0065868,2
1.3149,-0.16788,3
1.06,5.0415,2
2.4678,-1.5344,3
-1.3187,-2.0528,1
5.9993,0.62723,2
3.1324,-0.073099,3
4.9771,3.3967,3
2.1727,0.43103,3
-0.42588,3.6517,3
2.1165,1.2785,3
1.6011,0.40056,3
0.14517,2.321,3
0.38499,2.0966,3
2.74,0.1035,3
1.1433,-1.4826,3
0.22249,1.0509,1
-2.8917,-3.0072,3
-5.2706,-1.5944,3
0.40962,0.67823,3
2.2799,0.73602,3
3.4073,-0.16642,3
2.4604,1.8212,3
0.75098,-4.4659,3
-0.859,-2.0407,3
2.5739,2.0205,3
-0.1423,1.96,3
2.5271,-0.33809,3
0.21471,-1.8538,3
4.2931,3.1495,3
1.1388,1.8277,2
-2.4282,0.47295,1
-0.95235,-0.50388,2
-0.94743,2.3529,3
-1.2506,1.8286,2
-0.033119,4.1643,3
0.64965,5.5912,3
0.81041,1.355,3
0.34097,3.7741,3
-0.79678,-0.50865,2
-0.69239,3.3091,3
3.2173,-0.89807,3
2.1319,0.14722,3
0.88815,0.51776,3
2.7102,0.38579,3
5.5723,1.2153,3
-1.0434,2.3367,3
-0.76819,-3.1303,3
0.25188,-4.1752,3
-1.8537,0.21397,2
3.321,4.1069,3
-1.9151,2.4368,3
-1.2976,0.83164,1
2.4475,0.53062,3
2.5106,-0.36391,3
-2.4541,-0.058318,3
1.3653,1.2439,3
6.4051,0.31798,3
-2.7673,-1.1885,3
0.8086,-1.0648,3
2.9629,0.58202,3
4.5896,0.066155,3
-1.769,-0.88297,2
1.3463,-0.88096,1
-1.1609,-0.66938,3
1.8717,-0.69659,3
1.9026,0.8089,3
0.62497,2.0565,2
0.95163,-0.17273,3
2.2704,-1.7149,3
2.4511,-1.3265,3
4.4572,0.88425,3
5.1406,0.83928,3
1.4967,3.2527,2
-3.082,-1.287,3
-1.2321,0.90886,3
1.8998,2.0086,2
-4.0762,2.6337,3
3.4814,5.7394,3
0.37962,1.3285,3
0.55005,2.6153,3
-4.347,1.9008,3
-4.6286,-1.5907,2
3.7846,3.061,3
-1.0307,-3.859,3
1.7594,0.73226,3
-1.6345,-2.293,3
-1.9802,0.28167,3
-0.13216,-1.2327,3
-1.7464,2.5206,3
1.3938,-1.2903,3
-0.12283,-2.1279,2
0.83593,-2.8564,3
3.968,0.8961,3
2.3841,0.71758,3
2.5273,2.656,3
3.3938,-0.44784,3
5.4881,-0.21653,3
2.2278,-0.15248,3
-0.55814,-0.48911,3
3.4274,-1.128,2
-1.2114,-0.76515,3
2.3753,4.7268,3
3.4954,-0.20547,3
0.15702,0.23643,3
4.827,2.8145,3
5.0519,2.1775,3
2.1394,-5.0868,3
-1.9408,0.0928,2
1.8876,-0.74172,3
5.0225,-3.4402,3
-0.73528,-0.34656,3
1.311,1.8073,3
3.85,3.2515,3
-0.3296,-4.3132,3
-4.5861,-2.2101,1
-1.1232,-2.7506,3
2.4214,-0.16917,3
1.1373,1.1335,3
-1.6629,2.296,3
0.61448,0.73798,3
2.0018,2.4858,3
-1.3079,2.184,3
-3.0903,1.0214,3
0.72932,0.94617,3
-2.7333,-2.3125,1
-3.0647,-2.6841,1
-0.20353,-5.764,3
-0.15339,-2.7548,3
-0.031271,-1.4429,2
-0.62675,2.5503,3
-3.8373,-0.8498,3
0.49582,-2.0316,2
-0.59747,-1.7663,3
0.31753,0.50168,3
1.8363,1.9832,3
-1.9605,-1.3868,3
1.9468,-0.58407,3
0.57234,2.8,3
3.1507,-1.8528,3
-1.0279,1.7727,2
-0.2449,3.3433,3
2.0895,-1.7811,3
0.95665,-2.1031,1
-0.041912,-2.4593,3
0.48469,-2.8908,3
2.4635,0.27696,3
-0.16226,-1.0648,3
-2.5092,-0.22106,3
2.109,1.4327,3
1.1297,-0.084087,3
0.17809,-4.0671,3
0.80039,-0.20668,3
-1.8119,-2.8487,2
2.9057,5.3811,3
1.637,-2.4318,3
-0.89142,0.55109,2
-1.6489,1.097,3
1.1311,1.0928,3
5.1884,1.0502,3
3.6545,3.3815,3
0.49942,-0.92635,3
1.3107,4.5313,3
2.3275,2.9653,3
-2.6219,-1.4161,1
-5.7534,0.67195,3
5.6747,2.3711,3
-2.4797,2.6856,3
-0.47418,-1.1823,3
2.0316,3.0946,3
4.188,0.55614,3
1.1347,1.829,3
-2.1302,-1.263,3
1.5447,-0.99623,3
0.7509,-1.4818,3
-1.5163,-0.47993,3
0.851,1.8414,3
-2.9904,-1.7681,3
2.5152,-1.6598,3
0.44096,-0.40243,3
2.9707,1.0112,3
-1.7957,2.2851,3
1.9617,0.6786,3
-0.26119,-0.43549,3
-0.057758,2.1335,1
3.4432,2.945,3
1.883,-3.0074,3
0.55784,0.10786,3
3.4032,-0.68855,3
0.67021,3.1012,3
3.5603,1.8207,3
2.5932,-0.91322,3
-0.014652,2.685,3
3.531,-1.4194,3
-0.19947,1.3769,3
3.9692,-1.3839,3
0.21317,1.6178,3
1.3357,0.41672,3
-0.54339,0.70748,1
-3.6178,0.29187,3
0.20351,-0.14446,3
-0.90458,-0.71413,3
-6.5386,2.2992,1
-0.45787,0.46563,3
-4.6638,-3.3142,3
-1.4189,0.98464,3
1.8205,-2.3428,3
-0.13341,2.7836,3
1.4829,2.1005,3
1.33,1.1144,3
3.1676,2.0215,3
2.2795,1.9066,3
3.6675,2.1018,1
2.0073,-1.2653,3
1.6816,-2.0598,3
-0.39188,-0.26393,3
-2.5831,3.1721,3
-0.75838,-1.1495,3
-2.5691,2.2675,3
-1.593,-3.3499,1
0.94208,1.5119,2
1.0732,-3.7661,1
2.5942,-0.63628,3
-1.3646,-0.46524,3
7.8824,2.6929,3
-1.4074,0.049247,2
3.0174,2.8587,3
1.3516,0.45952,3
-2.7348,2.2449,3
0.62171,-0.19549,3
-1.8532,4.8876,2
-0.76842,1.4449,3
0.37361,-0.29984,3
1.6405,1.146,3
1.7593,1.5166,2
-0.096965,-1.616,2
0.33403,0.93439,3
1.6062,0.25975,1
3.7149,2.619,3
1.4947,1.9213,3
-1.6212,6.6352,3
4.709,1.1572,3
-0.38391,-1.022,2
2.7608,2.9415,3
-1.2822,-1.5472,3
-0.28867,1.2178,3
3.26,-1.0936,3
2.6363,1.935,3
0.80206,1.681,3
-1.3359,-2.8638,1
-2.6285,-1.897,1
0.79952,0.21729,3
-3.5649,0.75776,3
-0.36044,1.594,3
0.88483,0.52473,1
5.5374,4.0764,3
2.1997,-4.8098,3
0.41793,1.7528,3
2.439,0.99602,3
-2.0944,-0.39997,2
2.2097,2.5619,3
-2.2627,-3.7077,3
5.0084,-0.63772,3
2.6095,-0.86684,3
-0.18722,-0.0055489,3
1.6998,4.3895,3
-0.48421,3.6232,3
3.7287,1.1461,3
-2.4289,1.9554,3
6.5934,3.7868,3
-2.212,0.94323,3
3.0447,3.5914,3
6.6841,1.5388,3
3.8249,0.89492,1
-5.4822,-3.9638,2
0.7239,-0.30089,2
0.15638,-3.0455,3
-0.31081,1.2317,3
2.803,1.6576,3
1.6152,3.9456,3
1.2154,0.099595,3
3.6071,-0.089708,3
-0.76056,-0.070312,1
-1.5268,3.4399,3
0.46444,-0.35879,3
-2.2857,-1.7066,3
0.89401,0.10884,3
7.0641,-1.3351,3
4.4366,0.080958,3
-2.0899,0.94618,3
2.9543,0.63554,3
-0.22893,-1.6113,2
2.1109,2.0885,3
-2.6295,-1.7506,3
-1.0614,0.62842,3
2.4606,-2.1133,3
5.1887,0.32614,3
-1.5935,3.8885,3
3.7688,0.55196,3
0.66636,0.51018,3
4.2579,0.77441,3
3.7358,0.7329,3
-0.4362,-0.61407,3
1.9568,1.1466,3
1.7408,0.74339,3
2.4437,-2.4403,3
-0.46514,4.3739,3
0.49415,0.13181,3
3.4897,-1.5234,3
4.3702,0.48959,3
-1.7299,-1.5863,1
3.3915,-2.4387,2
0.69802,0.1173,3
2.1847,-0.18381,3
2.6917,-2.1009,1
1.2184,-0.946,2
1.252,2.7255,3
0.91175,1.3626,2
-0.029676,1.4448,3
-0.67972,4.5648,3
0.81115,3.3545,3
1.3788,0.95511,3
0.42929,-1.9761,3
1.4747,2.118,2
-0.69393,1.6376,3
3.3673,-1.823,3
0.54993,1.8322,3
0.76865,3.434,3
4.5176,2.3279,3
0.89034,-0.53377,2
-1.4272,2.8237,3
0.30881,-2.257,3
-0.53998,-0.88615,3
3.2884,-1.4994,3
0.10924,-0.044509,3
-2.3491,3.6157,3
-0.060699,-2.6271,1
0.86347,3.2285,3
-0.68195,-0.26857,3
3.7068,2.8155,3
0.5982,-1.4726,3
0.3503,1.1858,3
-1.1931,-0.20686,3
-2.4444,-0.96863,3
3.9265,1.5233,3
3.0465,-0.050104,3
-1.2809,3.4944,3
-0.003128,2.902,3
3.8508,4.7791,3
4.0798,-1.408,3
-0.93638,3.2666,3
2.2248,4.8094,2
2.8391,1.391,3
-2.7202,1.6935,3
4.0363,4.2487,3
6.1328,2.945,3
3.157,1.6616,3
3.1425,0.77996,3
-0.17167,5.5699,3
-0.33887,-0.70116,3
2.4854,2.7833,3
1.3665,-1.2436,3
2.089,0.92351,3
1.2704,2.2221,3
3.5029,-1.0983,3
1.0253,4.3999,3
-1.1183,-0.82281,2
-1.3752,0.067771,3
-0.19585,4.1335,3
0.44731,1.2611,3
0.48627,5.7541,3
-1.9567,2.544,3
0.48524,1.9827,3
0.95095,-1.1363,2
-2.9033,3.8714,1
0.27374,3.5597,3
-0.29388,-1.8993,3
0.78627,0.63284,3
3.0733,0.018533,3
0.43714,-0.10023,3
1.6112,-0.91432,3
3.368,0.61294,3
1.5475,-3.1533,3
-2.4583,1.1355,3
-0.55928,4.3493,3
-2.8948,0.069686,3
3.2954,2.3253,3
-0.74984,0.72202,3
0.39867,1.2194,3
4.4454,-0.89265,3
-1.1762,-0.064198,2
-3.6839,-1.8374,3
2.3074,-1.9468,3
-0.82425,-0.43141,3
0.25462,-0.92175,3
0.24389,0.54368,2
1.8095,-0.11408,3
2.3846,2.9833,3
3.4849,1.3321,3
1.0738,-1.1166,3
-0.79282,0.24979,3
0.027309,2.9512,3
3.4668,0.72261,3
0.47922,2.1211,2
2.2763,2.8164,3
2.5281,1.6633,3
0.53214,-3.5195,2
-0.34492,-0.59439,3
1.7885,-1.3741,3
-2.7407,-2.1895,2
-3.7112,-0.94265,3
4.3083,3.3678,3
-0.89809,-0.41159,3
0.89378,1.1889,3
0.61451,4.0216,3
0.87216,2.1897,3
-2.724,-0.47385,3
-1.9255,-0.19667,1
0.78204,3.2826,3
1.2142,2.9858,3
-1.3395,0.57829,3
1.9666,-0.62172,3
-2.1197,1.5869,3
-7.3124,-2.0315,3
-0.84371,1.8172,3
-0.13561,2.2737,3
-1.7822,0.55434,1
-0.9867,-2.1763,3
-2.1534,-0.57633,3
-0.65073,5.0301,3
2.5369,2.7681,3
-2.3108,-0.70667,3
3.444,2.0879,3
1.1097,1.3725,3
-2.0408,-4.2446,3
3.7325,-2.4549,3
2.3072,-1.7145,3
-0.12223,2.345,3
-3.4059,-4.5593,2
4.9908,-0.29739,1
-1.5494,1.0838,3
-0.98123,-2.5233,3
-1.1368,1.618,1
-3.3269,-0.93603,1
0.022628,0.72486,3
1.6578,2.5791,3
4.2049,2.057,3
-1.8016,-0.87295,3
-0.52099,-4.3573,3
1.5519,-2.0291,3
2.0849,-2.5299,3
-0.49555,-2.6562,3
1.875,-4.8309,3
0.60222,-0.063811,3
-2.3419,0.71213,3
-3.4394,-0.31608,3
0.63998,1.7236,3
0.56496,-1.4326,3
-0.73157,3.3934,3
2.0111,-2.3004,2
2.6921,0.54551,3
0.53097,0.81811,3
3.9406,6.2412,3
-0.1246,2.7897,2
5.5555,1.5973,3
1.9468,0.14824,3
5.0503,-1.0796,3
-2.1102,-1.3412,1
-1.2571,-4.4679,3
0.34532,-1.0146,3
0.3894,3.6484,3
1.151,0.44625,3
-1.4974,2.2281,3
0.50843,-0.88869,3
-0.01325,-2.3602,3
4.4294,-0.013534,3
-0.96312,4.2004,3
0.48252,0.039846,3
0.89709,4.9145,3
2.0152,3.5883,3
1.6839,2.132,3
0.37631,1.8025,3
-0.92135,-0.31445,2
2.0519,3.6359,3
4.3228,-0.22722,3
1.9734,4.1108,2
4.9999,4.0427,3
-0.15126,1.3815,3
-3.6481,-1.5773,3
0.64571,-0.13354,3
-0.67303,2.3888,2
-1.9726,0.41092,3
0.36514,2.6283,3
-2.0715,-1.4862,3
-1.0641,0.67429,3
-0.43845,-0.8385,3
-4.6274,-4.0009,3
0.74275,1.2885,3
0.81144,-1.9958,2
3.4209,6.8015,3
-0.084521,-0.73882,1
-1.8902,-2.2419,3
-2.4092,2.0378,2
1.7285,-0.93059,3
-1.3672,3.5549,3
4.4741,3.9813,3
0.78797,0.73534,3
1.7002,5.1834,3
5.5393,3.486,2
3.3262,2.6491,3
-1.5183,-0.56309,3
1.0737,-3.4957,3
2.0014,3.7134,3
2.8673,2.6089,3
-1.0331,3.4528,2
0.052184,4.2676,3
-3.5968,0.64477,3
-1.6346,0.43002,2
0.074155,3.8271,2
-1.4453,-0.39035,3
-0.28959,-2.5199,3
2.389,1.9197,3
3.0287,2.1566,3
1.12,-1.4432,3
-1.0475,4.1796,3
4.045,1.7395,3
4.2206,0.57383,3
-1.4817,-0.3708,3
-0.35836,-1.58,3
-0.97872,0.22248,3
-1.2374,0.40645,3
2.4522,2.921,3
0.4085,2.3784,2
-1.0542,-1.8189,3
0.71664,-2.6167,1
4.257,2.662,3
2.0459,3.0687,3
0.93663,-0.42771,2
1.1488,1.4962,3
3.8948,3.0265,3
0.21338,2.031,3
2.1175,-1.9909,3
-2.4437,-2.5625,3
1.6555,0.76369,3
1.8923,0.73098,3
1.0495,2.568,3
-2.964,-0.37718,1
-0.050961,1.4958,3
-2.7929,-0.21252,3
1.8892,4.3499,3
0.98583,-0.85531,3
-0.83923,-1.1182,1
-0.47384,0.9673,3
5.9308,1.593,3
3.6878,1.2766,3
1.6625,-3.0303,1
-0.91181,1.6432,3
3.1823,2.0405,3
3.2213,3.6561,3
-2.0114,0.81134,3
-2.1189,1.8956,3
3.2423,0.61002,3
2.6224,-0.49695,3
3.1521,-0.24138,1
-0.61048,-2.2402,3
-1.6973,-0.61818,3
-2.0872,3.577,2
0.73896,4.1246,3
-0.52843,-0.5447,2
-0.31244,-0.38776,3
-0.80192,0.41554,3
0.23215,2.6802,3
-0.5539,2.8871,3
-0.65939,0.92714,3
2.1545,1.8094,3
3.2536,-2.703,2
0.5418,-0.53549,2
-0.82071,-2.9004,3
-2.9533,-3.6592,2
3.7193,3.565,3
3.1031,-0.38682,3
0.21547,0.96541,3
4.1184,2.7249,3
-1.9671,-2.2003,2
-1.5674,-0.37706,3
-1.5623,-1.605,3
2.0477,2.4056,2
0.64898,1.5618,1
3.5899,1.7152,3
-1.6032,-2.9839,3
3.3038,-0.074055,3
0.61742,1.5212,3
-0.45021,0.73478,3
-1.1313,1.7416,3
-0.60221,1.3502,3
-0.82631,0.76059,3
2.2075,0.27687,3
0.78959,2.4547,3
4.1103,3.372,3
1.1885,2.9839,3
1.445,-0.070854,3
0.93308,4.0238,3
-3.3938,0.67952,3
2.5866,0.29846,3
-1.9483,-1.3187,1
0.59331,0.86117,3
-2.3681,1.6889,3
-0.2964,-0.14499,3
1.4203,3.6125,3
2.0066,3.9661,3
1.8492,1.9172,3
0.88178,-0.42416,3
-0.14718,-3.4566,2
-3.8623,-1.2161,2
3.1232,4.6727,3
-6.5186,0.96407,3
1.8033,1.7156,2
1.4259,1.7972,2
0.67306,-1.9891,2
-2.9057,-2.0218,2
0.92128,3.1327,3
3.8036,1.0099,3
1.6958,0.15826,3
1.1345,-0.58217,3
-3.4759,-0.50706,3
0.67159,0.56805,3
0.81942,-0.074215,3
-1.3804,-3.784,3
-0.02695,-2.0901,3
5.7708,4.4412,3
-2.6924,2.6036,3
3.9939,1.3451,3
2.7608,-0.93099,3
2.2377,4.0896,3
-0.85381,2.2098,3
0.15329,3.9584,3
0.84645,-2.8714,3
2.2088,2.5539,3
-1.3311,-0.6937,3
0.13221,-0.030598,3
2.7491,-1.818,2
1.0599,2.4731,3
0.060049,1.9541,3
0.18062,2.3931,3
8.198,3.0101,3
4.1483,2.0034,3
-1.7445,-1.4808,2
-1.9535,1.3867,2
0.25675,-2.2794,3
0.29048,2.8011,3
-0.62406,-1.5768,3
-0.99245,-1.6923,3
-2.0543,-1.515,3
-0.057218,0.88941,1
0.17908,-0.059887,3
0.29029,-1.6506,3
-2.3006,3.8805,3
-2.3254,0.0090929,3
0.263,-2.4797,3
1.2827,0.57386,3
4.2062,1.2765,3
-2.1481,1.2772,2
0.14033,-0.54859,3
2.4939,1.4343,3
0.15388,-0.37961,3
2.1031,2.9164,3
-0.65609,3.7649,3
-1.1281,-4.5439,3
-0.62624,2.0821,2
-2.0019,-2.9224,3
0.3012,-1.5497,3
0.040115,-1.5327,3
1.0117,3.9371,3
0.87194,-0.76066,3
-2.9914,1.4707,3
4.6983,1.805,3
0.18613,1.2801,3
0.86906,1.7963,2
1.1936,2.6195,2
-0.41215,-2.2958,3
0.87258,0.60293,3
-3.8027,1.1625,2
-1.2397,-0.79787,2
-0.45238,-1.337,3
2.0884,1.6232,3
-2.3915,-1.1111,3
-1.3965,-2.9554,3
1.9996,4.1808,3
1.6257,-0.39676,3
0.24698,-0.58115,3
1.5776,0.45856,3
-1.3339,-1.8718,3
3.3808,3.5162,3
-0.3271,0.096435,3
-0.0066794,-2.6973,3
-0.42911,1.2643,3
2.6729,4.0535,3
0.59026,1.7602,2
1.2568,-3.143,3
2.3994,-0.44675,3
-1.7805,1.1918,3
0.73389,-4.5561,3
-4.4153,-3.7823,3
6.1597,1.1925,3
-2.0806,-0.87479,3
0.78229,2.1488,2
1.8302,-0.22291,3
-2.2044,3.1833,3
1.7962,-1.1043,3
2.7649,2.1443,3
0.056251,-1.0028,3
-2.0941,1.6541,3
2.462,3.0361,3
-3.38,0.9627,2
1.0783,-0.63816,3
-3.9144,-1.6784,1
-3.1917,1.301,3
-1.0512,-2.3742,3
2.8373,-3.4316,2
-0.35165,3.0976,3
5.2337,2.2632,3
0.42794,1.2107,3
1.6975,3.3558,3
2.7474,2.2709,3
4.2346,2.8662,3
0.83081,1.3717,3
-0.92857,3.5001,3
2.4882,3.5979,3
-3.1066,1.2117,3
4.0402,5.2938,2
0.025451,-0.98152,3
4.1365,1.2777,3
-1.9952,3.4086,2
1.3824,1.0874,3
0.3488,1.4885,3
0.26451,-0.82134,3
6.3376,3.1414,3
3.9095,-1.3395,3
2.55,-1.6758,3
1.9923,2.7323,3
-1.3081,-0.53308,3
2.3823,2.7675,3
1.7683,-1.1635,3
1.1444,0.34837,3
-0.8136,-0.082037,3
-2.3171,0.56962,3
2.1329,-0.94582,3
2.8604,-5.0461,3
4.3262,2.5691,3
-2.1881,4.8744,1
0.18755,2.0005,3
-0.21024,4.2129,3
-1.8285,-0.080372,3
7.7499,3.3445,3
3.9581,4.158,3
1.1021,2.942,3
-2.9838,3.4846,3
5.4372,-0.60258,3
1.2687,-0.11345,3
0.088047,0.8142,3
0.47027,1.6576,3
-1.07,-4.9319,1
1.0588,-0.51328,2
3.2276,3.3964,3
1.6575,0.7773,3
0.9776,-0.482,3
0.66769,0.097483,2
0.71748,3.6349,3
-2.6591,0.042049,3
-0.34777,-0.2176,3
-3.6803,0.31885,3
-1.4652,0.6286,3
0.7656,-1.2933,3
-4.8203,0.32999,3
0.79637,-1.7312,3
1.4884,3.0578,3
-1.8753,-1.5351,3
2.0448,2.9852,3
1.288,2.3519,3
3.4518,1.4869,3
-0.5144,0.39923,3
-4.1323,-0.46184,3
2.413,3.2489,3
0.40996,1.4831,3
0.82755,-2.2959,2
-5.7031,0.080109,3
1.4142,-2.466,3
-0.98689,4.1974,3
-1.8535,-1.8612,3
1.9886,-2.0954,3
-2.057,-2.8204,1
0.80746,-0.46179,3
4.2016,0.048413,3
2.9632,-0.56553,3
0.78097,-5.7222,3
2.3214,4.7346,3
0.95173,3.7056,3
1.2749,-1.2934,3
0.97737,1.498,3
3.2324,5.8545,3
1.1752,-1.2318,3
2.1169,1.4718,3
2.41,3.2824,3
4.7869,0.56506,3
-1.7789,-1.3747,1
1.5731,0.94497,3
1.7327,0.25138,3
-0.44155,1.2579,3
2.3929,2.9243,3
2.532,-1.951,3
0.37088,2.134,3
-1.699,1.8192,3
-1.1918,-1.5865,3
0.058378,2.6862,3
3.6868,2.696,3
-1.7846,-0.45807,3
-0.62495,1.7951,3
0.50608,5.0041,3
-2.6571,1.5294,3
1.9035,1.3322,3
-2.4656,0.31685,3
1.6591,3.8824,3
1.4806,-2.8235,3
1.1348,1.0115,3
2.4243,-0.35394,3
-2.9484,-0.049747,3
-3.3952,0.92008,3
0.71965,2.0345,3
1.2422,-2.5841,3
1.5728,2.1874,3
2,0.88808,2
1.1989,0.76587,3
1.8134,-0.63983,2
-4.1802,-3.1429,3
2.168,-0.23431,3
3.2932,-0.85609,3
3.0555,-3.4033,3
0.9789,4.0253,3
-0.020471,-0.47946,3
1.2866,-0.39333,3
0.95724,3.9827,3
1.4226,-0.63334,3
-0.090476,-4.8709,3
3.7187,2.1331,3
6.1524,-0.35868,3
2.0682,-3.5705,3
-1.1478,-1.2518,3
3.242,-0.08113,3
-1.2344,3.4448,3
-0.72126,0.91358,3
0.16361,3.1829,3
3.0679,-2.6603,3
3.6047,0.31968,3
1.2493,0.76607,3
-0.57848,2.7573,3
1.9339,1.1722,2
4.3661,1.9056,1
0.16697,-0.77801,2
0.9201,-0.035864,3
2.8385,-1.4556,3
5.0468,0.40255,2
-2.6787,0.18121,3
1.0034,-0.36382,3
2.1306,-1.5067,3
-1.4548,0.57521,3
3.3924,2.1461,3
-1.0845,-0.79197,3
-0.91732,-1.1857,3
-1.7887,-0.15915,3
-1.6811,1.7733,3
7.3424,4.1725,3
-3.0903,-2.4415,3
-1.9086,-0.38716,2
1.4963,6.3471,3
2.2173,-1.3178,2
-0.034874,0.94163,3
1.4288,2.8202,3
1.2054,1.4659,3
1.2928,0.81063,3
1.0308,3.9411,3
3.3927,0.11107,3
0.26218,-0.25805,3
-2.4067,-0.70669,3
0.38822,-3.0563,3
1.3881,3.1951,3
-1.4623,1.0058,3
-2.1844,-4.5179,2
1.923,-2.6779,3
-3.1455,0.35156,3
1.8302,-2.2443,3
-1.9495,-1.1983,2
0.66503,1.7755,3
5.4094,2.8733,3
0.4357,0.25534,1
1.0498,3.0371,3
-0.53515,-1.1406,2
-0.65196,-0.48098,2
2.06,0.56332,2
2.3836,-1.6044,3
-1.1878,-2.2092,3
2.1731,3.4719,3
-0.71737,0.52855,3
0.91132,1.4927,3
3.2081,4.1089,3
2.9234,1.8473,3
2.3182,3.2202,3
1.1162,2.7108,3
-0.82944,-2.1707,3
-4.9358,-0.29171,3
1.8923,0.35472,3
4.2256,1.9192,3
1.4485,0.66953,3
1.0355,0.7907,3
-0.98458,-2.2032,3
-1.536,-1.4607,3
3.7162,-2.2085,3
-4.0945,-2.5386,3
0.086723,1.9655,2
4.7191,-1.4564,3
0.64993,0.95004,3
5.3006,3.259,3
1.7221,4.0206,2
0.84872,-4.4321,2
0.80106,2.3628,3
1.3561,1.9783,3
3.7866,-0.20216,3
1.0872,3.9041,3
0.94527,-0.70761,3
3.2617,-2.5251,3
-1.0949,-1.0704,3
1.293,-1.109,2
0.88781,2.1149,3
0.47508,-0.091909,3
-0.66902,0.533,3
-1.8327,-0.27445,3
-0.63414,1.3595,1
0.87213,-1.7998,3
1.6717,-2.8175,3
4.6527,3.9654,3
-1.2715,-0.53329,3
1.8711,-2.0076,3
2.9986,-4.9412,3
3.5811,6.5802,3
1.0857,0.87853,3
-0.26365,0.85213,3
1.1818,2.7046,3
4.3524,0.4357,3
-0.4709,-0.37354,3
2.1485,1.7148,3
1.6887,1.7907,3
3.9629,2.1303,3
0.28679,-1.5541,3
-0.027673,1.6367,1
0.32218,3.0695,3
1.5182,-0.93922,2
-0.47288,-1.4282,3
0.10896,-3.7173,3
2.9172,0.96085,3
1.6156,1.9056,3
-0.33122,-3.6272,3
-1.04,1.5221,3
1.0415,0.0035117,3
1.8283,3.5874,3
-4.806,2.5862,2
0.83307,0.81143,3
2.7802,4.0815,2
2.6947,2.1018,3
-1.6594,0.10074,3
5.0225,2.825,3
-0.79671,0.39143,3
1.1279,1.3257,3
-0.4965,1.7964,3
-0.88019,0.79771,1
6.4611,1.3887,2
1.3976,-3.4497,3
-2.2518,2.3282,3
-2.4464,1.3436,3
-6.0908,-2.125,1
0.21378,-1.2587,3
3.4808,1.8801,3
-0.18709,2.8493,3
-2.0071,3.7785,3
0.83274,0.33142,3
0.92193,-0.77935,3
1.1924,2.5702,1
3.9339,-0.41304,3
1.3682,3.727,3
0.73322,-0.40681,3
1.7722,2.6629,3
1.3941,0.2993,3
1.7906,-1.4184,3
-0.067597,-0.47482,3
-1.4304,0.86838,3
5.3052,0.56722,3
-1.7349,-1.2367,3
-2.9951,2.7479,3
-1.9817,-1.392,3
0.89389,1.8673,3
-3.4067,0.60826,2
4.2795,-0.64563,3
0.74954,-3.5722,3
0.65949,0.50912,2
2.103,0.057778,3
4.1545,0.87783,3
3.7964,2.023,3
0.10017,4.7099,3
0.2959,0.17273,1
0.093968,-1.0926,3
1.4539,1.2817,3
-1.0294,-1.8289,3
-0.3518,-0.00064355,3
2.0799,-0.77385,3
-0.1937,4.6105,2
1.8343,2.0972,3
-1.4286,-0.72797,2
-0.91794,1.3358,3
4.3576,-0.56929,3
-3.2691,-0.74707,3
3.4416,-3.71,2
-1.8635,-0.2397,1
-0.51143,2.3751,3
2.6136,2.7965,3
-0.82481,3.7566,3
2.2143,1.0884,3
3.3429,4.4161,3
1.0963,0.91748,3
6.3477,-1.275,3
-3.179,0.79643,1
2.6076,5.3408,3
1.3499,2.3329,3
3.9709,4.5833,3
1.099,-1.3306,3
-2.8064,-3.6267,1
1.0958,2.3122,3
0.35366,-3.9996,3
4.4017,0.44255,3
1.2952,4.6643,3
1.9836,0.55261,3
-2.4498,-1.8401,1
-6.9126,-4.3511,3
2.3044,4.6107,3
-0.37092,1.1232,3
-1.784,-4.1094,3
0.83355,-0.62681,3
-0.72541,-1.1015,3
-4.2163,-0.056316,3
-2.5137,0.75137,3
0.8176,0.36133,3
0.6086,2.7204,2
1.0626,1.7209,3
-0.71394,-1.8802,3
-0.35262,1.3749,3
1.4635,2.1616,3
1.806,2.4662,3
4.0791,2.8008,3
0.649,1.9019,3
1.9939,-3.4644,1
-2.5804,-5.8891,3
-2.5214,3.2414,3
-1.6785,4.184,3
-0.8095,-2.2364,2
3.9023,2.7386,3
2.6597,3.2529,3
0.76118,1.4809,3
3.2197,0.98239,3
-2.1359,0.33646,3
1.7079,3.3891,3
-3.0547,2.863,3
2.2565,1.4859,3
3.4905,-1.1135,3
-0.78919,-1.2197,3
3.1453,-4.7693,3
3.6819,2.139,3
1.6498,0.56075,3
1.6714,-0.76604,3
-0.31319,0.87936,3
3.0213,3.7537,3
-3.2392,0.6726,3
-0.068927,-0.77227,3
3.269,1.8223,3
-3.7645,-0.058679,3
0.59353,3.9139,3
5.3779,-1.7713,3
-1.0822,-0.6718,3
-3.4994,0.76465,3
2.3263,3.0343,3
2.6232,1.9945,3
4.2352,1.3868,3
-0.30504,-0.8912,2
0.69477,5.779,3
1.9782,0.76123,3
0.15165,-1.6054,3
-3.5993,-2.0299,3
3.828,0.14744,3
1.0551,3.5668,3
0.79984,-0.22849,2
2.8229,1.2253,3
-4.2972,-2.9919,1
-0.91047,1.2768,3
5.2978,1.2807,3
2.6644,-1.6007,2
-0.69503,0.25562,3
3.8141,5.0345,3
-0.01668,-0.29206,3
1.0785,-2.4878,3
2.8758,3.2341,3
-0.7737,1.6251,3
-0.30132,-0.93175,2
5.3243,2.9693,3
3.5664,1.5725,3
-0.0022243,-2.1615,3
1.6512,3.9879,3
1.8704,-0.20576,3
1.8495,1.5871,3
1.5207,2.0238,3
-1.3037,-1.1185,3
-0.4147,-1.7466,3
-1.0579,0.62273,3
2.0207,-0.66272,3
-2.7369,1.27,3
-3.8059,-2.2063,3
-1.9447,1.8114,3
-3.0271,-2.2975,2
2.762,-0.27978,3
0.25622,-0.11885,3
2.6896,-0.3093,3
1.0608,-1.2504,3
-1.2793,-0.48175,3
-0.6541,-1.9414,3
-1.4354,2.3629,3
3.0679,0.50296,3
-3.7208,1.6058,3
1.917,-3.1668,3
1.6961,-3.3025,3
-3.1678,0.93758,3
5.332,7.1633,3
-1.3334,1.6244,3
-3.1118,0.38184,3
0.92323,1.6431,3
-0.54899,-0.86922,3
1.1192,6.2448,3
0.036496,0.31503,3
-2.4668,0.78205,3
0.59892,2.0944,3
0.6307,1.6225,3
2.8419,2.1087,3
4.5489,4.5381,3
3.5328,-1.2773,3
-3.2181,-2.6948,3
0.90742,1.0229,3
-2.8048,0.1821,3
3.9826,1.4693,3
-0.62585,-3.5117,2
1.8535,1.0013,1
0.17272,0.91414,3
-2.3949,4.2651,3
-2.068,0.45612,3
1.1049,2.3088,3
2.0099,3.8678,3
1.9907,-3.3942,3
1.5762,2.1691,3
3.3076,2.5492,3
-2.5841,0.046248,3
-2.4701,-0.46183,3
-3.4712,1.4694,2
0.61133,-0.61223,3
1.1798,1.8204,3
-0.052077,3.3847,3
0.70386,0.5968,3
-1.7171,-1.831,1
0.10592,3.0873,3
-1.1221,0.85769,1
-2.6296,-2.4917,3
0.50177,-1.2805,3
-2.9701,-0.79582,3
3.7836,-1.7264,3
-0.56181,0.24839,3
-3.9069,1.6282,3
2.4335,-1.5325,3
-3.2391,0.039587,3
1.7548,-3.3797,3
2.3473,-3.5744,3
-1.2807,-2.0096,1
0.10392,1.3545,3
-1.6508,2.8475,3
-2.2252,-1.5506,2
2.8964,6.9771,3
-0.12064,0.53323,3
1.0414,1.4771,3
0.24992,-1.7978,2
1.0235,2.3236,3
-0.0063268,0.068453,2
-2.2083,-3.5335,3
2.4627,0.88904,3
-1.453,1.5802,3
0.99115,0.51775,3
-1.4524,1.7532,3
-3.0688,-0.48775,2
1.5012,1.2972,2
-0.47789,-2.409,3
0.21583,0.73112,3
-0.91036,-4.2432,3
0.92526,4.272,3
3.225,4.9621,3
2.7989,-2.5811,3
-0.028841,0.23856,2
-4.1709,-0.89602,1
0.86778,1.2895,3
-3.4633,-1.2736,3
0.22072,2.7867,3
-0.59413,-0.67306,3
0.45587,-0.70796,3
-2.2409,-1.0767,2
0.68384,-0.69869,3
-2.8872,-1.094,3
-1.4761,0.65493,2
-2.3785,0.40117,3
2.4583,-0.028042,3
-0.9941,-1.5077,3
-1.1215,-2.5071,1
-3.503,-0.52836,3
-0.83904,1.1202,3
0.10526,3.503,3
2.8019,2.7132,3
-1.3613,1.2331,1
-0.57893,-0.38406,3
0.53763,2.863,3
-1.4202,-1.6554,3
2.7485,0.9163,3
1.2691,-0.93675,3
1.2966,1.6566,3
0.72301,-4.1731,3
5.3107,3.2277,3
4.3601,2.7752,3
-2.4105,-1.2803,3
-1.8827,2.0937,3
-3.1532,4.6569,3
0.96538,2.0354,3
3.7543,-1.098,3
-2.2588,-1.6443,3
2.9278,-0.58657,1
2.407,2.7726,3
-0.074664,-0.4222,3
-2.3619,-0.79977,3
-1.6673,-2.8914,3
-4.4648,-1.4832,3
2.6812,0.17885,3
0.067982,2.69,3
-1.4682,-0.57077,3
3.8398,0.87642,3
3.6384,0.84289,3
0.42321,-3.6993,3
0.33637,2.1897,3
-1.3704,-1.4913,3
1.1442,0.17494,3
-2.6842,0.62305,3
1.0119,-0.12211,3
-0.37406,4.131,3
2.952,1.3995,2
0.62255,-4.7107,3
-3.0066,-0.64623,2
1.4797,-0.73932,3
5.9186,0.92656,3
-2.3098,0.5302,1
-1.5566,-3.5527,3
2.9645,1.5771,3
-0.98011,2.3263,3
0.17967,-1.2148,3
2.7975,-2.0813,3
0.060884,4.1374,3
-0.68692,0.80739,3
-2.9121,0.058392,2
2.7751,-0.45981,2
-1.8465,2.8395,2
-1.455,1.2347,3
1.6567,0.10336,3
-1.2589,-0.96182,2
-0.65877,0.41465,2
0.68397,0.42732,3
3.0293,-0.5768,3
-1.6605,-2.4084,3
0.13851,1.8049,3
0.65962,-2.4046,3
4.2624,3.9272,3
1.3178,2.7043,3
4.2841,-0.36206,2
3.3084,2.9748,3
1.0861,-2.9307,3
0.077074,4.3028,3
-0.44921,0.12588,3
2.2695,3.6311,3
-0.75181,4.3795,2
1.1149,0.076436,3
-0.38226,5.224,1
3.5749,-0.045362,3
-5.5477,0.060462,2
-0.082773,0.47378,3
0.76912,1.1197,3
-0.75678,-0.37082,3
2.898,1.452,3
-1.2429,0.64191,3
-0.13662,-1.5798,3
-1.1688,0.37197,3
-0.065267,-2.2706,3
-0.4178,-0.54184,3
2.6587,2.4054,3
2.3947,-1.7115,3
-2.2221,-2.741,1
5.9768,0.96288,3
-1.6667,0.88886,3
1.4129,-2.0199,3
0.40038,-0.19786,3
-3.0857,2.0638,3
-4.5389,1.2039,3
0.044818,-0.076806,3
-3.8957,-1.3312,3
-3.0492,0.27441,3
-0.45005,-1.0461,3
2.0371,3.1443,3
1.8862,0.57203,3
-0.90277,1.0961,3
2.3854,0.23208,3
-3.4315,-3.6053,3
-2.6707,-0.10539,2
-1.6582,-1.4633,3
2.0957,1.9336,3
-2.0051,-0.91781,3
-1.0555,-4.2117,2
3.0398,3.5452,3
-3.2607,-1.4482,3
0.07807,3.6111,3
-1.0678,4.9839,3
-1.4931,2.3686,3
2.5697,4.0749,3
2.2345,4.6484,3
3.9174,3.3079,3
-3.1356,1.3321,1
-2.1098,0.87347,3
1.3017,-5.7166,3
1.3746,-2.7313,3
-2.9093,0.31452,3
5.6609,-0.89071,3
-1.0518,-0.93529,3
-0.13888,3.1607,3
0.73257,1.0856,3
-2.446,-1.9921,3
3.8179,-0.24546,3
-2.3257,3.4414,3
0.65629,0.62854,3
2.4454,2.5463,3
0.48674,-3.4544,3
-1.0835,1.9871,3
1.3952,-0.91098,3
2.5472,-0.93881,3
-0.26542,-2.7905,3
0.56799,0.49698,3
-2.6315,2.8056,3
-2.5392,0.54084,3
1.9507,0.20543,3
-0.53875,3.3794,3
2.2617,1.3366,3
-0.19589,2.622,3
0.17446,1.8798,3
-1.9311,-1.0916,1
1.2723,-2.1252,3
-4.274,-0.34171,3
1.13,1.496,3
2.6883,2.2753,3
0.98699,-0.35869,3
-0.89392,-2.2241,3
-3.6574,0.47672,3
1.9667,-0.19055,3
1.8393,-0.45722,1
3.0129,1.7306,3
-4.1536,-0.37908,1
0.14649,-1.4875,3
0.59704,1.2971,3
2.0357,0.7715,2
3.2659,0.3559,3
-1.9638,-0.67614,3
2.7885,4.1733,3
1.2255,1.0534,3
2.9273,1.2125,3
1.5176,2.8215,3
0.97544,-0.6302,3
2.9147,1.6488,3
0.72703,5.7617,3
1.3012,-2.9408,3
-0.28695,-2.6115,3
4.1904,1.0558,3
0.049487,3.6174,3
2.6298,3.249,3
-1.9936,-0.21859,3
2.4693,3.0945,3
3.2763,-2.6693,3
0.70521,4.374,3
2.5215,2.2604,3
0.26029,0.47371,3
2.7898,3.3677,3
-0.3167,1.2979,3
2.5238,-0.17978,2
2.391,-2.2505,3
-0.60101,1.2392,2
0.24437,3.477,3
2.6604,0.79484,3
-1.2505,3.1541,3
-6.8399,-2.4781,1
-4.3903,1.5345,1
1.4518,-1.4929,3
3.3841,-0.2574,3
0.44453,1.0907,3
2.7933,-0.50824,3
-1.1696,-1.7364,3
-0.26467,0.59655,3
-1.4112,3.3812,3
0.45985,-1.2577,3
-4.4867,0.12352,2
2.0525,4.6912,3
4.7515,2.644,3
0.061849,0.18501,3
2.0758,1.5174,3
2.3003,0.37768,3
2.2638,-1.3483,1
1.6842,-1.4761,3
1.2431,-1.472,3
2.2479,3.6816,3
-2.4961,-0.33041,1
-0.96552,2.0324,3
-1.737,-0.23375,3
3.0112,-0.7451,3
4.3765,2.012,3
-0.35364,-4.0578,3
3.0145,2.444,3
1.7799,1.0952,3
2.1777,1.3286,3
-1.4601,-0.84984,3
0.45169,-1.9125,3
0.25882,1.362,3
1.2908,0.045167,3
-0.16262,0.59556,3
-3.0814,-1.5265,3
1.3752,-0.84172,3
2.1394,0.74008,3
1.3683,4.3278,3
0.89014,-1.6448,3
3.9767,-0.2597,3
-0.54585,0.50527,3
1.7431,-0.43913,2
2.6235,1.5272,3
-0.097666,2.8726,3
1.0862,1.6504,3
-1.7003,0.20498,3
3.681,-3.3305,3
1.961,0.34438,3
0.63211,1.8862,3
1.5624,-2.1755,2
-3.1389,-2.9537,2
-0.15561,-6.5939,3
-0.17246,4.1986,3
-0.38263,0.95024,3
-2.2497,-0.7745,2
1.7049,-1.1288,3
0.91613,-0.84369,2
-1.0223,1.9319,3
1.4119,-0.43123,3
-0.28464,3.1453,3
4.3684,-3.6726,3
1.7031,4.2625,3
1.9067,-3.2892,1
2.5471,4.2253,3
-0.56565,3.6699,3
2.9998,0.28886,3
0.44441,1.1162,3
4.2091,-1.7626,3
1.5105,1.4404,1
-0.62761,0.6281,3
3.1144,1.3973,3
-0.2068,1.0184,1
2.3687,1.919,3
0.77071,-1.5395,3
3.6537,0.83521,3
4.3399,1.0422,3
0.98977,0.71588,3
3.2167,-0.27445,3
-1.0666,1.1757,3
2.842,0.60864,3
1.1025,-0.37825,3
-0.5705,0.71087,3
-0.85046,1.7525,3
3.0124,1.3771,3
4.1344,1.9385,2
1.1585,-0.74317,3
5.119,-2.2641,3
-1.9442,-3.3661,1
-0.98694,-0.37762,3
-1.012,-1.9827,3
1.1155,1.3692,3
2.4425,-1.3425,1
3.7762,0.081237,3
-2.3337,2.6578,3
0.35425,2.9255,2
4.695,0.97762,3
1.6849,1.8331,3
-2.3159,-0.68287,3
-0.51248,0.3614,3
0.73564,-3.3855,3
-1.3625,0.61353,3
-0.013319,-0.41733,3
-1.458,0.77357,2
3.2189,5.713,3
-3.3628,2.7463,2
-0.83454,0.57741,3
-0.53426,4.5877,3
-0.55291,-2.6913,3
0.01478,-1.2272,3
1.4272,3.0134,3
1.055,2.2707,3
-4.6044,2.3073,3
0.55662,-2.8655,3
-1.4571,1.0139,3
0.90116,-2.3194,3
-1.3045,-0.34465,3
0.93766,0.94398,3
2.2645,2.1546,3
0.54342,-0.56635,1
-2.7215,-2.0296,3
-0.16585,-3.2438,3
1.321,1.8017,3
-0.3866,5.1277,3
0.87984,-0.17662,3
-0.43537,2.9427,3
3.3688,1.1319,3
1.5013,4.0383,3
-4.9954,5.9126,3
1.0638,-0.59066,3
1.0527,0.73515,3
5.709,1.0079,3
0.22138,1.8325,3
1.1485,0.18653,3
3.0553,4.7101,3
-1.7344,0.37533,1
-0.91006,1.1226,3
-2.2753,-5.0086,1
-0.4379,-0.826,3
6.8108,4.2969,3
-3.5875,-1.7949,1
0.93711,-0.71796,3
5.7569,3.9041,3
-1.7937,3.5514,3
0.79769,1.5388,3
2.181,-0.23217,3
3.009,-0.054317,3
2.1888,4.1869,3
1.8561,4.2623,3
0.12754,-0.70362,2
2.761,1.372,3
3.8186,5.736,3
0.46098,-0.30592,3
0.66838,0.58135,3
4.973,2.6241,3
-0.533,1.4768,3
-0.46051,-1.1583,3
3.3405,2.504,3
1.471,5.0477,3
1.4925,-2.0945,3
-1.1287,2.8477,3
3.936,-0.33755,3
0.84721,2.1435,3
1.4987,-1.223,2
1.2453,-0.043327,3
3.6185,4.1142,3
-0.73391,-1.8117,3
2.2991,-0.53423,3
3.4987,1.4888,3
3.1306,1.8292,3
-2.1635,2.2257,3
-0.19311,-3.0068,1
1.3761,-0.074943,3
3.1331,-0.2413,3
3.6568,4.0056,3
0.1672,1.3623,2
3.2517,1.3431,3
0.8753,1.6994,2
3.0651,2.9456,3
-0.096413,0.23068,3
2.7863,0.78593,3
-1.8544,1.0597,3
1.9908,-1.5084,2
0.80931,5.3164,3
1.1134,4.5413,3
-0.44689,-2.7705,3
-0.72819,0.84862,2
-2.0806,3.1523,3
0.583,-3.1788,1
0.12382,4.6173,3
5.0014,2.2406,3
2.7255,-1.3709,3
-0.76977,1.0325,3
-2.6387,3.7672,3
-2.1012,-4.5014,1
0.50347,0.89874,3
-2.5189,-2.6956,3
1.6072,2.3639,3
5.6473,3.7711,3
-1.5286,0.35176,3
-0.28289,2.9374,3
0.81681,-0.50667,3
0.13199,3.7829,3
-2.2252,-1.8393,3
5.3998,0.2541,3
0.444,-2.9288,2
0.20365,2.2184,3
2.0154,4.6229,3
-0.33574,-1.5773,3
0.37402,4.7117,3
-0.84316,-0.55946,3
-2.4648,-1.2989,3
2.3956,3.1916,3
-1.0818,-0.1695,3
2.3476,2.8811,3
0.21285,0.9829,3
2.4405,0.753,3
-2.0606,0.41547,1
-2.7265,-1.9797,3
2.3255,1.0913,3
0.66679,-1.5012,3
2.8496,-3.0929,3
2.2479,1.6284,3
2.6895,4.5971,3
2.1655,1.6592,3
-2.019,-1.2895,1
0.48797,1.3489,3
3.2516,-0.36353,3
-1.6794,-0.33491,3
0.85653,-2.2655,3
-1.488,0.18654,3
-0.96281,0.38758,1
4.2928,2.3995,3
0.28586,0.52093,3
2.3682,0.11709,3
-1.8994,-4.8509,1
1.8948,2.3098,3
1.8633,0.23727,3
-0.73903,-5.4775,2
2.0738,1.9849,3
3.389,0.55301,1
1.988,1.9307,3
0.14265,1.475,2
1.1684,-2.6132,3
-2.456,3.3633,1
0.73441,-1.2542,3
2.9113,8.4616,3
3.2029,1.0505,3
-0.0059545,0.15101,3
-1.3048,-0.98246,3
2.8053,2.2734,3
1.3215,-1.3154,3
0.15804,-0.29017,3
-1.8088,0.24752,3
1.562,3.4474,3
-0.85925,1.2186,3
0.65904,-3.0385,3
2.5539,-0.4085,3
-1.4643,-0.082836,2
4.6018,-2.5973,2
1.0164,-2.6251,3
-1.4393,-0.58539,3
0.78767,2.0659,3
0.24166,0.89407,3
-1.1166,-2.6006,3
-0.12198,0.41004,3
-0.55447,-0.50264,3
1.6413,2.5243,3
1.964,1.1557,3
-0.94256,3.7697,3
-1.7865,-6.4114,2
-0.45438,-3.837,3
1.1053,0.76939,1
-1.765,0.12473,3
2.9319,3.1437,3
1.5032,2.6039,3
0.10332,2.1228,3
2.0801,1.4134,3
0.17588,1.5488,2
1.7348,3.8691,3
1.585,2.8135,1
0.55319,2.0912,3
1.7824,1.7566,3
3.0154,-1.8145,2
-0.0022891,-1.8692,3
0.010478,-2.6847,3
0.73245,0.64471,3
-2.0634,0.31894,3
-1.64,1.0263,3
0.29618,-0.68453,3
2.386,4.6523,3
2.3767,-1.501,3
-1.8947,-0.68942,3
0.35773,0.080941,3
-0.53997,2.098,2
-0.10139,1.6994,3
-3.1306,-2.4919,1
-0.14821,-2.4376,2
3.0792,6.7553,3
-4.8472,-4.0408,3
0.32755,1.3153,3
0.58258,-1.0586,3
-0.30042,0.65542,2
-1.3682,-0.74744,3
3.8831,-0.95203,2
1.2587,2.2996,3
-2.6306,0.56631,3
-1.861,-0.18063,3
0.62405,-1.7497,2
-3.746,-1.6643,1
-0.85435,2.1733,3
0.51212,-2.5962,3
0.91088,1.9411,3
1.7718,-0.38521,3
1.6113,3.0867,3
-1.8625,-0.035079,3
-0.65351,-1.0258,3
0.96146,-2.0339,1
1.7488,3.4292,3
1.401,1.1005,3
0.7287,2.4709,3
-0.65793,0.80979,3
0.4708,0.85761,3
1.4822,-4.148,3
1.5191,-0.93476,3
0.10054,4.3073,3
2.9944,1.7306,3
0.035621,-1.6374,3
-0.42365,2.3859,3
1.6148,-3.6924,3
0.0028626,2.7351,3
-2.3177,-0.95256,3
5.9067,2.8939,3
3.5148,0.061902,3
-2.3492,3.5141,2
-2.7914,3.3992,3
-1.4153,0.11335,3
-1.1794,3.0046,3
-4.0276,2.5112,3
1.1119,1.337,3
3.5212,-0.77841,3
0.43143,-2.5878,2
-0.51859,0.55526,3
-1.3994,-0.7213,3
-0.2558,-0.58733,3
2.3841,1.1714,2
5.2493,-1.5792,3
2.4912,3.0958,3
-2.1545,0.13166,3
-1.2524,-0.13528,3
4.1125,-0.97432,3
-0.14876,2.7819,3
3.2958,-0.21586,3
-2.3937,4.2322,3
-0.28108,1.9659,3
-1.6991,-2.7415,1
-0.50157,-1.2956,3
-1.4771,0.10637,3
0.46976,0.9139,3
-0.30335,-1.3,2
-0.35526,2.4202,3
1.6201,2.7032,3
1.6386,-0.1929,3
3.2079,3.3511,3
1.3332,1.0899,3
-0.67906,0.57876,1
-3.251,0.23894,3
1.4467,3.4392,3
1.8988,3.1552,3
0.38983,2.1709,1
1.3783,1.6818,3
0.28575,1.2477,3
2.7088,2.8577,3
-0.089811,-0.010166,3
0.93464,3.3191,3
1.5019,0.98274,3
2.008,3.0384,3
2.5003,-2.6831,3
-0.25266,4.0985,3
0.57671,-1.7583,3
1.8459,-1.1133,3
0.29139,1.5958,3
-1.52,1.5007,3
-2.023,-4.1484,2
1.1735,3.2919,3
1.5573,2.5901,3
5.2775,3.4295,3
-1.0703,2.9313,2
-1.8042,2.3217,3
-1.6551,2.1469,3
5.1714,1.3814,3
2.1679,1.8648,3
-0.18741,2.4798,1
-0.72282,0.44733,3
0.69647,0.80499,3
1.7257,3.2678,3
0.84736,-0.80064,2
-0.22696,3.1112,3
-1.4436,-3.0324,1
1.5567,-1.0128,3
0.22402,0.6891,2
0.34251,-1.5257,3
1.1037,1.3741,3
-0.95307,0.87263,3
1.584,-1.6683,2
-0.30595,3.2471,3
3.2873,1.4263,3
3.4127,0.24765,3
2.0916,0.31696,3
1.9689,1.1123,3
0.061585,0.34351,3
1.2317,-1.3182,3
-1.1022,-0.67677,1
-0.27199,-0.94126,2
0.94156,1.271,3
1.3756,0.8935,3
-1.4856,-0.038059,3
0.98643,0.078528,3
-3.6975,-1.5753,1
5.5192,5.3557,3
0.10871,-1.0962,3
-1.3862,0.96847,3
-3.7615,0.65296,3
-0.022266,-3.1809,3
2.8152,-0.35783,3
0.27205,-0.81644,3
0.04916,1.9698,1
5.1961,-1.7649,3
1.6539,-3.2059,3
1.4664,1.7067,3
1.7325,6.206,3
-1.5629,0.11697,3
1.9121,6.0931,3
0.31054,1.6203,3
1.0996,2.4214,3
1.7361,1.0556,3
0.68542,2.004,3
-3.3628,-0.95182,3
-1.295,2.0492,2
0.2915,-0.14318,3
-0.1343,-1.4461,3
-0.80188,0.14215,3
-0.036477,-3.0876,3
2.0244,-0.062126,3
0.28656,-1.8747,3
4.337,2.9892,3
1.08,-2.0766,3
4.4432,2.048,3
1.2254,-0.19326,2
-0.0983,2.2513,3
-2.3816,2.5386,3
-2.2095,2.0184,3
-0.041695,-1.5192,2
-1.027,-0.83995,3
1.5995,4.7024,3
0.81417,-1.3994,3
-2.5439,-0.92027,3
3.5361,2.3647,3
-2.5916,2.1675,3
3.7508,3.8351,3
-0.26799,2.3698,3
-0.63827,1.8113,3
0.77073,1.7021,1
-0.064168,3.8737,3
-0.70273,0.61977,3
3.2411,1.5935,3
2.2991,4.7842,2
1.3236,-3.4701,3
0.76753,1.6877,3
-1.0998,1.5825,3
0.60414,-1.7233,3
3.0137,0.55571,3
2.8611,2.2373,3
0.92701,1.0551,3
-0.54433,-1.9574,3
2.8374,0.87197,3
-3.64,-1.5177,3
1.3712,-0.80365,3
2.3497,0.36373,3
-4.2997,-1.4321,1
1.5187,0.63323,2
0.55993,-1.6188,3
4.1707,0.35191,3
0.03065,3.3374,3
3.2792,2.2493,3
2.246,-0.862,3
2.069,-1.4898,3
-5.1515,0.84602,3
1.4003,-2.415,3
0.97023,-1.1895,3
1.8133,1.6341,2
-2.8352,3.2525,3
-0.99962,0.23304,3
-0.72363,0.16011,1
1.8463,-1.1705,3
-2.7191,-0.78127,3
3.2552,0.89719,3
-0.46133,0.44808,2
-0.22753,1.7593,3
3.7195,3.9439,3
3.2346,2.5701,1
2.7239,-1.2722,3
2.669,1.4591,3
-3.1655,-4.8201,2
-1.957,-3.9215,1
-5.938,-4.9658,1
-1.489,-3.2025,3
1.9078,2.8537,1
2.4469,2.1609,3
-0.48609,-3.4192,2
5.0614,2.6057,3
-0.22927,-0.079915,2
0.083186,0.017063,3
2.1317,0.72094,3
0.098066,1.1882,3
0.64879,0.6503,3
0.80564,-1.6251,3
-1.2627,1.7512,2
0.79738,1.5156,2
-0.013234,2.2598,3
0.22067,2.4324,3
0.94434,1.9128,3
3.3211,0.78495,3
0.073173,2.8662,3
1.0253,-1.2802,3
2.3987,0.33945,3
0.69602,0.72719,3
-1.0536,2.7238,3
-3.0354,-1.7931,3
2.39,-0.69914,2
1.3596,2.874,3
-1.1745,1.0581,3
1.5181,0.66539,2
-0.80706,-0.5178,1
0.34261,-0.90516,2
3.681,3.6297,3
3.2195,5.6348,3
0.4668,-0.042346,2
3.3903,-3.7779,3
-0.11508,3.3986,3
-3.7915,-1.421,3
-1.586,-3.4415,3
-0.2373,-2.2772,3
-3.5281,-1.6455,3
1.7649,5.0366,3
1.3473,1.1115,3
-1.2715,-3.2133,3
-3.9975,-0.47465,3
-0.71463,0.21371,3
1.6401,-2.6062,3
-3.0157,-0.13624,3
3.0851,1.9858,3
1.3651,0.35411,3
2.5492,-1.4449,3
0.15372,3.1307,3
-2.4827,-5.6802,2
-0.38481,-2.0961,3
-0.90955,1.0059,3
-0.29961,-1.8034,3
-2.8575,-2.2277,3
-2.2095,3.0541,2
0.49435,3.5539,3
-0.66897,-1.5839,3
-4.0411,-1.3241,3
0.44358,-0.98863,3
-4.5535,-0.7711,1
2.3092,-1.8961,3
-5.5873,-0.50306,3
-3.9919,-2.054,3
-0.23112,-0.3149,3
2.6249,-0.085022,3
1.0014,1.0591,3
2.8545,3.1882,2
-3.322,0.43405,1
-1.4853,-0.11121,1
-2.4849,5.9704,3
-0.81451,0.46007,3
1.6834,-2.7073,3
-1.1326,3.3016,3
2.5549,0.55195,3
-3.0262,0.41782,3
-1.8918,2.537,2
-1.6262,-1.0978,2
0.10115,-1.7199,3
1.3466,5.2991,3
3.167,0.79065,3
-2.4062,0.85224,3
-1.463,-1.6421,3
0.20079,3.3291,3
1.6879,4.5931,3
2.2262,0.32208,3
0.24119,0.94035,3
-1.6702,2.2276,3
2.9694,1.3169,3
-0.86933,2.9063,3
-1.3127,0.0073534,3
-2.7812,-3.8111,3
1.499,-0.90029,3
0.093402,1.3686,3
-0.033287,-1.4451,3
-1.0418,2.6646,3
-4.6866,-1.2852,3
2.019,-0.29712,3
-0.48465,-0.63208,3
3.9886,2.0293,3
1.318,1.2632,3
3.0834,4.7589,3
3.6999,1.9579,3
1.0317,-2.0201,3
0.13306,-0.81982,3
-1.9492,0.46488,3
0.61258,1.5134,3
-1.0608,0.48035,3
2.2569,-1.0835,3
-1.3865,4.1647,3
1.6517,2.6643,3
-2.4046,1.5926,3
1.4143,-1.0139,3
-2.5979,1.007,3
-1.6971,1.8392,3
0.88761,-0.63467,3
-0.59822,1.8881,3
0.99092,0.81152,3
1.516,-1.8543,3
1.9231,0.29979,3
0.31484,-0.37155,3
-1.3833,0.29387,3
2.4485,-2.5466,3
1.9254,-0.1404,3
3.14,3.9099,3
1.8815,0.12051,3
5.621,0.98721,3
1.7205,4.9822,3
-1.7767,1.1603,3
-1.2513,-2.9378,3
1.3578,-1.7737,2
-2.4836,-0.055941,1
-1.1657,-0.089239,1
3.1843,3.5197,3
-0.30692,1.2801,3
-0.045131,-0.56762,2
6.014,0.46827,3
-3.239,3.2463,3
3.1529,-1.2315,3
-0.95213,0.85809,3
2.8378,3.5746,3
0.4106,2.2883,1
1.35,0.97323,3
0.66721,0.10396,3
2.4617,1.4441,2
1.3851,-0.92915,3
5.0729,3.7475,3
-2.6024,-0.71223,3
3.1258,3.3396,3
-4.7598,-1.2273,2
-1.8454,1.1089,3
-3.5883,-1.8047,3
-1.2627,-2.2312,3
-0.50341,2.5721,3
-0.05081,4.8248,3
1.7494,-1.3472,3
0.71847,4.005,3
-0.96162,0.57066,3
-1.5809,1.5495,3
-0.55879,0.62784,3
0.68044,2.4058,3
1.7858,-0.65216,3
0.94106,-3.2354,3
-1.366,1.0677,3
-1.0456,-2.4055,3
3.3573,0.99124,3
2.2475,1.7928,2
3.5386,-2.2856,3
6.0225,1.255,3
3.3701,-0.12537,2
0.041609,2.1294,3
0.72233,0.5394,3
-3.5209,1.2341,2
0.63304,2.3515,3
-2.9503,-0.63789,3
-2.7506,0.64072,3
-2.6972,-2.0963,3
-1.6,-4.3638,3
1.454,3.9945,3
2.0561,1.5353,3
-2.9829,-0.0045789,3
-2.9688,0.15138,3
3.6701,-0.47824,3
1.2495,3.6384,3
-1.6402,-0.775,3
2.9703,-0.21384,3
-0.96544,1.0244,1
1.5783,2.6901,3
1.1879,0.15254,2
1.454,5.1536,3
1.1727,0.62923,3
-0.67294,1.1744,3
-1.3124,1.9737,3
-6.6685,1.0024,2
5.3246,4.5075,3
2.5811,1.404,3
0.73349,2.8129,3
-5.034,1.5857,3
1.9076,1.7244,3
-3.4089,1.6262,2
1.2272,-1.7502,3
-4.5478,-2.299,3
1.8857,4.2436,3
0.38357,-1.0268,3
4.0041,1.8462,3
-2.0881,0.95493,3
1.5403,-0.2656,3
3.4145,-3.4498,3
1.29,4.6663,3
2.4514,1.7261,3
-3.6876,-0.70612,3
-0.88834,-0.13955,3
0.90341,-2.2982,3
-2.4648,0.64243,3
-0.3203,-0.27447,3
-4.0681,-0.50184,3
-0.45683,-2.1472,2
3.0363,1.1174,3
1.4835,2.8167,3
0.070974,0.54828,3
0.25781,1.9541,3
0.81924,2.0986,3
-0.33242,0.56112,3
-1.0765,6.8883,3
2.6699,-0.64507,3
0.53597,3.5269,2
-1.1855,2.6691,3
3.2938,1.8677,1
1.353,2.0207,3
4.4461,3.9129,3
2.2776,-2.5173,3
5.0057,-0.0076924,3
3.0622,3.7415,3
0.32505,-0.087535,3
-2.8142,1.1309,3
-0.62826,-3.0461,3
-2.0493,-1.9469,3
1.9164,3.21,3
1.2489,2.1776,3
3.2201,0.64893,3
3.7042,1.502,3
2.8293,-0.43958,3
-1.0499,1.7321,3
0.22167,-3.7925,3
-3.1461,-1.201,3
-1.2804,0.22372,3
-1.0386,-0.6871,3
3.661,2.4724,3
2.9842,-2.6123,3
4.0422,-0.74148,3
1.7505,-1.1357,3
-1.2113,-0.16098,3
-1.2532,1.3633,3
0.22231,1.3659,3
-1.6983,4.605,3
1.0491,-3.0326,3
0.89772,-0.35336,3
0.77493,0.11624,3
2.3101,3.3082,3
-1.55,-3.6245,3
-1.4798,-0.67473,3
0.097262,1.0923,3
-1.6649,0.56806,3
0.78849,0.49811,3
1.3827,-1.9693,3
5.269,2.7213,3
-1.032,-0.31738,3
2.9444,-0.52196,3
0.9613,2.2012,3
1.2689,0.56207,3
0.013728,-1.7528,3
3.6012,0.17737,1
-3.3768,-3.4618,1
1.5613,1,3
0.1354,2.3328,3
3.8208,3.3172,3
-4.2769,-6.681,1
-0.84408,-1.1939,3
2.2726,2.257,3
-2.7346,0.022564,1
-0.12655,4.6513,3
-1.4036,-1.9696,2
-1.2872,1.1468,3
2.6638,2.6626,3
-1.0573,6.64,3
0.84656,-2.1438,3
3.6876,-0.098635,3
-1.5907,-2.8104,3
1.3365,0.48057,3
2.7517,-2.2343,2
0.18008,1.8305,3
0.8064,3.8166,3
0.29565,1.4803,3
4.7509,3.8155,3
2.546,-0.214,3
-3.1137,-0.85324,3
0.26301,0.1903,3
-0.30531,-1.7081,3
-0.089973,0.61627,3
-1.0411,1.8475,3
1.3093,0.85023,3
3.6543,1.9085,3
2.0336,0.29319,3
-1.4953,1.9633,3
-3.2211,-2.4294,1
-0.62194,0.079647,3
4.5967,4.7774,3
0.83288,-3.7813,3
-1.5227,-0.99271,3
1.2433,2.1695,3
1.7141,0.17858,3
0.054815,-2.7286,3
0.96079,-1.1025,3
0.98977,-1.5906,3
-0.85887,-0.93971,2
-1.4138,0.83573,3
1.6265,2.8796,2
2.1692,-2.6077,1
1.6577,-1.7766,3
0.30455,2.246,3
2.0812,-0.58894,3
5.4016,2.9081,3
2.3875,0.25857,3
-1.131,-0.25147,3
1.7218,-0.034817,3
4.4655,0.047392,3
-0.01823,-2.0349,3
-0.71802,-2.854,3
2.1739,-2.295,3
-0.46426,-0.44734,3
-0.37234,0.59608,2
5.0933,1.5163,3
-0.036635,0.92797,3
-2.1613,3.9701,3
0.32865,3.1336,3
2.9174,2.2175,3
0.34324,-1.9264,3
5.8206,5.7766,3
-1.2839,0.27588,3
2.454,-0.25287,3
-1.4001,-1.3814,3
2.1512,3.351,3
3.5571,0.841,3
-0.95011,0.74442,3
0.38709,1.6298,3
1.8556,2.5843,3
-0.1725,0.12225,3
1.2943,-3.4283,3
-1.7881,-1.8423,2
1.8317,3.2317,3
2.738,1.7733,3
0.41786,-1.2745,3
1.2383,1.8176,1
-0.010373,2.3724,3
-3.8042,3.2792,3
0.52324,-0.28402,3
1.6191,0.69534,3
-3.618,0.94419,3
1.5701,1.6802,3
-0.66302,4.5105,3
5.224,0.62478,3
-1.11,-3.2638,3
-1.6548,3.4803,3
-0.97972,-0.27383,3
-1.1685,-0.55816,2
2.2529,2.9133,3
5.7193,-1.195,3
-0.6191,-2.8193,3
-5.0565,-1.7628,3
0.65076,1.3556,3
-0.73543,-0.95906,3
2.3536,-0.055761,3
-0.81005,1.074,3
-0.10355,2.2854,3
0.84094,-0.78547,3
1.1761,-3.8331,3
-0.3828,0.89581,3
1.7441,-1.9233,3
-2.1707,2.1133,3
-0.71459,-4.0822,3
-1.7257,-0.10713,3
1.5374,-0.37223,3
2.5168,-0.46852,1
0.20642,-1.1576,3
0.031632,2.9473,3
0.99721,7.3596,3
-0.44995,-0.65108,3
2.8924,0.72075,3
3.6433,2.089,3
-0.23421,2.5181,3
2.2,3.0785,3
3.0728,1.1694,3
-0.23141,1.3699,3
1.3466,-1.7765,3
1.3677,2.3978,3
2.2651,1.071,3
-0.085697,0.4346,3
7.3508,1.5136,3
0.77779,4.3709,3
8.7372,4.2748,3
-0.76081,-0.96859,1
2.7719,0.23396,3
0.74639,2.9954,3
1.2031,2.2079,1
0.14662,2.0765,3
1.4535,2.6175,3
-1.8405,6.2713,3
1.276,2.6981,3
0.73377,1.6276,3
2.934,-1.1501,3
-0.010841,3.8459,3
0.46273,6.7046,3
-1.9825,1.232,3
-0.14882,-0.12026,3
1.8063,1.0918,3
3.2546,1.2546,2
-2.0249,-1.7896,2
0.10761,2.6706,3
0.63615,-2.5035,3
2.7839,2.3796,3
0.64759,-0.072117,3
0.042831,3.2236,2
1.3311,2.0934,3
0.097299,5.4797,3
0.65515,1.3291,3
7.2955,4.9817,3
-0.10766,-0.44724,3
-0.85558,2.1872,2
-1.2353,-1.1308,1
2.2752,3.6945,3
-2.581,2.066,3
-3.5122,-3.1191,3
0.38083,-0.093522,3
1.8779,3.5023,3
-3.2414,-0.51493,2
-1.1713,-2.4562,3
2.8626,2.3665,3
-0.83605,-3.4161,1
5.3095,5.6884,3
-0.91101,-0.084814,2
-0.67114,2.6317,3
2.2011,2.3051,3
0.57907,1.8321,3
4.3865,0.20039,3
0.10287,5.2328,3
0.0098241,1.9949,3
2.1801,5.3691,3
2.2524,-2.7136,3
-0.29232,-0.17664,3
3.1293,0.93844,3
1.7792,3.6049,3
-0.92541,1.7974,3
-4.921,-1.3843,1
1.8701,-1.4969,3
1.2039,-1.9561,3
1.5577,-0.45546,3
2.5545,4.3879,3
-0.077874,6.9366,3
-0.0012678,1.1251,3
-3.0505,-0.58456,2
2.0629,1.8439,2
2.4156,0.7724,3
2.0456,-3.6596,2
1.7467,-3.1141,3
1.0131,-1.4731,3
-5.4019,0.84345,3
-1.02,-0.60458,3
0.015479,0.34246,3
0.027936,-3.3061,3
-1.5286,2.4986,3
1.7514,0.69056,3
3.7732,1.0353,3
0.22361,-1.8322,3
-4.2938,1.2803,3
-2.5239,4.4516,3
-0.042723,-0.16794,3
2.5661,0.54082,3
1.1653,2.7881,3
-0.43154,-2.2199,3
2.0517,-2.061,3
4.3677,2.3592,3
0.41807,3.4998,3
-0.52584,-0.36626,3
-2.4294,-2.9122,3
-3.1153,1.9153,3
6.9696,-3.3781,3
-0.2163,-0.86329,3
2.035,1.7043,3
0.43567,-1.724,3
-2.2429,3.4396,3
4.5758,-2.9043,1
-0.96909,-2.8374,3
3.5221,4.2406,3
-1.6165,-2.2588,3
0.38853,2.6479,3
0.35753,-4.5218,3
2.6812,1.3169,3
0.7283,-1.4921,3
0.021029,1.0993,3
-1.826,0.94607,3
0.75422,-0.13826,3
1.508,2.4623,2
2.7616,4.1181,3
-0.63559,-2.1003,3
-3.0463,3.4975,3
0.78862,1.0806,3
-2.7677,0.61712,2
1.429,3.3533,3
0.67237,0.54701,3
1.7761,1.1902,3
2.9346,3.1637,3
-0.63395,-1.7006,1
1.4185,0.7847,3
-1.8177,-2.133,1
-4.5996,-2.9698,1
1.4313,-1.0648,2
1.4072,3.69,3
-0.092809,-0.86256,3
3.3362,-0.039079,3
1.2475,0.73258,3
-2.6034,2.5275,2
-0.47662,-3.553,3
1.1569,0.086712,1
1.1824,2.317,3
-2.1971,1.7421,3
-1.0106,1.1468,3
4.011,-0.27899,3
0.45119,0.29417,3
-0.30541,-0.18148,3
0.1761,1.3084,3
-2.4467,-1.8162,3
2.758,2.9623,3
-0.36098,0.6817,3
-0.53356,-1.0881,3
-1.047,1.3547,3
-2.4011,0.30177,3
-0.76212,-2.5754,3
-0.73581,1.3502,3
0.28642,-2.8587,1
-4.9393,-1.4637,3
-1.5184,4.9968,3
4.4281,2.7173,3
1.5579,1.5367,2
-2.0364,-2.5777,3
-0.97734,-0.59883,3
-2.3721,-2.608,1
-1.1534,2.8115,3
3.7356,3.1869,3
-0.72317,-0.30236,3
-1.0307,2.5059,3
-1.7611,2.4976,3
2.7937,5.2469,3
1.1759,0.45979,2
-4.1203,-2.6594,3
1.0911,0.6013,2
-0.79252,3.5089,3
0.72004,-2.412,2
1.2347,1.9982,3
2.8454,2.8089,3
2.4705,1.1725,2
-1.5235,-0.39338,3
-1.6095,2.5379,3
3.8354,1.071,2
0.70812,-0.18753,2
1.0632,-0.64734,3
-0.3838,2.5856,2
-1.2185,-0.91063,3
-0.14914,0.66614,3
3.6748,0.39839,3
-0.94603,3.0632,3
1.3071,-0.64311,3
1.159,-1.1268,3
-0.52139,2.9685,3
-0.037894,-0.26394,3
1.6289,3.2409,3
-2.2807,1.1279,3
2.8597,0.97696,3
2.7487,6.2445,2
-1.2079,-5.4437,2
-1.2028,0.61653,3
1.5751,0.073177,3
2.1126,3.4,3
0.20965,3.4011,3
4.4358,0.19443,3
2.2409,-0.23212,2
-2.016,-4.2119,1
-0.17844,2.2707,3
0.64901,-4.5389,3
2.7491,4.8355,3
-4.6565,-3.6317,1
1.4037,-1.9193,3
1.5874,2.4516,3
-0.11275,-0.78789,3
0.64202,3.5099,1
0.63316,1.6364,3
0.60522,-3.6175,3
-4.5156,0.63842,3
2.2094,-0.80728,3
-0.27674,-3.6629,2
-0.4347,0.25726,3
-0.22992,-3.6388,3
4.0596,1.1061,3
-0.89229,2.0969,3
0.11829,-0.86432,2
-1.6152,1.5346,3
-0.15295,2.1317,3
0.15823,-0.23974,3
2.9332,3.2197,3
1.2875,-2.009,3
1.6948,2.5657,3
2.8899,-2.041,3
2.361,2.934,3
-2.3599,2.9948,3
4.3677,-1.909,3
-1.391,-1.4386,3
-0.34952,-2.4469,3
0.6498,1.1661,3
1.0607,-2.111,3
-1.5819,-1.1727,3
-0.14745,1.7732,3
1.0441,0.25067,3
2.104,-1.2708,3
3.5163,-1.2973,3
-0.15872,3.8113,3
1.6274,-2.4576,3
-2.2687,-2.4994,3
0.22527,3.2104,3
0.80046,-3.0059,3
-0.30597,-0.06638,3
-0.48705,-1.6064,3
2.1819,2.4199,3
-0.050112,2.3028,3
1.2138,1.4534,3
3.9887,-1.4915,3
-1.3913,-1.44,1
0.30297,1.7734,2
1.4403,3.4103,3
-5.3562,1.7358,2
1.0751,-0.37178,3
1.8466,3.1962,3
-0.85533,1.5424,3
2.3311,5.4213,3
1.4462,-1.2832,3
0.64859,-2.9591,3
3.15,-3.7816,3
5.3422,4.2722,3
2.4246,2.1031,3
1.6514,0.32916,3
-1.6532,0.32861,3
0.81035,1.6138,3
1.4973,-1.0809,3
-0.082107,1.5133,3
-1.2085,0.28792,3
0.28657,-1.9784,2
-3.4089,-1.8012,3
-2.4893,0.064303,3
1.4134,3.9076,3
-3.2781,-0.88156,1
4.7358,0.75987,3
2.7259,2.4318,3
2.5029,0.19712,3
0.98226,-0.9654,3
2.4645,2.6497,3
3.8392,-4.0319,2
3.4511,2.3511,2
2.4798,3.3711,3
1.1952,3.4585,3
2.7872,4.8903,3
3.5206,-0.24087,3
3.7914,3.0744,3
-1.1857,1.7062,3
0.99694,2.3935,3
0.20597,2.0944,3
2.5617,2.2657,3
0.93719,-1.4642,2
0.33596,0.27888,3
3.0197,3.7107,3
2.9501,3.4578,3
0.85304,3.0313,3
-2.1357,0.89241,3
0.082742,-0.99343,3
0.50685,-3.1512,3
-0.22729,-0.91029,1
-1.101,2.6143,3
0.83273,2.3532,3
2.5019,-0.79904,3
-0.066558,5.1505,3
1.5858,3.2196,3
-2.1786,-1.5217,3
3.691,-1.8016,3
1.1298,3.3472,3
-2.7401,-0.94784,3
1.4696,2.9789,3
2.4793,1.0779,3
4.4323,-1.8864,3
0.024709,0.73935,3
0.12216,2.0347,3
1.6052,3.7613,3
-0.22485,-0.73694,3
0.23006,1.3633,1
2.7725,6.1726,3
3.8993,5.1758,2
3.8057,-2.6292,3
1.7654,0.89881,3
-0.50407,2.8526,3
-2.0606,1.1573,3
1.9827,-0.31753,3
2.8241,0.20015,3
1.5217,3.0823,3
3.1588,-0.89101,1
0.24172,-3.1407,3
1.5378,3.0816,3
3.074,-0.21334,3
-2.7002,1.9972,3
0.63954,-1.8179,3
0.39387,0.098257,3
-2.1875,-0.068126,3
4.987,2.939,2
0.9709,0.36143,2
-0.52736,5.2507,3
-2.7554,2.8153,3
-1.4945,-1.511,3
-1.3845,-0.21305,2
0.036149,-2.2931,3
1.1178,-1.119,3
1.0825,2.6298,3
1.0982,2.405,3
1.1313,1.4962,3
4.4514,1.0626,3
0.60468,0.58209,3
-3.6244,0.1554,3
1.4942,0.57515,3
0.7375,3.9282,3
1.1087,0.47791,3
-0.054911,2.9446,3
0.071036,-1.9222,3
-0.90933,-4.2536,3
0.82419,0.33197,3
2.1654,1.8151,3
1.1143,1.5516,3
-3.1763,-2.2494,3
1.1034,-1.457,3
2.4306,2.9665,2
2.3389,-1.8405,3
-1.1766,0.15933,3
-1.5467,-1.6958,3
3.4241,-0.89693,3
-0.15196,1.729,3
3.9918,-1.3224,3
4.4259,1.2972,3
3.2574,2.1978,3
-2.1673,2.214,3
0.22379,-2.4014,3
1.0019,-0.49162,3
1.9336,-2.177,3
-3.9706,1.4471,3
0.31924,0.91983,3
0.83564,-1.5644,3
1.3731,2.0251,3
-1.3228,-0.22768,3
2.4938,3.9234,3
4.1765,0.16028,3
1.4184,4.0868,3
3.1948,0.58203,3
2.573,2.6641,3
2.123,-2.4382,3
-1.7879,-1.5581,3
-0.92541,1.9189,3
4.8672,3.7209,3
-0.72733,0.64802,2
-0.35673,0.40598,3
0.046605,-0.1728,3
-1.235,1.7973,3
2.6295,4.8213,3
1.045,1.5825,3
5.4094,-1.1787,3
3.1156,3.7922,3
3.541,2.9385,3
5.6109,5.2306,3
2.3223,1.6243,3
-4.6997,-1.9789,2
-1.6351,-1.7888,2
-0.95971,-3.0691,2
-1.2337,1.524,3
0.77587,-2.9604,3
-3.1055,0.94904,3
3.1872,1.2201,2
0.0016592,0.82037,3
0.54442,2.319,3
-0.92812,-1.3774,1
3.5161,3.5248,3
-0.57126,3.3018,3
0.97437,0.48782,2
2.3733,-1.6879,3
-1.2615,1.0256,3
-1.2261,-1.4931,3
1.4047,-2.7188,3
-0.065786,-0.15945,3
5.2488,2.4247,3
1.1845,0.65796,3
3.5615,-3.2541,3
1.6531,3.4366,3
1.9146,3.3799,3
-0.95828,3.4531,3
-4.5844,-4.7733,3
-3.7538,3.2469,3
0.7826,1.153,3
1.965,3.3871,3
1.9104,2.6268,3
1.792,0.728,3
1.4257,-0.25323,2
-0.89497,-0.32432,3
4.8977,1.514,3
4.0155,1.438,3
-1.953,1.228,3
3.917,2.4114,3
0.30323,2.5586,3
1.862,3.8876,3
0.7615,2.4728,3
-1.7824,-3.8135,3
0.6534,2.3661,3
-0.015416,5.4987,3
-1.1059,1.4256,3
2.9882,-1.9526,3
1.3202,4.3565,3
-1.0699,-3.5455,3
2.707,3.4593,3
-0.31971,-0.88995,2
-2.0901,1.8201,2
-1.8333,-0.48649,3
1.6529,1.173,3
0.43979,-1.9857,2
1.3515,0.66078,3
5.6487,6.8854,3
3.4032,2.7994,3
4.5142,2.3147,3
-1.4175,1.0538,3
3.7938,2.7558,3
0.34993,0.60844,3
0.33793,3.4883,3
-2.6148,-1.0599,3
-0.52517,1.9898,3
-6.5879,-2.7495,3
0.32155,0.52945,3
-2.5101,-1.2319,3
1.2164,-2.0037,3
-0.045126,-2.2658,3
-2.3303,-1.4719,3
1.3704,3.8218,3
-3.9205,-4.9556,1
0.31063,0.55246,3
2.9012,0.77463,3
0.95086,-2.2104,3
1.9264,1.3268,3
-1.334,2.6595,3
-0.64999,2.9096,3
-1.1761,2.0315,2
3.4234,4.8402,3
2.6245,1.1185,3
0.95684,2.9684,3
2.9221,2.4465,3
2.1116,-0.53483,3
-0.35399,-1.8389,3
0.64495,1.4583,3
-0.010537,1.559,3
0.46742,-0.88913,3
-0.019023,5.4166,3
-1.2943,1.5525,3
-3.6238,1.0075,3
1.057,-1.144,3
-1.0642,-0.1246,2
-1.3292,2.3038,2
-1.1922,-2.6,3
-0.35767,2.6487,3
0.95536,-0.66689,1
-0.92643,0.47897,1
-3.6757,-0.3555,3
2.86,-3.86,3
-2.6736,0.11651,3
-1.6381,-0.38309,3
2.5916,1.9735,3
0.13247,0.93363,3
-2.5716,1.6364,3
1.1608,4.2829,3
-0.18604,2.4726,3
-0.35073,-1.9708,2
1.2938,0.95285,3
-4.0956,-1.9072,3
2.6252,3.5483,1
2.0832,2.0224,3
2.2626,0.70061,3
2.5412,1.2184,3
-0.66254,-1.0599,3
1.6378,-1.2474,3
1.2902,4.2805,3
-0.71292,0.50823,3
1.5053,0.070972,3
0.66286,0.079808,3
-0.095231,0.95385,3
-1.7018,0.80221,3
4.0188,0.071455,3
-0.98512,1.4739,2
3.5257,-0.12701,3
0.99796,2.1997,3
2.1757,0.85613,3
4.7196,-0.21727,3
-2.3814,0.40312,3
3.2342,3.6601,3
5.1002,0.87279,3
-2.6771,-0.88159,2
2.7334,1.327,3
-0.5412,-2.66,3
2.5396,5.7955,3
1.596,2.0877,3
1.9972,4.1156,3
0.55185,-1.0312,3
-2.5566,-3.0747,3
2.1308,1.4082,3
1.9767,0.4311,3
3.0305,0.63572,2
4.13,1.6567,3
-0.30643,1.8044,3
-1.3699,0.97232,3
4.3377,2.1003,3
-0.28637,1.2575,3
-1.9142,0.35178,2
0.50489,-1.1773,3
2.6672,3.8144,3
-0.95373,-0.0069963,3
-1.7002,-2.1775,3
0.85458,0.46499,3
-5.947,-0.99239,1
0.22563,5.8222,3
1.7456,2.3426,3
-1.3942,-1.3469,2
2.6257,-0.57763,3
2.9516,1.1075,2
1.8637,0.45589,3
3.795,-0.82221,3
2.6103,-1.8385,3
-0.41329,2.9487,3
2.6693,1.242,3
-1.2364,2.9299,3
3.2045,2.6211,3
-1.9678,-0.9222,2
0.54081,1.4092,3
3.5616,0.95844,3
-0.84103,-1.563,1
0.40588,1.9239,3
2.3908,1.7144,3
2.3825,0.18827,1
5.5353,-1.8207,3
-1.8292,3.1187,3
1.0367,1.765,3
0.73245,-0.67914,3
4.2768,2.7201,3
-1.228,-1.2376,3
0.84439,1.8467,3
-2.3542,4.8059,3
-1.008,-0.55621,3
-3.8811,1.2512,3
1.37,-4.0175,3
-1.1794,-0.79746,3
-1.1377,2.4079,3
-2.3731,-0.84696,3
5.3132,-0.64899,3
-0.20586,1.377,3
0.33846,4.1898,3
