3.2329,5.9362,2
-0.66159,-1.0963,2
0.68028,2.2606,3
0.13046,-2.6394,1
-0.60004,-1.2773,2
-2.1403,-2.7654,2
0.23272,1.0834,2
0.3869,0.59902,1
0.62647,-0.3226,2
4.3843,0.12279,3
-1.0669,-1.5979,2
2.9674,1.8564,3
-3.3479,1.6903,2
-0.83875,-2.1116,2
-0.13301,1.4433,1
3.0855,2.9659,2
2.1249,2.7355,2
-2.8525,0.11675,1
-1.7204,6.1058,2
-0.37841,-1.8536,2
0.29364,-3.9971,1
-2.3418,2.0371,1
1.5204,-4.8804,3
1.4001,-0.30977,2
2.1227,-2.3316,2
-0.42758,0.073933,2
-3.3171,-7.7286,1
-0.13888,-1.5572,2
-3.3328,1.4025,1
0.22667,-1.8396,2
-7.2679,-2.9193,1
-1.7472,-3.217,2
0.34302,-1.6184,2
-2.5792,0.60992,2
0.59753,0.99475,2
0.24671,1.2362,1
2.1328,0.02461,2
-0.081229,-2.1614,2
2.9621,-0.53694,1
0.081334,1.0229,2
-0.23955,-0.55208,1
1.1315,3.7023,1
1.3965,3.8028,2
1.3472,3.3368,2
-1.5029,-2.0922,2
1.7402,-2.4671,1
-3.5673,-6.5689,1
2.0892,2.0015,2
4.8073,-4.3502,2
-0.63938,-4.9384,2
2.6018,4.7006,3
-0.68953,2.7231,2
-4.8203,-2.2732,2
-3.0544,-1.7112,1
0.41579,0.12085,2
-0.37175,4.3091,2
-0.35465,0.97055,1
0.035696,2.5391,2
-2.0403,-0.97778,2
2.8841,-2.0551,1
2.63,-2.5314,2
3.9721,0.47613,3
2.5189,6.1655,3
-4.8755,-2.3283,1
5.6612,1.8112,3
-2.3592,-0.51714,2
-1.0578,3.4637,2
3.296,3.9877,3
2.6094,-0.74264,3
0.22767,1.3162,1
-1.9304,2.2433,1
1.362,-0.56889,2
-0.70472,0.95868,3
-2.8793,-3.6827,2
-1.7573,2.2965,2
-0.75741,-0.40173,2
-2.0765,-1.5253,1
3.3963,0.62781,3
0.25362,3.4626,2
3.4267,-0.79765,2
-1.597,2.9416,3
2.1343,-2.388,2
-1.8749,3.8229,3
1.0878,-2.2892,2
0.43273,-0.22159,3
-0.17938,-3.1353,3
-1.396,4.1425,3
-2.4631,-0.049551,1
-0.45428,1.9252,2
1.2987,3.2832,2
-0.52545,3.6457,3
-0.36135,-1.0234,1
3.4921,-3.4767,2
-1.3907,-1.3655,3
-1.9144,4.9633,2
-3.2058,2.5299,3
-1.1001,-2.0644,1
-2.3362,-1.1747,2
-0.52566,0.62898,2
0.91372,-0.56547,1
0.8509,-0.32209,1
-0.26747,-1.6025,2
0.37837,1.9824,2
0.028678,-2.2577,2
-2.9258,-1.2954,2
-0.83539,-3.1615,3
0.34325,2.3551,3
-3.5473,-1.7462,2
1.9754,-1.5872,2
4.2594,4.2468,3
4.5394,1.4474,2
1.9511,-1.2714,3
1.9679,-1.8227,1
-3.1144,-1.3645,2
-2.9251,-2.065,2
-1.3172,-3.4476,2
2.841,-4.4911,2
-0.63254,-3.514,1
1.6923,-3.2518,2
0.41534,0.56157,2
-2.0407,-1.3046,2
-0.95551,-1.7112,1
-1.3141,2.7063,3
0.58752,-2.0922,2
-0.5187,-1.8725,3
-1.4249,-1.9801,2
-2.7061,-0.96825,2
2.2924,2.2695,2
1.0172,1.2107,3
2.3708,2.3518,2
-0.39061,1.7747,2
-2.5104,-0.70471,1
2.525,-2.5665,3
-0.12216,-1.1585,2
-2.9414,-3.9354,1
-0.50165,-0.82734,1
0.62486,-0.70521,3
3.3438,1.3578,2
-0.3204,-0.597,2
0.81737,-2.3826,1
0.69357,2.2083,2
-1.6489,1.3517,2
0.90392,2.0503,2
-1.602,3.5559,3
3.2491,2.5347,2
-0.56835,-1.6701,1
-1.4225,2.0851,1
2.0394,2.1697,3
-3.369,1.6329,2
-1.095,2.4768,3
-1.0954,2.2162,3
-2.3766,-3.2719,3
1.3023,1.3477,2
-0.041676,-3.347,2
-1.8494,0.4118,1
1.9039,-0.89066,1
-6.1649,-3.8137,3
0.70037,2.8876,2
1.5902,1.2528,3
-0.34719,1.1585,3
0.60841,-0.054021,1
0.4656,-3.3993,2
-0.78622,-1.1573,2
-0.20551,0.038148,3
-2.6445,-1.5598,1
1.4311,1.6856,3
5.6268,0.44949,2
-1.7558,-1.2783,1
-0.71093,0.94057,2
0.3504,-0.88353,2
2.1299,1.1849,1
4.2461,1.091,2
-2.1166,-0.40649,1
-4.4594,-0.99105,2
-0.034801,-3.9743,2
1.9861,-1.5672,2
-1.734,2.6416,2
4.8116,-1.8636,2
-0.8599,-2.6572,1
-2.2947,0.21327,2
-1.2759,1.0808,1
1.1026,-2.716,1
-1.8082,-0.78585,2
4.0128,-1.7173,3
3.0903,4.5496,2
-2.9364,-2.1034,2
0.91955,-1.8392,2
3.1228,-0.55068,2
1.3933,1.23,2
4.8475,2.7384,2
-3.3866,0.64525,2
0.97625,2.6617,3
-0.68424,0.40154,2
-2.187,-1.4717,2
-3.3063,-1.2909,1
2.7352,3.6837,3
-2.2571,-1.0993,1
-0.57861,-0.98961,2
-4.3146,-1.5236,2
4.1081,1.257,3
-1.0458,0.43252,2
0.39399,3.0897,2
-1.9449,1.9946,2
-0.72966,-1.2967,1
-1.9042,-1.4385,1
2.456,-5.4094,2
1.9801,0.89384,3
-1.3738,-1.4086,1
-1.5375,-1.2208,2
-2.3645,-0.14784,1
0.92443,-0.15345,1
1.7189,0.13418,3
-1.7912,1.1601,2
0.92831,5.8014,2
-0.5257,1.2711,3
3.5633,2.7507,3
1.7084,1.7684,2
-0.63185,0.22447,1
-0.29057,-0.46006,3
1.5077,4.9968,3
1.6888,0.64588,2
-1.1227,2.7485,2
-7.3448,-3.7244,1
-0.69616,-3.009,2
0.51365,0.01878,1
1.3333,2.2526,2
2.3696,0.1658,3
-0.25042,0.1321,3
-0.86184,-0.3071,2
-3.2122,-5.4177,2
0.41399,-1.2312,3
-0.19722,-1.9867,2
4.291,0.42072,3
-1.7738,-3.473,1
-1.7207,-1.1046,2
-0.51583,0.76492,2
1.0042,-1.9943,2
1.8557,1.5097,3
2.5701,-3.6416,2
0.13584,-1.3522,3
-1.5731,0.26046,3
0.77866,0.7166,3
-0.3944,2.9049,2
-0.75702,-0.55785,1
-2.4884,-0.21337,2
2.372,-0.28345,2
-0.19944,7.6282,3
-1.2323,1.7663,2
1.2894,0.80257,3
-0.52041,-2.6639,2
0.91752,-2.7236,1
0.55134,1.4414,3
1.5831,-0.4233,3
1.1476,-0.3053,2
1.2738,-1.583,2
5.0886,-0.59635,1
-1.4683,-3.4087,2
-0.1591,2.8694,2
1.8233,-3.0069,2
0.7167,1.714,2
4.1988,0.97371,3
0.54425,2.3012,1
2.5479,-1.0822,1
1.053,0.47135,2
-0.35332,-1.4223,2
1.7783,-1.9975,1
2.4679,-0.91369,3
4.7966,0.51763,3
-1.0864,4.2466,2
-0.44267,0.91501,1
2.084,-0.42243,2
0.51329,-2.4014,1
0.62616,-2.0423,2
-1.8223,-4.0134,1
-2.1925,-0.73166,2
0.29251,-0.7928,2
-0.0041557,1.8811,3
0.97703,3.4319,2
1.2575,2.128,1
-2.1045,4.4981,3
3.6609,-0.19463,1
-3.1466,-0.11448,1
-2.9421,-0.051972,1
-0.92889,-0.9344,2
-0.865,1.5923,3
-0.60866,1.0121,2
2.7623,0.81075,2
-1.5701,-2.0484,1
-2.8117,-0.7928,2
-1.8282,-0.82267,1
-1.9963,-0.54458,2
-0.14728,-0.85504,2
1.3691,1.6317,2
2.3004,2.3686,3
2.7899,-1.2229,1
-0.69266,2.737,2
2.2598,-0.4759,2
2.5361,-3.7698,2
-5.8514,-0.31201,2
1.7378,1.8979,2
0.85774,3.0904,2
-0.093358,-1.1357,2
1.9711,-1.4217,2
0.98481,0.53343,1
-5.7904,-3.5135,1
1.3514,-1.4154,3
-1.2678,-0.95957,2
-4.8283,-2.2838,1
1.2608,-2.6426,2
-1.2372,1.7427,1
-3.5837,-5.4598,1
1.5351,-1.6054,2
-0.69265,-2.1891,1
0.94417,1.2015,3
0.42713,-1.4102,2
0.69725,-2.0443,2
2.2006,-0.0048756,3
0.73569,-0.33867,2
6.0826,-0.86856,3
-0.24746,0.77469,3
-0.93367,0.80907,1
-4.0675,-0.29267,1
4.154,2.6634,2
-4.4612,-1.5564,2
0.86489,2.9436,2
0.34912,0.27532,2
2.2784,3.4016,2
-4.4332,0.89969,3
1.1022,-0.24675,2
-2.4161,-2.6454,2
1.4524,-0.22455,2
1.6309,-0.17812,2
0.434,0.12831,2
3.1628,-0.43812,3
0.74314,0.91692,2
-1.3125,-2.3941,2
1.6954,-1.5935,2
1.1112,-1.0619,2
-2.4763,0.73463,1
-0.17508,0.57563,2
1.0084,0.53703,1
1.0894,1.3483,3
-2.4423,1.5819,3
3.4222,4.6525,1
0.92304,2.1328,2
1.7417,-1.3666,2
2.3601,-1.163,2
-2.9176,1.0158,1
-2.7465,4.1709,2
-3.2942,3.161,2
-0.57187,0.16513,3
-1.6733,-3.7402,2
0.98794,-0.089645,3
2.1493,0.64808,2
-1.6205,-2.0566,2
0.81307,2.9304,3
-3.1077,-0.018762,2
1.8858,0.99624,2
1.1417,-0.81498,1
1.8079,-0.38652,2
-4.5731,-3.8826,2
-2.6368,0.3882,3
-1.4353,-3.5307,2
2.907,-1.3725,3
-4.2856,0.035678,2
-3.0476,1.1366,2
0.69824,3.5475,2
-2.1121,-5.2208,1
0.74605,-1.2591,1
2.8989,0.95529,2
-4.3692,-1.5314,1
-2.9906,0.16547,2
4.972,1.9756,2
-3.3085,2.2509,1
-1.4611,-4.6687,3
-0.4683,-0.95213,1
-0.74241,-1.6373,2
-0.48477,0.3296,1
0.45467,-0.27075,1
-4.1448,-0.99544,2
1.37,-0.67491,2
-0.16462,0.23784,2
2.6828,0.98771,2
0.15101,-3.8803,1
-0.85524,3.748,2
1.0301,2.0728,2
-0.5928,-4.1003,1
1.7008,2.2414,3
-3.0457,-0.55594,2
0.34742,-0.60121,2
-5.6982,-5.5785,1
-4.414,-2.5163,1
-2.7478,-0.66758,1
2.3608,4.4197,3
-0.63493,-0.069875,3
-3.3656,-4.3475,2
-1.1636,0.10493,3
-0.16371,1.207,1
3.2815,5.2387,2
-3.1662,-1.4371,2
0.054483,-0.30895,2
0.8183,0.33358,3
-3.4369,-4.4395,2
0.3772,-0.91921,3
0.298,-0.060538,2
-1.7093,0.61418,2
-3.345,-1.0654,2
0.53035,1.6899,2
1.5092,-4.5417,1
4.279,2.6454,2
-1.95,-0.33832,2
1.8484,1.0121,2
2.5909,1.227,3
0.26844,-0.77746,2
4.4329,2.6826,3
-1.9439,0.48158,2
-5.8089,-1.2006,2
2.8508,2.7506,2
0.84004,1.6315,3
-0.64845,-1.9209,2
2.9322,-1.308,2
-5.394,-3.6346,2
-1.0624,-2.2529,2
-1.2152,-2.0172,3
-2.0082,2.9211,3
0.10964,-1.4216,1
0.82005,3.6253,3
4.9668,1.9895,3
0.66673,2.8667,3
3.551,1.6319,2
1.1761,-3.5601,2
0.38557,-2.6861,1
1.7654,-1.1404,2
-0.90323,1.3741,1
-3.1175,-0.74753,1
1.7632,-2.0771,2
2.3526,0.90354,1
-2.8349,0.57971,2
2.7525,-2.1812,2
1.0813,1.4281,2
-1.9773,-1.4261,1
3.824,1.0211,1
-2.055,-0.73124,1
0.47139,1.2622,3
-1.5195,0.89339,2
-1.9303,-1.2998,3
0.31343,1.9899,1
-2.4782,3.0022,3
-0.38474,2.0065,3
2.6042,-1.4415,2
-1.8025,-0.90881,3
-1.1303,0.49156,3
0.19884,-1.7588,2
2.0619,-0.26233,2
-2.0756,-2.6589,2
3.3731,-0.45368,3
-1.1473,-4.1155,2
-2.3591,0.24278,2
3.8281,-0.097799,3
-0.33882,0.69589,3
-2.8334,-1.0635,1
-2.289,-3.52,3
2.6231,0.066907,3
2.9621,-0.17396,3
-0.53129,-2.9106,2
3.1665,-0.012428,2
1.7705,2.4941,2
3.3981,-0.89613,1
1.2418,4.3525,3
-5.5917,-3.0169,1
-1.946,3.1915,2
-0.27896,4.8821,3
0.47805,2.6103,1
-0.41773,-3.7814,2
-1.3,-3.3261,2
-1.3955,-0.97837,2
-1.0176,-5.1983,1
3.232,2.9004,2
0.2785,-0.14903,2
-0.44322,-2.9853,3
1.1937,-3.2559,1
3.9643,2.0708,2
-1.1214,-1.492,2
3.4822,3.6782,3
1.1218,-0.053304,2
-2.2828,-2.7836,2
3.17,-2.5457,3
-0.8944,5.5878,3
0.24515,1.9701,3
-0.42081,0.43448,1
-1.3179,-2.6941,1
0.91416,0.52919,2
-0.95593,3.7444,2
-0.92041,0.035628,2
1.4315,1.6069,3
-1.114,-0.95621,3
2.911,2.7849,3
-0.44612,-4.1358,2
2.0258,-4.3617,2
0.77348,-0.8206,1
-3.2009,-0.43569,2
0.60984,2.1361,2
3.0689,-1.3459,2
1.1415,1.546,3
-1.9412,-0.24778,1
1.4167,-4.9003,1
-7.9031,4.9933,1
-1.3028,-2.7718,1
3.0109,1.9965,2
-0.26081,-0.72343,2
1.7306,2.8258,1
-3.0369,-0.030317,1
4.6556,1.4458,2
0.21136,-5.8767,1
1.783,-0.64244,1
-1.146,2.6232,2
-0.80727,-4.3452,2
-3.8757,-6.2111,1
4.1692,-0.87998,2
0.84051,2.483,2
0.65087,0.0033872,1
-0.49116,0.0021632,2
-0.1617,-0.37303,2
2.7013,-0.3841,1
0.41978,0.71193,1
0.037337,1.726,2
-1.3399,-3.7648,1
-3.7223,-3.936,1
-2.4643,-0.61403,2
0.58996,1.1637,2
1.0646,-3.912,2
-1.0173,-0.64361,2
-0.31776,1.2303,3
2.1875,1.6222,2
1.1436,-2.257,2
-0.04253,-2.2432,2
-1.7265,2.727,1
-1.2271,2.8948,2
0.44134,-0.10649,1
1.2574,-0.99487,1
-0.97691,-0.88692,3
4.453,2.1725,3
0.27039,-0.79567,2
-0.49112,-0.12631,2
-4.2052,-1.8423,1
-0.64266,-2.3633,2
-1.029,-4.3025,2
1.2798,2.0678,3
-0.27749,1.9571,3
1.3687,0.53235,3
4.6051,2.3116,1
-1.3837,-1.1128,3
-1.503,0.14677,2
-0.75842,-2.7019,2
7.3659,3.3627,2
-1.8491,2.5359,1
0.22377,-3.7338,2
1.3236,2.129,3
6.8451,-0.26986,3
-7.2235,1.5272,1
2.5009,2.0161,3
-2.0957,-2.2914,2
-3.7321,0.301,1
2.0687,0.60707,2
1.4563,-2.6909,1
0.54265,0.2517,1
1.0712,-2.0561,2
2.9134,-3.2948,3
-2.7775,-1.3379,1
-4.2216,4.5563,3
-2.5645,-0.68683,2
-0.11147,-1.0021,1
-4.318,-1.7794,2
1.8186,1.6777,2
-4.8163,-3.7362,1
0.14842,-5.9417,1
-2.3307,-2.4418,1
-3.1449,-0.57922,1
-7.0261,-3.8878,1
-0.27081,2.0443,3
2.4449,-3.0804,1
3.7413,-2.8692,2
-0.33125,-0.24946,2
0.97815,5.7522,2
3.5477,0.065133,1
-3.7238,-1.657,1
0.87736,0.78019,2
-6.9329,-0.51992,1
0.79918,-0.88855,1
5.8101,-1.8753,2
-1.7207,0.82933,2
2.513,2.269,2
-3.677,0.023543,2
1.3645,1.5366,1
-3.9947,-3.209,1
0.37463,4.325,3
3.8724,-1.8242,3
-1.6692,-1.5131,1
2.6586,1.5521,2
-1.4077,1.2531,3
-4.5423,-7.0914,1
-2.4922,3.5074,2
-0.58081,-2.9841,2
0.43427,-1.0852,3
2.8223,-1.4359,2
0.83886,6.1319,3
1.3193,3.2219,3
-0.67531,1.3088,1
0.87143,-2.0423,2
0.33885,0.13134,2
2.9655,0.42403,2
-0.51748,-4.9528,1
-2.4561,-2.7429,1
-3.6627,-2.0015,1
-1.319,1.2251,2
-2.5745,-1.2316,2
1.3652,-1.6867,2
-2.4825,2.2105,1
-1.7661,0.96217,2
0.8062,4.0162,3
-2.8785,-1.2639,2
-0.85766,-0.59168,2
-0.59266,-1.0869,2
-4.1077,-0.6405,1
1.9413,-0.88639,1
2.6596,-3.69,2
3.517,3.0698,3
2.1975,3.2377,3
-0.49928,0.17599,3
4.1184,1.9412,3
1.3193,1.1933,3
-5.2712,0.7244,2
-1.4163,0.26558,2
3.2057,3.193,3
3.5567,-1.7605,3
-2.2846,-4.2449,1
-1.0572,-1.4646,1
-3.8064,-1.9338,1
4.0058,-0.75753,3
1.642,-0.74253,2
-2.336,4.1941,2
3.7161,0.81402,2
0.36042,-0.86474,2
-0.050665,2.5643,1
-5.3049,-1.9164,2
-0.37043,-1.2999,2
2.9766,-2.1402,1
-2.9339,-5.3188,2
-0.75266,2.1389,2
0.14784,4.2428,3
0.90313,1.4651,1
-1.4702,0.9142,3
1.2273,-3.2248,2
2.4264,0.43985,3
-3.8904,-3.7632,1
1.0767,-0.33078,3
3.8579,5.2574,2
-4.2955,-1.7376,2
4.4711,-1.6628,2
2.3,2.5225,3
4.5073,2.8455,3
-1.1721,4.0546,1
-1.5518,1.1224,3
3.5481,-0.37429,2
2.631,-0.81132,3
-3.0474,-5.3771,1
-1.238,2.4822,1
1.2708,2.3205,2
-1.9759,0.17357,2
-0.79105,1.0283,1
-3.4039,-0.68545,3
-1.8307,-0.38707,1
1.5422,-3.4681,2
-0.43066,2.5435,2
-3.1567,-6.8458,1
-1.4204,-3.6751,2
0.73708,-2.5199,2
2.0556,2.7631,3
1.9222,-1.8463,2
2.6146,-1.6028,3
-0.43919,-1.5237,3
0.38779,-3.2488,1
-3.1896,-5.1254,1
-3.3887,-1.2656,1
-0.0063823,0.83531,2
0.76693,4.1754,2
1.2666,-2.9612,3
-0.59859,-1.5499,2
3.6667,2.3276,3
1.892,-1.0597,1
-1.3293,1.8752,3
-2.9672,3.7984,2
-5.2523,0.92175,3
-2.4112,2.3606,3
-3.0964,-3.4596,1
-3.4829,-1.0131,2
-3.0583,-1.0045,1
-2.0292,-0.87919,1
0.18889,-1.8743,3
-3.5306,0.93922,2
1.6063,1.0725,1
-2.5267,4.3425,1
-2.2017,-3.4565,2
-1.9609,-0.60244,2
0.51357,-2.4037,1
1.397,3.6988,2
0.37095,-0.92029,2
-1.6917,-1.5475,1
0.63314,-0.22206,2
0.20894,-0.99826,2
1.2531,-3.2954,2
3.6467,3.3283,3
4.3018,-0.39335,2
-3.2061,1.0005,2
5.7782,0.21037,3
-3.5409,-0.46603,2
2.6701,-4.6636,3
-2.3313,0.26649,3
-1.9724,-0.5115,3
3.1241,2.3382,3
-2.1607,3.5911,2
0.68876,1.8809,3
0.28054,-1.2494,2
-0.80219,-2.4705,2
0.93266,2.9094,3
2.0703,0.91279,2
0.27494,2.6856,1
-4.578,-4.1776,2
-0.72147,0.16951,2
-1.8184,1.464,1
0.70416,1.706,3
-0.74396,-0.73455,2
-3.5803,-2.7237,2
0.79912,2.8471,2
2.5701,4.1366,2
2.97,1.9384,2
0.59876,2.5921,3
-0.19142,-1.8765,2
-1.1126,1.0475,3
-2.0255,-0.49899,2
-0.16793,0.61036,1
-4.3278,-0.030027,1
0.78956,2.7204,3
1.0242,0.42951,2
0.49339,-3.5421,2
2.9283,0.42344,3
1.1241,-2.2076,2
-0.71637,0.8271,2
1.6184,-2.4581,2
-0.13675,-0.020668,2
-6.6095,0.047108,1
-3.2073,0.76021,2
-1.3324,-1.8931,1
2.1957,1.4502,3
-2.26,-2.5881,3
-2.5411,0.69624,3
-1.6739,1.0176,1
2.0157,-0.62117,2
-5.9449,-5.929,2
-2.5362,0.61172,2
-2.8732,-0.70707,1
-0.57462,2.8411,3
1.8071,-1.4795,2
0.32325,1.8558,2
-0.36069,-1.2348,2
0.81832,-0.47154,3
-6.0959,0.33643,2
0.035426,0.27488,1
2.1413,0.11604,3
0.89637,1.5631,2
2.3342,1.9691,2
-4.604,-1.6806,3
-3.1675,-4.8979,1
0.01245,1.0622,1
-1.2337,-0.88147,2
0.70658,2.1923,3
-0.99039,2.081,3
1.6348,1.9847,2
3.2371,0.66742,3
0.40508,0.66539,3
0.69321,0.4893,2
-2.8396,0.12745,2
-0.99447,0.37769,3
0.61028,-1.3718,2
-5.4268,0.079387,1
-2.3137,-2.7073,1
-0.14025,-0.88838,1
-0.38844,-1.6759,3
1.0257,-1.0532,3
1.6142,-1.7799,2
-0.82832,1.8576,2
-4.6308,-2.0562,2
-0.17541,-3.2244,2
-1.0979,2.8368,2
-1.7097,-0.047797,2
-2.3039,0.49167,1
-1.4528,0.57044,1
-0.18863,-4.7863,2
-0.80845,1.437,3
2.3269,-1.2152,2
-2.1902,-3.1151,2
-0.26067,-0.69361,1
-0.92586,2.8647,3
1.7552,0.039162,3
0.54503,0.34525,1
-1.4913,-0.070357,1
1.5994,2.2641,1
1.1511,0.83345,2
1.9459,2.3005,2
-0.5057,-1.7866,2
2.4102,-0.78288,2
-1.9417,0.80715,2
-0.0023735,-1.721,2
-3.9368,-1.3765,1
-0.80914,-0.082632,3
-2.241,-3.1803,1
-0.96306,-2.2091,2
1.1929,2.5962,2
-3.9973,-5.1435,2
-4.7435,2.5178,2
-0.18158,0.61078,3
1.6369,2.5159,3
1.1633,1.1442,2
-0.57307,1.1515,3
-2.85,-0.44915,2
1.6852,-1.7472,2
-1.6845,0.73614,3
-0.54245,-0.60056,3
0.077612,-2.7848,1
-0.1024,0.93197,1
-0.95035,3.1471,1
1.3382,2.7269,2
0.32886,-4.4745,3
-6.033,1.5171,1
-3.3637,3.0847,1
-1.3622,0.88936,1
-0.73335,1.5628,2
-5.3548,-6.1799,1
0.97417,0.63452,2
-4.6127,1.4493,1
-4.5961,-1.648,1
-0.54852,0.5914,3
2.0104,3.9528,2
0.79691,0.075246,2
0.51355,0.36563,3
0.50272,-3.0109,2
-0.82751,-1.59,2
-1.4243,-1.5493,3
-0.19222,-1.3498,2
1.0988,1.8162,3
-1.2161,-2.2744,1
-2.0521,-0.9768,2
-1.9509,7.864,2
0.67493,-1.855,1
-3.1765,0.065967,1
-1.4199,-1.0276,2
-1.947,-1.8886,1
-2.2159,0.44979,2
2.6461,4.5083,2
-4.4084,1.5098,2
-1.2259,0.092716,3
-0.458,1.891,3
-1.0938,-2.2182,1
-0.85186,-3.5624,1
2.3256,-0.87549,2
1.3638,-2.1872,3
-4.1975,-2.9654,2
-1.5581,2.1505,3
0.64254,-3.735,1
-1.2676,-3.4757,3
-1.9175,-1.5461,1
-2.5959,-0.56633,2
2.3183,-1.2076,2
-0.0012866,-2.4648,1
-1.4618,-0.92618,1
1.131,0.1535,3
1.0936,3.4816,2
0.26527,-2.6427,1
0.12497,0.91391,3
-2.2151,-0.13709,2
3.4446,3.4936,3
-0.58939,0.018839,2
-5.6459,-5.359,1
2.3173,5.0755,2
0.923,3.8593,1
-2.498,-3.5822,1
2.2094,3.5546,3
2.5033,-0.46371,2
-0.58912,1.0778,3
0.98306,0.97391,2
-0.23962,-0.82308,2
-2.8071,-2.3065,1
1.2068,0.98818,3
-1.2869,-3.5668,1
-5.913,-9.1679,2
-3.1101,-1.3202,2
-1.8056,-4.0895,2
-3.1868,-0.10857,2
3.1103,-1.0206,2
-0.17526,0.41054,2
-3.1084,4.792,2
-4.5202,-4.9408,3
3.7912,5.1794,3
-0.19423,-4.2327,2
-4.3352,-0.76359,2
1.8912,-1.6735,2
2.1248,1.9085,1
-1.1072,-2.2716,2
4.5931,0.0041595,2
0.15427,1.9319,2
3.8618,-1.6803,3
-4.2529,2.4426,1
3.1201,0.0049077,3
0.49861,1.3767,1
-6.016,-2.4119,2
-4.0382,-3.3642,1
1.5041,3.638,2
-1.3348,2.9276,1
6.3978,2.5437,3
0.9359,-1.9964,2
-2.1273,-1.8728,2
-1.2298,2.0837,2
2.741,-1.6467,1
2.9047,-0.84439,2
1.028,-0.65618,2
0.83452,1.5981,2
-1.5983,-6.9231,3
0.028779,1.611,2
1.7632,0.88861,1
3.498,5.1534,2
-0.83572,-1.6533,3
0.23108,-2.0614,2
1.8806,-2.2741,2
0.4939,-1.7205,1
-1.5563,3.5667,1
1.5541,-0.31007,3
2.6223,-0.71529,3
-4.6323,-2.3096,1
-0.041655,-2.6503,2
0.87526,-0.12448,2
-3.033,0.55848,3
-1.4281,4.6504,3
-0.45803,1.2699,1
-0.51236,0.046609,3
0.31789,1.7411,2
0.21225,-4.6375,3
-2.0677,2.2178,2
0.85437,1.3556,3
-0.61404,0.40294,2
-0.32912,1.7805,2
-3.513,2.2389,3
-3.1488,-1.5194,1
2.9468,-1.3114,3
3.4891,0.11332,2
1.5528,0.62278,2
-3.3275,1.0451,3
4.01,-0.79432,2
-0.40641,3.9772,2
-0.47618,-1.5269,2
-1.9832,-1.8565,3
-3.4964,-2.265,2
1.8662,-1.3304,1
1.3289,5.1447,2
0.25808,4.7217,3
0.72813,0.87892,3
1.59,2.7626,2
2.8217,-0.76971,3
-0.22303,3.8298,2
-1.0914,-0.52203,3
2.2561,2.2391,2
0.65007,2.9588,3
1.7278,0.87776,1
-4.2181,-0.84924,2
3.6286,1.934,2
0.41861,0.34066,2
1.3179,-0.44525,2
2.4045,2.0475,1
1.7316,0.92367,2
1.2192,2.2298,1
1.8287,-0.091159,3
-0.35813,-2.6667,2
1.7837,-1.1885,1
5.8398,2.625,3
-1.5763,-1.504,2
-0.071511,2.0504,3
-2.0776,-3.7455,2
-2.0896,2.0227,2
0.0078257,0.18921,3
-0.26168,0.19389,1
4.5113,1.0908,2
3.3309,2.1952,3
-1.6208,-1.9793,1
0.13499,-2.266,1
-0.64418,-0.17615,1
0.76595,1.922,2
0.082915,-1.6869,1
-0.52076,0.65029,2
-6.3869,-0.74834,1
-2.3354,1.3575,2
1.8371,2.036,3
-1.0449,3.7358,2
-1.8505,-2.2043,1
0.36584,-1.147,2
0.7913,0.42481,2
-0.67658,-0.019225,2
0.038547,-1.5628,3
4.397,0.0033721,3
-0.050814,-3.461,2
-1.8451,0.058318,3
0.7924,-1.471,1
1.3742,-0.12301,2
-1.6943,-0.809,1
1.7216,0.24933,2
-1.1222,-4.3687,3
1.4957,3.0544,3
3.6439,4.3479,3
-1.8222,-0.21056,1
3.2056,2.8297,3
-0.87785,-3.3264,3
2.6418,2.1583,3
1.199,1.9548,3
-0.70301,2.8541,2
-0.0061227,2.145,1
-2.1624,-1.9776,2
-2.6697,-0.49342,2
-0.62319,1.4084,3
1.8817,-3.1789,2
1.6197,-0.51592,2
1.9599,5.1684,2
-2.7658,-1.4586,1
-1.7763,3.0398,2
0.61988,-0.29614,3
-3.4432,1.2395,2
2.6239,3.3351,3
1.7375,-3.7935,1
1.345,-1.7663,1
3.8598,2.6063,2
-1.018,-4.7744,1
-8.6848,-1.2995,1
0.31452,-1.9089,1
-3.9833,-2.6096,3
0.41132,3.866,2
-2.0902,5.6116,2
4.1388,-0.029916,3
-1.1785,2.8465,2
-0.5946,-2.7305,2
1.4757,-0.29989,2
-2.3911,-5.0165,1
0.43805,1.947,1
0.86394,1.0976,3
0.36819,0.26447,3
-2.2705,3.7593,2
-2.1666,-3.983,3
-0.47017,1.9317,3
2.4038,-0.89306,1
0.26263,0.78286,3
-1.2326,-2.707,2
2.7069,1.4255,3
0.30951,-0.97558,2
-0.71156,-1.5881,1
1.2711,-0.38422,2
-0.65596,2.8726,2
-2.5081,0.36641,2
0.50575,0.59966,3
-2.4065,-0.70818,2
-4.5456,-6.2784,1
0.64721,-1.3919,1
1.8595,1.8904,2
2.2054,0.1881,2
-0.60466,5.0028,2
-0.88711,-4.7894,2
0.16349,-3.0592,1
4.1645,3.1091,2
5.1255,-0.49279,1
-0.79984,-3.2604,2
-1.524,-1.9358,2
2.6279,0.026688,3
0.57572,1.0324,2
2.6839,1.1709,3
3.2563,1.2307,2
3.7021,2.4628,3
3.0487,-0.35939,2
-1.0145,-5.8367,2
-1.0725,0.41915,1
-0.93955,4.4499,3
0.80084,4.2652,3
-1.2599,-2.2844,2
0.92876,-3.3168,2
-2.0384,3.2714,2
-2.5066,-2.7771,1
0.44808,-0.19227,1
1.5563,2.7762,1
2.7673,-0.1501,2
2.8664,3.8252,3
-4.2887,-3.4013,2
0.44935,4.0497,2
-1.2856,-0.015153,2
1.608,-1.2148,2
-1.9584,0.20761,2
-0.19608,2.5744,1
0.55541,3.9708,3
0.96222,3.2987,2
1.6934,2.2225,2
4.9204,0.91075,3
2.1845,3.5446,3
-2.6485,-0.24348,2
-1.942,-2.609,1
1.1729,2.0755,2
-1.7149,-2.9781,1
1.6069,-1.7438,3
1.0699,2.4196,2
-0.55373,3.8379,2
2.2691,-0.88739,2
2.3871,3.6839,2
4.4089,-0.27329,2
-1.3259,-0.50699,1
4.4329,-1.5482,2
-0.32292,2.7784,3
-3.3708,-3.7693,2
2.6162,1.3879,2
-0.66833,0.39607,2
-2.6147,-2.0441,1
3.312,3.4342,2
3.493,0.36596,2
-1.7227,-0.278,1
2.0353,1.2808,3
-3.8859,-0.60543,1
2.9265,-0.33723,3
-4.363,-3.4384,1
0.60549,-1.5985,2
-2.6042,-5.1949,1
2.9044,0.20506,3
4.3239,4.3186,3
-3.4599,-0.32896,1
-1.1815,-0.48625,2
1.6649,-1.5615,1
3.2,0.85227,3
1.8378,3.334,3
2.3429,0.10259,1
0.097081,3.3446,3
0.80113,2.1765,2
0.48803,2.7355,2
0.16221,-3.4367,2
0.4352,0.18937,1
1.3464,0.30998,3
4.0399,-0.044666,3
1.6127,-1.465,2
4.0026,2.9451,2
-0.23232,2.4858,3
2.352,-0.50996,3
-0.95806,1.7122,3
3.3515,2.4825,2
-0.42104,-2.173,2
1.7304,-3.2421,2
-2.7233,0.84797,3
-0.61678,1.5014,2
-0.80915,1.039,2
1.4421,1.0625,2
1.6499,1.4242,2
-3.1185,1.4014,2
0.1909,0.33515,1
0.13505,-1.4181,1
3.1525,-1.3787,2
1.4787,1.8291,3
0.089693,0.87269,2
2.6896,-3.6325,2
0.85716,-1.4845,2
-1.7427,0.61558,3
-0.83306,3.3592,1
0.10991,-3.2687,2
0.88871,1.3277,2
-2.4588,3.4845,2
-0.00060681,0.021355,2
-1.5968,4.8973,2
0.078536,0.4934,1
-1.4775,0.86976,2
0.067015,0.63107,2
4.4872,-0.15884,2
-2.198,2.7663,2
-3.683,-1.009,1
0.95201,0.032454,3
3.7091,-1.1282,2
0.1948,-0.33844,2
0.51954,1.6507,2
2.8948,-2.6576,2
-1.3669,3.3408,3
-2.6197,-3.5183,2
-0.434,1.9206,2
-0.40674,-0.52539,2
0.55758,-2.6094,2
2.6233,-1.4439,2
1.1936,1.2865,3
-0.67545,-4.7235,1
2.8494,1.4883,3
2.2206,4.9972,2
-1.7066,1.0689,3
0.16161,-0.77824,2
1.9914,-2.0666,2
-2.0895,-4.5757,1
-1.6484,-1.6925,2
-1.8022,-2.0135,1
-0.77689,-3.5903,2
-3.0453,0.9031,2
-0.38458,0.10274,1
-3.6913,-0.871,1
4.1517,-1.7411,3
-4.671,-4.4452,2
-0.47971,3.3876,2
-2.0909,-2.3982,1
4.247,-4.5398,1
-2.6196,-0.67947,2
-2.6582,-0.27777,3
-1.5352,0.23672,1
-2.0019,-2.3733,2
-5.3917,2.3692,2
0.22453,-1.8083,3
-0.5375,-0.12109,1
0.8299,2.7415,3
-1.1892,3.2311,3
-1.7047,-2.6672,2
-1.1561,0.02406,3
-0.87163,1.9588,2
3.7253,2.9184,2
-1.0271,1.2207,2
1.2875,-2.4589,2
-0.21061,-0.39494,1
-2.7096,0.49411,3
-2.8764,-0.88168,2
2.8542,1.6479,3
0.0041244,-0.24774,3
0.95741,3.6739,2
-4.0648,-0.83393,2
-0.75926,1.5515,2
0.47935,-1.5501,3
-0.25044,-2.5671,1
-0.34798,-0.10732,3
1.6463,-2.6295,3
-0.076032,0.22295,2
2.0197,-5.4828,1
-2.2325,-2.8199,1
0.23606,-3.6105,3
-0.75105,1.7273,2
3.69,3.3245,3
-1.4294,-3.0898,2
4.8458,1.8837,3
3.6699,-1.9523,3
2.4587,4.5239,1
0.52684,-0.019674,2
3.1544,-0.75367,1
4.8444,3.0553,3
0.75469,1.6915,3
-1.8946,-0.105,1
-2.1391,-3.5694,1
2.136,0.28515,2
-3.4001,-2.9992,1
3.2184,-0.74451,2
-1.1529,-2.382,1
-0.32691,0.65196,2
1.281,-1.1323,1
2.6991,5.2356,2
1.789,2.14,2
4.1488,2.4226,2
-2.5963,2.0475,1
3.8904,-2.1995,2
2.0429,-1.787,3
-3.3356,-1.7956,1
-3.4413,0.38282,1
0.95569,0.35434,3
2.3528,-5.3852,2
1.2277,3.5653,3
1.8676,3.5405,3
-2.2393,-3.896,2
4.5275,0.21097,2
-5.1873,1.9376,1
4.8303,2.9969,3
-1.5266,-1.9508,1
0.65316,-0.051124,2
2.9148,0.79425,2
4.5317,0.64446,2
0.044781,3.2991,3
3.4273,1.6438,2
-2.0596,-1.9749,2
-3.6132,-1.8079,1
-1.9822,-2.4226,1
-1.1121,1.7463,2
-0.79263,0.076849,2
0.98511,-2.4066,2
2.9801,1.3416,3
-0.21212,0.11661,2
1.4303,3.2161,2
1.1651,-4.4631,1
-1.0571,-0.21339,2
1.6375,-1.1538,1
1.0366,1.9656,1
-2.4267,-5.4456,2
3.767,2.5939,3
0.61168,5.7415,3
-1.6404,-1.3869,2
0.72995,0.62993,3
0.87128,-1.8675,3
1.2955,-3.755,2
0.30096,-2.5018,2
-3.3909,-2.7056,3
-0.031635,-0.779,2
-1.9565,-5.084,2
2.6882,2.204,2
-1.0821,3.508,2
3.262,0.028466,1
-3.8529,-0.4602,2
3.4985,-1.1145,3
3.0378,-0.2626,3
-1.5511,3.7555,3
4.2867,4.2941,3
-0.59987,-3.4778,2
-0.22666,2.2954,1
-1.7354,1.1592,2
-1.5536,0.29077,2
1.1333,-1.4118,1
1.3615,-1.4094,2
-2.586,0.81992,3
0.94574,1.2617,3
-2.0708,-1.9581,1
3.0512,2.7911,2
1.1803,5.7049,2
0.7196,1.5098,3
-0.75255,3.4059,3
5.6205,4.8734,3
-0.94033,-3.3745,3
3.6431,0.61622,2
1.6679,4.1685,3
0.46982,-0.29344,3
-4.6917,0.24281,2
5.2897,0.16475,2
0.83851,3.8449,2
-2.5002,-2.4476,2
6.8672,5.7927,3
4.6391,3.793,2
1.8701,3.2112,2
2.176,0.85869,2
0.44169,-0.91727,2
3.0187,-4.5974,2
0.026736,1.5062,3
-1.2677,-1.6908,3
-3.5205,-0.61277,3
-0.52929,0.92226,1
0.32847,2.3395,3
0.80469,0.84047,2
-3.6444,2.6989,1
-2.1257,-6.2957,2
-1.5857,-3.2766,1
-3.585,-3.7513,2
-2.0476,1.3111,2
1.131,3.5106,3
2.6164,-0.20745,3
-0.34424,0.81114,1
1.3963,-0.63538,3
-1.8452,-1.133,2
0.67397,3.6991,3
1.7451,-0.03461,2
3.0365,1.5166,3
0.90989,4.676,2
-2.8999,-0.43551,3
-0.28553,2.5168,2
1.626,0.69357,3
1.4053,1.2908,3
1.1872,1.171,2
-1.0605,-5.3304,1
-2.3961,1.0083,2
-0.46315,4.1828,2
-1.8562,-0.86399,2
-3.3593,-3.1859,1
-2.2463,-5.118,1
-1.6752,-0.31446,2
1.8916,0.90943,3
4.1473,3.265,3
0.29713,2.517,3
3.0655,4.1702,3
-1.635,1.9612,1
0.51994,0.081217,2
0.7701,-0.22485,2
1.2403,0.43887,3
-3.3686,1.0909,1
-3.8468,1.552,3
0.44243,1.896,2
6.0626,0.061358,2
2.7381,2.6861,3
2.793,0.86302,1
-0.4519,1.3025,2
-0.31653,4.6119,3
-3.7389,-1.0432,2
4.2864,-0.12068,1
-5.4981,-6.495,1
-1.6339,1.063,2
-1.8083,0.56413,1
-1.3166,0.67671,1
-0.23434,-3.1059,1
4.9805,2.3941,3
-2.99,-3.1668,2
3.0785,3.4799,2
0.43113,-0.53945,1
0.63119,1.9131,2
0.62783,1.2768,3
-2.8428,1.6698,3
-1.8832,0.7379,2
0.048195,0.46449,3
5.384,-0.71082,2
0.049689,-3.1386,1
-0.39964,3.0552,2
-3.8054,0.55673,2
-0.62983,-1.9878,3
-0.28059,-3.0164,1
3.3171,5.5753,2
1.3516,-1.9066,1
0.99844,1.8283,1
-0.26541,-1.5562,3
2.2708,-2.3297,2
-2.5916,-3.8808,1
1.3619,2.102,3
0.7808,-1.0163,3
3.2614,3.7785,2
-0.65314,3.5195,1
1.9764,-0.13726,2
1.6576,-2.0916,2
0.91212,-6.7975,1
5.4163,3.1544,1
0.30875,-0.26421,2
-0.070186,1.78,3
-0.38779,-4.2954,3
2.0437,3.3406,2
0.54225,0.46903,1
-2.2271,-1.9284,2
3.8754,-0.81923,2
1.4447,3.8924,2
-1.3432,1.1335,2
-1.6604,0.53407,1
0.86734,3.9511,3
3.9811,2.0301,1
-0.063892,0.22854,3
-0.91524,1.4968,2
1.6005,0.02418,1
3.9833,2.4519,2
1.7932,2.4983,2
-1.5192,-1.389,2
-0.83974,4.7225,3
0.17617,3.024,1
-1.7646,-3.2309,2
-0.058926,-0.33356,2
0.83231,0.32631,2
-5.592,0.22154,3
1.1403,-1.2605,1
2.7542,7.4859,2
1.6233,-0.09413,3
-0.47779,0.053242,1
0.096409,-1.4463,1
-3.8122,-3.8687,2
4.2641,1.8817,3
2.0156,-1.2877,3
-0.38773,-1.601,1
1.7841,-1.9205,3
-0.27645,0.21546,2
-3.4692,-2.2001,2
-0.9764,2.3843,2
0.33401,-0.1836,2
5.6251,2.4973,3
3.3507,0.83426,1
1.0501,1.9064,3
-1.7186,3.0472,2
-1.6654,-0.93326,3
3.3036,4.0321,2
-1.7323,0.988,3
3.5982,0.45339,3
0.036027,0.79539,3
-1.3321,1.4032,2
-2.2593,-0.1744,1
-4.0051,0.18508,1
-1.7035,0.91166,2
-3.7221,1.4759,2
3.3534,4.5203,3
-1.3361,1.6885,2
2.5722,2.3518,1
3.8058,4.4352,3
0.099593,0.064651,2
-2.3054,-1.6445,1
-1.4377,-1.9048,2
-1.3201,-1.7124,2
-3.0977,0.30547,3
-1.4611,5.0681,3
-1.923,-0.33555,1
-3.3939,-1.0909,3
6.8147,1.1181,3
0.68087,2.5899,3
-1.8395,-1.8104,2
-1.7524,0.75756,2
-0.32622,0.023295,1
-3.0619,-3.85,2
-2.241,-1.209,1
-0.85634,0.54577,3
2.5144,1.2114,2
-1.3591,-0.20584,1
-6.5219,1.4482,1
1.6647,1.2036,3
2.9859,2.8087,2
-3.2419,3.7916,1
-0.86282,-0.43852,2
-1.9201,-3.5178,1
1.3752,1.8244,1
-0.97199,1.8678,2
-2.5442,-2.2544,1
-1.0799,-5.6718,2
-2.3304,0.35568,2
6.1587,4.359,3
-3.5103,-1.5175,1
-1.7498,-2.931,1
-1.5883,1.3385,1
-2.7545,3.3923,1
0.24552,1.4797,2
3.7096,-2.8735,2
1.5729,0.63691,3
-0.65791,-0.47547,1
-1.8962,0.35213,2
3.6381,0.13563,1
-0.40846,-2.192,2
-4.3112,-1.1543,2
4.7663,2.2482,3
-0.98251,-5.1932,2
0.98362,-1.526,2
4.6822,1.2781,3
-6.763,-0.015187,1
-1.3437,-1.351,2
-1.3913,-3.1272,2
0.091375,1.0132,2
-2.1991,1.0862,1
1.2555,-6.1254,2
0.77777,-2.8629,1
2.5346,-0.83391,3
2.0417,1.4718,2
-4.6062,-1.1132,2
-1.2153,0.69426,2
-3.3024,-1.2025,3
2.5612,1.2993,3
0.29084,-3.0237,2
1.2074,0.32219,3
3.1667,4.3353,3
-1.0741,-1.1092,2
4.2429,1.3731,3
-1.0091,-0.26597,2
0.53209,-0.38358,2
-0.99065,-0.17309,2
-1.2519,-1.3647,2
-3.018,0.05837,3
-1.2145,1.9834,3
-3.7393,-2.8705,2
-1.9741,2.0879,1
1.8789,1.9437,2
-1.2882,-1.3919,1
0.51712,-4.4124,2
0.70747,-0.56071,2
-0.27684,0.51333,2
2.0448,-1.3119,2
-0.44524,-1.9122,2
3.2894,4.0006,3
-1.3129,-0.69946,2
3.8335,-2.5616,2
2.4876,-0.03465,3
-0.091158,-1.7519,3
1.6786,-0.34048,2
3.3351,2.2901,3
-2.3501,-2.0522,1
-0.50789,-0.70541,1
-1.7579,-3.0096,1
0.93471,1.768,1
-1.0335,2.704,3
3.2989,-0.70191,3
0.078995,-2.9483,3
1.2218,-1.2989,1
-2.7661,-1.6453,2
-3.6934,-2.6335,2
-1.367,-1.2901,3
4.98,-2.4744,2
3.213,-3.6339,1
-2.7415,1.069,1
-0.85597,-3.4607,2
-0.79641,1.6453,1
-5.0672,-1.385,1
2.6686,-0.97698,2
2.453,2.0788,3
-4.4732,-1.1121,3
-1.6003,-0.53282,1
3.0022,-1.5494,3
6.1319,1.5875,2
3.3514,3.7136,3
0.91473,1.4272,2
-0.83501,-0.06538,2
6.1675,1.3534,2
-0.88338,0.57755,2
-0.95476,-0.67917,1
-0.70156,-3.4262,2
-0.35378,-0.91581,3
2.554,-0.67839,2
-2.6877,0.23633,2
0.84421,-5.807,2
-2.6198,-0.33309,2
-0.89124,0.58645,2
-1.3145,-2.2707,2
-0.51549,-5.9155,1
1.815,-0.12669,2
0.039643,-0.10663,2
1.4403,3.09,2
1.6829,-2.57,2
-2.4977,-4.6305,2
0.069003,0.12536,3
-3.2924,-1.5634,2
1.2149,0.80024,2
1.2285,-0.49917,3
2.4808,0.40758,2
-4.5144,0.20158,1
-1.4201,-1.7561,1
0.44516,-1.7365,2
1.3058,0.67522,3
-0.41572,-1.1707,2
-2.8243,-2.8676,3
0.71236,-1.1995,2
0.11367,1.704,2
-0.18645,4.0278,1
-0.23701,-0.24972,3
1.3621,-0.84858,2
-3.5318,-1.7877,1
-3.0683,-4.5997,3
0.32356,0.57109,2
-0.64251,0.51132,2
-0.69943,-4.3731,1
-3.3455,0.38803,2
-2.1004,1.2965,2
-2.2017,-1.3241,2
3.3544,-0.85287,2
3.347,-1.878,3
1.5159,-2.365,2
-1.0181,2.0781,1
0.68066,-0.81902,2
-0.96266,1.9843,1
-0.65454,2.0724,2
-0.87058,1.6228,1
2.128,5.0584,2
1.968,-1.9352,1
0.99448,-0.28201,2
0.80141,-1.7297,1
-0.63745,-1.7939,1
-4.1,-2.057,2
7.5804,1.7166,3
4.0226,-2.24,3
0.11958,2.0518,1
-2.0084,-0.89941,1
-0.31775,-2.0471,2
0.9704,0.51044,3
-5.8627,-0.56412,1
-3.0066,-0.45687,2
2.9762,1.0106,3
1.7545,2.329,3
-5.5814,-0.92031,3
3.1615,2.0198,3
-2.6942,2.5133,2
1.2434,-2.4575,2
-2.4419,-0.092321,2
0.54026,-1.3437,3
3.8566,-2.0133,2
1.1099,-0.37771,3
0.50095,3.4137,2
4.2775,0.76643,2
-3.1266,-4.8226,1
-3.4266,-3.0469,2
-1.8754,-1.7238,1
2.2938,0.94413,3
-1.8949,1.8196,3
4.1681,0.40381,2
4.0592,-3.6721,2
-2.216,-2.7456,2
-1.7586,-0.016254,1
2.186,-0.98957,3
2.438,-2.3701,3
-4.6683,-1.644,1
-1.5601,-4.0184,1
-2.1156,-1.8472,2
1.392,-2.5976,2
-0.60581,-0.81817,3
3.7363,-2.6896,2
0.84064,0.8319,2
1.02,-0.57474,2
1.6647,6.3818,2
1.458,3.6441,2
-1.8893,-0.7904,2
0.32852,0.55261,2
1.6854,0.047742,2
-1.5417,2.6494,2
1.6807,2.5579,2
-0.90056,4.1898,3
1.0933,-1.8525,2
-0.56857,-1.7667,1
-2.5859,-1.3001,2
-2.1955,-0.16084,1
-1.1127,-0.13235,1
-1.9145,0.1145,2
-2.3447,0.56947,2
-3.2924,-1.6878,3
-2.8293,-2.257,1
-2.1286,-5.9979,1
-0.56515,-1.6545,1
-3.7894,-3.8559,2
2.6008,2.1611,3
2.5144,0.85829,2
-2.3309,-0.98088,1
-0.038233,3.936,2
-0.47388,0.86048,2
0.65108,-1.7972,3
0.32162,-2.9815,2
-2.4383,-1.1516,3
-2.8015,2.626,2
-2.2306,-0.64034,1
-1.1319,-2.0898,1
2.3761,-2.9355,2
-4.8031,2.78,2
-0.78889,5.2833,2
-0.25075,-2.2853,3
-0.21092,-4.9232,2
1.5166,1.5803,2
3.1278,-0.14788,2
0.68811,-2.8014,2
-0.53812,-2.0733,1
4.1986,-1.9851,1
0.25987,1.9633,3
-0.41086,2.8616,3
2.4576,3.729,3
-1.5606,0.40754,2
-1.4807,2.602,3
-3.3177,1.3056,1
-5.7282,0.28687,1
3.4452,-0.61933,3
-1.0635,-2.5881,1
-0.65309,0.93836,1
-1.76,0.19152,2
-1.3175,1.1693,2
0.037501,0.79879,1
0.31824,-1.3488,2
-0.93435,2.4936,1
-5.0952,-3.4834,1
-0.0044524,-1.4914,1
1.5253,1.912,3
0.78161,3.8663,2
-3.4471,-3.541,2
1.0249,-0.49326,3
-2.204,-2.2394,2
-1.6042,2.6833,3
0.3178,0.8629,2
0.46775,3.1486,2
-0.33131,-1.0885,2
1.5627,-2.8229,3
-1.1418,1.3144,3
3.0807,1.0349,2
1.5643,-2.2367,2
-0.83892,4.246,3
-0.75551,1.4547,1
-1.6143,-4.6344,1
-1.1606,2.8811,2
1.2316,-1.1198,1
-4.515,-0.69823,1
0.92298,2.1068,2
-2.107,-3.129,1
-1.6258,2.2083,1
-0.85556,1.5874,1
-0.33558,2.0017,3
1.0384,0.62644,2
1.8633,0.59152,2
-1.8687,-3.3536,2
-0.11776,-3.8684,2
-4.2301,-1.6906,1
2.3233,2.9388,2
0.28696,-3.2508,3
-1.5868,-4.0626,1
-2.3374,0.87099,1
1.9337,-1.7612,2
1.8849,1.468,3
1.6093,-0.17555,3
-1.6764,4.3723,1
-0.85069,-1.2636,2
3.2831,2.019,2
1.2609,-1.418,2
-1.007,-1.7559,1
0.64065,-2.2469,2
-3.16,-0.44103,2
-1.7825,-2.4249,3
0.13629,2.0561,2
-0.70885,1.7663,1
5.4884,3.6173,3
2.2421,-1.3181,2
-0.085322,1.8418,3
-3.7191,-1.143,2
-1.2206,-1.5112,3
0.34435,-0.90937,2
2.1141,1.3415,3
1.4578,0.55657,3
-1.4304,0.35992,2
0.43483,-1.1084,3
-1.4081,-0.0081716,2
-2.1583,-1.4627,3
-2.1271,-0.63879,2
-3.8156,-2.834,1
0.81738,-6.5044,1
1.2044,-2.4514,1
5.1645,-0.93922,3
-3.2406,-5.6657,2
1.5785,-3.5476,1
-0.017155,-0.9495,2
1.2146,3.9851,2
-1.6153,-0.74719,2
0.76545,-3.1685,2
2.3492,-1.8067,2
2.4698,1.7643,2
-1.1763,-3.0032,1
2.6079,-4.6108,2
3.289,0.014911,2
3.1501,-1.0291,1
-4.5946,-1.4049,2
-0.024954,-2.9599,1
-2.5776,0.91294,1
0.43914,-0.4991,2
-0.32447,-1.0886,1
1.0842,1.8184,1
1.6102,0.51037,1
-1.6107,2.8748,2
-0.7889,0.73276,2
3.0833,-0.4597,2
1.7767,0.57633,2
-0.47942,-1.7143,2
1.4529,0.77576,3
0.51512,-0.4011,3
2.5851,-0.70776,1
5.0192,1.2747,3
0.35484,1.9323,2
-0.81077,1.3584,1
-5.8001,1.534,1
-0.25092,1.2532,1
4.6681,-0.065535,3
-1.6195,0.079603,2
-0.64835,3.3278,2
-1.7771,1.2344,2
-0.85853,-1.804,2
-0.41876,1.8371,1
-0.65203,0.13004,2
-0.96096,-2.8946,2
1.947,-1.6154,1
0.102,0.37108,1
1.4589,3.3367,3
0.63137,-1.4904,3
1.0875,-0.45441,1
0.21249,2.429,1
-2.1997,-1.5448,2
-3.1757,-0.26936,1
1.7416,1.7482,3
-0.77464,4.9371,3
-5.6162,-3.2786,1
1.3301,-0.85602,3
0.62342,0.80567,2
2.9377,2.6392,2
0.086442,-0.56436,1
-1.0646,0.33108,2
3.8382,5.3741,3
-0.19661,1.7829,2
-3.7246,1.1839,2
-2.5275,2.3239,1
0.54196,-1.4422,1
-1.3075,4.9268,2
0.32289,-1.4281,2
3.7782,1.7802,2
-0.52823,-4.8921,1
-0.92239,-1.235,3
-0.38897,-0.19256,1
2.0628,3.0136,3
2.7092,0.62526,1
-6.9755,0.19773,2
0.31123,-1.3131,2
-4.7519,-2.2721,1
-3.6546,0.73357,3
-0.83438,2.4465,2
1.6963,0.25514,2
3.1322,4.9408,3
0.39137,4.8741,1
0.0278,-0.24443,2
3.3807,2.5089,2
1.0546,-1.5552,3
1.1886,-2.5681,1
-0.69094,-0.31796,3
-1.4991,-1.0838,2
-1.2084,-1.4163,2
-3.375,-0.5986,3
-0.36364,4.7595,2
1.1237,0.13315,2
2.1252,0.34762,3
2.7404,-4.6915,3
-3.3322,1.1736,2
-1.0635,1.1308,2
-0.86492,-2.6041,2
-0.59283,1.4707,3
1.3292,-1.0377,3
-1.6935,0.39699,2
-3.3055,1.4933,2
-0.14692,4.0013,2
-1.7067,-0.3424,3
1.0193,4.5196,3
-1.7265,-1.6731,1
-0.8248,-2.5157,3
0.83462,0.53455,2
-0.083771,-0.27951,2
-1.6634,1.9301,2
0.82,-2.1128,1
0.54844,-1.178,3
-1.4268,0.32162,1
2.4391,0.42051,2
2.621,2.573,2
0.79975,-0.74217,3
4.4091,0.22972,3
-2.9528,2.1981,1
0.79166,-1.0356,3
-3.2936,-0.84339,1
-0.43892,2.3323,3
2.1523,0.018843,3
-0.16786,-1.4676,2
0.60188,1.5771,2
1.4625,1.3236,2
-0.3647,5.6768,3
-3.4413,-0.64223,2
-1.7571,2.1713,2
-2.8986,-3.6587,3
-1.3872,-1.9002,1
1.3667,0.37453,2
3.5439,2.2358,3
-2.1026,4.3753,3
2.0929,2.1256,3
-0.17914,-0.81536,1
1.857,0.58131,2
1.1691,-2.0096,2
-0.67046,2.2216,3
-1.5118,3.5864,3
-1.4109,-2.2166,2
0.96939,1.9922,3
0.54384,3.2229,2
1.9068,-0.83685,1
-3.1262,-1.8419,2
1.2749,1.2777,2
-3.3039,-0.91689,1
-1.1935,0.37092,1
3.0466,4.7223,3
-0.52064,-0.26126,1
-1.2137,1.5816,1
0.62187,2.7847,3
2.8211,2.2818,3
-0.53594,-1.1949,1
0.80434,0.6285,2
2.0055,-0.23793,2
4.4797,-1.2834,3
-1.674,-1.3481,2
-2.1458,-1.7162,3
-0.88171,0.10676,2
1.0949,2.5407,3
0.66453,0.30661,1
-0.99992,0.19247,2
-2.4529,1.0035,2
-0.1492,-1.2105,2
1.0801,-2.8816,1
-3.1476,-0.52656,2
-4.0958,-0.44443,1
1.8198,1.0479,2
1.8944,5.4563,3
-2.3373,0.49039,2
-0.93508,2.1895,3
0.2709,1.1308,2
-0.78509,-3.3077,3
1.147,-2.6716,2
1.8957,-0.55701,2
-0.48051,-0.058864,2
-0.35329,2.8168,3
-3.0113,0.76032,2
2.8575,0.44397,3
-0.14014,-0.25906,1
3.6904,1.523,2
-0.72214,1.819,1
-0.3962,0.71204,3
1.1257,1.0881,2
-2.812,-2.5573,2
2.1085,-0.070195,2
1.0308,2.3792,2
-0.7323,-0.53257,2
4.505,-0.13007,3
0.39826,-0.95404,2
-0.98084,1.1748,2
2.9682,3.8786,3
-1.8216,-3.1473,1
0.69468,-0.56612,3
2.1253,2.903,2
-1.7442,-2.7497,1
-4.3661,-1.5473,1
-3.1352,-1.6643,1
0.79353,3.2238,2
-0.15933,4.7826,3
-1.8789,-1.6039,2
-0.62159,-2.8537,2
1.868,-2.1585,3
0.92828,-1.1676,2
-3.8968,-1.5822,2
1.1424,-0.70343,2
0.16656,3.1111,2
-0.62942,1.9752,3
0.58274,0.10852,2
5.9266,2.4719,3
2.9146,-0.11365,2
-2.5469,-2.7843,2
-3.8918,-3.9492,1
-1.1943,2.8199,2
2.3481,-1.4115,2
0.43983,-1.7184,2
0.235,3.1833,3
2.6829,2.8515,2
3.292,2.9908,2
-1.8823,-5.6567,2
-0.77646,1.252,1
1.3236,0.62761,3
3.9001,0.91251,3
0.94948,-2.0533,1
1.2854,-3.6378,2
1.1718,-1.9236,1
-0.54679,-0.44296,3
0.82875,3.1547,2
1.2415,0.4345,2
-1.2503,-1.1686,1
-0.081142,0.88431,2
-3.742,-1.1838,2
2.0784,-2.5578,3
4.6537,2.3179,3
3.3423,-2.8723,2
2.2447,0.7607,2
-0.45899,2.7031,3
1.8982,2.1891,3
0.26078,0.065854,1
5.5865,0.50187,3
3.9487,-0.71839,2
0.57944,-0.55367,2
2.7548,0.51045,2
2.1851,-0.20842,3
-2.2113,-0.43512,1
-2.4539,-3.0316,3
0.1473,0.095663,1
0.53239,-0.28874,2
0.6269,-1.721,3
1.5041,-3.718,2
-3.9481,-2.0267,2
2.2082,-1.8982,2
2.2954,0.012372,2
-2.4694,-5.0177,2
-1.4187,-0.86988,3
0.33405,-3.1128,3
0.2513,-3.1239,1
1.2188,-2.2353,3
-2.0236,-0.78824,1
0.89918,2.6381,3
-1.4262,-2.5618,1
-1.8558,-2.3059,2
3.098,3.3296,2
-3.6445,0.12228,2
-0.12677,-0.78049,2
0.09584,-1.766,1
0.45966,1.4584,2
-2.7168,1.7288,2
-0.67723,-2.6965,1
1.5914,-2.0762,1
-2.6416,0.083822,1
-0.91538,-2.2047,2
2.4646,3.5668,2
-1.4255,1.1857,2
-0.74234,-3.405,1
-1.2664,-1.6939,2
2.0292,3.8713,3
2.548,2.11,1
-1.2417,-3.7987,2
1.5792,-0.67524,2
-1.3087,0.54888,2
1.5688,-1.9937,1
1.3005,2.1034,2
3.5298,0.66827,3
-1.122,-0.22285,1
3.5687,3.4191,2
-1.33,-3.3542,2
0.67055,3.0737,1
4.2744,1.2864,3
1.0535,-1.5628,2
1.5589,1.7361,2
1.7989,-0.29595,3
0.62581,-1.4937,2
1.0924,0.42938,3
-0.28405,4.3709,1
-1.2834,-3.0918,2
2.8519,-2.6983,2
2.6079,1.0132,3
-2.9004,-1.949,2
1.0749,-1.4794,2
0.4123,-0.11009,1
0.63947,-0.14269,2
5.1847,-1.4011,3
4.2513,2.2736,3
-2.6927,0.71827,1
2.3182,1.3604,1
0.83988,0.80581,3
-0.27113,0.26987,1
0.75214,-1.4791,1
-3.8322,-2.2864,2
4.8384,1.1122,3
0.94096,3.6451,2
-3.8116,2.7714,2
-3.159,-2.2487,3
-0.44967,0.75367,2
2.7005,-1.6129,2
-0.06838,1.6136,3
-3.4334,-2.1055,2
-1.1674,1.2791,3
2.4491,3.1238,1
-1.8189,-2.8,2
0.065618,-1.1444,1
-3.1614,0.94232,2
-0.26384,2.7437,3
0.93533,0.29138,2
-2.6299,1.5054,3
-3.2902,-0.13173,2
-2.5929,-1.5965,2
-1.5277,0.15938,1
-3.0193,0.94957,3
-3.9968,-2.7226,3
-2.6758,-4.1103,1
-0.5335,1.0345,2
2.3765,0.33136,1
-0.79397,-2.2415,2
1.818,-1.0247,3
-1.8402,0.40009,1
-0.020803,-4.8296,1
0.11373,3.0734,2
4.2757,0.0043538,2
1.5276,2.3927,2
0.43466,-1.0257,1
1.5772,0.77943,2
4.1034,-0.21595,1
4.427,0.80299,1
-1.5398,3.562,2
-1.1281,-1.2624,2
-3.2511,-2.4706,2
-3.1187,-4.5702,1
1.308,-1.8532,2
-3.3199,2.3335,1
-1.4004,-0.82371,1
-1.7598,-1.4092,1
2.9413,0.1196,3
-1.458,4.163,3
0.049667,2.2083,1
1.3034,3.7212,2
-1.1042,-0.67376,2
-1.2072,0.36587,2
1.1494,1.6597,2
0.9847,-5.5905,2
-0.70175,0.10183,1
-0.77356,2.2586,2
-4.0641,-4.5207,2
3.2733,1.4208,2
-0.018325,0.37966,1
1.2571,-1.5882,2
-2.9129,-2.4057,2
1.1838,1.0757,2
-4.1898,-2.0194,2
-0.77034,1.6106,2
0.85312,2.9709,3
1.473,0.21624,2
-3.4047,5.007,2
-1.2137,2.1157,3
1.0866,0.4246,1
-1.7083,2.8704,2
-2.295,-1.7932,2
-3.3073,-1.2561,1
-2.7947,-6.0582,2
-0.16157,-3.248,2
2.866,3.3743,2
-0.24384,-1.0283,1
-1.6536,1.2833,1
0.66798,2.0699,2
-3.0306,-1.2245,1
4.8109,0.8091,3
2.4742,-0.98624,1
0.84017,1.6674,3
-2.4193,0.14156,1
1.6884,0.5822,2
-1.4712,0.19671,1
-0.54257,1.2155,1
-2.848,-0.61566,2
3.1292,2.7433,2
1.71,1.4738,3
-1.6821,-3.3241,1
-2.4743,-0.89471,1
0.042731,1.7721,3
-2.1553,-1.7187,2
1.8924,1.6853,2
1.6608,4.5433,3
1.722,-1.092,1
4.1736,-1.0486,2
-1.9948,-2.1531,2
1.696,0.69236,2
-0.32424,1.902,2
-4.4844,-3.921,3
0.4068,3.2523,2
-0.98542,1.4066,1
-1.0351,0.020557,2
-1.0055,-1.6927,1
-2.5257,1.2577,3
0.79731,2.1414,2
2.2733,-1.2864,3
3.7508,0.66079,2
-0.98352,-5.0862,2
-5.0089,-3.2371,1
-1.7939,-2.404,1
1.7673,0.65292,1
-1.5161,-2.2427,1
2.501,-0.16426,3
0.70114,-1.1184,2
2.9996,-0.089722,2
1.8145,-1.8621,2
-2.3087,-3.6626,1
-1.7748,-0.088008,1
-3.1548,-4.2893,1
-2.6246,-0.22194,1
4.1205,2.8718,3
1.4051,2.4557,2
-2.287,2.0894,2
1.8766,4.6829,2
-1.0972,0.27481,3
2.791,0.10301,2
0.47106,-2.6482,1
-1.2557,-2.9541,2
4.1826,1.9854,3
4.0798,-0.086022,2
0.55725,1.274,2
2.4214,-1.7619,1
-3.8892,-0.20724,2
-2.8525,-1.8371,1
0.54631,0.31028,2
-1.7457,-2.5749,1
0.25196,-0.75078,2
-4.0499,-0.88739,2
-1.1514,-1.5841,3
-0.078187,-4.483,1
-1.0932,1.0606,1
-0.8882,0.70754,1
6.782,4.3544,2
3.204,0.86698,3
-0.64743,-3.0292,1
-2.331,0.1666,1
0.24203,1.4837,2
0.46891,-1.2933,3
-1.4452,1.2593,2
-1.974,-1.4116,1
-1.7528,1.7159,2
0.78678,0.44461,3
0.51754,3.4911,2
0.59074,-1.8728,2
3.1554,0.15739,3
-0.94958,1.078,1
-0.23919,-4.0947,1
-0.57273,-0.78521,3
0.017377,-0.4354,3
-0.13591,-2.5228,1
1.6269,4.9555,1
2.7184,0.62476,2
-1.5409,-3.785,2
-1.2347,0.039075,3
1.7495,-2.0274,1
-0.56696,-4.7605,1
-0.24939,-1.4013,1
-3.4486,-1.0206,1
-0.88683,3.1694,3
2.6316,0.88725,2
0.80944,-4.2909,3
5.9264,1.642,3
-0.071289,-2.6629,1
2.5955,-2.3676,2
2.3332,-0.1114,1
-0.009535,-0.62524,2
-2.3811,1.2103,2
3.3173,-1.0503,2
1.2994,-4.4006,1
3.9371,1.8221,2
-2.9987,-3.6995,2
-0.17879,-1.1575,3
-0.64174,-4.7522,1
4.641,2.4344,3
2.1711,-2.7176,2
-1.7629,-0.2162,2
1.1271,1.797,3
2.3678,-1.7576,3
1.7935,5.1359,2
-5.9491,2.506,2
-1.7974,-2.0566,2
0.03536,-1.6967,3
4.0318,1.0793,1
0.57622,-0.12915,3
0.71872,1.6671,3
2.9389,-4.4799,2
-0.32246,-0.046572,3
1.0267,-2.4446,2
-1.8785,1.6707,2
5.7554,1.15,2
3.2177,1.3134,2
-3.5108,-1.9049,3
-2.9484,1.2197,2
-3.5512,-1.8013,1
0.30038,-1.1525,2
1.6241,-1.471,1
-0.94987,0.64604,3
-2.5688,2.6557,1
-1.0014,1.6106,2
-1.9999,-4.5304,2
-3.3197,-2.8889,2
-3.2282,-4.0112,1
-4.7593,-2.1398,1
2.9897,3.6407,2
-2.7858,-3.084,1
-0.71572,0.20685,2
-5.9906,-3.1844,1
0.24613,-3.9035,1
4.603,0.36592,3
0.23135,-1.7574,1
1.4384,0.2842,3
-5.1866,-0.77975,1
-4.3808,-3.4439,1
0.26054,0.080985,1
3.9879,5.7206,2
-3.2573,-3.4509,2
1.4068,-1.9765,2
1.8414,1.1893,2
1.4036,-6.0477,1
-5.3126,-2.5205,2
0.37259,-5.1529,1
0.056494,0.92349,2
-3.0818,-2.8349,1
-3.3816,0.10797,1
3.0253,2.5014,2
0.2629,-4.0239,1
0.69849,-1.0046,1
-1.4269,0.75268,2
0.15825,-0.31961,2
-1.705,-3.6224,3
-1.407,-0.83736,2
3.6266,1.4665,3
3.9158,2.0191,3
0.67369,-2.0221,1
-0.30752,3.0546,2
-0.13038,0.40697,2
3.3054,1.5547,3
2.2501,2.4866,2
0.17077,-0.96869,3
2.9073,0.17154,3
0.41353,4.0176,2
-4.0843,-4.8697,2
3.0511,-1.0445,2
-2.0318,-3.0341,1
-0.021712,2.292,3
-1.244,3.0657,3
3.9158,-1.0713,2
-0.7381,2.1794,2
1.361,3.0449,2
1.2378,0.80197,2
2.8752,0.99637,3
-2.4944,4.3418,3
-1.2268,0.37978,2
-2.3788,-3.7055,2
1.5014,0.41276,1
-0.31335,3.4083,3
2.8878,-2.4253,3
-1.8093,1.7895,2
-2.4209,0.50215,3
0.020519,1.5336,2
-2.5147,1.3638,2
3.3789,0.20624,3
2.5548,0.49594,2
3.5485,0.10262,3
3.4524,3.4921,3
0.42835,-3.0442,1
-1.2924,-1.2284,3
-1.0739,-2.3071,1
-3.5299,-1.7683,3
-0.76999,-0.22338,1
-1.421,-0.98592,2
0.7262,-1.6423,2
-0.72636,-2.7002,2
1.169,-3.6605,1
2.1451,2.8957,3
0.4415,0.15215,2
3.914,-0.20152,2
1.9323,-5.0125,2
0.36872,2.3095,2
-2.0752,-0.13181,2
-2.7651,0.9543,2
-1.4976,-1.7039,2
3.5463,0.69815,2
-0.92473,0.90322,1
-1.2002,3.1536,2
-0.98816,-1.2399,3
6.6636,2.0747,3
-2.4504,-5.1659,1
-1.5445,-1.0612,2
-2.0894,0.91648,1
0.97867,0.29759,3
-1.4089,-0.43153,3
1.0377,-0.72152,3
0.70517,0.64291,1
4.0291,3.1901,2
-4.0413,-4.4973,2
-0.027363,1.8356,1
0.95132,2.3961,2
-3.8525,-5.9809,2
5.2206,3.7255,3
-1.803,-0.042206,2
1.2747,-2.3692,1
-0.018587,0.23849,2
-2.2669,-1.459,2
1.591,2.4384,2
4.6279,0.25885,1
-1.9885,-0.95167,2
4.2438,-0.0141,3
1.2185,1.397,1
-4.2982,3.5329,2
2.0939,-3.131,1
-3.7508,-0.81371,2
-5.4984,1.9723,2
-2.145,-0.53856,2
1.977,-0.91008,2
-0.26588,1.2509,3
0.92965,-6.6389,2
-4.3819,-0.19682,2
-0.19353,0.77494,2
0.24365,-3.1892,2
-0.62204,-0.76673,2
2.2021,-1.6139,2
-0.51552,5.5417,1
0.40064,3.1909,2
-1.3257,-1.2148,2
4.9762,3.0913,2
-0.19928,-2.1986,2
-0.22055,-5.8633,1
-0.19819,-0.10814,2
1.6328,3.2017,3
0.70265,-1.2622,2
-4.5339,-3.2807,2
1.8459,0.93347,2
3.6461,4.9792,2
0.72787,1.5279,2
-3.5925,1.8224,2
-2.9157,1.3809,1
0.49327,-2.5039,1
2.364,4.4489,3
-1.4885,-2.2418,2
4.8121,1.2113,2
-0.099073,1.78,3
-1.8747,2.2505,2
-4.6421,0.43731,2
-3.7161,2.2632,1
0.39178,1.0547,2
-2.34,1.7043,3
-0.12011,-1.6391,2
0.75086,-3.5659,2
-2.2726,0.78673,3
-5.3114,-2.7999,2
1.4081,1.9037,2
1.192,-4.4211,2
-1.601,-0.1342,1
-2.8573,1.2037,3
3.4219,-1.5489,2
-2.6087,-2.9576,1
2.525,2.2716,2
-0.26305,2.9007,2
-0.75053,-3.3396,1
-0.43614,-5.0908,3
2.7474,-2.8997,3
1.7426,3.1051,3
0.89651,3.0959,2
-1.8745,-2.1561,1
2.8382,2.8291,2
0.73284,-4.4421,3
-2.6363,-3.145,2
-0.29737,1.8192,2
-1.7548,2.8652,1
0.65736,1.9928,2
-0.12234,3.7385,2
-0.70681,2.0783,1
1.1062,1.7323,1
-0.24432,1.1407,2
-0.79038,2.323,3
0.68817,-2.0274,2
-2.3897,-0.060577,2
-1.3764,-0.8547,2
-2.9389,0.099209,1
-1.6388,-1.0451,2
3.894,2.682,2
-1.4427,-6.3426,2
-1.1333,-1.9706,2
-4.1131,1.2676,2
1.7011,4.0953,2
-2.1161,-2.8196,2
1.6917,-3.7265,1
-0.056283,-1.5745,1
-1.7053,-4.4035,1
-2.5915,-4.5724,2
-4.2508,-3.0365,1
-1.2062,-0.29721,2
-1.6095,-0.058798,2
-0.62026,-6.5885,2
-0.018769,0.3254,2
1.9691,1.9816,2
-6.4692,-2.0595,2
0.91205,-1.5694,1
-4.0566,-1.1227,3
-1.6657,2.9145,2
-0.26203,1.6861,1
2.6065,-1.1167,2
1.4217,6.2803,2
3.4386,1.1323,3
3.2918,2.7016,3
4.0751,-1.7148,3
-0.35898,-2.586,1
1.3442,-1.8781,1
5.3708,1.0152,3
-6.0601,0.15611,1
1.3879,-0.31088,2
2.2779,-1.0098,2
0.052559,2.694,3
-0.35651,0.79205,2
-1.9156,1.6779,2
-6.2924,-1.6045,2
-0.4356,-2.3655,2
-0.98541,-3.2339,1
-2.4808,4.6663,2
1.1349,3.0184,3
-2.3641,0.14247,2
4.2619,6.1587,2
3.8544,4.5308,2
-3.614,0.64049,2
-0.10873,4.5229,3
-1.2346,1.6083,3
-1.4835,0.27465,1
-0.82855,0.21296,2
-0.71798,3.8444,3
1.8587,-1.7701,2
4.2615,1.4109,2
1.3828,0.89377,3
1.4225,-0.59948,2
-1.4689,0.35482,2
3.8203,-1.8025,3
3.3352,6.2581,2
2.2736,0.13825,2
-2.353,-1.0213,1
-0.89502,-1.671,1
4.2155,-1.0399,2
-1.5515,2.8251,2
1.606,2.5293,3
0.28181,0.9365,1
0.81429,3.382,3
2.0636,-2.2401,2
2.9948,-1.9091,3
0.79774,0.59245,2
-2.2836,-2.3323,3
2.814,1.0335,2
2.212,0.026303,2
1.521,4.6131,1
0.18787,-4.0917,2
-2.4743,-1.0218,2
-2.6573,-0.96563,1
-3.0099,0.92353,1
3.6677,-0.079983,2
-0.92336,-2.0147,2
-2.7155,-1.895,2
1.4766,0.58711,2
0.34908,1.2191,1
-2.5892,2.0253,3
-2.9545,-1.1973,1
-5.9109,-1.532,1
3.5908,-2.2644,2
-0.86487,-0.85129,2
-1.658,1.9674,1
-0.98446,3.015,1
0.91625,0.15949,1
1.4106,0.76915,2
-1.2584,0.44449,3
-0.33477,5.0281,2
0.49516,0.74408,2
5.2325,4.6089,3
-2.1928,-2.1865,1
0.7457,1.574,2
-1.643,-0.69325,2
-1.9523,-2.5231,1
-2.2796,-0.19489,1
0.6861,1.7944,3
-0.77682,-1.0572,1
-0.16063,0.85826,1
0.989,2.5093,3
-0.49155,-0.031075,2
0.67139,-3.7744,2
-0.28996,0.29463,3
2.1012,0.20533,2
4.0316,0.3523,2
1.959,-0.58785,2
-1.4333,-3.7979,2
2.7601,-0.59389,3
-1.6809,-0.97676,2
2.0897,4.3106,2
-2.039,1.7186,2
2.8902,2.046,2
3.8773,3.0457,2
-3.4003,-1.8047,1
2.2555,0.048117,2
1.9969,1.6834,3
-0.43526,5.933,3
-1.9568,0.9418,2
-3.4696,-2.026,1
3.7124,-1.4834,1
0.44295,0.22309,2
-0.60121,-4.6915,2
1.5809,1.4198,2
-2.2353,-0.66864,2
-0.51298,0.27525,3
0.57629,-0.48193,2
-3.2674,-1.2772,2
-2.3083,1.4164,2
-1.737,-2.7905,2
0.30387,-0.33987,1
-1.9154,-1.9896,1
0.94871,1.1905,3
4.6819,3.3095,2
1.2038,0.20616,1
1.295,-2.3726,1
-2.1694,-6.0906,1
0.82373,3.5188,2
-1.1266,-0.89252,2
-0.98747,1.4674,1
0.31603,0.55297,2
1.6371,0.18627,2
-1.6305,-0.2339,1
-3.4732,-1.944,1
0.20134,7.6253,3
2.3221,-0.98962,3
1.0509,0.56868,3
1.0706,0.48196,3
0.54147,0.87068,2
-0.75407,2.3764,2
3.9543,-1.9121,2
-3.3826,-1.6464,2
0.34233,1.7611,3
-2.8143,4.417,1
-2.9258,0.42267,2
2.0174,1.5476,2
-0.93,-4.6992,1
-0.5445,-4.1496,2
-0.075577,-2.2089,2
1.6107,-3.514,2
1.1198,0.037762,2
-1.9056,-0.73688,2
-0.36923,-2.7464,2
2.6812,-1.5642,2
-2.6827,-0.49326,3
-1.6721,-5.3624,1
0.41163,0.50286,2
-0.78468,2.7305,2
2.4503,-1.1343,3
-0.62693,-1.7482,3
3.0802,2.2668,3
0.67298,2.8993,2
2.4347,-2.4328,1
0.59881,-4.0929,1
0.68371,-0.12485,2
1.088,2.3081,2
-2.1602,-2.8854,2
2.5508,0.6518,2
-1.1343,0.19708,3
1.873,-1.8963,2
1.1261,1.961,2
1.3898,3.9514,2
0.87855,-1.3833,3
6.8575,3.9264,2
3.4642,2.1557,2
0.36471,3.6638,3
1.6521,4.6679,2
1.9763,4.0527,2
-1.4535,1.8918,3
-1.1927,-4.6416,3
-3.7472,-1.0534,2
3.2255,-2.7189,3
-2.9657,0.6412,2
-3.339,3.15,2
-3.5422,-4.5012,2
2.4851,-1.9582,1
0.8886,3.8776,2
-3.4954,-0.98871,2
3.0111,2.6527,3
-2.1233,-0.43955,2
3.3656,-1.3304,2
-1.3608,-4.1413,1
0.042989,-2.7614,2
2.5465,1.3554,3
-0.045053,-2.1631,2
-2.0398,-0.33469,2
0.5266,0.9461,2
-1.8569,0.26438,2
-0.87432,4.1678,3
-0.28067,1.4725,2
-2.1461,1.0509,1
-2.4793,-1.5086,2
-1.0216,-2.158,2
3.499,-2.3628,3
-1.1203,1.0519,2
1.3486,-1.0226,2
1.6251,-1.0499,3
4.5966,0.40723,3
-1.7937,1.4525,2
4.152,0.56906,2
-2.6682,-2.0462,1
3.3355,3.9606,3
-1.1269,-0.042161,2
-2.998,-0.19107,2
0.18638,1.7726,2
-1.4773,-0.87478,2
1.8315,0.58449,2
2.2808,-3.2348,1
4.3909,5.0197,2
-2.0442,0.7693,2
2.5099,1.4785,3
2.1596,2.8287,2
0.6745,-0.94842,2
3.2015,5.2242,3
0.90632,-4.892,2
0.26583,-1.8774,2
-0.84656,-2.0222,2
1.2459,1.4285,3
-1.0951,-1.9321,2
2.6295,4.2588,2
-0.6942,0.82446,2
-0.92842,-1.4923,1
5.7415,-0.069662,2
-3.2119,-3.5524,2
-0.19868,-0.14124,2
-0.026756,-0.24722,3
3.3508,1.944,1
2.936,1.8679,1
3.1435,-0.20533,3
-1.7902,-0.53283,1
3.9116,0.14871,3
-2.6964,-0.92972,1
-0.71408,1.9282,2
-2.3435,-1.5299,2
2.7668,0.58103,3
-3.3359,2.2441,2
-1.7825,1.3792,2
2.0473,-2.5627,2
-4.0628,-3.2806,1
0.87494,-0.64219,2
-1.5245,-0.69327,1
-0.62026,-0.15016,1
0.9229,0.28241,3
2.1182,-1.2918,2
0.0088492,-0.74005,2
-2.8678,-0.13772,2
-0.30512,-0.3728,1
-0.51192,-1.4512,1
-0.36658,4.3897,3
4.3676,0.80991,3
-1.422,0.31839,1
-3.2833,-4.7066,1
2.1105,2.621,3
0.87555,2.1217,2
2.7107,1.9887,3
-2.134,-2.938,1
6.2404,3.6118,3
-1.0552,-1.8914,2
-1.8313,1.5141,2
-2.0501,1.2037,3
0.29797,-0.63325,2
-2.8552,-2.6634,1
2.6323,1.216,1
-2.4732,-0.62817,2
2.2965,2.3195,3
3.6278,0.83199,2
-0.10681,-1.2509,1
-0.013644,-1.5687,1
-0.11477,-2.4919,1
-3.092,-1.9629,3
-1.3773,-3.3079,1
-1.3707,5.1288,2
2.2724,-0.57733,3
-0.93695,-6.1135,2
0.54315,0.29477,2
1.1451,0.70215,3
0.94589,-0.27287,2
-1.9846,-2.2201,2
1.2021,-0.45728,3
-2.9542,-1.858,3
1.4162,-0.73036,2
0.25432,-0.36786,1
0.73696,1.0338,1
2.7591,0.63703,2
-1.1495,1.6669,3
1.8689,-0.45159,3
-0.66989,-1.2128,2
3.2104,0.68,2
-2.3564,-1.2851,1
-0.72562,1.1612,3
-0.95935,-3.0343,2
-6.2569,-3.6502,1
-0.18618,0.26173,1
0.2191,3.1265,2
-5.0436,2.6729,2
-4.1964,-1.2529,1
4.9128,3.9896,3
-2.022,2.4911,2
-2.5224,2.2538,3
-0.95918,-0.32309,2
2.0077,8.4979,3
-0.22272,-1.2663,3
0.49115,-3.2075,1
-1.4491,-0.70502,2
1.8826,1.3614,1
1.1937,3.5847,2
6.8477,4.7123,3
-1.0373,1.2399,2
2.2694,-0.036997,3
3.329,2.9775,2
-0.57756,-2.0903,3
2.2909,-0.34638,3
0.61364,2.7707,2
0.24944,3.1605,2
-1.3182,-0.17239,1
0.38091,-2.3966,1
-3.2747,1.9057,2
2.096,1.3937,2
-2.7996,0.70007,3
0.95134,1.4296,1
-2.5026,0.48086,2
-0.49146,-1.3141,2
-1.7384,4.8328,2
4.5749,1.5834,3
-1.3395,-2.5848,2
-1.3047,-2.2726,1
-1.8592,2.8591,2
-4.3327,3.7183,3
-1.6795,2.3666,2
-2.9331,-5.1344,2
-4.665,-0.71119,1
0.77154,-0.31297,2
-1.0405,-0.027377,2
0.22591,-1.6856,1
-0.51449,1.6625,2
-0.25679,-0.15559,2
1.5541,0.64473,3
1.5861,-1.9808,2
1.2612,0.28263,1
-4.0849,0.73861,2
2.1538,-1.9096,2
-2.703,-3.375,2
-1.4249,-0.51981,2
3.342,-2.0424,2
-2.596,1.129,3
-2.013,-0.83004,1
4.2117,-2.1593,2
-0.069514,0.28272,2
-0.47362,2.4621,3
0.051288,0.24487,2
0.48282,-1.5652,3
-3.3106,2.3918,1
-4.3282,0.31066,2
0.016504,2.2259,3
-2.877,-6.0036,2
-1.6136,-4.5719,2
-1.3792,-0.41934,2
4.2699,-1.3053,2
-3.4621,-2.7292,1
-4.6154,0.16202,1
-0.44819,2.3835,3
2.9585,3.6347,1
-0.2368,0.94923,3
2.3143,1.4488,2
0.59554,-2.5287,1
-2.7542,-0.88929,1
1.964,4.2462,3
-0.97991,-0.56048,3
-0.033511,0.68028,1
-2.4817,-5.4427,2
-0.7183,2.6457,1
0.99583,-0.32107,3
4.6387,-0.61385,2
-0.11352,-1.0107,3
0.34102,-0.4946,1
1.7322,2.0356,2
-0.40983,-2.2486,1
1.5825,3.6285,3
-0.69841,-3.8932,1
-0.37323,1.7233,1
-0.39341,1.3619,2
-0.22148,-0.22418,3
0.31324,1.5008,1
-0.37073,-1.0462,2
2.2239,1.5027,2
-0.12015,-0.65991,3
-4.0029,-2.896,2
0.1133,-1.8878,3
0.83225,2.1996,3
-0.0554,0.62961,2
1.1607,-0.40113,2
0.85678,0.6514,2
-2.6329,0.3851,2
-4.1348,-0.8955,2
1.6789,2.7724,3
-0.16053,0.21698,3
-0.41101,2.0076,2
-1.2107,-2.869,3
-3.6883,0.56413,2
1.592,1.3248,1
0.37679,0.26844,2
1.1853,-1.424,1
0.077932,1.0403,2
-2.4765,-0.92093,3
-0.099758,0.18977,2
2.1204,-2.2079,1
-1.4637,0.46607,3
-0.38672,0.79569,1
0.14457,3.5683,3
-2.5526,-1.5759,2
2.637,-0.70858,3
2.6649,2.6984,3
-0.74118,-2.5661,1
0.95409,0.35341,3
-1.6031,2.3175,1
-0.021506,-1.8844,1
1.2081,-1.6826,3
-2.1958,-0.66948,1
4.5047,1.2526,3
0.888,1.0021,1
2.3201,2.6458,2
1.8654,3.1622,2
-0.051042,-0.20002,3
-7.3562,-3.5354,1
-0.99253,-2.8886,2
2.0038,3.9194,2
-0.9631,0.91712,2
-0.96162,0.63038,2
1.7007,0.71462,2
-0.44246,-0.4348,3
-4.1395,-3.9341,2
-1.2967,-1.0071,2
0.66255,0.81616,1
-1.2833,-0.48774,2
1.0611,-2.4878,2
2.4158,1.782,2
-2.11,3.5031,1
-3.4409,-4.3503,2
-1.4719,-2.7711,2
-0.99021,-0.29702,1
-1.372,2.2133,3
1.7515,-2.8967,1
-0.51608,1.8271,1
-0.97905,-0.98451,1
0.3982,-0.58803,2
0.10501,1.6368,3
-0.33118,-1.1587,2
0.79277,-1.6523,2
-0.071807,1.8834,2
3.1829,-2.9201,3
1.4987,2.2034,2
-1.3257,1.0858,2
0.52784,-0.36716,2
2.437,1.6116,3
-2.3388,-2.4705,2
-0.88884,5.0055,3
-2.965,-3.7304,2
-5.5606,-0.33816,2
0.54152,1.0276,2
-1.6517,-0.94363,3
-0.65991,-2.0503,2
-0.41126,1.0783,1
-2.602,-0.85723,2
-1.3622,-1.7906,2
-1.7796,-1.5364,3
-5.3081,-1.9837,2
2.7225,-0.58318,1
-1.9762,0.44302,2
-0.2865,-3.5589,3
-1.2376,-0.78647,1
-2.7199,1.7002,2
3.4327,-1.898,3
0.14742,1.3308,2
-0.84297,0.39966,2
-2.2569,-1.4937,3
-4.3558,-5.0508,1
0.49425,-3.0839,2
