-1.2852,-1.9093,1
0.94769,-1.1579,3
-1.0758,2.1709,3
-2.9934,-1.8528,1
0.34344,0.5979,3
-0.52602,0.14056,2
-0.2505,-3.0528,3
1.1936,-0.60362,3
-2.3832,-6.2816,1
1.246,0.51873,2
1.3012,-2.8922,1
-1.4839,-1.7102,1
-2.116,2.1306,3
0.90638,-4.3881,2
3.2932,2.1631,3
3.3685,0.45204,2
-4.36,-2.1987,2
-0.74448,-1.8697,1
0.081837,0.54873,3
1.2557,-0.96667,2
2.1591,-1.1207,1
-7.0659,-3.6313,1
1.0552,3.3675,3
1.5074,-0.47975,2
5.1739,1.4782,3
1.3849,1.4187,2
-0.6923,0.64542,2
-4.0055,0.80769,1
-2.7213,1.6319,2
5.2125,-2.049,1
-1.686,-3.168,2
2.3915,-0.17135,1
-2.4628,2.5843,2
-4.7653,-1.2923,2
-2.9428,0.92528,2
-2.601,2.9089,2
-0.89824,-1.2142,2
-6.6961,0.27685,1
-0.16134,-1.3362,1
-1.2023,3.6914,2
0.19813,3.4027,3
-1.6771,0.64512,1
-0.39091,1.4749,2
2.6001,-0.549,3
-0.58489,-5.0501,1
4.4391,1.0771,2
-2.6219,3.7233,3
-1.9591,-2.9662,1
4.6479,6.5359,3
-2.6116,-2.9955,2
0.18794,-1.9259,2
-1.6223,0.024494,1
1.3927,-2.0751,2
1.9294,-2.0071,2
1.9369,4.0009,3
0.40881,-1.8508,3
1.3198,-3.0707,1
-3.1874,0.70239,1
-2.1069,-3.6203,2
3.8877,0.27168,3
1.2413,2.3127,1
1.8607,-2.0128,1
0.69406,4.3957,2
0.81886,0.41135,3
3.7361,0.97823,2
1.8156,2.7686,1
-0.10729,0.0027754,2
2.1814,4.4838,2
1.9085,0.97614,3
-0.096767,3.3144,3
-5.488,-0.20659,1
1.6491,3.303,2
-2.3107,1.7853,2
-3.7603,-5.147,1
-0.043858,-2.0704,2
3.4102,3.8852,1
-2.9152,1.609,2
-0.84607,-3.2691,1
0.35474,-3.5695,1
-3.3342,-0.99555,2
-2.2414,-1.0914,1
-3.4793,2.6985,1
-0.95338,-0.98729,1
0.067241,2.6612,1
2.4953,6.2699,3
1.8308,0.25459,3
-6.3079,-4.3789,1
-2.2587,-0.93288,2
-1.488,-0.91016,1
-0.7855,1.1672,2
-0.15333,0.18609,2
1.1778,2.2778,2
2.3386,4.1522,3
-5.6347,-4.9643,2
-2.3749,-3.9145,2
2.8959,-2.5529,3
-2.4464,-0.99524,2
-1.6569,-0.41612,1
-0.3594,3.0196,1
3.4016,-1.7749,3
5.4269,0.14597,1
-2.4126,-0.19721,1
-0.15581,-0.59358,2
0.52567,-1.0056,2
-1.1635,-2.6049,1
-0.64213,0.82949,3
3.2651,-2.4587,1
-0.80495,4.1177,3
-1.4933,2.1305,3
0.85291,3.3583,2
1.3046,4.0906,2
-4.2098,0.0047816,1
-6.5363,-3.8504,1
4.4139,3.0943,3
4.5768,0.16524,1
-1.1499,-1.0998,1
-3.1262,3.2356,1
-0.3457,1.8107,2
-4.8904,-0.19991,1
0.78365,0.65435,2
0.63884,-3.7163,2
-3.5245,4.5537,3
4.8073,-0.99188,3
3.4166,7.1788,2
-0.18032,2.1285,3
-0.032153,-1.0613,2
1.8097,0.16002,1
-1.3176,-5.9217,2
-0.73584,-1.9729,1
2.0839,3.9353,3
-1.7582,-0.22885,3
3.3364,0.46029,3
3.5058,-0.54576,3
-0.99537,2.6474,2
-3.0085,3.6626,3
1.887,-0.047319,2
-2.0999,0.60775,1
-2.2478,-2.1574,2
0.085199,0.67437,2
-1.5549,1.0522,1
2.3929,5.987,3
2.074,-1.5402,3
-5.1582,2.4209,1
-0.85376,0.48331,2
-1.5212,-2.3391,2
-2.0293,0.86187,2
-2.6322,2.9918,3
1.5383,-2.1474,2
2.4146,0.24571,3
-2.8407,-0.30215,1
2.7103,5.2185,3
1.0693,-4.6948,2
-1.2322,0.36112,2
0.90772,3.1332,3
-1.7089,-1.6625,2
1.601,-1.0788,2
0.84571,-0.30503,1
-2.1957,3.1186,2
0.72936,-1.1929,1
2.4225,-3.0065,2
-1.7383,-0.50674,3
-1.4767,-2.3683,2
4.8017,-0.40169,3
-0.57166,-3.7513,1
-2.5498,-0.72342,2
-0.3317,-0.32886,2
0.9336,0.68259,3
-0.93986,-3.284,1
0.36057,1.0663,1
3.5348,-0.80167,3
3.3347,-1.6468,3
-4.4868,-5.6567,2
0.37905,-0.49291,1
-3.5808,1.4518,1
-4.4591,1.038,2
-0.25525,-3.9056,3
-0.87214,0.76242,3
0.64838,-0.65385,3
1.5145,5.9656,3
-2.841,0.96713,2
-2.5459,-0.65633,3
0.79968,-0.22778,1
0.8268,0.94331,2
-2.2851,3.107,2
-0.40627,1.3459,3
0.51893,-0.72803,3
-1.2154,-0.88803,2
-1.3925,2.5521,3
-2.8766,-1.846,1
5.1169,3.4891,3
-0.0036824,-0.08388,3
0.079566,2.6515,3
0.11136,1.6398,2
-0.3978,0.71541,2
0.074221,-0.011148,2
-1.2501,2.5008,2
1.4458,1.6434,3
0.42654,0.04904,1
0.96747,0.26077,1
-2.4453,-3.4006,1
3.763,3.1562,3
-0.81128,-0.89056,3
1.6525,-0.30248,2
1.3025,2.312,3
0.17031,0.72572,2
0.39269,0.40783,3
2.1104,3.0759,3
-0.94678,-1.7819,2
1.8505,3.5625,3
-1.0705,2.1344,1
2.0605,-0.22437,2
-1.8336,1.986,1
-2.7518,3.0264,1
-2.131,-0.98384,1
-0.47588,-3.6946,1
-3.9322,2.5964,1
1.4918,-0.34558,1
-0.99402,-3.3229,3
0.95985,-1.0931,3
-3.6164,-0.28273,2
-2.1136,3.0889,2
-1.7684,-1.2509,1
-1.3356,-1.0739,1
5.1333,0.13783,2
4.4886,0.12791,3
-0.91863,-4.9137,2
-3.3034,-1.0951,1
-4.4386,-4.9767,1
0.29921,-4.4143,2
-2.7674,-1.545,2
0.24717,-2.8108,1
-1.069,3.0558,3
0.85342,-2.3228,2
-1.4905,2.5869,1
-1.2537,2.6734,3
-1.103,-2.3408,2
-0.069297,1.8314,2
-3.7621,1.6225,1
-5.8086,-3.3346,1
0.33603,1.2947,2
0.81426,-0.35799,2
3.3083,-1.5226,3
-1.9346,-3.8466,2
0.70529,3.4707,2
-2.8149,-3.2691,2
-0.054937,-0.64286,2
-2.9649,-0.47291,1
0.52026,2.8713,1
-2.4001,-1.0346,2
-2.017,-3.0854,2
-1.7483,-2.1362,1
-4.2898,-2.4946,1
1.2522,1.0122,1
1.3093,-3.4996,2
-1.8357,-1.0855,3
0.22595,-1.2631,1
3.5604,-1.316,3
0.28769,2.4161,3
4.6014,-1.3799,2
4.3602,0.2288,2
4.6895,3.8084,3
-3.4719,-3.4661,1
1.5908,-1.9622,1
0.28147,1.2008,3
-3.8219,-2.2088,1
-1.1084,-1.2193,1
6.0194,1.2758,2
0.63785,-3.3273,1
-3.0147,0.44654,1
5.7185,1.2082,3
1.0824,-1.3199,3
-2.2859,0.84687,3
0.11658,0.42835,1
1.0201,2.692,2
-1.7967,-2.5517,1
-1.8067,-0.082196,3
0.15749,2.0793,3
-2.7027,1.9951,2
0.42005,-0.86234,1
-1.1336,1.4521,1
0.81658,4.4091,3
-2.1322,-2.2678,2
0.38792,2.9799,3
-0.55849,1.9152,1
0.43475,-3.4855,2
1.9488,-2.4009,1
-0.88692,0.74949,1
-0.24012,1.4074,1
-0.59395,-0.49714,3
-0.63385,2.6074,3
-2.4021,0.25964,2
-0.94576,-4.6089,2
3.2786,0.45296,3
-0.27545,-1.2759,2
0.67029,-3.3507,2
-0.84056,2.7486,1
2.7712,-0.38517,3
0.92087,-1.1934,3
-1.4796,-1.1287,2
-0.57842,-1.7855,3
0.35061,0.09536,1
0.15808,2.0003,3
-1.8978,-1.6807,1
-0.073507,1.083,3
-0.87806,-0.5094,3
1.1967,0.16072,3
-3.7716,-1.5193,1
1.0493,4.259,3
-0.8259,-1.0169,1
-2.5969,-1.0904,2
-3.4079,-1.3719,1
-0.16887,-3.2268,1
-1.073,-0.44068,3
-3.1055,-2.0469,1
-0.79911,1.8377,2
0.17857,-0.054998,3
-2.9519,-2.5406,1
1.4281,0.81184,2
1.0218,4.2114,1
-2.6944,-2.9393,2
3.552,0.4924,2
4.4848,3.9179,2
-0.9152,-2.9647,3
1.3711,2.3741,3
2.6349,4.2311,3
4.1102,0.42533,2
-3.8463,-0.42222,2
0.21523,-2.5187,2
-3.6353,-2.628,2
-4.1531,-3.9841,2
-1.4747,-1.3086,1
1.2786,1.8922,3
0.10352,-1.5728,3
2.103,0.44877,1
-2.9032,-3.3974,1
1.9944,-1.9562,3
3.144,2.1301,2
4.8809,2.7357,3
-1.4588,-1.8233,3
-1.5614,-3.0644,1
-1.1146,2.8595,1
-4.3924,-0.2577,1
-1.984,-1.6902,1
-0.40448,-1.2392,1
-2.4644,-0.6578,1
3.1296,1.4648,2
-6.6002,-2.3866,1
-1.0993,3.5222,2
-2.3515,-2.4328,1
1.9999,-0.35678,3
1.5825,-1.7621,1
4.4429,3.1336,2
2.2431,1.1584,2
0.0044382,0.007729,1
-0.75402,-2.9071,2
0.91022,-1.0555,2
1.3167,-2.0713,3
1.4641,-0.12951,3
-3.3948,-5.0772,2
-4.6709,-4.4473,1
-1.1361,-0.28339,1
0.62309,-2.7715,2
-0.21956,5.0218,3
-4.2546,-4.4249,1
3.3945,0.81019,1
2.6152,-1.6058,2
0.21697,1.4598,2
-0.80442,4.606,2
-0.77257,2.4166,3
2.4148,3.6514,2
-1.3837,3.3706,3
1.1089,-0.4037,3
-1.6545,-1.138,3
-1.2372,-2.9276,1
-1.2459,2.7947,2
-1.9255,1.0371,2
3.3538,0.17219,3
-2.0785,1.237,2
-6.2479,-4.6727,1
0.28174,0.48829,3
-3.2576,-3.2131,1
-5.588,1.1307,2
-0.58451,1.3382,3
2.5446,3.3353,3
2.1654,1.0105,3
1.6136,-1.2864,2
-2.965,-3.64,1
1.7062,-1.1177,2
-1.1304,-0.47982,1
-0.62597,0.29584,2
-1.3914,-0.462,1
-0.72017,-0.68226,2
1.8896,4.1186,3
-3.7181,-1.8806,1
1.229,-1.9562,2
-2.1235,2.2501,3
-2.2503,-0.87616,2
-0.1704,-1.4391,1
-1.7294,-0.0096572,2
-1.783,0.3121,2
-1.0865,1.7046,2
4.0067,4.1857,3
-0.81746,1.1973,3
0.83993,0.58195,1
1.4468,-0.74872,2
5.6833,2.9249,3
-1.6011,-5.5593,1
3.5271,3.0232,3
2.9848,0.7574,2
-1.0032,3.4852,3
-2.8407,-6.7464,1
1.8782,-1.7197,2
-3.5754,-3.0168,1
1.6938,3.9754,2
1.3733,-1.6901,2
-0.61156,-0.99325,2
1.9851,3.1309,2
-2.2776,0.7869,2
2.7874,0.45336,1
0.12847,-0.29633,2
1.8301,-0.72129,1
-2.1849,-1.8104,1
-1.8872,-0.69165,1
-2.973,0.9376,1
-5.619,-0.29741,1
2.4564,0.95799,2
0.95588,-1.4603,1
-1.1119,-0.017377,1
0.44554,1.1537,2
-0.17618,0.19832,1
2.0595,-3.06,3
-2.1454,-1.8127,2
1.0716,0.61886,3
-0.58036,-0.72611,2
-2.1498,0.69576,1
-1.5079,-2.1109,1
-0.23226,-0.253,2
-0.20264,1.4362,2
3.8353,2.7005,2
3.8104,-1.845,3
-1.9338,1.4503,2
-6.6111,1.7745,1
-0.40163,3.1286,3
0.72458,-0.11515,1
-0.21354,-3.8198,2
-0.31754,0.22009,3
4.1214,1.3565,3
3.6942,3.5017,3
-1.2125,0.31711,2
0.075336,-2.2005,1
3.0606,-0.86373,3
2.7494,1.1946,3
-1.6802,1.4888,1
0.90175,1.0822,2
1.8142,-0.27481,2
1.9067,-1.2464,2
-1.7822,0.15406,3
0.78799,-1.8778,2
-5.82,-4.3099,1
-0.17405,3.3228,2
1.2474,2.8754,3
-0.13079,-0.21171,3
3.8257,-0.41885,2
0.75491,2.6445,3
-4.1561,1.1258,3
-0.51803,-0.83669,2
3.0031,3.611,3
1.1151,-0.39581,3
3.617,-2.3379,2
5.112,-1.2761,1
2.9176,0.77467,3
1.6291,2.7913,1
-1.8338,6.4536,1
0.45832,0.40545,2
-1.8212,1.3827,1
-0.0081825,-2.3292,1
0.16156,0.23709,1
-0.62527,-3.3118,1
-0.041772,0.015975,3
2.4524,1.5635,1
-0.27071,-4.2236,3
0.1703,2.3217,3
-3.811,0.26201,3
0.40625,-1.7201,2
-3.7564,-5.4937,1
-1.0187,-3.9166,2
-1.4746,-0.51884,1
2.4132,0.23632,2
-0.59385,1.3144,2
-0.36062,3.3596,3
-0.28019,-2.0738,2
-0.26354,1.2335,2
-3.4994,-3.0596,2
3.1416,3.3171,3
-0.19798,-2.9772,1
0.34294,1.1577,2
0.55504,-0.46716,3
-2.8507,-4.2359,1
-3.272,1.9689,2
6.5157,3.5221,3
-1.5683,-1.6881,2
2.4639,2.4061,2
4.4468,0.041452,2
1.4514,-0.9492,2
-1.58,-0.35267,1
-1.043,-4.2868,2
-0.88753,3.291,2
-0.48781,0.088078,1
-0.14498,-1.8139,2
0.9586,3.9247,2
0.90261,0.22442,2
-3.8312,-3.0913,2
2.2744,1.9746,2
-1.4962,-0.04092,2
0.34451,4.0727,1
1.0546,-1.8211,3
-2.4507,-1.0086,3
-4.0236,-0.96334,1
-2.267,-4.073,1
-4.894,-1.5885,1
0.21168,1.9918,3
0.56139,-2.1084,3
-0.28189,-0.77747,3
1.0249,2.0358,3
-3.5146,-2.4266,2
-1.9935,-1.7232,1
3.7333,-0.15476,3
-2.2303,1.2852,1
-0.035316,1.7522,3
-1.6496,-2.8846,1
2.9329,0.3203,2
0.70958,0.77469,2
-1.7418,-2.3742,1
-0.545,-4.3852,1
1.3037,-2.9974,3
-3.2221,0.60693,2
-2.788,1.4649,2
-3.7372,0.79579,2
-2.4866,-1.4334,2
1.1423,2.0832,3
1.7329,-1.8612,3
-4.3237,-2.1343,1
-2.4284,1.468,1
0.45812,-2.7686,1
0.33548,-1.6518,3
2.5124,5.1994,3
0.25298,-1.0357,1
-0.040995,0.1225,2
-0.29194,-3.5752,1
-0.11104,1.9109,2
0.25378,5.0034,3
4.0614,-2.3481,2
-5.5248,-3.3002,1
0.14948,1.8692,2
-1.45,-1.5429,1
-0.31476,0.10514,3
-1.3886,-0.22809,2
-2.4267,-0.33203,1
2.6759,2.3578,3
-1.5938,-1.1992,1
-0.27049,-1.978,3
-2.0042,-1.3414,3
3.0417,0.55459,3
-2.6569,-2.1125,1
-4.6163,-0.26446,1
0.75358,0.49177,3
-0.97326,0.22339,1
0.57324,0.57807,2
-0.22169,-2.691,2
-0.93222,-2.2423,1
-0.35463,-2.1583,3
5.2414,2.5036,3
-0.83825,-1.2014,1
-2.6813,-4.021,1
2.6255,3.8208,3
2.3615,-3.277,3
-1.4004,-2.2197,1
-1.9619,0.43482,2
0.8368,2.1128,3
0.92442,-0.606,1
-0.30257,0.14571,2
1.122,-0.15849,2
1.9661,2.0892,3
-1.0541,-0.82863,1
3.5259,1.0088,2
0.31653,2.721,3
-5.0715,-1.1363,2
-3.3813,-1.7875,1
2.1473,0.5163,3
2.5202,0.043672,2
-2.6401,1.4207,3
0.14008,0.063001,1
-1.3955,3.0836,3
1.2473,0.033181,2
2.0938,-1.2979,2
1.4295,2.713,3
0.45444,1.62,3
0.54075,-3.213,3
0.96645,-1.2539,3
3.7644,-0.87975,3
1.6058,1.6105,2
0.95261,-1.5168,3
-1.2234,-3.5325,1
-3.6704,-4.6975,1
0.52225,-1.1673,3
-0.92496,-0.34105,2
0.054508,3.7358,2
-1.7709,6.2291,2
-0.98319,-0.16234,1
-1.6887,-0.22823,2
0.31784,0.92851,3
3.3969,2.5482,3
2.7454,-2.3303,1
-0.43238,-1.0196,2
0.060284,3.394,3
-0.76335,3.1229,2
0.0029564,-1.8283,1
-5.7746,2.7441,2
1.2555,0.18549,3
-0.61856,-1.6798,1
4.0161,1.9663,2
1.3287,-1.1225,2
1.7586,-2.3221,2
2.8108,-0.49188,2
-1.202,-3.1745,2
4.9557,1.155,3
-0.77337,-1.8481,2
4.8644,3.7028,3
1.9985,-1.0533,3
0.85968,-8.2946,2
1.4158,-1.1525,2
2.6627,0.45311,2
6.13,3.5565,2
3.0793,-1.2339,2
2.1625,-1.4255,2
4.2766,-2.0964,2
-0.050429,-2.6192,2
-1.8939,-1.4557,2
-2.3293,-5.6204,1
-2.322,-2.652,3
2.7305,-1.9693,2
2.2232,0.56372,2
1.2597,-0.6288,2
2.4074,1.583,1
3.8754,3.9048,2
0.062742,2.6149,2
-2.8438,1.1901,1
-1.9641,-2.7551,2
1.9141,0.78263,2
-3.317,2.2794,1
-2.6814,-0.40036,1
0.36521,-2.8134,1
-0.21031,-0.36131,1
2.3104,-2.2718,1
-0.51491,3.8382,2
-3.4636,-5.7322,1
4.5062,0.68843,3
-2.668,-2.0519,2
1.1538,2.8164,2
2.2268,3.2264,1
-1.3163,-2.7362,2
-1.6821,3.764,2
2.9565,2.079,3
1.3582,2.9911,3
0.33214,4.3925,2
-0.3587,1.5728,2
-3.124,-1.4407,1
3.0503,2.8011,2
0.41794,-1.1284,2
1.9327,-3.8489,3
-0.31559,-2.6181,2
1.524,-1.6045,1
-1.3356,1.1771,2
-2.6661,0.46499,1
2.4682,-0.66031,1
1.2159,1.9331,1
-7.0778,-2.9478,1
3.2383,-1.5604,3
0.4789,-2.8741,3
-2.0732,1.1508,1
-0.69379,-1.7787,2
-3.4678,2.1135,1
0.64942,-0.12256,3
0.90313,-0.54056,2
-2.8413,-2.3386,1
-2.1974,0.56367,2
-1.7907,-1.7232,1
-2.8831,-1.2587,1
3.171,2.9125,3
-3.5844,2.5297,2
-1.9257,-1.096,1
0.79835,3.7535,2
-4.2744,-2.9982,1
-1.548,-2.2338,2
-4.8323,-2.4681,2
2.4829,3.1564,3
-0.029604,-0.60606,3
1.5808,-1.0716,1
1.4421,2.1372,2
2.9525,-0.77801,2
4.0913,-0.61379,1
2.3149,3.7985,2
2.0324,1.3707,2
4.3136,1.5002,3
1.6957,-0.93705,2
-1.4251,-3.6148,1
0.024713,4.9893,3
-0.60749,-2.0398,3
-1.2692,-1.4956,2
2.3812,1.5694,3
-1.3472,0.40367,1
2.8409,-1.5361,1
-0.012141,0.38214,1
0.035635,-0.042632,1
-1.8636,0.5495,2
2.2132,-1.7513,2
0.3093,-0.61916,2
3.103,-1.0904,2
-3.125,-1.6857,1
0.38356,0.23393,3
2.3573,-3.206,1
-3.28,-0.90368,3
-1.5918,0.99714,2
-1.0128,1.1309,3
-1.5711,1.766,2
-0.33739,3.1347,3
-1.6465,1.3483,3
2.1395,-0.97278,2
-3.1685,-1.4854,2
-0.48522,-3.7552,3
-2.395,-3.2731,1
0.37694,-1.4565,2
-1.552,-1.6655,1
-0.62337,2.918,3
-4.7076,3.0085,2
-2.6359,-1.7497,1
3.5369,6.1489,3
4.2862,-1.6547,2
-0.5264,0.62036,2
-2.6193,3.2518,2
-1.0228,-0.87062,1
2.7478,0.51648,2
0.8619,-2.1625,2
-2.2982,-3.2945,1
0.090279,5.4946,3
-3.1606,-3.1514,1
0.94832,0.72193,1
-1.7034,-1.8039,2
0.034399,-1.8544,1
-2.4598,-1.8904,1
2.8971,-0.37745,1
-2.0674,0.62386,3
2.3349,-1.5747,2
-3.9959,0.61532,1
-1.0606,-2.4666,2
0.55126,1.3445,2
0.66178,-1.4091,1
3.7087,3.3778,3
2.5413,1.5452,2
0.76173,-3.2868,3
-0.92938,1.9993,2
-2.4823,-2.2506,2
-6.9675,-1.4672,1
-0.92799,-5.7044,1
-1.1122,1.3151,2
-0.94312,0.87162,3
-0.59928,1.8717,3
-2.3206,-2.9726,2
-1.7974,-2.343,2
1.3164,0.097186,1
4.0594,-0.071712,2
4.2702,-2.6516,2
2.187,1.012,2
-1.7959,1.8352,2
1.3764,1.8231,2
-0.84372,-0.30323,1
-3.0571,-5.3663,1
-2.2472,2.54,2
-0.52917,1.6678,3
-0.34035,-0.5969,2
0.068869,2.1234,3
1.8596,1.2591,2
0.91234,3.4656,2
1.319,1.2712,3
0.2902,-0.31349,1
1.8559,-1.3174,2
-1.8501,2.0569,2
0.90369,4.3369,3
5.4275,-0.13261,1
1.2524,-0.6019,2
-0.76011,-1.1711,1
-0.37312,1.8655,3
1.2931,-0.63926,2
-0.63907,1.3706,2
-2.6245,-2.1851,1
7.9815,3.1565,3
-5.9884,0.347,1
-2.5205,1.4304,2
1.4945,-0.050466,1
0.018235,0.70387,3
2.3231,1.2642,2
2.0292,2.9307,3
-0.13626,4.9508,2
1.2268,0.87639,3
1.7039,3.7328,2
2.7226,3.5134,3
2.5433,0.24317,1
-0.53539,0.32685,2
-0.58778,0.77533,2
-0.8889,2.1072,1
1.2265,2.7344,3
-1.3951,-0.089858,2
2.2803,3.013,2
0.97473,0.74901,3
3.6453,-0.22287,1
0.24851,0.51778,2
0.43886,3.7639,3
-0.39929,0.049007,2
-2.5017,0.73804,3
-2.4714,1.2468,2
-1.6317,-1.7364,3
-0.78801,-0.58955,2
-4.9011,-0.83581,1
3.4349,-1.0758,1
0.87541,0.41798,2
-2.0856,1.0151,2
3.6246,1.6429,2
1.5889,-0.11324,1
-0.056535,-4.7548,3
3.6329,-0.26889,2
-0.16253,1.5852,2
0.56167,1.2621,2
-0.8153,-0.72942,2
-1.3428,-1.6954,1
0.85604,-1.4767,2
-3.2397,-4.5369,2
-1.7813,4.2221,2
-2.5799,-3.2596,1
1.7288,-1.8093,1
2.7677,-1.5765,2
-0.44032,-0.077924,2
-0.2139,0.43192,2
2.0719,-2.2205,1
1.9763,-4.3989,2
2.0535,-1.8347,3
-2.3343,-0.40947,2
-1.055,1.0261,1
-3.4868,-3.2194,1
3.7409,-1.6089,2
-3.7326,-4.3048,1
0.45751,0.59606,3
0.34929,-0.9638,2
0.49742,-2.145,3
3.3264,-2.4173,2
1.2509,0.47197,3
1.9396,1.3086,2
0.68384,0.45173,3
0.94289,-1.3496,1
-2.0148,-2.2707,2
-3.0733,-1.7926,3
-4.7425,-0.15634,2
-1.3349,2.2749,1
4.0319,-1.2516,1
1.2063,1.8551,2
1.96,1.3828,2
-1.7621,2.6473,1
0.53898,-1.1077,2
0.5854,-2.2559,2
-2.0513,0.90337,3
3.3393,1.1016,2
-1.6267,-0.20199,1
2.4845,-1.3336,1
2.4842,0.45114,2
0.48555,2.2149,2
-2.0051,-2.8221,2
-0.58404,-0.29234,3
0.70476,0.13032,2
1.4422,-0.13392,1
-0.87792,2.5988,2
-1.7201,-1.9586,2
-4.5962,-1.2739,1
-1.7804,-0.60723,1
-5.4452,3.0633,3
-2.3926,-3.9505,2
-4.7463,0.39062,2
-1.053,0.48398,2
-1.772,-0.60732,2
-3.0788,-3.1293,1
0.26726,-0.89065,2
-0.99432,-1.7178,1
1.2545,-2.1312,2
-0.42332,-2.4245,1
0.64371,4.0948,2
-2.1339,-2.922,1
2.0745,-1.4563,1
-1.6285,-2.8569,1
-3.0863,0.032539,3
1.5509,0.69776,2
1.5515,-0.10646,3
-0.19636,3.3833,3
-0.90953,1.3293,1
1.984,4.2127,3
-1.2038,2.6487,2
-1.4987,-3.3363,3
0.3233,-2.8955,3
1.3719,2.0755,2
3.6069,1.7676,2
-2.4207,2.1131,1
-1.9988,0.52093,1
2.7463,0.37333,3
1.0389,1.319,1
1.7718,-4.9006,2
-0.92286,-2.8143,2
3.0248,2.8577,3
2.5356,1.5679,3
-0.54369,-3.3132,2
4.8835,2.4029,3
3.2192,-2.0472,3
-5.4833,-1.5466,1
-0.42011,1.6446,2
2.8437,5.3335,2
1.3608,1.2394,2
1.2241,2.0615,2
-3.4504,2.4421,3
-0.012035,2.0549,2
2.5175,1.2589,1
-0.78544,-4.7373,1
2.896,-1.5291,2
0.97075,-1.2977,2
2.5572,2.0018,2
2.2358,3.5113,1
0.5353,-0.045895,3
-0.97821,0.1477,2
0.46914,-0.6182,2
2.3786,1.5425,3
2.8236,2.3406,3
-5.0202,3.4827,3
3.8227,3.6082,3
-0.88035,-0.67315,1
0.28241,1.5565,3
1.4126,0.92923,3
5.3897,3.4737,2
-3.509,3.6883,3
-0.96992,-3.0117,2
7.2719,4.2792,2
-2.1582,-3.4256,2
2.9186,1.679,2
-2.4171,-2.9926,2
-0.51823,-3.8506,1
3.5606,2.9338,3
0.4835,3.2305,2
1.2848,0.81732,2
2.63,3.4124,2
-0.2978,0.38118,2
-0.60677,0.1586,1
3.9686,2.2236,3
1.1196,5.3377,2
0.80041,0.84194,2
2.6398,3.3243,3
-1.6479,3.0035,1
-0.25738,3.1977,3
0.25717,1.7036,2
0.68135,3.0699,3
-3.6043,-2.4713,3
1.8978,1.3068,2
-1.4758,-0.94386,2
-0.14721,-1.3184,2
2.936,2.7379,3
0.85364,1.9595,3
3.4909,1.8858,3
3.116,4.9144,3
2.3371,1.0048,3
-0.63997,-0.47306,1
0.3478,-5.8988,1
3.9037,-2.3644,2
-3.0587,-0.1066,2
1.1365,-1.8717,3
-6.7029,1.2335,2
0.14296,-2.8575,2
0.091795,5.0963,3
-1.4145,-0.56887,1
-0.015353,0.41447,2
0.31506,-3.6851,1
0.0080089,-0.6163,3
2.1944,0.23004,2
-5.4578,2.5507,1
-1.2976,-2.6479,2
-1.1725,-0.76568,2
-1.4281,1.6955,1
2.1267,-1.0795,1
0.15272,-0.18097,3
0.60741,4.0327,3
-1.8494,-4.6169,2
2.7739,-1.7484,3
-0.86252,-4.9975,2
-2.3147,-5.3615,2
-1.3477,1.4757,2
1.1832,1.1085,1
0.42088,4.3926,3
1.4535,0.76187,3
0.40024,-4.6473,2
-0.54675,-0.060994,3
0.3395,4.545,3
2.7489,1.5143,3
-0.98244,-1.8527,1
-0.52636,1.5764,2
3.9861,3.2255,3
1.1408,1.3762,3
-4.951,-4.5177,3
-0.42902,-3.7136,3
1.8562,-0.92179,3
-2.1326,-3.3968,1
0.23149,1.5828,3
2.6165,-2.5406,2
-3.3765,-1.6658,2
1.3743,-0.86015,2
1.6455,1.2434,2
1.3621,-1.6648,2
-2.9901,1.2262,2
0.0059041,6.0718,3
2.6263,-0.27942,3
-2.124,4.2287,2
-3.0589,-2.8795,1
-1.7744,-0.71069,1
-2.5721,-2.914,1
-3.0444,-4.8142,1
-5.0562,-1.8131,1
0.39671,2.5987,2
-3.5308,-4.4586,2
2.1509,1.3512,3
0.075674,1.3102,2
-0.46817,2.9635,2
1.5083,-0.30494,2
-1.5789,-2.0969,2
-2.8249,0.42116,2
-2.0134,-2.3884,3
1.9187,2.2478,3
6.4509,-0.76483,3
-0.087524,-1.1692,2
-5.4051,-0.9214,2
-6.0224,-0.50981,2
-0.41197,-1.8504,1
-2.0859,1.999,2
1.4139,-1.5482,2
-5.1033,-2.605,1
0.83822,-1.4194,2
1.1573,1.0925,3
-0.61601,2.6152,3
4.1352,-0.56525,2
4.8975,4.0477,3
-1.9612,0.7845,1
-2.4211,1.5392,1
1.655,-1.4201,2
0.78325,6.0024,3
-0.75888,0.76316,1
5.1011,4.2984,3
4.5039,1.1483,3
-2.4584,-1.1898,1
2.4245,-0.53444,3
-1.2146,4.7214,3
-1.8634,1.7888,2
2.9765,0.18532,3
0.032921,-1.8086,3
-1.096,3.4212,2
-3.3328,-4.4656,1
1.4788,-3.89,1
2.0421,2.5574,2
-1.2283,-3.0593,2
-2.6365,-2.6644,1
2.0101,-1.3699,3
1.1003,3.3369,2
-2.4011,-2.2085,2
-2.3435,1.3004,3
-1.7347,-1.3468,2
-3.4945,-1.2863,2
0.84728,1.902,3
-0.084583,-0.60841,2
0.60199,0.18042,3
-0.061322,-0.4596,1
-3.1887,-4.9283,3
-2.3625,-0.53096,1
0.061196,-0.15364,3
-0.24375,0.80061,1
1.4264,2.1333,2
1.7483,1.3528,3
0.94936,1.8869,2
3.6134,-0.43448,3
2.3097,0.41498,3
0.88668,0.16583,1
0.051298,-0.40109,2
-1.543,0.029616,2
-0.51877,-2.0776,1
1.7788,-4.0653,1
-2.9638,-3.9612,2
-0.87338,1.434,1
0.58264,1.0556,1
-1.9946,-1.0156,1
-1.74,2.2444,2
-1.0798,3.247,3
3.3394,-0.75902,3
0.56533,-2.3656,2
-2.7991,-4.6539,1
1.7654,0.63626,2
-0.25733,-0.21113,2
1.0833,1.5543,2
-1.8783,-0.29656,3
-2.5872,2.3039,2
-0.67973,1.3557,1
0.4,1.2591,3
0.71927,0.34371,1
-0.26232,-1.0174,2
2.156,3.3777,3
-1.7154,-0.83797,1
-2.0379,-0.0086299,2
3.2256,5.8131,2
-2.6131,-1.271,2
-1.3937,0.78777,2
-0.39563,3.6154,2
-0.78681,-1.764,1
-0.35901,-1.1633,2
0.86465,-1.4272,2
-0.21968,3.3639,2
-1.9215,-0.086657,1
5.1661,-2.1626,3
2.943,1.524,3
-0.71481,0.08204,3
-0.025879,0.82977,1
-4.9778,-2.1716,1
-4.1043,1.403,3
4.4113,5.2863,3
-0.66282,-0.5539,2
2.3375,-0.50031,3
1.649,4.3331,3
-0.13442,1.2746,1
3.6495,-2.9844,3
0.55434,-3.4012,1
1.8072,1.6423,1
-1.132,0.99067,1
0.16632,0.068265,1
-2.0688,1.2393,1
-0.57079,-3.2923,3
0.33915,0.38165,2
-6.3185,-0.24505,1
1.2822,-2.3067,2
-0.74903,2.5362,2
-1.1422,-4.5622,2
5.6915,3.2888,3
4.746,0.2839,3
1.3514,0.13226,3
2.7321,3.8737,2
-0.97707,-0.3119,2
-1.6906,1.4047,1
-4.5127,1.0395,1
1.0975,3.1427,2
2.8648,1.5864,3
-3.5589,-4.2678,2
-0.51142,1.081,3
-1.2922,-4.2682,1
1.2251,-0.18238,3
-0.19261,2.8172,3
-1.0215,-1.4239,3
-1.1918,0.40731,1
-3.7555,-2.4706,1
3.4234,-2.5965,1
-0.76981,-0.8784,1
-3.5151,-0.43071,2
1.4455,-4.2556,1
-0.038078,1.0218,1
1.536,4.1135,2
0.093535,0.54475,3
1.5369,0.67984,3
-0.024264,1.5151,2
-2.505,-4.1269,1
-0.24282,-1.0086,2
3.663,4.9112,3
-3.7805,-0.4286,2
-1.888,0.15598,2
-2.6526,-2.7293,1
4.3573,5.8562,3
-2.6898,0.52553,3
0.36689,0.040525,3
-3.1121,-0.49671,2
2.922,1.8581,2
-0.043659,1.7135,1
0.94991,4.201,2
-3.4486,-2.4472,2
-1.7657,-0.76196,2
-2.9911,-2.1629,2
3.9456,7.0384,3
-0.72461,-0.33023,3
0.64022,1.655,3
-0.92499,0.84874,3
2.3992,-0.56334,3
2.5232,3.1526,3
-0.83844,-0.22607,2
0.61225,2.4425,3
5.7573,3.5134,3
1.0056,3.1867,2
-1.0538,-0.76109,1
1.6696,3.3142,2
1.0385,-2.6258,3
2.5274,5.387,3
-0.96389,1.7992,2
1.7012,-0.88562,3
-2.5037,-2.8156,1
-2.4923,-1.092,1
1.4153,1.7334,3
-1.2685,-4.9939,2
-3.4168,-5.6624,1
-1.2962,-3.0858,1
-0.30191,0.015741,3
-1.074,5.618,2
2.5346,4.2432,3
-2.8083,-4.711,1
-3.0196,1.876,1
-1.1884,-0.0083065,1
3.4531,-0.15512,1
-1.6511,0.70056,2
-2.4571,-1.8844,1
-2.9043,-2.31,2
0.23949,-1.8103,2
-1.9398,-1.0027,2
-0.2106,1.3453,1
1.6128,-2.3219,1
0.95458,-3.2064,1
2.1115,0.90561,2
-2.7485,1.2016,2
-2.6375,0.32733,2
-1.617,0.11153,1
-1.9256,1.8699,1
3.0874,-0.99431,2
-4.5678,-0.78754,2
-2.2808,2.4428,1
4.4781,-1.8484,3
-3.9484,-2.1228,1
1.3743,2.1661,2
-2.1069,1.5341,3
0.81067,1.0508,2
-1.3122,-1.6658,3
-4.1746,-4.3698,2
-0.98418,0.41532,3
-2.2418,-2.7025,3
-5.6526,-3.2723,1
-0.19069,-1.5628,1
-1.2542,-1.4647,2
-2.8956,-2.5584,1
3.9645,-0.76598,3
-0.25584,-0.018044,2
-0.9787,-0.28678,1
-1.2614,-0.79984,2
-0.45459,0.11614,2
-0.56937,2.388,3
0.9234,-1.0591,2
0.84749,-0.456,3
-2.4349,5.6323,1
2.8261,-4.5411,3
-0.95733,0.78643,1
-0.59753,0.53008,1
3.2879,4.0651,3
-3.7989,-2.2177,1
-1.4002,2.5449,1
-2.5841,1.5833,1
-4.9491,0.014758,2
-1.3003,-1.3695,3
0.47717,0.55323,3
2.0583,-3.1905,1
-2.0992,0.051601,2
-0.39422,-2.7264,3
1.6823,-1.4027,2
3.63,2.1989,3
-2.5944,-2.5658,2
0.63199,-2.1085,2
3.7803,1.0033,2
0.91888,-1.1244,2
0.95513,3.5072,1
0.26082,4.6171,3
2.3028,-1.2919,1
-0.43482,0.15367,2
-2.4442,3.4195,2
-1.9426,-1.1858,2
-0.38813,2.1677,3
-1.8044,-2.6073,1
0.3705,-0.96905,2
2.3695,0.94105,3
-3.4572,0.090255,1
0.28646,0.78485,2
-2.6929,-4.5339,1
1.9091,3.9551,3
-1.6586,-5.4392,1
4.095,2.5075,2
0.23215,0.71491,2
0.79592,1.0343,3
0.65396,1.484,2
-3.2506,1.7329,2
0.14546,0.0325,1
-2.5295,-1.4638,3
-0.49866,0.36086,2
1.5062,0.47804,3
-2.2768,2.0616,2
0.74714,-4.037,2
-3.3533,-2.7355,2
0.33438,-0.064166,1
-0.96072,-1.0296,3
-1.3467,-4.2229,2
2.4595,1.0345,2
-3.3002,0.99423,1
-1.1817,-0.03845,2
2.4557,1.998,3
1.1089,0.91284,3
0.95265,-3.2387,1
-2.5488,-0.37105,3
-1.2865,1.7197,2
2.1881,5.3667,2
-3.288,-0.91814,2
2.937,-1.5904,3
-5.291,0.96538,1
2.8519,-2.3028,3
-3.1743,-2.1179,2
0.60645,-1.44,2
1.2803,1.7424,3
-2.7562,1.6051,1
-0.015867,1.2837,3
1.6647,0.63003,2
-0.48684,-0.52861,3
1.8278,-1.4432,3
-0.55763,-2.4534,1
3.9065,-0.14815,2
-2.7561,0.038891,1
1.4492,3.1481,2
-0.22969,0.62043,2
0.28039,0.61266,2
-0.36741,-2.7866,2
-0.67626,-0.17092,2
0.53531,2.7534,1
2.0654,1.6408,3
-3.237,0.26045,3
1.9245,-0.27323,2
2.4455,3.4387,3
-3.011,2.806,1
0.70664,0.57484,3
-1.4455,-1.2431,3
0.15309,-1.3811,2
0.059267,0.13139,3
-0.46958,-0.024883,1
0.37556,3.1897,3
-1.4085,0.88369,3
-0.16907,-1.0096,3
2.1609,1.8487,1
-2.0363,3.9208,1
-1.7636,0.192,1
1.8239,-0.72567,1
1.0152,0.73505,1
-6.4381,1.9145,1
-0.51513,-1.2104,2
0.24469,-1.2859,2
-1.8235,-1.3458,1
-1.3985,3.1551,3
-1.1463,-0.90863,2
1.0565,-0.15258,3
-4.5217,-2.0985,2
2.0162,4.2431,2
-3.7757,-2.5509,1
2.2997,0.70362,2
4.8151,2.6639,3
0.009908,0.41999,2
-1.8625,-1.1307,1
-0.63479,0.88685,2
0.10817,-0.48796,1
2.9195,2.0367,3
-0.21489,-2.7226,2
3.3563,-0.09278,3
-0.60657,2.2093,3
5.3109,0.82077,3
-0.0088509,2.5334,3
-1.2789,-2.747,2
0.020808,-2.997,2
-0.75509,0.59326,3
3.9452,4.7163,2
-0.46618,-0.67165,3
-0.47379,0.030629,1
-1.1976,2.2845,2
-4.2032,0.49161,1
6.515,1.1196,2
-4.7227,-2.4445,2
2.3915,-1.4592,3
-3.2964,1.1041,2
2.3976,-0.34693,3
-0.069185,-2.8479,1
-1.4522,1.2981,3
3.4805,-1.3703,2
1.1192,0.52999,3
2.34,0.26201,1
-3.2376,1.2606,2
1.3682,2.9044,3
1.4525,1.4753,2
1.3666,0.75152,1
0.73324,-1.2749,1
-0.4109,-2.0861,1
3.7215,-1.5688,2
2.2701,1.3789,2
-3.6849,-0.52692,2
1.4193,3.4197,3
0.73118,-0.052343,2
0.47724,1.1683,3
-0.54049,-1.2692,2
-1.6823,-1.7361,2
-1.2656,-2.6838,2
-0.55179,-0.84423,1
1.065,-1.5475,2
-2.4513,-3.2079,1
0.59304,1.7129,2
2.5097,0.82519,2
0.51719,2.9535,2
-0.92958,-2.5602,1
2.7004,-0.11738,3
-0.58491,0.51658,2
2.1052,1.0743,3
0.17333,-1.7408,2
1.115,2.2946,3
2.4677,1.9402,2
-2.8226,-2.5494,1
-0.72813,3.6039,3
-2.3557,1.5835,2
-1.3285,0.0767,1
1.7199,2.9649,3
-0.74158,3.4975,2
-1.113,-0.73281,3
3.1044,-1.0805,2
-1.5007,-0.1515,3
5.2014,1.9658,2
0.81618,-3.9692,1
-0.038126,-2.4179,2
1.7809,4.2486,1
0.9185,-1.4386,1
-8.0244,-1.6471,2
1.4411,0.65115,2
1.1503,0.067535,2
-0.95634,3.2185,2
-2.5309,2.9949,3
0.086238,2.9905,1
0.4889,-3.1816,3
-1.3242,-1.5337,1
3.3312,1.8643,3
1.4073,2.6934,2
-4.8308,-3.3579,2
1.092,0.56731,1
3.4943,0.46095,3
-2.4749,-0.63002,1
-0.65119,-1.5727,2
-0.23575,-0.30521,2
-2.0532,-4.7071,1
-0.42493,2.5066,2
-0.53759,1.7929,1
2.1044,0.63665,2
-0.16448,2.1254,2
-2.8165,1.2616,2
1.458,1.4785,2
1.1313,-1.3023,2
-3.0916,0.2636,2
-1.1422,-0.45182,2
-2.8556,-7.6625,1
1.8875,-0.85932,2
-0.93622,1.3566,2
-2.4073,1.3935,3
-2.1116,-2.1346,1
-2.8155,1.1058,2
2.7729,2.1131,2
-4.853,-0.61961,1
3.1399,-2.0018,1
0.60475,0.83865,3
1.8135,1.0834,1
0.063675,-1.2563,3
-0.69582,1.1622,2
-0.36721,0.024137,2
-2.6441,0.73553,2
-1.7876,-0.43695,3
0.29777,-4.2267,2
1.1699,-0.84077,1
0.15307,-0.29038,2
1.1742,2.3797,2
0.76684,-0.42015,3
3.7681,3.3669,3
-0.5008,-0.52073,1
-1.2141,-3.9854,2
-3.218,1.8201,1
2.6558,-2.4055,1
-2.0024,1.9594,2
-1.4857,-0.58516,3
-3.1183,2.4063,2
-2.029,-2.6595,2
-2.5877,1.6983,2
2.0493,0.60151,2
3.0197,-5.9481,1
-1.0987,1.3046,2
0.55617,-0.75405,2
-0.21887,-1.5944,2
3.3326,-5.0706,2
-0.22845,-1.5977,2
3.5113,2.2575,2
3.1314,4.2219,3
4.0033,-0.93496,1
1.1321,4.1146,2
-0.42562,1.0781,3
0.086616,3.494,2
-1.4383,1.198,2
1.6678,-4.5404,2
-0.16562,0.36263,1
0.78002,1.2041,2
-1.5126,-0.93149,2
-3.0532,-0.35831,1
3.0785,0.34672,2
-0.84435,-3.5409,2
-1.2509,-0.79114,1
-0.24614,0.032461,2
1.75,1.6028,3
-4.099,-2.1946,3
0.33776,1.7605,2
0.24595,-0.91849,1
-1.0659,1.2693,1
1.8262,-0.1621,1
0.24043,-2.6043,3
-2.6012,-0.4687,1
2.6953,5.6812,2
-1.543,3.2958,1
-1.0418,-1.0508,3
-0.2257,-1.6962,2
-0.27556,1.1246,2
2.9814,1.2913,2
-5.7461,-0.31852,1
-0.73897,1.5118,1
-2.8611,-1.3224,2
1.0902,4.5131,2
0.66284,-3.0077,2
2.5702,3.691,3
1.6354,-0.21713,3
-2.455,1.0252,1
1.4172,-1.397,3
1.3232,3.0517,2
-1.2799,-0.17173,1
2.6823,2.0111,2
-4.8025,1.6542,1
-0.58089,3.2791,2
-1.6053,1.8309,2
-0.63532,0.24727,3
-0.1454,3.0909,3
2.6259,-0.37902,1
-3.7045,-5.2673,1
1.4808,0.13724,1
2.9692,5.4595,2
-0.733,-1.3745,2
2.3555,-4.8221,1
-0.7706,-1.0616,2
-1.3639,1.4797,3
-1.2225,0.23265,3
4.6764,1.4471,3
-1.4813,3.8848,2
4.6947,-0.095587,3
-1.6903,2.0252,2
-3.3068,0.16831,2
0.31672,-0.010546,1
-1.4278,3.2197,1
-2.1546,-1.8927,1
-0.46072,-2.5252,2
1.8412,0.71627,3
0.24004,1.3968,2
1.0881,1.0904,3
3.7121,1.628,2
-2.5252,-1.334,2
1.6699,0.070277,3
-2.0115,-2.6596,1
-4.7794,-3.2897,3
0.54784,0.03078,2
0.68308,-1.4033,2
-1.5198,-2.6173,1
3.3919,3.3573,3
0.92846,3.3286,2
1.0901,0.51441,2
2.927,-2.6564,2
3.1669,2.762,2
0.14241,-1.6373,2
-0.85564,0.13528,2
-0.53743,-2.2524,1
0.97645,0.071601,3
-1.1885,-1.4762,2
3.8197,1.6665,3
-2.2624,-2.4561,1
2.3062,0.47487,3
1.7123,2.5647,3
2.6108,5.5107,3
-0.81259,0.025709,2
-0.36811,-1.3336,2
0.60085,1.1221,2
1.5817,0.27208,3
-3.0505,-2.4957,1
3.2403,4.0029,2
-3.1612,-4.2403,2
5.0601,0.77192,2
1.3276,-1.9968,2
-1.0826,1.5086,3
-0.059924,-1.7475,1
1.4892,0.84814,2
7.1769,2.0765,3
-5.2796,-2.0804,1
-0.16234,0.29479,3
-2.537,-2.3151,1
-1.8272,-2.9163,2
-0.60256,-2.7382,1
-2.1907,3.7327,1
0.13894,2.4651,3
3.0536,4.1532,2
0.49384,1.9818,3
-1.5274,2.5416,3
-2.9897,0.84243,2
4.2137,1.2623,2
3.6013,3.414,1
-0.94505,-1.0058,2
0.49572,0.43312,1
0.19878,0.68262,1
2.3014,1.4202,1
-0.98383,-2.0972,1
-0.98602,-5.069,1
2.9195,0.69761,3
2.9405,1.4665,3
0.14849,-2.9244,2
-0.1885,1.4326,1
2.8864,1.043,3
3.0902,-4.2454,2
0.76974,1.4367,3
2.4109,-0.8987,1
-0.78709,1.2567,2
-0.10312,2.6541,3
3.3289,-0.58842,3
-0.26794,1.5005,3
0.14257,-0.31567,2
2.8302,2.5204,3
-1.6692,0.97791,1
-1.5036,2.5144,1
1.0745,0.30602,2
-1.0225,2.7284,2
1.5365,-1.8228,1
1.0218,0.98038,3
-0.68445,-1.0596,1
-1.6414,-3.3598,1
5.0037,1.9461,3
-0.6096,0.51613,1
-4.7838,-1.4527,1
-6.9308,-2.3572,1
-1.0644,-1.1388,1
-0.028152,-1.762,1
0.61039,2.0302,2
4.2272,-0.054049,3
-2.5601,-1.0095,3
0.96406,-1.7814,2
-1.3362,0.49292,2
2.6946,-0.78574,2
4.1514,5.5381,3
3.0494,-0.78091,2
-4.3443,-1.3975,2
-2.3054,1.1133,3
-0.6863,-2.2921,2
1.8425,0.17721,3
0.44492,2.1631,2
0.10651,0.38191,2
-3.1444,-1.6308,1
-1.4941,-5.3562,2
-0.59658,1.0529,2
-3.3713,0.78849,3
3.0731,-2.2896,1
3.3608,-0.3615,3
-1.3578,-4.5029,2
-2.9386,-0.11203,2
3.9598,4.6691,3
2.5587,2.2534,2
-1.3827,-1.8241,1
-0.70038,1.2007,3
3.116,-2.181,1
-0.53954,1.9419,1
-3.2707,-0.79038,2
-1.8333,-2.8202,2
-4.564,-1.8674,1
-1.5409,-1.3837,3
0.61094,0.79015,2
1.321,1.944,3
0.4839,-0.082318,2
-0.79545,-3.3728,1
3.3697,2.2245,3
0.61938,-1.3634,3
1.093,3.4214,2
-3.1545,-1.2283,1
0.28267,-5.8701,2
-1.8769,-3.5792,1
-0.90546,-1.8834,2
2.3878,-4.4575,2
4.4932,-1.5294,1
-3.6553,-0.24747,1
-4.4042,-3.5847,1
4.8217,0.68923,3
2.7422,0.13011,1
-2.1449,0.98621,2
0.69589,-3.9498,1
-3.2833,-1.73,1
-1.1483,2.1926,3
-1.5915,3.1683,3
4.7497,-3.483,2
-0.31188,1.6141,2
0.9963,-1.2086,2
1.7501,2.0119,3
1.07,-0.82838,2
-1.3627,-1.1904,1
-1.397,-4.8294,1
5.0786,0.12602,3
-1.6691,-1.2752,2
-1.9535,0.33208,3
1.3548,5.5939,2
-1.2849,1.9857,3
-2.0289,-0.49845,3
-2.5308,-2.0932,1
-0.28236,-4.2332,1
3.0659,-0.16925,2
-0.39868,-0.18862,3
2.9415,0.21918,3
0.95386,1.5507,2
-5.7132,-4.5502,1
3.0492,-0.10529,3
-2.6206,0.91698,2
0.030095,-2.2971,2
2.0244,-0.3111,3
-0.17824,2.3675,3
-1.2311,0.56429,2
0.78905,-2.9794,2
1.2987,3.5712,3
2.913,-1.551,1
-1.7109,-0.7463,1
1.4098,-0.73972,3
-0.17401,4.7404,3
3.5223,2.0746,3
-2.9362,1.7403,2
3.4967,-2.2597,1
-1.7096,-0.62882,2
-2.3398,2.3154,3
-0.31276,-2.8795,3
1.8074,1.2047,3
0.256,-2.4452,1
0.98554,-0.50282,2
0.74758,0.72548,2
3.5319,0.16175,2
-2.0962,-0.98855,2
-4.5731,-2.4474,1
-0.11033,-0.82505,1
-0.12759,1.711,2
0.81123,0.33796,2
-1.2086,-5.1915,1
-0.41259,-2.4751,2
3.1553,1.1672,3
2.1415,2.8193,3
0.20396,-3.3875,1
1.5705,2.1283,3
2.4003,3.2835,3
1.2645,-2.8099,1
2.5589,-0.71947,3
-3.8597,-1.6891,1
-5.8582,-5.6331,1
-0.57394,-1.0904,1
-0.55917,-2.2698,1
1.9221,-0.87774,2
1.9006,2.4992,2
0.7142,0.65428,2
-1.0011,2.748,3
0.68238,-2.2693,2
-0.098868,-2.4196,2
0.23861,0.77475,2
0.42109,2.54,3
-2.2898,0.64726,1
3.3564,0.05435,3
-4.884,-1.168,2
-2.6607,-0.43547,1
0.022945,0.58245,2
0.62494,2.0915,1
-1.8548,-0.6776,2
-2.9815,-2.7967,3
-3.497,-1.567,1
-0.74029,-3.1635,3
0.75909,-1.2369,2
1.2899,2.5671,2
-0.7912,-2.3165,2
1.4407,8.1756,3
-2.0693,0.58839,3
-1.9831,-2.8873,2
1.5565,-2.8986,1
-1.1985,-0.60174,2
-3.2641,1.7636,2
0.45337,3.7125,2
-2.3469,-0.7004,2
-2.626,-0.69964,1
-0.7546,-3.5433,2
-0.65152,-0.098722,1
-5.0754,-4.7422,1
3.4141,1.7692,2
-2.5938,-0.035994,1
0.097384,1.4465,1
-0.25022,-3.6498,1
-1.7531,1.2075,1
0.32685,-2.3122,1
-0.013218,-1.6022,2
-4.3827,-2.1197,1
-1.4182,3.909,1
-0.76708,0.83921,3
-1.4762,0.72943,2
1.4541,-0.06698,2
1.8298,2.0434,1
1.4255,-1.677,3
-0.084176,0.76835,2
0.71303,2.1576,2
-1.9611,1.7403,3
-0.53435,1.1766,2
4.8234,0.36796,3
3.0135,-2.545,2
-1.8426,-0.93596,2
-1.2137,2.7506,3
-4.8186,-1.5889,1
-1.4486,-0.61761,2
2.2727,3.3657,3
-2.9689,-0.47975,1
-1.4969,3.8322,3
-0.90639,1.0959,3
-2.4683,-1.6126,2
2.302,-0.28106,2
-1.5186,-5.9637,1
-1.2171,-0.0039016,1
1.6361,-2.2335,1
0.22699,1.507,2
-0.38985,1.0751,3
-3.129,-5.0862,1
-4.0282,-0.41167,1
3.8571,-0.036769,3
1.7682,-0.040205,3
1.5557,-0.31962,1
-2.8801,-3.5924,1
4.1221,0.38544,2
-2.1291,-1.9163,2
0.054724,0.38633,3
-1.8722,-4.2852,3
-3.2153,-1.8472,3
3.4162,1.6707,3
1.8821,3.1359,2
-1.5528,-1.2646,1
3.4473,4.549,3
-1.2359,2.9948,3
-0.64554,-0.79169,2
-1.4661,-0.73674,1
0.3971,-1.7769,2
1.3365,1.8499,2
-3.9816,6.2677,2
0.47085,1.1402,3
2.0128,-2.2672,2
1.0843,0.3189,1
-1.7045,-2.0346,1
2.8366,2.7028,2
-0.79895,0.11937,1
4.0222,-3.4169,3
-1.9298,1.46,3
2.3659,-2.1352,3
2.3838,-2.0642,2
1.0735,2.2066,2
2.4569,-0.090961,2
3.5763,-1.2734,3
1.5365,0.32125,3
-2.7587,-2.198,1
-0.097827,0.75335,1
-0.11912,-2.5567,3
-0.38704,2.7095,2
-0.9301,-0.2102,2
-1.1494,0.67372,1
0.59416,-4.1137,1
0.1111,2.7411,2
-0.10632,2.5056,2
-4.9576,1.2609,2
0.60786,-2.6474,2
-0.086621,-1.62,1
-0.5482,-2.5108,2
-2.8635,-0.78776,2
-1.8574,2.7773,2
1.1591,1.9787,2
1.8616,2.0912,3
0.42435,1.1758,3
-2.5051,-0.6538,3
-1.2206,0.027684,1
-1.61,0.05261,3
-0.96889,-2.406,3
-1.5415,-2.2269,2
-2.9868,-0.98951,2
-0.51925,-0.095183,1
0.42288,-2.0264,2
2.9321,2.4132,2
1.4957,-2.9005,3
3.7456,-2.6175,2
-0.84538,2.2586,2
-3.5688,-2.1364,1
-4.2278,-0.58872,1
0.72345,-1.8173,2
2.2595,0.058655,2
2.3217,4.4214,2
2.6904,2.8373,3
4.1739,1.7236,3
-0.24212,0.60345,2
-3.2486,2.0977,2
2.5313,2.3256,3
2.2383,3.7192,3
-1.9206,-1.3232,3
0.26243,-0.27808,2
-1.4115,5.0209,3
0.49105,3.7742,1
2.8348,1.2913,3
2.3873,1.3744,3
3.4786,-6.4627,2
0.82775,3.0289,3
1.2194,-2.3792,2
-0.13444,3.0875,3
-1.5442,-2.2728,3
-3.5438,-2.9486,2
0.93643,0.55091,1
0.50987,-0.29634,3
-1.6204,-2.1144,2
2.4803,-2.8208,3
1.5186,2.9623,3
0.97975,1.2028,1
1.07,4.2638,3
-4.1069,0.77377,1
-2.0513,0.33653,2
-0.68447,-2.2896,1
-3.87,0.40202,2
-1.4578,0.90808,2
-3.1045,1.6279,2
3.0098,2.1104,1
-2.5145,-0.28996,2
2.7622,2.3359,2
-3.3137,-1.4067,2
-2.0372,-3.109,2
1.5857,-0.26884,3
-0.096679,0.38934,2
1.2368,3.6178,3
2.2126,-0.62505,2
1.2194,1.8537,3
-0.86013,0.56638,2
3.7669,0.68702,2
1.6142,-1.958,1
5.4062,4.1146,2
-3.3071,-2.2755,2
-2.0539,-3.4567,2
2.1809,2.8131,3
-2.1649,0.96638,1
-2.6052,2.004,1
0.48443,-3.1649,2
1.9588,-0.48468,3
-0.50053,0.44414,3
-2.3284,0.23212,1
-1.3339,2.3298,2
0.48003,0.59515,1
-1.2599,3.2454,1
1.1672,2.4353,2
-1.1611,-0.71699,3
-1.9267,0.10562,3
-2.889,0.33058,1
0.42731,1.5099,3
0.40056,-0.59058,2
3.4838,1.8071,3
2.3004,5.1021,3
-2.7571,-4.5304,2
4.8674,0.75098,3
-1.3572,2.6344,2
0.70762,-1.1252,3
-1.8843,-0.62868,1
0.55475,1.499,3
-3.0802,-2.7659,1
-4.7699,-2.2764,1
-0.79905,-3.5547,3
-0.88763,-0.33152,3
1.3371,3.9996,3
-3.166,-1.3198,1
0.4817,-5.1776,1
-1.0594,-2.2268,1
-3.4006,-0.91291,2
-3.6768,2.0524,1
5.3218,-1.4242,3
-0.57543,4.4566,2
-0.85175,-1.3853,2
0.53415,1.0199,2
2.8336,-3.9538,2
-0.80047,3.2925,3
0.57315,0.84162,2
-2.402,-0.32185,1
-3.2714,-2.6245,3
-0.8255,-2.5888,3
0.60027,2.496,3
1.6152,0.36671,2
-0.049075,-2.2846,1
-0.25291,2.5564,3
-1.0711,-1.3601,1
-1.489,-1.47,3
-0.49828,-3.6263,3
1.999,-0.30264,2
4.0567,2.4362,3
-2.2205,3.2564,2
1.2897,0.61194,2
4.8863,-2.1012,3
2.7625,3.0443,3
2.8639,-0.86101,2
-6.7447,-1.4642,3
1.0065,-0.079968,1
-0.56709,0.75581,1
-0.61622,-2.8038,1
-1.072,-5.1726,1
-2.1636,2.1675,1
-0.89005,-2.3699,3
0.068264,-0.53008,1
2.0311,1.7983,2
0.82786,3.5619,1
-0.74006,-0.68024,2
2.9072,-0.16495,3
1.0462,0.050604,2
-4.6321,-0.68626,1
1.6379,2.1507,3
-1.6172,-3.0192,1
0.32123,1.1545,2
0.16058,0.57455,2
1.8538,-3.4054,2
1.2079,-3.1356,1
1.7887,0.69476,2
-1.2269,-1.8954,2
1.8028,0.92649,2
-1.7809,-1.8714,2
-0.21189,3.3096,3
1.7362,-2.746,3
-1.1337,-3.2413,2
-2.3837,-0.1535,2
-2.1112,-0.51954,1
1.6069,5.476,2
1.7682,1.3299,3
0.72597,-1.3587,2
2.5951,0.64318,1
2.8523,-1.1906,3
1.4884,2.0476,2
0.0016544,-0.64821,1
0.77424,0.51116,2
2.1447,4.3777,3
2.6907,2.6492,3
0.9695,-2.511,2
-2.2026,0.58997,3
0.34069,-2.1605,2
-3.9292,-4.8351,1
-3.9507,1.2796,1
-0.26788,-3.442,2
2.1709,1.7454,1
-0.3834,1.1378,1
-1.3088,1.8585,1
2.5997,-0.61415,3
-0.4526,2.0132,3
1.8594,-5.0979,1
-1.0983,0.32319,3
-5.1534,-4.3976,1
0.61519,2.6886,3
-1.0833,-0.28832,3
1.8282,0.076554,3
0.65441,-1.1594,3
-2.5029,1.4937,1
-1.8846,-1.2424,3
-2.3936,3.0894,3
-2.1983,-0.3745,1
-0.76073,4.8411,2
1.2428,0.70446,2
1.5428,0.73291,1
2.998,0.78094,2
0.81876,4.4603,1
1.5717,-1.531,2
-3.7582,2.3103,3
3.6049,1.1971,2
-1.8557,-1.7865,2
2.2291,-2.6118,3
1.5969,-1.6391,2
-5.8468,-3.3372,3
-1.9434,-1.8257,2
-1.3401,1.2317,1
1.4609,3.8269,2
-1.7428,-2.5696,2
0.089216,-0.0593,2
-1.0703,1.8824,3
-0.49932,1.6356,2
3.7539,-0.89792,3
2.8014,0.15245,2
1.7247,2.5198,3
3.0028,0.62353,3
1.9596,2.1887,3
1.1735,0.53965,1
-0.2147,1.8108,2
5.47,-0.59719,2
2.1729,-1.5645,2
0.054438,-1.4224,2
0.64141,-2.3632,2
-1.2324,-1.5943,2
-0.055379,-6.0727,2
0.54305,-0.31041,3
-2.473,-1.8676,2
-1.6322,-3.0683,1
2.9002,-3.0254,1
1.2435,0.86156,3
-1.6034,-3.6381,2
-2.2698,-0.8521,2
4.0799,-0.85262,3
1.8562,3.0964,2
-2.8083,0.61634,2
3.0535,2.0765,2
1.0385,-0.41282,3
1.7591,2.7797,3
1.1664,-2.1157,2
0.20944,-2.9035,1
0.20031,0.16395,2
0.79827,-4.4765,3
-1.2098,-1.0021,2
2.5281,-0.17892,2
0.26124,1.5198,3
0.49821,2.276,2
-2.3662,1.7072,2
3.9697,1.2153,3
-3.6594,-3.5347,2
1.3123,4.7203,3
-2.6858,2.3964,2
-0.39537,0.15972,3
1.4424,-0.70452,2
-0.90717,-2.2481,1
0.012974,-2.5931,1
0.18002,-2.2292,3
1.7331,2.0235,2
-2.3582,1.1834,1
2.4111,-0.24911,3
1.6305,-0.42586,2
-1.984,-0.64822,2
-4.038,4.0843,3
-2.1012,-5.1333,1
-1.9685,3.2342,3
2.5202,2.3958,2
1.4315,2.3519,3
2.0695,0.74971,3
1.5348,-1.5388,2
-1.5422,-2.0129,3
0.25799,0.90244,2
0.59422,-1.768,1
-0.99129,-0.058939,2
-0.38953,-2.4879,3
2.4497,1.1562,3
-5.8165,-4.4059,1
0.01666,1.0757,1
-0.54029,-0.0084492,2
-3.539,-1.337,2
2.8931,-1.1246,3
3.3506,1.3544,3
3.7929,0.099606,3
1.394,-1.9873,3
2.529,1.5516,2
2.3957,-1.3267,1
1.1244,2.3032,2
1.8506,2.6348,3
1.418,2.2452,2
-0.95951,5.2421,3
-0.99554,2.4605,2
-2.5216,1.6986,3
-0.73451,-2.03,1
2.4216,-2.162,3
1.8514,8.1656,3
2.6676,-1.2551,1
3.2484,-2.3741,2
-0.84943,-1.6465,2
2.9235,-1.4849,2
-2.9157,-2.4885,2
2.8984,-0.77379,3
-1.6978,-2.8763,1
-3.5259,1.6008,3
3.1131,2.3916,2
-2.0398,-2.479,1
-0.94241,-1.9398,2
2.511,-2.7026,2
-1.3808,6.1429,3
1.1962,3.6649,2
2.7451,-1.1209,2
3.4646,-0.6716,2
0.015433,1.0037,1
1.6647,0.76857,2
0.29004,1.1979,3
-1.0461,4.8789,3
1.7983,-0.34187,1
-2.3858,0.77076,2
0.1124,1.4041,1
-0.14592,-0.98015,1
1.1962,-1.3294,2
-0.44633,-2.4094,3
-0.21604,-3.7108,1
-3.1035,-0.37632,1
-2.6858,-2.3813,2
0.7854,1.9799,1
1.9704,4.0916,3
-1.408,0.45542,2
5.4306,4.1701,3
2.5876,-0.54363,2
0.49766,-0.22251,2
0.27877,0.0014947,2
-0.97749,1.0164,1
-0.72058,0.05619,1
0.75225,-0.51422,2
-0.94859,1.7595,1
1.6403,-0.90127,2
-2.2247,-0.76024,2
-2.5966,-1.6509,1
-4.0282,1.0898,2
2.3901,-0.27047,3
-0.71174,-0.16241,2
-2.3279,-1.4535,2
-2.4108,0.099989,1
3.3421,-5.5282,2
1.8639,2.6659,3
-0.23517,0.54809,2
-2.2998,-3.3781,1
1.3253,0.10729,2
-2.7601,-1.9339,2
-1.299,-1.567,1
0.62635,1.8833,3
-0.90485,2.5172,2
-1.7636,-2.817,2
-5.1838,-1.0302,2
-0.36901,2.2447,3
-2.6627,3.1769,2
-0.52607,2.1551,2
-3.1024,3.2856,1
0.38746,-2.537,2
-1.0196,0.43558,3
0.43369,-6.9436,1
-0.83189,-3.1634,1
-0.87384,-0.44854,1
-3.5568,-1.9067,2
2.7901,-2.3068,2
-0.4003,-3.0763,3
-3.4222,4.3937,1
-1.7874,0.52632,3
0.31143,1.7284,1
-0.46061,1.3126,2
4.1629,1.4052,2
2.4354,1.2575,3
-4.4223,-1.0143,1
-0.80099,-0.72589,1
-2.7907,-2.0063,1
-4.9777,-5.0756,1
4.3075,0.9305,3
-4.1392,1.1405,2
3.6578,2.9545,2
4.4818,-0.94133,1
2.8709,-6.3668,1
0.26915,1.7036,2
2.8187,3.1773,3
1.2141,2.4617,3
-2.597,1.5951,2
2.7176,3.8042,3
6.168,0.65828,3
2.9694,0.016266,2
1.3016,-0.10701,1
-4.0764,-6.5957,1
-1.8114,-0.90819,3
-2.5753,0.50682,2
4.8379,-0.26246,2
2.6481,-1.8878,3
0.011662,2.385,3
-1.3184,4.7489,2
-2.0486,-0.50088,1
1.6818,3.2324,1
-2.6154,-3.8626,1
-0.88676,-1.3444,2
1.6899,0.91859,1
5.0183,-1.3936,3
-2.0649,-3.6759,1
0.6505,-3.747,2
-2.8304,-1.3122,1
1.2435,0.6585,3
2.5007,-0.63711,3
-1.2151,-1.0769,2
-2.6438,0.52623,2
2.3904,1.3222,1
2.4018,2.6189,2
2.1416,2.8316,1
-0.43143,0.50294,3
-1.6932,2.5458,1
4.8215,1.6964,3
0.64427,1.4193,1
-0.96914,-0.75836,3
-1.5248,4.7474,3
-0.47483,1.4532,1
-0.17019,3.0368,3
-0.92036,0.25667,2
-2.3949,-1.0311,2
2.6739,3.0374,3
0.67398,-3.1246,2
1.2528,-0.90535,3
0.87741,1.07,2
-3.988,0.1434,1
3.4984,-0.78919,2
-0.57376,2.9743,2
-1.4155,1.0732,3
-1.5183,1.0302,3
-3.1627,-0.52897,1
-1.7378,0.91453,2
-2.7198,-1.368,3
-1.4177,-3.1906,2
5.2105,4.9226,3
2.383,3.6653,2
-0.07055,-0.73722,1
-0.6211,3.1648,3
-0.18314,-2.0975,2
1.9491,0.14027,1
-0.885,-0.62246,3
-1.008,-1.641,2
3.4667,-2.0532,2
-0.56639,-1.008,2
-1.7122,-0.60235,1
0.25287,-0.81879,2
-2.112,1.5149,1
-1.7035,0.68199,2
-0.93699,2.2391,1
0.58761,1.3942,3
1.9727,-1.8372,2
2.601,0.10496,2
-3.4351,-2.5743,2
-2.7604,-2.8397,1
3.1692,-4.7933,2
-1.5838,1.6977,3
-1.7232,0.79435,1
1.1842,-0.77847,1
-1.0368,-0.49021,2
-3.873,0.55944,1
0.50257,0.12363,2
1.6056,2.1462,3
-1.4761,-0.024805,1
-2.0442,-5.9513,2
1.5986,-2.6312,1
-0.6229,-1.679,1
1.0205,-1.6845,2
-5.5781,-0.18375,2
0.74014,-1.2959,3
3.2559,3.5553,3
0.70788,0.53887,3
0.77159,0.92714,3
3.763,1.8314,1
-0.84069,0.80637,1
2.8142,-0.92315,2
-3.3346,-1.6669,1
0.45348,2.1642,2
-0.3323,-0.6714,2
-3.5041,-1.3761,1
-0.59569,-0.62517,2
-1.505,-1.737,2
1.7426,-1.3937,2
2.7916,1.3719,3
-0.8099,-2.8789,1
-0.97621,1.6032,3
-0.30034,-1.5467,2
2.8422,1.0094,2
1.8191,4.8344,3
-2.0208,-1.5041,2
-1.9079,-0.8864,3
0.34264,-0.55623,1
2.4011,2.4719,3
1.4324,-0.59369,2
-1.8511,-1.9548,3
0.43889,1.653,2
2.3407,-3.2401,2
0.25701,2.3539,2
0.33794,-0.78768,3
-0.20556,-1.1246,1
-2.6501,-0.11213,2
1.1813,-1.2054,1
0.027477,-1.0522,2
-4.4986,1.1178,3
1.7909,-0.51125,2
2.8807,0.84976,2
0.73389,1.4112,3
3.1281,-2.1447,3
0.34557,-0.86003,2
2.3262,0.16194,3
4.7247,3.9092,2
-2.4448,0.78422,3
1.3848,2.5895,2
-0.85311,3.1518,3
2.0285,-1.2054,3
0.76638,4.9028,3
1.0349,0.63693,2
-0.34175,-0.43551,3
5.1548,-0.6412,2
0.69554,-0.36896,1
1.8884,3.1948,2
1.9649,0.52691,2
-2.0358,1.4658,3
-3.0161,0.32917,3
-1.7072,-1.0046,1
0.66557,4.093,2
-1.3363,-0.38782,3
-1.0433,-3.0082,3
-4.8137,-3.654,1
4.2278,2.8215,2
3.5684,3.8734,3
6.9566,5.8423,3
-0.41812,-3.1754,1
1.1855,3.8211,3
-3.1943,-2.5358,2
-0.49823,-1.0114,2
1.9963,-2.4581,3
-1.7718,1.071,3
-0.77994,-3.7956,2
1.0462,0.59677,1
-3.5299,-3.6718,1
-3.0243,-0.39536,2
-1.184,-0.76306,3
-1.4669,1.6552,1
-4.7364,0.35374,3
-1.1251,-2.1244,2
-1.118,-4.2455,2
0.52544,-0.2968,3
-0.95735,-0.014332,2
-0.41139,-0.32049,2
2.0139,3.8583,3
-0.84123,-2.7444,3
0.4414,3.3333,3
-0.96862,0.63512,3
5.842,1.5564,2
3.1385,-5.7708,1
-2.7239,-1.0927,2
-0.92404,0.95862,2
-0.98622,-3.9429,3
-3.4175,0.29262,1
-3.5427,1.1917,2
-1.8884,-3.5544,2
2.8678,-0.53447,2
1.8656,-0.53886,2
-2.6943,1.3575,1
0.18621,-1.4236,1
-0.33342,-2.5924,3
-1.9676,-2.9428,1
-2.7442,0.55509,1
-0.03963,-1.9255,1
-4.556,-1.5322,1
1.4982,-2.688,3
-1.6502,1.4283,2
-5.5228,-3.1293,1
-0.020318,1.1635,2
2.396,4.4348,3
3.2356,2.9737,3
1.1332,0.15865,3
3.1104,1.6895,2
-1.6912,0.67706,2
-2.1979,1.7844,3
-3.7734,-2.0546,2
-1.4284,0.2622,1
0.14885,-0.62016,3
0.63244,-0.80505,2
1.32,1.3892,3
0.79893,0.15993,2
-0.33785,2.7456,2
-1.6931,-0.56526,2
3.6699,-1.3906,3
-0.71172,-1.7977,2
3.477,0.87469,2
1.87,0.40516,1
0.34401,-3.0038,1
-0.072414,0.65024,2
-3.6753,-1.4814,3
-1.8987,-0.36886,2
-1.1064,0.81777,3
-2.4665,0.98059,2
-1.6651,-1.1749,2
-1.0424,0.062058,3
3.8996,-0.5164,3
2.7741,1.7989,3
4.4582,4.8855,2
0.33814,3.4588,2
1.7529,4.5726,3
-3.4777,-2.2844,3
1.8803,1.4705,2
-3.5065,1.3823,1
-2.8102,2.6045,1
-2.0783,-0.19452,2
-0.03531,-0.75882,3
-0.30705,-0.35135,1
-4.6506,-1.3339,2
2.8006,-1.2266,1
1.8323,0.37911,1
-0.9342,-0.47383,2
1.3333,-0.65804,3
2.6071,-1.6368,3
-2.491,2.8523,2
-5.4256,0.3211,2
0.18516,-3.4949,2
2.2285,1.5339,2
-0.90979,-0.26966,3
2.1277,0.026432,2
1.1803,1.4214,3
0.040729,1.8672,1
2.2913,2.9542,3
-0.55512,-3.4374,2
-1.2284,-1.6469,1
-0.012832,-1.3219,1
-0.092194,-1.2159,3
1.9605,-0.76869,3
-0.16132,-0.6566,2
0.36446,2.2432,3
-3.3246,-1.5558,3
3.4397,-2.8925,1
5.2077,1.6664,2
-0.26345,-0.19369,2
-0.41709,0.64291,2
2.6286,0.81681,1
-0.25236,3.7518,3
-0.57651,2.0384,2
-0.38551,-2.2448,1
-3.232,2.8289,2
0.17571,-1.9427,2
1.1175,2.0414,3
-0.31315,0.81725,3
-2.0297,-0.95301,2
-3.2664,3.1532,2
2.8937,2.5793,3
0.038402,-2.2494,3
-1.2456,-1.2721,1
-4.6955,-1.603,2
2.1438,-0.21112,3
-0.13145,4.0813,2
0.21891,-2.1993,3
-0.23885,-3.2712,2
-2.0227,-3.0895,1
0.66312,-0.77921,3
2.0678,1.7748,3
-2.293,-3.724,1
-0.14186,-3.1509,2
-2.5397,-0.06559,2
-1.4332,-1.6972,2
0.59599,-1.9223,1
0.16513,0.80658,1
-4.4964,-2.5822,1
-2.4372,0.90314,3
1.0687,4.2447,3
2.5753,-1.2645,3
0.68987,0.59903,3
2.967,1.0542,1
-6.082,-2.425,1
-1.0569,0.27094,3
2.1645,0.18437,2
0.54991,-3.0488,1
-2.9114,1.1153,1
-0.85612,1.145,1
2.7603,-0.3917,1
2.1312,2.4871,3
1.5471,-1.9056,1
1.3278,1.432,2
3.304,0.89613,3
1.5427,0.83338,1
-2.6035,-4.9266,1
-0.91575,0.86905,2
-1.8736,-3.1173,3
-0.069024,0.17376,1
-6.5555,-2.9624,2
-0.26423,-0.13612,1
0.44259,1.3284,1
0.97896,0.87265,2
1.7584,-1.9716,1
4.8466,0.47743,3
1.4503,-0.74099,3
-1.3558,0.87746,1
1.3313,2.382,3
3.5015,2.1398,3
-1.2576,0.0045782,1
1.8391,-2.189,2
1.2971,-2.4358,1
1.4938,1.7841,2
0.77319,0.87619,3
-1.3411,-2.8227,2
-2.5899,-1.0367,1
-4.8629,-0.54324,2
1.9727,-1.4337,1
-1.1977,-0.89572,2
0.11616,-1.4119,2
-0.8037,1.2538,2
0.11043,-0.77577,1
-1.4572,-0.30793,1
-2.3418,-1.8627,2
6.6032,3.357,3
0.83113,2.2841,2
1.5145,-1.0831,1
-2.9772,-3.3121,1
-1.2012,4.4689,3
4.7956,0.77845,3
1.3647,-0.30687,3
0.36494,1.7109,2
4.3928,0.098614,3
-2.0185,-2.3495,1
2.2389,-2.6606,2
-2.5444,-0.1496,2
3.2223,4.5474,3
-1.4143,1.7154,2
2.0792,-4.0151,3
-1.426,-5.7217,1
-1.4405,-0.34895,3
0.32168,-0.07134,2
-4.0857,-3.7499,1
-3.8532,3.7374,2
-3.6633,0.81261,2
0.52796,0.8601,2
-0.02494,-1.3879,2
2.8962,0.25096,3
-0.4873,0.36601,3
0.42125,-3.6533,1
-4.2669,-1.5092,1
-4.3337,-3.2301,2
-1.4634,0.63037,1
-0.39526,-0.49726,3
0.19017,2.673,2
2.2725,-0.95937,2
1.5872,1.5929,1
-1.5566,2.8216,1
-6.3824,-1.4247,1
-3.2796,-1.3842,2
-0.58465,2.2886,3
0.25917,3.3146,2
-2.4557,-0.43334,1
-3.6238,-2.486,1
-4.6951,-2.9198,2
3.3136,0.065465,3
2.0952,0.4151,2
2.037,1.0116,1
-0.0039202,-1.1427,2
-0.59335,-1.1841,3
1.5144,4.6436,3
-1.2261,1.7113,2
0.093324,1.6293,1
-1.6164,0.74076,3
-0.66072,0.16758,3
4.8307,0.48577,3
5.1255,0.76943,2
1.2086,-5.4322,1
-0.35922,-1.3165,2
-1.599,-5.5077,2
1.2628,-0.36465,1
0.78533,4.5721,3
-1.1775,-1.6475,1
5.3125,3.2293,2
1.0627,-0.73563,2
0.18882,2.5283,3
-0.94614,1.1775,2
1.8502,0.26826,2
2.3909,6.4013,2
0.38852,-1.2454,3
2.5287,0.45537,1
-1.3272,-1.815,3
2.7087,4.3791,2
0.68714,-3.1843,3
3.3858,1.1113,3
0.65391,0.39837,2
0.65603,-0.094564,2
-0.19218,-5.2006,2
-0.19445,-1.4552,2
2.9784,-0.071144,3
0.23541,-0.31089,2
-1.0947,2.672,3
-1.286,-1.9298,2
2.7558,4.1303,3
-0.49687,0.2874,2
1.4187,2.9289,2
0.48562,-0.33573,1
0.37389,1.4901,1
1.0168,-2.5101,1
-0.25259,1.4178,2
2.5087,3.4369,2
0.73493,-4.1672,1
-3.5138,-0.13339,3
0.57848,-1.0412,3
-1.6406,2.0207,2
3.0578,4.9197,1
-0.1158,2.1459,2
2.2188,5.1942,3
-0.10543,-1.174,1
-1.8414,0.0069502,2
3.1567,-0.82484,2
-0.94582,-3.8433,2
-8.2223,-2.3928,2
-2.678,-0.20135,2
1.268,0.31527,2
-1.4256,3.0416,3
-1.5318,0.10524,2
3.4702,4.61,2
0.001933,-1.0965,1
3.9738,1.4151,2
-2.3323,2.0372,1
1.3003,-4.0882,1
0.14204,2.6574,3
-2.2975,-1.9005,2
2.8472,0.77219,3
3.2273,-1.4,1
1.7856,1.7145,2
2.9994,2.8904,3
3.7687,-2.8543,3
1.9888,1.8395,2
-2.98,-1.2068,1
-2.9063,-3.252,1
-0.47809,-0.96327,1
-2.5509,-0.10129,1
2.301,0.49796,3
-1.0839,-0.52993,3
-0.23766,0.56284,2
1.0824,3.1977,2
3.1284,-2.5137,3
1.7137,-3.2669,2
2.0583,0.15345,3
-2.4611,-4.5645,1
-0.29458,-3.9516,1
4.2992,1.298,3
2.939,1.3249,2
-2.0615,1.9159,3
1.7907,-0.50651,2
-1.2681,0.89381,2
5.0637,3.1021,2
-2.7187,-2.5107,1
-3.1093,-5.3738,1
0.16653,-1.0165,1
-3.8663,-3.3464,2
-1.1149,0.3527,2
-2.3056,3.8854,2
-2.1475,-1.7615,2
1.986,-0.29093,3
-0.3425,4.7746,3
-0.9484,0.84401,1
-1.0469,0.44906,1
2.5353,-2.5402,1
-2.2613,-4.1964,1
-3.3067,0.28402,3
0.73151,4.3585,3
4.6875,0.90674,3
0.66527,0.12348,1
2.4253,-1.1075,3
-0.64434,3.3685,2
0.2365,-0.79494,1
-1.6743,-2.4222,2
1.3825,-3.3235,1
-1.1952,0.20388,1
0.72245,-1.2582,3
1.4746,0.54373,2
-3.859,-2.4078,1
0.83459,0.26152,1
0.081825,-1.0728,1
2.1127,2.5199,1
0.097031,-1.5664,1
-1.149,-3.3798,2
-1.3726,2.6756,3
-0.042092,-2.0566,3
-3.0945,-2.0672,2
-2.2686,0.891,3
-3.0766,-2.5284,1
-2.4202,-1.8433,1
1.4219,0.24371,2
-1.5678,0.065415,2
-1.8103,-0.20049,3
5.4403,0.20495,3
0.54915,-1.1051,2
0.05382,-1.926,2
1.7204,-1.4989,2
-2.5927,1.0516,1
4.0697,-1.0473,3
-3.9017,3.3467,3
1.4793,-2.3237,1
-2.2078,1.0111,3
-4.3329,1.4494,3
1.8874,-1.4152,1
3.0524,-0.22013,3
-0.6589,-1.664,1
3.027,-3.6807,1
2.1714,-0.33919,1
0.40388,-0.828,3
2.5302,-0.76487,3
-1.1381,-1.5162,1
0.83665,-0.31189,2
-0.63,-0.64094,1
-0.85589,0.96756,3
0.86317,2.7699,3
-1.2067,1.2162,2
1.3985,2.1341,2
1.8889,2.9165,2
0.13227,-1.2997,1
-0.9008,-2.0095,2
1.1461,2.4212,2
-6.2042,-6.1105,1
1.0132,-2.7907,1
2.3778,1.4637,2
3.5474,1.3106,3
0.4685,3.1516,3
-3.3819,2.4941,1
-2.6292,1.9807,2
0.60441,-0.15447,3
-1.5497,1.4471,2
-0.19841,-1.411,3
0.75168,-1.0616,1
0.54585,0.89369,3
-1.5813,-3.6247,1
1.4028,3.4492,2
1.1659,0.13464,3
1.5235,-2.5848,2
1.939,0.158,1
0.99391,-1.5456,2
0.15614,0.43917,2
-1.7011,0.39702,2
1.5912,4.0829,3
2.3035,1.0071,1
1.6977,3.7961,1
2.5229,3.4786,3
-0.75829,-1.6795,2
-1.4578,-2.3478,1
-2.8575,0.70976,2
-3.2937,-0.69283,1
0.45861,3.6601,3
-1.0181,-0.52551,1
-2.5363,-1.7627,2
0.44795,-1.0002,1
1.1702,-3.1657,1
-2.3428,3.3038,2
-4.0215,-0.96115,1
0.76431,-0.29206,2
-2.5388,2.5007,1
3.2797,-2.5131,2
1.012,1.4598,3
-6.8729,-2.6261,1
1.6066,2.2975,2
0.26643,2.8504,3
-2.8248,-1.2976,2
-0.1348,-0.024064,1
1.3405,2.8495,1
-0.54535,-0.37558,1
-0.07325,2.705,3
3.5441,0.48902,3
3.0091,-1.3741,1
-3.2016,2.0943,2
0.42056,-2.4561,3
1.2475,-2.5135,3
2.0778,-0.071724,3
0.8898,-2.6271,2
0.54382,2.3257,1
-2.1922,-2.6571,2
2.3893,2.6553,2
2.6627,2.1615,2
-1.4239,2.6026,3
0.050528,-1.5849,2
0.10739,-1.6475,1
2.3562,-0.74601,3
-0.92457,1.099,1
-0.72128,-2.8259,2
-2.0598,-0.93202,1
1.0735,-2.8768,1
1.1601,-0.57369,1
-0.3661,-1.7476,2
5.5311,1.4326,3
-0.827,-3.1347,2
2.2522,1.979,3
-1.6986,0.60599,2
-0.79926,-0.9708,1
-0.096671,-0.36668,2
-0.38849,-3.6335,2
-0.5438,-0.0055434,2
-2.1348,0.55346,1
0.04823,2.0668,3
2.5854,-0.14742,3
3.1487,-1.0144,2
-2.8011,-6.1276,1
1.7917,0.64988,2
1.0123,-3.4001,2
-6.8086,1.9409,2
-2.6446,-0.77846,3
0.74832,-1.1464,2
4.5758,-2.6429,2
-2.0174,-2.2213,3
-1.0605,-4.1848,2
-1.8378,-1.7164,2
-2.4319,-1.5506,2
4.5425,3.146,3
2.0541,-2.4898,2
0.011037,1.7399,1
1.9747,5.3237,3
2.1514,2.4536,1
-1.1284,-2.7997,1
-2.2881,-1.0417,1
0.78108,1.2052,2
1.3337,0.24515,2
-0.61439,-0.3668,2
0.99141,-3.5865,1
-0.93265,-1.296,3
3.4891,2.9021,3
6.9004,5.6255,3
-1.8085,-0.41961,2
-0.98793,1.8838,2
2.1083,1.4125,2
1.4404,-0.38347,3
-4.5218,-3.8978,1
2.867,-1.4547,3
0.90919,1.7305,3
-1.8204,1.0531,2
4.9046,1.0889,2
0.56811,1.6983,2
-1.2781,-2.334,2
0.55562,2.3886,3
1.6414,-0.38593,3
-0.91281,-2.8331,1
-2.7707,-1.1372,1
-0.23396,4.8941,2
-2.8835,0.20583,1
0.35582,-1.4505,3
-2.9221,-2.4185,1
-4.2904,-0.80229,1
-3.7035,0.44157,3
-1.4614,0.062713,1
0.86736,-4.1668,1
-0.22147,-0.20962,3
0.12979,-2.2598,2
-0.62487,0.204,1
2.0796,2.2527,3
-3.919,-3.377,1
-1.7526,-0.37487,3
-0.18418,0.35353,2
-0.17052,-0.48568,2
0.56803,2.3518,2
3.5737,-0.1346,1
0.48754,2.0236,3
-1.3392,-7.9444e-05,2
-5.1362,-0.58973,1
-0.78182,4.9933,3
-0.76244,0.87787,2
-2.172,0.61641,3
-3.0617,-0.56257,1
3.8312,0.12115,1
1.3666,-3.7774,1
6.2915,-0.91825,3
4.6047,1.7181,3
-3.4505,1.6634,3
-1.5305,-0.8513,2
0.089248,3.4369,2
4.8364,3.2276,3
-0.33343,-0.87924,1
-1.5172,-1.9987,1
0.60309,-1.9979,2
-0.39615,1.9986,1
4.5987,-2.9095,3
-3.6242,2.1721,2
0.67446,-1.801,3
-2.6919,0.44543,3
-1.9235,1.0521,2
-1.019,-2.9947,3
1.4175,-4.4363,3
6.7032,0.48108,2
-0.79867,-1.6663,1
-2.9732,-0.10711,2
-0.93224,-1.3879,3
0.43207,1.7588,1
-0.31759,-2.6266,2
0.18894,2.4824,3
-1.076,0.24391,3
2.1328,0.8523,2
-5.232,-0.52174,1
0.85317,3.1891,3
-1.7901,-1.3042,3
-3.3947,-3.4273,3
2.6565,-2.7099,1
-2.6042,-4.1141,1
-1.0038,-4.437,2
2.5025,2.2509,3
-1.1117,2.5359,1
-0.34922,-4.8862,1
0.13541,-2.6533,2
3.6328,-1.1143,2
0.61912,2.7566,3
1.2287,-1.2107,2
1.2529,-2.5486,1
-1.8949,1.3379,2
2.0919,0.80253,2
-0.87223,0.74981,2
-1.0973,-2.4326,1
2.8752,1.1071,2
2.2435,2.5912,2
-1.285,1.1296,1
1.3228,2.0315,2
-2.5361,3.4436,2
0.71388,1.1354,1
-2.0525,-2.3924,2
1.9452,2.6409,3
0.61808,-2.1018,1
0.17554,2.9225,2
0.50018,-1.1668,2
1.499,2.6391,3
-1.1743,1.8097,3
-4.0547,-3.1981,1
-0.85165,-1.0979,1
-1.3578,0.31822,3
-1.5223,0.78887,2
-3.991,-2.928,2
