-1.8401,-1.2288,2
0.95158,-2.2108,1
-1.38,5.196,3
-4.1535,-2.3146,1
-1.3939,2.258,2
-1.5975,0.36807,2
1.5581,1.6251,3
-0.2802,-0.75854,3
-2.844,1.5671,1
1.3377,2.4072,2
-0.57203,-1.786,2
-2.4698,-0.058497,2
-1.7901,3.6702,2
0.49808,-1.8522,1
1.0583,0.23699,1
0.70197,-3.3126,3
0.61721,-2.9514,3
-1.4407,0.52309,2
-0.26111,-1.2582,1
-1.6383,-1.0954,1
-3.1226,0.50329,3
-0.52456,-2.74,1
1.0746,-0.84831,3
0.90934,2.4181,3
-0.83012,-1.1466,2
3.201,1.2726,1
-0.4785,-1.372,2
-2.485,2.8696,1
1.9759,-2.9364,2
0.2699,1.3331,3
1.3199,-1.218,3
2.6867,0.44148,3
-0.50719,-0.65864,2
-5.554,-2.0985,1
0.61115,-1.0209,3
2.8319,1.7019,2
1.6549,-0.93171,3
-5.4706,-1.7818,1
3.126,-0.32842,2
-1.8761,-1.0609,1
-0.48599,-1.7708,2
3.8053,-0.83749,3
2.8071,1.1132,3
1.7463,2.3852,2
-3.257,-2.0522,1
1.0287,-4.306,3
-0.23716,0.7954,3
-2.4782,1.6068,3
1.5259,0.71525,3
1.0692,0.59422,1
-4.0012,-2.676,1
-4.0595,3.1463,2
2.0686,0.18547,1
0.81968,2.3033,2
0.14855,2.8069,2
-3.6572,-2.4761,3
0.22617,-0.4876,2
-1.3574,-2.2947,2
-2.6311,-7.0945,1
1.2515,2.0401,3
1.2396,-3.4333,3
0.26742,2.7766,3
4.518,3.61,3
3.3225,0.0098715,3
-3.7654,1.2762,2
4.5042,2.7244,2
-1.0657,-1.0969,2
-1.611,-0.095045,3
-2.075,3.6724,2
4.3642,3.471,2
-0.20451,0.25505,2
-1.5228,-2.8239,2
2.358,2.0862,1
-1.9531,-4.2254,1
-0.33967,-0.46803,2
-3.4221,1.3104,2
-1.0905,-0.81624,3
0.95769,1.1514,2
-5.6437,-1.1302,1
-3.663,-6.6886,1
-2.2733,-0.1266,1
1.004,-0.19726,2
-0.036223,-1.2958,3
-1.0922,-2.9681,3
0.60289,-1.4991,2
0.25966,2.3506,2
0.36224,-2.0198,1
1.0928,2.056,3
-2.4436,-1.7077,2
2.6809,-0.3506,3
-3.3473,-1.2496,1
3.1949,-1.7064,3
-2.3294,2.4019,3
-5.4623,-4.709,1
0.47074,3.8916,3
-0.91697,0.85256,1
-1.0928,-2.4761,2
0.94652,1.5421,1
1.4522,2.1848,3
-1.0706,-0.8125,1
0.60476,0.58449,2
-0.49177,-0.38603,1
1.1647,-0.59693,1
-2.486,-5.1813,2
0.42825,-3.0767,2
0.66886,-2.5378,1
-0.52431,0.50145,3
-0.39798,2.165,2
2.6938,1.1051,3
-4.7973,-1.0835,1
1.827,2.2482,3
-2.4684,2.0169,3
1.5352,2.9748,3
3.95,-4.7451,2
2.8452,3.2011,3
-1.9841,-1.2703,1
0.63773,1.2856,2
-0.91177,-1.8061,2
-0.15268,-0.83744,1
0.84773,-2.7766,2
-0.90115,-3.1424,1
1.8857,3.7508,3
1.063,0.81306,2
-2.4999,-2.1106,1
-1.7716,1.5509,1
-0.18094,0.58809,3
0.7775,-1.641,1
2.3451,2.7888,3
2.921,5.4134,3
-1.084,-2.0931,2
0.75573,-0.18254,2
4.0717,-0.89198,2
-6.0512,-3.4468,2
1.7555,0.19914,2
3.9401,1.309,2
1.0057,0.52879,2
2.097,-1.0105,1
3.608,1.2448,2
-3.4024,-3.3974,1
-0.61652,4.7678,2
1.4205,-1.066,1
3.7892,-1.2764,1
0.89142,5.4218,2
2.0292,2.5596,1
0.55145,0.44477,1
-4.0159,2.2736,2
-1.3164,1.566,2
-1.4666,-2.716,2
0.44045,0.15994,3
-2.0988,1.0314,1
-0.69846,-4.135,1
0.93347,0.84749,1
-4.7807,0.37997,3
0.6836,-2.8682,1
-1.2137,-1.7382,1
0.79487,3.1625,3
2.594,1.8905,2
-1.9453,0.23216,1
-2.6468,-0.14487,3
-0.65456,1.373,2
-4.0132,-3.4081,1
1.8781,7.2657,3
-1.8975,0.027192,1
2.7145,2.0956,3
0.3239,0.471,2
2.7325,-0.56631,3
-0.68802,-3.5001,2
1.0856,3.3298,3
3.7476,1.8574,3
-3.3459,2.0151,1
3.2116,-0.10027,3
1.7039,-2.527,1
-1.1608,-1.5274,2
-1.2294,0.68857,3
-2.0774,-0.27398,2
-1.7217,0.73154,2
0.018664,-0.048261,3
0.58532,-0.27011,2
2.7558,-0.73544,3
0.32058,3.3757,3
0.25488,2.8071,1
2.4615,3.4486,2
-1.1137,0.44531,2
-4.1036,-1.3729,2
-2.4906,2.2065,2
1.2823,-3.7352,2
5.3261,0.55115,2
-0.22517,-0.72916,1
5.0555,2.7433,3
0.81302,2.1216,2
1.9296,1.8759,2
-0.23933,2.1769,2
-0.77695,-1.97,2
-0.85599,-0.30287,1
0.85107,1.1385,2
-1.6168,0.24199,2
-0.92095,-0.81163,2
-0.66964,-0.042381,2
1.3409,1.5226,2
-2.3731,0.2214,1
-1.4199,0.86451,2
5.6292,-4.0028,3
0.07619,-0.27709,1
-0.49348,0.77816,3
1.5888,1.0082,2
-2.3483,-0.13852,2
3.4339,3.7869,3
0.32061,-0.68308,2
-4.1234,0.90572,2
-0.12345,1.1799,2
1.4255,1.9152,3
4.2994,-3.0764,2
4.3578,0.91212,3
-1.4958,-2.6828,1
-2.1555,-3.9949,2
1.8786,0.39717,3
-3.5858,-2.4894,3
-1.0869,0.064779,2
2.4699,0.032231,1
1.023,0.05984,2
0.99242,-0.71068,2
3.6428,5.6051,3
3.6367,2.6198,3
2.2957,1.3066,2
-5.046,-3.9953,1
-1.6791,0.12288,1
-1.3947,3.2527,3
-0.33786,1.2405,2
3.9909,2.8406,1
0.51691,-2.3945,2
-3.3103,-0.87814,3
-1.1952,0.19179,1
2.1806,-2.036,3
-3.3477,-3.6871,1
0.02756,4.2261,2
0.59169,4.886,3
-1.5037,-1.6205,3
-0.069407,-0.42219,2
-0.98625,-0.40814,3
0.87686,2.2943,3
-0.94553,3.7763,2
-1.2702,0.39309,3
0.70237,-0.40942,2
2.6584,-1.1102,3
0.75857,-1.7213,1
-0.10286,-1.0062,2
0.75736,-2.1627,2
0.88399,-1.8655,2
-3.4777,1.6235,3
1.8279,2.9917,1
1.699,1.0583,3
-2.3241,0.015735,1
1.607,-1.1495,2
1.3516,-4.3678,3
-0.57417,-2.993,2
-0.17241,-0.23956,3
2.7103,-2.38,2
-0.38676,-0.58013,1
-0.93534,-2.3035,2
2.9581,3.4253,3
0.3596,1.7557,2
0.46722,1.6285,2
-0.45371,-2.8191,1
-2.112,1.2172,1
3.9851,-1.5431,3
1.6697,-0.24448,2
1.2263,-1.4996,2
-2.0214,-2.9119,1
2.551,1.0969,2
3.0421,0.17902,2
-1.6914,2.6758,3
-5.7222,1.3977,1
-5.0199,-3.0217,2
0.88314,-2.1563,2
-2.2304,0.15009,1
1.8377,0.099423,3
-3.3289,-3.6267,1
-2.6778,-1.3235,1
-4.5933,-2.3779,1
-0.89365,-1.2403,1
3.0689,1.1065,2
1.8977,-1.943,2
2.0238,-2.0059,3
-2.8526,-1.9844,1
2.521,2.8469,1
0.73382,0.43911,2
-1.1352,2.0339,3
1.1549,5.1302,3
1.6223,3.1859,3
-1.0355,2.4165,3
-1.5091,3.861,1
2.2064,-0.87979,1
-5.3156,-4.5868,1
-2.0059,-3.429,1
0.054603,2.3653,2
-4.5059,-2.2651,2
0.64035,-2.8163,3
2.1921,2.206,2
-0.13883,-1.8697,2
1.5363,-1.0488,1
-4.9292,-3.7362,1
2.3227,-0.54485,2
-2.9373,-0.099999,2
0.080936,0.28314,2
-1.851,-3.549,1
2.0315,4.5426,2
-1.572,-1.6921,1
0.70475,2.4106,2
-2.4197,-1.2843,1
2.4933,-0.12795,2
-0.22245,-8.949,1
4.0572,4.7419,3
-0.74646,0.92865,1
-1.0925,-1.2273,1
5.4457,-2.0224,3
-1.3285,-0.25315,1
-0.55007,0.21972,2
-2.2876,-2.1383,1
-2.0986,3.8239,2
2.0154,0.52896,3
-2.6271,-0.26621,1
3.3587,-3.5794,2
-2.5643,0.97603,2
1.4973,0.56766,3
3.2393,0.92191,2
4.9575,0.064418,2
-0.61435,0.74426,2
-4.1346,-3.2026,2
3.1918,3.5616,2
0.24683,1.2577,3
2.6233,-0.0081224,2
-2.2409,-4.3967,2
0.0049085,-0.98339,2
-0.23331,-2.1738,1
1.7704,-0.81354,3
-4.2834,2.6886,3
4.5602,2.8777,2
-3.5434,-1.5809,1
0.67468,3.4226,3
-0.95139,-2.6819,1
2.9398,1.5278,2
-5.5439,0.31687,1
-3.0358,-4.3792,2
-3.3568,-1.9972,1
0.51803,-1.3485,3
-3.7738,-2.0019,2
-1.8734,2.6912,3
-1.8691,-0.52189,1
-1.1277,-0.11518,1
0.29629,-1.7091,3
2.4317,3.2964,3
2.6903,1.7684,3
-1.1013,0.89747,1
-2.5717,1.1205,3
2.1573,0.14587,3
1.456,1.0203,3
0.41398,1.9241,2
-3.8514,2.0179,1
2.6535,1.1464,3
-2.4405,-2.4801,1
1.3142,-0.79442,1
2.0488,0.66462,3
3.3879,-1.8166,3
0.19572,0.2852,2
-1.7445,0.9202,1
4.9686,2.9488,2
0.40695,-0.72211,1
1.9187,-1.4426,2
-1.7736,-0.33268,1
-1.3968,-2.2119,1
1.9846,0.95408,1
4.5452,4.0969,3
3.0878,1.1667,3
2.2612,-1.7824,1
-0.85084,-2.227,3
-0.62088,-2.0623,3
0.74813,-4.0276,1
1.5638,1.424,3
0.82076,-0.062629,3
4.497,-0.92612,2
-2.7814,-0.17224,2
0.99196,1.9404,3
2.3712,0.38432,3
2.0107,2.8697,2
-0.076529,1.5655,2
2.8845,-1.217,3
4.8043,2.4644,3
0.88247,-0.87928,3
1.5903,-0.12866,3
4.7609,-0.45941,3
3.2895,0.44163,2
0.70382,-5.3871,1
-0.69666,1.5273,2
-0.81728,-1.4091,2
0.25783,-2.6126,2
0.16925,-1.5629,2
1.3762,-1.4571,3
0.12314,-3.2038,3
1.1171,-0.31249,3
-2.5843,-2.9126,1
2.2761,5.4885,3
-2.5369,-3.9337,1
-1.2097,-2.4597,2
-3.0004,0.3559,2
-1.6917,-1.4134,3
1.0627,-1.8554,3
-3.1914,0.96558,3
-0.62806,3.2322,3
1.4358,0.058318,2
0.0070022,-2.186,3
-1.1929,1.2335,2
0.37749,-0.57041,1
-3.2627,-1.6012,2
-4.0097,-1.0359,1
-2.4679,0.22708,2
0.40349,-2.7961,1
2.68,-1.3327,3
-2.0858,-3.6132,3
-3.1447,-5.3037,2
-0.6347,5.7893,1
2.3403,3.3025,2
0.31172,0.22369,2
-0.82889,-2.8043,2
-1.9506,0.96334,1
-1.3745,-2.8055,2
-2.436,-2.0854,1
-2.0844,3.6632,2
2.3632,0.62499,2
-1.7058,-3.5036,1
-0.40169,-0.028837,3
-0.89989,2.2552,3
0.23,1.0728,1
-0.48928,-0.083285,2
1.2229,1.6961,2
-4.5207,-0.43044,2
3.7787,-1.5753,2
-5.8012,-3.2765,1
-2.7054,2.2651,2
0.90665,1.2947,3
1.4035,1.9589,3
-1.7936,-3.3477,2
0.74611,0.31735,2
0.93955,-0.66567,3
0.19173,1.3997,1
1.7403,0.57284,3
-0.77024,0.81608,3
-2.256,-7.5183,1
0.31395,-1.5452,3
0.20745,5.8137,2
-2.4605,-3.5482,2
-2.5624,-2.1446,2
-0.047917,5.1019,1
0.51487,0.076805,2
-1.2325,-4.4726,2
0.47554,-1.1664,1
-2.2123,-2.524,1
2.9422,-1.5168,3
0.0077986,3.1031,3
-2.0354,-0.85479,1
0.5836,-2.4364,1
-3.4925,-3.4642,1
0.93887,-4.4421,3
1.6883,-2.2515,3
-0.35129,-3.8172,1
-1.4354,-1.1724,3
2.0179,1.8348,2
0.75308,-6.2359,2
-0.55722,1.0261,3
-1.2011,-3.0351,3
2.4245,-4.6245,2
1.9814,0.78847,1
-0.089833,1.8429,3
-1.9757,-3.4676,1
-1.0438,1.2431,2
-1.5229,-1.4709,3
-0.70866,2.0564,1
3.261,4.7483,3
-0.27333,1.372,1
1.9957,1.6435,3
0.93957,0.29276,3
-1.0235,-1.1876,2
0.035046,4.9418,3
-2.2578,-0.40906,1
-3.2536,-2.7926,1
-1.0898,-0.94255,2
1.3888,-1.3128,2
-0.6331,-2.4452,2
0.15451,-1.7639,3
1.7391,0.47663,1
1.1468,5.046,3
-0.32643,2.4957,2
0.10875,-3.6698,1
-2.4216,0.51765,2
1.1521,1.36,1
-0.77171,2.4543,2
1.0988,0.48502,2
-2.2088,0.90318,2
-3.4243,4.1538,2
0.48103,-3.467,1
0.5612,-0.28953,2
-1.6041,-0.95226,1
-0.26191,1.2825,3
0.13706,-4.1855,3
0.69652,3.7385,3
-4.1754,-0.044375,2
-1.9978,-5.9359,1
-2.9312,-0.025087,3
0.82449,1.4846,3
-5.2214,-1.3094,1
-0.38229,-2.9095,2
-3.0316,-0.97436,2
2.5621,-0.057667,2
3.4161,0.73461,3
0.82508,-1.2955,2
1.1354,3.0827,3
1.0216,2.4348,2
1.7764,1.7838,3
-3.2417,-1.7939,2
2.2943,0.50878,3
-0.46523,0.29544,3
-1.45,0.72666,3
-4.4703,-4.1765,2
0.85273,-1.9329,2
-0.61825,-2.5424,1
0.21683,-1.131,1
1.0802,1.1612,3
-8.9205,-0.41611,1
-3.9749,-4.4366,1
-0.41756,-1.189,2
0.36251,-1.0195,1
-1.4559,-1.8228,2
5.1278,3.6483,3
-2.2315,0.86002,2
3.9857,0.63854,3
-1.3144,3.98,2
0.81913,3.3012,2
-0.96328,-1.7735,3
4.1908,0.21193,3
1.4226,1.2195,2
-2.4326,0.79207,1
-3.8726,-4.4749,3
1.2153,-4.1316,1
1.9805,-3.3282,2
0.48735,-0.79782,1
-0.10188,1.7194,2
-1.1957,-1.132,2
4.0755,1.268,3
-0.99563,-0.0082916,2
1.9867,-1.8718,3
-3.5867,-3.3672,1
-2.8717,-1.556,2
3.1527,1.7272,3
0.62028,-0.42882,2
-0.79965,2.8396,2
3.5324,4.0953,3
2.0162,-0.41714,3
-2.4616,-2.2912,1
-1.0725,-0.35744,2
-0.39155,-0.43142,1
2.2319,2.1843,2
1.7467,0.61362,1
-2.6567,-1.4093,1
-3.557,-2.2263,1
-0.99018,-1.2755,1
-1.3103,-2.7936,2
-4.9104,2.1172,2
0.85909,-0.098796,2
-4.3506,-2.0489,1
0.79995,2.6095,3
2.6047,-2.1914,3
1.5276,-0.053299,2
-3.1162,-0.50487,1
-0.87206,1.7228,2
1.362,-1.0597,3
0.20044,-0.98297,1
2.2634,0.62763,1
1.5356,-2.0225,2
-3.679,-2.8994,2
1.6757,2.6521,1
-3.3454,-0.59766,1
6.4163,-3.3597,2
-1.9831,-2.3415,1
0.097325,1.3061,3
-1.3248,-3.0755,1
1.0092,-4.1437,2
-1.5841,-1.8435,3
-4.197,-3.2571,1
-0.35704,0.10867,1
-4.379,-2.6491,1
-0.74448,0.72221,1
0.89758,-0.61777,3
5.6869,-2.3664,3
-1.223,-0.0023035,2
-3.0381,-0.15265,1
-0.92133,3.2449,3
1.7231,4.2752,1
3.3731,-0.14908,2
-2.0018,-2.199,1
-0.35445,-0.29125,1
-1.5085,0.15999,2
-5.7209,-2.9103,1
3.0447,5.9995,3
-3.3677,-0.10172,2
-4.1638,-4.2032,1
-1.5426,0.60555,1
2.0793,2.5562,2
1.8331,1.4133,3
3.9609,-3.0676,3
1.3295,-0.57162,3
0.40187,2.7926,2
1.0219,1.7699,3
-0.38266,-0.15861,1
4.6881,-0.89,3
5.4027,1.7693,3
0.14564,-0.2869,2
0.34936,1.5322,3
-0.87634,0.5855,2
3.1384,-2.6906,1
2.7908,-0.057092,3
-1.3219,-2.2779,2
-3.0792,3.4448,1
0.54258,-0.011309,1
2.2283,-2.339,2
-1.1411,0.44475,1
-2.7331,-2.9326,2
1.4817,-0.12576,3
-0.38481,0.76873,3
4.361,2.72,3
2.3185,1.712,2
-0.55178,-2.7574,1
-1.164,-0.59193,3
6.7138,1.6334,2
-3.4336,-2.8352,1
-4.2727,-1.4914,1
2.8232,-2.9008,2
-0.25505,-0.6242,1
4.969,1.703,3
-2.0458,-2.152,1
1.6664,-3.3999,1
3.6798,1.7452,2
-3.5345,-2.7435,1
-0.29038,-2.3238,1
1.521,2.1146,1
-2.6373,-1.9696,2
1.0922,4.0749,3
0.67464,-0.95283,1
-0.63097,-0.016196,2
-1.481,-2.7336,2
1.9531,3.4047,3
-3.0432,-1.9362,2
5.2727,3.9622,3
7.4333,2.8473,3
-3.5211,-1.0312,1
1.9375,-1.1819,1
-0.72781,-1.5054,2
1.074,2.2029,2
-3.7846,-1.4374,1
0.031725,2.9991,2
0.69858,-2.138,1
3.8261,3.4773,3
1.4427,1.9481,3
0.98152,0.24287,3
0.747,1.9372,2
-4.4931,0.34323,2
-1.5754,2.2495,1
1.158,-2.0214,3
-0.20469,-0.86751,1
-1.9028,-1.6962,2
1.4959,-0.66062,2
1.8439,2.6212,3
1.7583,-0.11045,1
-0.71953,1.6577,2
-0.42281,0.49875,2
-0.9771,2.2905,3
-1.1439,-0.21027,2
7.3817,6.039,3
-0.31388,1.0915,3
-3.1241,-0.11163,3
-0.46372,-0.94827,1
-5.6664,1.1301,2
-1.5743,-1.724,1
0.38366,-2.1472,3
1.3541,1.6441,3
-0.51899,-0.92773,3
-1.6271,0.51016,3
-2.6064,-2.8002,1
-0.51354,1.601,2
3.4025,5.6003,3
0.37216,1.5207,3
-0.56424,0.86354,1
-0.90081,0.31324,3
2.6101,-1.557,3
-0.03676,-1.7614,1
-2.8691,-1.3576,1
-0.40103,-4.6336,2
0.0256,-0.52248,2
-0.2506,0.97931,2
-0.622,0.25238,3
4.7246,2.4385,3
-0.071602,3.2682,3
1.9633,-3.4639,3
1.3154,-1.1264,2
0.82675,2.0567,2
1.6909,-2.4049,1
-3.5704,-2.8337,1
-0.44746,0.2976,2
-2.7812,2.3739,1
3.7671,2.6506,3
0.76556,2.7006,2
-3.1993,-0.65989,1
-0.49193,-0.61285,3
-2.292,3.3019,3
-4.9173,-2.1379,3
-0.5704,0.78475,3
3.4809,1.1961,3
1.7729,-0.14995,1
-1.5901,-2.3892,1
-1.1711,0.67093,2
1.4972,3.1874,2
0.69568,0.43917,3
-1.7963,-0.54693,2
5.1652,5.3749,2
2.3844,2.248,3
-1.6972,-0.57757,2
0.049236,-0.78144,2
5.5436,3.4948,3
0.68073,-0.96691,1
0.62937,-2.1688,2
1.9478,-2.2967,2
0.66943,-3.7297,1
0.076698,2.0111,2
2.6792,-0.58955,3
-0.51667,2.3993,1
-1.4038,-0.80692,1
-0.88221,-0.10387,2
-1.0909,0.01264,3
3.024,2.3377,3
-3.9206,-2.4619,1
-2.4446,1.5431,2
-2.4012,-1.3788,3
-0.089389,-0.38284,1
1.7717,3.2276,3
-1.4555,-0.54788,1
-0.99306,-0.56587,2
-6.5321,-3.2702,1
-1.6076,-2.2341,2
-3.0575,2.7624,2
0.70784,0.95609,2
1.022,1.8837,3
1.0021,0.79696,3
1.7451,0.83034,2
-3.4271,-3.1477,1
0.98556,2.8442,3
-2.3205,-1.0727,2
-2.7204,1.4614,1
1.646,0.2881,3
-0.69058,-3.5935,2
-0.67348,-0.86878,2
-0.82614,-0.23161,3
-2.687,-0.4437,3
-3.3705,-0.4206,3
-1.2239,-2.36,2
0.51396,3.7422,1
-0.77633,-0.1412,2
4.2338,0.99045,3
2.5628,3.4657,3
-3.0164,-1.1199,2
1.2209,0.099693,1
-1.3692,2.1506,2
3.0809,0.54075,1
1.2364,-3.3878,3
0.053034,-0.69823,1
-3.0801,-1.8742,1
-2.8849,-1.0515,1
-1.5179,-2.571,1
0.44672,3.724,2
0.056371,-0.74417,2
0.60379,-0.13836,1
-4.8506,-4.302,1
1.7295,-0.025921,3
-2.153,-4.0242,2
-0.40754,2.2631,2
3.3041,3.0402,3
1.0097,2.0293,3
2.5114,2.5254,3
-0.49136,-1.599,2
-1.5195,-0.89807,1
1.4032,-2.8828,3
2.0888,-1.4386,1
3.2498,0.54866,2
0.75884,-0.8183,3
3.2165,-0.054252,2
1.4136,-0.56148,2
-4.3657,1.1334,1
-1.564,-1.4474,1
2.8389,4.4453,3
-2.586,0.023965,3
1.9785,-0.87924,2
0.68158,0.10468,1
0.95896,1.5035,2
1.0579,-1.1805,2
-4.7038,-1.3278,3
1.1718,2.0984,2
0.60715,-1.0719,3
1.7893,1.0667,2
-3.7783,2.3637,2
1.4813,3.8348,3
-2.0142,-0.59221,2
4.4315,3.2878,3
1.5349,3.1792,3
-1.4397,1.0787,1
-1.9825,1.2276,2
1.5142,2.1227,3
1.1824,-0.70557,2
1.7871,-1.0665,3
1.02,-0.49993,2
-3.2651,0.46772,1
-1.9256,-0.38419,2
-0.35424,4.2735,1
-1.9632,-0.85563,1
2.14,-0.32557,3
0.33032,-1.8097,3
0.53676,3.7619,1
0.50893,2.9443,3
2.5119,0.38806,3
0.078868,-0.81585,3
-1.5501,-1.3685,2
-2.388,2.3768,1
-2.3987,-5.0175,2
1.8781,1.3585,2
-0.88334,-2.053,1
1.3391,1.9478,1
0.010559,3.5689,3
3.3522,-0.016943,3
-0.49997,-2.5268,2
1.1352,0.50982,3
1.3858,3.1757,3
0.24884,0.36844,3
-3.2112,0.27293,2
-4.3937,3.8185,2
2.0699,2.1497,3
-0.66708,0.6772,1
1.5709,5.1599,3
-4.5533,0.6334,2
-4.6714,-2.0158,1
0.16378,-2.2097,1
-0.54585,1.2292,2
2.2615,1.0436,3
1.4906,3.893,1
-0.40353,3.0071,3
-0.70532,-3.0006,1
-4.7162,0.43794,2
-3.0345,4.3868,1
5.4405,0.46403,3
1.4408,-0.56807,3
-2.4105,-3.4856,1
-0.5399,1.3966,1
-1.4103,-1.9287,2
-1.291,-2.4295,1
-0.020571,-0.86284,2
-0.31033,3.3553,3
-1.6005,-0.24188,1
0.77837,0.90733,1
0.18315,-1.2527,3
-1.1186,3.4753,2
-3.5562,1.5927,2
-0.68519,-2.3309,3
-0.46766,0.8902,1
-1.0855,-0.25316,2
3.1573,-0.38005,2
-3.3106,-1.7677,2
-0.14857,-2.167,1
-1.721,-6.4769,2
-0.10511,-0.69672,2
-3.9631,0.1259,2
3.4354,1.9772,2
1.6439,0.072531,1
-1.7872,2.0367,3
0.24378,1.4487,2
-0.11162,-0.76164,3
-2.9038,-2.4904,3
-0.15502,-4.9477,2
1.1188,4.5863,3
-0.18887,5.5811,3
-1.7845,0.93997,3
3.1764,-2.5052,2
1.1091,-0.8502,3
-0.72379,-1.7061,3
1.4486,-1.2073,1
-2.4159,-1.5681,1
1.5885,-0.51545,3
-1.4863,0.96793,3
-9.2377,-1.9109,1
0.35189,-0.66283,2
0.14942,-1.2036,3
5.3854,1.4043,3
-2.2284,-2.566,1
2.6122,2.4997,3
5.9419,1.128,2
-1.019,-3.2808,3
-2.1406,-3.2491,3
0.50812,2.2343,3
1.1744,-0.16022,2
1.8001,5.7296,2
0.56031,1.548,1
-0.77849,-1.1992,1
3.6084,3.6911,3
-5.1897,-2.817,1
2.2624,-0.078212,2
3.3185,1.7981,1
0.70778,0.57005,3
-0.97987,0.54898,2
-0.11446,2.4018,3
0.042304,3.2509,3
1.0243,-0.79777,3
0.017173,1.7356,1
-3.6052,0.19763,1
2.4135,0.43722,3
-2.3622,-3.5545,2
4.1828,-4.9962,2
0.73966,0.95839,1
-0.30579,1.599,3
0.34849,-0.53075,2
1.1579,-8.1478,1
-2.4191,4.8894,3
0.21722,0.10645,2
-4.7292,-5.2431,1
-0.55253,-3.6531,3
-2.4882,-3.7564,1
-1.2291,-1.1759,1
2.0825,-1.2123,2
0.24792,3.0912,1
-1.5283,-0.022214,3
-0.26472,0.71971,2
-0.26235,-1.8201,1
-1.574,-4.0931,1
0.86897,0.84658,1
5.2053,-1.1029,2
-1.2332,-0.97203,1
0.055838,0.33737,2
1.6377,6.0413,3
0.20516,-0.19171,2
-3.8589,-0.93234,2
0.70732,-0.64501,2
3.1607,2.0153,3
5.0698,-1.0692,3
1.4922,-1.5306,2
-3.065,1.4333,3
-0.91703,-1.1866,3
3.0125,1.9275,2
3.9262,-2.1337,3
2.4028,-0.043994,2
0.3276,-0.42728,2
0.11119,1.6426,2
-1.2704,-1.9293,1
-0.11159,-1.252,2
-0.65229,-0.46135,1
2.4903,2.8492,3
-0.093207,3.1878,3
-4.347,1.4815,1
1.2568,1.3666,3
-0.99449,-4.218,1
2.6958,0.97482,2
4.1515,0.021765,3
1.3345,1.1182,2
1.2005,1.0362,3
-1.1147,2.6498,1
2.1468,0.45689,2
1.663,3.8196,3
1.4859,1.2721,1
1.8948,0.49372,3
-1.8705,-0.26529,1
1.6278,-0.28664,3
1.5344,-1.0819,3
0.65514,1.4748,3
-2.9719,-0.60259,1
1.5729,-0.69681,2
3.0949,1.8195,3
-2.6438,-3.0106,1
0.38337,0.95646,3
-0.59643,2.9622,1
-0.7466,0.20977,1
-1.8684,-0.71217,1
2.0858,0.10994,2
1.0807,2.4919,2
-3.7121,0.69532,2
-3.242,-1.8629,1
3.6701,3.7073,3
5.493,0.21481,3
-0.74885,-4.707,1
3.1587,-3.9114,2
2.3062,-1.2213,2
1.2024,-1.4117,3
-0.2732,1.6951,1
-3.8625,3.5162,2
-2.6951,-0.58792,2
-0.069384,2.5854,3
0.8528,-3.2594,2
-1.6429,-1.4429,1
-0.23641,2.2054,2
2.2045,2.4068,2
-0.75965,1.6491,2
0.84457,4.287,3
-0.22842,3.1784,3
-1.9454,-3.2837,2
-3.3038,-1.844,1
-1.4966,1.5728,3
-2.2677,-1.5091,1
-0.31628,0.46604,2
1.3212,0.37381,3
-4.0544,-2.61,1
2.8617,1.6946,3
-0.062656,5.3204,3
2.0208,2.2942,2
-0.91376,-0.52491,1
-0.025623,1.3684,1
1.2554,-1.8065,2
-1.8574,-1.2597,2
-0.35722,-2.6638,3
0.849,-5.4243,1
2.7365,-0.31446,3
-0.96879,-2.1451,2
0.99173,1.0248,2
-1.032,-2.9123,2
-3.0291,-1.1013,2
1.5056,0.42181,2
0.88844,1.6671,1
-3.1418,1.7886,1
1.028,-3.1355,2
1.9102,1.6656,2
0.20202,-1.2283,2
-1.702,-2.8631,1
3.4977,5.944,3
-3.3927,-4.45,1
2.1239,3.4271,3
3.4546,3.448,1
-0.87172,-0.57567,1
1.7159,-0.59767,2
-2.8728,3.8842,3
2.512,-4.1646,2
-0.56778,6.3259,2
-1.3835,-0.31848,1
-5.401,-2.6079,2
0.71519,0.63272,2
1.4325,2.8082,3
0.24994,-1.2884,3
0.40917,-2.8002,1
2.9146,4.8876,2
-4.0168,-0.3962,2
-0.65197,2.1608,2
-3.736,0.71158,3
3.6607,-1.6994,3
-1.2248,-1.0849,1
-2.0032,-1.0821,1
3.3355,2.1728,2
-0.22191,-1.7844,3
-0.84025,-3.1409,1
2.2713,4.2011,3
0.50083,1.2186,3
-1.9463,0.54286,1
1.7631,0.90332,1
-0.69255,-2.9217,2
1.0401,0.9387,2
1.0562,2.8724,2
-2.2437,-0.68714,1
-0.45412,-0.69624,1
-2.7876,2.6014,3
0.08631,-0.99807,1
0.73083,3.4587,2
-1.2238,-0.53357,2
-0.0020814,4.4865,2
0.39126,-3.8186,2
-0.83364,0.4506,2
-0.2703,3.0031,2
-2.5472,0.734,3
0.48147,-2.3325,2
1.619,0.90189,1
-2.1081,-1.8068,1
-1.0543,-0.87795,2
-2.3813,-1.8726,3
-3.7779,1.9392,2
0.60426,-0.3283,3
-2.8074,-2.3712,2
-0.070686,2.1333,1
-3.0911,2.2825,1
-4.024,-1.8361,2
-0.70429,0.55053,2
0.18119,-0.6981,1
1.7897,-0.23942,2
-2.0233,0.96719,2
0.85853,-1.184,2
0.54009,0.25547,1
0.84712,0.32146,2
-0.72544,0.41155,1
0.10911,-2.9377,1
1.9537,-2.0641,1
-1.6734,1.8393,1
-3.049,-0.56321,1
-4.2389,-0.034054,1
0.56523,1.3028,2
0.39974,-0.33953,1
0.88537,0.191,3
3.4996,2.6657,3
-0.54313,4.7695,3
3.6154,0.067726,3
2.6657,1.3097,3
1.8235,2.0558,3
-0.17567,3.381,2
-0.011047,-1.5379,2
2.4762,2.3827,3
-3.414,-0.15044,1
2.1379,-0.42235,2
-0.07909,2.7779,2
6.2533,1.7982,2
-4.0547,-1.8792,1
0.6731,-2.391,2
-7.5185,-3.3414,1
1.4805,-1.2416,2
-3.2587,-3.2441,1
2.416,1.9616,2
1.7777,0.051859,3
2.3733,0.29013,3
-0.18255,-1.5577,2
0.88273,0.76989,3
-0.8764,2.4047,2
-2.1243,3.5139,3
1.4379,2.0313,3
0.25934,0.056274,2
0.017335,-0.59931,1
1.7941,2.5497,2
4.6336,3.0585,3
0.66737,3.8746,3
0.6474,-2.4372,2
4.1616,3.4383,3
-0.73996,-1.0989,2
2.8967,-0.57272,1
0.15356,4.9765,3
-3.2919,-4.0674,1
-1.9668,-0.36727,2
4.0258,-0.12356,3
1.9534,-0.91241,2
2.107,-0.81437,1
-1.0707,-0.98286,2
3.3759,0.68879,2
-1.7396,0.11389,3
1.2506,-0.587,2
2.5038,1.1093,3
1.8025,1.3762,1
-3.4257,0.97342,2
-0.81397,3.9465,1
4.066,-4.3995,2
-3.2665,2.6079,3
-2.0574,0.74244,2
1.4418,5.0109,2
-0.42398,-1.6895,1
1.2365,0.54925,2
-2.8955,0.22188,1
2.0427,-0.1845,3
1.2067,-0.26654,2
-3.8626,1.8768,1
5.1576,1.4179,3
0.5873,-2.9276,1
0.9156,1.3812,2
-1.0389,1.0738,1
-4.9455,-0.68628,2
-1.9529,-0.54288,1
2.8083,1.3081,2
-2.5728,3.1764,1
0.1436,-1.226,2
1.4669,1.1092,1
-0.70693,-2.9687,2
-2.1297,-4.9921,1
-2.7421,-0.72313,1
0.554,-0.25537,2
-0.65833,-5.1241,2
-0.60049,-3.4815,1
1.6944,2.6406,3
-4.7357,-1.2944,1
-0.66581,-1.8398,2
1.9887,-2.0049,1
2.2237,0.49603,2
1.9362,1.9382,2
3.1163,0.082419,1
-5.1884,-2.2878,1
5.2116,1.5601,3
-2.5808,-2.1645,1
-4.7377,0.61695,2
4.6112,3.7534,2
3.8402,-2.5895,1
-0.24202,-1.0163,1
-0.47846,-1.0805,1
0.0055452,-0.71757,2
3.0509,-0.24666,3
-2.0884,2.2845,3
2.0435,1.3392,3
-2.2876,-0.44274,1
-3.7809,-1.9052,2
1.3683,-1.0601,2
2.874,0.35941,1
1.3827,1.2539,3
-0.81891,-1.4622,1
-3.7643,1.0701,3
0.69623,1.975,1
-3.0756,1.7718,2
0.44062,-0.14454,1
-0.92259,-2.1966,2
1.444,-1.2229,2
1.4918,3.9471,3
1.0182,1.6331,3
-4.7222,-3.8876,1
-0.029396,3.0876,1
1.8708,1.6567,2
2.3894,-3.5084,3
-3.3509,2.664,2
0.85495,-1.7782,2
5.5983,-0.91153,3
3.3198,1.4904,1
2.5018,-2.6261,1
-1.3538,-3.5639,1
-0.10726,1.8807,1
0.048469,-1.9141,3
1.7528,4.3964,2
-3.5727,-3.8283,1
2.5166,-1.3367,2
-0.026757,1.5581,2
1.2812,1.7331,2
-1.9997,0.44247,2
-4.3933,0.77305,1
1.6728,-2.2027,2
1.3079,-0.078867,3
-1.457,-4.5983,2
-0.67181,-0.71316,2
-1.2382,0.21944,3
-0.76846,-2.9296,1
-0.26111,1.3494,2
0.9589,1.4113,3
1.5417,5.3094,2
-2.8108,2.7073,1
-2.8297,-1.4319,1
-4.821,0.45161,1
0.9221,-0.3615,1
-0.51145,2.8517,3
1.751,3.5978,2
-1.0093,0.59776,2
0.53325,0.77551,2
-1.8188,-1.5891,2
0.32463,-2.0892,3
0.34482,-0.45669,2
1.93,3.5079,3
-1.3858,3.3251,3
-2.1701,0.67145,3
1.1442,-4.2765,1
0.16357,2.1743,3
-4.2218,-3.1013,2
-1.1798,1.0243,3
-0.87795,-3.5549,2
1.4033,1.6527,3
-1.0043,-2.3137,1
0.26738,-3.9875,1
-1.9838,-0.089522,2
3.7272,2.2994,3
-0.46775,0.7922,1
-0.32641,2.6907,3
-5.9631,-5.1328,1
-2.9009,0.60419,1
2.3337,-0.31026,3
-4.4072,-4.9568,2
-1.5557,-2.1499,2
-1.2377,0.090148,1
0.35229,1.5124,3
3.4285,0.3174,2
-4.3309,1.3864,1
-3.5052,-2.7922,1
0.67939,0.6962,3
-2.5269,-1.6348,2
-1.2701,-0.93576,2
0.78487,-0.39823,1
-2.2041,-3.3163,1
0.3319,2.5503,1
0.65432,0.48192,3
4.5297,1.9546,3
0.84672,0.75582,3
-0.92709,-3.8187,2
1.2196,-0.30835,1
2.9431,-0.22857,1
-3.4761,-2.3029,2
-0.37887,0.10109,2
2.9633,1.921,3
1.4549,1.6736,2
-2.9395,0.48513,1
1.4284,2.9574,1
-1.5987,-0.40617,3
0.00011465,-1.9618,2
-0.16715,0.72332,3
-3.158,-3.008,1
-2.059,0.54277,2
-1.072,-0.74391,2
2.9084,0.21115,1
-0.88296,0.76332,3
-1.8455,-1.0229,1
1.1003,4.0135,3
-0.24612,-0.85657,2
-0.95665,-2.1442,3
-0.26664,0.12499,1
-1.6306,-2.8358,2
-0.9291,-1.5636,1
3.5026,-1.0944,3
1.008,-1.1176,2
-2.8415,-0.08456,3
-3.6501,5.1884,1
1.2073,0.096626,1
2.162,0.48302,2
4.8447,-1.5288,2
0.37665,-2.8028,2
-1.6499,-2.0883,2
0.75463,-3.4343,3
2.7157,4.6954,3
1.6473,0.64838,2
-2.447,1.936,1
1.0169,2.0413,3
1.6801,0.22563,2
2.97,-1.0402,3
-1.823,-2.1226,1
4.8108,5.2927,3
0.8352,1.2696,1
-2.1759,0.56036,3
-2.6762,0.45781,1
3.3081,4.1207,3
-0.89649,6.1994,3
-3.7366,0.43574,2
-1.8689,-0.8564,3
-0.95505,-2.5872,2
-0.9813,-3.5536,1
-1.9717,2.1836,3
0.15581,0.99368,3
-3.4729,-0.78843,1
1.7592,2.1863,2
2.1951,-0.050855,3
-1.4935,-0.82662,3
-2.1446,2.7111,2
-0.99456,-1.2073,3
0.78236,-2.4983,1
2.521,2.529,3
-0.16538,-1.3878,2
-2.3492,0.21582,3
0.70322,-0.14375,3
-3.238,2.1037,2
-0.65878,1.2081,2
0.22207,2.7707,2
1.4666,2.3709,2
-2.1886,1.7832,3
0.5917,2.1084,1
1.266,3.6807,1
0.87031,2.6044,2
-1.1172,-2.359,3
4.2174,0.1976,2
-0.016254,-1.5981,2
-2.5167,-1.7706,2
-3.29,0.93552,2
0.012916,-1.1111,3
3.2791,0.44769,3
-1.0993,-1.1134,3
0.70277,-2.5244,1
3.0754,-0.969,2
-2.2669,-0.4427,2
-1.3731,1.1999,3
-1.2199,1.9952,2
1.3383,-0.45252,1
-3.3539,-2.0558,2
2.4067,1.2122,2
-2.3591,1.9412,2
-0.78692,2.5837,3
0.31079,-0.21693,2
-0.55896,0.73267,2
-0.77655,0.39179,1
0.70286,0.89706,1
0.052406,-3.9833,1
-1.324,-0.65246,1
-2.2601,0.37952,1
-3.7955,2.566,3
-1.16,-4.1185,2
-2.5234,-0.22594,1
4.9105,1.2685,1
3.422,1.1608,2
1.7474,3.9537,3
-3.5894,-0.39758,1
0.69238,-2.0236,2
1.4674,2.5867,2
-2.0314,0.20083,1
3.1432,-0.041701,2
0.88052,-0.2498,2
1.441,-2.6823,3
3.406,5.1696,3
2.0831,4.8678,3
0.41918,1.0344,3
-0.28952,1.1481,1
-4.8201,-0.047554,2
-1.2888,1.8845,2
3.9585,-0.88936,2
0.085684,3.6114,2
1.1661,0.86894,3
-8.9058,-1.9872,2
0.98563,-0.80809,2
-2.5219,-5.1147,1
-1.3232,1.542,2
-2.7874,0.13658,1
-1.733,-0.28083,2
2.1803,0.9113,3
-1.8714,-1.4204,2
-0.051284,-3.592,3
0.617,2.0151,2
-2.3169,1.1149,3
-2.3651,0.59332,3
2.8606,-3.6755,3
2.327,-1.0798,2
-0.12757,-1.6058,2
0.59307,-2.0236,2
1.8124,-0.92668,2
-5.418,-1.9285,2
-2.2414,0.034184,1
-4.0854,0.7111,2
2.2166,-1.1967,2
2.2441,1.9139,3
3.28,0.5809,3
-0.35815,-1.7494,3
-0.21876,-3.7634,1
0.71153,3.3623,2
-1.8747,1.0439,1
0.45154,0.41404,3
0.82561,-0.83908,1
-4.1709,2.2611,1
-0.36137,2.1886,1
1.3051,-2.0823,3
-3.6286,-2.4401,1
4.6963,1.2703,3
2.7875,2.5807,3
2.1437,0.76755,2
3.4695,-4.634,2
-4.5272,1.117,1
-3.1304,-2.3705,2
-0.13789,-0.64305,1
2.4365,-3.5167,2
-2.1005,-2.5007,1
0.19842,0.75145,1
2.5815,3.055,3
3.7581,1.9918,2
-0.90109,-1.08,2
7.9933,3.7213,3
-0.96394,0.278,1
0.24886,-0.73677,1
-2.5066,-5.1734,2
-2.1583,-1.1001,2
0.6276,-0.59606,2
-2.7607,0.39394,2
2.4598,0.9032,3
1.6912,1.5352,2
0.20789,1.6645,3
3.0262,0.81319,1
0.66806,-1.2664,1
0.11289,-2.056,3
-3.6471,2.6458,2
2.1743,-0.32586,3
-1.1066,0.99536,3
-1.1491,2.3825,3
-0.028973,1.9174,2
0.48804,-2.6849,1
-1.3594,1.2941,3
1.2541,-0.80769,3
2.0708,2.8024,2
1.6726,1.696,3
3.5241,0.92537,2
2.7632,-2.3677,2
-0.15828,1.207,2
0.87758,0.91105,3
1.8306,3.0699,3
-4.0067,-1.0388,2
3.4118,-1.369,2
-1.7252,-0.24353,2
-3.2948,0.99954,1
0.70908,-0.66741,1
-4.2005,-1.1629,3
0.83356,-0.020869,3
4.25,4.0587,3
0.15971,1.9364,3
0.27705,-0.81754,2
-2.2032,3.7993,1
3.133,6.1145,3
3.4688,1.0529,2
-0.47719,-0.70309,2
-0.67935,-2.4992,2
0.16231,-2.1025,3
-1.2009,-1.3415,2
0.57636,-1.8488,3
0.96245,0.72554,3
0.26724,1.0517,2
-3.5205,-4.2124,3
-1.249,2.5789,2
0.59614,-1.2066,1
-0.68104,1.4799,2
0.99303,4.8793,2
-0.018488,-2.4665,3
-0.281,2.3321,1
2.4723,-0.57242,2
-3.9723,2.2907,1
0.3307,-0.93223,2
-3.1749,0.12259,2
-1.9926,-1.3036,2
1.7495,-0.74989,2
1.9994,3.323,3
-3.097,1.1114,2
-0.017337,-4.6996,1
-2.0231,-1.8105,2
-2.453,-3.1214,1
-0.14984,5.4279,2
1.1301,-2.675,2
7.0992,1.2864,3
-0.52668,-3.0365,1
-0.96877,-0.10218,3
2.3416,-1.4765,3
-2.8322,1.2959,2
-2.428,1.9817,3
-1.832,-2.3772,2
-2.1043,-0.7893,2
1.3811,-0.59377,1
4.0581,1.0348,2
4.7156,2.1229,3
-3.5925,-1.5852,1
-2.8964,-2.4034,2
0.067725,-0.14897,1
1.5704,3.3708,3
-2.2567,-0.3492,1
0.23177,3.5719,3
-2.8296,0.77018,2
0.17949,1.3083,3
-5.1697,0.34397,1
-3.2533,-4.3397,2
-2.8161,0.2498,2
-2.0411,-0.0028524,1
-1.5895,-1.786,1
-3.0774,2.641,2
3.4771,0.11393,2
2.9904,1.7019,3
0.29099,-2.7558,1
1.1629,-1.089,1
-1.4457,2.1572,2
-3.0444,-2.2753,1
0.78509,4.4209,2
-1.8144,-4.1797,2
0.43599,-1.8048,3
0.69821,-0.085516,3
1.4393,-0.8004,2
1.9748,0.49117,3
1.5091,-2.3576,3
-3.1281,-0.23839,1
-0.76658,-0.86094,2
1.0261,0.11228,3
-3.2679,-4.6001,2
-1.3875,2.6592,1
3.9981,-0.1155,3
0.51424,-0.63421,2
-0.12323,3.3153,3
0.37906,-2.0452,3
-1.0283,-2.5876,1
0.70051,0.25201,3
1.0819,0.63108,1
1.3019,1.4664,2
-0.65508,-1.3897,3
0.17677,-1.6176,1
-1.5536,-0.51546,3
1.604,0.037149,1
3.4132,-4.5307,2
3.1394,6.0214,2
1.3963,0.3734,2
6.2726,-1.2278,3
2.9318,1.7664,3
-4.5423,-0.61189,2
-3.6686,2.9145,1
-5.5644,3.9646,2
7.3454,1.9772,2
2.604,-2.6213,1
-0.73007,1.0967,1
-1.5628,-1.8129,2
2.1143,-0.44013,3
0.44573,0.43373,2
2.5611,-1.1356,3
2.8119,1.3334,3
-2.5882,-0.62484,2
-2.5172,-2.4549,1
-5.8148,-1.8533,1
-5.2734,-5.0212,1
3.4136,-0.18292,2
0.44046,-2.6527,2
-0.74221,1.4166,2
0.73309,2.6197,3
1.209,2.8481,3
-2.774,2.5751,1
-2.5336,-1.1282,2
-2.8533,0.93218,1
3.3577,1.7193,3
-2.2592,0.70773,1
3.9865,-1.2503,2
-0.62829,-0.30566,3
1.8526,-3.1779,1
-2.2569,2.044,2
-3.2808,-2.5334,3
-2.3171,-1.4596,2
0.22661,2.4836,2
-0.92565,-5.1667,2
0.64924,1.6798,1
1.0342,1.3246,1
-0.36715,0.0044228,3
0.41847,0.83672,3
1.0665,-4.2033,3
0.92676,-1.0246,3
-0.3885,-0.73483,2
-2.1441,0.95018,1
0.21172,2.1768,3
-1.5865,0.28557,1
-0.32906,0.18107,2
1.8271,-0.18589,2
2.0704,2.6024,2
1.2125,0.28663,3
2.8272,4.1108,2
-1.6733,0.72169,2
2.9325,0.22128,2
3.5388,4.7813,3
2.4038,0.8804,3
1.8411,1.3174,3
-4.7676,-1.4379,2
0.81493,-1.0773,1
-2.0722,-3.8278,1
1.8841,-0.18158,3
1.8788,-0.73841,3
2.3076,-1.0393,2
2.9707,1.3086,1
3.0435,2.097,2
-1.0782,-0.36542,2
-7.774,-2.6393,2
-0.12024,-1.9595,2
-0.86222,-2.9951,2
-1.2144,-1.2047,1
-3.9104,-0.058506,1
3.8685,-1.3953,3
-0.0089429,3.7683,2
-0.99993,-1.1294,2
-0.81697,0.66677,3
-0.2951,-1.0898,1
-1.7344,-2.9238,2
-1.2614,-2.8159,3
-1.1579,-0.86394,2
-0.2299,2.337,3
-3.027,-0.091891,3
-2.3561,-0.947,2
-0.12904,3.6444,2
-0.51406,-0.37324,3
-0.18799,2.3111,3
-2.9255,-1.1454,2
-1.527,-0.44324,1
-0.92917,1.2171,2
1.8093,0.4947,3
-0.098907,1.4041,2
-0.20254,1.3079,3
-0.57483,3.2477,3
-2.0883,-1.1545,2
-0.28741,-2.1539,2
-1.1508,-1.9983,1
0.72278,2.2364,3
0.97282,-0.98576,1
-2.6619,-0.53236,1
0.99012,-2.1551,2
-4.5269,-3.8269,2
-0.76801,0.61686,2
2.6615,-0.88175,2
2.5572,-0.70501,2
0.35757,-1.0293,2
-1.6518,-0.51136,1
2.0472,0.90612,2
4.5726,4.0667,3
2.0725,2.4563,3
-0.07322,1.0725,3
-0.20062,-1.9427,2
0.59032,-4.7487,1
0.31022,-5.33,1
2.7188,2.8261,3
-0.23787,1.4781,1
1.6992,-1.9901,3
1.9786,4.6818,3
2.7316,4.3504,3
0.048769,-3.1196,2
1.1542,2.1719,2
1.0127,0.44839,3
-1.7278,3.1951,1
0.027814,-0.43066,3
5.0096,1.3529,3
2.8592,2.7367,2
2.0492,-4.3379,1
1.596,3.9243,3
-0.76597,0.25958,2
4.4063,3.9947,2
-3.1692,0.65361,3
-2.7447,-1.6815,2
-2.5899,1.4929,2
-1.3627,-0.22842,2
-2.1276,1.3011,2
1.5883,-0.26204,2
0.34009,2.1146,1
1.008,1.6477,2
-2.1109,-0.54869,1
-1.5465,-4.6222,3
-1.8278,-0.94461,2
0.55088,-0.72912,2
0.58615,-0.95464,2
0.15051,2.4867,3
-0.68676,1.2552,2
3.7052,3.3542,2
-0.18014,2.5605,2
2.3862,4.1454,3
-0.42398,3.7415,3
-1.2458,0.87014,3
-2.3859,-2.4215,3
1.6177,-2.0522,2
0.14546,2.5564,3
-0.096102,0.74706,1
1.9043,-3.5401,2
-4.1074,-3.89,1
0.88022,0.3817,1
-0.70061,0.26959,2
1.1827,-1.6881,2
-1.4833,-0.51587,2
-1.4905,3.1117,3
-0.82407,-3.5569,3
3.979,3.293,2
1.7567,-3.5027,1
0.18808,-2.6435,2
-0.82063,-0.12452,2
0.93401,2.4723,2
-1.1964,-3.4734,1
-2.3642,4.2207,2
2.0602,0.82902,3
1.94,3.0538,3
3.6625,-0.83356,2
1.1783,2.8745,2
-0.59412,1.0823,1
-1.2015,1.0973,3
-0.78619,-2.009,1
-0.52524,-0.81375,2
-1.6365,-0.65795,2
-2.9531,-3.372,1
0.29132,-4.8278,1
0.75086,1.5981,3
1.2716,-2.1229,2
-3.2709,-2.4625,2
2.9654,0.22928,3
-2.1247,2.9095,2
-4.7488,-4.4597,2
-4.0126,2.5796,1
1.0208,-3.8646,2
0.42383,3.8315,3
1.1186,-1.9322,1
1.5023,-5.2717,1
-0.87768,-1.0032,3
-0.80539,1.0344,1
-2.6188,0.015591,2
-1.4612,-3.4363,1
-3.9092,-0.22203,1
-0.84606,-2.9117,2
2.0015,-1.7222,1
-1.3812,2.8786,1
-4.2399,-0.18082,3
0.15021,-0.086349,3
0.34014,3.3556,3
0.8848,-0.8981,3
-0.67137,0.81512,3
0.041846,-1.2566,3
-2.6722,-0.57488,2
1.2258,2.8819,1
-0.25604,1.4797,2
-1.8179,2.1231,1
2.4702,0.74926,3
-4.9921,-4.2346,1
2.4239,4.1159,3
-2.8411,-6.1068,1
-0.84563,0.1038,3
5.2648,5.1051,2
0.68895,2.1037,2
3.828,-3.6827,1
-1.9136,2.22,3
-1.2012,1.1746,1
1.3032,1.5313,2
2.3559,0.88623,3
-1.6478,-4.3246,1
0.61481,-1.8296,3
-2.7722,-3.377,1
-1.0677,-0.80091,1
1.3639,-2.0155,2
0.081681,-2.0592,1
-3.7379,-2.1326,2
-1.5599,1.2908,3
1.5936,1.5867,3
-0.96564,-0.50768,3
-3.0142,-1.1242,2
3.4917,3.4623,3
1.1776,0.83567,2
-1.0193,-2.7931,1
0.080081,-1.7422,2
2.6378,1.0879,2
-2.6502,0.1454,3
-1.2493,0.10575,1
0.15657,3.0042,1
0.39508,1.0874,3
-1.6707,-0.14457,1
0.19102,-0.2612,1
0.60365,-1.6255,1
-1.0309,-1.0622,2
2.1693,6.0002,3
-5.1413,-3.4115,1
-2.2055,3.1215,2
-0.47906,-2.7582,1
1.5181,-0.74944,3
1.3871,-0.4654,2
0.6091,-0.50234,1
-2.931,-0.48834,1
0.11273,-1.0336,2
-0.87247,-0.52002,2
-3.861,1.1015,2
-4.6243,-2.202,1
4.8576,4.4633,2
1.2985,2.7545,2
-0.20195,0.64651,2
-2.4134,-6.6922,1
1.5416,-1.6701,1
1.2622,1.8577,3
-0.40885,-0.44279,3
-1.524,-1.1286,2
1.0562,2.3627,2
-0.70748,-0.83008,2
-1.5045,0.84742,2
2.3328,-0.26764,3
-1.0657,-0.94354,1
3.9991,4.3754,3
0.82011,3.5485,2
-2.6644,-6.5832,2
-2.4762,-4.7691,1
-2.2996,-0.10534,1
-1.8518,-1.4986,1
-2.4648,-0.0022139,3
-0.71848,-0.12764,1
-1.7863,0.028596,2
2.4594,-2.7376,3
4.3435,4.2977,3
4.634,-1.4006,1
1.5972,0.94387,3
-0.32115,1.1119,1
-0.098012,3.5374,2
1.1403,-3.2606,1
0.14132,-0.10643,1
-1.4651,4.9086,2
-1.4002,-0.4453,3
1.2237,5.7497,3
-1.4578,-3.0112,1
0.015758,-0.70766,2
3.5859,3.0116,2
0.96281,-1.3416,1
-0.87345,0.22888,2
2.0747,0.87678,2
2.4985,-0.57215,1
0.10854,0.25168,2
-0.092995,0.62865,2
-1.6544,-3.0062,1
-0.60899,-3.725,3
3.4005,0.97005,3
-3.392,-0.42595,1
5.5136,-0.67701,3
-2.058,-2.5466,1
-3.4048,-0.22624,2
-0.062806,6.8785,3
0.43117,-1.9762,2
1.9085,1.7732,1
1.2165,0.95972,2
2.2655,2.1948,3
-4.3725,-3.3934,1
-2.0474,-0.38168,1
-4.3214,-3.1198,3
0.91518,0.39927,1
-2.4733,-1.1498,2
1.5022,-4.8106,3
-0.12212,-1.2301,1
-0.52387,-1.906,1
1.65,0.54424,2
-1.4957,0.91683,2
2.6712,4.6468,3
5.0283,0.42933,2
3.1456,1.5105,2
-1.7124,0.10912,1
3.2771,-1.462,2
-0.46743,-3.2432,3
0.21406,4.4271,2
-3.6163,0.29362,1
-3.0739,-1.4108,2
1.9898,-0.55124,2
-0.25687,-2.8835,1
-0.99061,-1.0448,1
-1.4217,-2.4678,2
-5.941,0.92259,2
-1.9697,-5.5881,2
-0.55563,-0.94557,2
0.28333,-1.2768,2
1.6668,-3.3541,1
-2.3807,0.7451,2
-1.3729,-2.7637,1
2.1638,3.7751,2
1.2002,2.8256,1
1.3499,2.1431,2
3.322,1.6269,3
1.5551,2.4059,2
2.7164,0.038057,3
-3.103,-3.5355,1
1.9978,1.1515,2
-4.7831,-6.2645,1
-0.75516,2.4546,3
-2.3579,-3.0857,1
1.3986,0.11707,3
0.51689,-0.083031,3
0.87738,-2.1006,1
-2.6689,0.40461,2
-0.66914,-2.4803,1
-1.4842,0.57373,1
-3.7939,-2.1205,3
1.579,5.3903,3
0.74963,-1.2632,3
3.1396,2.5748,3
4.6925,3.6464,3
1.011,-0.18878,2
0.78013,-0.27177,2
3.109,-1.1952,3
1.5749,-0.95833,1
-1.3541,1.7652,3
-0.21882,-0.23776,1
4.7498,0.67625,3
0.45586,-2.0552,1
1.6497,0.66803,2
0.30908,-3.4756,3
-0.49512,-0.97594,1
0.81838,-2.0294,2
-0.97873,-0.075603,1
1.1087,3.3397,3
-1.878,-2.2336,1
-2.8622,-0.27096,1
-3.3418,-1.0656,1
-0.49256,0.93526,2
-3.1411,-0.56969,2
-2.7343,0.79043,1
-2.7249,-2.6849,2
-4.6112,-0.96858,3
0.73121,-0.92758,1
-0.23417,-0.13543,1
1.3793,-3.6032,2
-1.606,-1.7147,2
-2.1408,-0.11445,1
-3.4749,-2.8391,1
2.4415,1.7437,3
-1.9586,1.0306,2
-0.95242,0.66965,2
3.8246,3.4495,3
4.4764,5.2092,3
2.6263,0.86906,2
-0.37793,-0.54879,1
2.9634,-3.9233,2
3.072,-5.6918,1
-1.8987,-2.3724,2
0.82108,2.9849,2
-0.25152,-5.4762,2
2.8661,2.1256,3
-1.913,-1.3142,1
1.9765,-2.3594,1
0.89,-0.175,3
2.6572,6.7395,3
1.2026,-0.49086,3
2.6496,1.8829,2
-3.0945,-2.5301,1
0.47828,-2.3089,2
-4.5648,-1.9122,1
-0.91145,0.15435,1
0.857,0.099897,3
-5.2666,2.3222,2
-2.3651,-3.0341,1
-3.0713,1.654,1
1.6882,-0.32993,3
3.1098,4.2139,3
0.37741,-0.40405,2
-1.6779,3.0882,3
0.42534,-1.1699,3
-1.3693,-1.6005,3
-1.882,3.5081,2
-2.8744,-2.3329,2
3.2407,2.6261,3
-2.322,2.2967,3
3.1443,-1.2263,2
2.3476,-2.9574,3
2.1258,-3.1367,2
-0.24065,-3.3428,2
-0.33398,-3.7689,1
0.083489,0.33371,1
-1.1784,-4.4289,1
4.6737,1.9738,2
-1.0226,-3.2911,1
2.6261,2.5416,3
-1.2169,2.9658,3
0.41987,-2.69,3
-0.69356,-2.054,3
-2.2557,1.0172,3
4.6672,3.4558,3
-2.2115,-1.948,2
-2.5623,-2.2512,3
-0.1294,-1.3889,1
1.4083,1.1398,1
1.4204,1.9296,2
1.5799,-1.2483,3
0.52046,0.70093,3
0.71523,-1.3241,2
0.98822,1.0458,2
-1.1025,2.0397,2
-0.2419,0.81405,2
2.0301,0.87913,3
-3.1643,-2.0853,1
-1.2792,0.22491,2
2.1462,-0.33291,3
1.7337,1.9466,3
-2.5159,-0.55573,2
3.4503,2.9662,3
3.9039,3.8163,2
-1.3732,0.23529,3
-4.473,-0.18401,1
0.75485,-0.4218,2
1.1748,1.2603,2
-2.0644,0.74948,3
-0.67231,-6.3794,1
-1.8592,-3.6246,1
1.2416,0.9821,2
-0.080788,-1.6219,2
-0.88697,0.16789,3
-1.6199,-3.687,2
-0.38339,2.1788,1
2.1337,-2.7514,1
-1.796,0.82499,2
0.11085,-2.4844,3
0.086688,-1.4895,1
3.8006,-1.251,2
-0.88593,0.93175,2
3.5444,3.9324,3
-0.25917,3.3154,1
-1.6571,-2.9596,1
4.1264,3.3765,3
2.9326,4.9392,1
-3.8373,-5.2018,1
2.3607,-0.58857,2
0.57359,2.7219,1
4.2886,-0.044932,1
-1.1186,0.053484,2
-0.8071,1.4622,2
3.1169,3.5851,2
1.0995,-0.2012,2
-2.0251,-0.79358,2
-0.31693,-3.2695,1
0.034048,1.5788,1
0.69506,-0.52622,2
-2.268,0.60688,1
1.5933,-1.1439,3
1.5308,-0.85884,2
-3.8217,2.7333,3
0.52163,-1.2647,2
-3.8623,-2.3546,1
-0.90777,-2.2026,2
-2.0187,-1.1238,2
0.81856,0.97299,1
-4.3428,-0.70928,2
-1.1202,1.2003,1
2.5737,0.88126,1
-0.91977,-3.0534,3
-0.43694,-2.0569,3
3.8687,1.5394,3
-2.1505,-4.4425,2
-1.8521,0.71618,1
1.8955,-5.4345,1
-3.7691,0.018011,1
0.99544,-0.93254,1
0.026474,3.1007,3
-4.4591,0.66085,3
-0.39308,-0.55239,2
1.6124,4.888,2
0.38853,-1.5584,1
-0.11469,0.099941,2
6.2987,1.7081,3
-1.1241,1.9201,2
-3.3396,-0.74906,1
-3.256,-1.6432,2
-3.6989,-0.46602,2
-1.6458,0.73942,1
-0.2672,1.658,3
0.72017,3.6722,2
-2.9216,-1.5742,2
-0.32882,0.57563,2
1.1955,1.272,3
-0.67895,-0.44933,2
1.0178,-1.4388,1
1.8016,-1.3801,1
-1.3248,0.26365,3
-3.6873,-1.3174,1
0.962,2.0793,2
-1.8492,-2.0986,2
-0.57471,1.5323,3
-1.5537,-2.1719,1
-1.7549,-0.56624,2
0.099355,-1.2365,2
-1.3194,-1.0478,2
-0.38231,1.0651,2
-2.8973,-2.5061,3
4.7612,-1.7352,1
3.3952,0.87967,3
-3.3792,1.3428,3
6.285,-0.06876,2
-3.1011,0.20464,2
-3.6917,-1.9754,2
2.9446,-1.5268,1
1.7388,-0.87646,2
-2.8432,-2.5212,1
1.8577,-2.1583,2
-0.85075,-1.8109,1
-4.8723,-3.3288,3
1.2129,1.9945,2
-0.39773,-0.22459,2
1.5785,-0.74213,2
-2.3228,-0.38568,2
-0.80356,1.0667,2
0.32248,-3.9285,3
-2.1749,0.26704,1
-4.1118,-1.268,1
-1.6388,1.9256,3
0.16567,3.0922,2
-3.1688,-0.74956,1
-1.6742,2.3583,2
3.9545,1.9944,3
-0.8971,1.176,1
3.1722,2.1175,3
3.4519,3.5447,2
-0.60333,0.13958,1
3.8396,-1.8637,3
0.65485,3.3825,3
-1.4152,-1.7903,1
3.914,-0.81312,2
-2.9345,-0.15493,3
1.4867,0.26686,3
-3.3398,-0.27049,2
1.2723,0.99693,2
-0.048161,-0.89325,2
-1.2776,-0.58626,1
-1.6103,-3.5087,2
-1.7525,-0.9079,1
-1.4067,0.043402,3
0.32369,0.87634,2
-2.963,2.292,3
-4.2066,-1.5086,1
0.28486,0.90537,2
-1.1403,-3.7914,2
-1.8384,0.53285,2
-0.59547,1.0698,2
-1.2643,-1.4656,3
3.2392,-0.28742,3
-1.1005,-2.1746,1
-1.3031,-2.181,1
-0.83284,-0.63051,1
-2.5246,0.057811,1
1.2597,0.73677,2
0.77951,0.19426,2
1.5708,-0.30557,1
0.16627,3.2939,3
0.019937,-2.4468,2
0.2628,-0.87382,1
-0.15785,-0.52885,1
1.8721,0.52536,3
1.1815,2.9335,3
-0.56397,-4.4714,2
-0.37623,3.3959,2
1.2703,-0.17431,2
-1.767,1.1361,2
-2.7303,-0.97818,1
0.059545,-1.3173,2
3.8004,0.63879,2
-3.4137,-0.16625,1
2.4002,0.53247,2
1.2308,1.0668,3
-0.3299,-3.1411,1
-2.5364,2.4898,3
-3.1378,0.84447,3
2.227,-2.0877,2
-1.1478,-3.6135,1
-3.3351,1.4415,1
1.8904,5.1218,3
2.0138,0.22757,2
1.6946,2.842,3
-0.39613,5.6322,3
-2.4389,-5.3741,1
0.70013,2.1807,2
3.3395,-1.8441,1
-0.10182,-2.279,1
-1.9923,-5.2188,1
-4.7893,0.52974,2
4.9313,-1.9141,3
-5.0636,-3.6327,2
-4.4552,-5.3191,2
1.5348,-2.0075,1
1.34,2.382,3
-2.8583,-2.8564,3
-0.80796,-4.9879,1
-1.2237,-3.1008,1
2.0684,0.7108,3
-0.35182,-0.73481,2
1.3636,0.027983,3
-2.7824,3.0236,3
-1.4688,-1.1485,2
4.9051,1.767,2
-0.36746,-0.90153,3
3.0056,0.092697,1
1.1296,3.7344,3
-2.2612,-1.4346,2
0.30904,-0.64437,1
-1.8079,-0.94207,1
0.031655,-2.5136,2
-4.15,-2.5051,3
1.0845,-2.4678,2
5.1007,0.52276,3
3.3332,-1.7111,1
-1.6045,0.76486,2
3.2803,2.3665,3
-2.3105,5.2028,3
1.7553,3.9618,1
-2.2758,-3.8667,2
1.232,1.0869,1
-0.23786,-0.76179,1
0.71999,2.9124,3
-0.19112,-1.5073,2
-3.1019,-3.5734,2
3.4828,2.0249,2
-2.978,-1.4484,1
-1.9572,-0.33779,2
-0.88539,-0.038442,1
-4.4667,-2.3037,2
-1.0235,-1.1501,2
-0.46014,2.4233,2
2.0456,3.6458,3
-3.4424,-3.6843,1
0.8291,-1.2742,2
-1.5188,-2.5186,1
-3.2622,-2.7908,1
-1.2369,-1.5332,1
-2.9605,-0.52093,1
2.1809,-0.81917,3
2.4931,-0.8312,3
1.3029,0.87662,3
-2.4652,-5.0339,1
-0.81686,-0.84483,3
4.1272,0.44203,1
2.1079,-1.3671,3
-0.71617,1.302,2
0.75186,3.5242,3
-2.7414,0.7149,3
-2.1247,1.877,2
-0.92139,0.69911,2
-0.0016881,-0.18064,3
-0.24543,-0.90993,3
-2.7412,-1.9064,1
0.72636,0.81714,2
1.2028,-1.2668,3
-4.6887,3.5699,2
-0.9029,-3.9079,1
1.9162,-2.1136,2
-1.0529,1.5053,2
2.1285,-0.21123,2
-4.6502,-2.4724,1
-3.7943,4.0964,1
4.1144,1.8631,3
1.6099,-0.55754,2
2.2479,-2.8996,2
3.2078,-1.4575,3
-1.0254,-3.4353,3
-1.8817,-1.9024,2
-3.3175,2.2454,3
0.43088,-3.2971,1
-1.9891,-1.5336,1
0.52661,3.5281,2
-2.2717,-0.89839,2
1.1213,4.2559,2
2.8659,3.2216,3
-2.2822,3.6953,2
4.3984,-0.46656,2
2.5236,2.697,3
0.34487,-0.042094,1
1.4752,0.16211,2
-2.491,3.9556,2
-5.0757,-4.0817,1
3.8195,1.7007,2
1.6028,3.4385,3
0.32676,1.7487,1
0.47936,-1.6502,2
-4.6515,2.0363,1
-5.3665,3.3905,2
-0.70579,1.3396,2
0.9485,1.6302,2
0.991,1.0989,3
-2.0228,1.3526,2
-1.4627,1.9281,1
-3.7056,-0.59399,1
-0.3919,-1.6122,2
0.86378,-5.2263,2
-3.7186,-1.0419,3
2.2148,2.7569,3
-3.2874,2.1117,2
3.4572,0.49934,3
-2.2958,-5.4591,1
-2.8635,1.6568,2
-0.48254,2.3727,3
-2.2017,0.76787,3
-3.4713,-4.4112,1
-1.453,-0.92712,2
-0.21929,-3.0028,3
1.2251,1.6595,2
-2.6078,-4.4563,2
4.0912,3.0054,2
-2.8223,-0.5589,2
0.78454,0.18581,1
-0.89723,-3.1812,2
-1.9107,-5.4742,1
2.6081,0.78657,3
-0.37335,1.2868,3
1.2008,3.281,1
-4.8454,-3.423,1
-0.58846,-3.2636,2
-2.8702,1.7545,2
3.1238,-1.4101,1
-0.75758,0.81385,3
0.18389,-1.0382,1
1.8659,0.26607,3
-0.24546,1.4179,2
-1.7944,-0.47964,2
-0.79817,-0.99714,2
0.59994,-0.5986,2
-0.70396,-0.7919,2
0.84355,0.068452,2
2.7556,2.4847,3
-0.090177,1.8113,2
2.4277,1.9324,3
3.3799,-1.5744,1
-3.413,-4.2268,1
-1.4121,-0.5825,3
3.6584,0.72645,3
-0.17507,1.0343,3
-0.088167,-1.5614,2
0.045495,-2.0264,3
1.286,2.6468,3
0.10005,2.2655,2
-1.6714,2.5584,2
-0.38274,0.87218,1
1.1976,2.1738,3
0.27003,0.34665,2
1.4978,3.1814,2
-2.1876,-2.7526,1
0.63551,-3.0895,3
3.7571,1.0451,2
-3.3813,-1.7932,2
1.897,1.8666,2
4.4233,2.6416,3
-2.3445,-1.2632,2
0.10643,3.5921,1
-0.071385,5.8162,2
0.17783,1.1567,2
0.78027,2.424,3
-0.77619,-1.1529,1
0.61494,2.088,1
1.7891,2.1932,1
-2.2362,-0.69825,1
0.06399,-3.9085,1
-0.70161,3.3413,3
4.6307,-2.073,2
3.9012,3.4259,3
3.4193,1.1726,2
-0.64623,-1.8816,1
1.6887,-0.26917,1
-0.6311,-1.4416,3
-1.0391,3.0828,3
-1.191,0.18517,2
3.0388,3.166,3
1.3395,0.90366,2
1.0176,-0.66576,1
0.62711,-0.26368,2
-1.2451,-1.3009,1
1.1501,3.5159,3
-1.4347,-1.8855,1
-0.52941,0.44351,2
-0.23942,3.291,3
-0.056323,0.25208,1
5.1622,1.1664,3
1.9324,1.3382,3
-2.0283,0.49419,2
1.6339,1.0392,3
0.11992,-6.3336,2
-0.473,1.525,3
2.1921,0.83459,1
0.22122,2.5387,3
-1.2746,0.14322,3
-1.4188,-1.4494,1
4.3503,4.036,1
-2.4152,-0.469,2
4.0945,5.5019,3
1.1248,-1.5237,1
4.9963,1.1711,2
0.54547,-0.29964,2
-1.5894,0.16096,1
-0.33398,-0.12855,3
2.2885,-4.6576,3
-1.5145,-1.9081,2
-0.85442,3.2446,3
2.5779,3.4712,3
-3.8401,-0.15363,1
-0.51874,1.4939,1
0.027403,1.8136,3
1.7602,3.055,3
-2.7305,-3.097,1
1.689,-1.4167,2
2.8615,3.1399,3
1.2057,2.3174,2
2.829,2.4579,2
3.2917,-0.19543,2
2.1971,4.2279,3
-1.5568,-2.2934,3
1.2345,0.82213,2
0.64347,0.39521,2
-0.98961,-3.6459,2
2.0642,4.2382,3
0.29278,4.0685,1
-3.7942,-5.9338,1
-1.8777,-5.6007,1
0.51517,-1.0754,3
1.17,-1.9124,2
2.032,4.7695,3
-0.73769,-2.4673,3
-3.8257,0.22393,1
1.4048,3.973,2
-1.1684,-2.7342,2
3.6671,2.4936,2
-0.043348,-0.66024,1
-1.184,-2.0555,1
1.824,-1.9303,2
0.67166,-3.2495,2
0.4637,2.9139,2
-3.0264,-4.0038,2
2.0666,-0.67562,3
-0.7462,-1.6013,1
1.7676,-0.12865,2
-1.0142,-1.7592,3
-3.5438,-0.83012,1
-0.5468,1.8132,3
-0.43846,0.68137,2
2.1903,-0.094952,3
3.1753,-1.5438,2
-0.30718,3.3849,3
3.7631,2.8982,1
2.1867,3.8744,1
0.20232,0.25891,2
3.311,1.8136,3
-0.26663,-0.50431,3
-1.7286,4.7262,2
0.92119,0.42798,2
-4.8272,-1.7178,2
-1.49,-0.1265,1
-2.1087,-0.6781,1
-4.8506,1.8474,1
-2.8156,0.29321,2
1.2265,1.8186,3
-1.4262,0.11321,1
2.9643,-1.1792,3
0.81983,1.2837,2
1.3156,2.24,3
-1.7516,1.5434,1
0.040889,-3.0307,3
4.1118,1.6417,3
-0.0099471,-0.45087,1
4.0644,-2.1508,3
2.9388,-1.3255,3
-1.8794,-2.4232,2
0.72866,3.3848,3
-2.1944,0.47988,1
1.6494,4.2108,3
-1.4293,-0.38436,3
0.3795,-2.4306,3
2.8087,2.8796,3
1.6912,1.1607,3
-2.5828,-4.5933,1
0.63277,-1.1281,3
0.38414,-0.26201,2
1.0809,-0.50994,1
2.3111,-1.313,2
0.40289,2.4288,2
0.239,1.4388,2
1.3719,1.6914,2
-2.4304,-3.4324,2
-0.12674,5.9045,3
7.3603,3.4662,3
5.8919,-0.18804,3
1.0408,0.25663,3
-2.8742,-3.1059,1
2.0605,1.8598,3
-0.85612,2.2771,2
-1.3169,-1.8401,1
-4.1781,-3.2756,1
-1.3943,-1.1075,3
0.82125,-1.1793,1
-0.5278,1.4856,3
-1.1767,-0.49809,1
0.78164,-2.1618,1
4.2622,0.71355,2
-1.7458,0.33757,2
-2.9378,-1.4043,2
3.385,-1.2385,1
-1.3125,-2.7039,2
1.6461,-0.3259,2
-2.2219,1.1209,3
-0.91863,1.8808,3
-1.2949,-1.5108,2
-0.84504,-2.5206,2
3.8554,3.9353,3
-2.3211,-0.42513,2
2.3827,0.1192,2
-0.71344,-0.43639,3
-1.7875,-2.2941,1
-1.316,-0.3124,2
-3.4463,-2.3079,1
0.2836,-0.63978,2
0.59781,0.31206,3
-2.0017,-5.0114,2
-1.1982,-5.1415,1
-1.6918,-0.26599,2
2.1958,1.2355,1
-1.1549,-3.2035,2
0.24116,0.52155,1
1.5872,0.99544,1
-3.4222,-3.788,1
-1.0316,1.1553,3
-2.626,-0.27597,2
3.4619,-1.4325,1
1.0305,-0.70327,2
4.6701,5.7699,3
-2.5207,-0.7826,1
0.82694,2.1045,3
-1.9469,-0.73448,2
-1.6325,0.17247,2
0.40164,-2.3708,2
4.0134,-2.8628,2
0.96274,1.7225,3
3.5258,-2.4002,3
-0.97484,1.1411,2
0.53391,3.2956,3
-2.3719,0.52107,1
3.4818,-0.48391,3
-0.67964,3.3831,2
-2.8101,3.0547,2
-1.8562,-1.7716,3
0.80541,2.4177,3
3.3701,2.386,3
-1.3429,1.8645,2
5.4591,-1.5922,3
4.9177,2.8441,2
4.855,0.62745,3
-1.3355,-5.2243,2
4.278,0.1495,3
-0.083932,-2.7167,2
0.76639,1.5957,3
1.8304,-0.11411,3
-3.9398,-0.41197,2
-0.012009,1.0745,2
-1.1301,-1.3112,1
-1.6421,2.7646,3
1.997,-0.40128,2
-1.6441,-0.6753,1
0.21775,2.483,1
-0.35757,2.7537,2
1.1955,1.3444,2
-1.5425,3.614,3
-3.5206,-0.90878,2
0.60312,-1.1259,2
4.9669,-1.006,2
1.3035,-1.4406,2
2.3907,0.51426,3
1.0948,-0.72375,1
0.45511,-1.532,2
-1.3812,0.1775,3
-1.6806,-3.9187,2
0.60361,-0.31136,2
2.0125,0.94091,3
2.3259,0.6809,2
-1.5007,-2.6546,2
-0.026008,-1.4474,1
2.494,-0.13967,2
3.4547,0.90378,3
0.90692,0.039868,1
2.6275,-0.30294,1
-1.2859,-2.6857,1
-1.1464,1.0659,2
-2.6423,1.5952,1
0.6142,-2.9123,2
-0.79251,2.8793,2
-1.1574,-0.6271,1
1.7919,0.025665,1
2.9254,2.405,3
1.1739,0.79245,2
0.39829,-2.2734,2
4.5267,1.7285,3
1.3839,0.17212,3
-0.21185,-1.6449,1
-3.5031,-0.40919,2
0.67631,0.79215,3
2.9421,-3.5715,3
-0.8408,-2.978,1
-2.4477,-1.9662,1
-2.7689,-0.32257,1
-0.67897,-2.6125,1
-2.4492,2.2518,1
-0.687,-3.0691,1
1.4986,-0.78946,2
0.29216,0.9376,2
-1.102,-0.31332,1
0.35677,1.2162,2
-1.3453,0.1078,1
2.1691,0.11885,3
3.3602,1.8735,3
-0.42669,-3.5121,2
1.9959,3.5501,3
-3.793,1.3265,1
1.4824,-1.1363,1
0.38054,1.9495,3
3.6724,3.4234,3
0.5887,1.0231,2
2.6034,1.5479,3
0.11805,-0.13964,2
3.6594,1.6076,3
-1.72,0.089252,2
-2.1877,2.9895,1
-1.5655,-2.3068,3
-0.9223,-1.8588,1
-0.59744,-1.1411,2
-3.8998,0.22588,1
-1.1983,-1.2277,2
-1.2073,2.8984,1
1.4525,0.070851,2
1.9489,-0.16378,3
2.7267,5.0651,2
2.8425,-3.4579,1
6.4376,1.7028,2
0.82858,-2.9249,2
-0.45084,-2.4311,1
-0.94046,-3.6207,2
0.12321,2.6693,3
0.36066,2.1195,2
3.6116,0.78618,1
1.3928,0.37066,3
1.1961,-0.42484,1
0.27784,0.6897,2
-0.37464,-2.34,3
-2.6282,-5.3158,1
-0.24692,-0.41303,1
2.8596,4.717,3
-3.3447,-5.0264,1
2.6637,-0.30149,2
-0.15395,2.5339,2
-0.9058,0.024061,1
6.3523,-1.2212,3
1.7008,1.24,1
-3.5044,-2.2694,2
-1.1377,2.303,3
-2.9104,-6.303,1
-0.64784,-1.7302,1
-2.0949,-1.0139,2
-1.5146,-0.43047,2
0.31831,-4.82,1
2.3468,2.0286,2
-1.5154,-1.2571,2
2.4873,-3.5431,2
1.5633,-2.735,2
1.0298,6.7709,3
1.1931,-2.2347,3
1.7538,0.62186,3
-0.97868,-2.9544,1
-2.0606,2.5636,3
-1.6516,2.2123,2
-3.9331,0.2426,1
1.7694,-1.9816,2
-4.3741,-0.75754,1
0.4902,1.1799,2
3.6292,-2.479,3
-1.8068,1.7205,2
-0.071793,0.86755,2
2.662,0.42092,3
2.1337,-0.56498,2
4.7602,-1.7121,3
0.27386,3.3831,3
1.5477,-5.3488,2
-0.39385,-3.3552,1
2.3035,0.86663,2
1.3019,1.9546,3
0.12744,-7.5638,3
-0.39903,-0.78532,1
1.9513,-3.7442,1
-1.0128,-1.5107,1
1.5848,2.3286,3
1.7647,-3.4101,3
4.9206,2.4843,3
3.2767,1.8839,3
0.39578,3.7932,1
-1.5793,-2.9436,1
2.9375,0.31255,3
0.57019,-0.5791,2
-3.3135,1.4827,1
2.6189,3.1453,2
-0.25623,-3.9215,2
-4.1019,0.43247,3
-3.6308,0.55552,1
0.0449,-2.1101,2
2.4275,2.4949,2
-0.62757,-7.0192,1
-0.21104,-1.7867,3
-0.8798,-3.5769,2
-1.0672,0.53166,2
-1.7214,-1.7485,2
0.0010413,-1.569,3
-2.7309,1.2642,2
-1.1395,-2.3326,2
2.7744,-2.8202,3
-0.87814,1.5631,2
-2.8084,1.0397,1
-0.26151,-3.0911,2
4.0099,-5.442,3
0.038892,2.1905,2
0.6202,3.0332,2
1.3935,0.67033,3
0.51303,0.0084591,3
-3.8848,-3.3545,1
-0.6789,-0.89708,2
1.3994,3.608,3
-0.31556,1.7136,1
1.9769,0.63435,3
-1.0674,2.4647,2
-3.5417,3.0707,2
1.8573,2.0222,3
3.1276,0.076368,2
-2.6386,-1.6144,1
0.41899,-2.1261,3
3.9896,0.99139,3
-0.28561,-1.555,1
-2.6604,1.432,2
0.10905,-1.6072,1
0.80846,1.154,3
-2.0489,-4.5559,1
-0.98963,0.53888,2
3.0837,-1.5208,2
-1.8681,0.24057,2
2.2916,2.2661,3
2.5691,-2.2688,3
-2.8744,-2.5315,2
-1.1492,-0.86954,3
-0.28485,0.46025,1
-4.1561,-6.0959,1
1.5105,2.088,2
3.2851,1.9935,3
0.43834,4.6263,2
2.0489,0.2497,2
0.23374,2.1767,2
0.036625,-0.038914,2
2.7277,-3.4025,2
1.6296,-1.0578,3
0.38112,0.58119,2
-3.1004,-0.82513,3
-2.6978,-2.1229,1
0.51806,-0.3564,2
-6.958,-3.2176,2
-0.44354,-3.4898,2
-1.2966,-2.2093,1
2.1642,-3.4056,2
0.27348,1.9873,3
-2.1217,3.2131,3
3.2411,-0.35309,3
-2.1011,-1.4217,3
1.8762,1.5432,3
1.9028,-1.2765,2
-0.74877,0.41262,1
-1.1111,-0.66879,1
-0.81064,2.6676,3
-4.6244,0.94963,1
-2.4472,-1.8278,1
-3.9115,-0.83644,1
3.5379,3.7483,3
-3.405,-1.5986,1
-1.8672,-0.6136,2
3.8861,-1.9676,3
-4.7936,-2.1601,1
-0.47567,0.99151,1
-3.2364,0.074088,1
-1.9224,-0.17444,1
-2.7383,-1.5012,1
-0.81911,2.1681,3
1.9066,-2.5485,2
0.7434,4.2221,1
-0.65426,-1.4236,1
2.285,-0.58215,3
-1.8362,2.5993,1
4.2255,-1.6291,1
4.8878,-0.65724,2
-0.96592,-2.3333,1
-4.2918,-2.3545,1
1.154,0.96925,2
-2.1561,1.9924,3
1.5247,2.0428,2
-1.1291,-2.8596,2
0.1583,0.94795,1
3.1901,2.1246,3
-0.46613,-2.399,1
-2.7051,-2.0434,3
5.0056,2.3493,3
-1.3165,1.1138,1
-0.95974,-3.9066,2
-0.25646,-0.45216,1
0.5942,2.2832,3
1.3549,3.1397,2
2.5291,-3.7129,3
2.0854,-3.1982,3
-2.3304,-2.6478,1
0.70292,-1.7371,3
3.5648,0.33459,2
-1.0435,-0.10496,2
1.1537,0.50566,2
-0.9512,2.6529,3
-3.3918,-5.1917,2
-1.4122,0.43691,2
2.6111,-0.86671,3
-1.4367,3.3179,1
-0.51863,3.215,3
3.2781,2.4243,3
-0.41336,1.2391,3
-0.248,1.4145,2
0.56668,0.5609,2
-2.3936,-1.0775,1
-3.0208,-2.0352,1
0.40743,6.0198,3
3.1668,-0.84486,2
0.91958,1.5733,3
2.7703,4.236,3
2.973,-4.2735,1
1.5023,2.5601,1
-4.9914,1.3629,1
4.0361,1.8289,3
0.27589,0.21687,2
4.2626,0.66925,1
0.38627,2.5212,2
1.0189,0.18956,1
-3.4331,0.21823,2
4.1542,3.7631,3
-4.0849,-3.1812,1
-1.1488,-0.21358,2
1.2705,-0.03718,3
0.62123,3.516,2
0.57194,0.92275,2
2.7742,-4.5751,2
2.157,0.90458,3
-2.4924,-2.8201,2
2.134,0.87213,3
0.61418,4.328,3
-7.1699,-0.59957,2
1.3082,-3.2243,1
0.14624,3.53,1
0.25181,1.5956,1
-3.8297,-2.1615,2
-2.5346,-0.28853,2
-0.59852,-1.1272,2
2.8341,0.69285,3
3.6122,0.71667,2
-1.8723,0.038284,3
-1.4224,1.249,1
-0.62059,0.80514,3
-2.1912,-1.0169,2
1.6309,4.1873,2
-1.9462,0.039372,1
1.9772,-3.9766,3
1.9976,0.67985,2
2.8162,4.3946,2
0.98812,0.30003,3
-2.8648,0.51492,1
-3.1575,1.9224,2
1.1167,-0.84924,3
1.1792,-3.867,1
1.8556,-0.29543,2
0.14043,5.4043,2
-0.082981,-1.631,2
1.5293,-1.9823,3
-1.8496,0.74523,2
1.0638,-0.073419,2
-0.35536,3.0267,2
2.081,-1.4012,2
-3.7577,-1.8644,1
-0.91283,-0.26476,2
-0.70979,0.53404,2
0.28106,-3.0202,1
-0.9515,-0.21897,2
0.11929,-1.4806,2
1.6096,0.30503,2
0.82755,-0.0088064,3
-0.49324,2.6601,2
6.0289,4.8325,3
0.87248,0.60642,3
-0.44659,2.5359,2
2.1069,3.7231,3
-3.5918,-4.4491,2
-0.15512,2.6105,3
1.8172,1.0413,2
-0.78738,-4.3423,2
-3.4825,-1.5382,1
-2.6021,-2.2301,1
2.7269,2.5453,3
3.0694,-0.22304,3
0.17619,1.2852,3
4.6168,1.1698,3
1.9005,-0.71843,2
2.4709,0.15261,3
5.5253,0.53025,1
-3.7636,-0.67938,1
-2.6711,0.82244,3
-0.26516,0.53615,2
-0.32084,0.58585,2
4.3134,5.2136,3
1.5495,2.9772,3
1.3841,2.0578,1
3.644,1.8643,3
3.0365,-1.3864,1
3.2456,-0.032302,3
2.0474,-0.16175,2
2.7241,-0.57024,1
2.2238,1.1502,2
-0.78631,2.153,2
0.92093,-0.40718,3
0.65809,-0.07588,3
0.7917,-1.5022,2
0.77739,4.4964,2
4.12,2.5706,3
-1.9995,-1.781,2
-0.28461,1.0908,2
3.2525,1.6073,3
-1.1003,-6.2719,2
0.67701,3.41,3
-1.8563,-1.8843,2
0.98265,-1.2786,2
0.10226,2.2717,1
-0.17536,-4.156,1
3.0468,4.0651,3
-0.34318,1.3936,2
-2.7886,-0.56211,1
2.1942,3.5022,2
1.0688,-1.591,1
-2.2513,-0.83219,1
3.1703,0.44694,3
3.5487,-0.076353,1
-0.63126,1.4861,2
1.3886,-1.8375,1
-0.25152,-2.1598,2
1.1152,0.85308,2
-5.5682,-0.41011,2
-2.4958,-1.4992,1
-5.2304,0.05033,2
4.6206,0.72872,2
0.53264,1.1645,1
0.37191,-1.1322,2
3.3209,1.0515,2
3.2175,-0.047104,3
2.1081,-1.0874,2
-2.121,-4.2998,1
-3.7696,-2.4323,1
1.2962,-1.0218,2
-3.3916,-1.9231,1
-2.6538,0.94811,3
-1.0754,0.9,3
0.95972,-3.4129,1
-0.87347,-2.0511,3
0.68073,0.64516,2
0.66671,0.63113,2
-3.532,-0.67796,2
-2.8841,-3.2413,2
0.35899,-2.6121,2
3.5177,-0.2482,2
-0.21273,-2.3142,3
-5.2921,-3.2824,2
1.1302,-0.72711,2
4.4359,0.64267,3
2.6327,3.3419,3
-1.0399,-0.40174,2
