1.7559,1.6643,3
-0.96518,-1.0599,1
2.4106,0.94307,3
0.021829,-1.0704,3
-1.1693,-0.63371,2
4.6273,2.6738,3
-0.0563,-1.1416,3
3.9466,2.0663,2
4.305,2.9466,3
-3.6946,0.21948,3
6.522,4.791,3
2.1288,-0.053198,3
2.8108,-0.82455,2
2.6554,1.0039,3
6.6667,1.9277,3
1.6144,-1.1221,2
0.072767,2.4793,3
5.3106,2.8493,3
0.66917,0.67171,3
2.9152,2.137,3
5.6836,6.5688,3
1.7806,2.7421,3
-0.40654,2.7819,3
4.3385,4.8254,3
4.108,2.3334,2
3.2275,4.0589,3
2.4121,0.55807,3
-2.1312,-0.27624,3
5.0206,1.501,3
-0.030832,0.78997,3
-0.97351,6.5441,3
3.1338,-1.0315,3
1.8046,0.61757,3
-1.2687,-1.9835,3
0.078123,-3.529,2
9.4117,3.2429,3
-2.9708,-0.7955,1
-1.8013,3.1888,3
5.7568,2.8973,3
2.6299,0.47231,3
0.19878,-2.4818,3
3.9213,2.0333,3
2.9216,2.6116,3
4.3714,-2.2987,3
4.931,1.5228,3
0.59664,5.082,3
2.7454,4.154,3
1.6471,2.2006,3
1.0466,0.89481,3
5.4141,0.099646,3
0.19909,3.8798,3
1.8383,1.4468,3
-0.40624,1.0369,3
-2.429,3.0209,3
3.7947,-1.0761,3
3.0559,3.4963,3
-1.0239,0.87627,3
-0.81406,-0.20392,2
7.8113,2.7614,3
0.53294,2.2709,3
4.1424,2.88,3
-1.6975,-0.6667,2
4.3686,-0.32781,3
-1.9506,3.9362,3
5.4499,2.5839,3
5.7704,2.189,3
1.8125,1.8524,3
2.3532,2.272,3
-0.11431,5.8692,3
-2.4689,0.34221,3
4.6377,3.5549,3
4.0026,2.6272,3
2.0297,2.6548,3
1.0303,1.4384,3
3.4551,1.814,2
2.5108,3.2579,3
2.7516,2.4453,3
0.70359,1.3065,3
-0.7686,3.069,3
3.7341,3.7176,3
4.0101,6.0019,3
1.4577,6.5766,3
0.69365,3.6979,3
7.5912,5.6656,3
-1.4465,-1.4735,1
2.3062,1.1347,3
1.4566,3.3982,3
2.4931,-3.1129,3
5.6614,5.6386,3
-0.26801,1.0979,3
-0.19333,-0.2997,3
1.3395,0.13275,3
0.40635,1.3816,3
1.5364,1.353,3
0.63135,-1.8346,1
-1.5442,1.306,3
-1.9251,2.3053,3
1.14,0.61278,3
1.5338,4.0741,3
-1.3262,-0.4491,3
2.8304,-0.078492,3
1.0493,3.2326,3
3.5308,0.60207,3
3.1638,3.1994,3
4.1196,3.8481,3
6.0682,2.2658,3
-3.0826,-1.0347,2
3.8919,7.2848,3
-2.3178,3.325,2
-2.0674,0.41234,3
-0.88599,2.3049,3
3.1292,5.7786,3
2.1245,4.2251,3
-2.753,-5.6623,1
2.7034,1.1769,3
0.66948,0.15541,3
3.7142,1.6932,3
0.91081,0.79753,2
1.111,-0.15306,3
-2.4874,-1.8857,1
-2.1431,0.42413,2
-0.91252,-1.3618,3
5.1378,2.6597,3
3.0563,4.0743,3
2.1502,-3.4777,3
0.72474,1.1874,3
2.8077,3.1218,3
-2.5918,0.055188,1
4.3552,4.5808,3
3.5283,1.9038,3
1.1322,-0.11304,2
2.4164,5.1207,3
3.758,0.38307,3
-0.71285,3.1572,3
2.506,2.4528,3
3.682,1.4421,3
1.8023,2.1629,3
4.5554,5.0734,3
-2.5589,-2.4377,3
4.3614,-3.2071,3
1.5806,2.8355,3
-1.961,2.8586,3
2.0326,1.1231,3
0.26724,1.4939,2
-0.3062,3.2879,3
0.53255,-1.1738,2
4.8452,4.1777,3
3.6639,2.2011,3
2.9572,4.9598,3
4.3747,5.058,3
1.4579,-1.5552,3
0.29547,-3.4526,3
5.161,0.3489,3
1.6998,0.66844,3
-1.6319,5.4809,3
6.1036,0.25159,3
-1.943,2.1573,3
-3.857,-2.8264,1
3.7777,4.2429,3
-2.3559,0.92855,3
-2.4572,-3.1837,1
-1.0703,-0.091616,3
-4.476,-2.6243,2
1.1253,1.3164,3
4.6725,3.7077,3
4.9057,1.2847,3
5.5075,4.0785,3
2.1085,-0.8069,3
-1.3704,0.041924,2
-1.4137,4.8458,3
0.68588,0.26357,3
-2.0966,3.7565,3
1.3298,0.45505,3
1.7411,3.4523,3
-2.4856,-3.0503,1
-2.7375,-1.2224,1
5.2652,6.3125,3
2.0297,0.69564,3
-0.10897,-5.7604,2
2.9454,0.81775,3
1.6196,4.6473,3
7.753,6.2514,3
0.33715,0.45612,3
-0.11583,3.3626,3
-2.5266,3.3209,3
1.3788,4.3332,3
0.50163,1.6997,1
-2.4744,1.7498,1
-0.4904,0.97798,3
4.1205,-2.3362,3
3.9591,4.7285,3
3.8463,-1.4742,3
3.0981,3.5367,3
0.93807,2.9269,3
0.99322,1.3772,3
1.3744,2.9723,3
4.3727,-0.65177,3
3.3589,1.3997,3
5.2071,4.0255,3
2.5866,0.39346,3
4.4809,1.3826,3
4.6953,-0.017929,3
-0.41834,4.8003,3
1.7908,-0.32739,2
-1.7075,5.5067,3
2.2753,0.99578,3
3.3106,0.78489,3
3.6167,0.25826,3
1.2357,2.129,3
0.66853,2.6668,3
3.8881,2.6065,3
-3.2264,-1.2352,3
0.96596,0.83952,2
-0.46271,2.4165,2
4.1144,6.8817,3
5.7461,5.1138,3
4.6907,1.3362,3
3.5399,-1.356,3
1.5717,2.3399,3
1.0234,4.9003,3
-2.8537,-1.3697,1
0.87754,2.2938,3
0.77961,-0.12575,3
2.8919,-0.001973,3
2.3213,1.3024,3
-0.52496,2.6026,3
-1.9579,3.7884,3
-2.0149,-1.0338,3
1.4655,0.96547,3
2.0093,0.4113,3
1.1537,4.6426,3
6.8811,8.6834,3
-1.134,-0.56259,1
2.055,-2.5957,2
3.7016,-1.4342,2
-3.4545,-3.1046,2
1.7129,2.168,3
5.1589,0.59896,2
4.2527,2.193,3
-2.0067,4.8358,3
5.4662,5.2121,3
-1.1987,-4.3018,1
0.64087,1.695,2
0.43656,0.46181,3
3.8931,3.4179,3
0.83565,1.4376,3
-1.4859,0.51755,3
0.98969,-4.4274,2
1.2234,1.4706,3
-1.2306,-3.504,1
2.7902,-1.2363,3
2.415,4.3772,3
-2.1679,-4.0887,3
1.1025,0.77748,2
4.2246,4.0296,3
4.5084,0.95745,3
0.44564,-0.67395,3
-1.5194,2.3655,3
5.6212,-0.32907,3
-2.4566,-2.2493,1
3.3184,2.5158,3
3.015,0.073707,3
6.3117,3.7789,3
-2.6062,-2.3073,1
-0.79587,-1.7428,3
3.7375,3.5429,3
3.436,2.9069,3
-1.987,-3.1746,1
1.6575,-1.2744,3
2.6942,3.5473,3
-0.23406,0.41437,3
4.4808,-3.422,3
0.18195,5.2464,3
2.5164,4.149,3
3.1786,0.27152,3
1.9318,1.7414,3
-1.0394,-0.90657,3
-3.3973,-2.2401,1
0.91791,-4.126,3
4.3304,-2.4832,3
6.4853,-2.6391,3
0.28712,-2.061,3
3.2414,-0.69101,1
6.1217,2.326,3
0.47205,3.5705,3
0.49289,0.34603,1
3.2792,3.5004,3
6.7451,3.802,3
-0.073727,-1.0446,3
0.11551,-3.6288,2
0.49003,1.5468,3
3.0479,0.45143,3
3.828,0.9502,3
0.042908,1.9062,3
2.5512,1.1971,3
3.2282,0.62851,3
0.97091,1.6928,3
2.1095,1.7014,3
4.6222,5.705,3
1.5267,-4.5049,2
2.0664,1.7795,3
-0.66561,2.6497,3
4.6803,3.7074,3
2.5626,0.90405,3
3.1683,5.017,3
3.1656,3.1678,3
3.1921,2.2536,3
4.0581,-1.2029,3
3.3633,1.6369,3
-1.8235,4.6398,3
2.8695,0.25226,2
-1.7786,0.95373,3
2.6149,4.2795,3
0.67513,-2.0693,2
-0.8082,0.44554,3
-0.13114,-1.0527,2
1.8418,3.0171,3
1.6234,4.8863,3
-1.2701,1.4924,3
5.3983,4.7863,3
-4.4731,-1.6989,1
2.5379,1.0086,3
2.8796,0.35973,3
1.1052,4.0918,3
-1.3698,-0.0017295,3
-1.2894,0.45515,3
-1.0017,-0.36992,2
0.1166,4.7501,2
3.8967,0.81554,3
0.75558,0.09717,2
0.11617,-2.3235,2
-0.39168,2.0738,1
2.1104,0.47524,3
3.8575,1.7356,3
0.41203,2.3864,2
5.586,3.7524,3
-0.97575,-2.5608,1
2.6934,3.7205,3
2.3844,1.7318,3
-1.066,-0.76438,3
0.31485,-1.1617,3
1.7549,-0.59448,3
3.2735,0.50822,2
1.8791,0.087555,3
0.44521,2.7383,3
1.0752,-0.033338,2
0.77055,2.639,3
-0.87969,3.7344,3
0.45977,-1.4906,3
5.46,2.0478,3
3.6355,7.552,3
0.20921,0.5957,3
2.0524,5.7954,3
2.3219,3.0787,3
5.2125,2.4139,3
5.0973,5.4373,3
4.9786,4.2122,3
-1.4431,0.26432,2
0.26597,-0.56982,3
2.7527,1.1526,3
2.0054,3.3977,3
2.1517,1.7733,3
-0.30461,-0.96802,2
-0.26522,1.5394,3
3.5256,3.0894,3
0.48859,2.7037,2
0.77566,-4.0243,2
0.52764,2.7684,3
4.8348,0.38576,3
2.5693,1.5838,3
-0.39071,-0.60459,3
-0.33073,2.0658,3
-0.050115,1.9552,3
6.2218,1.1832,3
1.8316,0.51079,3
0.034306,1.1412,3
0.75497,1.9088,3
1.5233,1.4273,3
0.24228,-1.9487,3
1.0687,2.5745,3
-0.0027814,1.8045,3
1.694,3.8563,3
6.9514,3.7711,3
1.3502,2.1744,3
0.27883,-2.6961,3
-4.0857,1.1132,2
4.5535,3.7084,3
1.0113,-3.1654,2
2.2892,-4.9909,3
3.8169,4.4782,3
5.1551,4.3566,3
1.3007,0.82692,3
-0.90976,3.4253,3
1.2311,0.10389,3
7.8909,3.023,3
2.8777,-0.21565,2
2.9044,2.9487,3
2.7503,-2.9431,3
2.6318,3.074,3
4.4981,4.4743,3
1.9983,2.5393,3
3.4282,1.9033,3
2.565,3.3211,3
5.4412,3.2061,3
2.765,0.78425,2
-0.075916,5.7721,3
5.4099,2.2546,3
-0.78709,1.0198,2
2.2658,3.6966,3
1.7851,0.93664,2
1.3946,-0.36402,3
7.0779,3.2583,3
3.8039,-0.040242,3
0.77443,-4.77,3
1.7519,2.1422,3
6.798,4.9733,3
4.4832,3.1885,3
-0.18356,-0.77044,3
3.1421,4.4634,3
2.6798,2.722,3
-0.67227,-0.52501,1
-0.73902,1.9404,3
1.6458,1.159,3
1.7349,3.0257,3
0.56255,1.9221,3
2.6273,5.5869,3
-0.36274,0.22765,3
3.0582,5.0124,3
4.1241,2.7233,3
0.89136,3.4669,3
-1.943,2.9034,3
2.1798,4.2748,3
4.8412,2.2227,3
2.0563,0.53201,3
-0.30418,1.155,3
-1.907,1.2151,1
-0.77106,4.5949,3
-0.25638,1.6483,3
4.274,1.8659,3
1.8892,1.209,3
2.5921,3.5167,3
-1.3109,5.8558,3
1.5667,2.0377,3
-0.20811,-2.6025,2
-1.0363,3.9262,3
0.99901,0.91179,3
1.4419,5.3519,3
3.3268,-1.6917,3
2.0635,6.5966,3
-3.5585,-6.6652,1
1.5521,4.1488,3
1.5287,0.13022,3
4.5221,1.4021,3
4.9584,-1.6092,3
0.24874,4.3601,3
1.6062,4.4062,3
-0.089556,3.7016,3
0.76441,2.4259,3
2.4053,2.66,3
4.1885,3.278,3
6.5464,3.2599,3
7.3515,3.9187,3
1.5231,3.7238,3
-2.4298,-0.30211,1
3.2033,1.6143,3
3.274,0.59521,2
-0.42289,0.65197,3
0.75882,-0.71365,2
2.033,0.013506,3
1.3973,-2.3012,3
1.2548,0.93216,2
-1.4716,-1.5948,3
4.4974,0.87796,3
3.3787,2.0635,3
-0.59778,-0.85835,3
3.5653,2.9924,3
7.559,1.0719,3
3.572,-0.3461,3
1.8113,-2.7161,3
0.69316,4.6327,3
-2.511,-0.79053,2
3.4535,-0.91408,3
-1.774,-0.4181,2
0.2413,3.9944,1
0.25864,-0.24741,3
3.3443,6.1746,3
-1.701,2.6956,3
2.2936,-0.57961,3
2.7938,3.8508,3
-1.0682,-1.6699,2
1.1647,-4.0541,3
-0.46892,0.33546,3
-4.7078,1.4832,3
0.76929,0.28611,3
3.2373,1.6428,3
0.42323,4.3779,3
-1.249,3.8905,3
3.2236,4.418,3
3.2534,3.0639,3
-1.927,1.9919,1
1.9144,5.7915,3
4.2136,2.2946,3
0.30622,0.46911,3
2.4413,1.928,3
0.44637,2.0455,3
2.381,-0.84361,3
1.809,4.1376,3
4.9147,-1.1654,3
0.82232,-1.532,3
0.023118,-1.0027,3
4.524,0.19011,3
0.79466,4.4986,3
-5.983,-4.9701,1
-3.5917,2.2193,1
0.24989,3.7048,2
2.7165,1.7554,3
1.3757,3.7367,3
-2.0354,-2.347,2
5.9439,3.954,3
3.041,0.84853,3
0.99787,2.8843,3
-0.20715,2.3783,3
-0.41409,2.4295,3
1.0313,-0.85097,3
-1.8394,-2.0531,2
3.5874,0.81848,3
-0.15092,-1.6542,3
1.6543,2.7571,3
3.4804,-2.1064,3
0.51898,1.3419,3
3.3454,3.0635,3
2.6431,0.057487,3
6.4489,6.2229,3
-4.2522,-3.689,1
-1.6427,-5.1194,1
-0.35682,4.7806,3
1.9234,-0.7975,3
0.6648,0.54534,3
2.983,-1.0096,2
0.64593,0.90991,2
-4.7398,-3.481,1
1.7293,0.52065,3
2.3306,2.4159,3
4.759,5.4089,3
4.9752,5.4613,3
3.6015,3.0022,3
2.9188,0.66419,3
-0.57149,4.9959,3
5.1052,1.9697,3
2.148,4.2524,3
3.9263,-2.6374,3
2.0811,1.6543,3
1.1574,4.5477,3
4.2601,-0.13217,3
3.2627,4.0634,3
2.3162,1.8916,3
0.051978,3.472,3
0.015921,1.2105,3
-1.7935,-0.57702,1
4.045,2.8883,3
0.68983,2.6826,3
4.9405,2.7544,3
-2.315,0.55045,2
2.234,4.3828,3
1.5573,-1.3654,2
2.4545,-0.26943,3
1.6527,3.0786,3
2.4518,2.1413,3
0.89346,4.8732,3
4.4751,-0.39192,3
2.6719,0.99814,3
-0.15659,2.1985,3
2.316,2.6339,3
2.9501,0.35419,3
1.1129,0.96657,3
3.1371,-0.41696,2
1.8287,1.5163,3
-0.28138,2.7827,3
3.9843,5.8547,3
1.6713,2.1986,3
0.25464,1.9321,3
-0.80643,-0.64785,3
2.4156,0.98609,3
4.487,4.6508,3
3.4837,3.0271,3
4.1087,0.40608,3
0.26562,1.5641,3
4.343,-0.97138,3
-2.0412,3.3153,3
-0.82082,-2.2855,2
0.73192,4.5928,3
-0.86679,-1.1727,3
3.5152,0.59812,3
2.2482,4.8408,3
10.657,2.5974,3
1.0221,-2.1158,3
1.0261,2.4156,3
-1.1761,-2.2744,3
4.2274,0.83444,3
-0.045663,-0.47452,3
0.26509,1.4805,2
-2.6369,-3.2671,1
3.905,2.9846,3
0.32096,1.5697,3
-2.1623,-0.35278,3
3.48,5.1222,3
-2.2665,0.84567,2
1.8354,0.77863,3
4.7092,2.2488,3
2.3634,2.1674,3
-1.3731,1.2638,3
3.2443,1.5488,3
-0.88218,1.5327,3
6.3252,2.6762,3
0.94286,2.6059,3
0.76408,-2.1819,3
1.6761,2.3497,3
-1.6308,-2.8579,3
0.19177,0.41865,2
3.7392,0.79681,3
2.3869,3.0741,3
-2.3457,0.19393,2
3.0111,1.5874,3
5.1183,-0.6202,3
0.6622,2.1333,3
0.97971,8.183,3
-0.19253,3.2318,2
0.66559,2.524,3
-1.8191,1.0345,3
3.5107,-0.82583,3
0.43484,-3.0706,2
0.33611,1.921,3
-1.1683,-0.14693,2
0.61165,0.96506,3
5.2315,1.8603,3
-2.9772,-1.0902,3
0.31036,0.75012,3
4.4352,1.5547,3
1.8837,6.103,3
5.3251,4.0644,3
-1.3266,3.5893,3
1.1771,2.0284,3
0.64318,1.5189,3
1.7979,-0.026598,3
3.2899,-0.8364,3
4.5777,1.9183,3
4.1283,4.2743,3
-0.049319,1.386,3
0.86318,1.6529,3
1.5641,1.0202,3
2.0596,6.1017,3
0.75062,-2.362,2
0.87547,1.8813,3
3.6287,0.13215,3
-0.87469,0.25865,3
-0.37944,-1.8103,2
1.1299,0.64365,2
0.88672,1.5544,2
1.2953,4.6017,3
1.047,-1.6776,3
1.7576,3.4705,3
2.0273,1.2929,3
-6.2792,-1.4761,1
3.5714,5.6858,3
0.48425,4.6978,3
4.758,2.4,3
4.4621,3.8458,3
5.3734,2.3159,3
3.9222,2.3766,3
0.14951,-1.7355,3
0.047046,3.3627,2
3.6868,0.60163,3
-1.692,-0.90206,3
2.7749,2.0099,3
4.0162,5.6741,3
3.5605,0.72972,3
3.7669,1.3338,3
5.4219,5.2789,3
0.0783,1.2438,2
1.9528,-1.2852,3
0.0088163,-2.7877,1
1.7356,1.9836,3
2.4763,1.569,3
5.8426,2.345,3
3.6758,-1.4364,3
4.2426,4.9103,3
4.0124,0.95761,3
1.7457,3.433,3
2.6352,4.4878,3
-1.9015,-0.13498,3
5.3446,0.29258,3
-1.1008,0.17065,1
4.0053,0.63049,3
-1.0198,-1.6568,3
2.6058,4.069,3
-5.8124,2.2986,3
-1.7876,-0.33886,2
4.4278,-3.0453,3
3.1816,2.4508,3
3.5279,5.0916,3
0.76279,0.565,3
0.60689,0.34315,3
3.6091,4.0268,3
-3.963,-1.5134,1
1.7761,1.6037,3
-0.12171,2,3
-2.4037,-3.1741,1
-1.5825,4.1589,3
-0.071527,-0.13832,3
-1.2883,-0.42779,3
7.026,1.8897,3
0.27057,-2.3012,3
0.85702,0.92391,3
1.3224,2.7195,3
-0.22266,-0.22373,3
5.9061,-3.049,3
1.7943,-1.5606,3
3.6395,4.6392,3
8.3346,4.3134,3
-0.47822,-2.5452,3
-1.8456,0.36181,3
5.4305,-2.1525,3
-0.27521,4.5004,3
1.3587,1.9999,3
4.7818,0.4115,3
4.9593,3.7737,3
2.7001,0.2235,3
-0.75739,0.11004,3
-0.28666,1.621,3
1.1222,3.9056,3
2.9134,0.88038,3
0.59089,3.5649,3
-0.11751,2.9734,3
3.4679,2.3591,3
7.0535,3.5524,3
-1.5199,0.1341,2
2.4492,3.5263,3
6.2986,-1.4731,3
2.5285,2.0865,3
3.4691,2.2142,3
2.9059,0.99728,3
-0.62996,-2.6186,1
3.7048,4.3698,3
-1.369,3.5351,3
-4.0417,-4.0262,1
5.1806,3.3456,3
2.9657,0.56957,2
-2.1026,1.5328,3
2.5182,1.6596,3
1.9153,3.8326,3
2.6894,-0.8471,3
-0.43493,1.1831,3
2.4636,3.1915,2
-1.2441,2.4751,3
-1.2729,1.0736,3
0.078391,-3.7722,3
0.32505,1.5938,3
2.0303,0.46249,3
5.7951,3.7389,3
4.8636,-2.626,3
1.1134,1.7901,3
1.4222,2.305,3
0.84831,4.2286,3
4.2376,0.80365,3
1.6749,6.0415,3
-3.5311,4.4478,2
2.6109,5.2482,3
3.0199,-0.70323,3
1.841,0.49749,3
2.5172,-0.83776,2
3.131,3.6515,3
-0.061016,1.6015,3
0.60428,5.8893,3
4.3185,1.9227,3
3.4589,0.19533,3
2.0838,-0.24586,3
1.3612,5.0432,3
0.41634,2.1663,2
-2.4831,-2.5721,3
4.1438,-1.1051,3
-1.9013,-4.6647,1
-3.5164,-3.142,1
-0.081998,4.5441,3
-2.0399,-1.0711,2
1.1854,2.1386,3
0.18514,4.1823,3
1.4421,4.8091,3
1.9732,-2.668,3
3.1615,-1.9629,3
1.934,1.5158,3
-0.32764,-0.90244,3
3.231,-1.3209,2
4.8899,0.72127,3
1.5718,-0.13174,2
4.6583,2.433,3
1.876,-2.5346,2
2.0119,0.099025,3
-5.7413,0.43201,3
3.1515,2.2837,3
3.4404,-0.82313,3
4.9323,2.7558,3
0.43408,-1.4022,3
6.0527,2.1297,3
-2.5885,-2.2915,1
4.6823,3.7356,3
1.7771,0.23892,3
5.3962,0.97489,3
-0.039902,2.0075,3
0.03993,1.7591,3
3.3552,8.1646,3
1.0556,4.6073,3
-0.93977,1.9458,3
1.7065,4.9973,3
-1.2318,1.5119,3
0.012652,-0.99498,1
2.3407,3.1273,3
0.58201,1.268,3
3.6226,2.9055,3
2.0489,2.5693,3
0.66637,2.3377,3
-0.60682,6.2302,3
0.44774,2.3759,3
5.4353,5.8298,3
1.9549,1.9097,3
3.3283,0.38293,3
1.8196,1.2667,3
5.5257,-0.82785,3
0.98394,3.2019,3
0.35527,0.98835,3
1.4013,-2.3785,1
-0.8317,2.7162,2
1.113,3.1298,3
4.8123,0.62263,3
5.4575,6.2993,3
1.4925,6.1418,3
2.8857,1.1337,3
3.3656,3.8074,2
-0.13327,2.6806,3
2.3954,-1.9302,3
2.5607,-2.7249,3
2.9484,0.90926,3
1.8538,1.1372,3
0.46344,2.9155,3
3.6135,2.4054,3
0.58733,-0.69604,3
3.2545,1.133,3
1.1744,1.4977,3
3.3259,2.5059,3
3.5554,4.314,3
-1.4882,0.94335,3
1.1247,-3.3707,2
5.3286,1.1288,3
0.093901,-0.52505,1
0.55464,0.6276,3
-0.38862,-0.30034,3
-3.9353,-1.4813,3
5.0245,3.3159,3
0.6023,-0.036166,2
3.5442,2.967,3
3.8936,4.4799,3
2.4232,2.8654,3
4.8579,5.0664,3
3.8087,4.4201,3
2.3823,-1.2321,3
3.2996,0.78086,3
3.1147,3.9307,3
5.1189,2.7967,3
3.9884,0.12145,3
0.43007,1.082,3
0.19844,-0.012653,3
2.1709,-1.456,3
0.82511,0.11758,3
0.46681,-3.2046,3
2.4409,3.467,3
5.5406,-0.23893,3
0.29079,0.61095,3
0.50224,-0.22311,2
-1.4644,2.2554,3
2.6977,1.73,3
1.3526,0.67039,3
1.6729,1.9306,3
-1.3402,1.5208,3
7.3391,7.5418,3
5.5136,2.9447,3
1.7599,-0.78253,3
-0.059765,-0.92436,3
2.9345,1.3525,3
2.1454,4.7089,3
-0.42696,-0.29489,3
1.2606,2.1463,2
-2.434,-1.7625,2
3.9948,3.6059,3
5.2705,4.8409,3
5.9828,2.0266,3
1.925,2.8968,3
-0.3973,2.6712,3
2.1589,5.0238,3
0.84827,1.4018,3
1.557,1.0514,3
1.0578,3.0247,3
3.1951,-0.21504,3
3.4345,0.16453,3
6.3082,5.063,3
3.6132,3.3123,3
3.5143,4.0962,3
1.9997,3.8662,3
2.9192,3.431,3
0.88951,-3.0671,3
2.3808,-0.94495,1
1.7933,2.4096,3
-1.9881,1.0318,1
1.0077,0.1314,3
0.54537,4.1046,3
0.33953,3.7104,3
1.0181,4.3783,3
3.3146,-2.0014,3
0.53895,1.5019,3
1.3484,2.5894,1
-0.59749,2.9287,3
-0.26187,1.7352,3
0.47652,2.1461,3
4.6269,3.1486,3
2.5351,4.2039,3
2.3634,3.833,3
0.80038,-3.2261,1
4.2424,4.5554,3
-1.8789,3.483,3
2.9016,6.8929,3
0.52523,3.7286,3
2.5313,2.8819,3
0.10188,2.8589,2
-3.8502,-2.7481,3
3.4476,1.74,3
3.5612,5.6116,3
0.98853,0.16222,1
2.6856,1.0898,3
0.15932,-0.99453,2
0.51349,-0.62335,3
1.3917,1.6529,3
3.2032,-0.39693,3
5.8326,-2.0296,3
1.9299,2.7784,3
-0.23208,-0.7489,2
2.8547,0.50873,3
5.9894,3.6902,3
-1.8444,3.2913,3
-0.70534,0.31058,3
1.8849,3.3796,3
3.3103,0.29065,3
-0.31514,3.6585,3
1.1359,1.5717,3
4.5406,-3.1021,3
-0.99202,-0.64699,1
5.2623,0.83057,3
3.0295,3.1264,3
3.8053,-0.71937,3
-0.19007,1.5953,1
4.6448,4.4472,3
2.8312,2.6665,3
6.0037,-1.9238,3
-1.0124,4.2095,3
2.0678,2.3862,3
0.37226,-0.05146,3
2.5109,0.37744,3
0.92967,3.01,3
3.669,1.9817,3
2.4192,3.1783,3
5.0559,2.3923,3
-2.2604,2.7576,3
-2.2242,-2.3687,1
5.4738,5.0791,3
-2.4372,-5.5592,1
-0.12838,-0.98172,2
-1.3629,1.0251,3
3.9549,0.59121,3
2.1393,4.713,3
3.3571,3.4895,3
2.2946,1.1601,3
3.0783,3.2019,3
2.036,1.5894,3
1.564,5.8656,3
0.97,5.1357,3
-3.5969,-0.77427,1
3.9792,1.761,3
2.4765,1.9427,3
-1.8159,1.4854,3
-2.0745,-1.1126,1
7.0632,3.639,3
6.057,5.0554,3
0.20417,1.2066,3
0.0080345,1.9759,3
3.7862,2.2213,3
2.9496,0.14408,3
1.6077,-3.236,3
3.697,4.6695,3
0.68578,-0.70007,2
1.5537,3.091,3
1.2539,2.0558,3
2.8963,8.0755,3
2.4011,-0.26043,3
-1.6647,1.2211,3
1.2148,2.61,2
2.0299,2.2993,3
1.8488,-4.4317,3
6.4835,2.2959,3
0.68708,4.122,3
3.0419,2.8942,3
2.0144,-0.49316,3
3.8747,-2.4217,2
-0.83744,0.59741,3
-1.0509,-3.0113,2
-2.1938,0.3767,3
-0.11423,1.4869,3
3.5897,1.1338,3
2.6789,4.1772,3
1.4604,3.2831,3
2.1323,5.1742,3
0.62961,1.7045,2
0.74717,-2.5625,3
-3.2384,0.74211,2
-1.5049,1.4392,2
0.47556,-0.36991,3
-0.78486,0.020531,3
0.49701,3.9798,3
-2.5932,-5.7875,2
-4.053,-1.4784,2
1.8898,1.2173,3
2.1678,2.8653,3
1.9881,3.2302,3
1.3054,2.2107,3
3.2345,3.4894,3
3.1498,-1.2407,1
-0.32302,2.2575,3
-2.2661,-3.1649,1
5.0706,1.4631,3
4.8354,4.1756,3
0.98181,0.10144,1
0.075096,1.02,3
1.629,1.4481,3
-0.60784,-4.3151,2
2.3993,2.0719,3
2.0255,-0.032986,3
-0.29689,1.8384,3
-1.4069,4.3432,3
1.162,2.3395,3
2.5597,4.153,3
1.614,6.4714,3
2.976,0.18302,3
-4.4687,-3.8263,1
5.5802,2.7398,3
-0.58744,-0.7628,3
1.7763,3.878,3
-1.9695,5.293,3
5.1247,5.835,3
0.26676,4.3917,3
2.7173,3.363,3
0.73644,-0.40433,3
3.3636,0.50747,3
3.7267,3.6032,3
-5.8306,-5.5961,1
0.48648,2.7114,3
-1.3789,-3.9825,1
0.25825,5.7671,3
1.6893,2.0874,3
5.7606,-0.93163,2
2.4829,2.7019,3
2.9731,2.8044,3
3.5868,4.6651,3
4.5156,3.0073,3
0.92412,-0.59132,3
2.9207,2.3204,3
3.8749,1.8723,3
1.8148,3.1257,3
0.061051,1.6431,3
1.5428,2.5203,3
5.5822,4.0423,3
3.4376,0.86369,3
6.7555,1.2533,3
-0.8222,-0.12362,3
2.5179,0.78193,3
1.286,2.3286,3
2.353,0.25798,3
2.2318,1.7781,3
5.6853,3.4653,3
-0.47654,2.7805,3
3.8343,3.3571,3
-0.14536,-3.1064,3
0.18329,-0.4025,2
3.7804,-3.1236,3
1.388,2.5032,3
4.7875,1.2121,3
0.48714,2.5916,3
-3.752,-7.0332,1
2.7922,1.1898,3
-0.39871,3.8856,3
-0.81958,2.472,3
1.6567,3.547,3
-1.1977,3.5021,3
1.7508,3.0808,3
2.0382,4.4413,3
4.0028,-1.8418,3
-3.1647,-2.4236,1
1.175,0.91101,3
2.2284,5.0003,3
4.0236,1.6557,3
0.55453,1.4314,3
2.3852,0.085083,3
3.8426,3.0195,3
5.5079,3.2382,3
1.0078,3.2938,3
6.1622,3.3218,3
-3.2281,-4.0622,2
-0.68166,0.75985,3
4.173,-0.79268,3
2.4331,4.3949,3
4.3455,1.7732,3
2.2044,1.3018,3
-0.42835,-1.1137,3
0.48435,2.1865,2
5.7856,0.48599,3
3.6207,5.5167,3
3.244,3.1914,3
5.5535,5.53,3
3.4518,1.0002,3
1.5073,0.97279,3
-0.26427,1.1888,3
0.94699,-2.2022,3
-1.6028,0.013842,2
3.5423,4.5093,3
-0.1775,-0.12413,3
2.0068,3.7997,3
-2.3027,1.2681,1
1.9511,3.9595,3
4.2073,1.7895,3
0.83413,3.8366,3
-2.2336,0.65266,3
2.0145,1.0159,3
1.8467,0.22297,3
0.031612,-0.51528,3
-4.3829,0.59205,2
2.0065,4.1253,3
0.54536,6.0452,3
2.3348,1.5285,2
0.065072,-0.36146,3
3.5668,4.3788,3
3.731,4.3195,3
-6.2445,-2.9727,2
3.5977,1.0004,3
1.5879,3.359,3
5.5043,3.1841,3
-2.0608,-2.0586,2
5.6729,3.5585,3
2.2487,0.45961,3
0.9063,2.5564,3
3.9257,1.2241,3
-0.74948,1.4463,3
3.6901,3.2176,3
3.4758,6.3121,3
0.035123,1.2784,3
1.944,0.56275,3
5.3305,0.92257,3
4.9968,6.6365,3
3.7941,2.0719,2
2.9341,-2.3112,3
2.6764,2.0106,3
3.0251,2.5228,3
3.3505,-1.4758,1
3.1784,2.2118,3
-0.85319,3.6793,3
1.5574,2.1016,3
3.282,3.741,3
0.14909,1.1194,3
2.6922,-0.23253,3
0.72856,1.9189,3
2.9743,-0.51881,3
2.3948,4.4201,3
3.6119,1.4175,3
-0.26323,1.3092,3
5.6165,0.21409,3
4.867,5.0013,3
0.73706,2.7979,3
-0.306,-2.4254,1
1.1616,-1.9425,3
1.9999,5.6201,3
0.41248,3.8097,3
3.0542,3.1101,3
3.6159,-2.9943,2
2.3338,-1.4332,3
1.8239,-0.75685,3
6.0033,1.6384,3
1.1916,1.4454,3
2.8813,1.1285,3
2.699,-0.55586,3
0.45954,2.7733,3
2.0069,6.1223,3
-0.75559,3.385,3
7.5109,2.5617,3
3.8121,2.9024,3
-0.98153,-0.57008,1
-0.4089,2.3207,3
0.78487,3.2386,3
1.6872,3.5958,3
3.0164,2.4394,3
1.9068,-0.908,3
-3.3226,1.0919,3
4.2253,1.2849,3
3.6236,4.6289,3
-2.9337,-3.1196,2
-2.0853,-1.1517,1
8.3465,1.1683,3
3.4261,0.10622,3
2.7527,5.455,3
-2.2813,-2.17,2
3.0022,4.3574,3
4.3331,4.0806,3
-0.41723,3.2108,3
1.1864,0.99598,3
0.61526,-0.70081,2
0.74644,2.0321,3
1.9519,1.0294,3
2.4169,2.3401,3
3.6104,3.6383,3
0.61126,3.2436,3
-0.055957,-0.026329,3
-1.4331,1.2429,3
1.9034,4.1121,3
-4.4127,-3.7808,1
-1.0873,3.9105,3
-1.2141,-2.2831,2
-4.7437,-0.59028,1
0.52445,3.3523,3
2.6932,3.3161,3
3.118,6.3773,3
0.79697,-1.4589,2
-0.43138,-0.59835,2
-0.68512,0.65633,2
0.82529,1.2692,3
0.92556,6.1961,3
2.6491,3.8722,3
3.3371,-0.27403,3
1.9548,0.8272,3
2.6593,3.7555,3
2.512,2.3913,3
3.7369,4.8766,3
-1.1616,1.1888,3
2.7035,2.7323,3
-0.82129,0.51843,3
-4.9878,-5.2153,1
1.7312,1.0064,3
-0.20886,2.368,3
0.48848,1.8804,3
0.60075,3.5307,3
8.8368,2.8961,3
1.774,4.2573,3
1.0093,0.58663,3
4.7845,4.2199,3
-2.5781,1.943,3
2.5548,0.99011,3
1.6365,4.4539,3
-2.2442,4.0837,2
6.83,2.1846,3
1.2056,1.1247,3
1.2905,4.0848,3
1.1722,-1.3924,3
-3.0937,0.92143,3
3.4749,-0.45382,3
1.7375,-0.51254,3
-2.3761,-3.9203,3
1.296,0.34955,3
2.8622,-0.018497,3
0.81812,4.1262,3
1.3662,-2.5256,2
4.2211,3.126,3
-1.2242,0.0013879,3
2.7635,1.1534,2
2.1667,1.4596,3
3.3251,1.8674,2
3.8613,-1.7999,3
-2.4344,1.4137,3
2.3472,0.98242,3
2.3495,0.8376,3
-0.421,1.0072,3
0.29777,1.0038,3
3.9096,2.0204,3
2.4928,6.3292,3
1.2675,3.7463,3
2.5214,4.8416,3
3.8539,-0.8263,2
6.866,6.7704,3
-0.95635,0.14844,3
-1.8943,1.285,2
2.7548,3.5877,3
0.31967,0.31851,3
0.76145,7.5717,3
0.16056,1.2491,3
8.2876,2.8318,3
2.6356,-1.5832,3
0.37313,0.64688,3
-2.8015,-1.4478,3
2.5312,3.3286,3
2.7367,0.69122,3
1.335,7.9682,3
-4.5822,3.9988,3
3.7295,1.9953,3
-3.0575,0.6483,2
-4.6487,0.25163,3
4.084,4.4059,3
-1.7005,0.39249,3
3.5042,3.8074,3
2.148,1.2217,3
2.1054,-0.36939,3
1.7877,-0.47377,2
3.0001,0.28085,3
3.3133,3.4423,3
-7.3706,-1.3711,1
0.82378,-0.39674,2
-0.73202,3.2134,3
3.2406,3.5716,3
3.4421,5.2581,3
2.7299,3.2578,2
-0.24392,0.3414,3
-0.92395,3.2206,3
0.20082,1.359,3
-1.8551,0.23496,3
6.7411,-0.66326,3
0.55178,5.0623,3
2.0079,1.3356,3
2.4926,3.3744,3
5.4262,2.8349,3
1.5458,-0.99796,3
-0.19949,1.281,3
-2.1509,-0.48518,3
1.3179,2.1505,2
3.861,-2.1485,1
3.4557,-3.6875,2
1.7282,4.6349,3
1.8792,0.81385,3
0.050106,0.45139,3
0.52064,-1.2117,3
0.26824,3.0645,3
1.1482,3.7344,3
4.182,3.6473,3
2.5752,3.0539,3
5.3999,0.38019,3
-2.6707,-2.5722,3
1.4041,0.15527,3
0.15105,1.9824,3
0.57416,1.7972,3
1.9685,2.1976,3
2.2151,2.0768,3
5.4317,1.9874,3
4.237,-0.64979,3
4.6354,2.28,3
4.4781,3.0307,3
-2.028,-1.2535,3
1.5935,-0.007901,3
1.8377,2.3862,3
-1.56,2.6208,2
4.2732,5.3049,3
-2.3837,0.21202,3
0.70835,0.76507,3
-1.9954,2.0788,2
3.1813,-2.378,3
2.8293,2.0122,3
1.3597,1.6103,3
-0.11499,3.4415,3
-0.12694,3.1067,3
1.1282,1.0629,3
5.6498,1.2769,3
3.4132,-1.6888,3
2.36,2.7938,3
-3.7064,-4.2167,1
1.8577,0.28277,3
3.1634,3.486,3
-0.71416,-2.4534,3
0.71088,2.7992,3
0.58675,-2.9365,2
3.5619,-0.71494,3
4.8826,1.3768,3
4.819,2.8151,3
-1.1674,2.5727,3
3.9363,3.8435,3
7.8985,4.3744,3
4.2796,2.2945,3
3.2505,3.8277,3
-1.64,2.0832,2
0.49157,-0.37079,2
4.8155,6.9397,3
4.0924,3.3488,3
-1.4732,-0.1753,2
1.0352,-2.2495,3
-4.037,-3.2493,1
0.42018,0.36355,3
0.29876,4.9486,3
-0.57064,2.283,3
1.6802,1.8925,3
4.3798,2.4895,3
0.20514,4.5222,3
-2.5068,2.7142,3
-0.60338,0.41587,2
2.2826,6.465,3
2.3345,-2.5486,3
-0.14687,2.1281,3
1.6283,0.053814,3
-0.94815,3.0497,3
4.528,4.5088,3
3.2669,-0.60533,3
-1.2774,1.5472,3
6.429,1.2419,3
6.8716,3.3673,3
2.5587,1.2603,3
3.7765,-1.2243,2
-0.38865,0.65061,3
1.4307,0.83335,3
3.1013,0.74078,3
3.3895,1.3014,3
-0.033426,3.9209,3
4.2338,1.5522,3
4.3999,0.38156,3
1.3084,0.64579,2
2.2868,-0.26839,3
1.5034,2.4031,3
0.99475,1.6638,3
6.5603,1.9527,3
3.1275,3.0921,3
3.4135,0.96123,3
-1.2571,0.23075,2
3.3273,-0.8757,3
1.5041,-0.29811,3
1.9444,2.1965,3
-1.984,1.7514,2
-0.78236,-0.23549,3
1.0878,1.1012,3
0.2489,0.63292,3
2.9333,7.4439,3
2.8272,-0.063365,3
-0.42772,1.8313,1
2.3654,-0.69874,3
3.4461,3.5054,3
-1.7647,2.1782,2
4.6909,-1.8655,3
7.5584,4.0028,3
0.032666,1.6564,3
3.7156,3.7801,3
-0.94235,4.1536,3
2.0794,2.5226,3
-0.043765,3.5526,2
5.786,1.0143,3
0.42454,5.377,3
2.787,1.4798,3
1.9603,2.5727,3
6.6644,1.8545,3
-0.40707,-0.49052,2
-0.37841,0.83747,3
3.3353,0.64178,3
-4.9291,-0.96386,1
-0.65284,4.643,3
4.8971,-1.9483,3
0.057377,1.9039,3
-1.2476,4.9523,3
-4.4233,-0.83283,3
0.24125,1.2131,3
1.7028,5.0524,2
-0.36576,0.36384,3
1.626,1.2376,3
5.4318,5.413,3
2.1844,3.378,3
1.0149,-0.18636,3
3.6691,2.6972,3
4.3292,1.2651,2
-0.86651,-1.6926,3
5.2237,2.9947,3
-2.8019,-3.6623,1
3.7845,1.5494,3
2.223,3.1815,3
6.2091,1.8467,3
3.6339,1.1785,3
1.0673,-0.54472,3
-0.75992,4.8,3
1.0527,1.1344,3
4.6565,0.083845,3
2.3614,-2.6348,3
0.30159,-1.7248,1
0.051968,7.1653,3
0.98253,-0.78965,3
2.611,2.1089,3
1.4375,-0.46661,3
5.3793,0.6773,3
4.6795,5.0338,3
5.2194,2.239,3
-0.7748,3.6064,3
-4.6306,-3.311,1
3.3323,6.6444,3
1.9238,3.3859,3
2.9613,0.98898,3
2.1262,-1.1338,3
0.75807,1.1757,3
-5.5219,-3.8405,1
6.961,0.80739,3
-0.17476,3.1738,3
-2.3223,1.9017,3
0.73351,1.7197,3
1.5597,2.8284,3
1.53,1.2972,3
-0.069816,2.4478,3
0.62089,1.9131,3
-1.1768,-1.4623,3
1.9182,4.0558,3
1.1942,4.2336,3
1.5251,2.4043,3
-0.43912,0.33795,3
-0.7898,0.53777,3
5.2737,3.7444,3
0.12002,0.97131,3
-0.70478,-1.6248,3
0.022607,0.51066,3
1.0545,0.99914,2
3.7626,5.3818,3
3.885,2.4144,3
1.5041,0.17694,3
2.9849,-1.1382,3
4.9045,1.6811,3
3.1413,1.2914,3
5.7058,3.5412,3
4.1226,1.687,3
-0.95428,-0.27928,3
0.19469,5.0275,3
3.5433,-3.7439,2
6.1999,4.0029,3
3.2103,0.081808,3
0.38328,0.64688,3
-1.2467,0.52642,2
0.62512,0.17236,3
3.0308,3.2876,3
4.1174,-2.0074,3
-1.071,4.4959,3
3.4681,0.98264,3
4.1685,5.786,3
-1.8555,-4.6891,1
0.16627,-0.20965,3
-1.375,3.6697,3
1.3071,2.3489,3
4.7748,3.6508,3
-0.84786,-0.86472,1
0.28125,2.5582,3
-0.90872,-0.78871,1
0.18787,0.68901,3
2.4016,0.56498,3
0.038737,0.31862,3
4.1831,0.15156,3
2.63,1.1306,3
-3.7721,-3.3557,3
0.98168,4.2692,3
2.2876,-0.15777,3
4.107,-0.26912,3
-0.8226,-0.83322,3
5.0567,1.2527,3
1.4844,-0.86965,3
4.2587,0.11449,3
1.5937,-0.33514,3
-0.34667,1.7037,3
-0.69899,-0.48769,3
-1.6459,-0.22415,2
2.8183,4.4138,3
1.5055,-3.4186,3
-0.75574,-2.461,3
-2.9598,-1.9389,2
-0.69675,2.6059,2
1.1075,0.3801,2
0.61968,-0.18595,3
6.0082,0.73681,3
-5.8433,-1.9332,2
0.59086,2.2474,3
0.15019,1.5299,3
2.3305,3.2483,3
4.0017,0.62481,3
-0.97068,4.0555,3
-1.8527,4.4923,3
-0.051685,-4.324,1
-1.5151,0.27894,2
0.67119,-0.86591,3
0.60617,2.6893,3
4.3632,1.8617,3
1.3236,-1.9199,3
2.6809,2.5976,3
3.4245,2.0405,3
1.7973,3.7006,3
1.6132,2.999,3
1.9028,3.3076,3
1.5303,1.6736,3
1.1228,4.9188,3
1.4987,6.158,3
2.2359,0.42482,3
1.6567,3.1336,3
-0.16994,5.5536,3
3.1537,0.98306,3
2.2098,10.408,3
3.453,3.9813,3
-1.4038,0.53259,3
3.3865,5.8386,3
-3.1271,-0.029639,1
-2.4675,1.9128,3
3.5221,2.7525,3
0.54526,0.47905,3
1.4118,1.2713,3
-1.9609,-0.75504,3
0.72742,2.1576,3
2.7723,3.0251,3
-1.0212,-1.4009,3
2.6582,-5.3324,2
3.6403,1.5955,2
1.5382,1.4475,3
2.7675,6.4763,3
0.38241,1.9554,3
0.87823,3.3284,3
2.4454,5.9486,3
1.6339,1.6196,3
6.1781,2.2241,3
1.1411,-0.62767,2
-0.82036,-1.4048,3
-0.11645,-2.038,3
1.7764,3.2253,2
-0.3563,0.86017,3
-1.8953,3.9908,3
1.1359,-1.3039,3
1.2128,4.0542,2
-1.9572,2.7731,3
6.8576,4.7333,3
-0.53296,-2.9897,2
4.136,1.7782,3
-0.011802,-1.236,3
1.9808,0.52026,3
2.4468,0.76932,3
3.1953,0.46751,3
-7.6745,-1.1991,1
0.20839,-0.82832,3
4.7282,2.8668,3
0.53665,-0.818,3
0.25848,-3.1645,1
5.3958,-0.37623,3
0.4711,-0.94173,3
1.5341,6.7944,3
0.60132,-0.86789,2
-0.34135,0.22954,2
1.7313,4.8338,3
2.757,3.5173,3
3.1801,1.7963,3
0.43991,0.061687,3
-2.3007,-1.9345,1
3.1499,3.5594,3
-3.478,-0.92295,1
4.8816,2.4874,3
-0.5099,-0.19148,3
4.9298,3.6891,3
1.1172,3.2783,3
2.1447,0.17053,3
-3.3406,-0.54851,3
-1.8169,2.889,3
-1.5058,-4.0207,2
4.5788,2.1192,3
3.7736,1.4727,3
3.1387,1.2059,3
3.9296,2.5061,3
-1.8565,-1.1017,2
-1.2338,2.7804,3
3.4347,5.4892,3
1.0315,-1.6162,2
4.4713,4.0985,3
2.9822,4.6826,3
1.7283,3.4184,3
5.9173,3.7984,3
4.1026,2.0872,3
2.7324,-0.44616,3
-3.1718,-2.6284,1
-2.5345,-0.70773,3
0.68769,-1.6707,2
1.9889,-1.5822,3
-1.1251,-3.4351,2
4.3545,4.8703,3
-1.8234,2.7085,2
2.4668,1.963,3
1.6393,1.6649,3
-2.5823,-1.216,2
-1.2693,-0.80734,2
-0.1839,3.8602,3
1.4218,1.4192,3
4.6263,0.003186,3
-3.6695,-0.61855,1
6.0336,3.3451,3
1.3948,0.68937,3
2.0198,-1.9868,3
2.8455,-2.6558,3
5.269,-1.7167,3
2.2758,1.7263,3
0.14259,1.6038,3
0.30032,1.1597,3
5.4887,6.4751,3
1.7508,0.68852,3
0.0045527,2.1622,3
-0.9743,0.30412,3
2.7947,5.3605,3
-2.1115,-0.025187,3
6.7692,3.3958,3
1.8775,2.9097,3
1.4552,-0.45816,3
3.7136,-0.69481,3
-2.8247,-2.751,1
-0.091327,2.2321,3
2.2312,-1.3282,3
3.4292,1.8257,2
2.4796,2.1778,3
-0.56244,-1.1402,2
3.8345,-0.88267,2
1.5942,2.513,3
2.0468,0.067046,3
-1.6727,-1.0126,3
-0.9693,1.7059,3
-1.272,1.8015,3
2.9345,2.5572,3
3.0628,1.9257,3
3.5056,-2.6629,3
4.6753,2.0624,3
-1.7333,3.8716,3
-0.69981,2.8666,3
-0.10088,4.0905,3
3.6691,2.8338,3
2.2216,2.5006,3
0.69827,0.043963,3
1.8107,0.21419,3
3.0961,0.71918,3
2.5297,4.9223,3
-1.0354,3.211,3
2.672,-1.097,2
3.4149,0.18646,3
-1.3167,0.074393,3
0.38617,5.0021,3
0.9103,-1.801,3
2.003,3.0735,3
-1.0152,-0.32064,2
3.224,2.9382,3
-0.33595,4.2943,3
1.6001,0.79119,3
3.5066,-1.0205,3
-1.2252,0.6799,3
2.268,5.8577,3
-1.7157,-0.10186,3
2.7527,1.7831,3
2.0959,3.3278,3
0.16917,4.1524,3
-1.1918,2.2196,3
0.86643,2.7844,3
3.9179,-0.80834,3
3.4742,4.3695,3
-2.0239,-0.99859,2
3.4648,4.3867,3
2.6426,-1.0048,3
2.9085,-1.6138,3
0.29383,0.24943,3
-0.053126,4.3036,3
2.1815,8.4895,3
1.5644,2.3655,3
1.038,0.8995,3
4.627,1.0692,3
2.2041,1.6227,3
1.6661,-0.12835,3
-1.8416,-1.8161,2
1.8087,0.73128,2
4.026,-0.53493,2
-1.2816,0.67102,3
4.9078,1.4269,3
-0.51441,-0.56069,2
-3.2594,-0.68458,1
5.3047,0.55901,3
4.8037,3.8178,3
3.6357,3.4672,3
-1.1601,1.9403,3
0.8583,1.5238,3
0.062169,-1.9701,3
5.2844,4.6126,3
2.8141,6.5267,3
-2.8436,-2.7749,1
2.5787,-1.502,3
-4.1606,2.7522,3
5.0205,-0.29575,3
4.5048,6.6988,3
2.8812,1.1175,3
1.8974,0.40921,3
0.64422,3.288,3
-0.55995,4.0273,3
5.223,4.0935,3
2.4743,2.3163,3
0.85703,3.3079,3
1.1474,-2.0641,3
2.2114,1.8125,2
5.4155,3.7253,3
-0.74264,5.2932,3
-0.6802,-3.3386,3
2.3782,3.6394,3
5.4258,0.8455,3
1.6032,3.147,2
1.4707,1.548,3
2.8326,6.2926,3
2.2813,1.4159,3
-2.0445,-0.96966,3
-0.95336,3.0078,3
1.6022,1.8898,3
7.4148,2.7504,3
6.1636,1.1415,3
-2.7717,-3.367,1
0.14167,3.095,3
3.5173,6.845,3
4.8995,1.1516,3
2.9658,0.52209,3
2.5052,1.405,3
-2.7209,-0.035789,2
-0.89678,3.6377,3
1.6839,2.5595,3
4.2349,2.1034,3
-4.0662,0.4115,3
2.8468,1.1716,3
0.98307,1.8607,3
-1.5943,-0.014747,2
3.1383,2.0337,3
2.2925,5.116,3
-0.16659,-0.25773,3
1.4311,-2.4643,3
2.0213,3.4157,3
-2.3292,-1.9875,1
-2.6701,-1.9022,1
3.2635,3.5147,3
2.4837,3.4569,3
1.2161,2.7683,3
1.1115,3.8554,3
3.4387,2.3924,3
3.5719,-0.94049,3
0.14634,4.8037,3
-0.22561,-0.019877,2
2.0714,4.364,3
2.9521,0.80263,3
-1.3541,-0.69285,3
3.3811,2.3137,3
2.7713,0.76739,3
2.6677,3.7474,3
4.2802,3.6216,3
2.3896,0.99455,3
2.9227,4.7408,3
1.8406,4.8425,3
5.0138,5.7792,3
3.8457,-2.9916,3
3.6546,2.1454,3
1.8785,1.8623,3
3.2061,-2.0354,3
7.6466,1.8319,3
1.5124,2.3245,3
1.3617,4.2818,3
0.79311,3.6094,3
2.9298,4.8957,3
0.66869,1.1056,3
-1.0743,1.2038,3
4.7358,1.505,2
0.92519,3.0152,3
2.1368,1.3521,3
-1.5863,-2.3742,3
3.4765,0.13262,3
3.6878,4.4034,3
-0.0096493,0.17108,3
5.2982,2.5893,3
5.5296,3.2294,3
-4.5973,0.22235,2
4.4652,2.9859,3
0.81497,5.6932,3
2.5665,3.4635,3
3.9911,3.4383,3
3.3654,1.9844,3
3.4544,-0.56394,3
-2.7206,2.9669,3
1.3113,3.136,3
1.4045,2.0593,3
0.0027381,-0.73148,2
-2.4503,-1.8923,3
0.31629,5.0353,3
2.2224,0.85037,3
4.7043,2.2856,3
1.3287,0.06581,3
1.4727,3.4992,3
-0.55097,-1.5304,3
-2.3847,0.31598,2
3.5405,-0.77754,3
-2.532,-1.0643,3
3.6138,4.0557,3
3.5208,1.2602,3
2.4098,3.8523,3
3.3372,7.5295,3
0.96513,0.52642,3
3.318,0.42559,3
1.7987,3.3271,3
0.89383,3.4752,3
0.18081,4.2722,3
3.2322,-0.62245,3
3.4728,4.9327,3
0.3711,3.9387,3
2.1962,1.0471,3
2.2317,3.1324,3
-0.79792,2.8106,3
1.6168,3.131,3
0.32624,0.098764,3
1.943,2.0771,3
1.0029,2.555,3
1.7412,2.8894,3
1.3581,3.4653,3
-1.742,0.64765,3
3.308,7.7377,3
4.7615,4.3664,3
0.60856,-0.98629,3
4.7656,2.4152,3
3.0928,4.231,3
-0.7859,1.3848,2
2.3592,1.4666,3
-2.0617,-1.566,3
5.4141,4.482,3
2.281,1.896,3
3.0322,1.7459,3
1.8567,1.2785,3
4.0889,4.7452,3
3.2874,2.1636,3
-0.67755,-1.699,2
-0.35365,0.22797,3
-0.0065885,1.7229,3
2.1749,0.067936,3
1.3245,2.2503,3
2.2547,-0.52631,3
3.6736,-0.75007,3
4.6369,5.6809,3
-5.7712,-4.3275,1
3.2356,0.96046,3
2.4947,-3.9511,2
5.2098,5.0206,3
2.1239,2.1913,3
1.4713,2.185,3
-1.2643,-0.24178,3
-0.84628,1.0541,3
2.0589,1.3011,2
3.5892,1.8378,3
0.79819,2.5496,2
1.4651,2.528,3
3.0403,3.6615,3
4.1901,6.1286,3
3.0822,6.5744,3
0.2803,-1.7265,3
2.9274,3.4945,3
-1.3794,-1.6768,1
1.2834,4.0804,3
2.4582,-1.0413,3
0.53211,-2.123,3
1.6141,-2.0192,3
-1.6808,1.2791,3
0.91245,2.4651,3
0.95431,-1.4699,3
1.5646,2.8644,3
5.1205,-1.4082,3
-1.8443,-0.31909,3
1.6385,0.56685,3
2.1174,1.4129,3
2.8543,0.14655,3
2.7816,-1.6433,3
1.9597,0.85078,3
-4.3436,-3.5133,2
3.8906,1.2599,3
1.9733,-0.25438,3
1.8918,1.3084,3
3.1238,6.5923,3
0.62075,4.0973,2
2.2703,1.9568,2
3.5699,4.2717,3
-2.2917,0.026258,3
3.7613,1.7237,3
-0.95099,1.4582,2
4.907,1.6054,3
4.7964,-0.52923,3
-4.3066,-1.1406,1
2.7735,2.4561,3
2.7413,0.52184,3
0.37333,3.0745,3
1.2412,-0.094198,3
2.9981,1.4836,3
3.834,2.5699,3
-4.1084,2.1741,3
0.5464,0.18439,3
2.077,2.7218,3
5.1156,4.0248,3
4.869,3.9153,3
0.8433,2.0565,3
3.9731,0.76814,3
1.905,4.0198,3
-0.80752,-3.7096,2
-1.7422,1.0767,3
-1.2042,-1.2912,3
1.7532,2.9893,3
2.4824,0.6285,3
4.0152,2.2747,3
-2.3374,2.9084,3
6.0574,2.4196,3
0.95352,3.7199,3
6.5209,6.3915,3
1.9395,-3.9661,1
0.13311,3.0864,3
-3.1871,2.0115,3
0.13441,2.393,3
2.045,-0.42522,3
7.3598,3.6747,3
7.0906,1.465,3
2.9181,4.7933,3
2.6508,3.5687,3
2.902,1.2455,2
1.844,-1.9952,3
-1.4531,4.3573,3
-1.5225,0.39477,3
-2.7441,0.58056,3
1.6684,2.8267,3
1.7745,3.8225,3
5.1056,0.55208,3
1.3305,1.0027,3
1.6128,1.7001,1
1.8973,-0.4966,3
1.7243,-0.58269,3
2.2157,2.7421,3
1.7768,-0.22411,2
0.23525,-1.4157,2
-1.2602,0.85278,3
0.43948,-0.82421,2
-3.3183,-0.050179,3
1.8272,0.58379,3
4.2921,1.9699,3
4.0134,3.4998,3
5.8045,1.8297,3
3.7712,1.4778,3
0.54868,1.6688,3
4.241,2.9699,3
6.3974,1.5108,3
3.9968,5.7914,3
-1.1134,3.7989,3
2.7288,0.39568,3
-0.30224,3.1303,3
-0.85644,3.9839,3
0.57987,3.2204,3
-1.1888,-0.093404,2
3.2381,2.0914,3
4.0357,1.3637,3
4.8214,2.371,3
4.584,0.30913,3
1.5126,5.0456,3
4.8357,-0.81566,3
2.0425,0.32297,3
2.2376,7.1734,3
3.8381,2.8587,3
2.0158,5.6287,3
-1.9037,-0.73259,3
4.777,1.494,3
6.6258,6.2981,3
-0.41086,5.7966,3
2.5549,0.71715,3
3.7911,2.7458,3
0.68228,-2.7105,1
3.675,0.29218,2
-0.61931,4.3366,3
3.102,0.3379,3
0.45699,-1.5297,3
1.4239,2.7112,3
-0.87197,3.9177,3
1.9543,-0.31934,3
2.1309,5.5747,3
0.83994,5.0171,3
2.8234,2.1528,3
0.36414,1.0201,3
1.886,4.5521,3
4.2349,3.4954,3
3.8921,-3.4805,3
-0.90042,3.3883,3
2.9322,-1.1478,3
1.8331,1.7347,3
-1.1168,-0.66326,3
2.9673,-0.11899,3
0.36527,1.3798,3
7.4048,2.7322,3
2.161,4.5493,3
4.6964,2.765,3
4.4382,2.3442,3
2.0942,1.9779,3
-0.35044,4.6952,3
0.5809,5.7002,3
2.9276,-1.5033,3
1.9727,4.1533,3
1.7608,2.9784,3
2.7277,2.7275,3
4.3573,2.8627,3
-0.54092,1.4265,1
2.5437,0.10681,3
0.51118,0.31258,3
-0.29869,1.4172,3
1.2356,1.0948,3
2.1478,4.7021,3
-1.1177,-2.7549,2
-0.17906,-3.4475,2
2.8134,2.932,3
2.1683,-1.6487,3
3.4461,4.5318,3
1.8379,7.1146,3
1.4433,6.1223,3
1.3439,2.4246,1
0.37538,0.18402,3
3.55,4.2806,3
3.5149,0.32526,3
5.6804,3.808,3
4.8385,0.46903,3
-1.7242,-1.9303,3
3.5084,4.3139,3
5.0228,2.8983,3
-0.73906,-1.0315,3
-1.7328,-3.3198,3
3.2593,1.2801,3
3.2563,1.3868,2
1.71,6.6048,3
4.9232,-0.20375,3
2.7409,3.3701,3
-3.0512,-4.1575,1
7.6516,4.0612,3
1.0448,2.1618,3
1.1977,4.2412,3
-1.8609,2.7954,3
0.40987,0.30266,3
2.2856,1.6044,3
3.2968,3.0794,3
-1.0687,0.88367,2
0.035253,-1.146,3
2.1257,-0.94522,3
1.6186,-0.72183,3
-4.128,-0.060557,3
0.63499,5.4584,3
-0.37391,-0.71086,3
1.5836,0.26802,3
0.61798,-2.3545,3
1.5618,5.4042,3
2.7289,7.5673,3
5.3465,-0.31299,3
-1.6009,-3.9397,1
3.5982,0.82563,3
-0.77563,4.4767,3
4.7109,-1.0113,3
-3.1134,-2.1971,3
0.090259,1.6134,3
-3.8046,-4.0652,1
1.8806,-0.50188,3
-4.1443,-3.9566,1
2.6598,1.0051,3
2.3364,1.6756,3
5.6818,0.033606,3
-0.044353,1.0776,3
2.7121,1.0448,3
0.99274,-1.3051,3
1.6086,2.508,3
-2.7903,3.7978,3
4.9449,4.1094,3
-2.4733,1.8052,3
3.8165,1.9516,3
6.7942,3.9885,3
1.8237,3.3307,3
2.3635,6.592,3
3.9577,0.78523,3
-0.84506,0.72595,3
2.6965,-0.77716,3
3.0033,0.69276,3
-0.65695,-3.8405,2
0.9553,-2.3867,3
0.62231,6.3593,3
1.9691,-0.38448,3
-1.4862,0.84287,1
2.7765,5.3387,3
-0.95285,2.2155,3
4.1167,1.6901,3
0.44323,-0.85317,3
-2.7223,1.1531,3
0.37394,0.3987,2
6.8535,0.75549,3
1.3737,1.9204,3
0.60575,3.2138,3
-0.86442,4.7831,2
1.5361,1.9788,3
0.57487,1.1178,3
-0.97979,0.95884,3
1.8443,3.7202,3
-1.8408,-0.3692,2
2.5479,4.1629,3
3.152,5.5377,3
5.7572,1.3891,3
0.087309,1.2504,3
1.6862,3.2323,3
3.5681,3.7364,3
-0.068926,1.9233,3
-0.67567,4.7247,3
2.9509,-0.054531,3
0.93227,4.9486,3
1.4807,1.7881,3
3.6452,3.0006,3
0.53864,4.4417,3
0.19626,-1.8342,3
1.4848,5.5532,3
4.9507,-0.40215,3
2.4817,-0.20996,3
1.9007,1.6768,3
6.1176,3.3616,3
3.5091,6.0718,3
3.1931,1.9278,3
0.56468,0.79785,3
-0.24185,1.315,3
3.836,5.9834,3
-1.5092,1.0473,3
-2.2769,-1.2897,2
-0.23946,1.2601,3
-0.30939,1.9526,3
-0.073543,0.54506,3
0.98413,0.43157,3
4.0501,3.0501,2
5.9024,2.0432,3
-0.98978,5.8353,3
3.0738,1.1073,3
3.6088,-1.3414,3
0.002647,3.4772,3
2.8907,1.9824,3
3.3321,2.6644,3
2.7035,4.5094,3
2.8966,5.6958,3
1.0213,2.5503,3
-1.0089,-1.7608,3
-0.071312,4.3825,3
-1.0075,-1.1614,3
-0.33346,2.3911,2
1.1327,1.3874,3
-5.3437,0.44611,1
4.2675,1.0262,3
2.2709,4.2736,3
0.91656,5.8153,3
-3.8583,2.7236,3
0.42334,1.4389,3
0.19228,3.1838,3
-4.3267,-1.4698,2
2.2852,1.1809,3
1.0417,3.0865,3
-0.039247,-0.13259,2
2.8095,4.8032,3
1.8161,7.661,3
0.041449,2.9683,3
1.0241,1.0591,3
1.5956,0.018576,2
0.56614,5.6387,3
4.2092,4.4562,3
3.9261,1.1022,3
-0.76318,-1.9336,3
2.2996,3.6799,3
1.9202,-1.3638,2
6.2734,3.8702,3
4.9179,3.6283,3
0.48403,-1.069,3
-0.087458,1.4657,3
2.2855,1.0033,3
2.5941,-2.4062,1
1.7037,0.21626,3
5.4337,0.63579,3
4.2733,2.2029,3
5.8124,6.5349,3
-3.1742,-9.5112,1
3.872,5.6128,3
2.0425,0.036648,3
2.7057,-0.49859,3
-3.5554,-3.7735,2
3.9075,3.5073,3
1.2488,2.7604,3
1.5834,2.7416,3
3.862,2.0634,3
-1.8825,1.9433,1
3.922,0.080948,3
-2.335,-0.8668,3
1.8731,3.3752,3
6.2277,4.7846,3
0.44322,2.0802,3
0.25984,4.5539,3
1.5362,0.16086,3
-0.29964,4.0998,3
1.1738,0.37033,3
-1.3227,-0.3367,1
0.20032,-0.95476,2
3.8071,5.8054,3
1.8611,2.5079,3
1.8701,-4.5844,3
-0.2571,-2.2087,3
1.9614,-0.89224,3
1.8308,0.47321,3
-0.419,2.4765,3
-2.3025,1.1516,3
-0.88959,1.2821,2
3.588,1.3846,3
0.17535,0.0627,3
-0.26907,0.16354,3
-0.38641,0.23934,2
-3.2075,-3.6536,2
-0.24222,2.3537,3
2.2211,0.82403,3
2.7698,2.124,3
4.0988,0.74446,3
4.6516,2.7254,3
-2.1065,2.7892,2
3.9754,1.8829,3
-1.5403,2.3829,3
-0.30283,1.5734,3
4.7378,1.3195,3
-4.1348,-4.0973,1
1.672,0.36226,3
3.7866,2.5202,3
4.4037,4.397,3
2.6424,1.7225,3
1.8123,2.026,3
5.7814,4.5308,3
2.6961,4.4169,3
-0.7182,4.2124,3
4.7089,1.1192,3
3.6452,-3.8918,3
-1.8882,-1.4609,2
4.8711,-0.6748,3
-1.2671,4.0592,3
0.50765,1.8946,3
1.0045,3.428,2
1.9642,0.86785,3
2.2258,2.7103,3
2.712,2.9395,3
0.62178,1.4295,3
4.1451,1.3563,3
2.6739,0.2171,3
2.2651,4.2331,3
1.8418,-0.45185,3
1.1004,0.070816,3
-0.24094,2.856,3
4.9852,-2.9785,2
2.9353,3.2126,3
2.5499,1.9849,3
-3.3366,-2.3613,1
2.05,-0.44748,3
3.4409,4.8321,3
4.1124,-2.564,3
-0.36671,1.8586,3
-0.76521,-2.0047,3
3.6835,1.3163,3
3.1742,4.5724,3
5.736,3.1389,3
2.8553,-1.603,3
1.6465,-1.2403,3
5.6846,4.9563,3
3.9533,1.0959,3
5.2375,3.1407,3
1.6306,-0.5172,3
0.80286,1.531,2
3.2819,-1.3141,2
0.45902,0.063256,3
-3.5591,-2.3593,2
-1.3822,0.6678,3
2.2945,4.1076,3
1.6097,-0.51606,3
3.3235,0.81302,2
4.1744,0.19967,3
3.1098,2.9932,3
5.8031,-0.0025244,3
3.0596,4.5238,3
-3.2544,0.38301,3
1.5162,4.1985,3
4.7982,-2.006,3
0.68258,1.0302,3
2.1224,0.70376,3
2.8228,4.1203,2
2.0776,-0.10936,3
-4.7787,-0.93906,1
5.9517,3.6934,3
3.3829,2.0067,3
-1.2909,-0.064599,2
4.7072,3.5533,3
-0.877,-4.5176,2
2.3664,-1.6355,2
0.47153,2.2092,3
-0.52297,-0.44806,2
-1.3118,4.4011,3
-1.7734,-5.4395,1
0.7424,1.1531,3
4.0371,3.3463,3
1.4103,1.6955,3
0.91643,2.7352,3
3.3939,-0.4619,3
1.8592,3.4526,3
2.9406,6.5107,3
-0.0048728,1.8367,2
1.2141,-0.39718,3
2.7141,2.5752,3
-0.39546,2.0525,3
1.8929,2.8201,3
1.5587,3.0922,3
3.8971,4.3436,3
-0.19859,-4.1518,2
1.2439,1.17,3
3.3816,6.2121,3
2.4224,6.3907,3
-1.8203,0.32193,3
1.7151,0.32979,3
1.8781,3.9821,3
-0.44304,-0.99467,2
-0.088591,1.0341,3
-2.5536,2.3103,3
-2.4014,-0.14224,3
4.7304,1.2987,3
-0.87686,5.1557,3
-2.5198,-2.1414,2
5.4723,6.5489,3
2.4491,0.44442,2
1.4939,0.053091,3
-0.23856,3.4132,3
-3.9758,-6.3783,2
2.2216,1.0233,3
0.27525,2.0523,3
0.31918,0.96355,3
1.58,2.3696,3
2.6338,1.6085,3
-5.0064,-1.9903,3
3.7768,-2.3793,3
-3.4004,2.576,1
-1.4523,-1.5303,3
1.9779,3.1153,3
-1.5776,1.8324,2
3.5569,-1.9815,3
2.2491,3.5207,2
1.9776,-0.21995,3
5.4754,2.4288,3
-0.46456,-1.4571,3
4.4698,0.1923,3
4.2299,7.3871,3
-1.0876,1.5571,3
2.8191,1.8148,3
3.5647,1.1105,3
2.9829,2.0265,3
1.131,3.5931,3
4.4361,3.0012,3
3.5401,3.9753,3
2.6551,3.0211,3
1.425,0.79848,3
-0.5515,-0.4175,3
0.49598,-0.20665,2
3.2516,5.0545,3
-3.8602,-3.0574,1
-1.2838,2.0514,3
0.66247,-0.31944,3
1.4391,-1.4293,3
0.60216,2.9136,2
5.6864,5.8215,3
1.9646,4.9662,3
4.2282,2.8706,3
4.6713,5.6302,3
-0.22817,-0.65699,3
4.0422,0.41032,3
-0.097726,-3.2145,2
-0.54769,2.9371,3
3.8078,3.2084,3
2.7564,4.1386,3
5.5703,4.323,3
1.2435,2.1353,3
1.8429,1.3005,3
1.1974,2.1962,3
1.7709,2.1792,3
2.3603,1.1813,3
-0.71819,3.7876,3
4.4394,2.8593,3
3.2115,1.037,3
-0.43767,-0.21886,3
7.9662,2.1915,3
4.2367,4.7087,3
2.7206,3.1351,3
6.9906,2.8597,3
0.77288,-0.79996,2
-0.96647,0.45265,2
-0.40365,3.9118,3
-2.3947,4.2784,2
-1.1275,-2.7616,1
4.4786,2.9694,3
4.9009,0.090936,3
-0.40435,-0.82296,3
3.4519,1.8175,3
0.57298,4.7193,3
3.3229,2.1939,3
3.8946,2.934,3
-3.0658,-0.70646,3
2.8357,1.8498,3
2.8395,2.4327,3
0.24905,3.863,3
-2.7669,1.6506,1
-4.5613,-1.5617,2
5.3475,1.177,3
2.5611,0.20318,2
3.4909,1.1568,3
-1.8783,-3.1833,2
2.4978,2.9021,3
-2.1088,2.6405,3
2.0481,1.051,3
1.38,-2.126,1
7.6491,3.4754,3
3.2718,5.3524,3
3.171,-0.41223,3
3.3705,3.5541,3
3.0378,1.6681,3
3.3266,3.154,3
3.6326,2.2713,3
1.3462,0.085966,3
3.7029,5.1913,3
2.7967,1.3886,3
-0.74176,2.3743,3
3.6151,-1.5578,3
-1.8325,-1.0023,2
-3.5574,0.52958,2
2.3765,4.5798,3
0.48934,-0.83504,3
1.5091,1.754,3
1.7014,-2.3504,2
-0.44768,2.728,3
4.6595,2.3798,3
4.8385,3.6413,3
6.2318,6.2872,3
1.3418,1.0888,3
0.74397,4.8659,3
2.496,-2.7164,3
0.50149,-2.5963,2
2.9166,2.4695,3
3.5091,0.60218,3
1.107,3.6552,3
2.4621,-0.83065,3
3.0666,-1.4726,3
-1.35,4.7636,3
1.7028,3.8302,3
1.2939,2.3013,3
1.4754,3.8368,3
7.3879,3.6942,3
-0.9239,1.6366,3
3.5848,-0.36479,3
-3.6324,-1.3163,2
4.341,0.61057,3
2.187,2.8547,3
1.5948,0.088676,2
4.9887,0.99217,3
-0.25536,1.2436,3
3.1536,3.6825,3
4.2257,2.1223,3
0.043927,3.303,3
5.0941,6.1354,3
1.0342,0.14511,3
0.40875,4.7671,3
-0.086017,4.0655,3
2.0328,0.73496,3
-1.5284,-3.5317,1
0.50288,-3.9397,3
-0.52382,-1.9055,3
3.8463,2.3126,3
1.1348,2.0409,3
0.57314,1.5673,3
-1.6502,-0.22156,3
2.1178,2.9616,3
3.9152,2.6096,3
4.3597,-1.0603,3
-0.88374,-3.2001,3
3.1892,4.4261,3
-1.1554,1.5441,2
0.57544,0.45946,3
3.9884,0.78604,3
0.43274,2.0172,3
3.1283,1.3996,3
-0.23427,-0.17839,3
0.84422,3.4382,3
0.54387,1.0484,3
1.6196,-1.5412,3
3.3453,4.969,3
1.6894,1.5076,3
1.699,0.50642,3
3.1426,4.3169,3
1.4685,3.229,3
1.4331,0.87792,3
-0.62929,1.5652,2
1.8451,1.6039,3
-0.23975,2.8237,3
3.0798,3.7142,3
1.2544,3.1627,2
5.6102,1.0599,3
3.9712,3.5014,3
0.31829,2.4214,2
-0.3481,0.58356,2
2.3968,-0.25439,3
-0.063599,0.0094302,2
1.8695,-0.71917,3
4.3262,1.8521,3
5.6174,4.256,3
5.1628,0.039037,3
1.3831,0.35946,3
-3.1732,-6.6468,2
0.77086,4.1483,3
1.1357,3.1977,3
2.9017,1.5045,3
2.7664,4.3859,3
3.1349,4.4064,3
1.7379,-1.1428,3
4.2277,2.729,3
2.1959,2.8697,3
4.1269,4.0639,3
2.04,1.2624,3
3.2083,-3.5025,3
1.7768,3.5033,3
1.9717,-2.1615,3
1.9392,2.3763,3
0.74725,2.4664,3
4.6415,4.2385,3
-0.18086,4.7608,2
1.6905,6.055,3
-1.2846,-4.8155,1
0.065939,5.8212,3
2.977,1.8003,2
1.9165,1.2004,3
2.9068,2.5798,3
2.1507,1.5862,3
2.1807,5.2088,3
3.0427,3.1881,3
-1.2937,1.4839,3
1.1454,2.7585,3
5.1139,2.6289,3
-0.36175,3.0269,3
4.8181,3.1053,3
0.89154,2.4844,3
-0.37816,-1.7099,1
-1.8664,-0.61357,2
-2.407,-2.6542,1
1.3221,7.532,3
2.9807,2.2217,3
0.46292,1.7877,3
3.4264,6.6533,3
4.7244,3.9672,3
-1.716,1.1193,1
-2.4985,3.6949,2
-1.4824,0.79641,2
-0.078699,-1.766,3
5.1548,3.6782,3
3.1466,1.4433,3
2.7819,-1.4844,2
1.4473,1.5039,3
2.4522,3.9721,3
0.55165,0.87886,2
-1.1798,1.3045,3
1.9239,-1.7735,3
-0.4742,-1.4602,3
0.10246,3.834,3
1.7451,4.8788,3
7.5726,4.8385,3
-1.2824,0.19773,3
-1.0842,0.64736,3
-0.64817,0.49944,3
0.69641,1.8613,3
-0.34919,-0.02604,2
5.7392,3.0762,3
1.9256,-0.62496,2
1.9611,0.64768,3
2.5782,3.046,3
-0.27992,3.0781,3
-4.1355,-6.3624,1
2.0959,1.8824,3
1.2695,-4.6408,3
0.91813,1.8418,3
6.0255,1.0322,3
0.0084836,-0.77866,3
1.042,7.332,3
3.6771,0.19288,3
4.4059,3.8292,3
2.8365,4.7132,3
-3.6962,-1.2137,1
-2.0936,3.6326,3
1.9513,1.9718,3
2.4065,-1.1041,3
4.7388,-0.33494,3
2.7308,0.86484,3
0.17904,1.1348,2
0.38114,1.4749,2
3.1159,4.0448,3
5.0487,3.0983,3
2.9849,1.692,3
6.305,3.8276,3
-1.9577,-2.3947,1
0.65216,3.1492,3
-1.4812,2.3093,3
6.8525,0.39418,3
0.46985,3.8953,3
1.7682,3.5871,3
4.8657,3.0699,3
2.4809,2.3452,3
4.9994,4.2871,3
-2.9028,-4.752,1
3.7644,-0.044884,3
-2.2271,-6.0251,1
5.7341,-1.619,3
-0.27505,1.3786,3
2.8302,4.4987,3
1.0797,-0.19057,3
4.3408,0.77689,3
2.4682,1.6466,3
-2.1973,1.589,3
-3.4111,0.93554,2
2.2024,1.9217,3
-2.5908,-2.0319,2
-1.6393,-1.5948,3
-0.7155,0.63113,3
-2.999,-1.0674,1
-0.38265,1.5174,3
1.6158,-0.24929,3
-2.8402,0.22624,3
4.8604,3.9604,3
5.7938,3.7691,3
-0.24361,2.0616,3
3.068,2.6714,3
4.8693,2.7247,3
0.37893,2.7625,3
4.0582,2.4089,3
-0.80293,-0.6429,3
3.2975,8.1408,3
6.4631,3.1943,3
4.3975,2.0182,3
-2.2355,0.26367,3
1.8088,0.46597,3
0.088739,0.31816,3
-1.3729,2.5176,3
2.0263,0.63491,2
3.8384,6.7482,3
9.4938,6.4129,3
3.8578,0.27153,3
1.7878,-3.9403,2
0.82261,1.1722,3
0.77706,5.0039,3
3.1667,2.2344,3
3.0625,0.68478,3
1.4715,3.1962,3
2.2904,3.6908,3
2.8275,0.60496,3
-2.6423,1.8845,3
2.2184,-2.1801,2
-3.2538,-1.1212,2
0.49434,6.2431,3
3.1095,0.50071,3
-2.7798,3.0545,3
4.148,6.6908,3
3.1579,1.0061,3
2.484,-0.42848,3
0.52783,0.50459,3
-1.9465,-6.0997,2
5.4308,6.4373,3
-1.986,-0.58966,2
3.269,2.7943,3
-0.087325,0.44481,2
3.3054,1.4694,3
1.1089,1.147,3
0.078944,-0.40852,1
-0.80597,0.090903,3
1.8556,3.6287,3
5.8569,2.3293,3
0.27573,3.4503,3
-0.80992,2.8147,1
4.8769,0.021081,3
1.3028,2.4241,3
1.91,3.4271,3
1.8121,5.2012,3
0.60501,3.3045,3
3.6258,5.9479,3
-2.1326,2.7791,3
0.714,1.3976,3
0.95738,0.46211,3
1.2712,1.1631,3
-0.60752,-2.594,1
-2.9628,2.8431,3
1.9436,-1.3358,3
1.1276,-1.1378,1
2.4741,2.3042,3
-1.3509,-6.2101,1
5.951,2.9942,3
4.6116,4.3627,3
1.5557,3.8616,3
1.7251,3.9346,3
1.753,-1.2074,1
3.5383,-1.1114,3
0.81948,-0.49831,3
-0.64065,5.0761,3
-0.0021208,-0.16386,3
2.6724,5.7422,3
1.0271,0.5605,3
1.9445,1.5256,3
3.1522,2.5985,3
-2.9474,-1.0924,3
3.8103,-1.0642,3
1.9073,3.8583,3
3.4844,3.9845,3
1.0012,2.6187,3
-0.49032,1.4763,3
7.94,1.6508,3
4.0331,1.3823,3
1.983,4.7974,3
3.1943,0.053874,3
1.3099,5.3853,3
6.6777,0.69297,3
4.6828,8.0397,3
-2.9344,-0.38816,2
1.4453,2.0415,3
-1.5793,1.6809,3
3.0538,-0.93971,3
1.2553,3.2959,3
1.6705,3.6194,3
7.2787,3.0205,3
-1.4411,2.9076,3
1.4253,-1.6208,3
-0.77036,1.5904,3
0.38205,-1.7244,2
2.4797,1.5897,3
-1.018,-2.567,2
3.413,1.9195,3
0.9422,-0.3682,1
2.5279,3.9559,3
-1.4934,-0.63399,1
3.654,1.6703,3
2.9748,2.3034,3
-2.8163,0.10671,1
4.079,4.5341,3
7.023,4.2828,3
3.7283,-2.1084,2
4.7828,-0.49904,3
-0.57724,-0.89435,3
-1.5157,3.8099,3
3.6922,5.2531,3
1.7068,0.64628,3
0.5505,-0.61266,3
0.60228,-0.39993,3
-0.93637,-1.812,2
3.8917,3.0709,3
2.1383,3.4476,3
1.0327,0.65919,1
2.1318,2.9811,3
0.21679,1.9554,3
-0.53105,1.9205,3
6.2147,4.5497,3
3.4829,2.5668,3
-1.6691,0.0943,3
1.0229,2.7248,3
0.68835,1.5298,3
1.3493,1.5587,3
0.51288,4.0681,3
1.8587,-0.21251,3
-0.52632,0.18056,1
5.8039,4.0605,3
-1.3017,-4.9756,1
-1.0946,4.7082,3
1.9475,-3.5523,2
-2.3259,2.3123,3
0.1884,4.199,3
-4.327,-5.5529,1
3.2894,0.51603,3
-1.6545,0.66514,3
1.1152,-0.3928,3
-0.14911,3.2207,3
6.8743,2.1012,3
-1.2439,7.5577,3
2.359,2.5394,3
1.2449,2.6019,3
2.5891,-2.3855,2
-2.6151,-0.31106,3
3.4863,5.3749,3
5.2742,5.3746,3
1.0065,0.26209,3
6.5182,6.5727,3
1.3478,-2.9325,2
2.5097,-0.063469,3
3.0136,-1.2352,2
0.82536,1.6899,3
3.4233,2.9369,3
1.854,3.0175,3
3.1325,2.3434,3
4.6538,5.318,3
3.2125,4.7163,3
1.095,3.766,3
-1.0119,0.30927,3
-0.92211,-0.09556,3
2.0847,5.385,3
3.9018,2.5543,3
4.3183,4.4694,3
2.8287,-0.82117,3
-2.6922,0.043891,2
-0.13978,0.21937,3
-0.75051,-0.42457,1
2.6668,-0.5473,3
2.3617,1.3024,3
0.14982,0.94581,3
-3.1656,1.6678,3
2.241,4.3431,3
-1.0384,1.6276,3
2.659,1.8236,3
-0.75939,2.1043,2
3.3531,-0.80291,3
0.55661,1.2384,3
2.056,0.49179,3
4.409,-1.6124,3
-2.1023,2.498,3
-3.57,3.5505,1
1.7682,0.34367,3
1.7826,1.4652,3
2.8942,0.51677,3
-0.068156,1.8532,3
1.2707,-1.3561,3
3.7905,1.1909,3
0.85034,3.0344,3
2.2431,2.006,3
1.5229,1.5449,3
1.4696,-2.3828,3
3.6664,3.8279,3
4.6421,2.6356,3
2.9513,1.8575,3
1.0873,3.4484,3
0.57581,4.4455,3
1.7692,2.1395,3
1.7081,1.8121,3
-0.96502,1.6684,3
1.9357,0.52174,3
-2.4823,-0.90291,2
1.2367,4.014,3
1.8439,1.1976,3
3.2718,3.6671,3
0.57239,-0.029939,3
2.0427,6.4549,3
1.7513,-4.9767,2
3.0195,1.5564,3
-0.50849,4.5609,3
-0.26246,2.1861,3
5.4954,5.7259,3
1.2562,4.1737,3
5.3933,3.4698,3
3.6707,3.9977,3
5.3411,1.5301,3
1.8993,4.4868,2
7.4425,3.1798,3
1.7656,-1.0719,2
5.4592,4.4299,3
3.681,6.2092,3
3.842,5.2575,3
4.017,2.0282,3
0.49344,1.8169,3
2.6604,0.60379,3
5.6785,2.5762,3
0.57173,3.9736,3
-1.2535,2.1509,3
0.83893,1.2125,3
5.8511,6.5521,3
5.4426,6.3664,3
1.2352,3.0269,3
3.9072,3.4374,3
1.2643,4.6937,3
0.74282,2.6737,3
4.8587,6.8712,3
2.2187,1.6708,3
-1.0811,-2.9518,3
7.0084,4.506,3
1.9266,1.0442,3
6.5267,0.32056,3
-0.33345,6.0855,3
0.043075,-0.47641,2
4.5992,3.9097,3
3.5158,4.7853,3
7.8619,3.2965,3
-2.5251,-0.22712,1
-2.1052,2.5397,2
3.0497,-1.5678,3
2.1926,-0.75769,3
3.2643,3.5411,3
-0.5539,0.38854,2
1.4514,0.20461,3
1.0143,1.482,3
0.57634,2.9341,3
2.8829,-1.2504,3
5.4655,0.42468,3
2.0409,0.012364,3
0.44458,1.1424,3
-3.1739,4.7061,3
0.74436,3.3745,3
-0.20027,3.9752,3
0.69561,-1.9579,3
1.1009,5.0578,3
-1.0141,1.9269,3
-0.086788,2.1336,3
-0.18133,2.2655,3
5.0236,4.3446,3
4.6952,3.1004,3
0.51013,-0.89549,3
3.9918,1.5379,3
-0.41264,2.1906,3
