2.5739,4.2767,3
-2.7045,-0.30987,2
0.92958,1.6076,1
1.1332,0.50357,2
-0.4719,0.76203,1
-3.4773,-0.097475,2
3.0569,4.8544,2
-0.46729,-4.3638,1
5.1792,2.7723,2
-2.7075,1.8199,1
2.8323,-1.2704,3
0.72601,-1.5492,1
-1.1945,-1.9854,2
-1.6844,-2.1976,1
0.23004,-0.63534,2
3.5037,-1.4272,2
4.0293,5.1492,3
0.8178,-1.94,2
-2.6141,-2.7122,2
3.0091,-1.9242,3
1.5083,0.58807,2
2.9501,-0.35706,3
-0.23946,1.4956,2
-0.25802,-1.4866,1
2.0279,1.5839,3
2.6665,0.20201,2
-0.1537,-1.3184,1
2.9119,-1.7663,2
-0.54878,1.0184,2
-2.5679,-3.5439,2
3.6385,-1.7513,2
1.1633,3.8235,1
-1.1202,-0.44969,2
3.2624,-2.3632,2
-0.25083,-3.8667,2
-1.8817,1.2659,1
0.60676,-0.61807,1
-1.125,3.1096,2
-5.8473,2.3852,1
1.187,4.1761,2
-1.4363,-0.38844,1
-4.62,-2.0916,2
1.8243,2.8365,2
1.2565,0.94818,2
1.2843,0.82475,3
2.86,0.68373,3
1.9759,0.31079,3
-1.2534,-2.0287,2
-3.4123,-3.5219,1
2.4038,2.2771,2
-2.6837,-0.099807,2
1.4058,5.561,2
0.75173,0.33152,3
2.0332,-2.0966,2
2.2482,1.1459,2
4.454,3.4302,2
1.482,4.3525,2
-0.56226,0.68646,2
-1.4662,7.0227,3
1.7861,-3.1321,2
2.501,0.25062,3
-1.8553,-3.8822,2
-3.742,0.12908,2
0.31085,-5.4015,2
-0.9823,-0.91384,1
-2.1245,1.0248,1
-2.8565,0.89797,3
2.1282,3.2928,3
-2.4588,0.46496,1
0.72906,-1.1406,2
0.58964,1.3573,2
2.0093,2.5024,2
-1.3647,-0.70283,2
-2.0668,-0.056593,2
3.2048,-2.2097,2
-1.473,-0.4179,2
-3.8724,-2.1286,3
-0.57886,3.5261,1
0.70788,0.66209,2
-2.6049,-1.1278,2
0.55703,0.72008,3
-1.4612,-3.8394,2
3.0518,2.5289,3
0.079051,-1.1555,2
2.5099,2.0759,3
0.42512,3.7463,3
-2.041,-7.4162,2
-1.369,3.028,3
0.76672,-3.4369,1
-4.4588,3.1726,1
-0.44056,0.084648,2
-1.0158,-7.5588,2
6.2616,2.0062,2
3.2282,0.39358,2
-0.83991,-2.7031,2
1.4708,0.41013,2
2.0532,-3.5362,3
-0.28377,2.8362,3
1.3836,-1.51,2
0.27324,0.82347,2
-3.3674,-1.3563,3
1.6744,-1.824,1
-0.32557,3.43,2
1.7487,0.86573,2
-0.20264,2.3044,2
3.321,0.84026,2
-0.68624,1.4487,2
1.5274,1.2668,2
1.2229,2.5383,3
-1.5973,-4.811,1
-3.7038,0.41373,1
-0.28652,-3.0689,2
-0.53803,-1.062,2
-3.0666,0.43865,1
1.7259,-1.0909,1
-1.515,-0.97456,2
1.8309,-1.2843,3
3.7605,-0.82153,2
-0.043482,-1.4719,2
0.069155,-0.20886,3
0.8092,0.051102,2
-1.5412,-1.5411,2
-0.40162,-2.3912,2
-2.9066,3.8059,2
-0.96958,-3.9698,1
0.32972,-1.4306,1
1.8783,2.2578,2
2.5659,-3.2259,2
5.9267,0.55018,2
2.1969,-2.9783,2
-2.5166,-0.96237,1
-1.5131,0.40446,1
-1.3241,0.324,2
-1.7613,-1.1484,1
1.0053,1.5934,1
-3.9527,-2.3556,1
0.30868,0.14073,1
-2.7907,-0.93439,2
-1.9756,-0.29218,2
-6.1377,-3.2401,1
-2.4182,1.6731,1
-2.0162,-0.71128,2
-1.1078,-3.1713,2
1.2264,2.5537,3
4.3573,1.2371,3
2.8207,2.1277,3
-1.6543,-2.1548,1
-1.0005,-0.95442,2
1.8921,2.0626,3
2.808,0.68067,3
3.7798,3.755,2
4.343,2.5036,2
-2.4852,-0.51779,1
-1.8218,-3.266,2
-1.5857,1.6504,1
2.6509,-2.285,2
-3.4544,-1.7949,2
-4.0896,1.1025,2
1.3954,-2.6985,3
1.476,0.53341,3
1.9853,1.0551,2
1.6496,-1.6722,1
-2.2423,3.2136,2
5.5003,5.3425,3
-2.1604,0.68435,2
1.0882,2.4224,3
-0.089096,-0.88318,2
1.8062,-0.13388,2
3.962,0.16781,2
0.63607,-4.0775,2
1.1224,-1.085,2
-5.7635,-5.192,2
0.88119,1.7306,2
3.9103,4.5112,2
0.89936,-1.0982,2
-0.26343,-1.6031,2
1.3294,-2.2198,3
1.005,1.5092,2
1.6029,2.1812,2
0.2353,3.7693,2
-0.85406,-1.8041,1
5.2979,4.3895,2
0.65604,-0.75543,2
-1.4085,0.83088,3
0.44403,-0.81527,2
0.33409,-3.9381,1
-6.0534,-0.16057,1
-3.9609,1.3067,2
-0.48647,-0.9819,2
-2.4518,-3.2369,1
-2.7619,-0.70502,2
-5.5612,-1.066,2
1.5816,1.6936,2
-1.3753,-0.037235,2
2.7895,-0.17593,2
-3.5675,-0.033509,2
-3.4815,-3.1539,1
1.025,2.2118,1
-2.2819,1.2652,2
0.54782,-0.13825,2
-0.17184,1.6989,3
1.3763,-0.5467,2
-1.9848,-5.527,1
-2.2363,2.8812,3
1.0359,-0.33412,2
-0.27411,-2.0399,3
-2.6167,2.053,3
0.84902,4.1165,2
2.1209,3.141,2
0.12537,-1.0445,1
0.21134,-2.1172,1
3.3063,-0.19838,2
0.37296,-6.4221,2
3.1864,-1.0622,3
-0.79663,-1.4249,1
2.071,2.8794,2
3.0517,0.80901,2
0.95529,1.0363,2
-3.5602,-0.75981,1
1.6469,0.3199,2
-0.58065,-0.51672,1
2.5158,-0.9763,3
0.21218,-4.0531,1
3.2015,-4.6559,1
2.5522,0.26567,2
3.357,4.0876,3
0.40256,-0.28581,2
-0.55175,-2.7613,2
0.79401,-3.4862,2
-2.1998,-2.1078,2
2.9879,3.1314,2
-1.078,1.1417,1
0.34236,0.8166,3
-4.0372,2.208,2
-1.6031,1.7687,2
0.57756,-2.979,2
-1.0135,-0.75012,2
3.6303,5.6509,2
-0.58683,1.9684,1
-0.79639,0.18039,3
0.42036,-1.2554,1
0.98821,-0.69726,2
-0.59907,-2.5275,1
-0.94559,-0.22326,1
2.5169,6.4315,3
0.030234,-2.2193,1
-4.3159,0.63113,2
-1.3738,1.4332,2
0.23781,-1.0297,2
1.4585,-0.91772,2
-1.0564,-1.4475,2
0.99436,-2.9055,1
3.9126,2.1511,3
-0.48191,2.0631,1
2.1536,-4.4999,2
0.9483,3.4587,2
-0.56657,-1.6403,2
-1.7898,-0.4958,2
-2.7172,-1.8815,2
0.77861,3.8552,2
-3.4163,-2.8647,3
2.5777,-4.4398,2
-2.1692,-0.36967,3
-0.57538,2.778,1
0.059524,2.0001,3
-1.275,0.28326,2
-1.0664,-2.4128,1
1.9363,1.3169,2
1.1382,6.4406,2
-0.59313,0.10023,2
-1.596,-3.2241,2
-1.1201,0.74825,2
0.63196,2.7908,2
3.0548,3.9571,2
1.7119,-0.023172,2
-7.9054,-3.7098,2
1.1774,2.6035,3
0.74448,-1.3154,2
0.19701,0.79596,2
1.7363,2.5991,2
3.9238,2.6937,2
-1.1135,0.82232,2
-2.3664,-0.51147,2
-0.37037,1.9703,1
1.8558,-3.6524,2
-1.5451,2.3292,3
-1.3117,1.6814,2
-0.30786,1.0331,2
3.0754,2.783,2
-2.2126,1.3577,1
0.48264,-0.020291,2
0.94722,-1.4,1
-1.2582,-3.7039,3
2.9977,-2.829,2
-1.5021,4.2092,2
3.575,-3.5265,1
-5.3577,-0.33437,2
-2.7903,-0.13922,2
-2.3027,-2.9485,1
-1.0255,-1.3148,1
-2.4879,-1.0568,2
1.7974,3.0327,2
-1.0409,-2.5036,1
0.24996,-2.0546,2
-1.2908,1.4642,1
-1.1832,-0.1218,2
1.415,-0.55317,2
-4.3613,-2.1165,2
-0.35877,-3.2822,2
0.99927,1.2967,3
0.23146,2.0682,2
1.1726,5.0749,3
5.8289,5.0113,3
-0.80022,-0.063251,2
-2.1396,-1.5479,2
0.81036,-0.33749,3
1.9142,-2.7952,2
2.5408,-1.7041,2
2.4797,-2.8987,1
-4.3824,-0.55971,1
1.6383,4.0312,3
-3.1844,-2.6577,3
-0.58237,-5.9884,3
0.63135,1.5019,2
1.1554,0.68537,3
-0.99215,-2.4322,3
4.0427,1.6104,2
4.0947,4.7589,2
3.4082,3.0011,2
-0.87556,-4.0524,1
0.36246,-0.3523,1
2.4785,1.5577,3
-0.16527,0.1955,2
-0.55776,-1.173,2
0.93196,0.72391,2
0.98507,2.8924,3
0.88537,-1.7647,2
-1.651,-2.4708,1
-0.48279,-4.0814,1
2.6519,-4.3796,2
-0.60785,1.9119,1
-3.735,1.0285,2
-1.0415,-1.536,1
0.36634,1.9193,2
0.35144,0.29347,2
-0.45573,1.0946,3
4.3293,3.563,2
-2.1718,0.80327,2
2.1931,-2.3731,1
-0.33123,-1.7347,1
-2.8034,-1.3146,2
-1.3404,0.76229,3
-3.2319,-1.1179,2
5.6145,-2.0758,1
1.7918,-2.6171,2
2.2704,-0.19161,2
1.141,5.8167,3
-1.6037,4.6054,1
-0.66049,1.8833,2
1.9786,3.6005,2
-2.1907,3.1955,2
-0.16659,3.5109,1
-4.4579,1.6971,2
1.0476,-2.6538,2
0.37496,0.23502,2
-2.1697,1.5313,1
-0.91731,-1.4231,2
0.21614,0.801,2
-0.64681,-2.6169,2
-0.77992,2.1358,2
-0.51135,-1.1669,3
-2.3394,4.0556,2
-1.2954,-1.2714,2
-2.7671,-3.1673,1
-0.76524,-4.7742,2
2.6321,-4.5461,3
-3.3744,-0.52357,2
2.7942,0.014846,2
-6.0967,-1.5078,1
-2.9133,-2.8828,2
-1.3845,-1.287,2
3.2086,-0.72267,2
1.617,1.2014,2
-1.06,0.48895,3
-1.8403,-1.3253,2
3.6959,3.1796,2
1.6313,0.68578,3
0.39107,2.7317,2
0.36202,-3.9418,2
1.9732,1.7741,3
4.3215,-0.54169,2
-1.6703,-3.4218,1
2.7164,6.0416,2
1.4872,1.8108,2
-4.6498,-5.3713,2
1.7983,-1.4996,1
3.3756,-0.0023442,3
0.074016,2.5098,3
-0.698,3.9659,2
4.2634,0.63259,2
5.2598,3.4488,3
3.3999,-2.0361,2
0.83192,-1.2397,2
0.081181,-4.4484,1
0.35382,0.83921,1
2.6419,3.4517,3
-2.872,-3.7736,2
-0.34807,-0.70922,3
-0.33752,4.7894,2
-4.0933,-0.62204,2
1.1197,-3.4528,2
-2.4948,0.43733,1
-1.8163,0.49575,2
0.28933,-1.8444,1
1.1081,-0.48227,2
-0.91828,-1.4576,2
1.903,1.8289,3
1.8638,-0.77213,2
0.33397,-1.7198,2
0.43315,-1.4728,2
-3.3498,-1.4403,2
3.8631,1.1168,2
2.7672,0.33745,3
1.8121,0.15686,3
-4.0026,-0.34219,1
0.70507,0.21952,1
2.8951,2.9751,2
-2.8903,-3.346,2
1.5207,1.6785,3
0.063375,0.48876,1
-0.93506,-1.6679,2
1.7083,4.3929,3
-0.94959,0.031208,2
-3.0144,-2.1478,1
-0.53767,-5.4229,2
4.6513,-2.7599,2
-1.5559,0.86309,2
1.2519,3.9837,3
-0.90399,2.3731,2
-1.6399,-1.6827,2
-1.0011,0.70189,3
4.7888,3.7648,2
3.4555,5.6203,3
-1.0263,-3.1317,2
0.34078,0.74752,3
-4.8397,-0.70279,2
6.0932,3.296,2
-0.58474,-0.26038,2
-0.14044,1.2383,2
6.1805,1.0716,3
3.0679,-1.613,3
-1.8292,2.1703,2
2.4424,0.1528,2
-0.48578,-1.7359,2
-0.33092,1.7787,3
-0.86432,-5.9063,2
-1.1988,-1.7467,1
5.2098,2.5254,3
-1.3253,-2.8888,2
-3.3386,-1.1072,2
1.3289,0.66242,2
-0.50234,-5.2155,1
0.90433,-4.1874,2
-2.6784,-2.4546,2
-1.5589,0.79492,1
0.18068,-0.49626,1
-3.3571,-1.4442,2
1.8606,1.0613,3
0.77148,3.5894,2
0.052303,3.7128,2
-2.2669,-1.427,2
-3.7029,-2.7253,3
2.3261,-4.2641,2
0.96393,-1.2559,3
0.12724,1.7946,1
-0.92922,3.4301,2
0.11998,1.4099,2
-3.8036,-0.42158,1
-0.74979,-0.21234,2
0.43557,-2.2784,1
-2.05,-2.281,2
-0.52353,-4.1831,2
-0.19499,3.8696,2
2.3845,1.4323,2
-0.60849,1.1619,2
1.3675,-0.26676,2
-3.6285,-0.32568,1
1.3901,0.8153,3
-3.1339,-1.3865,2
1.9346,3.6606,2
-2.535,-1.6901,2
2.4658,1.4425,3
2.415,4.6295,2
-1.5525,-0.72381,2
-0.24819,-0.84814,2
-0.022737,5.7823,3
0.56368,0.81094,3
4.49,-0.8999,3
2.2945,2.1561,2
-1.4824,-1.8282,2
2.535,-1.7968,2
1.9036,-0.27714,3
0.5165,1.0043,2
0.08537,-3.8155,2
-1.9193,-0.005535,2
-1.04,-0.013309,2
-0.31709,-2.0115,1
-4.2677,-2.7251,1
0.58588,-2.2686,3
0.58639,2.9707,3
0.93099,1.6462,1
-2.5222,-1.7564,2
-1.6594,-1.6016,2
0.5131,0.82667,2
-1.6341,2.7745,3
0.1969,1.0231,3
1.5507,6.2167,3
-0.80745,2.2467,2
-4.3819,1.0172,1
-2.2808,-0.0051689,2
-3.3604,-3.0331,1
-2.8998,2.1887,2
-1.2478,-5.4851,2
1.5678,-0.36359,2
-0.25246,-0.48727,2
0.16711,2.7556,3
-3.0815,-2.6581,2
-1.8666,-1.651,2
2.4437,-1.4341,2
0.64179,2.3429,2
2.3096,-1.0109,2
-2.4993,-0.77884,2
-3.3967,-3.5567,1
3.047,0.98207,2
0.18462,-0.032088,2
-0.29591,-1.8572,1
-2.3298,-3.1039,1
-2.8988,-2.6365,2
-1.1709,-1.4161,2
1.422,1.4237,2
-9.5563,-1.5935,1
-3.1358,0.37117,2
1.6813,2.9675,3
6.5028,-0.28331,2
-0.99211,0.070102,2
1.2193,0.65198,2
1.0783,2.043,2
1.9704,-0.91531,2
-0.86215,-1.0378,2
1.5226,0.43766,2
-3.4701,-1.2545,2
-2.3825,-3.8261,2
-1.4777,0.065101,2
-0.44456,-2.7827,2
0.29952,0.38277,2
1.3296,0.51729,2
3.2448,-1.8942,1
-0.52887,-3.281,1
4.4126,3.8803,3
0.28915,5.4364,3
0.80492,-2.0874,2
-0.31424,-2.2802,3
3.772,-4.9849,2
-0.38873,1.2511,1
-1.7666,-1.6437,2
2.0574,1.2708,3
-2.5671,-1.7033,1
-2.5581,3.4254,3
-0.30745,2.2039,2
0.33497,-2.5792,2
-0.20558,-0.26647,2
2.2745,4.107,3
1.5848,1.4727,1
-0.67974,-5.5816,1
0.4532,2.2155,3
-1.6141,0.29299,2
2.6579,2.7721,1
2.4613,-1.6595,3
1.2551,-1.9197,2
-3.7496,2.7647,3
3.1308,3.9573,3
-1.8554,-0.77582,3
0.077946,0.82848,3
-0.879,1.6081,2
-2.3342,-1.2237,2
0.31459,3.9692,2
-0.23555,-2.1257,2
-4.6826,-2.8877,1
-2.1944,-3.8198,2
-4.0994,-0.82146,2
1.3712,-3.2269,2
1.0669,-0.539,2
-0.26357,-0.90596,2
-2.4647,-6.2396,1
-3.7688,2.5022,1
-1.8812,1.6107,2
3.1639,-0.85352,2
-0.033529,0.24236,3
2.1308,0.71294,3
-0.7735,0.42461,1
0.59708,0.1431,1
2.6233,-2.3088,2
1.721,-1.5477,3
-1.9572,4.4761,1
1.575,4.851,3
-1.6951,-2.1649,2
-2.2448,0.38186,2
-0.77315,5.3131,2
1.6317,1.7782,3
5.9009,-1.3184,1
-0.89254,-2.448,1
1.5875,2.9035,3
-1.114,2.0812,1
0.61679,-0.15343,2
-1.9115,-3.0997,2
0.34339,-1.4995,2
-0.082972,2.1972,2
0.84596,-1.2234,2
0.74497,0.71784,2
-0.93499,-1.1707,2
1.2262,0.17407,3
-0.25102,0.59495,3
0.3311,-0.83235,2
-0.36072,-1.0363,2
0.25861,-1.712,3
0.5163,3.3325,3
-1.8393,2.3705,2
-1.5534,-1.4958,1
1.9949,5.4329,3
-1.2569,-0.39209,2
-2.8893,-0.94542,2
-0.76044,-0.65094,2
4.6256,2.9086,3
-1.6582,4.8164,1
-3.4173,-1.0386,2
-1.0843,4.0528,3
-0.45852,0.087221,2
0.29631,-1.0807,2
-2.1219,4.408,2
0.047452,-0.78104,2
1.7878,1.463,2
1.4195,-2.5496,2
1.3811,-0.69376,2
2.6009,1.7101,2
-2.4638,-1.6997,2
-0.43987,-2.9463,2
0.79351,-1.5207,2
1.1959,3.1617,3
-3.8254,4.3724,1
-0.20541,0.59765,2
5.5617,-1.7637,2
-2.5529,-1.1323,1
-1.4281,2.2776,1
-3.3966,0.86136,2
-2.3409,-0.43922,2
4.7506,1.2801,2
-0.0054373,0.9841,2
-0.013553,0.14899,2
5.3623,-0.36212,3
3.0802,2.9074,3
4.4546,3.2016,2
-2.1904,0.99928,2
1.1983,1.7799,3
0.39529,2.6943,2
-1.8239,-1.4348,3
-2.4793,1.6545,1
3.8594,1.4452,2
1.0934,-0.3535,2
-0.12388,0.85744,3
0.97422,1.6111,1
-0.31047,1.702,2
-2.5325,-0.81582,1
-1.8889,0.39769,3
2.4595,-1.9662,2
1.9701,4.3541,1
-1.7579,0.081129,2
-0.12883,-1.2704,3
-2.3432,0.39239,1
3.1371,1.2673,3
3.1868,-4.328,3
0.95022,-0.82622,2
-6.1472,-3.6154,1
1.6583,4.2789,2
-4.4078,-0.56645,2
1.4545,-3.246,2
2.0858,2.3741,2
-2.0421,-2.0823,2
-3.7613,0.91316,1
0.45431,-2.0435,2
0.32323,3.073,3
-3.4089,3.1571,2
-3.9827,-1.3263,1
-0.5117,-0.41806,2
1.6765,-0.3844,3
4.0241,-0.34839,2
-0.99539,-0.17283,1
1.4306,0.51839,2
2.3101,-2.7693,1
0.034538,-1.1224,2
-0.0034622,-1.1777,2
-2.0962,-5.4167,1
1.8438,0.43529,3
0.6096,-2.3219,2
2.0855,-1.8905,1
0.75611,2.018,3
-0.96951,-1.5174,2
2.2175,-1.7741,2
3.8237,-1.9962,2
1.72,2.7881,2
-1.6507,-0.57873,1
0.36053,-0.21713,2
1.0756,-1.2024,1
3.0529,1.0872,2
-0.48848,-3.6748,3
0.28847,1.5213,2
-4.0315,-0.74476,1
-0.63626,1.2184,2
1.7729,1.7199,3
-0.24285,-0.79662,2
1.1163,-1.6923,2
-2.8573,0.79227,2
4.2264,1.4034,3
2.3275,1.1375,2
0.45639,3.5892,3
-0.43518,0.82411,2
0.1406,-0.74232,2
0.18973,-1.4608,2
-1.8192,-0.78959,2
-1.2339,0.89788,2
2.1514,-2.0317,3
-1.4266,3.0721,2
4.8407,-0.3353,2
-2.6619,-3.1211,2
-0.56142,1.3562,2
1.2958,0.91815,3
3.1901,1.9357,3
1.314,-0.25534,2
0.75236,0.45139,3
-0.93327,0.32339,1
0.60666,0.4887,2
-0.68787,-0.27584,2
3.0771,4.2288,1
1.3543,2.0642,3
-0.28319,0.42333,2
0.14471,4.0628,3
-0.52354,-0.79334,1
-3.1607,-2.6531,2
3.4871,2.1465,3
3.8058,-0.50216,3
-0.10656,4.257,2
-1.2861,1.0641,2
2.4764,0.80779,3
1.9122,-0.53021,2
1.8867,2.1658,2
-1.0878,-5.3097,1
0.2943,3.709,2
1.2908,-0.92948,2
-0.22197,3.0875,2
0.66218,3.4674,3
-0.76828,0.78684,2
-0.14939,-0.98333,2
0.54541,4.4114,2
-3.412,2.769,2
-0.57774,-1.5267,2
1.298,1.492,2
0.53914,-3.1976,2
-1.3152,0.26763,1
-2.9159,1.1253,2
-1.5863,1.7508,2
-0.48571,-2.888,2
-0.68396,-1.3141,2
2.9111,-0.23443,2
-0.82299,-0.22984,1
-2.5274,-1.1997,2
0.67056,2.6288,2
-2.89,-0.74825,1
2.0261,0.52811,2
-0.2409,3.6886,2
1.3605,-0.8683,1
2.7582,0.83636,2
0.43935,-2.2326,2
-1.7084,1.2895,3
-4.3458,3.5056,2
-0.21109,2.0518,3
1.5796,1.7211,3
-1.2625,-1.4412,2
3.4201,2.8653,3
4.0194,-2.5678,1
-1.1546,2.1596,1
1.6695,1.0051,2
0.67888,-0.26137,2
2.36,-0.93862,3
-2.1791,-2.577,2
0.021301,1.4035,2
-0.78735,-2.2498,3
0.54738,1.4366,2
-1.8611,-0.40639,1
2.5281,0.30136,2
-1.4527,1.0736,2
2.2669,2.957,2
3.4791,-0.045445,2
-4.1021,-0.14853,2
2.6597,4.4074,3
0.1867,-1.0811,3
2.5663,0.59183,2
-1.0379,4.582,3
-5.4862,-2.1949,1
1.0947,1.354,2
-4.1854,0.36678,2
0.36288,-1.9014,1
-1.1071,1.6964,2
-0.89105,-2.1487,2
-0.18662,2.2365,2
-2.8566,0.47759,3
0.88463,-1.8959,3
2.5802,-1.9259,2
1.466,-1.365,2
-2.0773,-3.2134,2
2.8538,-0.44949,2
1.4718,0.75573,2
0.76341,-1.7651,2
0.55238,0.77439,2
-0.45012,1.4165,2
-0.70293,-2.6145,2
0.65472,-2.9808,2
0.99156,1.7347,3
0.43487,1.095,1
-0.21972,-3.7264,2
-0.71316,1.5963,3
4.2711,0.95847,1
0.061409,-1.8073,1
2.2021,-1.3332,2
1.7487,1.1457,3
-3.8435,1.0896,2
-1.2701,-5.0803,2
-2.9295,-0.78879,2
0.4942,-1.2223,2
-1.6033,3.5931,2
0.085115,-2.1929,2
-1.7087,-2.7081,2
-1.8589,-1.6204,1
3.723,5.6007,3
1.1306,1.1968,3
-1.0724,-1.3844,1
1.6269,-3.6283,2
2.7074,0.13538,3
2.2643,-0.67377,2
-3.5008,-0.75484,2
-1.7445,-5.3637,2
-5.0028,-0.39788,2
-3.9866,-1.1141,1
-1.4694,3.0394,3
-0.64492,2.7993,2
-1.2439,-3.0801,1
-3.3728,-0.71303,1
-0.87742,1.5369,2
-3.6878,-2.8415,2
-1.343,-0.15571,2
-0.54731,2.7797,3
1.3491,-2.891,2
-2.0111,-0.47136,2
-5.9708,2.2635,2
-1.5046,-2.5058,1
0.5404,-1.555,1
1.0243,2.0803,1
2.3371,2.4206,2
-2.9497,-1.9505,1
-1.5235,-0.85154,2
3.8292,-2.7365,2
-0.71487,3.3566,2
0.68726,1.4615,3
-3.1302,2.2117,2
-5.36,-4.0565,3
0.50811,2.3681,3
-4.9772,0.71937,2
0.8436,5.5207,2
-1.6193,2.0862,2
0.098986,0.51958,2
2.5507,1.5376,3
-1.4487,3.1813,3
-2.3798,-2.5556,2
-1.0505,-0.65177,1
1.4411,2.472,2
-1.1513,-2.4044,1
-3.1546,2.3511,2
0.5231,3.5098,1
-0.21496,-3.8889,1
0.068915,1.4124,2
1.3809,1.0532,1
-0.51223,-0.58136,3
3.8374,-1.045,1
-0.48439,-1.0194,2
-1.5716,-1.3722,3
0.4799,0.16927,2
5.6892,1.6349,3
-0.91228,-0.84542,2
1.2444,-2.7373,2
1.5828,3.293,2
0.89806,1.3749,3
-0.61027,4.3394,3
-1.7513,0.69679,2
-1.9313,1.7427,2
-2.4496,-3.177,2
1.0291,-2.377,2
-0.065793,0.065873,2
0.60188,-0.26083,2
-0.30855,2.8092,3
-0.65708,-2.0629,3
3.8937,2.8363,2
4.1265,3.3255,3
0.58423,5.4227,2
-0.30761,3.7097,2
1.7094,2.4262,2
-3.0912,-4.7645,1
-0.70455,2.6215,2
2.9348,3.2882,3
3.2454,-0.55819,2
-2.925,-2.2985,2
0.40782,-2.6671,1
1.9157,-0.75791,3
-0.46152,3.0445,2
1.2898,-0.27184,2
-2.3277,0.31951,1
-1.506,-5.1544,2
-2.2948,-1.1238,1
-0.75462,1.4496,2
1.1138,1.5442,2
1.198,2.4158,2
-0.59851,-6.1656,2
0.093077,4.4772,1
5.4561,1.8888,3
1.7982,3.5178,2
0.99329,-1.9638,1
0.88741,-1.3764,2
1.933,0.49464,1
2.829,-2.813,2
-0.16227,-2.967,2
-3.6771,-2.1276,2
0.50679,-2.5257,1
0.30703,1.6023,2
-0.16563,1.2525,2
-2.3005,-0.03492,1
-3.061,-1.4056,2
2.3327,2.4653,2
0.53214,0.85609,3
-1.2357,-3.5066,2
0.11902,3.7894,3
-1.8543,0.51821,2
-1.3268,-0.062871,2
0.63874,-1.3767,2
-2.4708,-2.9209,1
3.8943,2.4311,2
1.1283,3.3021,3
-1.1061,-1.2594,2
-1.2323,-4.4905,1
1.0213,-2.1339,1
-1.6834,0.14412,1
-3.5557,-5.6818,2
2.0972,-1.2673,2
3.2987,-0.1954,2
-0.58909,0.73186,3
-5.0203,-1.3056,1
0.91248,1.3612,2
-1.8863,1.7073,2
-1.4292,-0.95276,2
1.9009,3.2824,3
-1.8938,1.8076,2
3.6499,1.8308,2
-0.39883,-1.3552,2
3.3414,1.1038,2
-0.29174,3.826,2
2.133,-0.89362,2
0.49041,-2.887,1
-0.49171,-1.4877,1
3.3635,-3.1863,2
1.5884,0.64283,1
-1.1971,-2.2153,2
-2.412,-2.1011,1
0.4901,0.45083,2
-2.7487,-0.86294,1
0.0366,-0.040521,2
0.051307,-0.57424,2
-2.1871,-0.65381,3
-1.5464,0.33704,2
-2.137,0.37036,1
-3.359,-3.9277,1
-1.8129,-2.4663,2
-3.4193,-3.0264,2
-1.044,-0.81897,2
2.9254,-1.904,1
-5.961,-3.209,1
2.5147,1.6879,3
-0.25664,-1.6019,2
-0.69167,2.0575,2
0.73032,2.642,2
3.1159,-0.15144,3
3.1282,2.1791,3
2.7229,1.6447,2
0.38522,0.56708,2
0.87654,1.9786,2
4.2634,-1.1521,2
3.5803,4.4616,3
0.30705,2.0189,2
3.0659,0.30999,2
3.6347,2.0977,2
-4.1279,2.9191,2
-0.93896,-2.4107,1
-1.9482,-2.0853,3
-0.15079,-0.54666,2
-1.1538,1.385,1
0.82177,5.0866,2
-5.3199,-4.7779,2
-0.59409,0.18035,2
-3.4531,-7.5464,1
-0.68057,2.7899,3
1.2304,-2.0903,2
1.9377,-0.60486,2
4.1213,3.3925,3
0.86144,2.3315,3
-0.057053,-1.044,2
3.9005,2.513,3
-0.91631,1.0806,2
1.9709,0.66308,3
2.7783,2.2346,2
0.48086,1.1565,2
-0.89484,5.774,2
-2.3863,-3.2385,1
1.9826,-1.7996,1
-1.7739,2.0618,3
3.0732,0.62386,2
-2.1937,-2.5049,1
0.83516,0.97371,2
-0.39809,-2.2011,1
-3.8666,-2.2404,2
2.2688,1.7953,3
1.3755,-3.6632,2
0.10369,-1.0868,2
2.2318,-2.2959,2
-0.40764,2.034,2
-2.595,1.625,1
-0.22935,1.1132,2
-1.5161,0.46679,2
0.88185,1.3126,2
4.77,0.70709,2
-3.5847,0.40475,2
1.8634,-0.56508,2
3.6216,1.1855,2
0.707,0.28546,2
-2.2113,0.41571,2
-1.7441,-0.33467,3
-3.7037,-1.5459,1
4.2331,0.63408,2
-2.8402,-3.2134,2
2.3979,5.9788,3
-2.3252,-3.8517,1
-0.9058,1.2803,1
2.6918,-0.65848,3
0.79342,-0.22039,1
-2.2356,-0.83206,2
1.7556,0.7365,2
-1.3897,5.4732,3
-0.051724,0.24549,2
2.4861,-0.20629,3
-1.0848,1.052,2
-4.2501,-2.2519,2
3.7722,1.2258,1
0.57683,2.0296,2
0.52511,5.3185,3
0.053683,-0.41185,2
0.85612,-1.5297,3
2.0811,2.1728,1
2.2364,1.3177,2
-0.014235,-0.55178,2
-2.2475,-4.6673,2
-0.67348,-1.6745,2
1.7593,-1.7673,3
0.69729,-0.0074757,1
-6.3843,-4.3083,2
1.3536,-0.21103,3
1.0705,4.7192,2
2.5002,-5.6547,3
0.37862,1.8879,2
1.544,3.5123,2
-0.99372,0.39178,2
2.2076,2.4994,2
2.9514,3.7257,3
-3.2873,-0.19992,1
0.68231,-2.9327,1
0.49174,-0.97938,3
1.9935,-1.1313,2
-0.2354,-2.642,1
-3.4329,-0.66803,2
-1.6991,-2.9646,1
-0.57384,-2.9809,2
4.8327,3.2999,3
-1.1569,0.74087,2
0.50478,0.65337,3
-1.7545,0.53922,2
-2.2202,-4.3171,1
-0.71151,-1.9261,2
-2.0193,-0.99766,2
3.1071,-3.5056,3
3.5029,-0.41869,3
-1.9653,-1.9198,1
1.2492,0.38543,1
-2.2802,0.49307,1
1.0824,-2.333,2
3.6336,2.1287,2
0.33348,-0.57346,2
0.97375,-0.55916,2
2.4431,1.2934,2
0.822,-2.1062,2
3.9845,2.476,2
2.4777,2.7839,2
-6.2985,0.63803,2
1.3144,-0.74371,2
-0.58079,-3.1515,1
0.63089,3.0769,3
1.9213,-2.0947,3
-3.4093,-3.7707,2
0.36404,0.25316,3
1.0852,0.3709,1
0.7882,2.5819,3
-0.42657,-1.2462,1
1.4643,-0.26796,2
-0.44972,1.9045,1
-0.25196,0.86982,1
-5.1463,1.5148,1
1.7518,-0.8085,2
-3.4002,-3.1388,1
-2.3023,-2.531,1
-4.2974,-2.195,1
3.3045,-1.8247,2
2.2396,-0.93151,1
2.7928,0.92665,2
-1.691,0.52046,2
2.3655,0.9035,3
-3.0842,-0.73799,1
-0.36255,3.1185,3
-1.1165,-2.0517,2
0.85279,-0.94226,3
2.6336,-0.63514,2
-2.1453,-3.1537,2
1.1883,4.6435,2
-4.5823,-3.8141,1
0.44268,-0.50603,2
-3.9542,-3.0106,2
-1.9683,-2.4263,2
-1.4271,0.49819,2
-2.8275,2.1861,2
0.34645,3.3758,2
4.0996,0.89519,3
0.79727,1.2268,1
-1.7906,1.2155,2
-2.5813,-0.55059,2
0.67302,-0.19645,2
1.7743,-0.11537,2
1.1171,1.1302,2
-1.0298,-0.9705,2
0.82716,-0.65838,2
3.1836,0.63608,2
0.17372,4.5057,2
3.8518,-0.407,2
-1.8356,-3.2853,1
-2.6174,-3.8474,2
-2.2559,1.0095,2
6.217,0.82864,3
0.30997,1.3169,3
0.97186,1.2908,1
5.1902,2.2718,1
3.7863,1.8219,3
-2.964,-1.8448,2
-2.1336,0.073384,2
-1.3744,-1.7191,3
-2.1326,1.2422,1
3.4183,4.8735,2
0.71059,-0.14599,3
-3.6627,-4.1529,1
-1.0858,-1.8805,2
-3.7095,-1.7304,2
0.8528,1.2306,2
2.5803,1.4447,2
-0.40152,5.0175,2
-1.5046,-2.0163,2
-0.72396,-0.82279,2
0.93194,1.0811,1
-2.2894,-1.6547,2
0.45815,-1.5813,2
0.56199,1.4678,2
-1.6942,1.8096,3
0.96098,1.8428,2
4.7288,2.6544,3
-1.1366,2.0091,3
4.3309,1.0361,2
1.0981,-2.9473,2
-2.5183,-1.6582,3
-0.85428,3.5583,2
0.65451,1.0664,2
-0.084812,2.4005,2
-1.6954,-1.7257,2
1.6679,1.2179,2
0.47909,-1.6173,2
0.51168,0.39079,2
2.7406,-3.564,2
1.5149,2.581,3
-1.8217,1.5596,2
0.14644,-2.6262,2
1.8821,4.1328,3
-4.1455,-1.7195,2
-0.32724,-1.2263,2
3.4802,-3.3543,3
0.84681,0.41029,1
1.7776,0.41265,1
2.675,0.50969,2
0.57056,-5.8682,2
-2.3426,-1.3441,1
1.2957,-4.1254,2
-1.552,-0.37938,2
-0.039741,-3.7999,3
-4.7406,-0.85821,1
-1.283,-0.53883,1
-0.95641,-2.5081,2
0.051082,0.40626,1
1.7626,1.7337,3
0.19589,-0.69793,2
6.1127,0.95184,2
-2.6889,-2.9905,1
-0.81571,0.6549,2
-0.56904,0.71691,2
-0.1092,-1.3629,2
-0.89189,-0.50744,2
-0.87781,0.85293,3
-1.6758,0.049812,2
0.46935,-0.42805,3
-0.0089361,0.47982,3
1.5982,0.1645,2
-3.5111,-2.693,2
-3.4171,0.22624,1
-0.073392,0.34827,2
-2.9363,-2.4459,1
1.3749,-0.64779,1
-3.5782,-2.9533,1
-1.1265,2.115,3
-1.1467,1.4823,2
1.16,0.47909,1
1.063,0.62404,3
2.7969,-1.4784,2
0.80588,1.6235,2
-2.5794,-0.9533,1
-3.6922,-0.88638,2
0.098587,1.8084,3
-0.1475,-1.2307,2
0.44986,-0.89382,2
3.3294,1.8916,2
0.78444,1.5172,2
-1.2102,-0.0125,1
0.98946,1.5309,2
0.2709,2.7182,2
1.4206,0.02657,1
-0.33839,-2.5734,2
-0.67637,-1.7048,2
-0.55593,2.2901,2
-0.65535,-2.2136,2
-4.3948,3.2888,2
0.92612,1.536,2
-1.8228,3.6699,2
4.0958,4.7983,3
-3.6027,-3.7011,3
0.51691,3.8324,3
4.1065,2.64,3
-1.065,1.4973,2
1.3055,-1.462,1
5.7191,0.53772,3
2.3648,-1.8181,1
-2.8209,-3.507,2
-0.67558,1.7973,2
-0.47601,-1.6943,2
0.50167,-2.1675,1
-0.60956,-0.62765,2
-3.3651,-3.2389,2
2.5361,2.9162,3
1.7398,0.59878,3
0.87026,2.9405,3
0.58255,-0.78561,2
-1.7971,-0.57282,2
-2.09,-0.15587,2
0.56592,-0.33715,2
-4.112,0.38724,2
0.85144,1.208,3
1.4359,3.2677,3
0.12217,0.83381,3
1.6567,-0.23666,2
2.6928,5.8906,3
-3.1899,-2.6813,1
3.6425,-0.18657,2
1.5213,0.56738,2
-1.0512,-1.1715,2
-3.2902,0.58781,2
0.06407,0.93028,2
-4.5334,2.0926,2
2.6612,2.0274,3
-0.58316,-0.64526,1
1.6074,4.6344,2
-0.84389,0.1433,2
0.19767,-1.8088,2
4.5721,-2.4181,2
1.5942,1.243,1
1.6513,-0.51303,2
-2.0455,-0.5128,2
2.5084,1.8411,2
-4.5278,-2.0479,1
-0.74453,1.6078,2
-3.3972,-0.53672,2
0.10789,1.0977,2
-0.39564,-0.018126,3
-0.60037,1.6539,2
-0.62428,-0.82582,1
-3.8043,0.41948,2
-0.41249,-2.3321,1
0.48184,-1.1914,1
4.7644,-1.5085,2
-1.1428,-3.719,1
-1.5453,0.30698,2
1.3775,0.671,2
0.015468,-2.2084,2
-1.9819,-3.5912,3
1.3017,-0.16478,2
-0.56119,1.2764,1
-3.7502,1.1084,2
-0.80878,-1.0793,2
2.7745,2.962,3
-3.5202,1.9458,3
-1.7171,-2.6642,2
2.5117,-2.2418,1
0.79168,-7.9386,2
1.4818,-3.1967,2
-0.091459,-1.7317,2
-3.018,-3.6221,2
3.0162,4.0879,2
0.97999,0.34873,2
-3.8505,-0.27702,2
-0.85276,-2.7851,2
-0.17191,3.5868,1
0.85451,1.7831,2
5.3547,7.2507,2
-3.3286,-5.1518,1
2.8794,2.5588,3
-4.5855,-0.67223,2
-1.8889,3.0838,2
-3.25,1.8978,2
-1.8015,-1.3654,2
7.8192,-2.8362,2
-2.4932,-3.3777,2
0.57647,-0.76573,2
-2.0898,0.74832,2
3.099,0.71045,2
-4.7668,-2.5651,1
3.565,3.0442,3
-0.05193,-1.4532,1
1.1977,0.37532,3
2.8618,-5.0043,2
0.29978,0.17531,3
-1.917,-4.3738,2
-2.2168,-3.0776,1
-0.31032,-1.8718,1
1.2031,0.99203,1
-2.0059,-2.1973,1
0.064385,1.0464,2
-1.1647,0.64568,3
2.1337,1.072,2
-2.5188,0.36141,2
0.44465,2.1125,2
-2.032,-2.3938,2
-3.733,-0.76304,2
-0.287,-2.2742,3
2.2467,1.542,2
-0.093284,0.38487,2
1.1373,-0.23249,2
-3.3162,-2.5798,2
-1.3427,4.2869,1
-0.23045,1.5813,2
0.25294,-2.806,2
-0.42446,-0.24123,2
-2.4217,4.638,2
-0.13354,-3.0825,1
4.8171,5.5931,3
1.7653,0.44159,3
-3.2332,-2.6811,1
0.89734,1.1279,2
-1.6133,0.20337,2
-0.19784,2.1247,2
-0.0087126,1.8807,3
-0.82896,-3.0087,2
-4.6104,-1.3866,1
2.6638,2.0869,2
4.5699,4.4792,3
2.3185,1.1391,2
-1.2171,2.4741,1
3.1515,0.90772,3
4.1917,-0.76491,2
0.23205,-1.2878,2
-1.3019,3.5203,1
-2.6787,-0.17495,2
1.1248,0.62755,2
2.0586,0.29432,3
-0.91311,-1.1937,2
-2.584,0.033802,2
-1.4237,4.9828,2
0.74755,-0.56645,3
-3.6753,-3.1793,1
-1.6404,0.24839,2
-0.42353,-1.7159,3
-0.73486,0.46522,2
3.7128,1.5219,2
-1.1362,2.7205,3
0.19257,-0.82355,2
0.79257,-2.1169,2
-0.77192,2.4469,2
0.48304,-0.89218,3
1.9,1.487,2
-1.4531,0.7249,2
3.4191,3.1016,3
0.5843,0.49599,2
-1.086,-2.9138,2
0.93817,-2.8152,2
1.6266,2.2484,3
1.561,3.2564,2
-2.0069,-2.5192,1
-1.1053,0.35893,1
1.3735,-1.1326,3
-0.23282,-1.9412,2
-1.2018,-0.046227,2
-2.5295,-2.3028,2
-1.438,-2.1061,2
1.7169,-1.4971,1
-1.3397,1.6378,2
-2.7656,0.97378,2
1.0557,1.5101,2
0.53468,0.54856,3
-0.11423,0.60087,2
0.43393,-2.6474,2
-0.33256,-1.0884,3
0.68042,-1.7355,2
3.6554,-1.9246,2
0.6029,-1.1766,1
0.029062,1.9489,2
-0.68222,-2.2041,2
-0.88618,-5.03,2
4.5385,1.6108,3
-2.0672,-2.8338,2
3.211,-1.9978,2
0.23326,-3.9821,2
-0.39407,0.56617,3
1.2806,2.6276,3
-1.4164,-2.5854,2
2.8288,1.7368,2
-1.2519,-2.5114,2
5.8771,0.282,1
-0.35152,-0.55228,2
-0.41945,2.8307,2
0.42071,3.3964,2
-0.55041,2.1668,3
-2.6245,-0.25215,2
-4.594,-0.093546,1
0.81921,-1.1791,3
-4.112,-1.3876,1
-1.8849,-1.3242,1
1.0235,-3.004,2
1.118,1.0127,2
-1.6093,-0.0099208,2
0.68779,2.8194,3
-1.9644,-3.0365,2
0.2217,1.3459,1
-0.6781,2.3177,3
-1.2227,3.1063,1
-1.4462,0.61706,2
1.2408,-3.6613,2
-0.67826,-2.3849,2
2.4628,1.4826,2
-0.014286,2.2549,2
-1.4433,-0.32873,2
-3.9101,-2.5089,1
-1.5338,-4.9146,1
1.4921,1.4951,3
1.1218,0.8753,3
-1.4475,0.98828,2
1.624,-0.21284,2
-0.013115,2.0921,2
-2.5772,-1.003,1
-1.5777,-1.3081,2
-0.19772,-1.293,2
2.1173,1.8337,2
2.4399,-1.6711,2
-1.7316,-0.87501,2
-0.76586,-2.6176,2
-0.97009,4.0306,1
1.9302,0.72939,2
0.22165,1.3396,1
3.0946,0.67471,3
-1.0349,-0.12851,2
1.0144,-4.2561,2
-1.0094,4.1251,3
0.15805,-1.6748,1
-0.18808,0.85765,2
-1.9313,-3.5836,2
0.18843,-1.4559,2
4.1705,-0.17987,2
-3.6179,-1.6145,1
0.70267,0.25179,2
4.4417,0.39177,2
2.2574,-1.1074,3
-0.14212,-0.42013,1
-4.1311,-2.3042,1
2.2486,2.482,2
-2.0153,-0.30469,2
-0.60194,2.3297,2
-2.0949,0.56709,2
-1.6993,-2.5233,2
1.692,-3.2876,2
1.0719,-3.2219,2
-2.2992,-0.65269,2
-3.4187,-0.25685,2
-0.55271,1.9031,3
0.31839,2.9585,3
-3.21,-5.3409,1
1.8002,0.4912,2
-0.42609,5.8661,2
-0.43006,-0.88292,2
0.37712,6.3416,3
-0.51334,3.4595,2
-0.39456,1.2959,2
0.89765,-3.5045,1
1.2827,-2.5873,2
-1.6101,-2.2843,2
-2.4269,-3.4205,1
-1.8772,0.83853,1
-3.8701,0.08446,2
2.0669,-2.2847,2
0.028854,-3.0505,1
0.17055,2.4218,2
1.0102,0.41695,2
2.6253,6.3405,2
0.13014,-3.0916,2
-0.25219,-1.7805,3
1.3213,-2.479,3
-3.5879,-1.5201,2
0.37003,1.2338,2
-0.34043,1.091,2
-2.1355,2.0571,1
0.72513,0.69917,1
0.88621,-0.26627,3
3.8775,3.2278,2
1.8733,1.7395,3
2.5553,0.37222,3
-0.39019,-2.3253,1
-0.90412,-1.6043,1
2.3436,0.53831,2
1.0858,-0.34163,1
1.2207,2.0463,2
-4.0768,-2.3817,1
1.4905,-0.14181,1
1.0345,-1.2386,2
-4.683,-1.175,1
-2.7255,-3.1811,1
-4.233,1.1768,2
-1.9424,-3.1079,1
1.4972,-2.9973,1
-2.9641,-2.7337,3
-2.6589,-0.99618,2
0.63447,1.0206,2
-2.4475,-2.0486,2
-1.7926,-1.538,2
0.30625,-0.57134,1
2.833,-3.8106,2
-2.1394,-5.5229,1
2.0995,2.3694,3
0.57286,1.6821,2
-2.6736,-0.061274,1
-0.80504,0.85875,2
-1.5282,-4.5393,1
-3.1148,0.10001,1
1.118,-5.6236,2
-0.39379,1.4445,2
-0.48151,-1.3167,1
3.0344,0.039287,3
3.3493,0.62193,2
1.5581,1.9874,3
-2.6146,-3.3107,2
0.74898,0.21674,2
0.48222,1.3836,2
-1.8936,-3.7494,2
1.6331,5.3653,3
-1.2784,1.9805,1
0.82797,0.9317,2
-1.3666,-1.4212,1
-1.0663,-1.4136,2
0.72705,3.067,2
2.3145,1.7959,3
0.24907,4.384,2
3.0108,4.9134,3
0.70901,-0.94686,2
1.4592,-0.45624,1
-0.22547,0.69501,2
-0.46715,3.0319,2
1.7066,-0.62198,3
-2.1144,-0.12424,1
-2.3141,-2.2063,2
-0.19711,-1.7065,1
-3.133,-2.705,2
0.56653,-2.1974,1
-2.7192,-0.82755,3
3.8436,-0.39366,1
0.7379,1.7656,3
1.023,4.5528,3
-5.5536,-1.5083,2
-0.73203,2.1208,2
-0.60455,-0.87094,2
-1.0422,1.4043,2
-2.9786,-0.13176,2
5.7473,5.8447,3
-1.2023,-3.4597,2
1.6117,1.7781,3
-3.336,-0.55081,3
-1.7229,-0.43948,2
-2.5768,1.4323,2
1.6471,2.4067,3
-0.41726,0.63889,1
-2.6046,0.63146,3
2.0266,-2.1139,2
-1.3499,-4.6079,1
0.7295,2.1222,2
2.1579,2.4755,3
1.2417,1.4266,3
-0.071693,-1.3429,2
-1.1179,-2.2265,2
-3.507,-0.94495,2
1.1065,-4.7967,2
2.0847,3.7777,3
0.054436,5.2207,2
-3.8656,3.9442,2
0.25486,2.3937,2
2.3957,-5.168,2
-0.91859,1.1151,2
2.1823,2.7336,2
-0.63244,0.30109,1
-0.68419,-2.7424,3
1.6934,-1.2515,2
1.2436,-1.6462,2
0.51696,-0.73539,2
-0.99902,2.5541,1
-0.98513,1.9955,2
1.2154,-0.91809,2
0.13251,1.2557,2
-2.964,1.6026,2
-0.52057,3.6243,2
-1.2827,-1.1957,2
-2.1542,-0.60298,3
3.2268,0.67732,2
-6.2672,2.7822,2
-2.1527,-3.4312,3
0.95252,4.8425,2
-0.14891,-6.703,2
2.0351,1.4163,2
-1.74,-0.69796,1
7.5991,1.8052,2
1.2123,0.36307,1
0.073088,-0.25019,3
2.6271,-2.1068,1
1.1053,-2.8415,1
2.9989,-0.62141,2
2.4714,-3.8368,2
1.8555,1.6448,3
-1.847,2.2496,2
2.3634,-0.072269,2
-3.1959,-3.1546,2
0.71734,-1.1739,3
1.4648,1.365,3
-4.1643,-4.2133,2
1.176,-1.4223,1
0.912,-2.443,2
-0.50404,-2.6901,2
2.2817,0.52283,3
-2.8877,-3.8519,1
-1.9046,-3.6589,1
1.7323,-0.79034,2
0.0091978,-2.5469,2
-1.1396,1.2623,3
0.78575,0.98432,2
-1.6769,1.3925,2
-1.1116,1.5197,1
-1.8691,-2.1002,1
0.77635,0.38944,2
-3.2313,2.4009,1
4.9649,2.4288,3
0.24791,3.8509,1
-0.72205,-4.9148,1
2.2531,3.7167,3
1.6664,4.9818,2
-1.2032,-0.78638,1
0.5096,2.593,3
1.6728,-0.29145,2
2.2041,-0.83979,2
2.9426,-1.9579,2
1.2659,-1.2258,2
0.045006,4.0626,3
-4.6827,3.2905,3
0.10839,-1.6845,2
1.6211,1.5828,2
-1.3936,3.7953,2
0.029919,-1.7997,2
-0.030718,0.99039,3
-2.7478,-1.6473,3
3.9294,4.1104,2
-8.3891,0.51565,1
3.8991,-2.4231,2
-1.4897,1.3239,1
-2.3166,-0.23694,2
-0.1203,1.8067,2
3.0989,3.5948,1
-1.4124,-0.036761,1
-0.066413,0.83836,2
1.4401,0.25606,2
-0.012422,-1.3714,1
-0.24383,-1.127,3
0.30853,5.031,3
-0.88317,-3.1542,1
0.90585,2.1701,2
0.3748,2.747,3
-0.73591,0.24404,2
1.7335,-1.177,1
0.075252,-2.1355,2
-0.84519,0.39846,2
-0.46835,-1.5683,2
-2.8356,-0.0030651,2
1.6176,-1.8661,2
-2.5513,-2.9145,1
-1.331,-2.9849,2
-0.65549,-0.17763,2
3.1986,6.7905,2
-1.6186,-0.66895,2
0.2797,1.3163,1
1.4261,3.0273,2
-0.88754,0.21951,2
-0.6436,3.9643,2
0.8007,-1.4502,2
1.2882,1.8466,2
2.4131,-1.3799,2
2.381,2.8095,1
-2.2326,4.7734,2
-0.50413,0.99904,1
1.4225,0.68367,2
0.72899,-1.5458,2
-1.3197,2.2174,1
1.6799,3.9651,2
-1.8169,-0.87415,3
-1.6021,-1.2036,2
2.5741,-0.87772,2
0.48089,-1.34,2
-2.2416,-4.5182,2
0.83435,-1.3633,2
0.49433,2.1034,2
0.072281,-0.68708,2
-1.1921,1.8093,1
-0.012691,1.0434,2
0.44038,-2.1315,2
3.6555,3.0903,3
-1.1445,-2.4571,2
-2.7628,-2.1897,1
0.53402,-2.0038,2
1.8087,2.3841,3
0.16881,-5.2085,2
-0.64394,-3.8252,2
-2.2731,-3.2318,2
2.7795,-0.21788,2
-1.118,-2.775,1
-0.15979,-0.87329,2
2.0089,2.0796,1
1.1996,0.44003,3
1.3249,-1.1925,2
3.8617,0.45681,2
3.1044,-5.5505,1
1.6465,1.6143,1
-1.6833,1.3496,2
1.4086,-1.3131,2
-0.97258,-2.5237,1
3.8572,1.8263,2
-1.3398,-1.1687,1
2.4384,1.5091,3
2.6485,0.065979,1
0.12645,-2.2044,2
0.44175,0.041176,2
0.96192,3.4732,3
2.6955,-0.03902,1
4.2999,-0.40039,2
-0.61622,3.5027,2
-1.602,-2.2123,1
-2.7597,1.0576,1
2.9176,0.34641,2
-3.6261,2.4644,1
-1.4275,1.9056,3
2.04,0.5048,2
0.70008,1.3416,2
0.53111,0.645,2
-3.0759,1.2093,2
2.7173,-6.1065,2
2.8932,0.53953,2
0.44771,0.83258,1
0.96074,-2.5232,2
1.185,5.1642,3
1.0647,6.1892,3
1.4811,1.4182,2
-4.1005,-0.29913,1
2.5803,-3.8474,2
-1.4012,-2.7719,2
1.1552,1.8157,3
0.0041986,3.4866,3
-1.1358,-1.2877,2
-3.2662,1.2607,2
4.3811,3.157,2
3.9965,4.1189,3
2.4541,2.5949,2
4.534,4.2837,2
-0.25358,5.1842,3
-0.54427,0.72405,3
-6.1099,-3.2726,2
-0.24436,3.5014,3
-1.392,-2.8131,2
1.8301,0.92518,2
2.9316,-0.47374,3
1.9164,-0.66612,3
-2.2003,0.83587,2
0.86963,1.5714,3
-2.059,3.476,3
3.3635,-1.6179,1
-2.4126,-2.1141,2
0.84387,-3.5395,2
2.2655,0.51836,2
3.1174,5.3736,2
2.2831,-1.7901,2
0.065326,1.4343,2
-3.5046,0.94565,2
2.1384,0.15698,2
4.0774,-0.077199,2
-0.92816,-0.2776,2
2.1753,1.1372,2
-0.44468,-2.3189,1
-0.36631,0.40006,1
4.3458,-0.46417,2
-1.3305,-4.8995,2
-1.4611,-0.94066,2
2.3014,-2.8891,2
1.8191,0.50276,3
-0.13567,0.26576,3
2.1207,-2.045,2
-1.162,-2.178,2
1.5013,1.3535,2
0.43441,0.11316,2
0.94967,-2.3099,2
-0.64759,2.5476,2
2.8864,1.4062,3
-5.7174,0.42023,2
-2.7387,1.7715,2
1.3235,-2.1081,2
-0.26975,2.5149,2
0.25413,2.3005,2
-1.8518,4.172,3
2.5771,-6.5157,2
1.1321,3.1012,2
-0.72208,-0.66254,1
3.9419,3.4609,3
-2.9848,-5.8779,1
3.2645,2.5743,2
-1.0404,0.15536,2
3.3093,-0.68058,1
1.8417,1.553,2
-3.0686,1.5276,2
-1.9101,-0.37741,2
-1.2984,-0.13098,2
-2.0088,3.2149,1
3.1926,2.4892,3
-0.34092,-1.0336,2
5.01,1.8369,2
-3.1259,-0.60721,2
-4.2016,-2.4214,2
1.2346,-1.1861,2
-1.8655,1.9903,1
-2.5353,1.019,2
2.4115,-1.4374,2
-1.8453,-1.1345,2
-0.53444,-4.4764,1
2.181,5.6699,3
2.4774,1.29,1
0.24013,4.6215,3
1.9433,-1.2082,2
1.3003,1.281,2
1.4501,2.4751,3
0.78407,2.5188,2
-2.8517,1.9151,3
0.87889,-0.58094,2
2.6185,0.38268,1
-0.48664,-3.6984,2
-1.0723,0.81837,2
-1.823,0.60651,2
-5.8501,0.57,1
3.4406,1.7664,2
-2.5609,-2.5729,2
-1.5659,-0.16737,1
-2.2792,5.727,2
-0.4698,0.88466,2
-1.3222,1.4352,1
-1.41,-3.9155,2
0.66776,1.6349,3
1.76,5.5868,3
-3.3439,-1.9345,2
-1.2516,-1.0912,2
0.55685,0.56862,1
1.9881,-1.2761,2
1.5631,2.5435,1
-3.1931,-1.643,2
-2.6983,-1.7108,2
-1.4177,-2.8016,2
-3.4967,-4.6634,2
0.13832,1.2659,2
-0.45349,-2.3535,2
4.7105,3.1192,2
-0.30859,-2.2365,1
-2.1796,-1.9249,2
1.1414,0.3825,3
-2.2651,0.75449,2
1.8057,1.4852,2
-2.5016,-1.2183,2
-2.79,0.80723,2
2.0189,-2.5099,2
-0.035483,-0.29173,2
-0.051414,4.4989,2
4.0953,-1.9658,3
0.6262,-2.4342,1
2.6468,4.1101,2
1.6262,-1.2684,1
1.8819,0.86729,2
0.24543,3.0793,2
-2.1438,-3.3852,1
-1.9264,4.1947,3
-3.6161,0.62667,1
3.6876,1.5122,2
4.5957,0.54729,2
-3.2425,-0.85081,1
-1.1325,1.5608,2
-4.7879,-1.6534,1
-1.3512,0.91951,2
3.0174,-1.9358,2
0.65357,0.88538,2
-0.30462,0.51323,3
-0.6177,0.0065003,1
3.035,1.2447,2
1.4333,-0.056818,2
-0.99756,-3.7333,2
-2.4038,-0.54541,3
-0.56154,2.1588,2
0.29817,1.04,3
3.1328,2.3441,3
-0.17801,-0.68612,1
1.7704,1.8793,3
4.4176,2.0188,2
0.56667,-5.7574,1
5.5497,1.4815,2
7.9356,1.9885,3
-0.30583,-2.2675,3
-1.7267,-3.774,1
-3.5468,-1.8815,1
-1.7991,-0.18217,2
-2.7729,-4.5816,1
-2.9474,0.98246,2
0.44906,-5.6167,2
1.9395,2.9456,2
2.8545,2.358,3
0.38788,1.7601,2
0.48739,1.361,2
0.99367,-0.16706,3
0.039954,1.4552,2
-5.7794,-3.5383,1
-1.0943,2.0872,2
-0.66076,4.3887,2
2.1979,0.56508,3
-3.7124,2.4349,2
3.8357,-1.1,2
2.4118,4.4839,3
-2.9296,1.443,2
-0.038018,0.84398,2
-0.96178,-4.1493,2
2.9859,0.45669,3
0.81277,3.6101,3
-2.7357,-0.48823,2
-2.8914,-1.1811,2
-0.14732,1.3207,2
0.44826,-0.38736,2
-1.0206,-2.8617,1
-0.43609,0.037562,3
-3.9811,0.20545,2
2.6569,3.447,3
2.2433,1.4596,3
1.6113,1.6294,1
1.098,-2.3033,3
-0.4574,-1.081,2
1.0539,4.1578,1
-2.7669,-5.5599,2
2.4192,-3.1552,2
0.36783,-1.014,3
-1.0598,2.088,3
2.5833,-0.33043,3
1.9629,-0.42766,2
3.5522,4.4555,2
-4.3629,-0.49836,2
2.0815,2.3612,2
-1.7067,-1.2058,2
-1.9315,-0.67563,2
-0.53545,-0.50584,1
-0.58567,-3.2535,3
2.0034,4.0267,2
-1.4099,-1.5316,1
0.13178,-0.38515,2
0.2428,-1.3399,1
-0.92557,-5.2187,2
1.1153,4.0229,1
0.82632,2.2682,3
-1.8406,2.5837,3
0.039888,0.94419,2
-0.12234,-0.41939,3
-0.47513,2.5201,2
-1.0576,8.1309,2
-3.0356,-1.7487,2
0.15039,-0.69689,2
-0.91616,-2.9071,2
-1.6238,-3.4488,1
2.7773,3.7742,2
4.4533,-0.86259,3
0.61624,3.1626,2
-1.1421,1.7823,2
-0.86006,4.4034,2
-1.5123,-2.9845,2
1.8583,-2.6366,2
4.4081,2.2744,2
3.4457,-0.9872,1
-2.2667,-4.9747,1
3.0393,3.5679,2
1.2523,3.6002,2
0.46952,0.86565,2
3.5211,3.9003,2
2.4454,-2.187,2
1.3297,-1.5389,2
-0.33319,-4.9388,2
1.764,-2.596,2
2.182,0.98299,3
2.8152,3.3538,3
-0.7412,-1.4655,2
-2.3088,-4.3939,1
1.5959,3.0006,3
-2.3766,-2.5932,1
-6.5856,-3.0067,1
0.79428,-3.3067,3
0.80684,1.3249,2
-2.5895,2.9399,1
5.4266,2.9281,3
1.2333,-0.26725,1
-0.11572,-4.152,3
-0.40101,0.65746,2
2.1634,0.95344,2
0.75416,0.1531,2
2.5567,2.1385,2
3.5314,-3.8577,3
-4.6079,-2.5542,2
0.18198,-0.14852,2
0.73632,-0.70741,2
-3.618,-4.9359,2
0.016111,-3.7411,2
1.422,-1.3764,3
-2.6943,1.4844,2
4.0026,-2.0664,2
0.52904,1.0404,1
0.45341,-2.3612,2
1.3041,-1.6517,3
0.67276,-0.75185,3
-1.0576,-2.5622,3
-5.6989,2.7247,1
3.3359,3.9552,3
0.28727,2.5704,2
-1.5576,0.75377,2
0.83325,-3.057,1
-1.2923,-0.99782,1
-0.29177,-1.5237,2
-0.33876,0.63397,2
0.64425,-0.39023,1
2.1824,1.6763,3
-0.076164,1.1139,2
-2.2598,-0.9687,2
-3.1605,-3.6235,2
-0.56592,-4.8305,2
-2.3489,0.14951,3
0.58704,-0.56695,2
1.143,1.3524,2
-2.0729,1.5879,1
-2.1602,1.831,2
-0.177,1.3642,3
1.7791,6.0945,2
-0.89994,-1.1582,1
1.0352,0.36953,2
1.8585,1.4017,2
-3.4802,0.059896,2
3.8722,-0.54602,2
-2.258,2.4648,2
1.6949,0.35793,3
-2.1561,-0.99384,1
-0.58001,-0.096445,2
-1.6898,-0.69426,2
-0.37913,-2.9732,2
-0.93828,-0.89428,3
-1.9042,-2.7551,2
1.2266,1.6826,1
-0.543,-3.2114,2
0.37002,0.23515,3
-0.66519,3.4181,2
0.56719,1.4797,2
-0.038044,0.67058,3
-1.0782,3.0695,3
-2.6907,-4.5054,2
-0.65481,1.612,3
4.1145,1.6878,3
-2.7899,1.029,1
0.99959,0.99886,2
2.3942,-0.040428,1
-0.27402,-0.12351,2
2.0186,2.286,2
1.6033,0.45819,2
5.659,1.1799,3
-2.3484,-3.5975,1
2.8106,3.184,1
-3.5266,0.98082,2
2.4507,2.722,3
3.9629,0.75295,3
4.2601,0.92019,3
-3.8587,-0.008724,2
-4.529,-4.2528,2
-2.2041,0.61688,1
4.7646,-1.2575,2
-1.2526,1.1746,2
2.8683,-0.65956,3
1.7561,0.99276,1
0.46763,0.87619,1
-0.10587,1.3369,2
2.4566,1.2363,3
1.5906,1.1397,3
2.3197,-0.4434,1
-0.23221,-2.1474,1
5.5153,-0.37409,3
-4.0093,0.055126,3
1.5758,1.6526,2
-0.099012,0.6385,2
-4.0035,-0.38412,2
-0.82565,5.084,1
-1.7733,0.46016,2
0.66747,3.5187,2
-1.5565,-2.0316,2
-1.5903,-5.3767,1
0.5806,-1.5507,2
1.7584,-5.4178,1
0.10938,1.7246,2
0.81493,3.9776,2
-0.10573,3.3827,2
1.4221,-1.0194,2
-4.3252,-0.21017,2
2.201,-0.64212,2
6.7407,1.2286,1
3.2991,0.84764,2
1.1102,-2.3223,2
2.314,-1.8583,2
1.5648,-3.5569,1
1.7027,0.96907,3
-1.6721,-0.82906,2
1.3234,-0.76982,2
-1.0219,-3.4677,2
-2.0384,-2.9064,2
0.075214,1.4851,1
0.4124,3.8007,3
-3.992,-2.569,2
-3.9438,-0.68423,2
0.037954,-0.11298,3
-2.8908,-0.92708,2
-0.26438,2.0487,2
0.65502,1.3132,2
-3.1277,2.1967,2
-0.53287,0.57775,2
3.4829,0.32435,2
1.3558,-4.404,2
1.1603,-0.37394,2
-2.6628,3.8098,2
2.1206,1.4739,3
0.25928,-4.1402,1
-4.5919,-4.3104,1
-3.1403,1.09,2
2.1437,-0.80355,1
-2.6212,-0.69308,1
-0.83231,0.39285,2
2.8749,-0.2472,2
-2.3442,-5.5875,3
1.5327,1.2385,2
-0.11933,-1.365,1
-1.3539,-0.70222,2
-1.8517,-1.1264,1
2.4839,3.3552,3
1.247,0.15339,2
-2.3119,4.3259,2
2.4874,-2.9431,3
-1.0404,3.2663,2
0.86336,-1.871,2
-3.576,-4.0903,1
-1.2655,0.94819,1
5.2608,-2.1457,2
0.81151,-0.5632,1
-1.7224,-0.060545,2
1.4188,1.3222,2
-2.6951,-0.98364,1
1.9616,4.2778,3
1.3786,-0.066723,2
-2.6971,-2.4863,2
-1.2721,1.1756,3
2.4121,1.819,2
0.050794,-2.9367,2
-2.6404,-0.15318,3
-0.78391,-2.1903,2
-3.2387,0.35335,3
-6.3571,-4.8178,1
-2.4856,-0.33385,2
2.7672,1.2605,2
0.38867,0.93753,2
0.28046,-0.60138,2
0.65287,-0.3731,2
1.3053,3.0837,3
-2.3809,-0.0042373,1
-3.497,-1.172,2
1.0237,1.5459,2
0.61115,-0.19297,2
-1.7329,0.016597,2
-0.77342,-4.3909,3
2.252,0.31628,2
-2.8151,-1.0608,2
-1.4538,-0.73501,1
0.46062,1.3632,3
-0.67249,-0.76464,2
-1.8448,2.5812,3
-7.247,-0.35702,2
1.2387,1.4834,2
1.6987,-1.4387,3
0.83019,1.9693,3
-1.3481,-1.2057,1
2.9948,2.6304,2
1.6585,-3.3275,2
-1.6651,-2.2559,2
-0.75804,0.55986,3
-2.6704,0.54199,1
-0.85889,1.3959,3
2.0631,2.2361,2
-0.25467,-1.6754,2
-0.70317,-1.7385,2
3.7403,-0.50378,3
0.65422,2.1903,2
3.2854,-0.72136,2
2.2056,1.5828,2
-0.55583,2.8977,2
0.12172,-1.9367,2
-0.83036,-0.4258,2
-2.8334,0.75742,1
-0.053703,0.2858,2
1.8512,-1.2389,1
3.8731,1.4552,3
2.5405,2.4086,3
2.5745,2.3542,2
1.7321,-1.6945,2
2.4041,3.7619,3
-0.61262,-1.8346,2
0.75734,-1.2822,2
-1.0125,0.93693,2
-0.6743,-0.53993,1
1.6169,4.5974,2
-1.6874,-1.9772,2
1.4999,-2.2856,2
-0.86496,1.6603,1
3.3016,-0.93263,1
-1.7317,0.02811,1
1.6826,-0.87025,2
-1.8606,-1.2882,2
2.8503,-0.43479,1
1.1084,4.6144,3
0.4082,-0.70772,2
-1.2629,-0.40522,2
2.6006,-0.27324,3
-0.49865,-1.4733,1
1.3014,0.07099,3
-0.32862,-4.606,2
-0.11631,0.53396,3
-5.5606,-1.3397,1
2.1433,-2.0028,3
-4.0611,-0.040102,2
2.2926,0.65996,2
-0.02273,4.9454,3
-6.1041,-0.56167,2
-0.090634,0.005522,2
-2.3526,-4.4492,1
-0.04332,0.60937,2
-2.3068,-2.1326,1
-1.2842,-2.5825,2
2.3057,2.3068,3
2.0976,2.0704,3
2.0722,-0.24089,2
-0.048195,-2.8859,2
4.4064,0.35106,2
1.8992,0.43728,3
-0.37189,-0.22222,2
3.2985,0.411,2
-2.0145,-1.6536,1
-2.6288,-0.92239,2
3.3632,-2.3836,3
-1.214,-5.7589,1
-2.2527,0.94023,2
-0.3631,3.123,2
1.1153,0.4087,3
3.0415,3.0864,2
-0.57094,2.4434,2
-3.8328,-3.5868,3
0.67135,-1.3846,1
-2.509,-5.8814,1
-0.81636,-0.77574,1
0.54161,-0.71083,2
-1.9805,-3.9091,2
-2.9,-3.82,1
-2.2387,-0.44218,2
-0.89086,-0.95422,1
-1.9059,2.493,3
2.7989,-2.2157,2
-3.5833,4.0797,3
-2.8147,-1.8331,2
2.7996,2.7568,2
-2.4518,0.097814,2
-0.14495,4.8982,3
-0.28943,6.3562,3
2.7224,3.8466,2
-2.2771,-0.043433,2
1.8436,0.902,2
0.095913,0.69846,2
-1.3295,-1.8059,2
-0.92134,-7.3167,2
-5.1361,1.5616,2
-0.98727,3.3718,2
3.2199,2.2311,3
5.8302,1.2972,2
2.6307,3.6168,2
-2.8005,0.16365,2
1.5877,4.1186,3
1.0809,-2.937,2
2.9427,-0.66274,2
1.15,0.90249,2
2.4757,-0.66313,2
-3.1376,0.72123,2
3.5125,1.9028,2
2.1951,-2.1797,2
-4.7978,0.11879,2
-3.1379,-2.4477,1
2.9118,-0.49425,1
1.7569,2.6555,2
-0.95114,-0.39999,2
-0.38486,-4.2248,3
1.7972,0.47325,2
-2.7175,-1.5669,1
-2.9811,1.7062,1
-1.2095,1.221,1
0.5094,-1.3667,3
-0.307,-1.4664,2
0.51735,-2.7549,1
0.60489,-0.52617,2
0.078459,-2.3014,2
2.8276,1.281,2
-2.5001,3.749,2
2.6066,1.0902,2
0.4842,-0.43017,1
-1.1145,-0.91741,2
-1.2445,2.6783,3
0.42624,2.7952,2
-2.9861,-2.6809,2
-4.1035,-2.6798,1
1.539,-0.95261,2
-0.80895,1.211,2
-1.1613,-2.8863,1
-0.47265,2.0508,2
-0.15466,-0.86887,3
-1.2909,-4.1143,1
3.0838,-1.1657,1
3.5972,4.3855,3
-1.6994,-1.7905,2
2.3791,-1.7498,1
1.8669,3.3441,2
1.2945,3.3597,3
4.4563,-1.3895,2
2.8522,4.0035,2
-0.065674,4.7398,2
-0.90461,-0.7732,1
0.72049,0.36844,2
-3.3718,-0.66361,2
0.18738,-3.8145,1
3.0269,4.7162,3
-0.80548,1.7275,2
1.5468,1.3038,2
-0.90065,-2.6673,2
-3.5116,-2.5276,2
3.1317,-1.4115,1
6.6663,7.4656,2
1.2256,-0.69828,2
0.23025,-3.1632,3
3.1166,1.5015,2
-0.5834,1.0982,2
-1.3041,3.7107,2
3.3295,1.7725,3
-1.1468,-1.5362,1
-2.4136,2.6059,2
-0.26129,-1.2667,2
-1.4845,2.4231,2
-0.50524,-3.3866,1
0.6627,1.0314,2
0.16534,1.9069,2
5.0143,0.89559,2
-0.56067,-4.8339,1
0.89205,1.5129,2
0.17246,1.5668,1
-1.0518,1.0201,3
1.6908,2.2212,2
-2.8906,-4.5434,2
0.89994,3.137,2
-0.88709,3.3919,2
2.3277,-3.813,2
-3.0202,4.4541,2
-1.3402,-2.1731,1
1.1458,-0.21011,2
2.6385,2.9004,2
-2.4238,-3.3487,2
5.4329,8.2367,3
-0.87299,0.37108,2
2.0321,-0.28835,2
1.8662,1.6385,2
0.43737,-0.67109,2
2.575,-2.2283,1
-0.08402,-0.31603,2
1.232,-0.50232,2
-1.1933,1.5582,1
-2.9391,-1.2249,2
2.9067,-1.398,2
3.0329,5.004,3
-2.7855,0.59108,1
2.4696,-1.1759,2
0.70621,-1.3347,1
-1.8873,5.3594,2
1.1773,-1.7084,2
-5.3417,-0.65559,1
-3.7206,2.7447,2
0.45766,0.33328,2
-0.98866,-0.09587,3
3.1057,3.6489,3
0.95405,-1.1936,1
0.49194,-2.2244,2
-2.7567,-4.215,1
6.5863,2.37,3
-2.8745,-3.3813,1
-0.030736,-4.065,1
4.589,2.8851,3
-3.0075,4.3823,2
1.0886,1.5753,2
-4.4679,-0.80635,1
-0.78506,1.0869,2
-0.23902,-1.8614,2
-0.71011,1.0278,2
-3.0648,2.5706,1
0.46539,2.1397,3
3.5045,-0.38481,3
-1.7218,-0.20986,2
-1.8294,0.88334,2
0.97863,2.134,2
4.1871,-2.5073,2
1.7141,1.7787,3
-0.72889,-1.5051,1
3.2194,-2.8754,2
0.55574,0.90941,1
-4.6825,1.241,1
1.4835,-0.81652,2
-1.4902,-0.1361,1
1.7208,-0.33626,2
-1.2022,-1.1833,1
1.7362,3.1033,3
-0.75665,-1.1311,2
5.5355,-2.2834,3
-0.88983,1.888,2
1.3214,2.5096,3
-0.63084,-2.9597,1
-0.19764,0.36583,1
1.4769,1.0715,3
6.965,-0.43849,3
-1.2293,-1.3609,2
1.5346,-1.1202,2
-0.76268,1.621,1
0.18276,-1.011,2
-0.085912,0.81041,3
0.84885,1.1581,2
-3.0988,-3.1226,2
-3.1662,-0.20905,2
-0.32542,0.9767,2
3.3909,-2.4373,1
-0.34277,0.37229,2
0.18761,0.58152,2
-2.2897,-1.0232,2
-0.69826,0.41962,2
1.2383,0.91161,2
-5.2652,-1.0829,1
4.3288,0.94458,2
1.451,-0.261,2
2.6227,4.6533,2
-2.8307,-2.4242,1
0.83125,-4.1944,2
0.1761,4.0908,2
0.18294,-0.47494,2
0.75278,2.4004,3
-0.81294,-2.237,2
-3.1676,0.26761,2
4.9162,2.7181,2
1.8184,-0.64843,2
-2.9741,-2.5175,1
1.0691,-2.8766,1
-1.2517,0.6878,2
0.395,-2.8251,2
2.3599,-1.2548,3
-1.5414,-2.4203,2
-1.5137,-2.1955,2
-0.91041,-3.7521,2
-2.8576,1.3411,3
-1.8185,-3.0719,2
-0.73459,1.624,1
-0.81947,2.1308,2
2.9089,-2.1313,2
-0.21259,0.19491,2
0.73499,-1.5278,2
2.4709,0.89379,2
1.8848,0.79236,3
-0.60355,-0.12424,2
0.30314,-4.1461,2
2.6219,-1.836,1
-1.0644,1.3271,1
-1.6039,0.89483,3
-0.98927,2.5191,2
1.6286,-0.45783,3
0.048451,-0.10085,3
-3.2665,-2.7139,3
-3.6572,-1.5706,1
0.51702,-2.786,2
-1.3717,1.986,3
3.3025,-0.90987,2
-6.6488,0.14237,1
2.2438,-3.0682,2
4.8486,-3.3095,1
-3.2123,-1.0272,1
-1.1093,0.97797,2
3.3223,-0.59842,2
1.9355,3.1197,2
-1.0421,2.008,3
3.2297,3.0894,3
0.99629,-1.6805,2
-0.17189,-0.98232,2
0.62973,-0.9632,2
5.1038,3.4381,2
3.4702,-1.0667,2
0.47147,2.3441,3
-0.73315,-0.83127,3
-2.4298,3.1284,2
-2.1881,-2.7602,2
3.3969,-0.85204,3
-0.95694,3.4635,1
-3.4831,-2.9957,2
6.0104,-1.1153,3
-0.56464,1.9528,1
-1.4664,0.80704,3
-3.0694,-0.6465,2
2.9048,0.46739,2
-2.6149,-3.6878,1
3.3542,-0.80094,3
-1.3402,-0.097203,2
0.0293,1.6134,2
-2.0313,1.2738,2
-1.2751,1.6592,2
-3.1566,-0.15509,2
0.17152,1.7834,3
-1.5151,2.2158,2
6.0144,2.0825,2
2.8721,-3.4193,1
-0.30953,-2.5778,2
3.2479,3.3797,2
-4.0479,-4.1427,2
4.5594,-0.18393,2
-1.6022,-2.6708,1
-3.6623,-1.1187,2
-4.6648,-0.26164,2
0.6887,-0.54031,1
2.1964,5.4411,3
3.7372,-0.51838,3
-0.84442,-3.6855,2
-1.6609,0.59669,2
-0.56752,0.71018,2
3.7979,0.70226,3
-2.3585,-0.65959,1
-1.6812,-0.26188,3
-2.7737,-2.5748,1
1.3904,2.6763,2
-0.88588,-1.4296,2
1.927,2.3418,3
-0.15743,5.141,2
-0.82888,3.7403,3
1.6114,0.19924,2
-4.1586,-2.1959,2
1.5013,-0.073304,2
-0.7675,-0.9096,2
2.0725,1.1221,2
3.4182,-0.4428,2
1.724,3.9238,2
-2.784,-3.3391,2
2.3786,-1.1459,1
0.97083,-5.196,1
2.1979,0.32635,3
1.9021,1.2554,2
-1.0849,0.80203,2
-1.8283,3.0021,2
1.3134,-0.69081,2
0.58321,0.86265,3
-0.4374,1.262,2
-6.2804,-3.4581,1
1.9056,2.6794,2
-1.9489,-2.2985,1
0.97228,1.3849,2
-1.9173,1.4685,3
-2.5949,-1.9865,2
-0.30553,-0.32873,2
3.5955,-1.3959,2
-1.9318,-1.1284,2
1.9521,-0.82468,2
-1.7998,-1.5489,1
0.84458,2.9713,2
-2.4387,-3.1148,2
-2.2501,4.8004,2
-1.0043,-1.8429,2
-2.6774,-1.3181,2
1.5818,3.1807,3
-0.63087,0.69604,2
-2.3805,-1.5425,1
-1.1192,0.99261,2
1.5838,1.5652,1
-0.15873,1.5937,3
-3.1698,-0.22887,2
1.5514,-2.8198,2
-2.6106,4.8923,1
0.35737,1.3811,3
1.6462,-1.3118,2
0.27713,-0.10379,1
-2.743,-3.9235,2
-1.6987,-0.42582,2
2.2355,4.4589,2
0.070003,-0.57631,2
1.3997,-1.7596,2
-1.7503,4.143,3
0.43292,-3.3651,3
0.0699,-4.0315,2
-2.5251,-0.14486,2
-4.9552,-1.8444,1
1.4578,-0.67056,1
-4.3858,-2.3949,2
2.4645,5.0348,2
-1.2244,0.44381,2
-2.0708,-0.67991,2
-1.9635,-1.011,1
-2.8284,2.0654,1
-0.40787,-2.4808,1
3.1452,0.84607,3
-1.3132,-4.502,2
-3.685,0.1404,1
-1.097,-1.9383,2
3.6512,2.3975,2
1.066,2.6303,3
0.81113,2.421,2
-2.6698,-1.6155,2
-1.671,1.0186,2
-2.7928,0.17729,1
1.0242,-2.4164,2
-0.31403,-1.8966,2
-1.1217,-3.4642,2
4.8506,-0.5317,2
-1.3135,0.10991,1
3.0031,0.11198,2
4.2856,1.0371,3
-4.8816,-2.2962,1
2.5395,-3.0999,1
2.1658,-1.9957,1
0.9691,0.48812,3
-1.7678,-1.407,2
3.2249,3.2004,2
-3.3437,1.7054,3
2.2535,4.359,3
-3.2143,0.12598,3
0.96731,-0.90983,2
-1.7941,-3.6455,2
-5.7501,-1.9088,2
3.934,4.7689,2
2.3046,3.5369,2
-2.7292,-0.77334,3
-2.8639,-1.6392,1
-1.001,-4.1362,1
-1.6101,-0.75264,1
2.493,1.4908,1
-2.2093,1.7375,2
4.1682,-1.8174,2
-0.53439,-2.6657,2
-3.3487,-2.8246,1
-1.0986,2.9714,3
0.75624,0.70151,2
1.1243,0.84155,2
-0.36913,1.1448,1
4.6848,-0.81821,2
1.8121,-0.92813,2
-0.75409,0.2579,2
-1.0381,-3.0711,2
5.5415,1.7618,2
-0.21504,1.5402,2
-2.1485,-1.2498,2
0.19763,3.7715,2
-0.65824,-2.8424,2
5.1676,3.719,2
0.38178,4.6199,3
-1.8877,1.4487,1
-1.5671,0.52635,2
0.75046,-2.6338,2
1.0925,0.76838,2
-0.18016,-1.0691,1
5.1664,0.63543,3
-0.29478,0.47441,2
-2.5644,1.1039,1
3.6553,1.5408,2
-3.2374,4.3131,2
4.6814,3.9695,3
-0.53338,-1.7631,2
-3.4557,1.0176,1
-1.7307,-0.60468,2
2.7306,1.6244,3
0.31489,-1.0246,3
-1.0826,-0.24008,2
-4.2457,1.7386,2
-1.1875,-3.5895,3
-3.1878,-0.0096771,2
0.42274,-1.8896,2
-0.77397,2.192,1
3.1262,2.7117,2
1.6852,3.7544,3
1.0174,-1.8783,2
0.20322,4.2296,1
-0.47624,-1.1459,2
-3.3384,-2.6905,1
0.52318,2.9768,2
-1.0356,-2.106,2
-0.23315,-2.7643,1
-4.0765,1.7612,1
-2.231,-0.95674,3
3.5178,-0.056755,1
0.88036,-1.0206,2
1.1168,-0.25675,2
1.6065,-0.63285,2
1.2639,0.44141,3
-4.2697,-3.8389,1
2.4,0.26042,3
2.4963,2.4679,2
0.9576,1.2768,2
1.8677,-0.14311,2
3.8823,-0.74398,2
-0.92218,1.4577,2
0.13786,-1.0528,2
-0.28319,-1.3932,2
-1.1843,-4.2127,2
-2.4621,-1.316,2
-2.7039,1.1368,2
-0.71354,-6.1812,1
4.5026,2.0617,2
-3.5652,-5.9444,1
1.7083,-0.36048,2
1.5262,2.8134,2
-1.6667,0.031009,2
-2.507,2.6357,1
1.6591,1.6722,2
-2.8713,1.0091,2
-0.86659,3.4493,2
3.7212,-0.98406,3
-0.24068,-2.4162,2
-2.7082,-3.8027,2
6.6605,4.043,3
-2.2733,0.46487,2
1.4364,2.7594,1
4.6028,0.47127,3
2.7018,1.1745,2
5.118,2.4694,3
-0.32761,0.12595,2
0.11933,-1.9878,2
1.9066,2.6064,2
2.3957,0.88963,3
4.9507,2.5082,2
2.0953,0.11029,2
-2.1186,1.5942,1
3.2979,2.3849,3
0.73912,-2.7864,2
-0.043771,-1.44,2
3.6197,7.0706,3
1.9826,4.6239,2
0.011435,-2.8667,2
-0.90264,0.92944,2
-1.4236,-0.097958,1
1.0724,-2.5286,2
-1.1505,-2.0087,2
1.83,-1.6205,2
-2.5876,2.9829,3
2.2551,2.1822,2
-3.4737,-5.3022,1
-0.29473,-0.68833,2
0.70359,3.42,3
-1.3939,0.50183,2
-1.5503,-0.49939,1
1.6629,3.4122,3
3.6997,0.22437,3
-5.4439,-1.8973,1
0.0039404,2.5508,2
-1.5543,-0.023575,2
1.7807,-2.8771,3
-1.1765,2.6413,3
-1.6426,-0.33137,1
2.6531,-0.94619,1
1.3336,-0.10752,2
-0.83182,-1.0192,2
0.11187,0.34254,2
0.052184,0.6204,3
0.71497,-2.2967,2
1.7467,0.47563,2
-1.067,-0.20919,2
-0.72545,-3.0002,2
4.3559,0.28739,2
-1.9008,-3.1343,2
-2.6398,-4.4638,2
1.0715,1.3865,3
-0.23344,-2.7431,2
-1.5848,-4.1357,2
-0.54396,1.3072,2
-1.7868,2.9633,2
-1.4235,-2.2908,2
1.0523,2.1311,1
-0.73256,0.6758,1
1.2584,-2.5978,3
-1.0482,-1.4397,2
-0.73661,1.7123,2
1.2841,-0.28096,1
1.365,3.9509,3
-0.54569,0.73749,2
1.9638,1.4587,1
3.6459,2.1069,3
-3.0585,0.46362,2
-0.59462,-1.3142,2
-2.2707,-2.9552,1
-1.6835,-4.5686,3
0.95265,0.96357,1
-0.36224,1.2126,2
-1.7132,-3.0166,1
0.80236,-0.26751,2
-3.7349,0.55358,2
1.8527,0.87164,2
-0.61237,-2.1774,1
-1.6873,-1.5652,2
2.0453,-0.89073,2
2.841,-0.75012,2
-2.5865,-3.3314,2
-0.46462,2.5799,3
2.0975,-4.5366,1
-2.8766,-0.40758,2
-2.7992,-0.46573,3
-3.9522,-1.7977,2
3.4939,0.56944,1
3.6353,0.36805,3
1.6251,1.7941,3
0.40358,2.6066,2
0.76716,2.5088,3
8.5263,0.37683,3
-1.6187,-3.4177,2
-0.39615,-3.47,2
-1.6508,-0.19824,2
2.1585,-1.274,1
1.2105,-0.75853,2
-1.0681,1.892,2
-0.32585,-2.5042,2
0.24606,-2.4975,1
3.7448,-1.2808,1
0.64282,-1.4825,1
1.6931,1.6286,3
-1.611,-1.4241,3
1.1883,-1.5395,2
-3.7469,1.5089,3
2.6244,0.27892,2
-0.87828,3.1671,2
0.89671,-2.8379,2
3.7273,0.15294,2
-0.57614,0.91015,2
2.8194,-0.2544,2
-0.54089,3.1516,1
0.57414,0.86561,3
-3.6738,-0.52613,1
-0.169,-1.7997,2
1.6524,2.5539,2
1.3201,-0.53336,3
1.3964,5.0247,2
-0.41665,-0.77827,3
-0.33936,1.9432,2
-3.6683,-3.2333,2
0.77639,0.43328,2
2.7078,-2.064,2
2.8251,1.3754,3
3.7621,-0.4791,2
-1.3526,1.3464,2
-1.2178,-1.5584,1
-4.5683,-5.4722,1
-0.092768,2.6467,2
2.9905,-0.63797,3
1.3275,0.49919,2
1.3888,-0.15574,2
4.4001,5.0071,2
-1.1092,-2.9212,2
0.35878,0.87346,3
1.5431,0.81634,2
-1.8945,0.59314,2
6.3554,-0.33797,2
2.1511,2.9899,2
1.254,2.2663,3
2.0008,2.2824,3
-1.901,2.7861,2
0.29374,-3.815,2
-0.40762,2.3046,1
-1.5055,-3.0292,2
-1.1486,1.9856,2
-2.6744,-4.8044,2
-2.5844,-2.4238,2
4.5381,-1.6391,2
0.041447,0.3351,3
2.8309,1.7163,3
0.43712,3.6879,2
-0.90338,-2.3215,2
1.2082,-3.4806,2
-0.39575,-1.454,1
0.54214,-2.5716,3
0.79339,2.4521,2
-1.1238,-5.2364,2
-0.27132,1.3238,2
1.4378,-2.2675,3
-5.5363,-1.8294,1
-3.2364,-7.9148,1
0.0071892,-0.32959,1
0.36788,0.79836,2
-3.8451,0.92978,2
-2.0659,0.17626,1
-5.668,-1.4214,1
-0.7629,-0.61608,2
0.29643,-3.1324,2
3.4388,-0.68082,3
3.5706,2.6799,3
-1.6875,-0.60822,1
1.9052,-1.4815,2
-4.3301,-2.0476,1
-2.627,-0.95934,2
4.1197,4.381,3
1.5431,1.1047,1
-3.1115,-1.904,2
-1.3688,2.9812,2
0.36442,2.5878,1
2.6362,-0.82972,1
1.9208,-4.4188,2
-2.4077,-2.641,2
-1.6224,0.18628,2
-0.30174,-2.4077,2
-2.7042,-2.3604,2
1.1073,-0.55987,1
1.8777,-2.7504,3
-0.038576,2.3639,2
-2.365,-0.82305,2
0.36752,0.44412,2
2.3608,0.46817,2
0.060156,-2.3818,2
1.353,2.0169,2
2.864,2.1459,1
1.5955,2.9876,2
0.090693,0.30742,2
1.4779,-0.17555,3
