1.1289,1.9439,3
2.9213,-0.57539,3
4.6757,0.41357,3
0.29795,-0.67822,3
1.9843,1.7333,3
2.6117,-4.635,3
2.1611,1.5058,3
4.8226,-2.4131,3
2.1471,3.5588,3
4.4843,-0.98941,3
-1.6246,1.5166,3
0.64208,3.3246,3
-2.3164,1.2764,3
2.6523,2.0456,3
-1.7572,-0.49114,3
0.14302,0.08382,3
-0.41837,3.0518,3
-0.28148,1.6568,3
1.2161,1.4507,3
2.3146,1.2441,3
5.4757,7.5401,3
0.923,0.14746,3
-4.4629,-0.82489,1
6.9922,7.2648,3
2.4964,4.1053,3
4.7028,-1.3487,3
6.6651,7.939,3
-0.576,2.2343,3
8.1564,6.2897,3
-3.0321,-1.2476,3
1.438,2.5361,3
2.6834,-0.22183,3
6.5047,1.1024,3
-2.6972,2.0885,2
3.7545,-0.65095,3
1.1166,3.9076,3
-2.0224,-2.2302,3
3.9077,3.5723,3
0.9152,-0.79658,3
2.4155,1.5018,3
-3.6,0.26311,3
4.1414,3.2426,3
5.3922,5.5799,3
4.0454,2.667,3
-2.5568,1.2872,2
0.45078,3.3585,3
4.8261,4.1872,3
-5.7578,1.9066,2
-0.90559,3.7208,3
0.91632,2.9199,3
3.2712,0.13217,3
-2.4102,0.52604,2
6.2287,3.9955,3
2.4464,2.7122,3
2.0816,2.8673,3
2.5767,1.6964,3
1.6373,5.7236,3
6.7923,8.1821,3
2.9118,0.95305,3
2.7506,1.054,3
-1.3042,2.6392,3
6.1875,-2.2001,3
0.29993,0.007358,3
2.6385,3.2869,3
-1.2871,2.3046,3
-1.1415,1.801,2
-3.6231,-1.1814,3
2.2592,-0.071725,3
1.7633,3.5072,3
-1.1244,0.80294,3
3.1876,-0.62516,3
5.3011,8.4404,3
1.2428,-0.13234,3
0.32696,-0.12061,3
-2.5722,0.35243,3
0.19999,1.5575,3
-1.0885,2.2093,3
-1.4675,-2.262,3
6.0711,4.0705,3
3.4486,1.8377,3
0.90394,-0.61836,3
2.9273,4.9359,3
2.2444,1.5199,3
-0.84757,2.6341,3
4.7696,3.9262,3
-1.6538,1.0953,3
3.5281,5.7063,3
0.031712,6.9479,3
2.8515,2.2773,3
0.53832,3.3791,3
3.3802,-0.13533,3
-1.0065,-0.45816,3
-0.73429,2.5946,3
2.0702,3.7977,3
1.0051,-1.77,3
2.3673,1.2051,3
1.9414,5.5113,3
-1.5783,3.8279,2
5.14,2.0193,3
3.3393,3.3489,3
0.88501,4.1267,3
-0.47909,-0.19426,3
0.22743,0.085938,3
6.0874,3.2061,3
-1.9988,0.82542,3
4.1337,0.65781,3
-1.0427,-0.32204,1
6.4335,1.3736,3
-0.86949,5.0169,3
4.3365,2.2555,3
4.8865,4.2709,3
2.2916,4.4581,3
1.7514,1.1711,3
1.6123,-0.2465,3
-1.0145,1.3618,3
-1.8441,-0.57932,2
1.9349,3.3778,3
0.75672,-3.2525,1
-0.23099,-0.6926,3
3.825,1.5687,3
3.3287,1.8636,3
2.1804,0.46939,3
-1.3294,-1.0555,2
-3.7233,-0.17089,3
3.1561,1.0856,3
1.3819,0.45459,3
-0.61295,0.52663,2
-1.2982,-2.4302,1
0.090296,-3.0414,3
0.48477,5.9999,3
2.2165,-1.0624,3
4.2213,-1.6564,3
-1.8725,-1.2263,3
6.0523,1.107,3
4.2265,5.1516,3
1.3786,6.5466,3
1.2336,5.1865,3
0.69982,3.6103,3
2.4518,0.74915,3
2.3225,-0.25586,3
4.3491,3.3361,3
4.6233,0.20267,3
1.9791,-3.1749,2
1.3019,3.0287,3
0.99792,4.5077,3
-1.5448,-0.55446,3
0.2046,2.8246,3
1.6036,1.9897,3
6.4577,5.3984,3
2.0435,2.1733,3
2.2586,2.049,3
1.6449,-3.1339,3
0.75645,0.7535,3
-0.40254,1.0181,3
1.4062,0.33352,3
-4.2937,-0.61456,1
4.499,4.8863,3
-0.28612,0.58743,3
-1.1972,-2.9336,2
-1.143,-0.35625,3
1.3204,2.0303,3
1.9629,1.0594,3
-1.2407,-3.561,3
-3.6196,-0.59357,1
0.36217,5.3052,3
2.97,1.3606,3
1.2066,0.37788,3
0.87098,3.4695,3
1.2237,-4.4127,2
-0.31966,1.6923,3
4.4481,2.5355,3
-1.6331,-0.4072,1
-1.2739,2.9696,3
-0.83608,-2.6998,3
-3.8724,-1.8013,3
2.2966,4.5792,3
3.1888,0.49546,3
3.3361,4.739,3
2.8783,4.4527,3
4.7838,0.41241,3
1.9073,2.3584,3
0.44015,1.9795,3
0.15264,2.0895,3
-0.97335,4.0815,3
-0.32149,1.5131,3
1.8061,1.1769,3
0.91837,-1.063,2
-1.4805,-0.027023,3
3.4871,1.4174,3
4.471,0.79786,3
3.3946,2.385,3
-0.32301,4.3869,3
3.8225,1.1262,3
4.0792,0.33781,3
3.1722,0.5827,3
-0.18874,0.65571,3
3.1109,-0.27872,3
1.5551,0.84304,3
-0.52749,2.3792,3
-3.2924,-0.14559,3
0.82524,-3.5774,3
1.7515,2.3656,3
2.0807,4.4842,3
4.1948,5.3516,3
1.9792,0.60077,3
4.1436,2.9743,3
-1.1934,4.0765,3
5.7577,1.4763,3
6.3593,4.8154,3
4.2287,1.4164,3
-0.20349,5.4211,3
1.6874,0.7466,3
4.1754,3.756,3
-2.3021,-2.1398,2
3.4149,0.95846,3
-0.10124,2.9138,3
3.4829,2.1358,3
4.6471,1.3151,3
0.9426,0.17017,3
5.326,2.2956,3
-0.80324,1.9752,3
5.1044,2.8699,3
3.5056,3.0586,3
1.4908,1.0895,3
-0.16912,0.099981,2
1.4859,2.248,3
0.54965,-1.0706,3
-2.0296,0.25669,2
3.1694,6.6229,3
5.9395,2.8153,3
3.6378,0.41218,3
6.3049,1.7197,3
1.6607,0.29343,3
3.8341,2.4429,3
3.6756,5.6458,3
0.32383,1.4787,3
3.3477,4.032,3
-1.0022,2.3517,3
-1.9101,-2.25,3
-0.36128,4.1699,3
2.316,3.7051,3
4.8802,3.1729,3
5.611,0.74116,3
2.116,2.8566,3
0.67412,-1.089,3
1.8961,1.4564,3
3.945,0.76904,3
0.78102,1.9836,3
-2.9111,-4.4938,1
1.0186,5.0614,3
2.4847,-0.61732,3
2.1175,1.5544,3
1.3375,-0.66407,3
4.1676,2.3438,3
3.6425,-0.8419,3
0.64191,2.4282,3
-0.67803,-1.8793,3
2.0111,4.0842,3
3.6751,2.0214,2
3.6369,8.3999,3
-5.9306,-1.4925,1
2.9018,4.677,3
4.4128,0.48483,3
0.48486,3.1008,3
-0.15823,3.9925,3
1.8818,2.1396,3
-0.1358,0.73716,3
1.4505,7.1828,3
10.143,4.6995,3
0.082549,4.5241,3
0.86664,1.3921,2
0.49739,1.2736,3
1.15,1.2881,3
1.5182,0.081979,3
2.5267,0.7764,3
1.3472,-1.421,3
-3.3075,2.9814,1
2.7245,3.1875,3
3.0009,2.2104,3
3.4362,1.1639,3
0.46149,2.8913,3
1.647,1.4935,3
2.1193,2.5162,3
0.55989,5.1921,3
5.4768,4.7777,3
1.3955,0.52037,3
1.7465,2.4033,3
4.16,4.1473,3
-0.89956,-0.3913,2
2.4417,3.1301,3
3.3441,2.1911,3
1.3995,3.7596,3
2.8604,-0.15731,3
3.5572,0.00095038,3
0.13636,1.5261,3
7.6003,3.1043,3
2.0649,2.6557,3
-4.665,6.2372,3
4.0954,7.0303,3
0.37724,0.97206,3
-0.90341,-1.6902,2
2.5769,1.934,3
5.6845,5.8131,3
0.21449,2.2696,3
1.5092,1.2553,3
3.0476,1.0033,3
0.47192,2.0159,3
0.4132,2.8273,3
1.2529,1.9647,3
-1.8795,2.3025,3
2.256,1.1018,3
-0.62994,2.2975,3
2.7174,3.0574,3
-1.4275,2.7135,3
-1.5434,1.6323,1
2.6092,2.4806,3
-0.56495,0.57042,2
0.80247,-1.0826,3
3.9069,1.7729,3
3.6498,4.9653,3
1.0612,1.7821,3
1.4292,3.9942,3
0.22075,0.95785,3
2.3469,-0.17029,3
0.76356,1.6188,3
4.1656,3.6626,3
0.99791,-0.95457,3
-5.0837,1.7911,2
4.5348,3.6563,3
-0.77771,4.1279,3
0.067372,-0.14631,3
0.55728,3.5329,3
-0.21992,3.5738,3
2.987,2.8544,3
2.9351,0.14997,3
3.198,1.0003,3
4.0372,6.7029,3
1.2803,1.6227,3
2.1631,-3.8026,3
-0.15931,-1.2381,2
-2.3115,-2.5101,2
0.37173,2.4845,3
1.6699,2.3868,3
4.7718,6.0856,3
2.3679,0.89384,3
0.94678,1.0672,3
-2.3713,-0.36457,2
0.47342,-0.98545,3
1.0543,1.4419,3
0.63875,5.7012,3
-0.10269,0.72598,3
4.7098,2.4828,3
-0.035184,1.4397,3
2.0369,1.7616,3
0.93933,2.6273,3
0.90618,4.0999,3
-0.57706,-0.18232,1
-2.0102,-0.51927,3
-1.0448,2.2251,3
-1.9018,2.3679,1
1.6384,4.0989,3
5.3721,1.6602,3
-1.9569,-1.5848,3
-3.3747,-0.2722,2
3.6052,0.96474,3
2.8561,5.147,3
-2.4593,-1.3995,2
4.2206,9.0205,3
0.71829,-0.92089,3
0.32047,0.83021,1
1.4534,1.4931,3
2.1034,-1.2603,3
-6.3812,-7.4923,1
3.3073,3.6252,3
3.9516,1.9789,3
0.96277,1.907,3
2.6128,0.66311,2
3.84,1.8327,3
3.5232,3.6038,3
0.24159,0.84805,3
3.7502,2.8185,3
-1.4774,1.4285,3
2.8189,2.8426,3
-3.5764,-1.5574,2
3.4242,4.4536,3
3.359,-0.74031,3
1.1134,-0.95563,2
-3.276,-2.9073,1
3.4704,4.2998,2
1.8406,1.8149,3
3.6098,1.643,3
-1.55,4.6163,3
1.8364,0.90659,3
-1.8323,-0.1959,3
-1.0971,-4.3696,1
4.1147,3.9741,3
0.088194,1.7663,3
-1.4567,-0.60351,3
0.41555,1.7031,3
1.977,-2.5514,3
0.25096,-1.3328,2
-0.71914,-1.5583,2
0.99812,0.77666,3
-0.098647,-0.74059,2
2.7689,-1.914,3
4.0371,7.2962,3
1.6192,4.1556,3
-1.5186,-3.0102,2
0.06026,-0.19135,2
4.6137,0.70684,3
-0.57904,1.6451,3
0.18918,2.323,3
1.0415,1.2463,3
1.1187,3.1117,3
3.4913,0.53024,3
2.1567,0.17283,3
0.26227,2.4589,3
-1.6062,-2.937,3
3.1347,1.1411,3
2.2587,0.075986,3
3.7352,6.8092,3
0.40444,2.6963,3
-1.9231,-1.188,2
4.589,2.5421,3
0.43345,2.292,3
1.4876,1.7532,3
3.3487,-1.3123,3
2.3479,1.8459,3
4.7047,2.8995,3
-0.50605,0.03531,3
5.8374,-0.92468,3
1.8897,1.4562,3
3.113,2.2166,3
2.1529,3.7388,1
1.7593,-2.3108,3
1.0631,2.9564,3
3.9818,3.2995,3
3.7567,-2.8205,3
4.1283,-2.7594,2
5.2617,1.4158,3
0.48916,1.6364,2
0.63066,3.0538,3
-0.0020549,-2.1023,3
4.1212,2.3216,3
0.15189,2.8359,3
-2.0939,1.7943,3
-0.33256,-0.81963,2
0.2315,1.9696,3
0.54998,1.9525,3
0.32247,-1.0894,2
5.6651,-0.061796,3
5.1594,5.0364,3
2.0009,4.8965,3
1.1963,1.811,3
0.24928,-2.1218,2
2.0998,3.7,3
2.2223,0.4068,3
-2.7325,-0.6109,1
3.1776,6.5012,3
5.2797,4.3301,3
4.5591,1.358,3
-2.7618,-0.38415,3
0.8979,0.26255,3
6.7136,5.1832,3
2.3758,4.3752,3
5.4726,2.5268,3
0.99878,2.5042,3
4.8595,5.2971,3
0.38171,3.2174,3
-4.5208,0.7654,2
2.2082,1.75,3
0.56623,1.8447,3
5.3822,0.077868,3
-1.7676,-1.987,3
4.7118,2.2311,3
1.6739,2.1931,3
2.3411,-0.068519,3
-4.3503,1.2264,3
5.4293,4.2689,3
1.3171,-1.6097,3
2.2572,1.2065,2
1.5159,0.94373,3
0.49337,2.3684,3
-4.3454,-1.0302,3
2.6682,-0.97325,3
1.1965,-0.16428,3
1.689,3.9345,3
0.37108,-1.0879,2
-3.9946,-2.6505,1
8.1169,6.2326,3
5.3516,0.58474,3
4.0504,-2.0771,3
-0.90292,-3.0152,2
1.346,0.083304,3
3.2264,2.4682,3
0.86126,6.9383,3
8.2604,3.3254,3
-2.7315,0.011115,3
-1.8006,6.776,3
3.6441,3.3916,3
5.7334,0.24255,3
-0.71201,-3.4522,1
-4.0546,0.3139,3
3.3672,1.4404,3
7.9736,9.1667,3
2.6019,2.8905,3
0.48905,-0.047444,3
1.6408,2.6259,3
0.11692,2.7391,3
2.1314,6.8113,3
0.38041,1.2905,3
1.1119,2.4707,3
3.6295,1.3092,3
0.99991,0.82372,3
-0.71218,4.7614,3
0.20233,5.3569,3
2.0184,3.6883,3
0.55612,1.6699,3
1.8571,-0.023919,3
0.79412,-0.53584,3
2.6409,0.23416,3
-1.6763,-3.4536,2
1.7509,3.8364,3
0.096522,3.3152,3
2.3695,0.47501,3
8.2878,6.4158,3
-1.6943,3.0737,3
4.1384,3.0885,3
3.7417,2.0067,3
3.6584,3.1778,3
4.5846,0.14358,3
4.3304,1.9858,3
2.308,-1.6557,3
2.6441,4.1289,3
0.13273,4.1022,3
0.98069,2.6564,3
-0.67935,2.2121,3
-0.081551,-0.26654,3
-0.16331,2.479,3
1.2411,2.5722,3
0.059674,2.845,3
2.059,5.5507,3
2.7407,0.55567,3
0.46836,1.4546,3
-0.94602,-3.3048,1
2.2338,0.5295,3
-1.8449,-0.37394,2
5.3624,3.9258,3
6.5606,4.1709,3
-2.0007,-1.4741,2
2.4489,-1.9549,3
7.0865,5.0451,3
3.8694,5.8537,3
-4.0277,0.85561,2
0.4993,0.68311,3
-5.4007,-5.7965,1
0.43961,1.0172,3
0.12335,-0.11157,3
1.5963,1.0321,3
4.353,4.5689,3
1.1735,1.0368,3
2.614,2.408,3
1.184,-0.70287,3
1.3029,-0.39367,3
-0.78355,0.97981,2
-3.9685,-1.2322,1
-0.45016,6.1145,3
0.70297,-2.5918,1
-2.2558,4.217,3
1.4414,2.4176,2
-0.86432,2.2857,3
7.5397,6.1688,3
3.3662,-0.33864,3
4.2936,0.35857,3
1.5658,2.7347,3
-0.54944,0.5037,3
2.2041,0.69403,3
2.3314,2.4374,2
2.4556,3.3557,3
-3.2186,-3.1332,3
0.66429,-1.0828,3
3.0452,0.46653,3
6.7011,7.9514,3
4.065,3.4376,3
4.988,2.0433,3
0.96508,1.7115,3
5.6433,0.30273,3
2.4693,2.6683,2
2.7765,5.591,3
1.1329,2.4491,3
2.1866,4.5644,3
-3.8572,1.0139,3
2.0779,2.9008,3
3.7421,3.19,3
-3.1357,-2.7967,1
-1.2244,2.1139,3
5.6538,1.7435,3
1.4386,2.2664,3
0.92053,6.3003,3
0.90779,3.314,3
0.73302,3.6719,3
-0.98446,4.45,3
0.69189,4.3732,3
3.6855,3.27,3
1.7727,-1.6134,3
0.66901,0.99837,2
1.0686,2.3595,3
2.3954,1.9205,3
0.62289,-1.1708,3
-0.090025,-2.1947,3
-0.94206,0.041251,2
1.0874,-1.7771,3
4.4094,1.3135,3
4.9712,0.63051,3
3.319,-0.018119,3
2.8703,3.732,3
4.8725,3.1975,3
-1.2714,-0.62479,3
-0.19526,1.8011,3
3.0926,6.0544,3
3.6686,-2.0118,3
1.4909,2.822,3
2.6224,-0.32146,3
3.2726,0.09543,3
-0.78588,3.6179,3
-0.5229,0.60959,3
3.5807,-1.0623,3
-0.012327,4.1087,3
0.93766,-3.4771,1
4.5779,5.4888,3
1.5088,0.0034641,3
3.8997,3.0631,3
1.5847,-0.18327,3
3.3832,7.1443,3
-1.2675,-2.1557,3
-0.65764,-1.8291,3
-2.0366,-0.7732,3
3.5189,0.85683,3
3.7083,1.151,2
0.27912,0.0083322,3
-1.1065,3.1749,3
-1.3574,-2.188,3
-0.22762,3.6812,3
-0.34613,-1.7505,3
4.5563,-1.4008,3
-0.74136,-1.7227,1
2.3894,0.44344,3
-0.84538,1.322,3
5.3269,-3.6581,3
1.3281,4.541,3
3.5699,4.8591,3
-0.099146,-0.45926,3
0.61908,3.0651,3
4.8493,5.9953,3
-0.59517,2.4104,3
0.95346,3.0708,3
-0.40438,-1.5035,3
4.9345,6.0595,3
1.2244,-0.32645,1
0.20237,-0.13147,2
3.9185,4.1838,3
-2.4838,2.5843,3
2.4496,2.2694,3
2.6344,4.5781,3
1.854,1.7382,3
3.3323,-1.6456,3
2.48,5.1693,3
2.1471,0.49839,3
2.6137,1.6992,3
5.7897,1.3953,3
-1.4041,4.46,3
3.3487,0.65173,3
0.66976,4.2626,3
0.084539,-3.5074,3
2.286,6.6513,3
1.8254,1.2578,3
0.51544,2.5217,3
3.4962,3.088,3
1.801,1.8064,3
3.2165,1.334,3
3.1794,3.5095,3
-1.4195,3.9809,3
2.8571,0.56138,3
0.83264,3.0499,3
4.3036,-1.4815,3
0.91854,-2.239,3
0.078063,1.8436,3
-1.5586,5.1946,3
-1.0734,2.7564,3
1.9489,2.8187,3
-0.11312,-1.71,3
2.0081,3.3151,3
-1.4381,-3.6911,1
3.7175,-0.21349,3
3.495,3.085,3
-1.845,0.020785,3
-2.0031,-5.4046,1
1.8004,-0.76401,3
-0.66802,1.0935,3
2.0933,2.2725,3
1.2729,3.9948,3
1.5231,5.2443,3
0.60955,3.7157,2
2.7426,-0.96779,2
2.4897,1.3883,3
2.3943,0.99882,3
4.1336,-0.53645,3
1.0424,4.0189,3
-1.3515,-0.50986,3
4.2277,4.2852,3
2.8066,1.6828,3
7.4416,3.9739,3
4.5869,2.2631,3
2.2808,0.68439,3
8.2917,-0.28418,3
1.1922,1.8498,3
2.9213,1.3486,3
-2.0931,-1.7943,1
6.0707,2.6649,3
2.2025,3.2454,3
5.4283,2.3249,3
-0.70092,2.301,3
4.0232,2.7551,3
6.2688,4.1022,3
-0.064645,2.8953,3
0.57588,1.68,3
3.6247,4.2739,3
2.1593,2.2158,3
2.8171,3.6576,3
-0.45207,3.0311,3
-0.14075,3.0744,3
1.398,0.43439,3
0.81434,7.0065,3
-2.9397,-0.75639,2
-2.7848,1.5404,3
-3.0595,-1.6084,1
-0.16089,-0.75525,3
3.1939,3.1019,3
2.7773,2.2689,3
2.4649,1.0228,3
2.5189,1.1937,3
4.1833,0.48929,3
-2.5987,1.5441,2
-0.81949,0.8218,3
2.608,1.7242,2
0.0064153,3.7526,2
0.36576,1.5525,3
2.7211,5.0962,3
1.253,-4.2266,2
2.3767,-3.4005,3
0.30328,1.9564,3
-1.3677,-0.85725,3
-0.69015,2.8577,1
1.704,2.5326,3
0.4322,0.84619,3
2.8856,1.0918,3
-1.0487,2.3784,3
4.9519,1.9072,3
-1.3768,-3.141,1
1.7996,2.4002,3
0.59385,4.8184,3
2.6628,2.5988,3
0.82662,-0.10188,2
1.9399,0.88816,3
2.4834,0.03202,3
1.8298,6.3032,3
2.6024,3.2157,3
-6.8552,3.2141,2
1.2426,1.241,3
5.5853,3.8479,3
4.6393,0.17157,3
0.14763,3.4118,3
1.5336,-1.016,2
1.8598,3.965,3
-3.1335,-2.0368,1
0.2577,0.84278,3
-1.037,0.30621,3
1.2688,1.7656,3
0.89194,-1.7999,2
-0.95324,1.6358,3
5.0614,6.8197,3
2.4222,3.6447,3
0.9129,4.3033,3
1.2273,2.0144,3
4.9623,2.6259,3
3.6175,4.0643,3
1.7973,4.104,3
4.7172,2.9905,3
0.48952,-0.22644,3
-0.0023629,-4.6009,2
1.1291,0.19625,3
2.6491,4.686,3
2.3634,0.59839,3
0.35361,-1.8217,3
1.5927,2.9295,3
1.2114,1.9099,3
-3.9387,0.93568,2
-1.1175,1.5564,2
0.55191,4.7215,3
4.2316,2.9228,3
1.9827,1.0352,3
0.66114,-1.2063,3
5.0141,-0.42386,3
2.1326,0.16554,3
3.7319,1.835,3
-0.94659,5.3762,3
0.53951,2.4814,3
0.42517,-0.36378,3
-2.5012,-2.7282,2
-1.9785,-3.0803,1
5.412,3.4239,3
-1.3348,-1.4182,2
1.0324,2.4635,3
1.5807,1.6384,3
-1.4181,-0.029663,2
0.59973,-0.29025,3
-0.14559,0.67846,1
5.1735,2.3342,3
3.2971,2.3546,3
-1.3999,2.517,3
1.6153,1.6695,3
3.6222,0.59946,3
3.6492,4.4178,3
1.2191,4.1045,3
0.65862,-1.0998,3
2.9788,-0.76225,3
2.9287,0.20596,3
-0.41773,-4.7345,1
-1.9345,1.3218,2
-3.92,4.4344,3
3.5404,0.087315,3
1.4759,2.9906,3
-1.3817,-1.1933,2
-1.8207,1.8285,3
2.2327,2.2656,3
2.803,-1.0216,3
-0.59325,-0.53079,2
1.4935,4.1576,3
2.112,0.68531,3
3.5233,0.45105,3
3.7695,0.47845,3
0.79912,1.2697,3
0.60984,0.74248,3
4.2423,1.5395,3
0.16807,3.4725,3
-0.083297,3.7034,3
3.2566,-0.37699,3
0.27651,1.2388,3
2.298,4.1217,3
3.2547,2.5555,3
1.2299,3.6905,3
-0.78688,5.3739,3
5.8995,-2.5288,3
-6.2037,-4.0232,1
-3.4749,2.6796,3
1.5561,0.70866,2
0.051982,2.9912,3
5.0912,4.4679,3
3.79,2.3133,3
0.75169,1.1194,3
-3.3626,0.18594,3
2.5765,0.075681,3
4.1323,1.7164,3
3.5136,2.5374,3
-1.1867,0.93806,3
2.3327,-0.4991,3
-0.24085,-0.1809,1
3.3188,1.4727,3
-0.27707,-1.7944,3
1.4596,-0.65185,3
-3.6759,-4.3009,3
1.6325,5.5702,3
2.9528,0.80437,3
-0.41957,-0.42444,2
0.11411,1.3863,3
1.8582,2.4612,3
-0.94386,-3.9958,2
0.40103,4.2586,3
4.2665,-2.191,3
3.919,4.3255,3
0.052814,2.6526,3
-1.3709,3.5509,3
2.4246,-1.1074,2
7.7982,2.5356,3
3.7528,2.6716,3
0.40665,1.678,3
5.4081,2.611,3
3.4347,0.88905,3
1.5783,5.941,2
-0.40477,1.4832,2
3.0954,1.0441,3
4.2974,-2.6206,3
2.2595,0.77687,1
-0.53022,6.3636,3
0.3384,5.964,3
3.4967,2.2729,3
-2.0339,0.92039,3
-0.81784,-3.527,3
3.6543,0.55881,3
2.1356,-2.5323,3
0.29391,-0.012616,3
-0.90224,0.47166,3
0.6085,1.6003,3
7.7108,2.2735,3
1.2114,6.0274,3
1.3407,2.125,3
4.4855,6.0063,3
3.4932,0.99777,3
0.97208,0.013791,3
4.1058,-0.60645,3
-1.1067,3.2236,3
2.3124,3.861,3
-0.28816,0.32913,3
2.7953,2.3052,3
0.033399,3.2534,2
3.7804,2.7438,3
-0.63371,-1.5144,2
2.1126,3.3648,3
-0.36204,4.0328,3
4.2555,1.4343,3
3.9859,3.2575,3
0.19566,-1.6659,2
1.1536,1.93,3
2.0644,1.7341,3
3.7988,4.9578,3
4.7348,3.9186,3
4.6276,3.054,3
-0.20263,3.6731,2
0.59487,0.19693,3
2.6894,4.7269,3
1.1149,2.2101,3
2.1069,0.87173,3
-1.1746,4.2042,3
-0.53198,2.8503,3
3.2199,5.9273,3
1.9097,4.2638,3
4.5664,1.5603,3
4.6322,2.7124,3
2.2619,-0.17281,3
3.387,3.0816,3
5.0434,2.6916,3
3.0837,-0.75614,3
-2.8022,0.35259,2
-6.1364,-5.9419,1
-0.15827,2.9419,3
2.2135,-2.0621,2
-1.6666,-1.0397,1
1.3433,0.23113,3
1.0282,1.124,1
1.6528,1.5468,2
5.3254,5.5535,3
-2.0023,1.5103,2
3.5942,1.3761,3
0.28584,5.3298,3
-1.5431,0.94387,3
2.141,-1.78,3
2.4264,5.8061,3
1.9432,-1.3499,3
-5.2415,-5.7699,1
3.0513,7.0578,3
3.1668,1.6358,3
4.2952,-2.0061,2
-0.21764,0.96401,3
2.0868,1.6282,3
4.3826,0.16282,3
1.3982,1.116,3
1.1944,2.8348,2
2.919,3.8134,3
3.6713,2.7152,3
1.737,2.4238,3
2.9592,-1.7188,2
3.8743,3.5742,3
3.1766,-1.2354,3
5.3395,2.8661,3
7.0543,0.39104,3
1.9727,2.6169,3
1.068,2.0755,3
-2.1581,-2.0038,2
3.0096,1.9767,3
3.3131,4.664,3
3.2315,1.1855,3
4.3311,3.8767,3
6.7007,3.6007,3
1.058,2.0791,3
0.43108,2.1966,3
0.11621,-1.3323,3
1.3017,5.2933,3
-2.3333,-3.1501,2
2.6051,0.92163,3
4.8508,1.4621,3
5.9631,3.0127,3
0.66185,-1.8944,3
-1.3387,5.1025,3
3.4311,4.5911,3
5.3075,5.0238,3
-2.0677,1.8447,3
2.1087,5.457,3
3.6867,3.0622,3
2.1078,3.9944,3
7.165,3.1466,3
2.3244,4.9957,3
1.8334,-0.64473,3
-1.5777,1.9373,3
0.50356,7.4277,3
5.8758,-0.14015,3
-1.3098,1.3651,3
1.3156,-1.6693,3
1.3181,3.1559,3
0.022625,1.6602,3
2.5987,2.845,3
7.6825,3.1804,3
1.4769,-0.05173,3
-0.5223,0.66342,2
1.2676,2.4109,3
-2.3741,0.57266,2
-0.068155,3.4468,3
5.0818,-0.49263,3
-4.3293,-3.939,1
0.82894,6.0438,3
3.9259,3.1811,3
1.7817,1.5655,3
5.2115,-2.048,3
0.44251,3.3298,3
2.24,2.1562,3
0.94221,3.9289,3
3.4246,-1.3126,2
-1.802,3.2657,3
5.9536,1.8258,3
0.25231,4.3089,3
2.886,1.9264,3
-0.46266,-0.98515,2
2.5392,-1.4077,3
3.502,4.4572,3
-0.20838,4.567,3
2.1535,1.8727,2
5.2879,3.3631,3
0.035782,1.6954,3
-0.667,-0.33655,1
0.97205,0.88579,3
-5.8192,0.77694,3
-1.6833,0.82286,2
-0.1613,2.6438,3
3.3078,-0.49139,3
1.5751,1.8815,3
2.1203,-1.1814,3
3.3505,0.71297,3
-0.61032,-0.96984,3
2.6993,7.9501,3
0.82899,1.5638,2
0.9038,3.6741,3
-0.91833,-1.7786,1
0.80338,1.8972,3
0.8241,0.73157,3
2.475,1.2278,3
0.27781,3.2196,3
-0.17927,-0.82889,3
4.3456,3.3875,3
0.89267,3.1149,3
-1.3494,4.6473,3
1.1083,3.3801,3
4.4651,0.77472,3
5.9644,0.25654,3
1.2468,2.1587,3
0.50275,5.7619,2
2.4991,0.056101,3
2.9918,0.26747,3
-1.0545,-1.5954,3
3.2674,1.2626,3
-1.5604,-0.23189,3
1.3104,2.1433,3
0.67869,-1.7982,2
1.7914,-2.8491,3
1.7035,2.6046,3
3.7703,-2.7784,3
4.3284,2.2817,2
2.7835,1.3504,3
3.2282,2.352,2
2.6535,2.5382,3
-0.38062,-2.8702,3
3.0092,-2.3615,2
5.1645,4.4439,3
-0.099698,-0.13935,3
5.2107,4.7729,3
0.31337,-2.3332,3
0.95089,3.6037,3
4.2352,4.9365,3
4.3338,1.4319,3
0.24017,0.41803,3
-0.7572,0.59289,3
1.9196,4.2312,3
1.9805,2.3254,3
1.8149,5.5357,3
0.80891,4.8861,3
3.6215,3.0355,3
0.30778,4.3553,3
0.20336,0.67028,2
-3.3457,-3.8564,1
6.3967,4.6252,3
2.6521,3.8664,3
0.59399,0.4229,3
7.4003,2.4008,3
-1.6602,-3.8272,1
1.6897,2.3029,3
-2.2809,-0.2837,1
-1.683,3.258,3
6.7727,-1.3484,3
4.6282,-0.67556,3
0.8086,3.5283,3
1.8058,2.1567,3
-3.3491,-4.0225,1
-0.68556,-1.509,2
2.1444,2.41,3
3.6303,2.1,3
3.5986,4.8244,3
-5.0603,-6.3934,1
1.6028,-1.8612,3
2.8204,0.83541,3
5.6251,3.5779,3
3.2819,3.5581,3
2.5716,-2.2548,3
0.3403,2.9278,3
5.8809,2.5176,3
0.99196,3.2259,3
1.5868,1.4394,3
0.83245,4.983,3
3.9885,2.9945,3
1.3773,0.50736,2
0.099248,-0.63444,2
-5.7097,-1.3405,1
4.1022,5.8879,3
-3.0799,0.69163,3
0.5591,0.30183,2
-2.5584,-0.32739,1
5.1131,4.4093,3
7.2266,3.0571,3
0.69988,0.087682,3
1.2023,-2.0026,3
4.295,0.62523,3
-0.58831,-0.66529,3
0.49104,2.0695,3
1.7683,6.4432,3
2.9589,3.0976,3
3.3478,-1.6748,3
2.6854,2.7297,3
-3.2353,-1.5751,2
-0.051399,1.8159,3
5.8823,2.4206,3
-0.59947,-1.1845,3
0.078947,1.9011,3
2.9148,-1.6118,2
2.6072,1.8225,3
1.7045,3.2837,3
0.42587,1.3801,3
-0.6152,1.3558,3
3.0969,4.1117,3
2.7928,-0.30648,3
4.5056,0.39824,3
3.2952,3.1635,2
-3.7795,-1.9059,1
5.6921,1.3903,3
5.4425,1.7751,3
3.571,-2.2047,3
3.9744,0.2099,3
2.6923,4.1113,3
1.1908,2.4531,3
0.5028,3.2591,3
1.393,4.7969,3
1.5674,2.6838,3
2.2132,2.9465,3
2.2583,-0.9564,3
-4.0025,-2.676,1
5.6321,0.63441,3
-0.028307,-0.23512,3
-3.8478,2.3347,2
1.9361,4.5239,3
-2.1401,2.6061,3
6.1133,1.2224,2
1.36,2.9507,3
5.0079,4.0168,3
3.1111,-0.33079,3
1.1443,4.9548,3
4.4601,1.252,3
0.87144,-0.55377,3
5.4378,6.145,3
1.0846,3.4297,3
0.94794,0.043656,3
-0.22934,-0.16657,3
2.0703,-4.0014,2
4.6613,0.89761,3
0.89963,2.4961,3
2.64,0.036591,3
4.2789,-2.7462,3
3.2916,3.2173,3
2.442,0.95594,2
3.5319,6.902,3
6.9946,-0.25092,3
1.9398,3.8475,3
5.5541,-0.12509,3
4.3519,-1.0806,3
1.8538,-1.864,3
2.4705,5.4418,3
1.6987,1.0024,3
0.13574,4.21,3
1.4572,-1.7221,3
2.0758,1.4999,3
3.2426,1.6844,3
1.1529,4.9659,3
2.5645,2.0399,3
-3.8788,-2.0892,1
-0.86308,-0.63159,2
4.2264,6.4665,3
-2.6511,-0.74089,3
3.438,0.30273,3
3.1562,8.2317,3
2.0273,1.0863,3
1.6367,3.7468,3
0.83716,2.6657,3
1.6908,1.9642,3
-0.57236,-1.5957,2
2.0138,2.935,3
0.046355,-0.037921,3
1.0166,-1.0972,3
1.8782,1.7306,3
5.4714,1.3938,3
0.9223,4.5493,3
0.61733,4.4763,3
3.5004,3.4063,3
2.1103,4.5129,3
3.4136,4.3673,3
-0.053439,2.6027,3
1.1215,1.3156,3
-0.45073,5.5857,3
-2.9842,-0.83809,3
1.0703,3.9883,3
0.42336,1.5034,2
3.9948,2.7001,3
1.1656,2.0601,3
2.6264,3.6692,3
5.95,1.9477,3
2.1097,2.7118,3
4.3705,7.0218,3
4.703,0.19798,3
2.0404,-1.3522,3
-0.63626,-0.47652,3
2.1484,1.796,3
2.0964,5.399,3
2.3052,0.45048,3
4.7368,4.7709,3
0.95871,-5.0707,3
0.29974,3.8407,3
0.088625,1.5912,2
3.0939,3.9721,3
3.7114,4.8553,3
1.5443,3.9053,3
0.73447,2.1743,3
-3.02,-1.8779,1
0.80651,0.11817,3
0.030492,-0.10797,3
2.1498,4.304,3
-0.17248,1.9924,2
2.3733,2.5964,3
1.0355,0.68342,3
1.7797,5.6309,3
3.2715,3.2681,3
-7.6842,-5.7977,1
0.34179,-5.9304,3
4.3096,3.7197,3
1.051,0.13889,2
1.1303,1.2069,3
0.8603,-1.9964,3
-1.4287,1.6516,3
2.9164,4.3687,3
0.3255,-2.7291,1
0.052367,0.032847,3
1.1182,-1.3815,3
0.99596,0.010056,3
7.9209,3.4522,3
-2.7878,5.8283,3
0.2661,1.5914,3
1.411,1.378,3
0.802,0.016269,3
2.1287,2.413,3
-1.0289,2.5566,3
-2.0574,-6.1232,2
5.2821,2.5901,3
-0.093607,2.9955,3
2.0352,3.0559,3
-2.023,-3.0606,3
0.46346,0.52096,2
5.8468,-0.52684,3
0.63217,0.95329,3
4.1965,3.8338,3
-4.2778,-4.0065,1
0.17135,-0.9271,3
1.2861,3.4963,3
-0.33723,-4.6752,2
6.0589,5.1913,3
3.2437,0.51083,3
2.4325,2.4188,3
5.3428,7.7139,3
6.2589,3.3114,3
1.2135,3.2935,3
-0.06164,0.58217,3
5.3706,0.44159,3
2.7905,2.0605,3
-1.7653,2.5712,3
-1.2016,2.6638,3
2.3028,6.0685,3
5.0438,2.5459,3
5.4327,2.5639,3
-0.34672,1.5815,3
1.6253,2.1146,3
2.1865,2.9206,3
3.0695,-0.19827,3
0.88522,0.65356,2
0.4244,4.6549,3
0.23631,4.1692,3
0.66591,2.0547,3
2.6228,-0.81721,3
-0.89669,0.45994,3
4.2709,10.101,3
-3.7851,-4.5965,3
-6.5914,-3.9732,1
5.2125,-0.47266,3
0.15613,0.10463,1
3.3768,2.1705,3
4.5405,2.2007,3
0.60266,-1.8624,1
0.80934,1.7095,3
3.1912,0.080734,3
1.1694,3.7687,3
0.94578,2.8139,3
1.9015,1.5577,3
1.2032,3.2569,3
3.265,4.2177,3
2.023,0.69756,3
2.6292,4.5484,3
-0.26699,3.1133,3
0.77891,0.067607,2
1.4638,0.35901,3
-1.4707,0.89104,3
1.5264,4.342,3
0.029325,1.2339,3
2.3555,5.9554,3
2.94,0.53854,3
6.1128,1.2694,3
0.82196,-0.2302,2
2.312,-4.1356,1
3.6836,0.92643,3
-0.55838,0.65219,2
2.2036,-0.32571,3
2.7356,2.7577,3
1.1073,4.8114,3
0.43885,3.137,3
2.6704,3.4379,3
4.2168,3.9752,3
-0.49568,0.57425,3
-0.96108,0.30426,3
4.1563,3.4171,3
3.1061,-1.4206,3
-1.7551,0.28272,3
4.8736,4.1016,3
-1.9186,-1.6183,1
3.4027,-0.7375,3
2.973,0.56591,3
-0.32234,2.3398,3
2.8559,3.8495,3
-0.80872,4.7681,3
1.6411,2.7597,3
0.21963,1.4688,3
1.5343,3.0758,3
2.5177,1.9069,3
3.5275,7.3963,3
2.0311,1.4609,3
-1.6183,-0.54292,2
-3.5675,0.35957,2
0.43387,1.299,3
3.0589,3.3566,3
-0.090434,0.68492,3
2.1454,5.5081,3
1.3184,-0.67464,3
-0.52053,3.9098,3
5.2972,1.8769,2
-1.8976,0.59609,2
1.7812,-0.61763,3
0.28702,-0.027927,3
0.75827,0.60392,3
4.1439,4.42,3
0.59051,0.24086,3
5.8369,1.5503,3
0.65232,1.9191,3
-1.8898,4.0617,3
-1.7426,5.2684,3
2.5111,4.3809,3
2.4974,1.6633,3
-0.64735,0.8867,3
2.5242,1.093,3
-2.4427,-2.0243,3
-0.75579,4.8143,3
-1.1832,0.82056,3
3.6769,-0.57652,2
1.2586,-2.3902,3
0.33473,2.164,2
3.393,-0.64047,3
1.5119,1.7348,3
1.5167,0.92413,3
5.1963,-0.42663,3
-3.5727,1.0047,2
1.9701,2.4897,3
3.5498,5.6107,3
2.7583,1.2698,3
-2.0272,0.64108,3
2.5202,1.4872,3
1.5823,1.0743,3
-1.8553,-2.7263,1
0.50321,1.9705,3
0.3919,-2.687,2
-0.5237,0.12013,3
2.7226,1.1794,3
0.18946,-0.57662,3
0.98593,2.1846,3
-1.1517,-2.1767,3
-2.3202,4.7242,3
3.1228,-0.14116,3
1.9196,2.118,3
2.8524,4.761,3
4.3272,4.3267,3
3.4553,2.7683,3
3.1473,6.0049,3
3.6461,6.2595,3
-2.5722,1.5017,3
1.9204,3.2114,3
1.3002,-0.88048,2
-1.5786,1.8112,3
3.0806,6.7818,3
-0.51785,0.30583,3
-1.0065,-0.33564,2
-3.0616,1.8982,2
2.7648,6.2841,3
0.62411,2.0615,3
0.43391,4.2423,3
3.1738,-1.168,3
3.1097,1.1187,3
3.2156,4.729,3
3.0186,2.7365,3
4.4712,-0.60306,3
0.88387,2.0903,3
-1.3783,0.7295,3
4.1512,0.02918,3
1.4418,5.3348,3
-1.7914,-0.12649,3
5.4456,3.6912,3
-0.032725,2.7644,3
3.9756,4.6296,2
3.5066,-0.13333,2
2.5807,4.3845,3
3.8909,0.60341,3
-1.7329,1.496,3
1.129,0.25223,2
2.5469,4.9354,3
2.8651,0.26244,3
3.2586,0.51805,3
1.0233,4.2893,3
1.454,2.8997,3
3.227,-1.8866,3
1.2183,0.0065203,3
-1.07,7.0058,3
2.6768,3.9734,3
-1.3136,0.061417,2
1.2902,0.78297,3
-1.7904,-0.18907,2
1.7581,0.72906,3
3.9179,-0.28443,3
2.9493,2.4078,3
-0.056714,4.2492,3
0.28783,7.0284,3
4.9337,3.3922,3
3.4023,3.8984,3
-1.529,3.2293,3
1.5706,5.002,3
-1.8339,3.1473,3
2.005,5.7524,3
3.1226,4.0919,3
3.7587,0.90621,2
-2.2345,0.88653,2
1.0459,-0.16355,3
1.2047,4.0049,3
1.6927,1.4148,3
1.7368,2.41,3
1.3676,1.6613,3
1.4747,6.0721,3
3.4031,2.6733,3
2.187,0.5074,3
-0.53761,-1.3579,3
2.5299,3.542,3
2.4627,-1.9607,3
2.4005,2.0479,3
2.5181,1.9008,3
1.1888,3.5095,3
4.9314,-2.0155,3
3.1608,0.36136,2
3.2236,2.6159,3
2.7405,6.3883,3
-0.5474,1.5028,3
-2.2968,3.759,3
1.7478,3.7989,3
-2.5668,-4.0514,2
-1.6751,7.0468,3
0.75698,4.3638,3
4.6172,4.4625,3
1.7703,0.38595,3
-0.55502,-1.1905,3
-1.2415,3.6656,3
2.3248,-1.3537,3
4.403,3.0114,3
3.8818,-1.6077,3
-3.8914,-1.4083,2
3.6669,0.55035,3
-1.8969,2.1544,3
3.9929,-0.12155,3
4.9576,1.203,3
1.4097,-3.1159,1
-0.061722,-0.020032,3
1.7994,4.6593,3
-1.5091,0.27602,3
3.0546,4.9546,3
0.1952,-2.8519,3
2.2646,2.7858,3
2.1686,0.23928,3
1.0262,0.62294,3
0.60785,2.1103,3
2.4019,1.608,3
1.4154,0.51525,2
-0.9413,2.7206,3
3.5841,2.2186,3
5.4567,5.1005,3
-0.36743,0.35191,3
2.403,3.9377,3
1.1876,1.7425,3
3.5589,4.2438,3
4.667,2.9883,3
1.8506,3.47,3
4.7075,4.6551,3
4.2233,0.89361,3
-0.0023149,0.70473,3
2.3224,6.3928,3
1.4784,0.81226,3
-0.54288,3.5504,3
-1.537,0.29358,3
3.3814,1.2141,3
0.97339,2.5132,3
4.3144,6.3639,3
4.0426,3.1868,3
0.10385,-1.1784,3
0.018366,-1.6868,3
0.34114,2.6511,3
3.9013,3.6668,3
4.1815,-2.5143,3
-1.4495,0.72852,2
6.6471,4.2574,3
0.30745,1.4212,3
3.6549,3.4384,3
3.7741,-0.56657,3
2.7007,4.904,3
2.2666,1.6399,3
1.9063,3.8368,3
3.4363,2.2499,2
3.3807,3.3019,3
1.749,1.7203,3
-1.0896,-4.1689,1
3.4216,1.6473,3
5.0557,2.1325,3
1.4208,1.4069,3
2.1472,3.3899,3
2.0355,-0.37797,3
-0.23167,-0.93449,3
1.0298,1.8427,3
-1.4403,0.73179,3
4.9076,4.9753,3
0.60189,5.3122,3
6.1892,6.3801,3
2.3924,1.3492,3
2.9118,3.7242,3
1.161,0.65978,3
1.457,2.4515,2
3.2526,2.5098,3
-4.6287,-1.9923,1
-0.41778,-0.97269,3
0.96684,0.19846,3
3.9796,3.1119,3
7.9332,2.313,3
3.7946,-3.1548,3
0.19454,2.4055,3
5.4118,0.71654,3
1.2982,-1.0485,3
3.3664,0.54325,3
-0.49173,-0.052879,3
0.69035,3.961,3
-0.37713,2.5138,3
2.7683,1.4419,3
4.2005,5.6575,3
1.2091,-1.4561,2
2.0064,0.96916,3
2.5153,1.4428,3
4.7986,3.5076,3
4.1767,-0.83555,3
1.1942,0.92099,3
0.8407,-1.152,3
2.3962,1.9127,3
3.9186,2.158,2
0.82136,3.1566,3
2.0576,0.089971,3
2.7219,1.4933,2
0.65814,1.66,3
1.2436,-0.92979,3
3.9624,0.22992,3
3.8616,1.6896,3
-3.5576,-2.8179,2
1.9593,2.3887,3
-0.15105,-0.51959,3
-0.072754,1.546,3
-1.0319,0.74502,3
2.2879,4.6053,3
2.1948,1.5573,3
1.538,-0.73062,3
-1.3718,0.11344,1
-1.7717,-1.7719,1
1.5431,3.8523,3
-0.29447,4.6777,3
2.9136,1.8469,2
4.0161,4.4277,3
3.494,0.71138,3
2.2223,-1.4103,3
-0.43705,1.6882,3
7.2724,0.49719,3
-1.3667,1.3394,3
1.7392,-2.2868,3
0.10011,2.8362,3
3.3629,5.5087,3
1.7484,-2.1863,3
4.3039,1.1847,3
-0.71721,0.76309,3
1.5259,2.724,3
1.1665,-3.715,3
0.52204,3.7169,3
1.7374,0.54728,3
2.058,2.1719,3
1.4519,1.7665,3
5.621,5.0094,3
3.4414,-1.0671,3
2.5412,1.1459,3
3.6807,1.606,3
3.6086,6.9524,3
0.61131,0.82949,3
1.11,3.1177,3
4.3711,7.7402,3
0.2889,2.9095,3
7.1509,-0.83022,3
2.1147,1.4309,3
1.4286,0.17906,3
4.182,-0.39147,3
1.3124,3.3336,3
2.3846,-0.31455,3
3.1269,1.824,3
1.6718,-0.57766,3
3.3354,2.4193,3
-0.059938,2.1887,3
-0.57451,0.64725,3
6.2315,1.0423,3
2.4103,3.2117,3
3.7516,1.0041,3
2.3184,2.5232,3
5.118,3.0417,3
-1.6175,-3.2132,2
0.087967,-2.9204,3
2.9743,2.4065,3
2.3656,2.4412,3
-1.8363,-1.3048,2
-4.0954,0.53892,1
1.9162,2.6908,3
-0.76371,3.876,3
2.545,-0.33191,3
2.7837,2.8565,3
2.5455,4.7591,3
-1.6861,-0.2581,2
2.4878,3.8923,3
1.0264,0.43353,3
3.5374,7.8478,3
1.6232,-4.183,2
-0.84557,-2.1276,3
0.24909,0.64963,3
0.36784,1.3015,2
2.128,1.1648,3
3.1485,2.847,3
-0.67769,-3.2241,3
-1.7797,-0.097503,2
3.3809,3.5118,3
6.4023,3.0901,3
0.96372,4.8353,3
3.128,4.6933,3
4.1157,1.7731,3
-6.2608,-6.6557,1
-1.648,-3.1159,2
0.31285,-0.19277,3
-4.2574,-0.83028,1
0.25352,0.21762,3
5.4716,-1.9887,3
4.0819,2.9441,3
5.8812,-1.9996,3
7.0817,4.199,3
1.949,0.89826,3
0.72173,1.441,3
0.48835,6.3168,3
5.8025,2.9698,3
3.9579,6.1563,3
6.1183,3.7372,3
3.202,0.48219,2
2.3022,-1.104,3
-0.77994,1.4657,3
5.3333,0.65439,3
4.0887,-0.25632,3
5.3992,0.54838,3
0.87062,3.7852,3
-1.5474,4.1267,3
4.3296,-0.056087,3
3.511,2.0753,2
2.5083,-0.58686,3
1.3441,3.8883,3
1.6748,4.3433,3
0.96441,-0.33236,3
-0.73388,-3.8835,1
3.0317,-0.21676,3
3.1235,0.20125,2
1.1067,-1.3605,3
-2.3567,-1.5452,2
-1.9746,-0.50957,2
0.64004,-1.9713,3
2.0337,3.5828,3
-1.5839,-3.026,3
2.6547,-1.4944,1
3.0328,1.1585,3
0.056007,-5.1943,1
2.2571,-1.1787,3
2.8292,-0.9373,3
1.9915,2.6301,3
1.2726,0.66128,3
3.2898,4.701,3
4.2733,2.77,3
-1.4665,0.97482,3
5.2621,3.2314,3
4.0097,4.8044,3
2.1981,2.028,2
-0.891,2.716,3
-1.1011,-1.5718,1
3.8272,4.9037,3
3.8775,-0.15364,3
4.6406,4.6515,3
0.71225,2.001,3
1.0641,-2.0893,3
3.0932,2.4353,2
3.6238,0.79093,3
1.0513,1.5703,3
-0.80266,0.48795,3
1.7904,1.3598,3
3.9729,-2.2906,3
2.3788,5.6684,3
-3.2628,-1.1895,1
2.3521,0.51933,3
2.5713,-1.6053,2
-0.40797,0.019771,3
-1.6093,-0.71016,2
1.5432,3.7454,3
2.4296,-4.5416,1
1.9454,0.48891,3
0.81268,3.0196,3
3.8215,3.9677,2
-0.11248,2.6698,3
2.3692,4.1164,3
4.0951,2.9934,3
2.2836,-1.3493,3
3.8558,-0.050623,3
0.31117,4.6219,3
2.7274,-0.64606,3
2.4997,-0.14317,3
3.2138,3.3256,3
-0.33395,0.96337,3
3.1778,3.5048,3
0.83562,0.84634,3
0.1427,-1.7591,2
4.2242,-2.0397,3
-2.024,3.0431,3
2.4168,4.7791,3
1.8376,-1.7044,3
-1.4914,0.24324,3
2.5902,1.2106,3
-1.555,5.5888,3
0.93443,0.88439,3
-1.3218,2.2884,3
-4.6328,-2.5441,1
-1.7831,-0.093271,3
-0.98897,2.6575,3
1.7888,7.1365,3
4.9142,2.1344,3
5.1501,2.9894,3
5.9354,2.051,3
-4.236,-1.7052,2
-0.48582,0.42928,2
0.66285,0.64325,2
3.0062,0.28386,3
1.1352,1.8596,2
-2.9853,0.64622,3
2.4425,1.7591,3
6.5413,6.3536,3
1.5328,5.5639,3
0.74263,3.4757,3
1.9445,2.6201,3
3.002,2.694,3
-3.2234,-4.0525,2
-0.61175,3.3667,3
6.9517,4.9427,3
6.072,4.2052,3
0.81949,1.159,3
1.243,-1.5978,3
2.3122,3.5849,3
2.5391,2.2089,3
0.31295,-0.56519,3
4.6496,3.6055,3
4.6183,1.4972,3
3.5237,3.9834,3
-1.571,0.084927,2
1.8726,0.78982,3
-0.3095,3.109,3
1.4753,2.817,2
3.7578,0.13372,3
-0.088541,3.467,3
6.1906,5.7398,3
5.5813,2.8566,3
-1.112,0.65662,3
0.23916,-2.7249,3
2.8074,1.612,3
-0.32716,-0.30455,2
3.7691,5.4886,3
0.97057,-1.0008,3
-0.88479,1.2359,2
2.0649,1.8587,3
4.3705,4.2674,3
5.0568,4.1223,3
-0.83969,0.053753,2
4.5753,2.6244,3
-1.5047,0.6469,2
0.31245,3.0839,3
-3.2222,-3.4008,1
2.7945,3.6429,3
5.2562,3.7635,3
4.1446,1.1177,3
1.2658,3.9604,3
0.97393,0.78098,3
-2.7616,0.74105,2
1.2257,3.3473,3
-2.1055,-1.4299,3
-0.85578,-0.84775,1
0.15564,2.278,3
0.0087503,-1.0614,2
5.773,5.4958,3
2.7167,1.358,3
1.0767,5.0237,2
5.3968,1.7174,3
1.4096,1.561,3
2.3713,-2.3841,3
2.8505,0.53738,3
2.3945,2.3274,3
2.2214,3.6137,3
2.2988,1.0834,3
2.4841,4.1482,3
2.8262,5.6004,3
4.2849,3.291,3
0.25753,2.3902,3
4.9712,5.4802,3
0.17094,1.5871,3
2.8975,0.38943,2
2.1793,4.2891,3
7.1113,1.9318,3
5.4922,2.199,3
2.6442,4.0318,3
-0.11991,2.0636,3
-1.5127,-0.35883,2
2.663,-2.7152,2
2.0536,3.4097,3
0.59826,4.4253,3
2.355,-1.5628,3
3.2071,1.6949,3
1.3059,5.5276,3
2.4954,1.4736,3
2.0794,2.6466,3
3.4348,1.7542,3
5.659,3.217,3
0.52078,-2.2168,3
1.2711,-1.6626,3
0.47996,2.7555,3
-2.83,-1.5735,1
9.5848,4.6964,3
3.5633,1.3591,3
1.7719,1.5134,3
2.3421,2.1848,3
-1.0394,-2.5849,3
1.1553,-1.9577,2
3.8722,2.7497,3
2.3204,1.8573,3
1.297,-1.7425,3
0.31738,2.2177,3
-1.5404,1.7781,2
2.3113,8.5296,3
6.109,0.83056,3
2.8862,-0.33771,3
1.3047,1.8597,3
1.4481,5.9554,3
-1.1504,0.25908,2
4.3286,-0.47484,3
2.4325,4.285,3
2.9276,2.3866,3
0.042575,-5.2202,1
-2.2097,-2.5315,2
-1.4838,-2.8365,3
0.62909,1.268,2
-1.0725,1.8542,3
-0.58846,2.376,2
2.9271,2.8729,3
3.7199,1.0882,3
4.8703,3.14,3
1.0232,2.7152,2
0.64527,-0.71427,3
2.9325,3.4139,3
-1.0287,6.2481,3
1.3453,2.7083,3
-2.0522,-1.9593,1
4.1708,0.75816,3
3.0937,2.6109,3
2.1488,0.85477,3
4.1558,1.3127,2
0.39622,4.1319,3
-0.9642,2.9728,3
3.597,-1.4976,3
-4.1095,-0.42951,2
3.8433,3.7276,3
-0.77965,-0.4032,3
4.0325,3.4586,3
3.4949,5.1312,3
-0.79522,1.4117,3
1.872,-1.1061,3
3.1361,3.231,3
2.1053,3.6945,3
1.0537,2.6856,3
5.3857,1.1972,3
2.7939,5.1985,3
-2.6649,2.7006,3
1.8818,1.9051,3
3.459,2.4779,3
1.3041,1.8564,3
3.8218,2.6065,3
4.772,4.6382,3
0.19278,0.44892,2
-1.9843,-1.2349,1
1.7071,1.4503,3
2.435,2.6573,3
2.8266,5.0425,3
1.4604,-0.57658,3
1.1357,0.79002,3
3.6719,1.9752,3
0.24556,6.2673,3
-0.30378,-0.90644,1
0.37517,-0.55435,3
-3.3715,1.195,3
2.6039,5.2647,3
1.0847,-0.31031,3
5.3658,-0.32442,3
2.0062,2.1915,3
1.6326,6.5084,3
0.79726,-4.6408,3
5.4162,0.97409,3
1.0251,-0.78809,3
4.7981,-2.0232,3
4.9034,0.30357,3
-4.4639,-0.60527,2
-2.8589,-3.4951,1
0.78489,0.68047,2
-0.32528,0.11042,3
1.0873,-0.2194,2
1.3558,-0.62458,2
-4.2238,-2.3106,1
4.5253,-2.7672,3
3.5456,2.0561,3
0.72852,-0.63924,3
-1.973,2.3754,3
0.72333,0.62384,3
1.0759,2.8909,3
4.1532,1.7979,3
1.9552,1.3992,3
3.3856,2.6184,3
3.6269,6.1948,3
3.4841,-1.1987,3
0.91012,5.0281,3
1.8525,2.2483,3
-3.6983,-1.2093,1
1.4509,-1.2374,3
-1.2177,4.5854,3
-1.2487,-2.5705,3
1.9084,-0.36365,3
1.2531,1.4844,3
4.17,-1.0257,3
-1.3532,-0.76454,2
-3.3872,3.879,3
-0.77086,1.256,2
4.9679,5.8029,3
1.7815,-2.67,3
3.9686,2.3125,3
2.2685,0.16871,3
1.4766,-0.26212,3
-0.93014,-0.81164,2
-0.68079,0.77594,3
2.9329,-0.33947,3
2.0474,-3.2042,3
1.9746,0.60742,3
4.8894,1.4118,3
-2.5556,-0.2894,1
-0.71464,-2.1532,2
-0.0093482,-0.29953,3
1.0165,0.46942,3
2.1831,4.9767,3
2.5065,4.3613,3
1.4019,-0.35336,3
-4.9962,0.82592,3
-0.27586,-0.9187,3
2.3853,4.23,3
2.648,5.0216,3
1.361,0.77481,3
5.135,-0.43885,3
5.6516,0.46251,3
1.834,8.0976,3
2.3128,7.1666,3
0.93651,-0.61317,3
-1.3708,1.7862,3
2.6518,2.2748,3
4.8473,3.0547,3
2.9993,3.4074,3
1.1944,-2.3109,3
3.0363,0.21749,3
1.2046,0.78636,2
3.1306,1.4614,3
-2.5294,-0.051198,3
1.4075,4.2133,3
4.0047,5.0781,3
4.2357,3.6166,3
4.8548,0.42581,3
2.285,1.8066,3
1.5231,2.945,3
-1.3825,-4.6968,1
2.1448,3.6553,3
0.81034,-1.1808,3
-0.75519,2.0153,3
3.0849,0.40855,3
-1.643,1.843,3
-0.58587,0.45027,3
-0.14106,3.8345,3
2.1286,0.48728,3
-3.6779,0.94679,3
4.4929,0.80464,3
3.2134,2.2489,3
0.49897,3.0272,3
1.5504,3.6984,3
3.8134,3.9727,3
4.3796,1.0552,1
-0.45847,0.0572,2
-2.3455,0.53388,3
0.39649,1.4204,3
2.6816,6.4991,3
-0.91785,-1.6154,2
1.5734,-0.26553,3
2.9392,3.8584,3
-0.19614,-0.20568,3
2.6223,-1.7379,3
6.2025,2.7471,3
2.6183,-0.1475,3
4.3237,4.897,3
3.6295,0.68102,3
-0.09158,2.5222,3
5.8278,2.3862,3
-1.6495,3.4395,1
6.1258,5.1193,3
3.7098,0.80429,3
-0.13204,0.94685,3
0.74483,1.2397,3
1.7266,-0.31549,3
3.8286,3.6561,3
-0.6202,0.48172,3
3.49,0.24846,3
-5.6796,-3.1044,2
3.2927,3.6394,3
-2.0926,1.0386,3
2.7305,2.7947,3
2.1766,-0.64039,3
3.2665,3.3362,3
-0.88417,5.0281,3
1.0871,2.2116,3
-2.6431,0.89532,3
-1.0807,-5.3153,2
4.54,-3.2997,2
4.4756,3.6096,3
1.144,2.4575,3
0.30473,3.5528,3
1.511,-0.83156,3
1.3387,1.1243,3
-0.66441,2.1239,3
-0.77291,2.778,3
1.8688,3.818,3
2.0524,-0.52548,3
2.3992,0.045459,3
0.4208,5.7752,3
1.811,-0.21285,3
1.9961,2.9888,3
1.0679,1.1671,3
6.7858,-0.59641,3
3.9811,7.9739,3
-0.88363,0.21532,3
2.6841,0.55579,3
0.13103,2.5863,3
3.4462,1.4875,3
1.1712,4.054,3
3.2549,2.2318,3
-0.025641,-0.97311,3
1.0723,5.6215,3
5.8411,0.36777,3
2.3533,1.5145,3
5.1599,-4.1639,3
0.24126,1.5742,3
5.3449,2.231,3
0.19886,1.2924,3
-0.56386,0.36462,1
-7.2854,-2.6562,1
1.492,-2.8955,3
-1.4277,2.1494,3
4.8236,4.2543,3
4.7101,1.9864,3
7.5519,2.559,3
4.1606,5.2412,3
-0.61766,3.7324,3
1.2622,3.265,3
2.8421,0.69255,3
0.28642,3.8018,2
-0.48898,0.82131,3
2.451,1.2457,2
0.37066,-0.3239,3
-0.19114,-0.31252,3
4.1993,4.9459,3
-0.33806,2.31,3
-3.4226,-5.5254,1
2.1359,3.1793,3
6.939,1.2038,3
-1.6718,-3.2548,3
7.6819,5.7026,3
1.8322,1.7116,3
2.6304,2.7261,3
3.6219,1.6243,3
4.8093,2.1325,3
0.47276,1.1968,3
1.954,2.3465,3
2.8377,3.1223,2
3.8899,3.0904,3
3.5314,0.9716,3
2.6385,3.2134,3
-1.1664,-1.2031,3
-0.50894,-2.2982,2
-0.28891,0.79473,3
1.2865,3.78,3
2.4416,0.095735,3
10.277,2.4556,3
2.4506,2.7444,3
1.9431,1.9943,3
-2.5887,4.4935,2
2.7777,-2.0563,3
-1.4939,-2.3403,1
3.1047,4.7403,3
2.2632,-3.2556,3
1.1762,0.98186,3
3.1458,1.5541,3
1.2681,1.307,3
-1.2159,6.7238,3
0.81607,0.84287,3
0.92198,5.681,3
2.8456,5.8002,3
6.005,2.7011,3
1.4783,3.0254,3
4.4536,5.2067,3
0.91452,-2.3297,1
0.48969,2.2613,3
0.30637,-0.13273,3
3.4877,2.2413,2
1.47,-0.032178,3
5.8625,-1.0768,3
-1.0167,-0.55146,3
0.71002,0.10714,3
0.094219,0.73082,3
2.5829,4.0026,3
2.43,3.0751,3
3.9364,1.8278,3
1.3394,0.58701,3
5.9912,4.6019,3
3.6721,-0.45594,3
2.6295,-2.915,3
3.336,4.1221,3
1.1685,4.5037,3
1.0054,3.8412,3
1.1786,0.27605,3
0.2417,-0.90609,3
-1.8354,0.83978,3
2.697,1.1583,3
-1.4252,0.48327,3
0.89361,2.2402,3
6.1072,5.2372,3
4.5512,-1.8734,3
-0.99227,0.95844,2
1.5155,-1.5299,3
5.3948,-0.63989,3
4.7565,6.5991,3
1.5712,3.4866,3
2.0822,-1.169,3
2.1057,1.9504,3
-0.53502,-1.2139,1
0.0059208,2.6539,3
2.0279,-0.65461,3
4.0698,1.3626,3
2.1358,2.7342,3
0.02464,2.6263,2
2.752,5.6118,3
-1.2372,2.367,3
-2.9801,3.6292,3
0.028937,0.28222,3
-2.1137,-4.1576,3
3.544,2.6399,3
1.6472,2.4903,3
1.5287,2.4421,3
-0.18531,0.46468,3
2.2968,-3.6426,2
-0.61054,2.2262,3
0.72866,1.9333,3
3.4517,6.1656,3
2.2464,-0.50285,3
0.93512,3.8971,3
-2.617,-0.25363,3
2.0635,2.3028,3
3.9861,3.0851,3
2.8493,1.0869,3
0.4841,0.97741,3
2.2347,3.6645,3
-1.1886,3.2269,3
3.666,0.94626,3
-1.8038,-0.06737,3
2.1798,2.7165,3
3.0925,-0.21589,3
1.1721,-1.1234,2
3.5222,0.74833,3
0.18402,0.59374,3
6.6487,2.0671,3
2.3728,1.3965,3
0.6793,-0.87285,3
3.868,0.55856,3
5.578,3.1829,3
-2.7188,2.8655,3
1.9942,6.8575,3
1.0047,1.0413,3
5.853,9.4167,3
1.4297,1.8123,3
3.7407,3.4612,3
4.5917,0.97444,3
3.506,2.9808,3
1.0069,1.7928,3
2.7705,0.79721,3
4.0644,4.3634,3
2.4588,1.3742,3
3.9647,-0.69316,3
1.3912,-1.3273,2
2.2741,8.0575,3
1.1986,-1.3524,3
3.3156,0.96555,3
4.0411,1.6329,3
3.665,5.3152,3
3.1641,-0.71007,3
-0.55164,2.2004,3
3.4614,1.237,3
4.1704,1.2633,3
6.5907,0.92793,3
-2.8398,0.076277,3
-0.26879,1.5916,2
7.5227,2.4355,3
-1.9558,-1.2924,3
5.0516,3.6332,3
0.010575,3.3107,3
2.1039,1.7804,3
1.1538,0.61327,3
3.7104,3.1183,3
3.1946,2.3351,3
0.58959,1.8017,3
0.30368,0.59044,3
1.019,-2.7036,3
2.3395,3.0402,3
1.142,6.2155,3
2.1514,-2.6572,2
-3.1048,0.57513,3
2.2912,1.8466,3
-6.0578,-0.32142,2
-0.1605,2.1095,3
1.8485,-0.61051,3
4.8752,6.9718,3
0.85049,-0.93708,2
2.3487,-0.009146,2
0.32494,5.3433,3
4.7901,-0.16921,3
3.9687,1.3997,3
-1.0467,2.1842,3
4.4674,3.6652,3
0.68319,3.7834,3
2.0112,1.4539,3
-0.76461,-2.7262,3
0.92657,0.49028,3
2.5446,2.1331,3
1.6902,1.8888,3
1.624,3.9832,3
2.6194,1.1639,3
0.034686,2.0441,3
2.6341,3.6361,2
2.4693,1.3205,2
0.97289,3.3958,3
2.1807,4.5007,3
-1.6872,-5.4258,3
2.3629,1.5299,3
1.3481,1.3408,2
1.3737,2.3917,1
1.9212,2.9223,3
0.48296,1.9428,2
1.6626,4.9469,3
0.8521,-3.1573,1
-0.64548,0.91822,3
-0.76802,1.2852,3
3.2489,-0.047288,3
-0.56732,2.7249,3
2.1738,-1.9276,3
3.6395,2.9721,3
0.52341,4.3933,3
3.3591,-0.34326,3
0.065301,1.4889,2
-0.061209,3.4141,3
-0.37826,-0.90514,3
-1.5241,-0.55202,3
4.2937,0.73021,3
0.14861,8.2013,3
2.832,1.1836,3
3.8024,1.655,3
-0.45186,1.6495,3
-2.2676,-2.539,1
2.1809,2.1313,3
4.294,1.5137,3
-0.34689,2.3314,3
1.8951,5.0366,3
1.3564,0.38728,2
2.2352,-3.7059,2
1.9137,-4.03,2
2.5433,-0.81509,3
2.7465,-0.12046,3
2.1318,3.2627,3
1.5381,0.87836,2
1.3849,2.1659,2
0.51023,1.6355,2
-1.7943,-2.8575,3
3.7839,2.573,3
1.2545,2.9605,3
3.341,4.0545,3
-3.5189,-5.7149,1
1.6952,0.2724,3
5.6844,5.8265,3
3.5311,2.2267,3
3.2383,3.9616,3
4.9679,3.7827,3
4.4838,3.5915,3
-3.2599,0.4182,2
1.804,4.2792,3
3.1194,5.0631,3
-0.51227,2.4656,3
-5.1853,-5.0455,1
0.40452,-0.56489,3
2.0882,1.2287,3
0.80792,-4.546,2
-3.7928,-4.1532,2
-0.030356,3.2232,3
3.5231,-1.6371,3
2.0724,1.3982,3
3.4784,1.9537,3
4.1907,2.8684,3
2.4769,6.1512,3
3.7587,1.2355,3
-2.246,-0.93299,3
-4.1305,-4.2054,1
3.6153,0.20981,3
6.1813,1.7244,3
3.5024,0.94477,3
2.3012,6.3335,3
-3.7404,1.8124,2
3.3228,5.8839,3
-1.0052,-0.11175,3
3.7218,1.1758,3
-1.9868,1.9584,2
-3.031,-0.74031,3
-1.6127,1.251,3
-0.075459,3.8246,2
3.2889,2.6727,3
5.2432,1.9047,3
3.0839,1.1322,3
2.5179,3.6013,3
2.3074,4.1151,3
0.81181,-1.6714,3
6.6137,3.5891,3
3.4282,3.0978,3
2.5855,2.993,3
4.2304,7.5996,3
2.4912,2.9337,3
0.65543,-0.40819,2
-0.71409,4.4466,3
2.7492,2.3507,3
1.7048,2.8523,3
-2.3049,4.1449,3
1.487,-0.28688,3
2.6945,3.7581,3
8.3891,2.0004,3
3.826,4.1725,3
2.0032,0.89672,3
-0.69581,2.1173,2
2.7182,2.5038,3
-2.0725,-0.55781,3
2.2563,4.4729,3
1.6521,3.5258,3
1.9961,1.8988,3
1.14,-0.10749,3
-3.3649,-0.51392,2
5.3554,-0.49626,3
3.9098,1.8348,2
4.8075,3.8467,3
4.7585,2.2179,3
1.4379,2.3208,3
1.9966,1.0354,3
6.4986,1.9199,3
-3.1492,-0.94269,3
5.8551,4.1675,3
0.62062,0.45707,3
-0.5458,0.79329,3
-3.2175,1.4376,2
0.98876,3.5178,2
-2.4628,-0.66265,1
4.7013,3.9757,3
2.3717,2.8367,3
2.5938,0.019887,2
-0.044454,0.0084525,3
2.7896,0.49562,3
4.1857,3.6147,3
2.0599,2.9417,3
1.7559,-0.51995,3
0.39843,0.62208,3
-2.3232,-4.5042,1
5.0985,5.0385,3
3.543,2.5464,3
3.9767,3.0662,3
1.3783,2.9573,3
4.3792,1.7565,3
2.3813,1.9852,3
-0.39674,2.4946,3
7.4481,5.0229,3
1.0226,3.8933,3
6.9953,4.9847,3
-0.75926,-0.58354,3
-3.1734,0.68838,3
1.8953,-0.022738,3
4.0017,1.5656,3
3.711,1.5867,3
-3.8134,-3.7307,1
0.84242,1.8468,3
4.9196,2.5021,3
2.8473,0.54082,3
-0.60081,-0.26444,3
1.2275,2.4228,3
3.5915,1.7267,3
1.1119,3.5874,3
-1.7092,2.3298,3
0.23419,-1.289,3
-3.3723,0.43103,2
2.6555,8.3368,3
3.7343,5.022,3
3.364,2.6772,3
1.5617,5.047,3
-2.7413,0.26805,1
-1.226,1.6461,3
-0.88359,5.3177,3
2.7868,4.9546,3
3.418,2.3555,3
2.731,3.8428,3
3.245,-4.4475,3
2.0052,6.0291,3
3.0044,-0.13758,3
1.0344,7.4072,3
5.8312,1.1787,3
2.8549,-0.31068,3
-0.43467,5.678,3
1.6326,-1.7219,3
0.63174,0.9551,3
2.294,0.42115,3
0.22354,3.2213,3
-0.15415,-1.5818,3
-1.2781,3.259,3
2.3081,4.1211,3
0.51791,3.1471,3
4.9332,8.2142,3
3.8498,-0.79927,3
-0.37291,-0.66498,3
4.2392,1.109,3
-2.5492,-0.22489,2
2.4409,2.5608,3
1.3118,-0.38716,3
5.0113,7.5226,3
2.6662,2.1975,3
-2.7871,-1.5179,1
4.9239,-2.0279,3
4.1647,2.5157,3
3.2383,0.65954,3
-1.1434,-2.0855,1
4.22,4.3785,3
6.1905,6.6121,3
-0.23784,1.9599,3
2.8419,1.5519,3
5.6584,6.7365,3
4.1148,2.777,3
4.2667,2.2506,3
0.1943,0.026654,3
6.1823,1.6716,3
3.5795,0.68107,3
1.2276,2.6665,3
2.0486,1.5072,3
5.5652,4.1589,3
3.8701,3.3941,3
2.9953,2.6551,3
4.5892,-0.24527,3
4.3546,5.2248,3
3.2359,3.2775,3
-3.3759,-2.9162,1
-1.4963,0.88443,3
0.17207,2.3469,3
4.948,1.6516,3
-0.68262,0.51704,2
1.2596,4.0013,3
0.63579,-0.30579,3
1.3031,3.6059,3
-3.6809,-4.3669,1
0.63849,4.6298,3
2.4008,-0.60755,3
2.1646,1.0797,3
5.8211,0.65809,3
0.75713,4.8447,3
3.4256,0.50566,3
2.5594,1.2569,3
3.6721,5.121,3
3.387,5.1686,3
2.6063,2.0913,3
3.5582,3.855,3
4.0925,4.8205,3
-1.8165,-0.78345,3
1.2891,0.90908,3
3.5026,6.4424,3
1.0523,2.5077,3
3.2601,1.0099,3
1.9612,5.8541,3
3.7811,3.705,3
0.10905,0.25818,3
0.6949,2.6384,3
-1.1784,2.4949,3
0.89379,-0.17964,3
3.706,2.1822,3
3.7461,1.3453,3
4.6981,-0.043579,3
5.9209,3.7378,3
4.9163,1.0242,3
4.0207,-1.0531,3
-5.2975,-5.3574,1
1.8228,0.13344,3
2.5429,3.6031,3
2.3156,-1.263,3
3.5453,1.0497,3
1.4431,-1.1247,3
2.2911,-1.0963,3
4.6152,3.1235,3
1.4885,0.37048,3
-5.3748,-0.68924,1
-2.1176,0.16164,3
3.2882,4.5351,3
-2.2883,6.486,3
0.47921,1.5503,3
3.0455,-1.6704,2
0.78112,-6.0258,3
-2.0527,-1.735,3
1.0005,4.6504,3
1.0083,-2.1432,3
1.9087,-1.8239,3
2.8877,-0.46755,3
0.98118,-2.0401,2
1.6239,2.6569,3
-0.15856,-0.38869,3
-1.5036,2.9663,3
5.4822,2.0427,3
4.3817,5.1539,3
3.247,5.8977,3
-1.1212,-1.2349,3
2.9376,1.2125,3
4.59,1.0711,3
3.6708,2.8307,3
-2.1975,1.671,3
4.0969,1.9354,3
-0.67592,4.2014,3
4.0204,-1.4364,3
1.939,4.9674,3
2.2774,3.4645,3
1.6918,4.6232,3
1.6947,0.73263,3
0.98961,5.5856,3
3.5293,-0.79358,3
4.1588,2.4486,3
5.7827,9.7105,3
-0.15319,-0.76664,1
2.9567,1.5796,3
2.845,0.20941,3
0.63172,3.5466,2
1.3147,4.6268,3
2.5763,-0.55194,3
1.4805,2.1152,3
-0.051729,-2.2424,3
7.1757,5.8223,3
1.6714,1.1193,3
2.1321,0.71554,3
2.6182,0.75836,3
2.8202,2.4246,3
4.4603,3.5047,3
2.6707,1.8489,3
1.2897,0.50958,3
2.3019,2.2388,3
1.9424,-0.1942,3
4.5226,5.4991,3
-0.53135,-0.41292,3
2.8978,-0.51906,2
4.1407,2.5922,3
0.86568,4.4339,3
4.3492,1.2247,3
2.1288,1.7266,3
2.7746,1.502,3
2.2509,2.4867,3
4.1787,1.1855,3
5.2065,1.2343,3
8.306,2.7193,3
0.85307,-0.98687,3
-0.82945,0.8644,2
2.82,1.7098,3
2.5651,6.4181,3
1.0833,0.53439,3
2.0764,-3.7695,2
3.6334,1.6767,3
3.6973,1.3813,3
4.8081,2.3724,3
4.687,3.2794,3
0.5436,1.8766,3
4.9808,1.8083,3
4.1257,1.7886,3
3.5518,0.98333,3
3.7511,4.7737,3
-0.67355,0.84388,3
0.90898,-1.2049,3
3.7136,2.2719,3
-1.3431,0.008356,3
1.6284,5.1464,3
0.81895,3.8477,3
1.661,1.3895,3
2.5222,0.22221,3
-2.3538,1.134,3
4.2848,7.4531,3
-1.6923,1.876,3
2.8314,2.4921,3
1.559,3.6775,3
6.4385,4.3546,3
3.165,6.5193,3
3.1074,-0.71653,2
0.38905,2.7666,3
5.8974,2.3635,3
0.57708,5.1324,3
0.4051,2.6237,3
3.2973,4.5778,3
3.2175,4.7051,3
1.7925,2.4003,2
-0.73562,2.4509,3
0.95051,0.20935,2
1.5153,2.0085,3
5.0301,0.82358,3
-0.43456,6.2074,3
3.8473,-0.38844,3
0.94512,1.4609,3
3.2089,3.5414,3
-0.96408,-1.4509,3
1.6484,2.2237,3
2.404,3.0639,3
-0.19585,2.0183,3
-2.2542,3.5353,3
-0.31191,1.5634,2
4.031,2.9606,3
1.9016,4.2386,3
1.1044,7.0983,3
-0.35723,-1.1338,3
0.41318,5.0666,3
1.4379,3.3757,3
2.3201,3.8726,3
0.96824,-0.79315,3
2.3198,2.3446,3
2.4715,2.827,3
2.7925,-0.090405,1
3.7998,1.0228,3
2.2965,2.5348,3
3.3636,-2.7256,2
0.11728,4.5155,3
1.2957,3.1024,3
-3.3959,2.3455,3
0.081982,0.62148,3
0.16711,2.7181,3
-0.028941,2.2039,3
1.3179,0.7536,3
2.6475,4.8153,3
-2.88,-0.18961,1
1.5607,-1.0932,2
0.18244,1.816,3
6.005,2.2023,3
1.9377,-0.050995,2
-3.2016,0.55064,3
4.5947,2.2722,3
1.6255,4.7713,2
3.509,-1.972,3
3.2177,7.827,3
1.5406,4.0043,3
1.2227,-0.74015,3
1.5025,-2.2128,3
-0.12293,-0.62275,2
2.7398,1.6629,3
-1.0105,-2.087,3
-6.5702,-3.7506,1
1.3831,4.3249,3
3.8387,-1.8683,3
1.0018,3.3721,3
-2.4608,-3.7136,1
3.8303,2.2503,3
1.0832,0.85209,3
5.0472,1.0701,3
-3.6563,4.4064,3
6.4168,1.6838,3
2.7463,-1.7215,3
1.217,-0.57645,3
-0.57651,4.6631,3
1.7145,1.4584,3
-0.21032,2.3006,3
3.7931,-0.88839,3
-0.024048,2.9837,3
5.3724,6.5534,3
2.2549,6.1635,3
1.3971,7.166,3
6.3047,4.792,3
2.9352,3.2816,3
2.1346,3.5875,3
0.77938,-0.05949,3
3.6131,0.062433,3
5.7449,2.3385,3
2.0835,-0.38038,3
-0.57338,-2.4156,1
3.9973,3.9566,3
6.094,4.4265,3
-0.95036,3.0843,3
0.88501,0.57281,3
-3.075,1.0169,2
-0.054135,0.24791,3
-2.6466,0.43204,3
0.24904,1.7602,3
4.9613,0.6865,3
3.1174,-0.5425,2
-1.2685,1.1382,3
2.1131,4.5013,3
1.4838,-0.31544,3
-0.056523,-2.2567,3
-1.8919,-4.3607,1
-0.41209,1.6916,3
2.0751,1.7592,3
5.4897,4.6594,3
-0.10425,8.9485,3
1.5415,-0.28557,3
9.0397,2.4033,3
3.3198,4.9801,3
0.9441,1.3242,3
-2.0851,-4.7898,2
-0.23815,0.63311,3
0.95921,2.8122,3
3.7736,1.4311,3
0.62495,-4.8189,1
2.9557,-1.2108,3
0.61258,0.16931,3
0.16612,-4.8623,2
4.1882,1.264,3
1.9022,4.4611,3
0.62845,1.1795,2
2.7203,5.3348,3
6.4088,3.6137,3
4.0414,3.1833,3
-1.1063,-1.3308,3
4.2352,1.6468,3
3.6201,2.3342,3
5.1908,6.8285,3
7.0409,-1.0529,3
-5.4332,-4.1068,1
0.077014,1.6861,3
-0.039256,3.6158,3
3.2761,0.93946,3
3.1327,-0.66287,3
3.2175,7.0033,3
3.9763,1.5878,3
0.93536,1.6771,3
4.6814,3.1386,3
0.40342,1.0263,3
4.6515,1.126,3
2.5556,2.145,3
-1.2007,1.6034,3
3.4341,5.1674,3
4.1385,2.3137,3
-0.82286,-0.48115,3
2.7702,3.5357,3
3.7525,0.95895,3
1.8234,-1.6995,2
3.1899,5.5962,3
0.98911,-0.1586,3
-2.8811,0.30049,3
2.7206,2.8727,3
1.5609,1.7836,3
-3.1831,-2.6396,2
-5.3922,-0.72342,3
2.9339,6.317,3
-0.66014,-2.5325,2
2.9958,2.464,3
0.0033391,1.9784,3
1.9803,2.4542,1
2.2353,0.73496,3
1.2729,1.933,3
0.89213,0.4962,3
3.0456,0.47536,3
2.2129,-0.71632,3
5.4327,3.3158,3
2.4443,5.3278,3
0.81995,-1.5296,1
1.1678,-1.3268,2
-2.1201,-2.1644,3
-0.36688,0.5072,3
4.3802,4.8304,3
4.4132,1.8886,3
2.2975,3.9858,3
2.7666,1.2838,3
-0.038663,0.70987,3
1.7817,-0.80113,3
0.4901,3.6949,3
0.47564,-1.5891,2
1.5107,2.9171,3
-0.13845,4.2944,3
1.6272,2.1864,3
0.41796,1.5223,3
1.0642,-3.383,3
4.3364,6.5142,3
-4.3872,-2.672,2
3.5679,2.6563,3
2.8612,-0.47444,3
1.8035,4.025,3
1.1551,3.015,3
1.8265,4.3544,3
4.038,3.4007,3
0.1211,2.4902,3
3.4442,4.4282,3
1.3472,3.7838,3
0.8312,3.5233,3
-3.1693,-1.0295,3
2.6032,0.0070967,3
2.9588,2.1768,3
2.2972,3.2359,3
0.45791,1.3366,3
2.9538,-2.7044,3
0.18097,-0.50748,3
2.4104,-0.73725,2
4.299,0.62619,3
-0.44365,-1.3908,3
6.5888,6.9118,3
-1.1803,1.93,3
1.7676,5.36,3
2.3681,0.59149,3
1.456,0.45857,3
-0.40316,-0.68947,3
1.8062,3.0071,3
7.3816,3.8312,3
-0.27372,2.4174,3
2.1457,2.9015,3
-1.1064,0.80657,3
-3.4948,-4.3729,1
2.4729,2.8505,3
-0.13727,-2.566,1
6.5588,2.1902,3
3.0813,1.0916,3
0.96619,4.0712,3
0.50258,-1.918,3
-1.4792,-0.50045,2
3.0122,1.7918,3
4.0608,-1.2132,3
1.6061,3.1764,3
2.5614,3.2896,3
4.1172,3.208,3
0.95428,5.6912,3
1.0237,1.5954,3
-0.26562,3.6215,3
-0.15646,-2.8241,3
2.0001,2.2386,3
-2.0664,-0.0947,3
-1.0269,1.6006,3
-1.9122,-1.0172,3
2.676,2.195,3
0.22968,-0.39112,1
3.916,5.2781,3
2.1712,2.485,3
3.299,1.1112,3
2.0347,-0.77035,3
-0.48516,2.8466,3
2.1267,3.069,3
-0.42472,2.153,3
0.91425,1.571,3
0.24879,3.4814,3
1.8245,0.29834,3
-1.4472,1.1784,3
-1.6809,5.6756,3
3.4984,-0.31534,3
2.876,1.3799,3
0.66936,-1.9142,3
2.8125,3.0095,3
2.9997,2.6544,3
2.1772,-0.26269,2
-3.5412,-1.4784,2
0.69097,7.2445,3
2.9522,-0.066924,3
0.32708,3.0214,3
3.7019,3.8279,3
-0.58816,0.51804,3
3.6117,5.0742,3
2.6566,2.5913,3
3.4392,2.1574,3
2.7583,5.1536,3
4.5317,4.8969,3
5.6262,3.3187,2
5.0087,-0.59231,3
0.79463,2.0444,3
1.812,-0.12183,3
5.9199,-0.30494,3
-1.7244,1.0192,3
-1.7154,-2.2343,3
4.402,1.8503,3
6.685,5.3488,3
4.9253,3.4051,3
-1.1649,4.1892,3
3.048,-0.87137,3
-2.6408,0.24758,2
2.9104,5.2396,3
1.2176,1.1108,3
0.64524,1.0997,2
2.8363,-0.55324,2
3.1165,1.4042,3
3.4567,6.4904,3
0.87343,1.939,3
2.5103,8.7114,3
0.56529,4.0638,3
-1.5351,-0.85849,3
2.7572,0.73268,3
-2.9323,-0.26076,3
-1.2583,2.7227,3
-3.4809,0.7984,3
3.5336,-2.4848,3
5.438,2.8684,3
-3.5212,-3.5701,2
0.82036,4.5744,3
3.9007,0.40482,3
-3.2079,-2.5911,2
6.0571,1.5082,3
-1.2458,1.7863,3
-1.832,-1.8293,1
2.9911,3.2661,3
-0.52962,0.68565,3
1.9722,0.65931,3
0.69089,0.84472,3
