1.6993,3.1391,3
0.064311,1.7365,3
1.2321,-0.23439,2
-2.9435,0.17604,3
2.2487,4.8539,3
0.58282,-0.30374,3
-1.7829,-0.62165,3
0.98913,0.31841,3
-1.245,-0.7326,3
6.8958,3.5462,3
-0.43535,-0.21255,3
-2.4977,0.15351,3
2.1967,5.7421,3
-2.6056,1.1689,3
4.5684,1.6018,3
2.6324,2.3811,3
3.4185,-1.8168,3
4.9482,4.6874,2
-3.2653,0.26345,3
-0.82245,0.28061,3
0.15797,1.0292,3
5.9385,1.2567,3
4.6897,4.1415,3
0.057826,3.7487,2
0.57054,-1.2795,3
-0.91155,0.22939,3
1.0351,-1.4132,3
1.4815,1.9822,3
-2.312,-0.18826,3
0.53338,5.431,3
6.044,4.1074,3
-4.2368,-0.46233,3
3.5952,1.4151,2
0.74546,3.2959,3
0.14217,0.11533,2
0.50903,2.8144,3
0.029616,-2.2107,3
-0.85439,0.17679,3
-0.64153,3.3134,1
0.8066,-0.4835,3
0.10436,-0.64373,2
-2.3121,-0.044637,3
0.9782,2.9765,1
5.0575,2.4438,3
0.66788,1.619,3
2.4227,3.1624,3
-0.21932,-2.9972,3
0.419,0.27767,3
-1.6117,3.9258,3
5.9403,1.3736,3
3.482,5.3479,3
-0.12699,-0.017219,3
-1.4723,0.38255,3
0.63044,7.9923,3
1.231,5.4533,3
-1.1598,5.533,3
1.0556,1.0554,3
-1.054,3.5574,3
-0.79047,2.8167,2
-0.31542,-0.27316,3
5.4373,1.0751,3
2.1266,0.15641,3
3.6126,-0.99095,3
1.8429,0.68971,3
-4.1729,-2.849,3
-8.4436,-2.6625,1
-0.38357,-3.9378,3
3.3995,5.5598,3
3.3858,1.7696,3
-0.57827,1.9083,3
-0.84243,-0.65047,2
2.399,2.4288,3
0.52471,-3.844,3
0.25246,-1.132,3
3.0943,-0.19937,3
2.8124,-0.33512,3
2.1338,3.838,3
1.2101,1.2637,3
-4.8461,-2.5081,2
1.5072,4.7565,3
1.1924,1.6324,3
1.8493,0.2433,3
4.8864,1.813,3
2.6045,-0.92962,3
2.9251,2.0924,3
2.7696,1.8967,3
2.8658,4.277,3
-1.5888,-2.3913,3
2.1361,2.4409,3
0.30106,-0.83911,3
1.5173,-0.90469,3
-0.48406,-0.064377,3
0.49089,-0.34807,2
-1.8882,2.5033,3
-2.3285,2.9907,3
-3.6835,0.91877,2
1.481,2.4609,3
-0.33081,-0.057517,3
2.7135,2.2329,3
5.8713,2.6224,3
-0.77932,-1.0985,3
-1.3198,0.50618,3
-0.97316,5.3082,3
0.10276,1.821,3
2.2416,0.43068,2
0.8283,-3.482,3
3.3822,1.0184,3
-2.0214,-1.5695,3
1.0699,1.2734,3
1.7654,-1.8626,3
0.5976,-0.54476,3
-1.9347,-0.14212,3
2.2806,-2.2461,3
-1.5739,0.88372,3
-1.3181,-0.89895,3
0.21594,1.272,3
3.205,5.3948,3
1.7591,1.6067,3
-0.21366,-2.3829,2
0.036968,0.94579,2
-2.1709,0.020049,3
1.1106,-1.6816,3
1.3687,-1.9599,3
4.2981,3.1165,3
-0.32496,1.0573,3
-0.30725,4.2066,3
0.30377,-0.44552,3
1.4454,2.3501,3
4.775,1.977,3
-3.4856,-2.1581,2
-0.33631,3.795,3
0.58169,-2.1861,3
1.3984,3.3713,3
-1.6538,-2.5541,3
1.2464,2.6414,3
-2.7115,1.1925,3
-0.36791,5.7758,3
0.34878,3.0276,3
1.4979,3.0813,2
3.5083,-0.64555,3
-1.1859,3.1587,3
1.1177,-0.19724,3
-0.27992,2.8352,3
1.3233,1.2712,3
1.7635,2.1343,3
2.971,5.4571,3
1.224,4.2395,3
1.514,2.4292,3
2.2361,0.57695,3
1.5953,-0.1693,3
1.8782,5.2914,3
-0.38095,0.67228,3
4.1048,0.21741,3
-2.8533,3.7525,2
1.2468,-1.3751,3
-2.7831,-1.5117,3
-1.9724,-1.2198,3
2.0028,2.4342,3
-0.091143,1.0629,3
-1.8547,0.18176,2
2.5449,1.0681,3
-0.93736,1.4442,1
2.5818,2.5089,3
3.1667,-0.92723,2
3.5657,-1.2215,3
0.95104,0.62798,3
1.2268,1.867,3
-0.17742,0.054513,1
-2.7807,-1.9556,3
0.49696,-0.55251,2
1.4945,1.1252,3
0.71715,1.364,3
5.2849,0.7694,3
-0.6543,1.6524,3
0.5479,1.6495,3
5.4562,-0.016442,3
-2.8154,-3.3168,1
-0.049714,0.70365,3
0.54988,3.7836,2
0.82018,1.2505,3
3.4512,2.0069,3
-2.5279,1.0638,3
-1.6008,-2.1205,2
0.99839,-0.44373,3
-2.0939,0.32737,2
0.73227,2.3797,3
4.6365,2.4583,3
0.21087,-2.3722,3
3.6828,0.18801,3
1.8803,2.4958,3
3.4423,3.8806,3
-0.013741,-0.26602,3
-0.3778,-2.5803,3
2.5044,-2.2679,3
3.9451,-0.45954,3
1.3736,-0.68267,3
4.7683,1.2108,3
-0.42592,1.2028,3
1.4615,0.70574,3
4.5519,-0.11435,3
2.8921,2.2414,3
0.44072,1.9454,3
2.0989,3.2806,2
1.6503,3.1101,3
3.2189,-0.66273,3
0.23462,1.4423,3
4.4559,2.4757,3
0.58526,-1.7187,3
2.883,-2.6238,3
2.2834,1.8775,2
4.6015,3.4086,3
2.3051,2.9433,3
-2.0346,3.0696,3
-2.5852,-0.50626,3
1.9138,-3.3086,3
-3.0654,2.753,3
-0.68833,-3.1073,3
-0.30187,-0.95145,3
-0.6119,1.4215,3
3.3633,2.9673,3
-2.016,-0.074855,1
-2.9916,1.5507,3
-0.47444,-1.339,3
0.78364,3.4311,3
2.0688,1.4341,3
2.2507,0.97694,3
-0.46951,0.72732,3
-0.70306,-3.3755,3
0.20995,-1.0227,3
1.0145,0.97864,3
1.4428,3.1984,3
-1.215,3.677,2
3.0641,-1.0213,3
1.4237,-0.9251,1
3.9832,-4.0697,3
0.41522,0.35318,3
2.2248,3.2984,3
2.0709,0.017628,3
-0.68858,3.345,3
1.5005,-0.37281,1
4.2174,0.5768,3
-0.69344,0.29242,3
-1.1931,-2.5213,2
3.0975,5.0401,3
-0.096048,4.2459,3
2.7619,1.0432,3
2.0872,-2.7934,3
1.2711,0.18266,2
1.9314,1.1772,3
3.4439,-1.7069,3
3.5343,3.5812,3
-0.11633,0.032237,2
2.3942,0.039606,3
0.099303,0.65793,3
1.6792,-0.4248,3
-3.0403,-5.3318,1
-0.064353,-2.9109,3
-0.45538,4.0901,3
-0.97881,-2.2763,3
-5.1371,0.75533,3
1.1695,1.6164,3
-2.981,-2.2128,1
1.7626,0.89353,3
-3.1883,-1.047,2
-0.40294,-0.090705,3
2.1524,-3.2903,3
-5.7986,-1.222,3
-2.1316,-6.8167,2
2.1813,-0.37372,3
4.8229,1.7571,3
-2.4496,2.9644,3
-1.4814,-1.8518,3
0.70204,1.0634,3
2.1551,-2.2224,3
-0.67924,0.078039,3
-3.0172,0.71095,1
-1.7203,1.349,3
1.1807,2.6592,3
-1.8237,-1.6505,3
1.9083,2.216,2
-0.73285,3.7624,3
0.81078,1.4907,3
1.8624,1.4754,3
-1.6515,0.20175,1
1.1288,0.76682,3
-2.2016,-3.3455,2
3.4331,-0.14288,3
-1.2441,0.90592,3
3.6388,3.007,3
-0.13039,4.8948,2
-2.1583,2.1693,2
3.1485,2.2603,3
0.034132,4.3098,3
-3.2565,-2.4176,1
0.84602,1.2568,3
1.4429,3.9126,3
-1.7744,-2.3674,1
-1.5523,6.4535,3
2.6957,2.6534,3
-0.96101,1.3826,3
0.63909,-0.18656,3
-0.49781,2.0308,3
-1.1022,-2.0101,2
2.852,1.8896,3
1.4934,2.4875,1
0.095265,1.2361,3
1.1308,-2.7198,2
-0.036056,1.6916,3
6.0762,2.7626,3
-0.35339,8.8761,3
0.020325,-0.062216,3
1.7998,-1.9067,3
1.2789,-0.70198,3
1.781,1.8917,3
-0.83442,-3.6103,3
-0.537,-2.87,3
0.75006,-1.8751,3
3.5453,0.95479,3
-3.1926,0.33129,3
2.6724,2.7763,3
3.6345,3.6074,3
-0.66894,-0.20361,3
-1.447,-0.037353,3
2.7877,1.9357,3
5.1649,3.3752,3
1.2353,2.2201,3
1.9692,5.3689,3
-0.14882,1.271,3
1.9642,0.39986,3
0.43015,2.1424,3
3.8593,2.742,3
3.8207,4.0283,3
4.0365,-0.2098,3
2.8572,4.3177,3
0.41487,1.4288,3
0.68952,-1.6311,3
1.8986,1.1365,3
3.2205,4.8792,3
2.84,1.4259,3
5.744,-1.0937,2
0.14747,-3.9199,3
0.96599,1.2233,2
1.4596,3.3723,3
0.28781,3.3902,3
3.2154,-0.39216,3
-2.0136,0.30274,3
1.3349,1.7682,3
-1.6102,-0.78168,1
2.2837,0.48946,3
8.0871,3.1516,3
3.0113,0.12499,3
-6.2864,-0.081082,3
4.1251,-0.15287,3
2.0506,2.4373,3
0.422,-1.7416,3
-0.61559,-3.4036,1
0.91168,1.3668,2
1.2728,-1.6309,3
1.0309,-0.74745,3
0.010939,2.4482,3
-0.071128,-3.0593,3
6.1031,-2.9632,3
1.3535,-0.11127,3
-1.8087,0.6335,2
1.3702,2.4374,3
-0.77606,0.13213,1
-0.78819,0.59159,3
-1.0903,-3.8279,3
-1.1176,1.0897,3
-4.2415,4.0045,3
-1.0677,1.9969,3
2.7919,4.1658,3
-0.16769,3.0616,3
-2.2741,-2.8305,3
1.1903,-0.99335,3
-1.6511,0.36947,3
2.993,-0.87056,3
1.38,-0.051933,3
-1.2956,-2.6447,1
-2.2011,3.2104,3
0.61411,-3.8385,1
-1.5718,5.0288,3
0.082759,2.428,3
-0.97651,-4.5967,3
0.88832,1.7044,3
-0.34964,0.9844,3
5.709,0.14463,3
1.5624,-2.9281,2
5.6654,1.1246,3
-2.2381,1.4159,3
-0.3321,-0.033697,3
-0.18706,2.9747,2
0.58769,1.1638,3
-1.0697,2.3731,3
0.676,-4.1564,2
-4.5199,-1.6748,3
-2.3163,1.285,3
0.0071227,2.9527,3
0.81266,3.512,3
2.0074,-2.1409,3
4.0254,4.2661,3
2.2691,-2.5719,3
-0.05153,4.689,3
1.4798,1.3337,3
-0.80176,1.8405,3
-2.3911,1.8217,2
-1.1697,3.5378,2
2.5826,1.1154,3
0.002088,-0.12377,3
-1.1376,2.6754,1
4.4726,-2.8583,3
-1.4973,0.62727,3
1.8708,-0.30115,3
0.82766,0.90759,3
-1.6501,2.573,3
-0.33929,-0.69394,1
-2.3528,3.8626,3
2.046,3.1447,3
-4.0024,-0.58254,2
0.93673,1.4072,3
0.30406,-1.4489,3
-4.0087,2.8003,3
2.0636,-1.2608,3
3.6404,-2.3477,2
-2.0463,0.86955,3
-3.7041,1.9677,1
0.2938,-1.8424,3
0.26973,0.60247,3
-2.6382,-2.0369,3
2.274,4.1096,3
3.7543,3.6208,2
2.091,1.209,3
-1.1124,-0.3915,3
3.0531,-1.5347,3
4.4047,3.7472,3
3.0285,0.7393,3
-0.60209,3.5249,3
-2.2319,0.16778,3
-2.2883,1.4924,3
0.195,0.46832,3
-1.0519,3.5861,3
2.4948,-0.12127,3
4.1436,1.9825,3
-0.66918,1.0897,3
-1.9659,-0.14912,3
4.048,-0.90135,3
1.0731,0.55031,3
0.85578,-0.15798,3
-0.67655,0.49219,3
-2.7847,-0.86328,2
0.303,0.59529,3
0.22755,3.2948,3
-4.1791,-2.3307,1
-0.035816,-0.28432,2
-2.1202,1.0243,3
3.4247,0.59157,3
-1.1043,3.9332,3
-1.1258,-4.6074,3
4.8937,2.7838,3
3.3296,2.3734,3
1.5637,-1.4801,3
0.34895,0.33727,3
4.5387,-0.37412,3
-0.06474,-2.9759,3
-1.9914,-3.9988,1
-1.1759,-0.47782,2
-2.5941,0.14312,3
2.7636,-0.96084,3
-0.8172,-0.65569,3
-0.31353,-0.00084483,3
0.26799,-1.4566,3
1.7108,-0.57803,3
4.1127,0.29754,3
1.9935,1.9829,3
2.3873,-0.21679,3
-0.64045,-1.4683,3
-2.4126,6.0284,3
0.23515,0.82656,3
2.169,1.7077,3
-0.90103,-0.53039,3
0.45415,-0.52972,1
-0.047897,-1.8106,3
0.58044,4.2929,3
1.5564,1.47,3
1.764,2.9408,3
-2.703,0.1731,1
8.3923,2.1122,3
-2.5527,0.55285,3
1.4264,2.3029,3
-0.36259,-2.0098,3
3.328,0.71811,3
3.1504,4.6993,3
-2.7393,1.4275,3
-0.96231,2.7506,3
3.1235,0.36435,3
1.1376,0.43995,3
0.78609,2.2141,3
2.7756,-1.0397,3
1.7293,-0.60512,3
2.1798,-0.66501,3
2.3002,2.9603,3
2.5717,-1.3557,3
-1.9726,-2.785,3
1.2725,2.4906,3
-0.55359,0.030793,2
3.175,0.72332,3
-2.7952,3.3317,2
2.5894,1.4538,3
-2.1733,-1.1171,2
-3.5694,-3.0823,3
0.47581,2.6052,3
1.183,-3.7955,3
4.655,3.098,3
-3.2343,-4.3823,3
2.3225,0.13194,3
1.9415,3.7899,3
1.1707,0.27099,2
4.7466,0.14192,3
-5.1969,-0.27774,3
2.5518,2.4621,3
7.1385,0.83813,3
-0.64399,-0.62542,1
4.9862,0.39526,3
1.5852,-0.03258,3
6.3234,4.9506,3
1.5669,3.4459,3
0.76525,3.9312,3
1.6588,1.8171,3
2.2094,-1.4541,2
0.60711,-0.93979,2
0.12651,0.53988,3
3.4498,3.4634,3
2.8439,1.2056,3
1.0119,-1.6563,3
2.5691,-1.5045,3
-1.4114,-2.6744,3
0.29835,-3.7631,2
3.0685,-2.459,3
3.634,2.6314,3
3.0071,2.7228,2
0.34374,-0.048395,3
-0.060205,0.66034,3
1.1113,6.2774,3
0.62621,5.6318,3
2.5101,5.2029,3
-0.32943,2.5899,3
0.081904,1.4867,3
-0.42101,-2.6318,3
2.4884,3.6428,3
-0.59924,-0.36099,3
3.2798,0.8274,3
2.1156,3.8258,3
2.9347,-0.26773,3
0.98582,1.8465,3
1.1307,-0.25347,3
0.60733,0.76961,3
3.7418,2.9257,3
3.5177,-1.0173,3
-0.52752,1.2508,3
0.28557,0.78759,1
0.06659,-0.96204,3
3.8995,1.4421,3
4.1591,4.5725,3
0.51591,-2.6051,3
-4.348,-0.73853,3
4.3402,1.0015,3
-0.073937,1.1183,2
0.86086,4.6537,3
4.3649,-3.8212,3
0.15064,2.9814,3
0.4651,-0.26469,3
4.2652,2.1191,3
-3.0661,-1.4227,1
-0.32993,1.8145,3
2.3931,0.52342,3
5.2009,3.2372,3
4.3439,3.5525,3
5.0664,4.3938,3
-0.15373,-4.0706,3
-0.2629,3.1357,3
0.58966,-0.61158,3
0.059555,-0.17169,3
4.3594,4.3889,3
3.7453,3.339,3
0.69222,0.31346,3
3.6314,1.5471,3
3.5417,3.5142,3
4.2744,-1.3987,3
4.0202,0.1119,3
-0.56586,-0.3158,3
-0.75891,3.204,3
-2.0846,1.4445,3
-0.6908,-1.2264,3
2.4929,2.8368,2
3.4169,-0.25798,3
0.9066,-2.1787,3
-4.5014,-3.9353,1
-0.36137,0.49787,3
0.34199,-1.1228,3
-1.4699,3.5199,3
0.015426,-2.1706,3
1.6358,-1.7456,3
-2.2364,1.7487,3
4.8826,0.74387,3
1.3833,0.56611,3
-1.3708,-2.3552,3
-0.78102,-2.1638,3
-0.35439,0.19275,3
1.5862,2.5404,3
-0.59913,-4.5908,3
1.2886,1.6778,1
0.35541,0.62347,3
2.5855,-1.7287,3
-2.0712,-2.3507,3
2.3157,2.1531,3
-2.1532,-0.63115,3
-1.9419,2.3318,3
1.0593,-0.82904,3
0.48108,0.55597,3
-0.13577,-1.5225,1
5.4203,0.57945,3
0.65657,0.46456,3
6.4765,2.6195,3
-2.5901,1.3672,2
2.1902,2.8761,3
-1.3787,-0.54976,3
1.5321,0.76235,1
2.3175,3.7279,3
0.80598,-4.0454,2
0.0097548,1.9963,3
0.1608,5.5164,3
3.1406,1.3893,2
-0.052034,1.7967,3
5.044,-2.1049,3
-3.6994,-0.68683,3
2.8652,0.93212,3
-0.79966,-0.27254,3
0.032979,1.2,3
5.3599,-0.68362,3
0.87409,2.9328,3
0.93133,5.0214,3
1.7937,-0.9084,1
-1.0416,1.8743,2
1.3601,-0.26,3
8.2731,3.3572,3
-2.2398,-1.4107,2
2.2349,0.89383,2
2.2275,3.5413,3
2.4071,4.0343,3
-0.64109,0.19294,3
1.9198,2.1024,3
0.28609,-1.7733,3
-2.0866,-2.1415,3
-3.2882,1.2285,3
0.34846,-2.5132,3
1.5529,-0.59424,3
-1.6399,-0.029196,2
1.9847,4.0792,3
2.2994,1.659,2
2.5997,-2.9269,3
3.2511,-2.4708,3
-0.60619,-0.9622,3
3.8216,-0.22666,3
-2.0742,0.47416,3
-0.98243,2.1822,3
0.30525,-0.5866,1
2.2981,6.9283,2
3.9212,1.3311,3
-0.90547,-0.67378,3
0.03801,4.529,3
2.8806,-1.578,2
6.4224,3.7412,3
2.5354,4.5016,3
3.0697,-0.37405,3
1.6267,2.0779,3
1.0707,1.3239,3
2.5385,1.2033,2
6.3608,1.7857,3
1.5618,-1.2486,3
0.89866,1.6744,3
2.0837,1.8679,3
-3.0413,2.3051,3
2.7782,-1.2253,3
-2.8131,1.808,1
-2.1792,1.8048,3
3.9562,5.7237,3
3.261,3.1339,3
2.4865,-0.10372,3
4.8902,-0.00048356,3
3.3499,0.651,3
2.1271,1.4261,3
3.4889,3.1386,3
1.7035,-2.35,3
2.8996,1.9805,3
-0.4357,-3.3062,3
3.3927,-0.70217,3
-3.064,0.36932,1
0.02791,0.5268,3
-4.5284,0.75454,1
0.24479,-1.9416,3
-0.050559,-2.5011,3
-0.28784,-0.67532,3
2.5365,-0.91243,3
2.9882,4.0032,3
-0.85702,-0.6123,3
-2.0463,-1.8299,1
-0.74433,1.7074,3
0.34266,-1.3722,3
-2.4081,0.80812,2
-1.489,-2.5828,3
-1.8972,3.2627,3
0.54545,-0.47405,3
1.8919,-0.45311,3
2.1366,-1.6678,2
1.6807,3.3794,3
0.32453,1.0257e-05,3
-0.51483,-2.6591,3
-0.44579,-3.9089,3
-0.43074,-0.1663,3
2.5183,4.0494,3
2.3989,0.8044,3
2.3641,4.1741,3
-1.9835,-0.75784,3
3.892,2.3673,3
0.3332,3.5701,3
2.7465,3.0466,3
-1.8511,-0.90786,2
2.629,2.522,2
4.1882,4.5169,3
-1.7274,1.9629,3
3.1306,4.5952,3
3.5156,3.4989,3
2.9116,-0.89291,3
0.12305,-2.4772,3
0.29156,-1.3985,1
0.53066,-0.69944,3
0.50715,3.541,3
3.1219,3.9648,3
0.72835,1.6334,3
5.9665,2.7711,3
2.6588,0.30857,3
-2.652,-1.0076,3
-2.0543,-2.0826,1
1.2563,-0.62755,3
3.2717,4.0671,3
-1.9003,2.1771,2
2.1924,1.3847,3
-0.34167,-0.52871,3
0.35384,3.0245,3
-1.7534,1.9285,3
-2.0501,-0.66213,3
-0.63656,0.50849,3
0.66523,4.9715,3
0.82827,-1.9539,2
-1.4612,-0.71843,3
1.4677,5.0615,3
0.17316,-2.1473,1
2.5726,2.527,3
-1.7401,-1.7558,3
-2.1436,-1.4733,3
1.1309,0.63252,2
0.92104,0.36723,3
1.33,-1.1341,3
-2.1536,-0.28427,1
-2.1327,-0.81427,3
2.7883,4.1119,3
1.0524,-0.60625,1
1.1657,1.7792,3
2.7111,4.9704,3
4.6882,0.54027,3
-2.3436,1.6562,3
-0.62737,-1.0546,3
-1.0187,0.67714,3
1.7793,-1.5528,3
1.6668,-0.76292,3
1.1777,0.90518,2
-2.4425,-3.485,3
-1.2515,-4.3457,2
4.0252,-1.8429,3
0.81061,-2.0982,2
3.4694,1.3954,3
-0.56044,2.5185,2
1.143,5.3951,3
3.8092,-2.8828,3
-2.3864,-0.71743,3
1.0841,2.6591,3
1.1477,-1.2663,3
-3.5065,-3.8529,1
-1.2745,7.128,3
0.573,-1.7782,3
-1.149,0.88434,3
-2.3042,3.6838,2
2.3903,4.6558,3
-0.76197,0.24497,3
4.1897,2.4524,3
0.86772,4.9026,3
0.88444,5.1826,3
-0.40359,0.24532,3
0.57485,2.0752,3
2.4987,-3.2652,3
7.2953,4.4396,3
-1.524,1.3559,3
2.8736,2.5926,3
1.7122,-3.2026,3
1.8316,-0.79638,3
1.0924,-1.2621,3
0.16851,1.0601,3
-0.54373,0.86976,3
-2.3022,0.059483,3
5.2365,3.6626,3
4.786,4.2752,2
1.7238,0.68155,3
0.71342,0.08692,3
1.4369,0.46385,2
2.7199,0.97313,3
-1.6103,-0.23392,2
-2.6231,-0.3055,3
0.58845,0.35774,3
-2.9563,1.3321,3
-1.7406,0.66877,1
2.149,6.634,3
-2.1587,1.0543,3
-0.74601,-0.50674,3
-3.4741,0.57016,3
1.6381,2.1697,3
0.91395,3.5394,3
2.3294,2.269,3
6.4352,0.51647,3
1.0484,-0.78195,3
-3.0452,-2.9515,3
1.8508,6.8145,3
1.1689,1.2466,3
-0.13249,0.064256,3
1.8416,-1.0612,2
0.81176,-0.2609,3
-0.20959,2.7675,3
2.0039,1.3164,3
-0.89509,2.6189,3
4.0915,2.4747,3
-0.087027,-0.056143,2
2.4222,2.0472,3
1.8612,-0.38999,3
-0.14384,4.448,3
-3.4746,1.9274,3
1.5649,-0.49488,3
1.0814,-0.43828,3
-2.3095,0.84557,3
0.63437,0.70242,3
-4.5506,-4.0701,2
-0.33749,4.3728,3
1.7352,1.2949,3
3.4633,1.4562,3
0.7313,-0.14324,3
-0.2999,0.15492,3
0.26761,0.66448,3
-4.048,-0.22416,3
2.0384,1.5827,3
4.6902,-2.51,3
0.095011,-0.70929,3
2.072,2.6594,3
-0.13098,-0.18653,2
-1.4762,1.3433,3
3.295,-1.7852,3
-2.511,-1.8392,2
2.6949,1.2768,3
-1.0374,0.35437,2
3.0447,2.3719,3
-1.2835,2.8865,2
3.525,3.9053,3
2.3559,2.896,3
-2.6114,-4.281,3
0.79379,-1.8139,3
0.73306,1.5395,3
-3.6898,0.86618,2
4.3697,-2.7452,3
-2.3902,0.3338,3
-1.4917,-1.4824,3
2.7367,-2.5063,2
3.3743,3.2197,3
4.1085,-1.5048,3
2.5939,1.8188,3
1.9643,0.051155,3
-1.5207,3.6809,2
-0.07265,-1.9437,3
-0.40185,0.19542,3
-0.024075,-1.8517,2
0.94607,2.6908,3
-1.4778,-0.03134,3
1.2195,-1.256,3
0.65403,-0.32915,2
0.89042,0.76953,3
5.9603,0.56678,3
2.7215,2.5151,3
-0.1898,3.9872,3
-4.8314,-4.4329,1
0.62618,-0.36561,3
-1.4694,-2.5234,3
-0.64339,1.3576,3
-0.73664,2.9842,3
-0.97403,3.7767,3
-0.56522,-1.4099,2
2.8199,1.927,2
0.10604,-1.4116,2
1.7174,-0.6019,3
2.5421,1.7991,3
-0.38991,3.5351,3
3.2982,-3.2911,3
2.1147,0.52956,3
-1.7827,3.272,3
1.1589,0.93291,3
0.65684,5.1144,3
1.1576,-1.64,3
-3.6509,-2.5882,2
-2.1879,-0.73577,3
5.3118,1.7351,3
2.4359,5.4012,3
0.452,1.2079,3
3.3475,-0.9987,3
1.6138,0.75259,3
-0.68451,0.10005,3
2.1137,1.4475,2
1.5697,2.7869,2
-0.027756,-1.3992,3
-0.26981,0.07855,3
-0.94297,1.7207,3
-1.9189,-0.44835,3
2.9453,4.3626,3
4.8361,2.4541,3
2.7709,2.0134,2
0.28627,3.73,3
2.9704,2.8163,3
3.0783,-3.8701,3
-0.25064,-2.2888,3
3.3749,1.9785,3
2.6212,0.073557,3
4.1011,4.2828,3
-0.62847,-0.92869,3
-2.3367,3.3297,2
2.7488,1.4706,3
-1.6897,-2.8424,2
2.9913,0.40985,3
4.8009,2.5458,3
0.67686,0.11284,3
0.19583,2.0867,3
-3.4633,1.6627,3
1.5699,-0.027504,3
0.388,-1.3034,3
0.61118,1.1021,3
-1.8632,-3.0351,3
0.27949,-0.21483,3
2.1859,6.5756,3
2.0587,3.4577,3
-0.95532,0.095442,3
0.45778,0.016897,3
0.33328,0.092547,3
-1.5602,-0.74132,1
-0.73388,0.37925,3
-0.052794,0.14589,2
2.5329,1.5931,3
0.72181,3.048,3
-0.060758,0.71088,2
-0.56078,0.65882,1
-1.6634,-2.696,2
2.6178,0.95107,3
3.5922,0.60914,3
2.6444,0.38902,3
4.514,2.5704,3
0.46308,3.3931,3
5.4566,3.6604,3
0.23785,-3.9677,3
3.3453,2.4125,2
0.64664,-0.037484,3
2.437,-0.83957,3
-0.22114,0.11168,3
3.6952,3.0599,3
1.3611,3.5495,3
-1.8587,-2.9581,2
0.77834,0.35242,3
3.0817,1.2567,3
2.4724,0.72794,1
0.68022,-0.18781,3
-0.7852,0.79656,3
4.3458,3.9684,3
-2.1836,1.2803,3
4.4243,4.1205,3
-1.1036,-3.3304,3
6.4664,2.8627,3
3.3655,4.8851,3
2.5575,-1.1273,3
1.3244,3.2044,3
2.4066,2.5719,3
0.69388,3.7036,3
3.299,-0.54229,3
-0.77033,-1.2358,3
-1.6634,-1.4144,3
0.55397,5.3805,3
3.919,-0.030789,3
-1.5933,-1.5272,3
2.2922,5.9216,3
0.5544,4.3838,3
-0.30009,-0.21006,3
2.2339,1.1263,3
-1.3128,-0.8537,1
-0.77716,0.32078,3
1.8969,0.22523,3
-2.0199,-0.62698,3
-0.55771,-1.3058,3
3.9933,4.1764,3
6.339,1.8959,3
1.5569,0.038969,3
3.4795,-0.50241,2
1.3859,-1.8145,3
-0.14112,0.27636,1
-1.9114,3.1057,2
1.2227,-2.8414,3
5.892,4.2892,3
-2.1619,1.4418,2
-0.18506,0.60167,2
2.9039,3.5372,3
-0.43727,3.4093,3
3.3362,5.1569,2
1.6814,-3.394,3
0.88717,1.6666,3
0.26962,2.412,3
5.0766,-4.369,2
-2.4343,-1.4022,2
0.007778,-1.6463,3
-3.7118,2.0633,3
1.8812,-2.8077,3
0.2587,0.034081,3
3.3014,1.9156,3
-2.5803,3.7749,3
1.4621,5.239,3
0.28908,3.4228,2
0.5006,0.52377,3
-0.6393,-2.0338,3
-0.14203,1.3267,3
3.282,-1.4945,1
-0.40459,0.88811,3
-0.6374,3.1541,3
2.0496,-0.53752,3
2.6249,-0.75475,2
0.74363,3.9947,3
4.1561,0.28463,3
3.44,-0.65253,3
0.21837,1.3431,3
0.27832,-0.38254,3
3.3934,1.5117,3
-1.266,-5.0798,3
2.681,-3.0729,3
1.7705,-3.4058,3
3.3167,-2.1044,3
0.86155,-0.96491,1
-1.7306,3.0341,3
2.8646,-2.1042,3
3.2641,0.8526,3
-1.693,-3.756,1
3.8004,2.0814,3
-1.2222,0.81527,1
0.76039,3.9747,3
-1.7603,-1.2123,3
0.92845,3.8518,3
0.75453,1.4793,3
-2.1274,3.0967,3
2.3608,5.6096,3
1.7616,0.58719,2
1.0303,1.2243,3
-0.48671,0.37873,3
-0.26087,0.97869,1
-0.97983,1.3341,3
0.92737,0.18611,2
0.47536,-2.686,3
-1.4728,5.3752,3
3.2581,0.30132,3
-1.3657,-3.4897,2
2.0064,3.79,3
-1.6956,-0.40079,2
2.1281,0.57315,3
-2.6157,2.5188,1
2.0733,4.4033,3
0.27018,-0.94249,3
-0.3981,-1.1236,1
-2.6701,0.17896,3
0.82499,-4.2041,3
-1.5021,-2.3296,1
2.3529,1.7539,3
3.571,-0.43771,1
1.6764,3.0206,3
2.4663,-1.8038,3
2.0569,5.9914,3
3.5992,4.2214,3
-1.9005,-0.36412,3
1.6453,-0.10675,3
-4.1311,-2.9801,2
0.569,1.9399,3
1.9304,4.3571,3
0.54281,-1.141,3
-0.96379,2.3428,2
-1.7329,2.2774,3
-2.1774,0.12172,3
0.53687,1.9633,3
6.2999,1.1046,2
-1.844,-1.5684,1
0.096147,-2.249,3
-4.3931,-1.9188,1
1.7871,2.4322,3
2.1778,2.0495,3
-2.487,0.7297,3
1.1949,5.6318,3
2.1459,-1.2807,3
-2.1966,-1.1495,3
2.9183,1.9549,3
-0.88228,-2.5548,1
0.58246,0.65849,3
3.2957,-0.5321,3
2.0335,2.4298,3
-3.002,-4.1853,3
1.771,-2.292,2
2.9151,2.3368,3
4.924,3.2423,3
2.6693,-1.8539,3
-1.6494,-3.9145,1
-0.30476,-0.5969,3
1.096,1.9823,3
2.29,1.1762,3
-2.2653,0.40479,3
1.0477,3.5876,3
-4.1852,-0.19863,3
1.2788,-3.8762,3
2.9148,-0.32994,2
0.7065,1.3649,3
-0.80042,-2.598,3
1.5172,0.16403,2
2.4278,-0.11006,3
-0.90316,1.0385,3
1.4162,-0.27809,3
0.30012,3.9348,3
2.3354,3.9677,3
-2.7506,2.0763,3
-1.2001,0.77774,3
1.4782,-0.7612,3
3.7663,1.2188,3
0.87127,2.2319,3
1.1818,-0.35273,3
0.97104,1.5082,1
0.093704,0.91181,3
0.14929,0.82115,3
4.164,4.3043,3
1.7729,5.7714,3
1.0379,-0.31463,3
-1.7429,1.7786,3
1.9192,0.5966,3
4.9339,-2.1001,3
2.0743,3.9099,3
1.6565,4.3148,3
-0.33567,-1.047,3
-2.1093,0.98037,3
-0.76816,2.5069,1
1.7698,2.7806,3
-0.80993,-0.4351,3
2.3908,2.3971,2
-1.0111,3.1385,3
1.4004,-2.6451,2
0.9344,2.5186,3
2.2277,2.7326,3
2.5178,1.6031,3
-0.78381,0.5693,3
-2.805,-6.549,2
3.0641,2.2181,3
-0.13827,-2.6744,3
2.3134,1.9463,3
3.9749,1.2675,3
1.2789,0.33331,1
1.8532,2.4729,3
0.30884,-2.6236,3
-3.7629,2.7684,3
0.11318,-2.6074,2
-0.22528,-0.32504,3
0.15309,1.6354,3
0.078699,-1.2275,3
-2.3111,2.481,3
-0.75592,2.2368,3
-0.12621,-0.68386,3
1.9429,0.61683,2
-0.059898,1.4141,3
-2.0317,0.92839,3
0.52317,-0.38684,3
0.19254,0.71026,3
2.5877,3.4995,3
0.79751,-1.1193,3
-0.065668,-1.7699,3
1.8837,5.5978,3
-1.3543,-2.8273,3
1.4729,3.7375,3
3.8443,0.66845,3
1.3473,-2.0352,3
1.3139,0.84337,3
-2.0397,4.0937,3
0.86151,0.021111,3
1.0127,1.9849,3
-3.7456,-2.3466,2
-2.7467,0.73873,2
1.1329,1.8248,3
2.0364,0.098341,3
1.0305,3.2565,3
2.4907,0.84837,3
0.23533,-2.3715,3
2.785,2.5657,3
2.2963,0.63768,3
-1.8484,-1.3751,3
2.6137,0.93835,3
1.6841,-0.31908,3
0.62904,0.055261,3
2.6486,-0.23252,3
-1.3953,1.1489,3
-0.68229,-2.6423,3
-2.6545,2.1732,3
-2.6157,-2.5151,2
-1.4382,-0.21294,3
2.3134,-0.34268,3
0.40764,2.9466,3
-0.66599,2.2021,3
4.1275,0.65844,3
2.8917,-3.1839,3
4.3621,2.9348,3
2.4868,4.2515,3
0.2407,-1.3828,3
0.41987,-2.2728,2
2.034,1.8257,3
1.5509,4.3743,3
2.9123,1.2683,3
4.0919,0.94685,3
0.011156,1.6055,3
3.657,6.5976,3
-1.217,-3.3298,3
2.6523,3.4463,3
-1.5409,0.044611,2
-0.32819,0.47996,3
-1.8564,-2.0523,3
7.3643,3.0534,3
3.3111,1.0618,3
1.5402,1.1143,3
0.95217,-0.91188,3
2.161,1.5709,3
1.7455,1.6128,3
0.42009,3.645,3
-3.1577,-0.94304,1
2.3739,-1.6497,3
1.0794,0.7725,3
1.1391,0.95216,3
4.298,7.0646,3
3.2925,1.0144,3
1.9715,3.4309,3
1.9668,-1.2098,3
-1.2195,-0.080061,3
-0.023173,0.21698,3
3.1019,2.4634,3
1.7029,2.584,3
4.0044,2.4736,3
1.6395,-0.17342,3
1.1327,1.8477,2
5.7166,1.8721,3
0.57621,1.3663,3
-1.2431,-1.3067,3
5.3634,-0.37907,3
0.83388,1.8129,3
-0.13663,2.277,3
4.6261,4.1519,3
-1.4748,-0.20788,3
-0.028875,2.065,3
4.0423,-1.7351,3
7.3152,-1.4954,3
0.71513,3.3818,3
2.0147,1.2419,3
-0.70518,-3.1807,3
0.26749,1.0191,3
2.3534,-0.5898,3
0.46973,2.0051,3
-2.2279,-2.5554,1
-1.7157,0.03367,3
-0.053462,2.4847,3
2.3534,6.4031,3
3.6808,-3.0076,3
1.2697,-1.3102,3
2.4193,2.5812,2
2.0363,0.36053,3
-1.8525,-3.2444,1
3.5701,2.5153,3
-4.2845,2.1873,2
2.4031,-1.4639,3
-1.7256,1.8728,3
2.8242,-0.52404,3
2.0835,3.5622,1
0.80113,-2.6283,3
-4.23,-3.4193,3
-1.3669,-2.486,1
-4.1612,-1.6952,2
-0.11981,2.1628,3
1.0396,5.9358,3
0.08035,0.92434,3
3.8959,3.163,3
-0.21217,3.6819,3
-3.8702,1.3597,3
1.4961,-2.521,3
3.3922,1.8517,3
1.7892,0.68223,3
2.0838,0.50507,3
-2.7473,-0.37446,3
1.1846,-0.89775,3
-1.0908,-0.41284,3
5.3625,-0.79248,3
-0.25205,0.70853,3
-1.8844,0.79571,3
1.018,-0.87989,2
2.2817,0.091107,1
2.0593,1.5411,1
1.242,-1.7687,3
-0.69159,-1.8206,2
0.39863,2.9485,3
-1.2075,2.4903,3
-0.70672,1.8523,3
-1.1135,-4.6188,2
0.26618,-1.5573,3
0.62895,3.0821,3
4.6726,4.1385,3
2.5917,5.1242,3
6.37,7.6669,3
-1.534,1.7322,3
-0.63494,1.7918,3
1.3143,1.002,3
-1.9359,3.7985,2
3.3673,2.1964,3
-0.19045,1.872,3
2.9159,-3.2676,3
0.865,-1.6935,3
-1.5591,-0.93389,3
1.5086,4.875,3
2.5609,-0.58613,3
1.0343,-0.67511,2
1.637,1.3872,3
3.0973,-1.1761,3
-2.0335,1.106,2
-0.18958,-1.8853,1
-0.088837,2.0533,3
-1.5053,4.6705,3
4.2436,-2.0917,1
-0.82359,-2.397,1
1.764,-1.076,3
0.5615,2.4802,3
3.9113,3.855,3
-0.77319,1.9184,3
-0.63693,-5.9187,3
1.2512,0.46111,3
4.5974,3.6879,3
3.6572,1.3982,3
-3.8293,-2.6539,3
1.881,0.91131,3
3.4628,3.9328,3
-4.7325,-0.99776,3
4.3993,2.0325,3
1.6004,0.96709,2
0.85922,3.1286,3
0.79023,1.2893,3
0.91861,0.075684,3
2.4511,-0.6157,3
0.28626,-0.43297,3
6.942,0.10317,3
2.4961,0.043942,2
-0.64315,1.2695,2
-1.7574,2.7985,3
2.9892,1.613,3
-1.7504,2.1456,3
-2.2207,-0.97928,3
2.1506,2.284,3
0.90064,-0.70546,3
-0.39796,-1.647,3
0.80192,2.2562,3
-1.8766,-1.7365,1
-2.072,-0.11504,1
-2.7618,5.0656,3
6.0012,3.6708,3
5.8223,-0.30912,3
-2.2511,3.5389,3
0.18623,1.6897,3
2.0692,-1.2016,3
1.8766,1.999,3
0.60848,1.1871,1
-2.3407,-2.3733,3
3.4349,5.4683,3
0.7745,3.2477,2
3.6295,2.2502,3
-0.69502,-1.1854,3
2.806,1.0225,3
0.90719,2.2725,3
4.5618,6.3657,3
5.6573,3.6849,3
-0.74018,-1.2036,3
-1.283,-0.98336,2
4.0927,0.46429,3
1.2779,-1.758,1
0.30817,1.7194,3
3.807,2.5125,3
-0.18746,0.75183,3
-0.47903,-1.0352,3
0.15759,1.2094,3
2.4607,1.737,3
-0.37921,-0.63882,3
-2.5099,-0.6514,1
-2.4427,0.37071,2
0.7628,4.4403,3
-3.2047,-2.4536,2
-1.0086,-1.0709,3
-2.3472,-0.4713,1
0.15378,3.7456,3
0.81659,4.349,3
1.7244,0.70032,3
-5.0898,-3.1354,3
0.92896,1.4644,3
0.46947,-1.3244,3
3.8923,2.2264,3
-0.97594,-2.4523,2
-3.0166,0.60621,3
-3.3676,-3.9144,3
0.98999,1.3591,3
-0.92062,-0.27236,3
-0.90776,1.2197,3
-0.011521,-1.0447,3
-0.25683,-1.0052,3
4.9603,2.6589,2
0.97821,0.46234,3
-0.62606,-4.8578,3
4.8957,2.7081,3
-2.3107,-3.6687,3
4.08,6.4486,3
-0.18755,3.4404,3
-1.8822,-1.8386,2
2.456,2.9622,3
2.0029,2.138,2
-2.2104,-4.963,2
2.0939,2.8193,3
1.0473,-0.043821,3
2.6783,1.16,3
0.020258,5.1952,3
-0.983,1.8825,3
-0.8586,-1.9709,3
4.9268,2.1145,3
0.19497,1.5112,3
1.8197,0.21514,3
0.70261,-0.0039851,3
-0.79902,-3.4978,2
0.66053,-0.15054,3
1.8782,-1.1388,3
-0.0021384,1.5537,3
-0.8156,-4.8022,3
0.55536,2.594,3
-0.77405,-1.5401,3
1.1815,2.1641,3
-0.76629,-0.39162,1
2.7838,4.9826,3
-0.36247,2.3205,3
-0.098969,1.8617,3
1.1575,4.7036,3
-1.2358,2.5412,3
3.8184,2.1312,3
2.4193,4.7539,3
0.62817,1.2389,3
0.27536,-1.4503,3
-1.3514,2.6394,2
0.67094,0.94036,3
3.342,-0.40684,3
5.2636,1.5476,3
-3.0716,-6.6422,1
-2.0322,1.2075,3
3.8261,4.8244,3
0.75605,2.8817,3
5.7735,2.4319,3
0.86826,3.5272,3
-2.7679,2.7928,3
1.9481,1.5657,3
0.25928,-0.78769,3
0.86794,0.81607,3
4.1882,1.7666,3
3.9426,2.631,3
2.6525,0.91624,3
0.27088,2.4336,3
5.3365,-1.9408,3
-2.3876,-2.4892,2
2.6973,0.86632,3
-1.7749,1.6043,2
-0.83863,5.3101,3
-0.046568,2.1951,3
1.6899,1.0027,3
-1.2386,-1.8319,3
-1.9293,-1.5756,1
1.258,4.9125,3
0.53104,2.0075,3
0.40888,-0.80395,2
-4.4002,-2.9857,1
2.2253,0.31646,3
0.60217,5.345,3
0.41252,1.9407,3
1.7249,0.51143,3
1.0412,1.4315,3
4.4214,4.2627,3
1.2085,-0.14019,3
0.78741,4.0777,3
4.2048,-0.54378,3
2.9041,0.83002,3
-3.3744,1.3241,1
1.7529,0.070196,3
-0.045965,3.474,3
1.3168,5.0356,2
-2.6129,5.5277,2
-0.14592,-0.18726,2
1.1802,3.9935,3
-2.6245,-3.9711,2
2.7095,-0.7308,2
4.7246,1.5727,3
-3.4691,0.24781,2
0.41704,3.3145,3
-1.534,-0.91579,2
3.341,-0.97457,3
-2.4926,1.0531,3
-1.2036,2.7832,3
3.8213,3.0202,3
1.4405,4.2392,3
0.67387,-0.94005,3
-1.05,-1.282,1
-1.1845,0.78249,2
-0.81372,-0.058085,3
0.77683,-0.093116,2
-0.68467,3.97,3
-0.19533,-0.92146,3
2.2176,1.3854,3
2.0367,-1.7815,3
1.0242,0.96102,3
-1.2278,-2.2134,3
-2.2855,1.1252,2
1.0216,0.99182,2
-1.8151,2.0022,3
3.3709,4.5298,3
-1.7783,-0.86201,2
-1.7238,-0.87109,3
-1.9959,-1.0937,3
0.63046,6.0626,3
1.3617,0.40183,3
-1.3036,-1.9425,1
0.80132,0.39591,3
0.78371,-1.0658,3
-1.3985,3.026,3
1.0189,0.16111,2
-3.5308,0.68466,2
1.6957,1.5537,3
0.66012,0.74174,3
-0.75326,0.29505,3
3.3891,1.4028,3
-0.74507,-3.2063,3
4.5768,1.1368,3
1.3247,1.4074,3
-0.042755,-1.5008,3
3.4705,-1.3311,3
0.8793,2.605,3
1.4196,-0.42434,3
2.4359,0.19635,3
1.7191,0.93293,3
1.2467,1.6212,2
-2.458,-0.1704,3
-1.2032,1.5452,3
1.5179,0.15218,3
-1.3031,-2.0117,1
-5.5644,-0.13043,1
0.83156,0.22981,3
2.6703,-1.932,3
0.70946,4.7566,3
2.4638,2.9738,3
3.68,1.544,3
2.0401,2.5508,3
2.1738,2.451,3
0.92596,-0.43275,3
-0.76049,0.95504,3
-2.1085,-1.7951,3
5.2726,2.7883,2
2.1221,-0.44363,3
1.2839,-0.77867,3
-0.0047079,-0.63871,3
1.711,1.0031,3
1.062,1.5238,3
0.66282,1.952,3
-1.6518,-1.5195,1
1.1743,0.10481,3
0.074235,-2.5291,3
-2.9412,-2.9367,1
1.7637,1.3222,3
4.4608,2.6131,3
-0.27942,0.99046,3
1.7586,6.8349,3
0.09484,1.0578,3
3.1767,0.0073439,3
-1.6588,0.018893,3
5.6597,3.5196,3
3.8395,-2.5862,3
4.5751,2.1105,3
-2.0177,-1.0397,3
4.9983,0.53335,3
1.359,1.1042,3
-2.6715,-1.3551,3
-1.9528,4.1336,1
1.2232,1.4851,3
-2.0345,-1.383,3
-1.9536,0.8152,3
4.2911,4.4031,3
1.6245,-0.29645,3
4.7165,3.0052,3
-2.8074,-0.99094,3
-4.8582,-1.2207,2
-2.5596,0.3529,1
3.6116,-1.569,3
-0.86506,-0.77339,3
0.91334,-5.4543,3
3.5838,0.17398,3
-0.68316,-0.53423,3
-2.5975,3.9902,3
1.8365,4.6823,3
-4.081,-2.0206,2
6.4561,2.4238,3
-2.0228,2.54,1
6.4883,2.8059,3
0.21216,2.605,3
-0.67105,-2.4759,3
3.2148,3.7372,3
0.50855,1.3764,3
-2.2403,3.8834,3
-2.7589,-1.1404,2
1.2535,0.0042136,3
2.5266,-0.68128,3
2.1619,4.2141,3
-0.94631,2.8687,3
1.9031,2.3602,3
1.185,1.3727,3
0.74256,0.26863,3
-0.55641,-2.4084,3
-1.6494,-0.28537,3
1.7294,3.1148,3
-0.98213,3.5509,3
3.4984,1.0408,3
-1.4001,2.0601,3
0.91506,0.30983,3
0.8626,0.68971,3
1.5877,-0.55068,2
6.5318,5.1956,3
1.7353,2.0629,3
0.42111,3.1916,3
-0.76478,-3.2596,3
-0.86315,2.0912,3
1.3277,4.9028,3
1.3927,2.8632,3
3.3852,-1.1484,3
-1.6226,-1.8978,3
3.4778,1.4848,3
0.35575,-3.3983,2
0.51439,5.9845,3
0.74988,3.8433,3
2.7122,2.1318,3
-0.33384,1.4823,3
-5.219,-3.5857,1
2.5761,-2.2742,3
2.2118,1.1477,3
0.081083,1.8051,3
0.14785,2.4881,3
1.8396,0.2715,3
-2.0229,4.4206,3
-2.3223,-3.5142,3
0.84643,-0.29885,3
-4.1445,2.2106,3
0.62843,2.3075,2
2.0223,1.5521,3
3.5039,-2.2727,3
1.0128,3.5576,3
2.948,3.9447,3
-2.4678,1.8692,3
1.2144,1.1578,3
-1.617,0.94052,3
4.6669,3.8177,3
1.265,2.1752,3
0.88267,0.24559,3
-0.4802,1.8671,3
0.0722,3.4635,2
-1.3751,-1.4317,2
1.3164,0.97879,3
0.95563,1.9283,3
-0.47598,-1.0565,2
-1.6547,-2.9201,1
4.1359,0.24441,3
-3.9397,-1.6869,3
4.0148,2.7475,3
3.3627,3.9582,3
0.1323,2.2645,3
2.7289,3.4218,3
1.1814,4.7989,3
3.2989,2.6524,3
-0.41884,-1.2702,1
3.5204,3.3313,3
0.082953,0.50578,2
-0.54337,-1.7247,3
-2.0174,1.9833,3
-1.6603,-2.4378,3
0.26467,5.0396,3
4.7369,0.80015,3
3.5232,1.9616,3
-2.8388,2.0638,3
-0.94077,0.98948,3
2.0873,1.9759,3
-0.18947,3.8377,3
1.3087,4.4633,3
-0.34076,2.5304,3
-0.9216,-0.86774,3
2.4504,0.077665,1
0.79374,0.55253,3
1.8016,4.1986,3
3.6939,5.0102,3
-1.3471,-2.9419,2
-0.080513,-1.7811,3
-1.4603,-2.9617,2
-0.30305,-0.51503,3
2.6914,-1.8678,3
3.2108,2.2636,3
0.62537,3.7557,3
2.6629,2.7832,3
5.4784,4.4136,3
-3.7937,3.0645,3
2.3957,5.4361,3
-0.19573,1.9248,3
2.2597,-1.5124,3
-0.026898,2.2184,3
0.32158,0.90344,3
-1.3502,0.7787,3
1.0531,1.4069,3
-2.0679,0.15168,3
-1.1849,-2.8625,3
0.95924,1.0118,3
0.98631,3.3941,2
-1.7458,1.0168,3
-1.464,2.8298,3
1.2059,-0.29943,3
1.3751,-1.139,3
1.1689,4.9683,3
0.70953,-3.9614,3
3.023,1.9926,3
0.28315,-2.0362,3
2.48,3.6224,3
-0.12817,-2.2369,3
-3.621,0.2214,3
2.1585,2.091,3
0.049653,-2.5108,3
1.8762,-3.1273,2
0.39394,1.6636,3
4.03,-1.5293,3
2.1906,1.7878,3
1.6851,-1.7678,3
1.3477,-0.43551,3
-1.9538,-3.1381,1
-0.098419,-2.6683,2
-0.41774,4.1297,3
3.7389,0.61786,3
2.2875,-1.069,3
0.47536,3.2569,3
6.2305,4.1554,3
1.9639,0.85478,3
-0.89337,1.1596,3
1.5086,-0.27787,3
0.69259,-1.1395,3
-0.4672,-1.036,3
1.3651,-0.2681,3
1.9729,0.54204,3
4.307,5.1247,3
1.6547,-0.48184,3
-1.8335,3.0656,3
-0.60658,2.6583,1
-2.3371,1.2934,1
0.41962,-2.8542,1
-1.1992,-2.2342,2
0.79234,0.50009,3
-0.63614,-0.32454,3
0.0040379,2.5531,3
4.4283,1.4176,3
-1.5896,1.3824,1
1.9384,3.8512,3
0.30064,-3.9307,3
1.8798,0.94074,3
0.63021,1.2037,3
1.395,5.4057,3
4.237,5.7292,3
1.8833,2.2274,3
0.73194,0.12945,3
0.42385,0.04668,3
0.25929,1.6914,3
2.162,-1.4787,3
0.5654,0.83942,3
3.5192,2.4709,3
1.8397,3.5162,3
-0.77226,-3.0323,3
5.4198,3.983,3
-0.72914,-1.2734,3
2.4593,1.3132,3
-1.8618,4.2879,3
1.491,-0.84473,3
0.26491,1.3041,3
-0.85058,-0.62023,3
0.3592,-0.056534,3
-0.12103,2.0389,1
-1.2787,-1.2077,3
-1.0421,4.4205,3
-1.2288,1.8335,3
-0.34865,-1.7855,2
1.8921,5.9029,3
1.6508,-1.0952,3
1.1602,1.7768,2
1.4943,-2.7403,3
1.1283,-1.192,3
-0.70135,1.5144,3
2.6762,0.66543,3
0.84447,0.69654,3
4.3969,2.8196,3
1.415,-0.57988,3
-2.1085,-2.4514,2
2.7643,1.247,3
-0.5724,-1.4838,3
0.15723,3.6032,3
-0.18859,2.0913,3
-0.35481,1.1519,3
3.3111,1.3985,3
0.031204,0.98384,3
0.4201,0.39662,3
-3.7561,-4.1011,3
0.54335,0.15155,3
2.9533,3.7537,3
-1.4111,3.9594,3
-4.2778,-0.58919,3
-1.1909,-2.2159,2
-1.529,2.6483,3
-4.1627,-0.93473,3
0.14862,1.0842,3
-2.338,-0.7437,3
0.082641,2.1456,3
-1.4884,-0.66328,2
-3.8783,1.9102,3
4.1342,0.83974,3
-3.4586,1.5197,1
0.077698,0.68311,2
2.8199,-2.3262,3
-0.53452,2.3349,3
-0.59926,-2.607,3
-4.5042,0.48625,2
2.9026,3.617,3
-0.41726,-1.3023,3
0.49501,1.7383,2
2.5278,-1.1445,3
-2.767,-1.2029,2
-0.68034,2.7182,3
0.89623,1.9719,1
3.8724,-0.6361,3
3.2304,6.1169,3
-1.3002,-2.1827,3
-1.4736,2.705,2
0.84056,2.0984,3
-0.089927,3.791,3
-1.4735,4.3647,3
0.10567,-1.0216,3
1.143,0.88445,3
3.1676,3.3707,2
-0.18786,0.90624,1
-1.1134,-0.72051,1
1.9739,1.8127,3
-0.32706,-0.48102,3
-2.3728,-3.7234,3
0.60539,-4.3913,1
-1.4712,3.8491,3
2.0276,2.5492,3
-0.63537,1.5086,3
0.23351,2.8199,3
4.2045,0.74252,3
-1.5458,2.1288,2
3.3468,1.521,3
-0.28063,0.67602,3
0.60466,2.556,2
-0.56314,-2.0602,3
0.76696,-3.2556,2
0.20302,-0.27734,3
-0.48741,0.68078,3
2.2374,0.64264,3
-2.2052,2.8069,3
-2.4955,-0.18321,2
1.397,0.5156,3
1.9759,3.5282,2
2.3055,4.296,3
-3.1479,-1.9694,3
-1.4944,-4.8211,1
0.25595,3.2062,3
4.4689,2.4818,3
0.2745,3.0514,3
1.6009,-1.0678,3
1.4454,-0.98628,3
1.9294,-1.4577,3
-4.091,-2.0101,1
-1.7654,-3.8363,3
1.9075,7.7342,3
4.3063,-0.65128,3
0.3633,0.43634,3
-1.0133,0.37402,2
-1.1677,0.011775,3
-0.86835,5.1085,3
-0.82492,-1.5997,3
-0.66775,0.76851,1
-4.7154,0.2357,3
0.71089,-2.6445,1
2.6748,0.7856,3
-0.58754,0.90902,2
0.18817,0.36564,3
2.2021,1.0513,3
2.6739,-1.3532,3
5.7569,1.9655,3
2.993,1.2101,3
-3.7519,-5.3709,2
2.1722,6.2871,3
2.9877,1.4221,3
1.8358,1.0656,3
2.6817,3.4292,3
1.4431,-0.464,3
2.8325,3.3815,3
-2.0295,1.906,3
-0.86669,-0.051839,3
-2.5211,0.63837,1
3.2125,0.82121,2
-0.090562,4.7925,3
-2.5815,2.1116,3
3.3251,-0.23365,3
0.79611,2.0251,3
-1.0352,-1.9224,3
3.7879,-1.2356,3
-3.8718,-0.38668,3
0.93024,2.9249,3
0.086591,-2.8072,3
3.0481,2.6829,3
0.79569,0.9795,3
1.7649,0.61637,3
-0.68111,1.6718,2
-2.8258,-3.4766,3
3.9978,1.04,3
-4.2271,1.005,2
2.1701,2.5306,3
2.9883,1.5168,3
-2.12,-2.8833,2
-0.25121,6.1258,3
-0.66404,1.3932,3
2.5757,3.4754,3
-3.4039,0.095666,3
-3.4843,-0.99843,1
0.63823,0.24196,3
1.0904,1.1502,3
-0.14325,-2.2881,3
-0.29149,-4.0492,3
2.1546,4.5984,3
0.68717,-0.75473,3
1.1183,0.028321,3
-2.3985,-1.6036,3
-0.51772,-3.1141,3
-0.042277,3.538,3
0.50043,4.2118,3
3.3855,-1.546,3
4.4683,1.0324,3
-1.2827,-0.35891,1
-0.30183,4.375,3
4.4443,2.4186,3
2.6419,0.014374,3
0.62561,-0.17446,3
3.988,1.4176,3
-2.5069,-1.2019,2
1.5025,3.8955,3
0.18211,0.31334,3
3.1369,-2.4695,3
1.6779,1.5359,3
-0.29118,4.6483,3
-0.62065,1.6387,3
0.98152,3.2139,3
4.8905,1.9669,3
2.4724,2.8323,3
4.8949,-0.26846,3
2.5661,0.88187,1
1.4573,0.81784,3
1.6187,0.94994,3
0.36777,-0.11362,3
3.1762,1.092,3
4.2732,4.3221,3
1.9079,0.63676,3
1.0156,4.2941,3
-0.40373,-1.3383,3
1.3493,2.1604,3
2.2831,0.035775,3
-2.6639,-4.2501,2
-1.5257,-3.9315,3
0.77433,2.1497,3
3.1089,-2.7246,3
-0.53235,-0.82411,3
0.72469,-1.971,3
1.0485,1.7998,3
0.43616,-0.33758,3
0.17219,0.45235,3
3.0336,-2.7162,3
3.2259,-2.5347,3
0.31079,2.5249,3
1.1596,1.0491,3
1.5371,2.415,3
0.88526,0.11545,3
0.54872,0.89469,3
1.1365,4.2747,3
1.3477,-3.0115,3
0.33435,0.47907,3
1.1724,0.14845,3
-0.97345,-0.36711,3
-1.9073,-4.4907,3
2.9918,0.8511,3
-0.34012,1.6775,3
5.6637,-0.63607,3
-1.0209,-1.1848,2
5.6404,1.4587,3
-4.3092,0.40056,2
1.1914,1.696,3
-1.3127,-0.51167,3
1.3841,-0.23102,3
-1.2378,3.5477,2
2.7016,1.4757,3
1.8792,0.56368,3
1.6638,0.67955,3
5.4091,5.9724,3
1.7575,5.7126,3
-1.1094,1.9358,1
4.546,0.56415,3
0.74837,1.2676,2
1.8908,0.38132,3
2.0462,1.9784,3
-1.302,-2.7109,3
5.1334,1.4767,3
-1.4361,4.5287,3
0.024848,0.53733,3
-0.52174,0.11165,2
1.3018,-4.7005,3
-0.40393,0.62334,1
2.1917,-0.53614,2
2.0175,1.4038,3
0.56591,1.6309,3
0.51707,0.60836,3
-0.64297,-2.1938,2
-0.74667,0.04566,3
0.72797,1.5471,3
-2.2064,-0.78704,3
-1.0467,3.4194,3
4.9886,2.3928,3
1.603,3.6243,3
2.6825,0.26235,3
-2.8503,0.8133,3
2.5786,0.5955,3
2.7172,0.91327,3
-1.8375,4.1381,3
-0.025681,0.36515,3
3.3839,1.8216,3
-2.5758,-4.5587,2
0.11223,2.2565,3
0.51683,1.6955,3
2.0552,-1.0283,3
1.9732,0.77867,3
0.52443,4.4629,3
1.4991,-1.0372,3
-1.8135,0.63594,3
0.22781,1.4914,3
3.192,-3.4783,3
-1.5079,3.4635,2
1.5624,-0.89992,2
1.7931,2.4257,3
3.3923,0.54557,2
5.4852,1.4049,3
-0.81149,0.75158,3
-1.918,4.5621,3
-0.27984,0.59235,3
0.11715,-2.6026,3
-0.29408,-0.35003,1
-0.38988,0.88253,3
5.7622,-0.88296,3
3.7248,1.8559,3
3.2593,-0.59726,3
-2.9755,2.7662,3
2.9229,1.1042,3
3.5041,-3.2676,3
-0.65192,2.7672,3
3.7374,0.66073,3
-0.61789,0.92533,3
1.0804,-0.5472,2
2.8099,2.6324,3
2.7257,-1.4652,2
1.4028,0.27238,3
4.9445,3.7266,2
1.7517,4.1097,2
0.047596,-0.13084,3
0.2905,2.8613,1
-2.0036,-0.99977,3
4.288,1.7231,3
1.9929,1.8435,3
-0.79807,0.80562,3
4.689,0.56238,3
2.3029,1.4556,1
-2.5376,-4.1153,3
3.6461,5.0006,3
2.3292,2.6895,3
-5.058,-1.9124,1
1.6196,-0.79127,3
0.040746,2.1498,3
2.0746,3.7666,3
0.04445,2.0204,3
2.1715,4.7187,3
1.3833,2.6442,1
2.1721,-1.8436,2
-0.16997,3.2988,3
1.1001,1.1704,3
5.6594,-1.0493,3
1.2542,2.7523,3
-1.3128,3.925,3
2.5102,-2.5009,3
0.59447,0.38387,3
0.70486,-0.029206,3
3.8354,-2.7432,2
4.1459,2.0632,3
0.7626,1.827,3
-0.62891,1.3676,3
-2.2096,-0.92669,3
4.7125,1.4761,3
-0.22193,-3.9171,2
2.7576,4.4982,3
0.76291,-0.66654,3
3.1184,1.6274,3
-2.5137,1.3237,3
6.3048,-0.25309,3
1.8977,3.0387,3
1.0119,2.502,3
0.45468,2.0517,3
1.364,3.0233,3
1.5407,2.5244,3
-0.99144,0.81343,3
2.3845,4.1555,3
3.035,3.1143,3
-2.1126,1.1429,3
2.6186,2.5588,3
1.3017,-1.343,3
0.62072,1.5362,3
1.0543,1.2919,3
1.8845,0.14724,3
0.64312,-1.9863,3
1.7312,-2.2514,3
0.49207,3.6435,3
0.089246,-1.27,3
1.8299,0.9213,3
0.72683,1.3878,3
2.6436,-4.2009,3
0.20207,3.1495,3
4.0248,0.69561,3
4.855,-1.8129,3
2.2809,-0.74018,3
-1.0096,2.6699,3
3.9095,2.4124,3
-0.62765,3.2301,3
-0.25057,1.4677,3
-0.65576,-0.40408,3
3.4093,1.8746,3
-2.1396,2.0346,3
2.854,2.4759,3
-0.91548,-1.6965,3
-0.28595,-2.1084,2
1.7724,0.43379,3
2.2886,5.6605,3
1.5349,4.1682,3
0.077982,-1.2329,3
5.8004,1.5728,3
2.2891,-4.4423,3
-1.0854,0.41045,3
-1.7138,0.27415,3
-0.33517,-0.17212,3
3.2685,-0.42126,3
-0.60693,-0.93534,3
2.5839,-1.6231,3
2.7682,-0.0045335,3
-6.0209,1.1759,3
-0.19042,0.24807,3
1.987,1.3442,3
0.36228,2.3041,3
-0.06243,-1.1602,3
5.0041,3.1319,3
-0.33045,0.28964,3
-0.18576,3.3377,3
0.14583,4.7688,3
3.0879,0.63898,3
2.5673,3.5346,3
3.1886,1.3977,3
2.5874,-1.4921,3
1.4858,2.1979,3
2.6172,-0.69875,3
-1.1773,-1.3205,1
-0.79814,-6.7737,2
4.3502,0.24246,3
2.0171,0.46753,3
5.6115,2.5072,3
0.85397,1.1161,3
-1.9272,1.0139,3
-1.1918,-4.5842,1
-0.65537,1.4848,3
1.2016,1.5206,3
2.4002,0.39301,3
1.7182,3.6124,3
-3.7422,-1.2127,3
-1.4295,-2.0356,3
3.4259,1.9398,3
-2.4964,0.44594,3
1.7877,0.94666,3
0.57855,-3.9634,2
3.1525,4.3118,3
-1.6742,0.309,3
5.5139,-0.61185,3
2.8321,1.9436,3
-0.86888,-0.8254,2
-1.7995,-1.4465,1
0.62299,1.986,3
-3.0775,0.38881,3
1.098,0.98863,1
-2.144,-2.5818,3
-0.96613,0.55685,3
-0.061652,2.5935,3
-2.7373,0.0021981,3
4.1703,1.516,3
3.826,3.2058,3
1.0919,1.252,3
2.8414,1.558,3
5.6372,5.7288,3
2.6074,6.2157,3
0.24476,0.85194,3
-2.7572,-0.20297,1
1.3798,2.1215,3
2.0475,1.6414,3
-1.9354,3.3605,3
-1.4415,-2.1023,2
5.8179,1.0019,3
3.0273,4.0218,3
-1.0643,2.4909,3
-1.0584,4.0682,3
-1.2917,2.8471,3
0.12494,6.135,3
-1.7776,3.1241,3
0.29822,1.7229,3
1.9475,0.14321,3
-1.0075,-2.8213,3
-0.43778,1.1779,3
2.8138,-0.28039,3
-0.29047,1.9233,3
1.2602,-3.5273,2
1.2045,-0.1388,3
2.4492,0.85411,3
0.036064,0.88341,2
1.7589,3.806,3
-1.202,-4.6161,3
2.0969,0.58961,3
1.468,-1.306,3
1.2179,3.0659,3
0.90528,1.282,3
3.4914,2.1159,3
-2.408,0.84745,3
3.7099,0.25859,3
2.7198,-0.43378,2
2.1656,2.4584,3
4.213,1.5441,3
0.6208,-1.4361,3
2.9313,0.58883,3
0.6941,1.1253,3
-0.032974,0.71991,2
-2.7207,1.8704,3
-0.5123,1.0651,3
3.2118,-1.8795,2
-6.5964,0.79951,2
2.494,5.1368,3
0.19152,3.6763,3
-0.30988,-2.6277,2
0.29247,0.49498,3
0.64455,-0.20933,3
-1.8422,0.015251,2
0.63377,1.4204,3
-1.5383,0.69895,3
-0.054464,-0.24134,3
1.4559,3.4624,3
3.4875,-1.6568,3
0.4645,0.40307,3
2.0846,1.6518,2
0.64523,3.9856,3
0.97193,-0.17513,3
-1.8789,-1.3165,3
0.93947,2.7022,2
-1.9586,-1.7796,2
-1.9821,2.2064,3
1.5057,2.3188,3
1.7867,0.85608,3
-0.57879,2.2582,3
-0.31097,0.83632,3
0.22027,3.6098,3
-2.946,-3.6649,2
2.873,3.4634,3
0.53102,1.3426,3
4.1203,1.9461,3
1.646,5.0359,3
2.5815,2.5121,3
-0.1075,1.9075,3
0.3827,3.4781,3
4.7808,-1.2014,3
0.64417,2.2932,3
-0.54835,1.9372,3
2.492,1.0761,3
3.932,3.0596,3
2.4886,-1.3262,3
-2.7773,1.9744,3
3.5941,4.3324,3
-0.32634,3.1098,3
-1.4452,1.7031,1
-0.74115,2.6309,2
0.47834,-2.5849,3
1.2847,1.0647,3
-4.0413,0.055334,2
0.80933,0.87666,3
0.67809,-1.289,3
1.4215,-2.0212,3
5.9522,-0.25003,3
1.0384,-0.41731,3
-1.1465,1.3416,3
5.4222,2.556,3
-2.3819,-1.9903,3
3.8214,3.3511,3
2.8515,2.0518,3
1.1764,0.92815,3
-1.8665,-0.39324,3
2.4003,-1.347,3
1.9993,2.2281,3
4.4258,-2.0696,3
2.8945,0.18804,3
2.0504,2.3244,3
1.6559,-1.1929,1
1.4082,2.8937,3
3.25,2.5017,3
5.4794,2.5525,3
-0.20448,0.79655,1
1.5693,2.7405,3
0.45323,1.1012,3
3.638,-0.21589,3
0.20648,1.6389,3
4.3626,1.0258,3
2.7006,3.1197,3
-1.3983,3.8795,3
1.5821,0.20829,3
-1.2794,0.29783,3
-1.261,-0.40739,3
-1.8995,3.8256,3
-1.2713,2.5643,1
2.7467,2.6157,3
1.3576,-0.67881,3
0.13824,2.9147,3
1.8865,-3.407,3
-2.4223,-2.6537,2
-0.19681,-1.9557,3
0.718,2.9763,1
-0.58616,1.2475,3
0.62316,3.8717,3
5.2563,0.18973,3
-0.22967,-5.179,2
-0.45239,1.043,3
3.3413,0.12854,3
0.61017,1.0665,3
2.7256,-0.16962,3
1.233,0.38169,3
1.0131,2.2924,3
0.44513,1.382,3
-0.76122,0.77635,2
-0.1105,1.2746,3
4.0641,-0.09189,3
5.7449,1.8533,3
1.9033,0.087952,3
-4.1281,-1.223,3
6.2304,2.6756,3
3.9933,3.5352,3
-3.5414,2.2139,2
7.3925,3.6744,3
-0.9159,0.93067,3
2.929,2.6372,3
2.6637,2.7999,3
0.69826,1.4209,3
2.1386,5.7597,3
0.61348,6.0455,3
2.1193,6.1651,3
-1.5,-2.3447,3
2.4559,4.3963,3
3.7597,-0.94873,3
2.5244,-2.4907,2
-0.71687,-0.32054,3
1.8868,2.3489,3
3.6465,-1.5191,3
0.19306,0.18261,3
0.40625,2.1926,3
-1.8787,0.34501,3
-0.93365,2.1021,3
1.2605,1.2345,3
2.1067,3.5491,3
0.44996,1.9711,3
3.9124,1.5211,2
0.39977,1.6523,3
1.1573,1.977,3
-0.43447,0.87827,3
0.30563,0.39487,1
-0.93461,0.17756,2
-0.58634,-0.060415,3
0.12912,1.4154,3
2.7083,4.1003,3
0.59431,-0.032586,3
0.60412,-0.28562,3
5.0167,-2.3509,3
-0.82495,0.37468,2
-4.6287,1.1174,3
1.8206,4.0514,3
-3.7463,-1.98,2
3.1434,0.33978,3
0.3266,-3.837,3
2.5139,5.7419,3
0.94686,0.30889,3
0.87726,2.1103,3
-1.4527,0.84763,3
1.283,2.4984,3
-0.46544,0.07476,3
3.3076,4.3084,3
3.9457,3.0547,2
3.4295,-1.7824,3
2.3806,3.6154,3
-0.15693,0.32865,3
3.3324,4.4881,3
1.5621,-2.9243,3
2.0935,1.0119,3
-0.98166,-0.22104,3
4.833,4.3198,3
-1.7393,0.77942,3
-0.87833,0.95397,3
2.7029,-0.84679,3
0.34072,1.3862,3
-3.5351,-1.2141,2
1.0609,-0.36792,3
5.0321,4.5222,3
-1.6675,0.23339,3
-1.1912,-0.06828,3
0.97041,1.692,3
0.97977,-0.095774,3
-0.32938,2.8361,3
2.4163,0.03837,3
1.3644,-1.1433,3
-0.53731,1.4294,3
-0.11088,2.7759,3
2.2191,3.51,3
-0.52684,0.98281,2
-2.0638,-2.0737,3
3.8678,4.6572,3
1.2014,-2.237,3
4.7262,2.2502,3
0.18921,0.82571,3
-0.072067,-3.1824,2
-1.2376,0.27006,2
-0.9484,-1.126,3
-1.4783,-0.076378,3
1.9558,3.3775,3
3.4655,3.6601,3
1.2482,3.8504,3
1.783,-0.4067,3
0.7662,1.2462,3
-4.6499,-2.0354,3
-2.539,-1.7141,3
3.2425,2.0309,3
0.21882,2.6755,3
2.0464,1.2899,3
-4.1482,3.0144,3
2.2503,1.8681,3
2.3638,0.7226,3
0.63887,3.0372,3
-2.1267,-2.3922,2
0.80095,2.7152,3
-1.5035,1.3322,2
2.6266,1.8642,1
-0.24195,-0.87296,2
-4.5692,-1.6958,3
4.5157,1.1283,3
1.5214,1.9627,3
-3.9289,-2.4219,1
2.2744,3.8401,3
-5.1817,3.0448,3
3.9564,0.52234,3
-0.49239,2.7351,3
-0.96377,1.9617,3
0.062612,0.83474,3
1.4654,0.28684,3
5.5106,-1.3214,3
1.7117,0.61946,3
4.3075,1.915,3
1.3808,-0.43894,3
1.152,0.2543,2
-0.60276,2.1385,3
3.8746,-0.9258,1
0.23502,1.4155,3
0.78232,-1.1759,3
-2.3434,-0.12523,3
-0.54863,1.5659,3
-0.80015,2.6268,3
1.4278,2.1692,3
0.98218,5.3122,3
-3.7595,2.11,2
0.58338,-0.61306,3
-2.7213,-1.6441,3
-1.3702,1.4728,3
-0.26072,1.9487,3
1.5153,2.3442,3
2.4881,1.4037,3
4.992,5.244,3
4.0999,3.4662,3
0.58269,4.241,3
1.9519,-0.5472,3
0.28388,0.011057,3
0.034568,0.98809,3
6.0772,5.1558,3
2.8229,-1.1179,3
3.6172,-2.0109,3
0.88117,-0.22825,3
-1.1008,1.0698,3
3.6083,1.602,3
1.259,0.22915,3
1.6967,0.73631,3
3.6149,-0.99633,3
2.2611,-4.2467,3
-0.58357,-2.2146,3
-1.6972,-0.89129,3
-0.52126,-0.77381,1
1.6394,3.7579,3
0.6537,-0.65083,3
2.8282,2.541,3
1.9348,-1.6371,3
0.71912,-0.96666,3
-1.2736,-0.16276,3
0.14892,-1.3903,3
2.2215,-0.96396,3
1.0853,-3.5509,3
1.8141,3.2654,3
-3.4963,-0.14691,3
-0.96345,2.8855,3
3.8061,-0.87289,2
4.6975,2.7732,3
2.667,-0.54947,3
0.30341,0.7402,3
-4.3868,-3.0816,2
-0.7679,0.078256,3
2.038,2.3182,3
2.8341,0.0247,3
0.2302,-1.555,1
-2.0101,-1.5944,1
-3.2338,-0.68424,3
1.2021,0.4115,3
0.97258,1.1757,3
1.4984,6.0108,3
-1.2632,1.6715,1
1.9521,-3.5639,3
0.25111,3.3081,3
3.9138,-1.0589,3
3.7177,-0.19974,3
1.1598,1.1331,3
3.1927,1.3131,1
1.0823,-3.4148,3
-3.8255,-1.3636,1
1.2426,0.6074,3
2.5891,-1.5404,3
-1.7582,-2.4378,3
-0.92939,-0.29877,3
1.5611,-2.9219,3
1.672,1.887,3
1.6185,-0.40746,3
-1.0649,-1.1298,3
-2.166,-0.19823,1
-1.7186,1.6326,3
-0.57244,1.742,3
0.058125,-0.27692,3
3.6912,1.8145,3
-4.6857,1.1834,3
-0.046133,0.71959,3
0.15423,-0.051055,1
-1.309,0.81795,3
1.0504,2.6747,3
2.8367,3.1737,3
-2.5067,-2.7276,2
1.657,0.60644,3
-1.1836,-1.255,3
-5.373,-1.4413,3
1.8797,3.4695,3
2.9333,1.2793,3
0.60994,2.6402,3
0.10294,-1.2538,3
0.70245,-1.1063,3
3.1795,-3.0631,3
0.37642,5.0206,3
-3.4935,-0.84056,3
2.2058,2.3496,2
-2.7267,1.1453,3
0.93166,-1.184,2
-0.9442,0.37133,3
5.3166,-0.69705,3
2.3259,-0.16662,3
0.064331,-1.5343,3
1.7709,3.2352,3
2.1474,2.0751,3
-0.036883,0.1676,3
7.1027,2.9836,3
-2.3734,-3.9077,2
2.1621,1.3228,3
-3.1275,2.6979,3
3.169,1.8721,3
-0.94006,0.94169,3
0.28653,1.4011,3
5.329,-2.0536,3
0.33318,-0.19451,1
5.1078,3.9194,3
-0.16226,-3.6859,3
-3.5176,2.4496,3
4.7441,5.2317,3
3.2269,-1.4171,3
-1.6163,2.4134,3
2.8156,2.3823,3
-0.73875,-0.39932,3
-2.2997,2.0218,3
-1.9399,-0.50237,3
-0.53161,3.1641,3
0.54009,-4.5915,2
2.1295,4.098,3
0.015596,3.9472,3
-2.1791,-1.1378,3
3.5418,-0.45087,3
-1.9643,-0.065416,2
2.3013,-1.317,2
1.2291,0.38374,3
4.1762,-1.3795,3
2.161,-0.43461,3
2.2789,2.6486,3
-1.2879,-0.26461,3
-1.2273,0.41879,3
-4.7315,1.221,1
-1.3144,0.92231,3
-1.7113,3.0014,3
1.1404,-0.91674,3
-3.0412,-1.1942,3
-3.6448,-1.0549,2
-3.1902,-0.52957,3
2.3489,4.127,3
-0.14159,-0.84254,3
3.3663,0.93542,3
0.7824,1.7491,3
1.1739,-1.8181,3
2.4473,1.0154,3
1.9687,-0.16792,3
3.8756,-0.50822,3
3.7548,-0.65658,3
2.9357,3.003,3
1.0173,1.5588,3
-1.3318,-1.8558,3
-1.708,0.33527,3
-2.9378,1.7228,1
2.7912,2.5762,1
-2.1461,-1.5428,2
1.5684,6.7885,3
-1.4079,-2.9715,1
-1.3513,2.5132,1
-0.63813,1.5352,3
-1.9259,-1.2543,3
1.7523,3.0082,3
5.6516,2.7088,3
0.16097,0.52911,3
1.4017,0.58334,3
1.8942,1.5771,2
1.1762,-0.55166,3
1.9952,0.56416,3
-5.4772,-0.043064,2
1.9359,-1.4238,3
1.5175,-0.85347,3
-0.0026221,0.3108,2
0.31736,-1.186,3
1.7023,-0.42041,3
1.5706,0.87584,3
1.5728,3.8705,3
-2.7358,1.1671,1
4.5691,3.4569,3
3.1904,-1.3822,3
2.7462,1.6207,3
0.73067,0.81641,3
-1.3487,-0.65666,3
-0.37527,-0.81805,3
3.4635,2.8297,3
-0.90212,-2.0682,3
1.3169,-0.082139,3
4.4501,2.2414,3
-4.4565,1.2358,3
1.6272,0.045309,3
0.39657,1.0784,3
0.83442,3.0195,3
1.9637,1.4115,1
1.4878,2.4904,3
5.6187,3.6983,3
-3.6064,0.41646,3
-3.8894,-0.14409,3
0.598,-1.2846,3
0.50616,-0.99443,3
-1.433,0.90728,3
1.7604,-2.1516,3
-1.629,-2.1947,1
0.21971,2.6448,3
1.41,2.5206,3
-0.59943,0.46514,3
1.543,-0.47567,3
4.9883,2.4521,3
-1.7104,2.8329,3
1.3916,2.7631,3
5.9455,3.4339,3
1.6244,4.2667,3
2.2089,1.9043,3
-1.0284,3.1012,3
0.7668,-0.9866,2
-3.911,0.34686,3
-0.4934,0.54404,3
1.6438,2.4065,3
-2.0718,2.0773,3
0.73302,0.51159,3
-0.45654,-0.81866,2
0.074769,5.2784,3
5.5259,3.9798,3
3.5771,5.037,3
-0.42008,-1.4521,3
0.88791,6.9872,3
-2.8511,2.3126,3
2.514,-0.66923,1
-2.9587,-1.1158,2
4.0707,-0.32561,3
-1.3409,-2.3339,3
-2.1443,1.1055,2
0.092073,2.1349,3
-1.0609,1.0817,3
2.1552,4.6238,3
1.1075,2.8675,3
2.5151,-0.34473,2
0.9171,2.7521,3
2.5021,-1.4871,3
1.9913,-0.030798,3
-1.8455,2.7239,2
-2.4038,3.2701,3
-3.5709,-4.4501,3
4.5073,-0.60197,3
5.0431,3.5736,3
-0.36361,-1.0747,3
4.7713,5.0169,3
-0.20457,2.0958,3
6.8448,-3.4212,3
2.0031,1.2511,3
0.70634,-1.2844,1
2.4465,-1.3444,3
0.51854,4.9737,3
0.42078,2.5771,3
-2.4853,-0.75339,3
-0.73472,2.07,3
7.3026,3.2861,3
4.3421,0.93762,3
-0.33118,1.953,3
-3.6348,2.7512,3
2.2333,1.2431,3
4.4106,1.5486,3
-0.26922,4.9634,3
-5.218,0.12888,2
-0.68309,-3.2696,3
-0.6212,-2.1837,3
-1.4155,-2.4045,3
5.1256,-1.1723,3
2.2509,-0.40544,3
4.5451,-1.5685,3
0.10007,0.8206,3
1.0745,3.0003,3
-0.077975,-0.21718,3
1.3915,-0.71937,3
-0.98652,-2.8944,3
-1.1953,4.6821,3
2.6495,0.94012,3
-0.31504,4.9738,3
0.89677,-1.7809,3
1.3629,-0.38437,3
-2.39,-0.86904,1
-0.77288,-0.71336,3
-0.66708,-1.6346,3
0.20162,1.1573,3
1.6472,0.62771,3
0.49334,0.098797,3
3.107,0.40404,3
2.7868,0.15322,3
0.40586,-0.76113,2
4.2127,-0.43951,3
4.2998,1.3036,3
2.3818,4.4457,3
-1.5797,1.248,3
2.4618,4.2882,3
4.5371,0.6769,3
2.6073,2.245,3
-0.19959,2.7886,3
0.38453,0.34991,3
0.60194,-2.2316,2
0.77747,-2.1019,3
-1.9393,2.4186,3
2.6963,1.9028,3
2.0789,-1.5431,3
4.1623,4.4091,3
1.5009,1.2429,3
2.0714,2.4706,3
2.0273,1.5148,3
-0.67678,0.34998,2
2.5401,2.8543,3
1.8907,1.3935,3
1.3856,0.30242,3
2.3589,-0.98387,3
0.71727,-1.221,2
0.74008,-1.617,3
0.87443,-0.1344,2
0.45233,-0.25578,3
2.7931,4.6606,3
-1.4624,1.3204,3
3.9259,1.8141,3
-0.17018,4.3193,3
-1.8408,2.9611,3
0.69295,-3.2637,3
1.4653,-1.8088,3
-1.7758,-2.039,2
1.12,-1.2945,3
2.1313,5.0514,3
3.1287,1.2224,3
1.4703,1.1196,3
1.193,2.4873,3
-0.0059353,2.3333,3
2.6987,5.5324,3
3.2882,2.7466,3
0.11069,3.9401,2
1.0181,1.3372,3
-0.99096,-0.43659,2
2.6553,1.8623,3
2.1869,2.2137,3
0.68997,-1.1277,3
-3.8526,-1.8153,3
1.6518,3.1483,3
-4.3507,-1.788,3
-3.0532,1.9761,3
0.72653,2.4468,3
3.8177,1.4923,3
0.10627,0.3508,3
-3.5664,-4.6488,1
3.591,6.2159,3
3.4771,0.43108,3
2.1537,1.8653,3
1.3932,-0.66416,1
-2.658,-1.4849,3
0.50455,-2.5713,3
0.10903,-1.5632,3
-2.5756,-2.5781,2
0.85932,1.5809,3
-2.0956,-1.7327,1
1.1211,-2.4953,3
-0.067836,1.9968,3
1.5639,1.7289,3
2.9157,-3.1094,3
-1.2159,-1.9889,2
3.7062,0.77161,3
0.14847,-3.8899,2
-0.29065,-2.5292,3
-1.8011,-2.786,3
-0.21701,-1.5957,3
2.4947,3.1825,3
2.9725,0.54666,3
2.2585,-0.61513,3
-0.62623,-0.087916,2
-1.4972,-0.65397,3
-0.55612,2.5741,3
0.34081,-0.57945,3
-0.37001,-1.0131,3
3.0928,-3.1442,3
0.15372,1.5292,1
-1.1247,0.95137,3
0.016057,1.8765,1
-3.6537,-4.9337,1
1.5984,2.0683,3
-3.1678,3.5655,3
-1.3135,-2.5415,3
2.4115,2.4522,3
0.46431,3.0793,3
1.8176,-3.6623,2
2.3737,-2.8976,3
4.433,-0.56845,3
1.2466,-1.2134,3
-4.1605,0.1275,3
1.0664,-1.0202,3
0.19291,0.40498,3
1.0609,3.9599,3
-0.2526,0.77185,3
4.0238,-1.8932,3
2.4103,2.5792,3
0.82734,-2.6308,3
1.6245,3.3299,3
-0.62538,1.3381,3
0.71384,-1.0899,3
-0.64245,-0.88953,2
3.3262,2.0065,3
3.3345,-1.9669,3
-1.7828,-0.30916,2
2.066,1.5594,3
-0.33245,1.1856,3
0.40679,3.5089,3
-3.1214,0.31682,1
-0.84672,0.61813,3
1.3448,-0.047748,3
4.7875,4.948,2
-3.2166,-2.3424,3
-0.95296,-0.40743,2
0.89881,-0.1531,3
1.9102,4.8604,3
3.0618,0.97575,3
3.0725,1.6677,3
3.1158,-0.026995,3
0.8566,-3.2531,3
3.0912,1.7753,3
6.0039,-1.4948,3
-0.52462,-0.0046001,3
-0.92908,0.81049,2
3.2898,5.8623,3
-1.1117,-0.84023,1
1.6385,-0.25959,3
-0.19106,3.2396,3
5.0357,-0.12585,3
0.50308,2.6139,3
4.1619,0.97278,2
3.6946,-0.74676,3
3.4028,0.15585,3
2.0704,-0.79333,3
1.9261,1.0266,3
1.0374,3.5373,3
-0.22089,-0.24747,3
0.90197,-0.84572,3
1.4829,-0.21406,3
5.4382,1.9559,3
-0.21868,1.0576,3
1.1318,3.6709,3
4.282,-1.9829,3
3.6049,3.6144,3
-0.96756,-1.7835,1
1.6012,1.8312,3
-2.5991,-0.87099,3
-1.2943,-1.397,3
-1.132,1.5044,3
-1.9564,0.57926,3
1.5808,-0.48573,3
5.6071,1.1876,3
-1.4596,0.74947,2
-0.031498,-1.6862,1
1.5328,1.4524,3
-2.2336,0.92379,3
-1.8558,1.4149,3
-0.28497,-0.31029,2
2.9214,-2.9379,3
-3.2942,0.9383,3
-2.3666,3.0341,3
0.16869,4.658,3
1.5864,0.67616,3
-0.020865,1.4963,2
-2.2818,-2.2653,1
-0.88607,-1.7407,2
-0.66474,2.2221,3
1.4403,2.2172,2
4.5682,3.322,3
-1.0952,-1.1111,3
0.067056,-0.26908,3
-4.4969,-0.21288,2
2.939,-1.4255,3
-0.20508,1.7241,3
-2.536,0.47847,3
1.4546,1.5312,3
0.28252,-4.3435,2
1.8055,-1.2046,3
-1.643,2.2899,3
2.765,2.1935,3
0.42453,0.0043602,3
-1.2155,0.034532,3
2.2883,3.6614,3
4.2768,-1.757,3
1.3984,2.8713,3
