-1.3401,-0.17256,2
1.2728,-2.2098,3
-0.34326,-2.2795,2
0.29515,-1.9498,1
-2.0159,-4.5624,1
-2.6754,-0.80515,1
0.4089,-2.1399,2
-0.64171,-2.2146,1
0.60888,-0.22873,2
-0.33748,4.174,3
1.8476,3.051,2
-1.8584,-0.54888,1
3.1456,0.5477,3
-3.2216,-3.19,2
-1.8908,1.6131,2
-5.3536,-4.8261,1
-3.3524,-2.9902,1
-0.81196,-0.16765,3
-3.2277,0.50208,2
0.073628,-2.071,2
-0.43577,0.29947,1
2.3494,-3.4853,2
-3.565,-2.2269,1
-3.8445,-4.6398,1
-2.593,-0.093964,2
0.98908,-2.5242,2
0.41557,-1.0198,2
4.9235,4.2986,3
1.4455,1.899,3
1.6191,-0.44456,1
2.6217,0.75091,2
-2.3511,-0.044675,2
-2.7009,-0.5808,2
-1.3658,-2.1289,1
-1.8058,1.3075,2
-3.3863,0.62429,2
2.0763,-2.4416,2
-1.4293,-2.6633,2
1.9389,-2.4609,1
0.18457,-1.0737,2
-0.48533,-1.4626,3
-4.2458,-0.94603,1
-4.5479,-2.1488,1
-0.51917,0.79389,3
-1.383,2.2664,2
-2.1699,1.1249,2
3.3896,1.6912,3
0.87243,0.8166,3
-1.6265,1.9917,2
0.08881,-2.6664,2
5.0901,-1.6318,3
1.0819,2.9393,3
0.20229,1.3397,3
2.1508,-1.7986,2
0.69199,0.76073,2
4.3352,1.6058,2
1.8029,1.0011,1
-1.2505,2.3034,3
-0.021856,3.0147,3
-0.15829,1.0399,2
5.5736,-1.3438,2
-3.3168,-1.5426,2
0.24268,-1.8846,2
-0.39525,1.0543,2
-0.12196,-3.8081,2
0.80275,0.46278,1
2.9268,2.5954,1
-0.90237,-5.0878,2
-1.3736,0.43663,2
3.1513,4.5998,2
1.5155,-0.9615,2
-2.126,-3.7916,1
-3.0416,-1.4179,1
0.97643,-0.3864,2
-2.483,0.94947,3
0.48194,-0.055376,1
1.4075,-3.8175,2
1.7981,1.1478,1
-1.6519,0.18453,2
-2.5094,-5.8091,1
1.3201,-0.40552,2
4.3466,2.4314,3
-1.4703,-1.6089,1
2.2282,3.0036,1
2.2746,4.6562,3
-2.6589,0.16648,1
-1.8973,-1.1966,1
-2.8096,-3.1196,3
-1.9751,-1.1947,3
-0.087934,-0.26989,1
-0.090655,-1.7761,2
-4.3189,-3.2616,1
2.1922,-1.0086,2
-1.3676,-3.6481,3
0.64133,4.2069,3
2.5936,1.0282,2
-6.4319,-1.1164,2
1.7471,2.2076,2
1.2846,1.3912,2
-0.016986,-0.40137,3
-3.8022,3.599,2
0.11267,-0.45496,1
-1.9456,-4.5602,2
1.7988,-0.9614,2
-1.1706,-1.682,2
0.73183,0.1997,1
2.4124,1.8644,2
-0.06078,-0.85925,3
1.3524,-1.5039,1
0.83554,-0.94251,2
2.4795,-1.7743,1
2.4415,-2.035,2
2.8957,-1.2362,2
-2.7822,-2.3771,1
0.28009,0.22497,2
1.4384,0.98942,2
2.7518,2.5133,3
-4.1062,-1.9756,1
-1.4385,-2.9393,2
-1.9639,-0.37625,1
-4.0291,-6.2147,1
-2.2521,-4.3756,2
-6.5569,-1.5393,1
2.1099,1.6538,2
-2.9329,-0.6513,2
-0.10767,-2.1774,2
-0.49644,2.4195,3
-0.39283,0.13792,2
2.9084,3.9376,3
2.3975,4.774,3
0.53923,-1.5091,2
1.2535,-0.36508,3
0.20768,-1.7849,2
-2.4666,1.0079,1
-2.6299,-4.5389,1
1.25,1.8892,2
3.4993,1.2315,3
0.42617,0.27811,1
1.9757,-0.41972,2
1.0954,1.4964,3
2.6699,0.12353,3
0.12269,-2.3234,1
0.59353,-1.6088,2
0.2173,-0.86645,2
2.6988,0.57614,1
0.58093,-3.451,1
0.058255,-3.4626,1
-1.1807,0.53593,3
-0.71121,1.9546,2
1.3285,-1.5409,2
-1.1475,-3.0295,2
-0.098481,-2.6143,2
2.5425,0.023697,3
3.6148,0.32493,2
3.4951,5.2645,3
-0.55446,0.061911,1
1.6649,1.2946,1
2.3444,-0.92693,3
-2.5319,4.4891,3
-1.8057,-0.46804,1
0.45685,-1.8866,1
0.6075,-3.9357,2
-1.899,-2.0166,2
-0.38456,0.69514,2
-1.8183,1.8162,1
2.1751,1.643,3
1.4016,-1.2575,2
-0.38654,-2.0485,1
2.3569,-1.0934,2
-0.51176,0.59227,2
-0.26023,-2.6256,1
-1.0021,-0.98525,2
0.89786,-2.1602,2
1.1356,-1.2937,1
-0.92238,-2.5621,1
-4.8535,-4.3965,2
-2.1644,-5.6057,3
1.1418,-0.46655,3
0.58122,0.042872,1
5.3972,-1.2306,2
-2.5153,-0.13049,2
-0.76887,6.352,3
2.7498,-3.1703,2
-5.7365,-6.2212,1
0.76119,2.9289,2
-2.5604,-2.5404,2
3.6287,1.1341,3
1.4152,-2.4728,3
0.34391,-0.21179,2
5.0136,1.4369,3
-1.7167,-1.2364,1
-0.25142,-0.04278,2
-1.4231,-1.3745,1
-1.0576,0.11492,2
1.6062,-2.6492,2
-0.36349,-0.43935,3
1.545,0.20466,3
0.92822,1.0092,3
-0.70581,-4.2399,1
-1.534,-3.307,1
-3.6295,1.1096,1
-1.4484,-0.64773,1
-1.386,1.9529,3
-0.33097,1.4376,2
-1.5752,-1.0236,2
-0.47247,0.46825,3
-4.0321,-0.44925,2
-2.6487,1.9573,2
-4.1123,-0.88907,2
-1.6325,-4.2535,3
1.985,3.2508,2
-0.62116,2.2966,3
1.525,-1.9278,2
-1.5957,-0.48423,2
0.55321,-0.18747,3
-0.04108,-1.8317,1
-0.96282,-1.043,2
4.2144,-3.1411,2
-0.40048,1.5829,2
1.7899,0.73178,2
1.927,0.6133,3
0.4379,0.94355,2
-2.3978,0.95696,3
-0.70845,0.25847,2
-2.3967,3.5875,3
-0.99639,-4.8487,2
-2.7589,0.34891,2
-1.8748,1.5328,3
1.6378,1.172,1
1.2873,-2.4861,3
-1.1443,0.58049,2
1.386,-0.9528,2
-3.2934,-1.6983,3
-0.56927,-2.8047,2
-0.37119,-0.047922,1
-0.74298,-4.6716,1
0.77147,-2.5506,3
-1.8225,0.28989,2
-3.5705,1.3255,1
3.4324,-6.2024,2
2.3969,-0.58749,1
1.7769,2.6888,3
-2.6618,1.8067,3
-5.5105,-0.83517,2
1.4505,1.8483,3
-5.1608,-1.7979,2
0.84936,1.2321,2
0.064329,2.8524,3
-0.44866,2.0446,2
1.1432,2.9841,2
1.2628,4.7676,2
1.7096,-0.15914,2
-3.8696,-4.2986,1
-0.56729,5.3422,2
-2.2707,-2.7183,2
0.80393,-1.9733,2
3.2205,-3.0125,3
0.4463,-0.9501,1
-2.283,1.1359,1
4.6211,3.6724,3
-1.6515,3.0676,2
-0.41358,-0.71595,2
-1.0017,0.14051,2
1.0894,0.37563,2
0.88664,-0.039305,3
3.5041,-0.06965,1
2.2384,-0.19472,3
1.2634,-0.37173,2
4.3547,2.641,3
-0.59052,-0.027305,2
2.0025,0.71961,2
1.1588,-1.7232,3
0.59633,2.0264,3
4.3079,0.5483,2
-1.7777,-0.061596,2
-0.61861,0.72271,3
0.43214,2.447,1
-0.79402,-2.5791,2
-0.76907,-2.4593,2
1.7483,0.49541,3
1.1828,1.8871,2
-0.60024,-2.8356,2
-2.1113,-0.18947,1
1.0772,-0.96792,1
4.4515,3.9648,3
3.135,-0.77895,3
-0.3957,3.2911,2
0.14731,-3.4227,1
-3.8529,2.0666,2
-0.19446,2.1958,3
-0.44422,2.6559,1
1.343,-4.5373,2
-1.4937,0.11319,3
-2.0406,-2.3272,1
-5.1744,-2.9793,2
-2.7503,-1.4175,1
2.8368,-0.19103,3
0.14708,-1.7533,2
-2.0724,-0.66745,1
-2.6487,3.1149,3
2.099,1.8492,2
0.034266,5.2701,3
-2.8459,3.1847,2
2.726,-1.8011,3
1.3143,3.4013,1
-2.2512,-2.6975,2
0.37584,1.9316,1
-1.2979,3.4291,3
1.2248,1.5437,1
-3.0236,-1.064,2
-3.3729,-3.8112,2
-3.8898,0.48019,2
1.6754,-5.7292,2
1.5296,-0.5953,2
0.73784,1.3062,3
-0.32808,1.6617,2
1.0263,0.54879,3
2.0706,-0.45719,2
-0.58402,-1.8286,1
2.2093,-2.0034,3
-3.0678,-2.9086,3
-1.4496,0.47867,2
-0.56187,0.030606,1
1.5638,-2.5175,2
0.416,1.5285,2
-2.1118,-3.5713,1
0.0034753,0.42751,1
-1.3363,-0.34916,2
2.7729,3.2482,2
-2.803,-6.3751,1
0.57904,0.21478,3
0.073956,1.8571,3
1.4273,0.26645,3
-1.3663,1.5112,2
-2.9723,-1.3366,1
-4.8868,-6.1624,2
-3.0215,1.3079,2
-2.4557,-2.5932,1
0.30156,2.4286,2
-0.82963,-2.3053,1
-2.1228,-3.4614,2
-0.067788,0.10969,2
-3.7922,-4.6965,1
3.2985,3.1438,3
-0.99493,-1.5154,2
-2.5675,-0.15994,2
0.9639,-0.14716,3
-3.3163,4.4338,1
3.8821,0.2033,2
0.64507,-0.95155,1
0.80949,-2.5591,1
2.3705,0.84517,2
-2.4613,0.47216,2
1.4414,3.2804,2
1.208,-2.3203,2
1.011,3.6001,3
0.27763,0.012519,1
2.3158,-3.2335,3
-0.071486,0.45471,2
-0.58528,0.79839,2
-2.5346,-0.99951,2
-1.6886,-1.7803,2
-0.35284,0.86198,2
-0.7796,-3.486,2
0.090884,2.3861,3
2.8196,3.2873,3
-3.2523,-4.5077,2
-6.8489,1.0835,3
-0.25581,0.17068,2
0.038837,-0.29223,1
2.6062,2.886,2
0.44256,3.0486,1
2.1149,2.331,3
1.0363,-0.50487,2
-2.1537,1.1698,2
1.7735,-1.1347,2
-3.0543,1.2355,2
-4.1695,1.0171,2
-0.43796,-0.5787,2
0.68192,2.4294,3
0.22385,4.7113,2
5.9523,1.9375,3
2.3553,2.7886,2
1.3573,0.59054,3
0.57883,-0.22931,1
1.0032,-1.7183,1
-2.726,-1.9464,1
-1.9373,4.0961,3
0.0038743,-3.9782,2
-1.1107,-1.2362,2
-3.2474,0.34135,2
-0.50287,2.0179,1
5.3491,-0.99325,2
-1.88,0.021873,2
-2.86,-2.6304,2
-1.6336,-2.5164,3
2.3379,1.4742,2
0.4386,2.6347,2
-3.6754,-1.3322,1
2.1994,1.8301,3
-2.0613,1.5624,2
2.5237,-0.62811,3
2.2991,-2.2742,2
-0.01969,0.85427,2
-2.1783,-4.0032,1
-0.21605,-0.20529,1
2.7087,0.81774,2
-4.0864,-1.2268,1
1.4864,-0.65923,2
1.655,1.7105,3
2.3298,2.859,3
-0.29991,0.40084,1
2.5832,1.1194,3
-4.4814,-0.69039,1
3.168,4.4598,3
-3.4729,-2.8024,2
-0.45357,1.4252,2
1.2771,-1.1149,1
2.9071,0.18416,3
2.8559,0.5523,2
0.75484,-2.8391,1
6.0839,3.7388,3
0.040603,2.1921,3
0.93197,-1.4464,2
-2.1652,0.73838,2
-1.8584,-1.6022,1
2.0353,0.51142,1
2.2966,-3.7662,3
-2.5867,1.2094,1
1.8355,0.56519,1
4.0242,2.2937,3
-4.9157,-0.36697,2
1.8083,2.5217,3
1.0033,0.54376,3
-5.6762,-3.436,2
-0.68337,-2.038,1
4.2975,1.4828,2
-4.0877,2.0002,2
2.6022,-2.612,2
-1.1461,0.29117,1
4.6195,1.2805,2
2.0372,-1.169,2
-0.91715,4.1298,3
1.3778,4.6662,3
2.4114,-0.94322,2
-1.0849,3.8294,3
-0.039411,0.28807,2
1.7915,-0.19752,1
-1.9387,-3.0505,1
3.2906,0.49529,3
0.33711,-5.6483,2
-0.89334,0.36322,1
-1.8428,-2.1228,1
1.4277,1.6916,2
-0.3764,-1.3651,2
-2.9171,-0.20201,1
-0.7652,3.6046,2
-3.5377,1.1312,1
-0.41821,0.29635,2
0.24104,-5.066,2
-1.8393,-0.36025,2
-2.494,-6.1736,2
-2.5103,0.18304,1
1.7271,-3.6974,2
1.8112,-4.5948,2
1.2625,-0.88471,2
0.47904,3.5663,1
-0.86683,-2.2951,2
-1.0892,-1.1185,2
0.41068,-2.0332,2
-0.80201,2.9311,2
0.87,2.9943,3
-0.46001,1.9533,1
-0.82834,0.383,2
0.35578,1.5159,2
-0.86521,-0.47872,2
-1.0511,1.3849,2
3.1814,1.8385,3
-4.7657,-1.4643,1
-3.073,-1.2851,1
5.2146,2.3804,3
-0.62579,2.395,2
4.172,2.8533,3
0.76104,-0.8276,2
2.5654,4.5104,3
-3.9908,-1.8891,1
-1.1873,-0.93233,3
-2.0445,-3.4994,1
-0.42646,3.2012,3
-2.0509,3.9353,2
-2.0009,-1.6203,2
-1.0083,3.6576,3
-2.3372,-5.6242,2
-2.8697,1.7679,2
-1.0198,-1.51,1
-1.5689,2.7861,3
-2.272,-3.4592,1
1.9504,-4.5259,1
0.95514,1.3416,3
-3.9687,1.2068,1
-2.8766,-1.0769,1
-2.43,-2.0767,1
-1.3228,1.5092,2
0.2028,4.1832,3
1.7968,0.56014,3
-5.0884,-0.85091,3
2.0261,-1.0133,1
-3.476,2.0287,2
1.3447,3.0913,2
-1.2567,2.2098,1
0.7469,-2.2486,3
-1.8244,3.4078,2
1.6842,1.8063,3
0.61487,-4.5665,2
2.2193,1.1843,3
0.039431,-1.8104,2
1.8891,1.455,2
-1.845,-0.32718,1
2.2394,1.4296,3
0.047945,2.9749,2
0.39242,-1.2504,1
-2.7852,1.1069,1
0.90604,1.0414,2
0.81145,-2.8537,1
-1.9391,0.57426,2
-0.32927,-1.1707,2
0.93631,-0.27578,2
-1.0891,-0.16121,2
-5.8887,1.7666,3
0.07407,2.8005,3
-3.0043,-1.4123,2
-3.1186,-0.80958,3
-1.7322,-1.9652,2
0.37267,-0.28359,2
1.5456,-0.17397,2
0.17822,-2.8154,2
0.027426,3.545,2
1.967,1.6165,3
0.32646,7.4367,2
0.88711,0.77016,1
1.3286,0.00070272,2
-0.73746,-0.68234,2
2.5439,1.4816,2
-3.0946,-3.7015,1
-0.59034,0.84909,3
0.66147,1.6825,3
2.6951,1.4763,3
0.36437,-1.5523,2
-0.37007,-1.0451,3
0.14766,2.8147,2
6.1628,4.3132,3
1.3317,1.2019,2
-0.22084,3.9955,1
1.3603,-1.1305,2
-3.8221,1.1002,1
1.6472,-0.39059,2
0.81955,-3.4904,2
-1.5942,-1.7477,2
3.2744,2.5504,2
0.24893,0.5475,2
-2.2936,0.48104,2
-1.3661,-1.0142,1
0.98344,2.704,3
0.54151,1.0665,2
-1.0472,0.68595,3
4.1362,0.29065,2
0.12051,-1.1929,2
-0.24265,2.1142,1
-0.28464,-3.2524,1
-1.264,1.1074,2
0.045899,0.26553,2
-1.681,-1.1499,2
2.1074,-1.8036,2
1.9741,2.1271,2
-2.6818,-0.47645,3
2.8231,-0.50099,2
1.0952,0.42806,2
-1.546,-1.0551,1
-5.422,-1.8856,1
-1.0154,0.35178,2
-3.2783,-1.5428,1
-1.3158,0.22283,3
3.6078,2.0653,3
2.4239,0.675,2
0.52637,4.5556,3
1.3966,-2.4882,3
0.30593,2.2808,2
-1.0378,-1.0694,2
-0.16143,-0.53345,3
5.3447,1.7197,3
1.3739,1.9778,3
0.31153,-1.172,2
-0.7733,-0.25308,3
-1.8555,3.8648,2
-3.1758,-2.5472,2
-6.3123,-0.77408,2
1.2096,1.1158,2
2.3347,-0.077567,3
-1.225,-4.1521,1
0.11751,1.0224,2
-0.17308,-0.50633,3
-1.0914,-1.7313,2
-0.53373,-0.41832,3
-3.8816,-0.59671,1
-1.0118,0.3317,2
2.3147,3.5747,2
-0.65888,-4.7832,2
-4.2736,-1.3978,1
-2.7672,-1.0518,2
3.4399,-2.1264,2
-3.7011,0.3851,1
-2.8436,-2.2647,2
-0.30619,0.54198,3
-1.1271,-0.9336,2
-0.35247,-0.65759,1
0.055046,-2.453,1
-2.2739,-1.3706,2
2.0534,2.419,2
-4.6881,1.8495,2
2.8913,-4.8479,2
3.3809,0.63537,2
0.5446,1.5915,2
-2.2412,0.92078,3
1.8298,0.15016,1
-4.8421,-0.56313,2
-4.4666,-0.45362,2
-0.65673,-3.2589,3
1.5136,4.334,2
-2.747,-0.23424,3
0.22122,-2.2138,2
5.9117,2.9535,3
-0.91643,-1.7338,2
1.5808,-2.2725,2
1.0677,1.765,2
0.73674,-0.4496,2
-0.82751,2.9304,2
6.4161,3.271,2
-2.4851,1.8575,1
0.66236,-0.68864,1
-1.4328,1.3771,3
1.5719,2.3574,2
-3.0377,0.49952,2
0.62623,1.5552,2
-5.7959,-2.3318,2
1.9913,-0.42861,2
1.6143,-1.7291,2
1.3787,1.2802,2
0.42792,1.5939,2
0.66587,-1.521,3
4.9734,3.3881,2
-0.31214,-2.2153,2
-0.27693,-1.3231,2
-0.61471,-2.9947,2
-0.025913,-1.2427,2
0.8754,0.028713,1
1.9992,-2.4828,2
1.6233,-1.1106,1
-1.1521,-0.21432,2
0.41203,2.0604,2
-0.92853,-1.1336,2
-0.12239,-1.1027,2
3.5043,-0.025761,3
-0.91781,0.7689,1
3.0901,4.2799,2
-4.9626,1.3879,1
-0.87708,3.9277,2
-2.0967,3.2673,2
-3.7009,0.67621,1
-2.1111,0.61508,3
3.7976,-1.411,2
-0.10177,-3.4222,1
1.9578,3.3592,3
-2.8072,-0.34106,2
1.2205,-0.62,2
1.5892,-0.5017,2
2.2138,-1.609,2
-0.73712,-0.47208,1
1.0301,-3.9789,1
1.5673,5.2349,3
0.09753,0.59322,2
2.4722,-0.66765,3
-0.56039,-6.4025,1
-0.17221,1.4133,2
-3.4478,-0.30566,2
-1.4517,-1.2603,2
0.28841,3.0784,1
3.236,-2.6457,2
-0.7852,-2.4334,2
-1.8881,1.3507,3
3.6943,0.99021,3
2.6826,-0.37201,2
4.1997,-4.0749,2
-0.57385,3.917,2
1.7139,3.1267,2
-3.2865,0.6045,2
2.2728,-0.41305,3
-3.7195,2.955,2
-1.3157,0.74708,2
0.42497,0.71253,2
-3.8204,-1.9746,1
-0.72436,1.521,2
-1.4965,-1.0418,2
0.17038,0.42105,3
-2.0226,-0.93173,3
3.7507,-0.38519,1
0.29584,0.32587,1
5.2655,-2.5532,1
0.9294,0.1077,1
3.2501,2.0995,2
-0.44683,-1.9184,2
-3.222,-1.7393,2
-2.567,-1.2035,1
0.87463,-2.0976,2
-1.9659,-5.4211,3
0.066196,-2.5525,3
-0.91907,-3.6057,2
3.465,0.93819,2
-0.29971,-1.5945,1
-1.3976,-4.5825,2
-0.57165,-0.38733,2
0.19624,1.3366,3
2.8521,1.2563,2
-1.0051,-2.4415,3
-1.5689,0.40086,3
-0.51809,1.0529,3
-2.5884,1.5069,2
-1.7007,-1.0873,1
-1.4671,-1.8892,1
-1.5481,-1.9607,3
-5.8824,0.8482,2
-1.0181,2.4474,2
-0.90925,0.927,2
1.9534,3.0091,3
-3.6035,-1.2563,2
0.88687,3.2956,3
-1.0519,2.481,3
-2.6199,-1.2632,3
0.38253,-3.2213,1
0.12848,2.0448,3
0.84356,2.5268,2
-0.45799,-2.1115,2
-2.1076,-3.1244,2
-0.4464,1.4934,3
4.4975,-0.88038,2
0.78896,-2.5704,3
4.5302,-1.0643,1
-1.5641,0.68584,1
3.7938,0.29577,2
-2.0432,-3.5847,1
-2.3637,0.12913,2
-0.85407,0.81848,3
-1.5675,-3.9843,3
-3.036,0.13633,1
-0.4939,1.8726,2
0.58086,-0.43663,3
-2.0145,1.0395,3
1.6239,0.2766,2
0.93939,-0.45712,2
3.1981,1.4602,3
-1.35,-2.028,2
3.0592,-1.1586,3
-6.8242,-1.1531,2
-4.4043,2.7983,2
-1.0915,0.57393,1
-2.0797,-2.7842,1
2.2091,-2.2772,2
-0.27444,-2.5819,2
1.245,0.90015,3
-4.8512,-4.1466,1
1.2704,0.82124,3
1.4229,0.84205,3
-2.4247,-1.3086,1
-3.8394,-5.4357,1
-4.2999,-3.0572,1
1.487,1.4034,3
-2.7126,-6.4514,2
-0.63945,0.028194,2
5.4385,-2.195,1
1.3174,0.82243,2
-0.83931,-0.55416,2
0.12452,-0.2465,2
0.086534,0.21841,1
1.1629,1.2957,2
-2.3905,-1.3368,2
-1.7247,-2.123,2
3.2232,-2.7563,2
-0.31789,1.2044,2
-0.70473,0.89881,2
-0.33066,1.9798,3
0.42229,-0.53845,2
-0.39283,1.5998,3
-6.3597,2.2791,1
-3.3225,-2.1082,1
-2.6223,-1.1284,2
-0.50056,-0.7279,2
0.8676,0.77613,2
1.7345,3.717,2
-0.57098,1.1512,1
-4.0423,-3.1318,2
1.602,-2.3674,1
1.6469,3.2334,2
-0.85112,0.43101,2
1.0615,1.3976,1
-3.996,-0.54063,1
-1.7517,-0.4721,2
-0.6719,0.8983,1
2.5984,-2.5878,3
-1.8278,1.6627,2
0.66993,2.1505,2
1.8186,-3.2012,2
-5.5653,-3.1425,1
4.0158,1.1389,2
3.2071,0.76475,2
-4.6832,-2.2451,2
-3.5011,0.62642,1
1.0751,2.3669,2
2.9177,2.2266,2
0.14593,0.5012,2
3.0453,0.043227,2
1.5627,0.2989,3
-0.8503,-1.1379,3
-0.72711,-1.1346,2
4.4843,5.6631,3
-0.25046,-0.73961,1
0.91515,-1.8012,3
0.16058,0.0049931,2
-3.9403,-4.3659,1
3.6904,-1.8401,2
2.7406,2.6569,3
-1.8704,-2.2347,1
-1.0968,-1.3996,1
1.3967,-0.17061,2
1.3742,0.52767,3
1.6317,0.37141,3
1.8158,4.2958,2
-5.4642,0.42383,2
1.5824,2.4631,3
1.1964,2.4393,2
2.0781,1.0074,3
3.8012,1.1748,3
1.6307,-0.063063,3
0.59897,-0.55446,3
-3.9985,1.4725,3
1.9247,1.303,3
1.147,-2.0872,3
1.9513,0.88469,1
-3.2634,-2.0485,2
-3.5898,-0.9081,1
2.8473,1.1896,3
-5.4728,-1.0251,1
-4.5434,-0.52646,2
-3.8575,0.62721,3
1.3806,0.44852,2
1.3557,-2.1714,3
-1.2413,-2.8561,2
4.499,4.198,3
-0.30934,2.1239,2
-0.55912,-0.16161,2
0.85984,1.67,2
-2.0993,-1.0891,1
0.78478,-2.3053,2
-1.1734,-1.3529,2
4.0472,2.0551,2
0.24227,2.6628,2
-1.6781,2.6312,3
1.3388,-0.37,2
1.3274,-1.4961,3
-0.67534,2.0361,2
-0.37213,6.0756,2
4.5477,3.1482,2
-0.66844,-1.4925,2
-1.5589,1.3094,1
2.4674,4.9375,1
3.8458,-1.3045,2
0.39501,1.227,3
-1.7692,-2.4218,2
2.7761,1.025,3
2.0481,-1.862,1
1.5831,3.0171,2
5.5506,1.3255,3
-1.7721,-0.86999,1
1.5125,-1.5386,2
-4.3763,0.48979,2
-1.8254,-2.1572,2
-0.31459,1.1066,3
1.4889,0.078872,2
0.37857,5.0379,3
-3.678,-1.7892,2
0.38503,-0.58123,2
1.2239,-2.3058,3
4.9749,3.524,3
-1.6058,-3.4295,2
-0.46258,2.359,1
-2.7721,0.57047,1
1.7217,3.6658,3
1.6711,1.6268,2
3.5392,-0.46497,1
-2.609,0.17257,2
-2.1693,-1.4747,2
1.0544,-4.8238,3
-4.5913,-0.53266,2
0.47692,-0.79266,2
3.1129,4.2317,3
-0.18939,-1.529,1
-1.6952,0.44122,2
2.6953,0.2234,2
-4.2421,0.7614,2
1.7829,0.48975,2
1.3092,0.60657,2
-0.6562,-1.2591,2
-2.7726,1.9443,2
-2.8212,2.6424,2
2.3504,-0.34767,1
-0.5539,1.2753,3
-0.71165,3.0176,1
0.10411,1.3965,1
-2.09,-3.4656,2
1.1517,0.91071,2
2.9784,-0.3835,3
5.2638,-3.1142,1
-2.8502,0.62285,3
-0.31298,-1.9829,1
4.3726,-0.35565,3
1.2049,0.68584,3
-4.5808,-0.84113,1
0.27898,2.966,3
0.63008,2.9387,2
-2.9964,-0.43723,2
2.9651,2.338,2
-2.3332,-0.33687,3
-1.2018,-0.76417,1
0.5704,1.9447,3
2.6112,2.0818,3
2.9791,-1.4322,2
-3.8574,-0.065,3
-0.11382,-3.283,1
-0.83209,-0.19252,1
1.008,0.20628,2
4.8466,0.56683,2
-0.55478,1.0931,1
2.4215,2.1818,3
-1.6849,-2.3239,2
-1.1149,0.075739,2
-2.4221,-0.14972,1
1.6469,-1.3091,2
-3.2848,1.6009,2
-3.2562,-0.0038976,1
-1.6125,-1.1334,2
3.9166,1.6416,1
0.38924,-0.89234,1
0.87378,-0.16913,2
-0.42654,-0.26727,1
-1.4386,1.8208,2
-0.14345,1.7876,3
1.2518,1.6513,1
0.46493,-2.7801,2
-3.1666,3.9897,2
-2.4524,-1.803,1
-4.2735,-0.30864,2
-0.068013,-2.4003,1
0.37274,-2.0229,1
-0.44657,2.7905,2
-3.5433,-0.58883,1
0.25634,-0.94543,2
1.3043,3.1046,1
-1.3133,-3.5884,2
-5.8041,-3.4424,2
2.7923,-0.73734,2
0.81096,-0.11579,2
1.5106,-2.7132,2
-3.7305,-3.7647,3
3.1173,-0.019582,3
1.1501,-0.96176,2
2.2391,2.322,2
3.7339,-1.879,3
0.28919,1.5942,3
-4.0938,-3.6872,2
2.1141,0.30142,1
-4.3215,-1.4151,1
5.7235,4.9658,3
1.4461,-1.7316,2
-3.4281,-3.2181,2
4.1957,0.62507,3
3.6995,1.0811,3
-1.7641,0.013882,2
-0.16972,1.283,3
3.0969,-3.8297,2
-0.65948,-3.1793,1
-0.081481,3.4075,3
4.7994,4.5026,3
2.0763,-0.56054,3
3.53,1.3782,2
4.5482,3.3118,2
0.19512,-4.9295,1
4.2288,0.9009,3
1.8554,0.35934,3
3.3668,-2.4203,2
1.3914,-2.0349,1
-3.1317,-1.6642,1
-4.1051,0.65287,1
0.37018,-0.5012,3
-2.7208,-3.9053,1
-1.805,0.085184,2
0.64759,3.4372,2
0.036933,1.5671,2
1.8653,-0.5501,2
-3.4352,1.6433,1
-0.34735,-0.69771,2
-1.5962,-3.7701,1
-0.11232,-1.5518,2
-2.1655,-0.15918,2
1.7453,4.1625,1
2.2518,2.2069,2
-2.6756,1.5702,1
0.61782,-5.388,2
5.6678,-4.3131,2
-3.3404,2.8715,3
2.0234,-0.28852,3
-0.20232,0.241,2
-1.1359,5.2168,2
4.3318,-1.5079,1
1.7311,1.2589,2
4.2618,2.6645,2
2.4963,2.2787,2
1.2457,-3.3772,2
-0.28557,1.0801,2
1.3862,3.0291,3
-0.65235,0.63507,2
-4.4599,-1.4222,2
0.24307,-0.022371,1
-2.1812,1.3486,2
-2.5049,-3.8818,2
-1.8309,-1.0442,1
-0.29897,0.49747,1
0.058888,-3.9563,2
-0.54661,-1.9284,3
-0.43808,1.803,2
-2.1892,-4.8063,2
-1.485,0.77655,1
-1.8077,-0.85721,1
2.4134,1.5278,3
-1.9431,-2.153,2
1.1194,3.6606,2
-3.8513,-0.46148,2
2.491,-0.63553,3
-0.77127,-1.083,2
-1.6112,1.5592,2
-4.3743,-0.31515,1
2.4094,2.7072,2
-1.1331,1.5377,2
0.17265,-3.9162,2
2.0633,-0.40444,2
6.6177,3.3879,3
-1.3144,3.566,2
0.4879,-1.7649,3
0.064811,-2.612,3
-5.1912,-1.5039,2
-0.02089,4.3777,3
-0.92707,-3.7988,2
3.8099,2.4157,3
2.363,-0.21671,2
-2.2647,2.0073,2
-0.36118,0.62033,1
0.9876,-0.17148,3
-1.0876,2.1622,2
1.0729,-0.10685,2
-3.0501,-2.266,2
-0.21701,-1.0539,1
1.0218,2.0968,3
5.2076,2.702,3
-1.389,1.2227,3
1.1781,-2.5737,2
0.67781,0.99415,1
0.3471,0.48864,2
-1.6935,2.1664,1
-1.3815,-0.20835,2
0.73841,-1.8995,1
-3.1987,1.1114,1
-0.19052,-2.297,2
-2.2209,-1.5751,2
-0.15561,5.359,3
3.7761,-1.4406,3
-0.82156,-2.2561,2
0.7917,0.028737,2
-0.37517,2.1838,2
-0.14159,0.75643,1
-1.7149,-3.6531,2
-3.0859,0.35413,2
1.228,3.8591,3
-1.3481,6.605,3
0.16299,0.44893,1
-6.2666,-2.0148,2
1.7669,3.0614,3
1.4218,-1.3902,2
0.67444,4.265,2
-2.3987,0.8862,2
1.7112,1.8964,3
2.4846,-0.57763,2
-0.29739,1.8587,1
2.9923,1.1684,3
2.4147,2.5344,3
-2.0511,0.9727,2
2.001,2.3802,2
1.3981,0.097224,3
-0.14984,0.77027,2
0.82237,3.8249,3
0.22555,-1.3662,2
-4.0906,0.92539,2
4.6402,0.22667,3
0.21816,6.9149,3
1.0335,-2.8766,1
-1.4212,1.0878,2
2.335,2.1179,1
-6.1694,-1.5952,2
-1.3619,-1.9552,1
2.6426,1.4929,2
-3.0398,-2.834,1
-0.5945,1.9211,2
0.079469,-0.80188,2
-1.6662,1.8168,2
0.26194,-1.903,1
-2.0225,-1.3211,2
1.7356,0.13537,2
-6.2871,2.5226,2
1.805,2.5549,2
-1.3962,-2.9928,1
-4.5848,-0.2561,3
0.73643,-1.2079,2
1.133,1.6948,2
2.1998,1.6716,3
2.4073,-0.49379,3
0.33503,-0.0077858,3
-2.9376,-3.8068,1
-4.0746,-1.5711,2
1.2799,3.0063,1
3.6156,1.7025,3
0.36736,-0.80941,2
0.044045,-3.587,1
-2.6603,0.47067,2
0.35385,-1.6338,1
-1.9871,-1.6991,2
2.931,1.9854,3
-0.76309,1.042,2
3.3623,-1.9485,3
5.4573,0.87541,3
0.24178,0.63955,1
-0.49128,1.2363,2
-0.19059,-2.2115,2
-0.28482,-0.044156,3
1.6793,2.5161,3
3.1495,0.021316,2
2.9839,-1.4135,3
0.71074,-0.23668,3
-2.7552,-1.2147,2
-0.46165,-1.946,1
1.8082,-1.7132,1
-0.0014982,2.5606,2
2.9588,-2.3701,2
3.0099,2.4124,2
0.95674,3.2537,3
1.6507,2.5748,3
-0.87483,-1.7503,2
-0.26013,4.8138,3
-3.1671,2.0598,3
1.8596,-0.49951,2
0.28648,0.66706,3
2.5397,3.4087,2
5.1176,-0.12432,3
1.7163,2.105,2
2.3837,3.4594,3
0.82937,2.2458,1
-0.90842,-1.4827,2
-3.3508,0.3635,2
4.6203,5.1777,2
0.49243,1.1645,3
0.38643,1.5211,2
-0.83274,0.29536,2
-2.7849,0.026113,2
0.63784,-0.081681,2
-0.00057687,2.2115,3
-1.3954,-4.9671,2
0.22347,-3.0059,2
0.99152,0.71344,3
-3.5572,0.098963,2
-2.9656,2.0862,1
-1.0143,-1.7285,2
-2.2615,-1.3269,2
-0.94549,0.19327,2
-5.3693,-1.7681,2
-0.15865,0.16551,3
-0.60653,-0.21499,2
4.6359,6.2266,3
1.2797,-1.1798,2
2.1227,2.1564,2
-3.2508,-1.632,3
0.8709,-1.4977,3
-2.1642,-0.91387,2
-0.6049,1.3158,1
-0.9476,-4.2335,2
-2.2565,-0.41945,1
2.8282,2.4641,3
-0.58101,1.8591,2
0.31807,0.5708,3
-0.45953,0.60879,3
-2.5254,-0.57999,2
-3.1514,-1.3054,3
3.7785,0.96924,3
0.13893,3.1281,3
0.71323,-0.90153,3
1.8636,-4.9633,2
-2.174,-4.0697,2
1.9247,2.4016,2
-1.763,1.9814,2
2.586,2.3602,2
0.81946,1.2591,3
-5.5031,-0.16638,1
-0.032131,4.4253,3
2.6317,0.8189,3
-0.96193,1.2768,2
0.60575,2.0471,2
-1.1512,-2.0612,2
1.804,-1.3734,1
2.2426,-3.4861,3
-5.6021,-4.1519,1
-2.8154,-2.6105,1
2.9117,-1.0055,2
-0.95323,-0.8033,1
4.7975,-2.2508,2
0.63147,-1.044,3
2.9623,-1.2563,2
-2.1567,-3.478,2
2.2881,0.43842,2
-3.7983,-3.3483,2
-2.1726,-4.9713,1
2.8302,1.8371,3
1.7102,2.8375,2
3.6332,-1.7375,3
1.3055,3.4471,2
-0.7336,-0.94961,2
-4.6675,-0.75477,2
-3.8158,1.4459,2
4.6948,-2.1913,1
-4.3402,1.4137,2
-2.502,-2.0458,2
1.6353,3.5781,2
-1.8331,-2.6086,2
0.11808,0.54604,2
-3.1404,2.2642,3
-0.99016,-0.57538,2
-0.72607,1.1029,2
2.9455,1.7069,2
-1.4903,-0.13572,3
-0.85696,-0.021371,2
0.59437,3.8553,1
-0.11339,-1.1063,2
-3.6392,0.57945,1
-2.9661,3.2384,2
2.9555,1.9549,3
3.8089,0.95923,3
1.3446,0.88987,2
-2.0867,-2.3465,3
2.9197,-0.46987,2
1.3369,-0.58702,2
-0.59937,0.90214,1
0.82219,0.56765,2
-2.5346,1.1512,2
-0.49415,-0.28685,3
-1.6388,1.2825,2
-1.3436,-0.63479,3
-2.0401,1.3344,2
-0.90838,-3.7418,1
-3.0205,-0.16963,1
1.5133,2.3512,2
-0.70708,-4.446,1
3.9548,-0.48379,3
-0.24993,-0.44947,1
-1.8361,-0.91061,2
-2.8775,3.7193,3
2.1069,-1.3342,1
1.1227,-0.20546,2
-1.5275,-1.5336,3
-0.71592,3.8003,3
-0.66033,-2.7004,1
0.026852,-1.6445,2
-0.46087,-3.6651,1
-3.8213,-1.4652,2
4.535,0.51545,3
-1.396,-5.8944,2
-7.1158,-2.5558,2
0.85819,0.35121,1
0.30778,1.1693,1
-2.0307,-0.45902,2
2.1197,-0.8491,2
0.94686,-1.0111,2
-1.7099,2.0196,2
-1.1585,1.3907,3
0.56289,-0.34579,1
1.852,-0.3937,2
-1.5403,-1.4105,2
1.9412,1.7859,3
-1.013,-0.35597,3
1.2137,1.8322,2
-4.3518,-4.8545,1
-0.70688,-3.4846,2
-0.8614,-3.6756,1
-1.5022,-3.3568,2
-3.6209,-1.3553,1
-1.1663,-1.381,2
-4.5324,2.4471,2
-1.395,1.9748,1
-2.9387,-3.217,3
0.30297,0.39132,1
-3.386,-6.6722,2
1.5738,1.1814,3
4.8636,-4.1749,2
0.57046,-0.67132,2
-2.2028,-1.9077,1
-0.497,-1.9336,2
1.3063,-1.7071,2
-0.13145,-0.24329,2
-0.39928,-1.2869,2
0.038567,4.4216,2
1.5294,-2.6908,3
-0.39319,1.0419,1
1.2069,1.6558,3
-4.3834,-1.6863,1
-2.3278,-2.152,1
3.1295,4.3908,3
-0.088315,0.95797,1
2.989,1.2582,3
1.9183,0.33392,1
-0.98051,0.22201,1
-0.78834,0.61452,1
3.1368,-0.90757,3
-2.1536,6.5906,3
-0.15554,2.9986,3
-1.1073,1.6072,1
1.8517,-1.7036,3
-2.2008,0.19085,1
-5.633,-1.1974,1
-0.12696,-1.4273,2
0.98605,0.66775,2
3.6438,-0.93891,2
0.64937,-1.2875,2
-1.8843,-2.6285,2
3.1135,-0.93326,3
1.4932,2.0703,2
-2.2557,1.296,3
-2.4475,-0.54341,2
0.1929,1.6041,2
1.9036,3.4166,3
1.6096,-2.2734,2
3.2055,5.3331,3
-1.5235,2.2032,2
1.3091,-0.67145,1
1.6422,0.92823,2
2.8816,4.0596,2
0.52551,-1.4958,2
-2.488,-2.6088,1
-1.2813,-2.0637,2
4.0122,-1.8854,1
0.31299,0.52007,1
-2.0103,5.5397,2
1.8259,-3.1665,2
0.54243,-2.5843,1
0.89727,0.072224,2
-0.16247,-2.6832,3
0.8483,-3.5729,1
-3.1549,-3.4319,2
-2.2449,-1.7771,1
-0.14668,2.4727,3
-1.0764,-2.4665,1
-0.30976,2.0001,2
1.4285,0.69247,2
0.60308,3.5215,3
5.3536,2.3694,2
2.0832,-1.9975,2
1.6113,0.17236,1
-0.6679,1.813,2
0.39629,-2.4568,1
-1.6484,-2.018,2
-0.87496,-2.521,3
-2.1597,-3.3058,1
-2.1472,0.37529,1
-1.6762,-0.21601,3
2.0585,-1.3005,2
-0.3382,-3.1296,2
5.4612,2.6941,2
-3.1793,4.2358,2
2.1887,1.0615,3
-1.6018,-1.8199,1
-2.8877,3.4127,2
1.7048,0.7418,2
-3.0882,-0.8875,2
-2.2315,-2.2089,2
0.38728,-1.773,3
0.40885,0.84464,1
-2.3523,-0.72042,2
0.57724,-3.0374,1
-0.25557,0.30117,2
-0.30416,-4.9478,1
2.1195,1.7299,3
-4.3584,-1.6285,2
0.2867,-3.0754,2
-1.1246,-3.2525,2
1.3394,1.7507,3
-4.432,-4.3643,1
0.74573,3.3571,3
1.8844,-0.6868,2
2.1117,-1.1766,3
-1.8753,0.92451,1
-1.658,2.8923,2
-0.43906,-2.728,2
0.96473,3.4489,2
-1.3991,-0.88495,2
-0.95495,-1.6041,2
6.8761,1.4733,3
-2.4752,-1.124,2
1.049,-0.41227,1
-0.14097,-0.52445,2
1.5352,-0.92473,2
0.28173,2.5287,3
-1.3982,-4.3515,2
-1.1723,-0.83416,1
-0.42004,-0.046131,3
2.2638,6.5438,3
2.6084,2.6148,3
1.8917,1.5847,2
-0.037326,0.78679,2
-1.142,0.037048,3
0.42397,-0.19468,2
4.4888,1.8894,1
1.4378,3.1523,2
0.57228,-1.3621,3
0.22583,2.7005,3
2.5467,-2.1193,1
2.1683,2.512,3
0.42268,0.76708,2
-1.3775,-0.42242,1
1.4615,3.2594,1
0.25245,-0.17918,3
-4.9832,-6.3847,2
-1.2916,0.019612,1
-1.154,2.45,1
-0.94155,-3.1305,2
0.62497,3.0212,3
-0.79933,0.83407,2
-1.2197,-2.3649,2
3.7774,2.2648,2
0.33202,0.39483,1
-0.38096,-0.17173,3
2.5894,4.2005,3
-2.209,0.018573,2
1.0347,4.5978,2
3.7044,1.3002,1
3.0893,-1.0874,2
-0.20477,1.9347,3
-2.3564,0.74401,1
-1.3819,1.02,1
-0.64509,0.23205,3
1.0555,-1.553,2
-0.13285,0.75471,2
-2.6394,-2.4803,1
1.1594,0.77315,2
-2.5221,-0.20542,2
2.5614,-0.78001,3
-2.414,-0.15133,3
-3.3337,-2.0893,2
0.022133,1.2828,2
6.2912,2.7793,2
2.9255,3.1085,2
-1.039,0.17526,2
1.9198,-0.67887,2
0.78148,-1.0671,2
0.28538,-2.4563,2
-1.171,-1.9931,2
-2.8841,-2.3556,2
2.9762,2.8145,1
0.083301,3.2907,2
5.2611,1.86,2
0.65208,-1.9746,1
-0.74445,-2.4174,1
4.7262,-0.50949,2
4.1272,2.5161,2
0.6566,-1.3975,2
4.8933,1.7888,2
-3.3983,0.44773,2
1.7058,3.1253,2
-6.9594,-0.54698,1
1.1772,3.3811,2
-0.20409,1.7778,3
3.5349,0.22537,2
1.7654,1.7055,3
1.9637,2.2052,1
4.3366,1.3865,3
-4.6366,0.36385,1
-0.93833,-2.0247,2
-2.9434,-3.8652,2
0.55698,1.8753,3
-2.6131,-2.9377,1
-1.4797,-3.9642,2
3.2376,-0.39159,3
-3.7011,1.4371,1
0.8082,-3.7486,2
-1.7482,3.537,2
-0.015363,1.2998,3
-4.189,-2.6336,2
-0.85197,-3.161,2
1.8491,0.85491,2
0.46219,3.8188,3
1.7248,-2.6156,2
-3.5113,1.6617,3
0.7298,-0.21814,1
-3.823,1.0124,1
1.6553,-1.9589,3
-0.4832,-2.1191,2
-2.1674,0.17846,2
-1.1798,3.0929,2
3.0626,1.3593,2
-1.4778,1.4463,1
0.088588,-4.0116,2
-2.3973,-3.2878,1
2.4564,2.7848,3
4.9992,4.1448,3
0.53715,0.28679,3
-0.18508,-1.3045,1
-3.2334,0.37023,2
3.2616,2.2959,3
-0.31325,0.057402,1
-0.23588,0.16654,2
-2.6721,-3.2492,1
-4.2623,0.67315,2
-3.7405,1.6156,1
3.2385,-6.2422,3
-2.504,-1.9947,2
-2.0678,-0.92643,2
0.82948,1.9638,1
-0.77116,0.7741,2
0.5596,-3.8809,1
-0.9819,0.22304,2
-0.49077,-3.6415,3
-2.3445,0.42591,2
2.8871,0.53613,3
1.2292,-1.5562,1
-0.13964,4.2449,3
1.0325,1.6711,1
-4.9682,-1.7395,1
-1.1437,-4.7949,1
4.3116,1.6362,3
1.3797,0.11028,1
2.8986,-0.45335,3
2.847,-0.42811,2
-1.4853,-4.9466,1
1.0505,-1.2563,1
-0.094347,-2.3166,1
1.1317,1.7867,3
-0.78977,2.2626,2
0.90201,-0.63086,1
4.302,3.0054,3
-0.7712,5.0028,2
1.8198,-0.30327,3
4.2801,3.3733,3
1.7522,1.2324,2
1.2559,-1.8773,3
-1.1487,-1.1071,1
1.6546,1.5838,3
0.14761,-0.31572,2
2.8957,-0.64824,3
-1.4154,1.8748,3
-0.72916,-0.52615,2
-0.23603,-1.0949,3
-0.91633,1.8138,2
0.2805,0.83371,2
0.90951,0.77477,1
1.5674,3.3522,3
-0.56108,3.7183,2
0.95877,0.22225,2
1.6365,1.7296,2
-0.94309,4.3561,2
-0.2037,0.12434,2
2.5708,1.6879,2
3.4805,-1.9622,2
-3.6449,-2.9889,3
0.81952,4.02,2
2.1004,-0.9452,3
0.090258,-1.2441,2
2.3319,3.2754,2
3.4076,-2.5736,1
0.39332,-1.2509,3
-0.22317,-6.0474,1
1.6669,-1.05,2
0.68524,1.6334,3
-1.5793,0.032995,2
-0.88832,-0.21733,2
0.056406,0.65413,1
-1.2172,-1.5489,1
-5.3462,-4.1769,1
5.4565,-2.8811,2
1.3847,1.2823,3
-2.5065,1.5928,2
4.0311,7.1109,3
-1.5579,0.29385,1
1.8078,4.2073,3
1.1803,1.4825,2
-3.2755,-1.7329,1
1.8656,1.2037,3
-0.35004,-0.18886,2
1.1741,2.8683,2
1.3703,0.86392,3
0.37622,-3.4775,3
3.6242,5.0364,3
-2.4029,0.83141,2
-2.7189,-1.7765,1
-1.7039,-1.648,1
2.8421,2.043,3
2.4994,2.5033,2
1.4118,0.27561,2
-0.16035,0.093292,2
0.87418,0.56306,1
2.8577,0.21731,3
-0.6986,1.4495,1
2.4349,4.7131,2
-2.2225,-3.2561,2
-1.3372,5.2805,3
-2.6121,0.16652,2
-1.6159,0.99496,1
1.2612,2.7122,2
-2.2365,-1.4673,2
-0.6192,-0.28294,2
1.0207,2.4294,2
-0.84531,-3.0579,1
-1.2413,-0.56974,2
0.82384,-1.2691,2
-0.72657,-0.16475,3
-0.97508,-3.7433,2
2.0259,2.6768,2
-1.703,-3.6164,1
1.5558,0.60212,3
-0.53251,1.5769,3
0.28613,-0.90606,2
-5.5067,-1.9564,1
-2.3306,-3.2847,1
-0.47596,3.5898,2
-0.61237,-1.716,2
1.69,3.6276,3
-0.30668,-0.49257,2
3.3418,0.26636,2
1.6291,4.1152,3
-4.562,-0.62922,1
2.3596,-0.49178,2
-1.5464,-2.4128,2
0.053206,0.87909,2
-3.1657,-2.2587,3
0.17894,-2.3619,2
0.0056602,1.5808,2
2.0453,2.3568,3
-4.7069,1.4399,1
-4.2294,-0.88966,3
-0.08389,-1.413,2
1.8199,-0.90026,3
-0.073694,-3.0756,2
-0.86045,0.19194,2
-0.77073,1.3125,3
1.7113,2.3205,3
-2.5974,-1.7022,3
1.0155,0.92674,2
2.3357,-0.024133,3
1.606,1.0897,2
-2.0817,-1.2481,3
-2.4217,-1.6873,2
-0.55207,-0.12946,1
-0.017714,-3.2554,2
0.45334,-3.0163,2
2.6346,-2.58,2
0.91506,1.9638,2
0.75524,-1.9634,2
-3.5318,-2.6678,1
0.76647,0.7368,3
-3.6165,3.1183,1
-1.1624,1.4168,3
0.14078,-2.0316,2
0.31697,1.5664,3
-0.29373,0.096409,3
-4.0001,-1.4585,2
-3.2705,2.9401,3
3.6184,0.16526,2
-2.998,-1.9185,3
-0.37231,-1.9737,1
-1.2397,2.0211,2
2.5813,0.014267,3
-0.59762,-2.086,1
2.5904,1.1009,2
-0.67433,-0.57666,1
-1.2805,-1.1207,1
-1.1391,-2.5891,2
0.26211,-1.5761,3
-3.8476,-0.55364,1
-2.5031,-4.597,1
0.25473,-1.008,2
0.61462,0.38431,3
-2.6828,-5.7954,1
4.2386,-0.62193,3
-2.5601,-4.015,2
1.2508,-2.6171,2
-2.2743,-4.6637,2
3.2847,-1.1333,3
3.5887,0.85125,3
-1.7313,-1.1434,2
0.64267,-0.051057,3
2.3635,4.6104,2
2.3746,-0.91424,1
3.9873,3.871,3
-0.97,3.8624,3
1.7414,-2.2862,3
5.7568,-0.45056,2
1.1348,-3.649,2
3.1371,-0.21537,2
5.431,0.7529,1
0.54028,-1.4254,3
-0.26623,-0.24283,2
-5.5234,-0.762,2
-4.2832,-1.9759,1
-1.3827,0.19076,2
-0.26955,2.8688,3
-1.4154,2.3265,3
-3.1337,-0.81224,3
1.3927,3.6948,3
-4.2976,-4.5783,1
0.63323,2.7217,1
2.1394,-0.97944,3
-1.7572,2.0583,3
-0.27404,1.9683,3
0.76104,1.1123,2
-1.4749,-1.4534,2
-1.103,2.1182,3
2.4196,0.18455,2
4.2553,-3.0644,3
-1.6753,-0.15255,1
0.040897,-1.0541,3
4.4384,1.8868,3
0.0078976,-2.8762,2
3.0011,-0.2723,2
1.0024,-0.88967,2
2.3504,0.69679,1
2.9976,-0.6639,2
0.48543,-1.8461,3
-3.4026,-6.8272,1
-3.8223,-0.032544,3
-1.9739,0.011492,3
4.3731,-1.1817,2
-2.5936,-2.2871,1
-0.61025,3.1812,2
4.1167,-0.18849,2
-0.89361,-3.1983,3
-4.2793,-5.9549,1
-2.9754,-1.0194,1
0.34111,-0.75076,2
-2.5921,-0.47824,2
-3.4206,-6.6405,1
2.5876,-1.2448,3
0.63875,0.081258,3
2.8368,4.9158,2
0.24649,2.316,3
0.84728,-0.59995,2
-1.5331,3.8541,1
2.0472,2.5331,2
0.6513,-1.1311,2
-5.4482,-2.645,2
-0.021385,0.021693,1
-1.8697,-4.107,2
-3.36,-4.0625,2
-1.0317,-1.9885,1
-1.7095,-0.75735,2
1.6877,-0.54504,3
-2.852,1.4936,1
2.5054,2.7224,1
-2.85,-1.6532,1
3.5275,1.8336,2
-5.0815,3.4493,2
1.12,1.7762,2
1.2935,-0.42516,1
-0.39253,-1.3668,2
-4.4141,0.44379,2
-1.6956,-3.8669,2
-0.82497,3.6311,2
-0.46653,0.065517,3
-0.41895,1.085,3
1.506,-2.1621,2
1.9806,-4.4796,2
-1.9631,-1.9188,2
1.209,3.9634,1
-4.238,-3.1963,1
1.7112,2.2642,3
0.23066,0.8579,2
-3.8447,-1.44,2
0.15819,2.5149,2
-2.9824,-2.6757,2
2.5073,-0.11337,3
1.3738,0.059195,1
1.1132,2.0666,2
-1.6343,-1.0721,2
-4.529,0.072132,2
-0.26357,0.69409,1
3.019,-1.0624,2
-1.1634,-0.73057,2
1.316,0.25724,2
-5.0406,-1.806,1
0.40001,3.9472,2
3.694,-0.43483,1
-1.4792,0.66672,2
-1.9654,-2.3228,1
1.3596,0.8062,2
3.2108,2.8378,3
-2.8338,-5.6154,2
-1.3814,4.278,3
-0.1464,0.73275,2
1.7001,0.17061,1
-3.026,1.2803,2
0.31732,1.3902,2
0.45052,1.457,3
1.8523,5.0995,3
0.59845,-0.52837,3
-2.9838,-4.1562,2
-2.6786,-0.4965,2
-4.164,0.97301,1
-1.5958,2.2914,2
-1.6267,-3.4338,1
3.1505,1.4243,2
-0.66271,0.47345,2
3.8438,3.4034,2
3.2327,3.5703,3
2.8687,0.80716,3
3.2196,-2.5177,2
1.589,2.1947,2
-0.18125,0.40617,3
0.69495,4.0519,3
-0.83625,1.6854,2
4.0553,-0.041576,3
2.3044,-2.1585,3
2.2032,0.12778,2
0.29012,-3.3655,2
2.8343,-2.3523,2
6.1109,4.8372,3
-2.0481,-0.6377,1
1.931,-3.2367,1
-1.5156,2.9559,1
0.32229,-0.78335,2
2.129,4.0453,2
2.8475,-1.3298,2
-1.0987,0.43292,2
-2.8031,-1.5308,1
3.5347,0.22779,2
1.9053,-2.3792,2
3.2624,-0.747,3
-1.578,3.428,2
-2.5174,-2.0624,1
-3.9611,0.29694,2
-1.7112,-0.93366,1
-3.1418,-1.3335,2
-4.0945,-1.4127,1
1.5452,-2.2064,1
-4.987,-2.6384,2
0.66146,1.787,3
-1.8276,0.9642,2
2.4751,3.0329,3
-1.086,-0.2663,3
-3.0501,-5.4924,1
-2.9834,-2.263,2
-2.8641,-1.876,1
0.57334,3.3203,2
-1.9054,-2.4318,2
1.4088,0.84942,3
0.69003,0.080804,1
-1.9143,-1.9821,1
-2.6147,0.67665,2
2.0893,-2.9111,2
-2.753,-0.97336,1
0.47872,1.2057,3
2.6888,-2.1434,2
3.2056,3.869,3
-2.2302,0.68336,2
-3.5586,-5.6545,1
-3.0573,0.022689,2
1.5081,-0.426,2
0.72659,3.8527,2
-1.2229,-2.2435,1
2.1768,-0.57137,3
-4.9513,-4.6279,2
2.5043,-0.493,2
-3.0792,-0.81253,2
-2.6386,1.03,2
2.4376,-3.161,2
0.082741,1.8169,2
-0.23915,-3.4734,1
-0.54262,0.0077584,2
1.6415,-0.19045,2
0.016083,4.6152,2
2.4601,1.0583,2
-3.4175,-2.3309,1
-2.1936,1.7665,2
0.84158,-1.2228,1
-1.2685,0.26625,1
4.4933,-1.1816,1
-3.1186,1.0762,2
0.72644,-2.3138,2
3.0909,0.76462,3
0.54696,-2.5912,1
0.45572,-3.9281,1
-2.0021,2.331,2
-3.6154,1.7532,2
2.1218,0.83838,1
1.6344,-1.0436,3
4.4091,1.3553,2
-1.5677,1.4515,2
0.61486,-0.54687,2
-0.93332,-1.054,1
-2.9483,1.4835,2
-0.6063,1.1782,1
-0.63456,2.0798,1
0.69849,0.59842,2
1.7787,1.2959,3
0.78914,5.5503,3
1.5292,-3.4958,2
-0.23599,1.1559,2
-2.916,0.8137,3
3.9179,3.4861,1
-0.35551,1.3438,1
-0.84319,-3.5952,2
1.1541,-2.9192,1
0.76633,-5.4911,1
-0.30851,-0.68705,3
2.7796,1.2058,2
-2.5992,-1.5438,1
0.33861,-1.7731,1
1.314,1.0991,3
-0.54464,-0.97181,3
2.582,2.0034,2
4.3801,5.7989,2
0.36067,1.7418,3
3.2773,0.63836,2
2.4991,0.89082,2
-3.3771,-1.0202,2
2.2866,4.1897,3
-2.9026,-1.752,2
-3.2885,-1.9122,2
1.5247,-2.7867,2
-1.0432,-1.4522,2
2.7817,0.59981,2
-0.62023,-0.033861,3
0.53855,-0.89815,2
-2.7509,-1.1241,1
2.3059,1.4818,2
1.5331,2.0971,2
1.0148,-3.2402,2
3.3433,-2.9474,2
0.28594,2.7331,3
-6.4323,-5.1202,2
0.084853,1.9841,2
1.7338,1.9072,3
-0.82986,-4.6416,2
-0.97981,-0.19219,1
-2.0911,0.99763,1
2.5576,-1.0895,2
-1.8718,-3.1479,2
1.0303,3.2669,3
-2.4669,-2.4674,3
0.37262,1.1157,3
-0.78085,0.025687,2
-0.95009,-3.7323,1
0.31925,1.3878,3
0.68596,0.74271,2
3.9993,-2.244,1
3.2816,-2.1904,2
-4.2819,0.35531,2
2.245,-2.9169,1
1.0262,0.59118,2
0.21657,-3.3267,2
1.0451,1.3532,1
-2.6338,0.34716,1
-2.6498,-2.2404,2
0.3962,1.2182,2
-0.092656,-0.6391,1
0.2508,-0.26969,2
0.64844,1.1107,2
3.7382,-0.81087,3
-5.4082,-3.6987,3
1.2568,2.7957,2
0.94305,0.31181,2
0.097478,-2.0128,2
-1.3251,5.5656,3
2.363,3.4489,3
0.82458,2.1149,2
-4.7988,0.257,1
-1.3356,4.0949,2
1.4997,1.1472,3
-1.6077,-4.4208,1
-2.9948,-2.6433,3
-1.8403,6.1295,3
-1.3551,-1.9658,1
2.4703,0.12747,2
-3.4248,0.18018,2
-0.29539,1.2386,3
1.2029,0.99783,2
0.58286,0.3161,2
2.653,1.8959,2
-0.50223,-2.7547,3
-2.1391,1.0363,2
1.265,0.95871,3
4.2996,2.3539,2
-2.769,2.9781,2
0.61733,-3.8459,2
-1.4973,-6.4705,2
3.3981,-0.24351,1
1.2334,1.1658,2
-5.6966,-3.1433,1
-2.6537,-2.7029,2
0.68584,0.7091,3
-2.1289,0.40286,2
2.3273,-2.2673,3
1.0215,0.26516,3
-0.33091,1.2123,3
-1.4397,-2.8825,3
-1.6615,-1.8141,1
-4.3139,-1.8424,1
-3.1321,-8.243,1
-3.9945,-3.8522,1
0.57462,-2.2795,2
1.3016,3.0057,2
1.3022,-3.791,2
-1.7941,-1.1777,1
4.0911,-4.3447,2
0.51911,-1.8128,3
-3.6282,-3.2156,1
-2.8429,-0.4918,1
0.097144,-0.66767,1
1.9412,-0.89037,2
-1.7954,2.0534,2
-1.7833,-1.9626,2
0.28112,-0.39855,2
-0.45946,0.74027,1
0.15383,1.5701,2
1.5891,1.1075,2
3.2522,2.2468,2
1.1732,-0.96237,2
0.36724,-2.3717,1
-0.439,-4.4774,1
2.7209,-2.8625,1
-0.84588,-0.25157,2
1.0976,-0.29936,2
-1.5406,-0.89365,2
-1.409,2.669,2
-4.1969,-0.015012,1
-1.1727,-1.4258,2
-7.3552,-2.729,1
2.1601,-3.925,2
-4.7034,-0.34608,3
0.50249,1.9824,2
2.1973,1.1038,3
-3.1386,-3.1464,2
-0.58271,-0.35562,2
1.7293,0.0018754,1
-2.7508,-0.44671,1
-1.3098,-0.51881,3
-4.6966,0.14749,3
0.60576,-1.5622,2
-2.7816,-0.030991,2
3.319,4.9518,2
-1.7591,-0.19517,1
2.4637,0.01989,3
3.7595,1.8551,3
-2.0315,2.3845,3
0.86508,0.50242,3
-5.6099,-2.1143,1
-1.7335,0.32375,2
1.1765,2.6474,2
-2.895,-1.1114,2
0.23717,1.0685,2
2.2862,-0.28626,2
0.72187,-2.6381,2
-5.7044,-0.71532,2
2.1496,2.1858,3
-2.8695,-4.6476,1
-2.1144,2.8768,2
-1.2685,-1.4721,1
0.49844,-0.1792,2
-0.78903,1.4485,3
-4.844,-3.352,2
-0.78506,0.80541,2
0.76639,-3.8281,1
3.0759,2.3982,3
-0.67444,-2.0104,3
2.2588,0.31662,2
-0.44288,-0.46107,2
-1.6871,-2.692,2
2.7853,0.11026,2
0.47749,1.336,1
-4.3765,-5.0723,1
-2.1117,-3.1178,1
-0.018382,-0.58069,2
-0.88239,0.0098587,2
-3.6942,-0.85452,1
1.3368,-0.52288,2
1.1837,-1.4441,3
0.91328,-6.0853,2
-1.0905,0.091544,2
1.6241,1.815,3
2.5117,1.032,2
-0.9674,-5.1811,2
2.5389,4.255,2
-5.6833,-2.2674,1
-2.8574,-0.76395,3
2.1571,-0.28313,2
0.48407,3.8198,2
-2.802,1.3318,2
3.1647,-0.62382,3
-1.2006,-0.24926,2
-1.1702,2.4425,2
-1.0316,1.4592,3
-0.38182,-0.47862,1
-1.8363,2.8189,2
-0.58639,6.2385,2
-0.48099,-2.0833,2
-1.0427,-0.66447,1
-1.894,-0.13544,2
-2.929,-0.80696,2
-0.065914,-1.1796,2
2.9109,4.2407,2
2.0586,3.4471,3
0.012503,-2.7712,2
-4.6296,-3.7111,1
-0.9284,-3.3689,1
-1.5629,2.1851,2
-1.479,1.5227,3
-0.78673,-1.4574,1
-0.94367,-2.0834,2
2.2234,-1.0473,2
-1.2204,2.9741,3
1.5151,-0.5888,3
-0.73948,-1.3897,2
1.8557,0.8359,3
-1.042,3.0369,1
-0.19768,-2.0849,3
-1.5782,-0.24175,2
-0.74705,0.4412,2
0.64245,2.6922,2
1.7548,1.4442,3
-2.0769,-4.8728,2
3.9892,1.1524,2
0.18647,-0.22335,2
-0.34888,-1.2374,1
-2.2011,-1.8545,2
3.353,0.95995,2
-1.4172,5.6599,2
-1.1096,0.11208,1
4.5636,2.458,2
1.3257,2.156,3
-1.3432,-1.0975,1
1.0954,3.8211,3
-2.8745,0.38781,2
-0.54195,-2.412,1
0.74856,0.0010459,1
-0.57419,-1.3064,3
-3.1092,1.3768,2
-0.71064,1.7147,2
-3.6965,3.7398,2
0.37507,-0.97901,2
2.5807,2.2966,3
2.0962,-1.3857,2
-1.4242,-2.9121,1
-2.7083,-2.9974,2
-4.1319,0.93123,1
-0.42048,-0.31637,2
4.1079,-0.046997,2
-2.7711,2.8721,3
0.45786,4.7018,2
0.4747,-1.6378,2
-0.85581,1.4535,2
-5.1479,-1.2408,1
1.0075,1.1102,2
2.8296,0.14913,2
-0.8683,2.8196,2
-4.4824,0.13651,1
-3.0657,-0.69208,2
-1.8531,-1.8697,1
-1.5759,-0.58911,2
2.7653,1.8448,3
4.6344,1.25,2
1.4187,0.055597,2
1.0218,-1.5665,1
-4.3525,-3.2405,1
-2.9528,2.6245,2
1.8033,5.7664,2
-4.7834,0.781,1
0.95651,2.2416,3
-5.0176,0.16812,2
-1.0378,-0.45531,1
-2.947,-2.5379,2
1.1645,0.039794,3
0.70911,-2.9111,1
-1.9187,0.20107,2
3.7267,1.2418,2
0.68463,2.0072,2
-1.9842,-1.5509,1
-3.0855,-2.5979,2
-0.54725,-0.85066,3
-3.2557,-4.0213,2
0.74317,1.8987,2
0.57928,0.62911,2
-1.322,0.49212,1
-2.0869,-5.0559,1
-2.2964,1.454,3
4.3771,0.97152,3
-1.8172,-4.8206,2
-1.44,-4.0695,3
-2.1381,0.12668,1
-1.0341,-0.21038,3
-5.3464,-5.0518,2
5.3934,0.92554,2
-2.7098,-2.9401,2
-4.6592,-0.1011,1
-4.5546,-1.0193,2
-1.03,2.7195,3
-2.1202,-3.5033,2
0.56257,-1.0028,2
1.5771,0.56921,3
-0.2481,-1.5648,2
3.6941,-0.19515,2
-0.19832,0.31702,1
-1.4105,0.35815,1
-1.8148,-0.36369,1
-3.3489,-1.1455,2
1.6511,-1.0971,1
2.4099,-0.865,1
-0.71262,-0.053198,1
-1.1251,1.3401,2
-4.282,-0.078554,2
3.6206,3.3829,3
-1.1878,-1.9246,1
-0.27753,0.30175,1
3.7879,-0.03278,1
0.67531,-0.069975,2
-2.325,0.69255,2
4.2963,-0.16887,3
-2.6639,0.18357,2
-0.58907,-2.9796,1
-1.8062,-2.7427,1
3.629,1.2817,1
3.5637,4.0044,2
1.7988,-1.8222,1
3.5471,3.4718,3
-1.8559,-1.9411,3
-3.1202,-1.6297,1
2.3037,-1.793,2
1.8615,3.5986,2
1.0382,3.8601,3
2.8745,3.9876,3
0.18075,0.6014,2
-2.1478,-1.4502,1
0.24313,-0.85261,2
-3.9429,0.1104,1
3.6097,2.716,2
-0.39805,3.6305,2
1.0281,-1.1461,1
-0.63039,1.7578,2
0.30595,1.6298,3
-0.55789,-2.12,2
-3.5554,-4.1232,2
-1.1257,-1.3944,1
5.4707,1.8279,3
-1.7278,-2.808,2
0.6662,-1.3497,1
0.035473,1.8474,2
-1.0316,0.91129,1
1.4978,-2.9953,3
-1.3495,-0.25861,3
2.4237,0.74229,3
-0.2334,0.25104,3
-3.7916,3.7226,1
2.8568,-3.2441,2
-2.9368,-1.5661,1
1.3158,1.4254,2
2.0807,3.5084,3
-0.25006,4.2205,1
2.8243,-0.39377,3
5.6469,0.41936,2
1.587,-1.1464,2
5.2544,-2.8644,2
1.0278,0.42949,1
-1.4202,4.1043,3
1.6253,-0.31283,1
-1.8187,2.4567,2
-3.7579,-2.659,1
-2.6669,-1.1653,1
-1.2567,-2.1593,1
0.6774,-0.44128,1
2.2051,3.0291,3
2.1781,-0.49797,1
2.2386,-0.089875,2
-1.8073,5.2441,3
2.9609,7.9269,3
3.0202,-3.3166,2
1.4298,-1.3202,1
-0.27681,-0.52525,2
-2.357,-1.0645,2
-3.0976,-1.4879,2
-1.603,-4.4829,3
-1.5704,1.9264,2
-0.73233,-4.0519,2
-3.1039,-4.0271,2
-7.1885,-3.2798,1
0.55028,0.55023,3
-2.7016,0.65919,2
4.5976,-0.71328,3
-0.74457,0.012762,2
1.0322,-2.4244,3
1.3949,-1.2783,2
-3.3249,-0.85402,3
-1.7117,-1.4345,3
0.15036,1.3145,1
0.33467,3.8084,3
1.1032,-0.573,2
0.05536,-0.063956,2
-0.59193,-1.9374,1
-4.2233,-6.2382,1
-3.8749,2.289,3
0.13312,0.28777,2
-4.1343,-1.7994,1
-0.95194,1.9383,1
-0.85039,-1.1785,1
-1.7401,-0.040593,1
3.3577,3.0521,3
3.11,1.6291,2
1.5024,2.0715,2
3.9852,0.034008,2
5.6228,3.5364,3
-0.44316,4.9096,3
2.1234,0.70436,2
-1.944,2.8246,2
1.5298,-4.733,1
-1.62,-1.0137,3
0.47117,-3.2368,2
2.9224,-5.1745,2
-3.2613,0.76385,2
-3.0288,-0.71634,2
1.0898,-0.7609,1
-0.46407,-0.31077,2
5.2052,3.6951,3
2.1458,-0.76338,2
-2.0849,-0.23442,2
-3.2651,-4.5358,1
2.1307,2.4768,3
-1.2572,-3.612,1
3.2068,1.7675,1
-2.016,-1.0759,1
-1.8681,-1.4936,2
2.3974,-3.2509,2
2.7802,5.3341,3
-4.6848,1.566,1
1.9041,-4.0358,1
-3.4814,-2.997,1
4.8135,2.655,2
2.8615,1.089,2
-1.0057,-1.5296,2
3.527,2.334,1
2.7582,2.0701,3
-0.41587,-1.7551,1
-2.7132,-1.0722,1
-0.88644,-1.0079,3
0.40878,-2.2781,2
-3.7813,-0.93608,3
-1.5197,1.0921,2
2.0662,-1.8941,3
-2.8385,-1.1842,2
2.1813,4.498,2
0.043057,-2.2102,3
3.4653,0.7254,3
-0.90528,-2.6077,1
-1.3749,-1.6079,2
1.7835,-0.41935,3
2.1728,-0.084306,1
1.9657,2.1372,2
-0.53234,4.328,3
-0.77726,-0.24817,1
-1.3862,1.1244,2
4.8284,0.95569,2
-4.0732,3.9017,3
0.81584,1.7057,2
-1.4601,-1.355,1
2.3121,2.0274,3
1.3826,-0.6712,2
1.3447,-0.024462,2
-1.9022,-1.7156,1
2.2567,-0.4103,2
0.71922,-0.69889,3
6.2245,2.0175,2
-0.60258,1.0361,2
-2.5829,-0.79,1
0.46936,-2.0388,2
-0.029169,-2.2078,2
-2.4425,-0.64034,1
1.8936,0.075728,2
-2.6045,-2.404,3
0.6604,-0.049018,3
-2.0028,0.90866,1
-1.7308,1.1124,3
3.2285,-1.1827,2
-2.7915,-0.37068,3
0.36091,0.61922,2
-2.4042,1.134,3
1.1768,0.32885,2
-2.468,-2.8213,2
2.577,1.902,2
-0.7208,-1.1228,2
2.5859,0.24268,1
0.42883,-0.23455,2
0.77129,2.4255,2
-0.31578,2.0853,2
-1.001,0.6786,1
-1.7615,-1.8842,2
0.035516,-1.8072,1
0.12857,0.58579,2
3.3439,0.26097,2
-0.88816,0.74037,2
-5.9507,0.65744,2
1.4587,-1.5177,2
0.42327,3.9813,3
0.65136,-0.073195,2
2.0802,2.5634,3
-0.4783,1.1465,2
1.5189,3.7294,3
0.70298,-0.39987,1
0.5359,0.87584,1
1.7706,2.4722,3
-0.042397,-3.2737,3
0.57118,2.3309,2
-1.9527,-2.7779,1
2.7731,-0.057272,3
-4.1285,2.9641,2
0.90907,-5.8719,1
-6.2811,-0.33558,2
1.8584,-1.5347,3
-1.4523,-3.1462,2
-1.4842,-1.2694,2
-0.40619,4.7658,2
3.5767,0.30252,1
0.51134,1.1169,1
2.1472,-1.6703,2
2.538,2.65,1
-0.44289,0.23142,3
-1.3198,-0.81476,1
0.46673,-2.1825,2
4.2182,2.7357,3
-1.8653,1.6943,1
-1.4923,-3.0944,2
2.1334,3.381,3
1.7702,1.7062,2
-5.242,0.16046,1
2.0574,-2.2938,2
0.38953,-3.6703,2
0.86683,0.90835,2
-1.4597,-1.6083,3
-2.7987,2.9442,3
3.3722,0.51854,2
-1.0475,-0.54123,2
1.073,-0.22915,3
-4.0443,-1.6786,2
-0.38648,0.17057,1
0.414,-0.41594,1
0.50446,0.29104,1
-1.1216,-3.1271,1
-0.20017,2.066,2
2.0176,-1.0349,3
3.8005,0.96137,1
6.4923,0.81267,3
2.4003,-0.69809,2
-1.7369,-4.7433,2
1.132,-2.6693,2
-0.1207,1.0821,2
0.55648,-0.064787,1
-1.9793,2.9817,1
-3.6261,-1.8717,1
0.56115,-0.87591,3
1.4261,3.2973,2
-0.56944,0.94892,2
-0.6556,-0.40383,2
-3.4864,1.6995,3
-1.5753,-1.1547,2
2.1842,-0.54568,2
-1.7183,0.37226,1
-2.9225,-2.0127,2
1.2434,1.6239,3
0.80745,-1.3317,1
3.8555,3.4066,3
4.5821,2.1177,3
2.013,-1.5183,1
1.9088,-3.2421,1
-0.72084,1.0891,2
0.86955,-4.0219,2
-0.52916,-0.86428,1
0.90417,0.67159,2
1.1062,0.18266,2
-2.1454,0.97585,2
0.31663,-1.7296,3
-1.0889,1.1063,3
2.1188,0.096034,2
2.0936,1.6218,2
0.34031,-0.50704,3
-0.076569,-4.2095,3
3.1058,1.2029,3
-2.1235,-1.7801,1
-2.6357,2.455,3
-0.616,0.38187,2
1.2262,-2.2866,2
-0.38778,1.1263,2
0.79359,3.055,1
0.27532,0.49981,1
-5.9808,-1.9637,1
-2.2136,-0.98338,2
-2.1608,-1.3134,2
-0.52065,-0.38556,3
-0.84708,-1.0189,1
-4.9054,-5.7478,2
2.4423,1.5431,1
-0.12618,-4.0444,2
-0.80985,0.82419,3
-2.9271,0.91265,2
-2.5814,-3.8225,2
1.2276,-2.5068,2
-1.0954,-0.51247,2
-0.16391,0.83958,1
-0.80406,-0.97671,3
-0.56972,-1.1454,2
-0.99037,1.2629,1
1.7931,5.3566,3
-1.3721,0.65672,1
-1.9579,1.7601,2
0.81319,-2.014,2
0.96135,-1.9665,2
-0.27906,0.90177,1
-4.7664,-0.94367,1
-3.5494,-4.0562,1
-2.681,-5.4702,1
1.6958,3.4403,3
1.7202,2.1247,3
-0.80685,0.6663,2
-2.6141,-1.6229,1
1.3012,-5.1178,2
0.28013,-0.55275,2
6.4719,-2.059,1
0.65443,-1.8282,3
-1.1166,0.47376,1
2.3748,-0.90128,2
-5.8768,-2.8606,2
3.9806,-1.6474,1
-3.5073,-2.5777,1
3.6038,-1.08,3
3.3902,1.5098,3
-2.0732,-2.2071,2
0.29238,-3.9151,1
8.1687,1.8977,2
-1.6339,0.5561,2
3.4409,3.9299,2
-0.3345,2.9075,1
-2.4304,6.304,2
1.9539,1.1063,3
0.30887,2.0611,2
-4.4847,-4.7206,1
-0.46538,0.37372,2
-1.8976,1.0802,1
3.4213,-2.6528,3
1.9988,-0.27999,2
3.086,4.643,2
-3.4942,0.47132,2
-4.9639,-0.71523,1
0.48328,4.4337,2
1.5834,0.2294,2
-0.47607,-0.96797,1
6.6732,0.39253,3
-2.1098,-5.2074,1
-6.2307,0.19644,2
-1.0199,-0.21943,2
-3.368,3.5405,1
3.1238,-0.30709,1
0.6197,2.1713,2
0.059677,1.194,2
0.49499,2.4164,3
1.4896,7.8783,2
3.9311,-1.0096,3
-2.5718,1.0565,2
0.70452,0.22906,2
-4.624,-3.3443,1
0.19905,3.4862,3
-1.1137,-0.80976,2
2.9295,1.3002,1
-1.9549,-2.227,1
0.92656,1.2881,2
-2.354,3.3295,3
2.0785,1.0189,3
3.057,1.7043,2
-0.63269,1.5481,2
-3.1873,-1.33,1
-3.1007,-5.0303,2
-1.0486,-1.9593,1
-0.047112,-0.8606,3
3.6908,3.4327,2
-1.9967,-1.9649,3
1.83,0.11375,1
-0.4757,0.22829,2
-4.0744,1.8698,2
-0.71657,-3.1624,2
-0.52336,-2.2864,2
0.45427,-3.6006,2
-3.2794,2.3862,3
-0.43916,0.37839,2
-0.97806,-0.44602,3
-2.402,-1.1808,1
2.5806,-0.41153,3
0.56326,-0.26493,1
-1.349,2.7665,2
2.0265,0.27871,2
-2.1202,0.45054,3
2.0089,4.2131,3
-2.0674,1.0789,3
-4.2664,-2.0354,2
-4.7127,-2.394,1
2.1389,-2.1951,3
2.4097,2.9996,2
-2.2293,0.66655,2
3.1589,-1.9153,1
1.5269,1.0889,3
1.3376,-1.1546,3
-1.8185,-0.090899,1
-1.0792,1.1037,2
-2.121,-1.0747,1
1.5261,-0.84514,2
-5.9465,-4.7291,1
1.4615,-2.1237,3
-1.082,-0.2669,2
-2.4843,1.6908,2
2.8839,1.5506,2
-0.0002592,-0.76251,3
-1.3024,-0.64758,2
-4.8914,-0.91987,1
2.9678,2.386,3
-1.2515,-1.6544,2
0.23793,-1.541,1
4.1692,1.6429,3
1.1437,1.4281,2
-0.30963,3.0145,3
-0.6668,4.0394,2
-1.9586,-1.581,2
-1.5252,-1.9655,3
-2.4442,-2.9406,1
0.41252,-1.7748,1
-0.23619,4.5597,2
2.5978,-2.866,2
0.25309,2.3022,2
0.65483,3.181,3
4.4016,6.2151,3
0.68089,-1.1595,3
-0.78719,-2.6145,2
2.5153,4.0957,2
-0.40575,-2.1781,2
-0.50863,-0.16045,2
0.90036,1.6301,1
-2.694,-0.0092066,2
-0.80391,0.75414,3
0.59628,-0.11642,3
3.3886,2.2839,3
0.9378,-0.59168,2
-0.24504,-2.5911,2
2.2067,-0.26539,3
3.0405,3.655,1
2.2975,3.6695,2
2.757,-0.13272,1
0.078174,-1.4387,2
3.6954,1.2644,3
-2.6594,-1.2641,1
2.2509,-0.77215,2
2.5509,1.9178,3
-0.33724,2.3052,2
-2.5314,-0.85458,2
-3.0065,1.0965,3
7.1602,3.6655,3
-0.20874,0.39898,2
4.4327,1.704,3
-1.3216,-0.95432,2
-2.5297,1.142,3
-1.7997,0.79275,3
2.025,-1.5091,2
3.0266,6.139,3
0.20215,-0.47938,2
-4.6343,-0.069904,1
2.5897,-0.9033,3
0.5474,-3.3215,3
-0.85741,1.8129,2
0.35629,-3.6668,1
0.45353,1.8109,3
-0.055382,-0.22031,2
4.5493,5.8721,3
1.1163,0.95074,2
-0.49325,-6.1552,2
-1.2175,-1.6253,1
1.8499,-0.60963,1
0.83077,-0.76261,1
2.2733,1.1442,2
1.9204,-2.2152,1
-1.5432,-1.2191,1
0.65035,1.408,3
-0.52795,-3.8374,2
-1.3086,-1.7286,2
-0.16933,-2.4346,1
2.8228,-0.27532,2
0.13287,-1.3654,2
-0.21306,1.0367,2
2.7873,-3.1811,3
-3.2575,0.19245,1
-0.47836,-2.1749,1
0.2881,-2.4087,2
-2.346,-5.1855,2
2.0268,-1.165,2
1.2043,1.1026,3
1.6314,-2.0527,2
0.59208,1.8392,1
-5.5713,-0.34858,1
-2.0642,1.179,1
0.79922,3.9878,3
0.42094,2.1357,2
3.979,-0.14549,2
6.6883,3.1923,3
-1.2353,-1.3375,2
2.08,0.21429,2
1.2791,-0.7301,1
-2.4823,0.31794,2
-1.4892,-2.4612,1
-0.6493,-2.5172,2
1.0544,2.2108,3
-1.1109,0.18622,2
-2.3076,-1.4696,2
4.2851,-3.2499,3
2.8854,1.8023,3
-1.1219,-4.2461,1
-0.69552,-0.087512,2
-1.2677,-1.298,2
1.7103,1.1722,1
2.4546,-0.46506,2
-0.027563,-2.016,1
1.4154,-1.3579,2
0.84022,3.5032,2
-1.1044,-3.4817,1
-2.6796,0.70184,2
0.62284,-0.88225,2
-5.5179,-1.6421,1
0.94255,-3.3972,3
-1.6022,-2.3237,1
-2.0795,-1.1312,3
0.048321,1.9608,2
-5.5979,-3.2198,1
0.094066,1.0844,2
1.4681,-1.5658,2
-4.8594,0.51927,2
-3.7396,-1.7793,1
4.646,3.6108,3
0.93689,-3.7729,1
2.0374,1.7568,2
2.7028,-1.6767,1
0.50589,4.157,3
-0.73146,0.79528,1
1.4928,0.588,2
-0.11607,1.6707,2
-1.2754,0.24354,2
0.24323,-1.417,3
4.5501,2.3145,3
-1.7637,1.9808,3
-2.097,2.1177,2
1.7093,0.7807,3
1.8313,4.3923,3
-0.71045,3.0862,2
-5.9556,-1.419,2
2.7316,2.2808,2
-0.46057,-1.0703,2
-1.9804,4.1233,2
1.6601,-4.1852,2
1.4512,1.4203,2
0.32621,-1.4987,1
-2.2241,-4.5531,1
0.51053,1.1335,3
-1.4364,1.9167,3
1.2379,2.2656,1
0.99277,0.83488,1
0.42441,-0.68771,2
2.0781,2.6024,2
-2.6279,3.5456,2
2.7812,5.4784,3
0.64847,-2.0421,2
0.62739,-0.076965,1
4.3532,2.835,1
-0.94128,-1.2468,2
-4.2685,1.2333,2
1.2392,0.47563,2
-0.022632,-1.2525,2
2.6438,5.3418,3
-1.3349,-1.0787,2
-2.2948,-3.7779,2
-0.061451,-3.518,1
-1.0289,0.34999,3
-5.4174,0.32667,2
1.2657,1.5156,2
-0.28414,0.60154,2
0.013216,0.30459,2
0.33065,2.0668,2
0.03095,0.68572,2
1.0875,-5.5538,1
-1.8448,3.207,2
-2.0403,4.0999,1
-1.3702,-0.17265,3
1.9897,0.0065769,3
-2.9287,3.4196,3
2.1844,1.3749,3
-0.83011,-1.0692,2
0.35463,-1.1869,3
-0.47488,-2.4948,1
-0.88852,1.236,3
3.7759,0.85629,3
4.8189,0.69021,1
1.893,0.17301,2
-3.0499,-1.2516,2
-0.056849,-2.4256,1
-2.3797,-3.3048,1
2.0966,1.4686,1
0.13114,0.58452,3
2.8707,-0.084069,2
-1.4471,-1.7414,3
0.5961,2.3283,2
-0.33802,-0.0041879,3
-0.55676,1.8134,3
3.8718,0.26907,1
-1.9587,-1.0776,2
3.7654,-0.85832,1
0.29887,2.4476,2
-0.40938,0.45052,2
4.0446,0.084429,1
-1.5344,-3.0256,1
0.12468,5.1549,3
2.2264,-2.1409,2
-0.58417,4.3201,1
-0.1387,2.2849,3
1.2729,-0.10368,3
2.3171,-2.4558,2
2.2692,2.2194,2
3.0424,-1.074,1
0.40928,-0.78393,3
-7.0781,4.5486,3
6.1933,2.3333,2
-0.34452,0.69949,1
4.9362,1.9307,3
2.164,3.2188,2
-0.77289,-0.79194,2
1.8895,-5.3849,1
2.2274,0.30779,2
-0.44536,1.282,3
2.627,-3.1036,2
-0.7928,-0.15407,1
2.5548,0.24066,2
-1.2917,-1.424,2
0.76313,2.8685,2
1.0937,2.0871,2
1.566,2.5719,2
0.32489,-3.0165,3
0.22579,-4.406,2
0.44338,-1.2241,3
2.9445,0.61532,2
2.5373,2.2247,2
1.0271,-0.069262,2
4.1444,-1.3181,3
-0.97687,0.064367,2
1.8489,-1.6326,2
1.4133,-0.58227,2
2.3951,7.6097,3
-1.2447,-1.9189,1
1.4604,4.1164,2
1.6611,1.8135,3
-0.42067,2.9259,2
-2.1004,-0.33226,2
-4.8605,0.35114,2
-1.6201,-0.97865,1
1.3,1.9049,2
-1.3057,-4.7241,2
-2.469,-4.7091,1
-2.7666,6.3791,3
0.95457,0.85974,3
3.3733,-1.3131,2
1.1665,-3.5172,3
-1.1236,-1.5154,2
0.73924,-1.0562,1
-3.8668,-3.3997,1
1.2155,3.0737,2
-5.0671,-0.28152,1
1.848,0.0046169,2
-1.8391,-0.49033,3
0.99386,1.0969,3
-0.14671,-3.701,2
-2.3838,-5.2848,1
2.8574,1.4324,2
0.40157,4.8574,3
2.9603,1.8632,2
4.7357,-1.079,3
1.9604,-2.4232,1
2.7046,1.5425,3
1.7135,-0.57462,2
6.1873,-0.26048,3
-0.68295,0.60769,1
0.8815,-3.0843,3
0.24721,-1.5813,2
0.70235,1.8886,3
1.8354,-0.73637,3
-0.95936,-0.23319,2
-1.743,0.053423,2
-3.6079,-2.5789,2
1.2385,-1.042,1
1.5149,-1.9539,2
-1.4215,-2.4233,2
1.9758,0.85076,3
-3.4407,-0.49662,3
-3.2384,-2.7224,1
-0.10419,4.0165,1
2.4128,-1.3,2
-2.343,-4.0365,1
-0.88754,0.65731,3
-0.73854,1.9825,2
1.7136,2.4532,2
-1.7782,-0.99287,1
-0.10455,1.2208,2
-1.6647,-0.1966,1
0.4197,1.248,2
2.554,2.5934,2
-0.19309,1.7206,1
1.3079,-0.033977,2
-0.13614,-2.8187,1
0.83805,0.50144,1
-4.9624,-1.1786,1
-2.2366,0.80187,1
-0.073933,0.74848,2
-1.1891,-0.79313,2
-0.051965,-0.16215,2
-2.4038,0.12944,2
-0.8441,0.019242,2
-0.11385,-0.34436,2
1.5051,-4.5834,2
1.7384,-0.52809,2
5.5821,3.1305,3
-0.15669,0.49544,3
1.1106,0.61948,2
-0.75753,-0.28821,3
-0.9792,4.5704,1
0.42638,1.1417,3
-5.4838,-2.1063,2
-4.6305,-0.23841,2
-2.7339,2.1937,1
-3.722,-1.1173,1
-0.15263,3.3283,3
-3.8491,-2.5623,2
-2.9195,1.9982,1
-5.7652,-2.8034,2
0.43149,0.77112,2
-1.0537,-1.0842,2
7.0124,5.6893,2
3.2858,0.037927,3
-1.3474,-1.7404,1
-1.9053,-2.1745,1
-0.082282,1.39,2
-0.059132,0.28093,2
1.0592,0.52028,2
0.46222,0.30808,2
0.78031,-2.35,2
2.6191,2.0434,3
-0.92486,-2.0777,2
-6.4091,-6.0581,1
-0.24679,-0.1091,2
-0.24001,-2.4931,2
-2.0829,3.1053,1
-2.012,-2.2735,2
1.264,3.1037,2
0.36586,0.86935,2
0.53611,2.4,2
1.1354,-0.33973,3
-0.44343,1.8297,2
-2.4362,2.3225,2
-1.1371,2.1385,3
-0.16568,-2.1003,1
0.63147,-4.6575,3
-3.8239,-0.23707,2
3.1374,-2.4669,2
-2.3303,-2.0086,2
-2.5674,0.61564,2
-0.096085,-2.6206,2
-0.054364,-3.7638,1
-2.3144,1.5591,3
1.1143,-1.0811,3
-3.2036,-0.40669,1
