-1.2254,0.44761,3
0.79815,-0.73126,3
-0.81568,1.9626,1
-1.7059,4.7715,3
-4.0265,-2.5201,1
-0.4315,2.9193,2
-0.47437,-2.0021,3
1.9461,1.1674,3
-0.38371,-0.29611,3
2.2592,3.9167,3
0.40474,-2.3033,3
1.9122,7.6029,3
3.8673,1.3454,3
-0.4701,-1.9993,3
3.8144,1.5057,3
0.66417,3.9202,3
-1.1541,-4.5116,1
-3.4131,2.6779,3
1.5493,0.51044,3
1.2374,1.5184,3
2.996,2.0366,3
3.4557,-0.89819,3
-0.41273,2.2598,3
-0.84773,-1.3571,3
2.8743,0.028801,3
-0.60992,-0.93631,3
0.14673,-1.0119,3
-1.8508,3.6928,2
2.2689,2.7096,3
0.63042,1.688,3
1.5746,0.0084942,3
0.86808,2.795,3
4.3756,-2.4271,3
0.94903,-0.84484,3
2.249,-2.7804,3
0.53984,-2.5223,1
-0.64918,0.059622,3
0.7193,0.57568,3
0.76165,-1.5439,3
-0.35934,-1.1697,3
1.2076,2.6348,1
-0.54795,-2.1711,3
1.2105,4.2299,3
-1.6336,1.7923,3
-4.6515,-0.73376,2
1.2938,3.5648,3
0.19578,-3.3475,1
-1.8097,1.2531,3
2.9363,-0.57543,3
0.28074,0.33206,2
2.8479,3.1584,3
1.2828,-1.0054,3
-0.56542,-0.72213,3
-0.21156,-2.8663,3
-3.686,4.4601,3
-7.9906,-4.2097,1
2.3873,6.0337,3
-3.2472,-0.83372,3
-1.1023,-0.46701,3
3.0748,1.1752,3
4.5903,3.2006,3
0.58045,-3.4749,3
1.3584,-1.6776,3
1.277,3.2687,3
2.6271,0.70526,3
-0.91098,3.8186,3
1.5878,1.9456,3
-0.75224,3,3
5.6379,0.22647,3
3.4124,-1.5854,3
-1.336,-4.2948,3
-0.16454,2.0903,3
0.85756,-2.1797,2
6.1949,2.4175,3
2.751,-2.1066,3
-3.1381,0.66825,3
-1.0286,-1.4418,3
0.62733,4.1763,3
2.1464,1.0991,2
-2.9011,1.9109,1
2.4802,0.57041,3
-1.3092,-2.691,3
-0.47168,-3.7281,2
1.7007,0.87832,3
4.4151,-0.024348,3
-4.0108,-0.47593,3
-0.67603,-2.1037,3
3.5254,-1.8354,3
0.22308,1.5249,2
-1.3093,1.1663,3
0.15467,0.7199,3
-0.31539,-0.19367,3
-0.93475,2.3365,3
-1.0756,8.7652,3
0.2639,0.63535,1
1.7675,2.1201,3
1.6647,2.3367,3
1.8732,4.6395,3
2.2464,-1.2142,3
3.7994,-3.2424,2
5.458,3.2324,3
0.77145,1.4296,3
0.067025,2.7158,3
0.34841,-1.2989,1
0.045144,-0.19186,3
3.029,-3.0893,1
0.22316,0.12498,3
1.2888,-2.5992,3
-0.57462,1.9713,3
-4.6342,-1.7445,1
3.4596,-0.44933,3
2.1195,-1.7346,3
2.1386,4.6822,3
2.9706,5.8811,3
0.16861,-6.9682,2
0.52306,-1.976,3
-1.4465,-1.1114,3
1.8363,-0.63812,3
-0.44774,3.3691,3
-1.9199,-0.9414,3
-0.013246,2.2912,3
1.8242,-1.32,2
-0.51383,3.6264,3
-0.52306,0.99207,3
-4.1515,-2.5477,3
-1.3626,-0.49528,2
-1.0739,0.72176,3
-4.4804,-0.21054,3
-6.3466,-3.9214,3
2.118,1.0423,3
-1.4006,-0.53861,3
-0.65156,0.46752,3
0.32238,-0.12504,3
2.88,3.2421,3
-1.9724,-1.5316,3
-2.15,1.2394,3
-1.1685,3.7464,2
-0.8,2.6271,3
0.59048,0.70049,3
0.08253,2.3793,3
1.9823,-0.86269,3
1.367,0.54903,3
-0.085242,-1.2836,3
1.3992,1.383,2
-2.1351,1.5105,3
-5.4864,1.8706,3
3.9427,-0.9058,3
1.472,-0.49896,3
-0.42633,-1.354,3
1.2066,-1.1922,3
-0.715,1.1112,3
1.768,2.4326,1
0.6971,1.6906,3
0.28124,-1.2622,3
1.4397,3.4246,3
-1.3248,1.6034,3
2.4407,1.1188,2
2.0046,2.0665,3
-1.0005,0.017603,3
1.6896,-0.71577,3
-0.18381,2.4695,2
-0.61208,-1.0447,3
0.23984,-1.1622,2
-0.44299,5.3376,3
-3.6088,-0.16888,2
0.74633,0.61092,3
1.704,-0.95506,3
0.32895,2.4948,3
-0.42855,-1.1525,3
0.24124,0.41874,2
2.4081,-0.50267,2
1.6486,-2.4434,3
-0.91187,3.0052,3
-3.8553,2.0997,2
-0.19722,-0.36639,3
-2.5126,1.0726,3
1.2654,-1.7706,3
1.4281,2.5857,3
-0.71788,3.0479,3
2.7206,2.6149,3
0.76102,4.6235,3
1.3815,-5.1258,3
-2.2069,0.20688,3
4.2678,-3.7201,3
0.25684,-1.8696,3
-0.72938,-4.4121,3
-1.4285,0.74586,3
5.5116,1.7139,3
-4.6556,2.4873,3
2.2843,1.3785,3
-2.8861,1.1334,3
7.2437,4.1635,3
2.265,-2.018,3
3.5495,0.44055,3
1.1046,-0.57575,3
1.0415,1.8662,3
1.0668,0.11918,3
2.8569,-4.603,2
-0.88628,-1.8352,3
-2.6737,1.0646,3
1.491,3.3961,3
-3.171,0.11184,3
1.1132,0.76536,3
-0.34973,-0.6959,2
4.5983,2.0996,3
-2.3186,1.4814,3
-0.22176,0.29772,3
2.5855,6.4361,3
2.6356,-0.28143,3
3.364,-2.7025,3
-1.2107,-0.98287,2
0.48746,1.3041,3
-2.1474,1.5443,2
-0.74496,-0.49712,3
3.6026,1.3471,3
-0.67644,1.1397,3
4.8902,-1.3309,3
3.9622,2.9642,2
-1.5051,-1.1074,2
-0.8176,1.2191,3
2.5199,4.2857,3
0.71655,0.11568,3
-0.49866,1.5069,3
1.8921,-0.75722,3
-4.0678,0.41037,3
1.7482,2.8351,3
2.8519,0.38454,2
3.1051,1.6475,2
1.0883,2.8683,3
0.37415,0.25847,3
-0.15419,-0.33519,3
-1.5421,0.40734,3
-0.82402,-2.5527,3
-0.57849,0.40731,3
-2.5891,-1.8195,3
-0.5871,2.4192,2
-0.25445,1.3583,3
1.2289,0.26083,3
1.1505,2.9819,3
-3.043,0.90962,3
1.4365,-1.0978,2
0.17143,2.4694,3
-0.74881,-0.59254,3
1.6887,0.26252,2
-1.0418,0.75391,3
-1.2207,-2.603,2
-0.44851,-1.5514,3
0.18164,1.9229,3
-2.9931,-1.2041,2
3.0801,-3.6522,3
-2.2192,0.84279,3
1.1238,2.2348,3
-1.3517,-2.29,3
2.1597,1.1705,3
-0.5747,1.6586,3
-3.39,2.0564,3
1.6339,-0.50883,3
2.5107,2.1525,3
-0.64197,0.8053,3
-0.30441,-0.25652,3
-0.21866,6.2169,3
1.9258,-0.094713,3
-0.98333,1.0501,3
-0.08126,2.4223,3
-2.1431,4.4142,3
-1.3075,-0.18352,2
-1.3504,-0.36786,3
0.098152,5.4169,3
4.6792,4.1381,3
2.3133,0.64742,2
1.5761,-1.1254,3
0.68294,0.054895,3
1.0456,-1.2833,3
-1.6571,1.5565,3
-3.1099,-6.0247,3
2.1469,0.78813,3
6.5733,3.1501,3
-5.3848,0.11673,3
0.68916,0.88426,3
4.3566,3.2739,3
1.3223,-2.8247,3
2.9121,-0.065602,3
-0.90809,1.335,2
0.10329,2.0566,2
-1.3188,0.29208,3
0.17319,1.9565,3
2.8745,1.6738,3
1.1547,4.5868,3
-0.57832,-0.95853,3
-0.27412,-5.8877,1
1.0088,2.9091,3
-0.56421,3.4293,3
1.1076,-4.6967,1
-2.8541,-2.29,3
-1.532,0.85049,1
-0.76846,4.0134,3
1.0504,-2.3679,3
-3.4078,-2.6266,1
3.7773,0.68782,3
-1.8546,-0.36166,2
-2.9222,1.2165,3
1.5212,2.8169,3
0.63461,2.5488,3
0.49395,-0.6632,3
1.781,1.9279,3
2.5838,-1.7028,3
-1.0454,0.44018,3
-2.5549,1.1631,3
-0.15536,0.47659,3
-0.91319,1.5595,3
2.8427,-3.1219,3
2.5284,-0.23281,3
-3.0167,-2.7955,3
-1.3415,-1.7847,2
-0.41712,2.4083,3
0.86245,0.39745,2
1.2094,-1.6668,3
1.9367,5.9418,3
3.2969,-1.8887,3
-1.8947,-1.1597,3
-4.5007,3.1825,3
-0.86675,2.9118,3
0.97049,0.15573,3
-0.30784,-2.0481,3
1.7699,-0.85436,3
1.2598,-2.6498,2
1.0156,-0.72731,3
-1.1761,0.26744,3
1.3306,2.497,2
-2.3504,1.2603,3
3.6489,1.5862,3
0.14617,1.1678,2
-0.26302,-1.7499,3
2.1961,-0.26886,3
-1.0436,-0.4667,3
-0.35163,-1.0514,2
-2.1478,0.6589,3
0.4444,0.080212,3
4.6305,-1.5444,3
-0.0202,1.2913,3
1.3409,-1.0266,3
2.1872,-0.25709,1
0.28258,1.8267,3
-3.1551,-0.31219,3
-0.086155,-0.58913,3
-1.4948,0.42924,3
0.15561,-2.8493,1
-0.55832,-1.8515,3
2.7148,3.1054,3
5.1674,2.0146,3
-3.0027,-3.6713,2
4.4337,-0.53099,3
2.9729,-3.2547,1
0.66374,-1.974,1
-0.78799,-0.028619,3
2.0915,2.3064,3
3.6317,0.31611,3
0.34093,2.3464,3
-0.70412,1.2362,2
-1.5514,-1.2715,3
-1.065,2.4569,3
-1.1062,-4.4374,3
1.1298,0.34833,3
-1.2075,-0.39346,3
-1.2683,-3.1513,3
1.8729,1.3102,3
4.4354,1.7718,2
0.074472,-3.1698,3
-1.7553,-1.3867,1
2.2243,-1.8654,2
3.6208,0.2723,2
-1.0907,3.0851,3
0.6401,-0.31159,3
0.17256,-2.974,2
-0.85505,5.0667,3
1.5029,0.69938,3
-0.74859,-2.2045,3
-1.4126,-1.324,3
3.7973,-0.47709,3
2.0814,-1.9184,3
-3.1164,0.85144,3
4.4992,3.5136,3
5.0855,1.2782,2
-1.6672,-1.237,3
-1.5403,-2.0609,3
2.1769,0.84432,3
-0.98271,3.3668,3
-0.32407,-1.6071,3
3.1335,4.7457,3
1.5911,0.801,3
-0.79657,0.74512,3
4.6575,-0.64694,3
2.043,3.1834,3
6.4399,1.5804,3
0.93015,-0.73346,3
-5.0768,-1.7944,2
2.0628,0.85175,3
1.2626,1.2297,3
1.0015,0.2908,3
1.7051,1.6659,3
-1.6594,-2.7151,1
-1.2245,5.0967,3
3.101,5.1036,3
0.62004,-0.083704,3
1.2611,4.0172,3
1.5936,-2.5422,3
3.2993,3.6204,3
1.6286,2.4886,3
-1.212,0.84221,3
-1.3364,0.98085,3
0.60184,-5.0849,3
1.9329,0.66434,3
0.47187,3.27,3
-2.7322,-0.67241,2
-2.7625,0.13281,3
-0.047883,1.3183,3
1.1932,-3.262,1
-0.63336,-0.32682,3
1.3549,0.81841,3
-0.0034738,2.0433,3
2.8566,-0.59116,2
4.1413,-1.6112,1
3.4063,3.3493,3
-0.28281,0.25396,3
-0.0018051,0.1915,3
-1.657,-1.1304,3
0.11821,-0.9846,2
0.36846,6.1375,3
6.3979,-0.38543,3
1.1891,-0.043272,3
-2.2034,-1.4325,3
2.3493,-0.0093247,3
4.0899,1.6103,3
-0.29427,1.6936,3
0.14949,-0.031972,3
0.65199,-0.34786,3
1.8351,3.153,3
-2.5287,-0.27246,3
1.2445,-3.8906,3
-2.6323,-0.35365,3
3.2369,0.73672,3
0.18045,3.9502,3
-0.6335,2.3599,3
-3.4829,1.8071,3
0.75464,0.68946,3
-0.14235,0.647,3
-2.3249,2.1539,3
1.9639,-3.0769,3
2.7423,-1.8747,3
-1.4751,2.6417,3
-3.4817,-0.59122,3
0.11366,3.9977,3
-0.92868,1.5876,3
1.4349,-0.89828,3
-3.0635,-1.4389,3
3.3927,-0.69162,3
-1.2759,-4.3315,3
-1.6206,1.0911,3
-1.9332,1.7722,3
3.6762,2.1754,3
0.40417,1.7107,3
3.762,-1.3492,3
1.4459,1.291,3
4.9913,-2.8221,3
-2.593,3.3269,3
6.4814,0.64101,3
-1.615,-2.3142,3
2.9257,-0.48103,3
-2.3092,-1.823,1
0.68883,-1.4131,3
-2.9271,1.5889,3
-0.97398,4.1724,3
-2.5873,1.3102,3
-0.80427,1.2116,3
3.2734,0.073512,3
-0.84182,1.7414,3
2.0184,1.0616,3
2.3914,0.99554,3
-2.127,-1.1232,3
1.1978,2.6016,3
-0.3905,-1.6749,3
2.7296,1.4281,3
-4.392,-0.39822,3
4.5728,2.068,3
-0.02939,0.042022,3
2.9179,-0.57483,3
-1.7856,-0.49387,3
-0.65417,0.22712,3
-0.087227,4.1799,3
0.96296,-2.9841,3
1.3608,-3.9536,3
-0.78303,-0.15744,3
-1.0584,-0.38948,3
0.063687,3.8771,2
2.9605,2.3629,3
-4.521,-1.3689,3
2.2389,-0.90605,2
-3.4386,2.5397,3
1.5942,0.79439,3
-1.7843,-0.96895,3
1.2013,-2.7468,3
-2.2037,1.0973,3
-0.80761,-0.84547,3
2.1478,-0.085859,3
-0.45619,-1.373,3
-3.1403,0.17192,3
-0.80756,3.4299,3
-4.5186,0.95712,3
-2.0005,1.1672,3
-2.4203,-2.1864,3
-0.052349,-1.1699,3
-3.1148,-0.77635,3
1.0194,-4.2261,3
-0.090593,-0.15891,3
-1.2546,0.36731,3
-2.0938,-0.21423,3
0.64293,-0.11708,3
-1.1375,-3.1691,1
-2.7951,0.98977,3
0.80953,2.2421,3
1.0557,-1.0431,3
2.9838,0.19751,1
1.527,0.67915,3
2.8141,0.73759,3
-2.1629,4.0601,3
0.58966,-3.4379,3
3.3685,2.3777,3
4.814,2.6211,3
5.3923,3.8679,3
-1.0041,0.15676,3
0.27059,-1.3364,3
-2.088,-0.056508,3
-4.0232,-0.46389,3
2.1704,1.7485,3
-0.46527,3.3805,3
6.6118,1.229,3
-5.4949,0.04649,3
1.6333,1.5112,3
2.738,3.4461,3
0.25956,0.62668,3
1.2059,-3.2907,3
-0.23746,1.5306,3
-1.9277,-1.1147,3
1.7948,-0.77042,3
-0.93754,0.79897,3
0.37253,0.97999,2
0.084606,-0.15411,2
-3.1734,-3.1461,1
-0.12917,0.64232,1
1.7994,1.0913,3
3.0197,1.8202,3
-3.2494,2.8047,3
-0.60228,3.4847,3
1.4363,2.6284,3
2.628,0.45753,3
-0.65464,-2.2965,3
0.77496,-0.77905,3
1.5258,5.1981,3
0.6313,1.1347,3
-0.81793,2.1918,2
0.074307,2.2957,3
1.577,0.33057,3
1.8929,-0.058021,3
-0.96294,1.2696,3
1.2669,-1.9633,3
0.036212,3.5793,3
-2.2166,1.4754,3
-1.9804,1.2212,3
-1.7759,-0.52501,3
0.45291,1.5296,3
-1.869,0.82692,3
3.8583,0.70707,3
-0.68526,3.2248,3
-1.3946,0.10746,3
-1.7744,2.7334,3
-0.86969,1.1133,3
-4.561,-1.438,3
5.8381,1.0251,2
-0.43153,-0.95473,3
0.066395,-4.3896,3
-0.94286,2.7326,3
-2.1725,1.5957,3
0.20329,1.1548,3
-2.5673,0.19755,3
0.7247,5.0963,2
1.7106,2.7652,2
1.0567,1.6053,3
4.3112,1.4719,3
-3.0286,-0.85948,2
-1.8136,1.0278,1
4.0982,0.93631,3
-3.1205,-4.2791,3
-2.6293,-3.2241,3
1.4083,2.4026,3
0.4487,1.6104,3
-2.7734,-2.162,3
2.2382,2.2884,3
4.4386,1.6018,3
2.193,-3.2141,1
0.50732,-1.8445,3
3.8046,1.2855,3
2.7492,0.82602,3
1.2788,-1.3464,3
0.88846,2.9605,3
1.0935,1.5129,3
4.6831,1.2365,3
-3.6044,1.4466,1
2.8369,2.8242,3
2.2582,-3.5051,2
-2.2296,-1.6087,3
-1.1584,-3.2808,3
-2.725,-0.84116,3
0.60689,-1.4735,3
4.4319,1.1336,3
1.1221,-0.2363,3
-0.37594,0.72143,3
2.4121,0.77875,3
1.2885,0.55913,2
-1.2421,-0.116,3
1.2655,1.6342,3
5.2189,-0.016433,2
2.1569,4.3307,3
-1.797,-1.9341,3
-1.2072,-1.6134,1
1.1991,0.10137,3
0.83112,0.24761,1
3.9224,3.2437,3
-1.0381,4.7035,3
2.2511,0.00078554,3
-0.91894,3.5764,3
4.0631,-3.3269,3
1.1309,-1.8216,3
2.06,2.0755,3
3.097,2.4129,3
6.3204,3.1637,3
-1.8612,-1.1551,2
1.6322,5.2504,3
-1.4668,0.88566,3
-2.8384,-0.95239,3
0.32804,2.5065,3
-0.20233,-3.1215,3
2.2379,2.201,3
3.8705,0.44162,3
3.1178,1.3354,2
-2.0363,4.2323,2
-0.29314,-2.4371,2
-2.1692,3.1025,3
-2.4169,3.4969,3
-4.2174,-2.5847,3
0.41873,-2.5363,3
0.71542,-2.8032,3
-0.66757,1.1909,3
-2.0349,4.3952,2
2.2318,2.9334,3
4.053,3.7304,3
1.0073,3.2976,3
0.59043,4.1602,3
0.019864,1.0283,3
-0.77819,-5.44,3
-1.8286,1.7862,2
1.0233,2.2688,3
4.5072,1.7863,3
-1.2879,1.4252,3
2.2587,-2.3688,3
-0.93483,0.005018,3
-6.1038,1.4062,1
7.3526,2.9591,3
3.3994,2.1128,3
1.9906,4.1043,3
-0.26527,-4.3056,3
4.7906,0.33642,3
-0.060602,-3.6085,3
2.2047,2.9963,3
-0.56092,3.9732,3
2.1674,2.012,3
0.105,3.0229,3
1.0305,2.5358,3
-1.5077,-3.0583,3
0.82427,0.73168,3
-0.49037,2.5989,3
1.8022,2.5769,3
-0.38173,2.4488,3
-2.0875,-0.035506,3
-2.6858,-3.8348,3
0.91303,2.2394,2
0.47726,1.1294,2
2.9001,0.011341,3
0.065526,0.97345,3
-1.6403,-0.213,2
-0.36972,-0.72298,3
-0.76518,0.31152,3
-0.87975,-0.0608,3
3.7425,1.2401,3
-0.28442,-0.49632,3
-0.7434,-1.2734,3
1.1286,1.554,2
1.9576,-3.5461,3
-1.9144,1.345,3
-0.49594,-3.6615,2
5.6575,-1.5371,3
0.9284,-2.2177,3
-1.0389,-0.35685,3
0.68576,0.26305,3
1.0012,-1.7916,3
-3.7016,-1.6624,3
2.1955,-1.6492,2
-2.7633,-3.0645,3
-0.45656,-0.20884,1
-2.0853,-2.1902,3
0.89346,2.7049,3
-7.2757,-3.1122,3
0.7657,-0.68239,3
-0.93837,-4.0211,1
1.7157,2.2967,3
-0.65562,2.775,3
0.34283,-2.0018,3
1.0617,0.1802,3
1.37,-0.12969,3
2.5073,3.6971,3
0.76684,3.0221,2
-1.8271,-0.35212,3
-1.4944,-5.4012,3
-0.74695,5.0342,3
-1.2243,-1.3691,3
-1.6776,-0.94947,3
1.928,4.5663,3
-1.014,-1.5266,3
-0.67948,0.085118,3
-2.7024,2.2029,3
-0.23719,-1.105,3
1.6273,-1.9866,3
2.4013,-1.4076,3
-1.7944,5.7504,3
3.4662,2.2011,2
-0.62225,1.8861,3
5.1653,1.4027,3
0.26835,3.3269,3
1.0959,0.20695,3
1.5362,4.9321,3
2.3351,3.8283,3
0.68967,3.1381,3
1.5753,1.1398,2
2.1229,0.26352,3
-4.199,-1.8246,2
1.3673,-0.48042,3
-1.5076,0.80252,1
0.4372,-0.73186,3
-0.070771,-0.18555,3
1.626,0.91219,3
4.2444,4.3577,3
-0.03222,1.5022,3
-1.0577,-0.84739,3
-0.43183,1.8222,3
0.28711,-0.044598,3
-0.55814,0.56349,1
2.4864,0.74923,3
2.3434,0.55732,3
0.54862,-1.3449,3
-1.1028,2.2766,3
-2.5811,-1.3263,2
-1.9296,-1.3864,3
-1.4298,-0.19918,3
-2.0112,0.65398,3
-1.1405,0.29272,3
-2.741,-3.2071,3
-0.7254,3.9647,3
0.83205,-0.2797,3
4.0281,-0.59018,3
-1.3576,-0.27219,1
-0.90799,0.92155,2
2.9556,1.5652,3
-0.68265,0.55985,3
-1.0618,1.5264,3
-0.2332,-0.81222,3
-2.4464,-2.4311,3
5.1039,1.0588,3
-3.5762,-0.049415,3
-1.9725,0.33311,3
3.863,1.5695,3
-2.4547,-1.8488,3
1.5059,2.5322,3
-2.7742,-1.8084,1
0.55446,-0.69168,3
-4.7808,-2.2525,3
0.18519,-3.5333,3
0.76722,3.3718,3
-1.2118,0.67695,3
-1.2665,-1.5118,3
-5.6205,-2.6479,3
-3.7932,-2.5707,1
4.1879,-2.8169,3
-0.02614,-3.3327,3
1.3572,1.0891,3
0.63999,0.019692,3
0.43016,-0.60793,3
0.50406,1.4899,3
0.41388,3.3432,3
-1.2539,2.3453,3
2.9764,-2.1292,3
4.0845,0.55232,3
-3.2971,0.64297,3
-1.4919,1.0932,3
2.1198,0.9533,2
0.25909,4.3837,3
1.057,2.9034,3
-2.563,0.36663,1
-3.0631,-0.98961,3
-1.0659,1.438,3
2.1838,-1.821,3
5.6172,1.076,3
1.6929,3.9899,2
2.7065,-0.65738,3
-2.422,-1.2487,3
-1.4406,-2.6578,3
-0.092505,-1.4534,2
1.7204,6.4201,3
-1.6133,0.20559,2
0.43154,0.11503,3
2.8412,1.7224,3
-0.57755,-0.92993,3
0.020554,2.3942,3
0.32465,2.7804,3
0.020533,0.44396,3
0.93523,-0.82437,3
1.8004,-0.036669,2
3.9854,5.3295,3
3.0506,-1.1782,1
-1.1292,-2.495,2
0.96613,-1.6501,3
2.1723,5.2138,3
1.5322,3.3478,3
-0.22178,-3.8306,2
-1.4356,1.3939,3
-0.22427,-1.5771,3
-4.4785,0.96577,3
2.9812,2.2701,3
0.66079,0.1894,3
1.4375,0.62841,3
-0.7797,-0.11333,3
3.8084,1.9515,3
1.8418,0.9163,2
2.4319,2.4485,3
2.8301,2.1153,3
0.21084,5.3651,3
3.0961,2.2355,3
2.8743,4.1175,3
-1.2642,-1.647,2
1.5826,-0.96133,3
0.22396,-0.88653,3
2.555,1.1605,2
2.0755,2.8662,3
-0.21393,-1.4851,3
-1.8362,-4.1072,3
-3.0398,-4.1403,3
0.6852,-0.054461,3
4.2391,1.2858,3
2.8755,6.0371,3
2.4593,-2.0009,3
-1.3357,0.95733,3
-0.57133,-1.0545,3
2.0198,-2.0612,2
-5.0916,0.70674,2
3.5205,0.76212,2
1.3835,2.7158,3
-0.57903,3.1239,3
2.9009,2.7496,3
3.0166,2.9728,3
2.5946,2.0384,3
-0.20422,3.0253,3
-0.35956,4.2007,3
-2.0743,-0.88034,3
-1.0877,-3.9655,3
-1.4141,0.97257,3
-1.8746,0.90921,3
1.8446,0.2824,3
-1.0013,-1.3055,3
2.4941,-1.83,3
2.4585,0.78781,3
0.3875,3.4054,3
0.22312,2.2357,3
-3.6968,-0.1832,3
-0.61181,4.2643,3
0.60866,2.1326,3
-1.8828,0.55314,3
-1.53,-2.2839,3
-1.4991,-4.8353,3
2.4884,3.1353,3
-1.1194,-1.8512,3
-1.1089,-2.2785,3
3.1853,0.27415,3
3.4216,0.18175,3
1.5539,0.11775,3
0.25195,-1.7737,3
-0.29063,2.4248,3
0.59207,-3.129,3
-1.5912,3.3108,3
4.2191,1.1374,3
0.54967,1.9557,3
-2.7336,-0.57358,3
1.4083,1.4423,3
0.47432,1.5733,3
-2.7829,-0.10633,3
4.3133,-0.10631,3
-2.7499,-0.72847,3
2.3583,1.0883,2
2.6049,-0.04647,3
2.1979,0.29957,3
1.3138,0.6884,3
-4.4593,0.83378,3
0.91864,-1.9832,3
0.66219,0.59385,3
2.5151,-0.86953,3
0.72531,-1.1563,3
2.5218,1.5273,3
0.22094,-2.589,3
3.1497,1.2379,2
0.69961,-0.4817,3
2.0561,0.55425,3
3.0099,-0.54737,3
-2.3798,3.068,2
-1.1106,-1.8124,3
2.1948,-0.20722,3
1.4035,1.4773,3
-1.9934,0.52818,2
0.71909,1.2423,3
-2.7266,-0.74248,3
0.5248,-1.5838,3
-1.5285,0.43383,3
-2.5126,-0.78839,3
5.1668,-0.31358,2
5.4096,-1.3792,2
1.0885,3.4978,3
2.4238,-0.89625,3
-0.58558,-3.3552,3
0.17859,1.5248,3
1.5739,-0.81366,3
-2.2587,1.7149,3
5.3141,-1.7926,3
-3.3572,-0.223,3
0.26014,1.31,3
-0.20979,0.70351,3
1.0522,3.0085,3
3.4245,1.7213,3
0.01921,-0.84787,2
1.9348,-1.9737,3
1.3851,0.33631,3
-4.0705,-1.4344,3
-4.2475,-1.3983,3
-1.484,0.98062,3
0.8557,-2.7294,3
3.1734,1.2753,1
-2.7464,2.4606,3
-3.0966,2.5469,3
0.1533,-0.58658,3
1.8047,-1.4205,3
-3.2399,-0.17395,3
1.3246,2.407,1
0.73436,-3.6375,3
-1.6384,0.8528,3
1.6655,-0.88929,3
3.6171,-1.1784,3
3.3563,5.1436,3
3.1186,-3.4292,3
1.935,0.35807,3
-1.8509,2.2804,3
-2.9762,4.0856,3
1.5993,1.1035,3
0.1529,1.3259,3
-0.2944,-1.2565,3
-0.81283,2.3494,3
2.7442,-3.6791,3
2.2675,2.2485,3
0.49748,-1.1843,3
2.9523,-5.8619,3
0.01858,2.1206,3
0.65447,-1.2405,3
2.4229,-3.2849,3
2.379,2.7842,3
1.7978,6.0069,3
2.1507,0.1776,3
1.746,1.3396,3
0.27196,2.6215,3
4.1287,1.682,3
4.8061,0.082479,3
-0.49278,-1.6285,3
1.5315,-2.5496,3
-3.1892,-0.91941,3
1.0413,0.25643,3
-1.0776,-6.2799,3
-1.5454,0.79265,3
-0.16398,2.3848,3
4.8564,0.3437,3
-1.4959,0.19696,3
1.8117,1.5306,3
1.1151,1.8122,2
-1.7447,0.21144,3
-0.78331,2.7438,3
0.0095375,1.5292,3
1.302,1.6783,3
-0.43718,2.0618,2
4.786,-0.46166,3
0.98352,1.991,3
-1.1554,-1.9937,3
1.5671,5.7937,3
-0.30585,4.253,3
-1.9089,-2.81,3
2.5345,0.085273,3
2.6051,0.78502,3
-0.16437,0.47087,3
3.3023,0.58169,3
-0.36652,-3.1654,3
2.8588,0.1017,3
4.019,1.4416,3
-0.36169,0.54832,3
2.3401,2.6572,3
0.58788,1.7228,3
-1.5933,2.3627,3
-2.7364,-0.40209,2
0.93127,-1.8686,3
7.694,5.8046,3
-3.3587,-2.4288,2
3.0583,0.88775,3
1.1327,0.53764,3
4.2846,-0.74285,3
-3.8687,-1.4636,3
2.4084,-2.5406,3
2.5578,1.8121,3
2.5277,0.48925,2
0.81584,-3.5639,3
0.86002,5.1925,3
-0.38443,-1.089,1
1.1788,-0.55653,3
-0.31705,2.4514,3
-1.661,-2.5827,3
-2.7512,2.5851,3
-3.2161,-1.5167,3
3.5051,-1.185,3
-1.8513,1.1704,3
-1.0864,-0.11894,3
-3.1921,-2.168,3
0.53977,-0.43491,3
1.7258,-1.3065,3
-0.1972,1.4216,3
0.15775,0.28964,3
-1.1254,-6.074,3
-0.82853,0.33481,3
-0.60952,-1.4482,3
1.3285,2.9989,3
-3.1297,3.5233,2
-1.9385,2.6298,3
-3.0408,1.8908,3
3.8685,-1.7659,3
3.7984,-1.2695,3
1.1137,-2.22,2
-1.0961,2.7328,3
-0.45242,-2.5579,3
-1.0219,-0.12426,3
1.7755,-1.238,3
1.6591,1.6297,3
-2.6408,-3.3139,2
0.47597,5.3852,3
4.3444,1.252,2
1.1738,3.5472,3
-0.90419,1.4823,3
1.4333,-0.61185,3
-2.0478,-1.7117,3
-4.784,-3.8559,3
4.7419,-0.36922,3
0.73479,-1.0852,3
3.3606,4.7385,3
-0.87174,0.51298,3
1.8163,-0.93732,3
3.5757,0.84745,3
1.017,0.64379,3
-2.8104,1.8678,3
-0.46933,-1.839,3
-0.67728,0.64669,3
0.41638,-0.12047,1
-2.7822,0.40928,3
-5.3606,0.81008,3
-0.38129,1.6702,3
1.0535,2.3795,2
-0.21573,1.358,3
-5.7045,-5.8755,3
-0.33395,-0.019083,3
5.4564,0.18079,2
2.25,-2.9222,3
1.2707,2.7382,3
1.647,-0.79752,3
-1.8296,-5.0545,3
-2.9752,1.357,3
2.2734,2.0136,2
1.0342,1.5544,3
2.604,-0.43189,3
0.62525,4.1205,3
2.0587,1.8971,2
2.1752,1.7646,3
0.21601,1.2863,3
2.9555,-1.2222,3
1.415,1.0598,2
2.9757,2.5402,3
0.30573,3.2471,3
-0.80829,-1.6441,2
0.14485,-4.0122,2
1.4641,3.8779,3
-2.0291,1.521,1
-0.97063,3.4096,2
-0.92847,2.61,3
0.89343,-0.054835,3
1.0998,1.693,3
1.2574,0.72345,3
-0.14942,-0.64028,3
2.9817,3.0899,3
1.7731,-0.3066,3
2.7595,-1.7127,3
-3.0664,-0.21509,3
-3.6399,1.8302,3
2.1746,1.6227,3
-2.3835,0.21455,3
-0.63923,-1.1338,2
2.3355,1.6711,3
-5.1039,3.0181,3
2.7198,1.4597,3
-0.066433,1.6432,3
-1.6297,0.63346,3
-0.45396,-3.3566,3
0.80558,0.45693,1
-1.7019,-0.24601,3
1.0147,3.3278,3
-4.9103,-1.5568,2
2.0444,1.5375,3
0.70192,-3.2481,3
-1.5718,3.2695,3
3.415,-2.601,3
-1.6438,-3.5437,3
0.20275,1.8266,3
0.68941,-0.71482,3
-1.8727,3.2869,3
-1.566,5.2117,2
1.6281,-0.73302,3
1.3415,0.76313,3
4.9553,1.6341,3
-0.55021,-2.7527,3
0.28111,1.283,3
-2.9467,1.7766,3
0.84769,0.20344,2
-0.74446,-4.4713,3
-2.3855,-2.3783,3
2.6378,3.5168,3
-0.15904,-0.98482,3
-0.65423,-0.20872,3
3.5908,4.2683,2
1.9415,-1.2725,3
1.6305,0.53384,3
1.4736,0.66048,3
5.9091,0.12059,3
-1.2536,-0.88702,3
2.8871,2.9013,3
0.31669,-0.75801,3
-1.3827,1.3066,3
-1.9083,1.6465,3
-3.0221,-3.6759,2
-3.0382,-2.6558,3
2.9405,-0.47299,3
-2.2569,0.74887,2
0.39586,0.21553,2
1.7681,2.7522,3
-4.0795,-1.6462,3
1.9858,1.2638,3
4.2422,7.0656,3
-2.2407,-1.2266,2
1.1155,0.86309,3
0.72033,-1.7026,3
-0.21667,-0.8389,3
2.8122,0.23696,3
2.1896,6.2185,3
0.83515,0.1161,3
-0.057315,-2.1172,3
-2.8731,-1.2479,3
-0.79266,2.2921,3
2.9141,0.42854,3
1.4772,-2.9029,3
0.44566,6.0365,3
1.5145,-2.068,3
1.6858,1.1866,3
-2.6012,-1.1433,3
1.7259,2.7706,3
0.77635,0.57438,3
0.87908,0.13282,3
-0.47963,-0.59578,3
4.8514,-0.70493,3
1.2463,-1.5117,3
-3.9745,-1.6314,3
2.1382,-0.02656,3
-0.14388,0.93237,3
1.4417,1.196,3
-1.5067,1.0516,3
-2.1773,0.54648,3
5.0942,-1.9814,3
-1.1221,0.30139,3
0.79585,-1.1321,3
3.9656,4.9933,3
0.18932,1.3817,3
-0.49042,4.7443,3
2.4868,4.1861,3
-1.6866,-3.547,3
-0.47155,1.3662,3
2.1001,5.9856,3
-2.7385,-2.4403,3
2.6107,-1.9988,3
0.40912,0.90433,3
1.3101,-3.7598,3
0.61317,1.3068,3
-0.25347,2.0413,2
-0.01705,0.93912,3
-0.59435,1.9451,3
-0.52681,3.8704,3
-0.65514,1.3805,3
-2.2309,-0.2132,3
3.0269,1.8523,3
0.30735,-2.6773,2
0.15781,0.49387,3
1.0992,2.5736,3
-0.15932,1.7139,3
2.4566,0.044817,2
-0.29628,1.4673,3
3.5361,3.8805,3
4.0541,0.67426,3
2.0137,0.53252,3
2.1693,-0.80138,1
-3.5851,-1.7544,3
-1.1699,3.8602,3
1.5358,1.3963,3
0.2836,-1.9315,3
0.84993,-0.44207,3
1.8513,-0.65256,3
0.83078,1.5658,3
0.86459,1.0658,3
-0.75173,2.7186,3
-0.99806,1.0669,1
-3.2149,1.3147,2
1.7951,2.9618,3
5.407,6.1088,3
-0.61831,-1.1612,3
4.3509,5.2434,3
1.5863,-0.87484,3
7.8718,2.277,3
0.41804,0.79587,3
-1.3456,1.2497,3
-0.72855,3.6581,2
1.1021,3.8708,3
1.3422,4.5609,3
-1.6348,0.54963,2
-0.57473,2.4879,3
-2.9695,-0.48481,3
-0.92455,0.97126,2
1.1492,-3.1023,3
2.57,4.4527,3
-3.0596,-4.5115,3
-1.6187,1.4576,3
-2.8483,0.11854,3
1.8984,2.9754,3
-0.94932,-1.4633,1
0.010913,-0.1522,3
4.3261,4.0076,3
0.99999,-1.336,3
-2.9727,3.5707,3
0.41744,1.2965,3
1.0821,-1.0749,2
-1.6097,2.6643,3
2.3041,0.92755,3
-3.3947,1.9974,3
4.2314,1.6894,3
-1.087,-0.23429,1
1.5346,-0.77881,3
0.37752,-1.4159,3
2.5094,0.82528,2
1.412,1.3819,3
1.5727,-0.46011,3
-0.60829,-1.9536,3
-0.35277,-2.0156,3
0.60747,0.78782,3
-4.2543,2.9374,3
-1.7003,1.5828,3
-2.8726,0.71726,1
2.6761,-6.0984,3
0.30344,-0.81038,3
-0.69109,-0.94643,3
2.3613,1.3997,3
0.95792,2.6895,3
-1.2925,1.5318,3
-6.3779,4.4846,3
1.0778,-1.2657,3
2.4707,0.09251,3
0.39336,-2.843,2
-0.1364,-1.2784,1
1.0778,2.5101,1
-1.7524,-0.11292,3
-2.8282,2.2077,3
-3.1679,0.78681,3
5.0459,0.40138,3
-5.3961,2.0432,3
0.50633,3.6359,3
-1.9933,0.030224,3
0.9586,-2.1236,3
0.90054,0.69612,3
2.5243,4.1631,3
1.8119,1.5291,3
1.517,2.0033,3
4.6335,2.2255,3
2.4777,0.39245,3
-0.064436,1.0947,3
4.2179,-1.794,2
-0.23787,1.678,3
2.0017,0.51743,3
-0.78001,0.033687,3
2.2133,0.68843,3
-0.58869,2.3701,3
-0.9354,-4.147,3
1.162,-1.021,3
2.108,3.1866,3
3.4187,0.098532,3
-0.97691,-6.5855,2
-0.75557,1.2729,3
3.1676,1.8145,3
-2.8204,2.8001,3
4.118,3.9616,3
1.8559,2.9747,3
2.3297,2.5289,2
2.1085,-0.45896,3
-3.4308,-2.1889,3
2.9163,-0.81373,3
-2.295,-0.60888,3
3.8886,5.4397,3
-3.5711,1.1892,3
1.3469,2.3219,3
-1.2347,-0.50468,3
2.6233,2.9085,3
1.7839,2.9435,3
3.0987,5.131,3
0.61371,-2.2024,1
-2.5847,-2.6495,1
1.7732,0.0091563,2
-6.6536,-0.49352,3
-0.958,-2.7759,3
3.0368,1.4448,3
-1.7625,-1.6262,3
2.045,-1.204,3
-1.4115,5.5515,3
-2.0132,-4.3918,3
-0.38638,0.24698,3
0.92734,3.0807,3
1.4258,4.4619,3
3.3427,2.134,3
-1.9231,0.87853,3
-3.767,0.61738,3
3.8421,2.4291,3
0.72034,-2.2305,3
1.8887,-1.1943,3
5.051,2.5163,3
-0.088792,3.1625,3
0.26003,2.9454,3
-1.3602,1.7392,3
1.0912,2.252,3
0.46826,-0.84778,3
3.5609,-0.19207,3
-1.5945,-0.12829,3
-5.2295,0.60638,3
0.58758,-3.422,1
3.1184,-1.5544,3
2.0357,1.2412,3
1.675,2.5678,3
-0.027193,4.2457,3
1.336,1.6957,3
4.5842,1.813,2
-1.637,-1.0092,2
0.93669,2.6913,1
-1.9477,0.11956,3
1.5531,-3.3091,3
3.5919,0.15532,3
0.069379,-3.7779,1
2.879,-2.2789,1
1.7209,2.152,3
-1.3346,-0.093855,3
0.85212,3.8021,3
0.35316,-0.64974,3
0.11538,0.79374,3
0.17109,4.7164,3
-0.22564,2.0878,3
2.8528,-0.24713,2
4.6696,1.5826,3
1.9142,-0.0024477,3
-3.2148,1.2652,2
-2.4955,-0.73671,3
-2.0349,0.43389,3
-3.847,-6.0241,3
5.9041,3.1115,3
-1.4041,-3.3818,3
-0.19417,3.7944,3
0.73406,0.89271,3
0.18634,0.55284,3
2.1394,-1.601,3
-3.4701,1.4537,3
-0.39253,-0.69747,3
5.6323,-2.0681,3
0.50333,0.037766,3
-1.6907,0.32984,3
-1.9933,0.43988,3
3.7514,1.9002,3
-3.9752,2.8767,3
0.85329,0.46688,3
-1.7802,2.2449,2
1.5491,2.7853,3
-1.1085,1.1793,3
3.0381,-3.8174,3
4.1247,-3.6227,3
0.23138,0.93572,2
2.0691,2.5062,2
1.2617,1.7239,3
0.4315,-1.6153,3
2.4377,-2.6303,3
4.2671,-1.7759,1
-1.3528,1.6194,3
1.2987,-0.83543,3
-0.46835,3.0903,1
2.7711,-0.65618,3
-0.42285,2.422,2
1.4397,-1.2741,2
-2.3229,0.22196,2
2.3418,1.4634,3
-2.1815,0.19578,3
-1.1301,-0.96594,3
0.53569,-0.61501,2
-0.8276,0.0045664,3
-0.30634,3.0976,3
0.98359,2.7347,3
-2.0865,-0.065231,3
1.3458,-1.7152,3
-2.8076,-2.5929,3
3.1211,1.893,3
1.9661,0.47397,3
-0.40762,2.4911,3
2.6643,4.7519,3
-0.86101,1.1574,3
-0.81323,-1.5232,3
-3.0634,-1.6382,3
-1.021,-4.7677,2
2.1471,1.1582,2
-0.75987,-3.2121,1
-0.66883,-3.3589,1
-2.2343,0.54321,3
1.5903,0.88091,3
-0.46235,-1.4655,3
5.4414,2.4431,3
-0.064647,-3.1295,3
0.62112,-2.4996,3
-3.6041,2.2685,3
1.9917,3.4025,3
3.1448,0.75118,3
-0.34978,-0.12358,3
1.7073,2.3478,3
0.91331,1.3249,3
1.018,1.5681,3
-1.3533,3.709,3
-0.4428,-1.5093,1
-3.5033,-1.458,3
1.6226,-2.2156,3
2.7179,0.62881,2
4.7855,0.4023,3
-1.2779,-0.39161,3
0.90857,-0.34316,3
-2.7017,0.36319,3
-3.0439,-2.1585,1
-1.785,4.8087,3
3.049,4.3517,3
2.6572,3.7156,3
-2.2558,2.4505,3
-0.71871,-1.2178,3
-2.2307,3.2574,3
3.2371,1.588,1
-3.9716,0.57516,2
-1.0645,1.8396,3
-2.2566,-1.3876,3
1.158,-2.4924,2
4.8774,1.17,3
-3.8487,3.5514,3
0.032365,0.16659,3
2.1608,-0.60977,3
-1.4173,1.8266,3
2.9446,1.539,3
1.3922,0.657,3
0.67219,3.2842,3
-3.7195,-1.3344,2
1.0022,0.23008,3
1.7432,1.211,3
0.3225,-0.059014,3
1.8305,4.0251,3
-0.60326,-0.93509,3
1.3183,0.46016,3
1.3779,-2.1124,3
0.40763,-0.12162,3
2.3294,-0.69202,2
6.3585,2.5243,3
1.0554,1.0597,3
-1.6147,1.4553,3
-0.52133,1.9633,3
1.6947,-0.73151,3
2.0897,1.875,3
0.48365,3.447,3
0.61623,-1.0082,3
3.3023,0.99489,3
-0.62594,3.402,3
1.124,0.88583,2
-0.84308,2.2447,3
2.3412,3.2412,2
-0.81667,-0.042304,3
-1.8626,-3.0763,3
0.64723,0.071319,1
1.5935,0.59192,3
-0.99308,-1.8392,3
-0.27324,-2.119,3
-0.53626,-5.6232,3
0.14603,0.78069,3
3.8601,4.6045,3
2.2566,-1.3576,3
1.7218,-1.3113,3
-0.55685,2.2819,3
0.31136,-0.16633,3
0.44317,0.038649,3
1.7196,1.5382,3
2.3132,-1.4458,3
2.8928,0.56683,3
0.97115,0.2716,3
2.8076,2.9984,3
-2.2443,-1.1691,3
-0.15668,0.55401,3
0.48255,1.2113,3
-1.042,0.92521,3
1.7781,-2.483,3
-2.6354,-1.0937,2
-0.099365,-2.6193,3
2.5884,-0.76058,3
1.1375,1.4024,3
2.5168,-0.79223,3
-1.3337,-0.48939,3
-0.74865,0.85834,3
4.1635,2.5698,3
3.1607,2.4415,3
-0.76958,-5.2116,3
-0.9502,-0.049989,3
-2.2155,-3.7171,1
0.94121,0.93929,3
-2.9835,0.4552,3
-1.2546,3.4504,3
3.5065,-4.7688,3
-3.6472,-3.6313,3
0.028947,-2.7467,3
-2.3764,-3.9909,3
1.0588,-0.65797,3
-3.8348,1.4144,1
-2.336,-0.67475,3
1.4216,-0.22258,3
2.3123,-1.2563,2
1.7595,1.6418,1
1.9075,3.9665,3
-1.8803,0.42759,3
-0.69625,3.1528,3
1.0033,2.9611,3
0.90011,-0.75795,3
-1.6341,0.85102,3
3.3268,1.8983,3
1.9917,0.00701,2
0.93123,1.7223,3
0.84631,-0.24616,3
0.71049,4.0777,3
0.84053,4.0946,3
-3.876,-2.5559,1
6.9112,-0.36916,3
-0.27602,0.55684,3
-2.108,2.0126,1
2.8206,-3.7169,3
0.42767,-4.0386,3
-1.4193,-0.42813,3
1.7861,0.75229,3
-3.1738,-1.5459,2
3.499,2.3462,3
0.72286,-1.142,3
-1.6711,-3.1352,3
-2.242,-2.257,3
-0.58665,0.13215,3
-2.575,0.080505,3
-0.19575,-2.2953,3
-2.1223,2.8543,3
0.70342,-0.65553,3
1.7289,-1.0172,3
-2.9745,-3.3126,3
-1.5059,-3.2071,3
-0.78144,-0.89122,3
-2.3368,-0.17723,3
2.2046,0.58525,3
6.157,7.1575,3
0.39655,-0.017834,3
-2.0574,3.3778,3
-0.12574,2.2433,3
-4.4133,1.3878,3
-0.49396,-2.0853,1
3.116,-1.1183,3
3.793,2.2328,3
-0.30519,-0.71288,3
1.1078,0.46133,3
-1.3451,0.44146,3
-0.76333,1.4573,3
-0.1794,-0.3829,2
1.955,4.1435,3
1.2361,1.2556,3
2.0023,1.3269,3
-1.1619,-2.3452,3
-3.8202,-2.8022,3
4.1798,1.7439,3
-1.7697,1.5786,3
0.0039816,1.0852,3
4.0579,1.6436,3
2.4929,1.5942,3
0.40298,0.67629,3
-0.26123,0.3584,3
2.3792,-1.1854,1
-0.00023274,3.5305,3
-0.33298,0.49192,2
-1.7714,1.0038,3
-0.1296,1.1688,3
-2.7401,0.3694,3
-3.6181,-3.8426,3
-1.6856,0.49424,1
-0.89757,-2.5673,3
0.73853,4.4649,3
2.4411,1.4035,3
1.7514,-1.1125,3
1.8073,2.1786,3
-1.5611,3.6022,3
-2.5138,3.4949,3
-0.61229,1.9014,3
2.5599,5.3585,3
3.2115,4.0033,3
1.8775,-0.88769,3
-0.76796,-4.1234,3
-1.6881,-1.935,3
1.8065,3.2855,3
-1.518,1.4001,1
2.0118,-0.22102,3
0.98417,-0.2913,3
1.7014,-0.85362,3
-0.86714,-1.1387,3
1.72,2.6297,3
1.4515,2.314,3
2.2467,-1.4945,3
1.7182,4.0744,3
-2.8793,-0.66963,3
-3.1103,1.3627,3
-2.8038,1.2941,2
-2.7421,-2.9693,3
0.92529,-1.765,2
-3.045,2.6481,3
-1.4262,0.17965,3
2.362,0.069928,3
3.7136,0.61131,3
4.079,2.2932,3
5.7157,3.176,3
2.3571,-1.4865,3
-0.061347,1.8831,3
1.212,0.043302,1
7.7239,1.7966,3
-2.8408,-3.2521,3
-0.70492,4.8271,3
2.0196,0.68801,3
0.42759,2.6542,2
1.9036,-1.1931,2
3.7199,-3.7538,2
0.77114,-2.2839,3
-4.0921,0.16833,3
0.98488,4.6336,3
0.75645,1.274,3
2.05,1.9115,3
-3.9458,1.7766,3
0.97735,-1.2009,3
-2.4297,-2.352,2
-0.22773,-4.0252,3
1.3077,-0.48602,3
0.3529,2.0555,3
-1.3978,1.0667,3
3.4319,-3.3239,3
2.4556,1.6792,3
1.445,-0.31222,3
-0.10486,-0.11409,3
0.6597,-3.9779,1
5.8598,-2.7396,3
1.6426,0.097389,2
0.73979,-0.49306,3
1.8392,3.7851,3
0.89676,0.38007,3
-1.9721,-3.0701,3
-1.6714,-0.95612,2
3.5253,2.9283,3
2.3813,-0.8393,2
0.032205,-1.6607,3
-3.0023,-2.6491,3
-4.7915,-1.7094,3
1.626,0.80141,3
-0.27922,2.9974,3
-0.74532,-4.9091,3
1.6776,0.41818,3
2.4186,-0.083962,3
4.4303,0.093079,3
2.458,3.0264,3
-0.21669,-1.1748,3
1.4213,2.1262,3
2.1381,-2.183,3
-0.29765,-2.0321,3
2.2642,1.4,1
3.7718,5.3333,3
1.4526,2.6931,3
1.6129,-2.0582,3
1.5054,2.1856,3
3.0901,0.79535,3
2.4681,2.351,3
0.30403,2.2653,2
4.6731,5.1476,3
2.2017,-1.16,3
-1.9057,-0.51731,2
-0.78064,1.0713,3
3.2238,1.4304,3
-0.79745,2.8592,3
4.4967,2.4704,3
0.76985,-1.8141,3
1.0927,1.7583,3
-3.4815,0.32348,3
-0.50904,-1.5939,3
-0.30476,-0.75217,3
2.2005,-0.60785,3
0.74071,-0.48199,2
4.2127,-0.3202,3
1.5819,-2.3966,3
0.46739,3.5781,3
-0.34587,1.3568,3
-1.6173,-1.4918,3
-1.1529,-1.9833,2
0.12331,-0.25547,3
5.392,0.94726,3
-3.2752,-1.3467,3
0.34109,3.9134,3
2.6146,-0.46774,3
3.022,3.7171,3
-0.1714,-1.9472,3
0.94007,-2.102,3
1.4304,-0.92296,3
-0.7167,-2.8401,3
0.7705,3.1869,3
3.0383,3.4422,3
-3.7166,-0.9663,3
-0.43312,1.4972,3
0.31638,-2.1501,2
0.35266,-0.74485,2
-1.3846,-0.0028456,3
-2.4076,1.012,3
-1.374,4.5283,3
-4.4509,1.1199,3
0.10444,-0.070771,3
0.66025,4.7944,3
1.2926,-1.914,3
2.0519,0.84643,3
0.15398,-1.8174,3
3.1901,3.1188,3
-2.5926,-1.2125,1
-1.2421,0.22057,3
-0.088605,0.69701,3
-0.21505,2.6915,3
-0.4007,-1.3911,3
-2.1839,3.401,3
1.5055,-0.3355,3
-0.11922,-2.6484,3
-0.16775,1.402,2
1.9874,0.71114,3
0.99062,0.33097,3
1.1694,0.78433,3
-0.47467,-1.247,2
2.7397,-0.85637,3
-1.5958,1.0476,3
0.023774,3.3637,3
-2.5098,3.9389,3
-1.8457,0.79141,2
-3.8202,-1.0584,2
-1.5476,-0.48892,1
-0.97456,0.37846,3
1.8854,1.2355,3
3.2814,1.9269,3
0.95265,-0.90859,3
0.54241,-1.22,3
-2.1883,3.5425,3
-0.093254,2.1689,3
1.8523,2.544,2
-0.76098,2.0272,3
-3.289,1.9435,3
0.29133,-0.14438,3
-0.94446,-1.4411,3
-2.4297,-1.7319,3
-0.24793,-1.5668,3
-1.9494,-2.3867,3
-1.2562,-1.7084,1
-1.7568,-3.605,3
2.1058,-3.1993,3
-0.3899,2.7167,3
-1.7232,2.0461,3
-1.9696,-1.3319,3
-2.4629,-0.11853,3
-0.083346,-1.0788,3
-3.5877,-1.8043,2
-0.010834,1.7516,3
3.6183,1.7299,3
-4.4336,-2.5811,3
3.8741,0.81329,3
1.4813,1.8868,3
2.1876,1.31,3
1.1684,1.4967,3
-1.3801,2.573,2
3.5613,1.7622,3
-0.89191,0.033099,3
-3.7894,-2.1073,3
-0.83071,-3.2629,2
-2.2804,-1.3542,3
1.1321,1.5708,3
-1.8477,-0.88611,3
0.32322,-2.6053,3
-1.2647,-1.264,3
3.3832,-0.2434,3
-1.6362,-0.3199,3
0.90136,0.25448,3
-2.2744,3.3803,3
1.082,1.1492,3
1.1949,-3.7398,3
-0.23193,-0.22298,3
-0.66259,-2.0378,1
0.53633,0.26095,3
-1.0584,1.1088,3
1.5212,-0.094252,3
0.374,1.7517,3
-2.7692,-1.1303,3
3.8021,1.8857,3
1.9574,0.43828,3
-1.5559,-0.49938,3
1.9898,-1.4411,3
-2.7256,1.227,3
-0.49717,1.783,2
0.052364,2.2702,3
2.4618,-0.10179,3
-0.51568,-2.7106,2
-1.7777,2.636,3
1.6335,4.7488,3
-0.2846,-3.7416,3
0.038097,-1.1918,3
1.8776,2.7448,3
0.14852,0.48846,3
-0.50728,2.1163,3
-1.445,-0.11701,3
4.0629,-1.8231,3
-0.87175,0.82371,3
2.8421,2.6006,3
-0.36246,0.37965,3
-3.1602,-1.6833,3
2.9115,0.11367,3
1.6658,1.2196,3
3.9302,4.4365,3
-4.4667,-2.5487,1
0.82316,0.076639,3
1.5434,-0.096321,3
-0.32582,1.0219,3
1.9739,2.6228,3
-1.2691,1.0048,3
0.74403,2.5445,3
3.0574,3.3686,3
-1.7746,-0.4009,3
-0.16389,-2.8308,2
1.6223,4.8818,3
4.6826,-1.2197,3
1.2097,-2.7719,3
0.64773,-0.68935,3
2.974,1.2817,2
-2.78,1.3159,3
0.66409,0.15749,3
0.12062,1.33,3
0.51394,-1.8563,3
-2.1142,-1.7899,3
0.97475,-0.16421,3
1.184,4.0797,3
-0.0706,-0.18807,3
-1.9921,-1.6367,3
-2.0362,1.071,3
-2.3933,3.025,1
1.7319,-0.84453,3
4.1787,2.5314,3
-3.1991,0.018083,3
1.3791,-3.9303,1
4.4873,-3.1813,3
2.5485,3.9334,3
1.4225,0.23597,3
2.2247,-2.3357,2
2.227,-1.2305,3
1.7359,-1.628,3
3.8077,3.1019,3
-0.40491,4.0356,1
5.9267,5.5095,3
0.11249,1.953,3
4.266,-3.2985,3
6.2419,3.2715,3
-1.8653,3.5837,3
-2.5816,0.19774,3
2.312,0.85623,3
0.55181,0.1273,3
1.2763,-1.4734,3
-3.6524,-1.3633,3
3.1828,0.95925,3
-2.7849,-4.5959,3
0.93229,2.9679,3
-0.54515,-0.87913,3
-1.5685,-0.096841,3
-0.41588,2.3314,3
-1.3885,0.07778,2
4.7587,0.91818,3
-2.5735,2.6112,3
0.30237,-3.8934,3
-2.5168,1.3707,3
4.1739,-0.036598,3
1.7131,-0.96059,1
3.3052,0.53123,3
-3.1468,-0.86839,3
2.936,-1.1402,2
-1.2067,-2.3927,3
-0.34319,-0.13247,3
-4.881,-3.1901,2
-0.98534,-0.92313,3
-1.1874,-1.2491,2
3.0044,1.8534,3
0.11538,0.71785,3
2.0655,-3.9802,3
6.2318,-4.3838,3
-3.2209,-0.32695,2
1.5134,-0.86996,3
2.913,2.8296,3
-0.92585,-2.1004,3
1.7732,-4.3629,3
2.8277,1.903,3
-0.19508,1.5883,3
-0.48446,-1.2774,3
0.018878,-0.38639,3
2.7525,-1.2389,3
-1.239,0.49921,3
-0.38214,-0.043635,3
0.85129,2.1811,3
0.35145,1.9168,3
1.1242,-0.52429,3
4.8393,0.54399,3
3.8358,-0.1898,3
0.68926,1.9863,3
-2.2806,1.6776,3
0.82649,-1.6725,3
-0.5533,0.34011,3
-0.30629,2.0344,2
-0.88777,1.3956,3
0.75417,-0.10896,3
0.37828,-2.6245,3
4.3354,0.89967,3
0.16706,-1.1371,3
1.924,0.61095,3
2.3015,2.5157,3
1.5408,0.087057,3
-0.60463,0.80535,2
-0.04859,2.4872,1
-1.0731,-1.4892,3
1.684,1.6477,3
-3.2608,1.2661,3
1.2621,2.7845,3
1.3631,-0.34314,1
-1.5714,1.5791,3
-0.76955,0.4544,3
3.437,-0.45621,3
-1.2411,0.17142,2
3.0636,1.2475,3
0.37967,-1.854,3
2.251,1.9744,3
-4.7196,2.1209,3
-0.47722,1.9693,3
-2.5873,-1.9814,3
-2.5723,3.2034,3
1.3365,-3.2051,3
2.274,0.50672,3
0.1346,0.020165,2
-2.3085,2.8464,3
-4.3194,4.2984,3
-2.5519,-0.61459,3
0.5337,-5.6876,3
-3.3007,-4.3575,1
4.5904,3.1774,3
0.36312,-2.1979,3
1.2177,1.1484,3
0.80222,-0.068878,3
-1.8498,1.1011,3
-2.2377,1.7813,2
1.3513,-0.82338,3
2.107,1.1934,3
0.79549,1.3855,3
-1.1409,-2.1736,3
-1.0245,-0.3081,3
1.6182,1.2165,3
0.07178,3.1243,1
-2.0834,-3.4963,3
3.6174,-1.3634,3
-1.267,-2.469,3
2.3512,0.29617,3
1.4336,-0.38443,3
3.7261,1.5898,3
4.4406,4.1566,3
-0.9625,0.69557,3
3.9521,2.8284,3
4.151,1.0708,3
2.1307,7.8602,3
-1.3778,6.3281,3
-2.9314,3.2405,3
2.0164,2.9698,3
-4.018,0.52358,3
-2.5121,0.89257,3
-0.87334,-0.95257,3
2.3065,-1.3626,3
1.593,3.514,3
2.0531,6.1076,3
2.7729,2.1532,3
1.2171,-1.4792,3
2.736,3.5039,3
-2.4476,0.048336,3
1.5985,1.1305,3
0.28928,-0.057822,3
-1.4238,0.37406,3
-1.968,2.1194,3
1.8229,1.5796,3
-5.4126,-0.47746,1
-3.2875,-2.5659,3
0.46046,1.4977,3
2.3771,-1.3329,3
1.8743,1.9225,3
-0.56927,-2.6569,3
2.5757,3.5889,3
0.921,-1.6619,3
-2.1568,2.502,3
0.73935,0.5292,3
-0.79295,-0.87693,3
-2.4927,-0.47404,2
5.207,2.5729,3
-0.29688,0.50255,3
-2.1438,-0.4246,3
-1.2638,0.70193,3
-0.79176,0.95755,3
3.7527,-1.8334,3
-3.4306,-3.3279,3
1.9371,2.0817,3
-1.8213,-1.0342,3
2.3628,1.3203,1
3.9057,-1.1309,3
4.4563,1.6916,3
4.382,-0.43617,3
-2.1541,4.0889,3
1.2558,-1.4162,3
-1.2501,1.0221,3
4.8331,7.4247,3
1.3855,1.0843,3
0.095019,1.3488,3
-1.6044,-4.5614,3
3.2824,0.63114,3
-1.0665,2.7209,3
-0.40238,0.36127,3
2.8033,2.9129,3
0.73282,-1.8786,3
0.40272,-1.1085,3
0.075953,3.6716,3
2.3016,0.71414,3
0.12195,-1.1242,3
-2.1215,1.6435,2
3.4448,1.0546,3
2.2309,-0.59504,3
3.2593,1.4139,1
0.45458,1.0416,3
0.45061,0.092791,3
-1.9744,0.54928,3
0.53334,-0.32257,3
-0.93966,2.8044,2
-0.21259,3.5267,2
-0.82955,0.27371,3
0.016992,3.6295,3
-0.34189,0.36975,3
-1.0511,3.384,3
1.9947,0.11883,2
0.54466,2.3622,3
-1.4657,-2.3799,3
-3.7718,2.0237,1
-2.2148,-1.5136,3
3.2237,2.1159,3
0.32944,3.4747,3
-2.5235,1.2807,3
-3.3222,-0.85304,3
-0.12957,2.1218,2
-2.7599,1.2135,3
-1.1389,0.075436,3
2.2973,0.30605,3
0.5219,3.6032,3
2.6377,5.8023,3
2.3853,2.472,3
0.43461,0.57844,3
0.80723,7.2452,3
1.2304,-3.2681,3
-2.6688,3.9969,3
-0.97984,-2.4691,3
1.6463,-2.1659,3
3.2077,2.5776,3
1.4746,-0.96102,3
3.303,-0.37994,3
1.0454,2.2332,3
-1.4658,1.8899,1
2.5132,2.812,3
-1.5839,2.5913,3
-0.11954,-0.35648,3
3.2023,1.7471,3
1.6012,0.91592,3
4.0725,3.9626,3
0.25981,0.57742,3
0.5234,-0.52287,1
-0.76656,2.7763,3
1.7997,1.9064,3
4.1545,-2.6729,3
3.7212,2.9199,3
-1.5793,1.3339,3
1.1295,-1.0721,3
0.83882,0.010729,3
-0.91347,2.6763,3
-0.22909,2.518,3
1.7399,2.5347,3
1.7025,4.0772,3
0.61559,-2.2392,3
1.7216,-0.92102,2
-0.93853,-0.3428,3
-1.4705,-1.3751,3
1.3174,2.5137,3
-2.3022,2.4733,3
-2.2903,6.6537,3
-0.28616,-1.767,2
0.89379,1.0234,3
0.070002,-4.6252,3
-3.2074,2.1871,3
0.91786,4.842,3
2.7361,-0.10155,3
-0.59872,-1.5183,3
-0.14873,-0.027869,3
0.085604,3.3097,3
-0.089066,-0.099846,3
2.9884,-2.2439,3
0.21621,2.8261,3
1.3343,1.9166,3
1.7345,2.48,3
3.9885,1.6055,3
-2.5513,-1.2833,2
-0.53616,-1.4321,3
-2.1484,-0.18415,3
1.1199,-1.6594,3
2.6785,-0.072064,3
-3.7108,0.74533,3
2.2331,-1.2271,3
-2.9789,-0.11465,3
-2.0767,2.0043,3
2.5486,1.0108,3
0.96778,-0.69481,2
3.5123,0.34695,3
-1.3318,0.36702,3
-0.31894,-1.8239,3
-5.8345,-1.8477,3
2.2263,0.81377,3
1.2767,-1.1053,3
0.63292,1.4203,2
-0.99401,4.556,3
1.3032,-0.73911,3
-0.48274,0.95173,3
-1.2584,-2.0155,1
-1.0178,-1.6077,3
-1.1601,2.0266,3
-3.1345,1.2657,3
-0.96628,1.7205,3
-2.9887,0.11794,3
-0.49114,2.7717,3
2.4734,-1.9966,3
0.42732,-0.39821,3
2.8969,2.9587,3
3.1114,2.0883,3
1.6825,-1.3958,3
0.80162,-1.5855,2
1.5578,2.5604,3
-2.7252,-0.48438,3
1.1418,-1.563,3
1.893,-2.6871,3
0.35856,2.7063,1
-2.8904,-1.3949,3
4.7351,-4.0561,3
4.9363,3.3707,3
0.98942,3.3902,3
4.3236,4.668,3
-2.8677,-1.7069,3
0.56562,1.5978,3
-4.7185,-2.6834,3
-0.41905,1.6346,3
3.6227,-1.7029,3
1.4656,0.74105,3
-2.9688,-0.86248,1
-2.4985,-0.55955,3
1.7426,-0.55469,3
-1.7882,-0.78635,2
0.72525,0.61468,2
1.5057,1.9544,1
0.066381,0.84323,3
3.3758,1.6635,3
0.12158,2.2693,3
-0.35207,0.79773,3
1.9582,1.7463,3
-1.2608,-2.24,3
2.8795,4.3993,3
0.72442,2.6859,3
-1.8429,-0.24622,3
-0.21448,3.1012,3
0.66265,0.27215,3
3.3505,2.5696,3
0.83925,-0.94583,2
2.5101,0.98639,3
0.14334,0.69215,3
3.3446,1.8234,3
0.30483,-2.8175,3
-1.6934,-2.6772,3
1.4741,5.8285,3
1.5904,-4.1838,3
3.1271,-0.96497,3
4.5285,3.0438,3
-3.6556,-2.3573,1
-3.6425,-1.9391,2
-0.52078,4.5348,3
-0.84682,2.0798,3
-0.60402,0.60021,3
-0.96239,0.48508,3
1.9624,0.49564,3
-4.2101,-0.61938,3
3.8328,-1.7817,3
0.33328,-2.4972,3
0.40799,-2.7247,2
-4.2484,-0.7312,3
1.4053,0.87656,3
1.1001,1.8483,3
7.0458,0.23993,3
-0.31751,1.9977,3
1.2233,0.27227,1
-0.61872,0.048022,3
-1.9652,1.1277,3
1.2524,-1.6146,3
-3.8461,-2.2431,3
-2.1395,-4.3639,3
1.9488,1.947,3
3.9819,1.6093,2
-0.99371,-0.017679,3
2.0273,0.27559,3
3.0139,-1.0512,3
2.8391,-0.94865,2
0.24808,-2.8973,3
-3.722,0.28097,2
0.047674,-0.15025,3
-3.9256,-4.9181,1
2.7006,0.24539,3
2.0994,2.0555,3
1.1598,2.6692,3
-1.3808,5.7961,3
2.0022,-3.2019,2
1.1483,0.3278,3
-0.22781,-1.0087,2
3.2591,1.4915,3
4.6529,0.38302,3
0.71035,0.64458,3
2.5,0.32432,3
-2.387,0.85046,3
-0.088319,0.63081,3
2.3763,1.7179,3
0.43898,1.6431,2
0.48176,0.14876,2
-0.76316,-0.66482,3
0.90976,4.6634,3
-2.1931,-1.8281,3
-0.083027,0.4282,3
-4.7756,0.38039,3
-1.7555,-2.7706,3
3.2183,-2.8312,2
-3.5158,-3.5809,3
2.6033,-1.1238,2
-1.0001,3.1526,2
-2.8091,-0.95227,3
0.95701,1.9928,3
-3.6568,1.7635,3
0.0011471,1.1607,3
-2.5631,2.6648,3
-2.5595,-0.86809,3
-0.42631,-0.84742,3
1.5509,0.2344,3
3.868,-5.234,3
0.14707,-0.45452,2
-5.8008,1.6402,2
-0.8082,-0.3077,3
-0.14589,-3.3711,3
0.12307,3.3945,3
-0.46699,-3.1247,3
1.8176,-0.64858,3
-0.66056,-4.1251,3
-0.83526,3.5189,3
-2.7559,-1.0547,3
-0.48298,1.9981,3
-1.4798,-2.9012,1
-2.2099,-2.6078,3
-0.44031,2.5582,3
-2.6467,-4.2124,3
4.4418,1.1598,3
1.8755,-2.7401,2
-0.11128,-1.3934,2
-0.5743,-0.40247,2
-0.077255,-0.19308,3
1.9427,0.5952,3
-1.2013,-1.3481,3
4.4879,-1.1055,3
0.35202,3.6809,3
3.5468,0.34107,3
-0.83104,-0.27049,3
0.81078,-0.35071,3
2.1535,1.2156,3
-4.2302,-2.5979,2
0.89574,-3.2004,3
-0.92633,-3.326,3
3.1915,-3.2976,3
1.3115,2.6914,3
-0.48398,2.6211,3
-4.8944,-0.37253,3
-0.63161,2.3046,3
0.3749,1.1887,2
1.8241,1.969,3
-0.77863,-0.54058,3
-1.5173,-3.2883,3
1.5678,3.4242,2
0.92041,0.97691,3
-0.41993,-0.20432,3
2.1029,1.2533,3
-2.1929,-0.26147,3
3.2507,-1.9005,3
2.0565,1.2651,3
-0.65543,1.102,3
5.9852,-1.4658,3
-1.0807,1.4928,3
0.59249,-1.6966,3
1.2569,-0.55378,3
3.6814,2.2575,3
-2.5756,0.22688,3
2.5265,2.1769,3
-0.63055,0.74992,3
1.9986,2.3699,3
0.56551,-2.4896,3
1.5606,2.3901,3
0.93698,0.74706,3
1.4934,4.6743,3
-5.3837,-1.6983,3
-0.73594,0.89167,3
2.2521,0.50361,3
2.5757,1.71,3
2.8445,0.213,3
0.71493,0.49585,3
0.12838,-1.1303,3
-3.2598,1.1147,3
0.28798,4.456,3
-0.26112,-0.7018,3
2.3129,4.1722,3
-2.5536,-1.2697,3
-2.3676,0.086969,3
2.5815,1.8544,3
-3.1211,-0.79461,3
2.9519,0.080673,3
3.0305,0.87462,3
-6.7844,-0.68543,3
0.25165,0.60883,3
0.19263,2.8655,3
0.1288,-1.6758,3
-1.8552,-1.1106,3
-1.5794,-0.2219,3
-0.17208,-3.192,3
0.63856,1.8334,3
1.4009,2.15,3
0.9349,0.83764,3
-1.7376,0.85705,3
1.5359,2.0943,3
3.9379,0.38942,3
-1.1428,0.21291,3
-0.99199,-0.5118,3
0.85171,1.8189,3
6.09,3.4432,3
1.5928,3.3189,3
0.50594,-4.2303,1
2.3778,-1.6698,2
-0.55589,3.315,3
1.3941,0.80836,3
-0.92153,1.0024,3
2.3011,1.1099,3
0.21725,1.6519,3
-3.2454,-1.4175,2
0.26848,-0.72938,3
3.2328,-0.75712,3
0.56739,0.66346,3
1.5464,1.029,3
1.5176,-1.4778,3
2.3247,3.2284,3
3.279,1.9483,2
-0.14125,-0.13802,3
0.059227,-0.17111,3
-0.047636,2.1266,3
-1.9784,1.6597,3
-0.095147,1.0725,2
2.1676,1.7052,3
-1.6961,1.2507,3
-0.92827,-3.5494,3
-1.0929,-1.0341,3
3.8098,3.7004,3
3.7668,3.9227,3
1.2219,1.3543,3
4.9526,1.8632,3
0.87732,1.9758,3
-2.1165,-1.4758,3
0.0021181,-1.0321,3
-1.5442,-3.9996,3
-2.4415,-0.14035,3
-2.1102,-0.042194,3
-1.5339,1.0579,3
-1.0242,0.16877,3
2.9174,-0.51507,3
2.4148,0.081418,3
2.0836,0.1442,3
1.3487,-2.0246,3
1.4385,1.2237,3
3.2963,-1.3968,3
3.0661,-2.2879,3
-0.89912,-3.5961,3
0.44662,-0.57874,3
-0.14753,3.9755,3
-0.019413,-0.63394,3
-4.3049,-1.3027,2
4.1168,3.4122,3
0.23733,-0.48789,3
4.4403,3.0894,3
0.74258,0.44032,3
-2.8387,-3.8983,3
1.689,3.0176,3
0.26928,4.9659,3
-3.1279,1.0241,3
0.097901,-0.48358,3
0.011482,-1.832,3
2.1535,1.3795,3
2.6829,-1.877,3
-1.8064,-0.85636,3
-0.16418,0.43054,3
1.1362,-1.3151,3
-0.17216,0.39219,1
1.6793,0.95833,3
0.21988,-1.9328,3
3.7884,1.3096,3
-1.0536,-0.5214,3
-0.43646,-0.075097,3
-0.41394,-4.4395,2
0.57029,-0.28977,3
-1.0923,1.971,3
-1.5093,-0.015993,3
1.3877,1.3891,3
2.1757,0.92729,3
1.1687,3.5645,3
1.1217,2.7284,3
-1.8418,0.78589,2
0.76968,-0.079203,3
-3.6652,2.5529,1
-0.16779,2.623,3
-0.60836,0.0032582,3
6.0449,1.2636,3
-0.3228,6.1002,3
1.9473,2.2256,3
-2.2178,-5.3629,3
-1.6005,-0.11954,3
0.3249,0.37429,3
1.9369,-1.16,3
1.1667,-3.1851,3
-0.026338,1.8363,3
4.2798,-0.91347,3
1.4731,1.6636,3
-0.51409,0.21184,3
1.5276,2.3203,3
2.2976,2.6788,3
-0.26006,-2.5218,3
4.0638,0.82345,3
0.11207,2.8369,3
-2.2621,-0.81477,3
-0.99905,-3.8494,3
-0.48848,-1.8548,3
-1.8017,-3.1949,3
1.3938,-0.47411,2
0.20736,-1.0994,3
-4.0355,1.5723,3
3.3485,-2.1286,3
-2.9774,-1.2713,1
1.8556,0.1805,3
4.6994,0.91094,3
3.1896,-3.2102,3
3.8398,2.7297,3
1.0674,2.0677,3
-0.24449,-1.3706,2
3.4053,2.0622,3
-0.78947,-0.1673,3
-0.21687,-2.7197,3
-0.65097,-0.69786,3
1.8123,-1.131,2
-1.4981,1.8241,3
0.84013,2.2291,3
0.86914,-1.6784,3
4.0234,2.6116,3
3.9727,3.7588,2
1.4546,2.046,3
1.755,2.5101,2
1.9744,1.2345,3
-0.65202,2.5632,3
2.6624,-1.5624,3
-0.56493,0.39646,3
4.0669,2.3466,3
-0.22473,-2.0128,3
3.2733,1.293,3
-0.075137,-0.42813,3
1.1774,-0.071939,3
-4.2577,-1.3716,3
1.6077,1.1379,2
1.3712,-3.5736,3
1.4202,3.896,3
2.8856,-0.077066,2
-0.3685,-1.1737,3
1.5803,0.17612,3
1.4553,-0.82041,3
-0.04917,1.1754,3
1.5008,5.9296,3
0.87794,1.6116,3
1.8312,0.55189,3
-1.9846,0.71931,3
-1.5676,0.71492,3
1.0462,-3.6814,3
1.5126,1.4939,3
2.5906,-1.047,2
2.8035,2.6439,3
2.01,-0.39864,3
-0.43579,-1.3628,3
-4.11,-2.1423,3
0.71945,1.8896,3
0.22984,2.1974,3
-1.8926,3.1905,3
-2.0248,-2.3441,3
0.32202,0.077347,2
1.5779,-1.419,3
-0.66094,1.1494,3
0.06389,-4.5834,3
3.8926,1.4555,3
0.2747,1.4556,3
-3.7529,3.0823,2
-1.3171,-2.2229,3
1.962,1.0598,3
4.7251,3.9245,3
4.6839,0.23812,3
-0.79063,-2.5741,3
1.85,2.5846,3
-0.5183,0.25596,3
0.99108,3.4414,3
3.5726,1.1436,3
0.17125,-0.5263,2
4.7374,-0.80512,3
-5.8686,0.1156,3
2.4937,2.3958,3
0.12765,-2.0697,3
-1.2972,0.034504,2
0.13116,-2.1062,3
1.8867,2.3319,3
-0.59776,-0.40924,1
5.1937,1.9291,3
0.56693,1.9623,3
1.5533,2.5346,2
4.6113,-0.60953,3
2.1129,3.2124,3
1.1546,4.4196,3
4.4721,3.0014,3
0.52536,2.7182,1
-0.96829,1.5802,3
0.01185,5.9464,3
-2.29,-0.029602,3
2.2145,0.092199,3
3.1331,6.1887,3
0.65292,-0.57536,3
-3.4598,-2.9599,3
3.0438,-3.6907,2
0.22645,-0.11122,3
-5.1338,-1.5712,2
1.805,-0.58795,2
-1.9732,3.1174,3
-2.4349,1.1496,1
2.4685,2.4901,3
-0.24967,1.2431,3
3.0714,5.5964,2
-0.26214,-1.3707,3
-3.426,0.51394,3
-1.1343,-0.57331,3
-1.3649,1.4251,3
0.15357,1.9067,3
2.6123,0.052898,3
3.7594,0.12364,3
0.55845,-2.4656,2
-0.66571,-3.3452,3
-0.25222,-0.61047,3
1.8583,3.5802,3
1.8519,1.0231,3
-3.6702,1.9935,3
-0.81877,-0.98081,3
-2.4078,-3.1179,3
-0.89627,1.9823,3
-1.4814,0.23448,1
2.978,2.8351,3
-0.94465,-0.1643,3
0.42141,-1.591,3
0.041691,0.51272,3
1.2318,-2.5786,3
0.20301,1.1072,3
-2.1505,-0.45899,3
0.18157,-3.7426,3
-2.8252,-0.68698,3
-0.41058,-0.089998,3
1.3335,-3.4357,2
3.9082,-0.95613,3
0.088973,2.0269,3
1.5916,-0.35207,3
-1.6913,5.389,3
-2.6832,-0.55126,3
-0.92769,2.0335,3
-3.7353,-1.8001,2
0.912,-1.9802,2
0.39121,0.073002,3
2.0702,0.19346,3
-0.23694,-2.0296,3
-2.2715,0.98606,3
2.442,3.8576,3
0.0031671,-1.0686,3
-1.2787,0.28614,2
-0.11687,-1.0891,2
0.14302,1.9439,3
-0.22301,0.91568,3
2.3387,1.0217,3
1.2499,0.41713,3
0.70673,-1.3791,2
-2.634,1.7927,3
2.7249,0.040639,3
1.7394,2.45,3
1.9392,-0.14656,3
0.52384,0.48526,3
-1.1579,1.8816,3
1.3294,-0.59773,2
-3.3607,-5.1692,1
2.363,3.2487,3
-1.3648,1.2888,2
0.15426,-0.44332,3
2.7177,0.68939,3
2.2561,-3.62,3
-0.18146,-1.7528,3
-0.54981,-0.88006,3
0.6129,2.1576,3
-1.1617,0.81323,3
1.4355,0.4654,3
1.7882,-3.9237,3
-0.35944,-1.5381,3
-0.16807,1.5218,3
6.2961,0.578,3
-2.5671,0.53229,2
-1.9581,-0.94306,3
-3.0911,1.3899,1
0.10226,2.7973,3
2.6168,0.16958,3
-0.051463,-0.21574,3
-2.222,-2.0343,3
1.8497,2.1576,3
-2.3234,-1.6478,2
-0.87784,-0.72393,3
0.47536,-0.94104,3
-0.0075436,-3.4382,3
2.1975,0.93082,3
1.6337,7.5166,3
-5.2858,-2.5118,2
-3.1104,0.11967,3
1.8913,-1.3069,3
-0.064537,-0.69283,3
1.1991,0.17894,3
5.6724,5.5776,3
0.8634,4.4317,3
1.1729,-0.52928,3
-2.663,-1.6105,3
-0.32358,2.1662,3
5.2541,3.0478,3
-3.0593,-3.5091,3
0.48039,-1.6555,3
3.8658,3.3502,3
-0.46305,-0.63142,2
0.16676,0.96941,2
2.4405,1.0849,3
-3.114,-1.3191,3
-0.9404,-4.8934,2
-0.69635,-2.851,3
-0.77861,-2.8551,3
0.82252,-1.0321,3
-2.2132,0.57474,3
-4.6397,-1.4017,3
-0.03808,3.2086,3
-1.0194,-1.4193,3
-3.5757,-3.6359,3
0.047529,0.54163,3
-1.179,1.2988,3
-5.2547,-0.72465,2
1.6957,1.2631,3
-1.2394,2.4938,3
1.4808,-0.90111,1
0.30511,-2.9047,2
-1.4713,3.1733,3
-1.3033,2.3522,3
2.0776,0.26968,3
-0.92991,3.0305,3
2.1348,-1.1523,3
1.3452,-0.44955,3
1.3065,2.686,3
-3.8495,-1.297,3
-0.94962,-2.4726,3
0.8682,1.0723,3
3.6401,3.6941,3
0.65249,2.7571,3
-0.44693,0.38033,3
0.14449,2.9358,3
4.9379,0.35302,3
-1.21,0.74446,3
-1.7724,-2.0668,3
-2.0452,-1.5671,3
3.6,1.7514,2
-3.0128,-1.8579,3
1.1558,5.2455,1
0.71196,0.38437,3
2.5187,1.4295,2
0.38455,-3.8265,3
5.5912,5.079,3
3.8102,-4.325,3
-0.11857,-1.7156,3
-1.4068,1.1937,3
3.9908,3.3444,3
2.8555,0.51015,3
0.034572,-0.21379,3
-0.82587,-0.78541,3
-2.0451,-0.2263,3
3.5352,-2.4529,3
-2.6091,-0.48685,3
0.8267,-2.0907,3
0.11876,-3.9203,3
-1.7216,-3.9743,2
0.79975,-0.91817,3
0.72101,-2.0341,3
2.2081,-0.35742,3
-0.93499,3.4417,3
-1.6142,-0.32313,3
-2.6082,-1.0869,3
4.8987,4.9321,3
0.75906,-0.91291,3
-0.98001,1.8676,3
-0.40956,-0.28619,3
0.80756,1.8588,3
2.1707,-1.4806,3
0.33907,5.821,3
0.18943,2.2593,3
2.5132,1.4803,3
3.4337,-2.6067,3
4.1596,-0.14238,3
-2.4276,0.40707,3
0.80479,6.1488,3
1.2871,-1.1223,3
-0.49062,2.3719,2
-0.26887,-0.40073,3
-0.29263,-0.83778,3
0.68578,0.43897,3
-0.68699,0.82946,3
-1.7571,0.31086,3
-2.743,-0.3881,2
-0.35394,1.6416,3
0.22654,0.97843,3
-0.17746,1.0498,3
1.2909,3.1311,1
0.30564,2.6135,3
2.1339,0.96405,3
0.011657,7.3671,3
-2.6007,-0.66039,3
-1.6986,-3.0952,3
0.87592,-3.8633,3
2.0183,3.4339,3
-0.46374,2.0144,3
-3.7738,-2.4581,3
4.8391,0.65306,3
-3.4995,-0.12318,3
-0.79002,-7.2542,3
2.9681,0.19747,3
3.9582,2.4007,3
-0.55115,-1.0488,2
-1.561,-1.6783,3
-1.3308,-1.46,2
-3.381,-1.7742,3
1.6835,-0.45478,3
3.348,-1.3579,3
-1.6163,-0.54665,3
-0.13887,-1.6744,3
-1.4898,-2.6291,3
-3.2393,-1.5484,2
2.8081,0.68155,3
1.0209,-1.4035,3
-1.6264,0.41981,3
0.86611,1.2506,3
0.96897,3.1735,3
3.2199,-0.96743,3
0.4809,2.3978,3
-0.4899,-5.023,3
-0.88526,2.6277,3
-1.2089,-2.3071,3
5.7174,-2.1119,3
0.36872,-1.7551,2
-3.662,-1.1223,3
-1.7003,1.2843,3
0.38117,-3.6671,3
-1.5719,0.88096,3
1.056,4.181,3
4.2676,4.0044,3
-1.0511,-1.7081,1
1.1123,1.533,3
-5.909,-3.1887,3
-1.8842,-0.1651,3
-1.5798,2.0688,3
-0.25683,6.1991,3
-0.49286,0.48989,3
-0.59402,0.39587,3
-0.25311,-3.9073,3
3.0956,-0.44884,2
3.5413,0.95227,3
1.0461,-1.4265,3
-1.3605,3.1537,3
2.2344,1.2739,3
1.6141,3.0073,3
4.2516,-1.1914,3
-1.9993,2.9727,3
-1.1444,0.6775,3
0.059802,-4.98,2
-1.4144,3.7241,3
3.3965,4.5783,3
0.10572,-3.6411,2
-1.6116,-1.3946,2
0.10818,-2.3451,3
-0.96723,1.4299,3
0.50464,0.91834,3
0.92355,1.342,3
-0.53116,0.03349,2
-0.32815,0.65831,1
-2.5957,-0.21871,1
1.7537,-2.8498,3
-2.9008,0.2464,3
4.1334,1.0193,3
-2.6563,0.36929,3
0.52327,0.24297,3
0.91289,1.2688,3
-1.4744,4.4017,3
1.4409,0.84397,3
-0.91531,1.3303,1
5.0102,-5.5796,3
-0.01528,0.93116,3
1.327,1.286,2
-1.3687,-3.6238,3
0.42396,0.32619,1
5.2126,-2.1361,3
-0.71616,1.8875,3
-0.63763,1.7661,1
0.83684,-1.9823,3
0.48036,-0.070038,3
-0.79327,4.9124,3
1.9633,1.9247,3
0.045324,-0.32788,1
-3.2324,-1.8874,3
3.238,-2.8548,3
-1.4474,-0.76191,3
-0.21302,1.5817,3
5.5219,3.031,1
-0.29042,-5.211,2
-1.9347,-3.3927,3
0.28415,-1.8448,1
4.7513,2.37,3
-4.5641,-1.2384,1
1.3022,2.0159,3
2.2975,0.45047,3
1.1891,1.0231,3
5.1359,1.3628,3
1.7279,-1.2941,3
1.2026,2.0496,3
-0.5737,-3.4129,2
0.82027,1.9887,3
-0.57597,2.7688,3
1.0832,3.7207,3
2.8994,2.8117,3
-0.92307,-2.1553,3
3.1679,2.9403,3
-1.8217,0.11532,3
1.4505,0.39644,1
-1.892,3.6118,3
-1.3119,1.8226,3
1.6307,0.065877,2
-4.1188,1.8305,3
0.83095,-3.1536,3
-0.61342,-0.033394,1
2.1899,0.44745,3
1.4725,1.4101,3
-2.4813,-3.66,3
-1.9046,-0.21607,3
-0.68432,0.53086,1
-0.80874,-4.7265,3
0.035012,-1.2296,3
-1.7866,-1.282,3
1.2246,0.0040859,3
0.33692,-1.4155,3
-2.3274,2.2907,3
0.6083,1.144,2
1.6688,0.67144,3
3.7498,0.096709,3
2.9578,-0.067722,3
3.3971,-1.8242,3
-0.19992,3.3187,3
-1.4197,-4.4045,3
2.6061,0.89331,3
2.6687,-0.12422,3
3.481,3.4617,3
-1.0428,0.55823,3
1.4031,-1.0806,3
5.6438,0.89139,3
-3.0102,-1.9867,3
-0.83345,-2.2491,3
-0.86659,0.8084,3
-4.7016,-3.6972,3
0.36081,-0.54373,3
1.147,-0.77038,3
-0.044396,4.1226,3
-0.81695,1.407,3
-0.20931,4.7932,3
-2.1358,-0.73021,3
0.34981,-0.86952,2
1.8612,2.7647,3
-3.6853,-0.68596,2
1.5809,1.9301,3
2.6265,-0.32921,1
3.8959,1.3356,3
-0.9361,1.9315,2
-0.99425,-1.6047,2
1.7436,-0.35344,3
-0.65567,1.5554,3
2.5465,0.26672,3
2.2866,-2.346,3
0.23034,-1.313,3
-0.84722,-2.214,3
-0.70008,3.4008,3
-0.54232,2.2857,3
5.6817,-1.3621,2
0.66684,0.59864,3
3.5866,-2.394,3
-3.3893,0.2368,3
2.3665,1.6671,3
-1.14,2.2004,3
2.7503,-0.55752,3
-2.4756,-4.1509,3
1.4705,3.2265,3
1.9079,1.878,3
-0.92032,1.9242,2
2.6189,0.26541,3
2.3542,2.7658,3
0.49699,1.9429,3
-0.9372,-0.36879,3
2.2402,0.33329,1
-0.20473,-3.6043,3
-3.9074,1.6615,3
6.4276,-0.23013,3
0.039088,0.088993,3
-0.61704,0.37763,3
-0.018977,4.2953,3
1.0439,-1.6255,3
