1.521,0.82623,2
1.0454,-1.3,2
-3.9815,-0.45257,2
4.3764,1.6522,2
-4.3284,-1.359,2
-3.6382,-0.12387,2
0.77653,-2.1088,2
-0.41905,5.5729,2
0.91755,-4.3293,2
-3.2452,-0.50062,2
-1.1847,1.1061,2
-5.0248,-3.6614,1
-0.55856,1.1083,2
3.0093,-1.8502,2
0.6657,0.5316,2
-1.381,-1.6573,2
-0.052545,1.4841,2
-0.95735,-1.7744,2
-2.532,-1.4287,2
-1.1875,0.2345,2
-3.2312,0.67002,2
-1.1574,-6.4118,2
3.4158,1.1221,2
-0.12455,-1.3176,2
4.2231,1.4142,2
5.5449,1.8029,2
-0.83603,4.2745,2
1.9605,-0.93068,1
-0.77485,-1.8687,2
0.26412,-3.4288,2
-2.7121,0.80001,2
-1.1324,-2.2362,2
2.0946,0.65178,2
-2.3941,-0.40589,2
0.074462,0.4811,2
-1.8735,1.2638,2
-1.8501,-2.2733,2
4.9908,-1.6231,2
-1.4063,-0.067204,2
0.70547,0.37047,2
-4.0057,0.64885,2
-3.6125,-4.0972,1
-0.92991,-1.7407,2
1.4858,-5.2298,2
-3.698,-1.9917,1
0.11066,0.6932,2
-0.076923,-0.58515,3
-3.1411,-3.6632,2
-1.5368,1.3737,2
-0.3065,1.5453,2
-0.042329,-1.9139,2
-0.87492,1.089,2
-0.68202,0.22871,2
1.3082,-0.28062,2
1.6639,1.0188,2
2.0891,-3.962,2
-3.5755,-0.72266,2
-3.0546,-0.88029,2
1.0289,-2.6327,2
3.5781,1.4616,2
5.2429,1.7235,2
1.2344,-2.4991,2
-0.66147,-0.60595,2
-5.6205,-3.3365,2
-4.2326,-6.145,2
-1.6595,1.9765,2
-0.58925,1.5745,2
2.1752,-1.8641,2
1.7661,3.6797,2
0.57721,1.5121,2
2.5497,2.093,2
-2.6846,1.5828,2
3.2072,2.4184,2
0.27832,-0.17847,2
5.2376,0.4787,2
0.25183,1.004,1
3.7343,1.0107,2
-0.88872,2.0646,2
1.0554,1.9904,2
-1.6318,1.5432,2
-0.18561,-1.0867,2
1.8635,1.8373,3
0.43558,-2.1769,2
-1.3196,-3.2399,2
-0.23373,-0.068625,2
1.7891,-2.8504,2
-2.7261,1.0218,2
-1.2687,-1.8496,2
1.4234,0.78922,2
-2.586,-3.4316,2
1.2663,-1.3109,2
2.0675,2.7655,3
2.3341,-2.882,2
-0.79868,1.4543,2
0.022376,1.2684,2
-1.4622,-2.1502,2
0.84492,-2.7843,2
0.57029,-1.6269,2
-1.6227,-0.24374,2
1.1768,0.26635,2
-1.1854,1.202,2
-1.6932,2.5036,2
2.4997,-1.5243,2
-1.4074,2.8121,2
-3.1846,1.0858,2
-2.1642,-3.3342,2
1.3676,-0.95652,2
1.9279,-0.52836,2
1.6082,-0.25097,2
-1.7661,1.3891,2
-1.4853,3.9596,2
-3.0931,-0.98958,2
-1.3993,-1.7271,2
-5.5593,-0.64106,2
4.3835,3.2287,2
-2.8487,1.4454,2
-2.2122,2.1262,2
-1.899,-0.18445,2
-1.5519,0.20735,2
0.2468,-3.0678,2
-5.1964,-1.8211,2
-0.63449,0.64461,2
0.57044,0.8376,2
1.815,-1.0754,2
1.8593,3.321,2
3.2737,-0.60874,2
-0.31975,-0.64571,2
5.8206,4.1934,2
3.1135,-0.75648,2
-1.9324,-1.1766,1
-0.9203,2.7862,2
-3.3175,-1.2332,1
-3.5322,-2.1087,2
3.9674,0.98577,2
-1.3436,-1.7783,1
-0.080886,0.82224,2
-0.21805,-5.0473,2
-3.8079,2.2076,2
1.1575,5.5448,1
2.8505,1.2872,2
1.7268,5.215,2
1.7789,-1.9174,2
-0.76872,3.2534,2
-2.3167,1.5565,2
1.7169,-4.4474,2
-1.8203,1.2469,2
-0.71562,-1.7099,3
-0.080246,-0.35734,3
-3.1299,-0.57383,2
1.9932,-0.86916,2
1.3934,-0.085573,2
-0.51492,0.92093,2
-0.08717,-2.6676,2
-0.13228,0.20801,2
-4.1696,-6.7829,2
-5,-1.293,2
-0.14065,5.9476,2
2.7773,3.3181,2
3.7241,-0.75105,2
-0.55463,1.8167,3
-1.2866,0.686,2
-3.3722,-2.1485,2
3.279,-0.11908,2
-1.5004,-1.0593,2
1.8549,0.12576,2
0.67785,-2.567,2
2.1504,2.222,2
-1.9922,2.1561,2
-1.8803,2.8857,2
0.34347,-3.813,2
-2.047,0.55118,2
-2.6713,-3.5093,2
2.7737,2.8732,2
2.9191,0.35765,2
1.9844,0.14479,1
1.5885,-0.66636,2
1.9442,1.2453,2
-3.3142,-3.6145,2
0.71545,-1.72,2
1.5509,-2.8262,2
4.7889,1.699,2
-3.2455,-0.50168,2
-0.96365,-1.3183,2
-0.36717,-0.16476,2
2.6069,-1.9224,2
-0.12824,2.0155,2
-0.80186,-0.6332,2
-0.092327,-2.498,2
-2.1382,0.26333,2
2.886,2.9228,2
-0.17105,-0.3816,2
2.9045,3.2317,2
1.3594,1.7025,2
-0.7978,-0.12032,2
2.4352,-0.51494,3
2.8845,0.64383,2
-1.469,0.25695,2
1.4699,-3.7116,2
-0.51542,-1.9878,2
-0.0096092,-1.0282,2
1.4117,-4.5221,2
-0.5638,0.19087,2
-3.2212,-1.8237,2
1.3926,6.4165,2
-1.86,2.9397,2
-1.9648,-0.036026,2
1.6229,6.3318,2
1.0865,-0.4605,3
0.21595,-3.4357,2
0.30576,-2.0925,2
1.924,-5.1471,2
-1.3745,-2.0062,2
2.0633,2.8115,2
1.2353,0.76685,2
0.085644,0.64182,2
-2.446,0.33904,3
-3.6458,-0.89089,3
2.653,-0.069671,2
0.67785,0.24243,2
5.7481,3.576,2
-3.0089,-0.72473,2
-2.0565,0.79263,2
-1.3621,0.015559,2
-1.5224,-1.0625,2
-0.50458,0.56617,2
-0.53715,-1.0146,2
-0.3889,-1.9855,2
-0.32342,-2.5942,2
2.1855,6.3439,2
0.020972,1.4837,3
-4.1649,-3.1823,2
-1.005,0.05259,2
-1.7614,-0.3115,2
-3.1302,1.5666,1
3.4893,2.1338,2
1.9157,1.5748,3
1.0386,0.54269,2
-1.3833,1.75,2
-1.8662,3.5805,2
-0.42601,4.9106,2
0.040695,3.3415,2
2.2801,-2.9891,2
-5.3132,-1.5084,2
2.352,-0.27276,2
-2.8692,-6.6896,2
-1.5796,2.9047,3
-0.60464,0.084407,2
2.36,0.15693,2
4.6826,2.6473,2
0.78356,-1.4383,2
-0.22985,-1.1027,2
-0.19211,1.7105,2
2.0172,2.5393,2
0.71754,1.4352,2
2.2402,0.35645,2
-0.030818,-1.3642,2
2.7888,-0.33272,2
2.1594,2.8451,2
0.51261,-2.2602,2
1.147,0.98669,2
3.2968,2.5836,2
-0.24438,-1.546,2
1.5155,2.7197,3
-2.3635,2.2178,2
0.53592,-4.5473,1
2.8347,-0.60745,2
2.0818,-1.3005,2
3.0426,-1.434,2
1.187,0.25769,2
-2.7243,-3.2435,2
-2.0721,-3.3434,1
-2.6579,1.2214,2
2.2747,-3.5282,2
0.82072,-1.3664,2
0.16142,-0.44501,2
-1.107,1.645,2
0.051675,1.877,2
-0.84959,-2.943,2
4.4592,-0.28284,2
-2.9505,-0.48075,2
-1.2399,1.6973,2
1.466,-0.9784,2
1.2621,-0.2695,3
-4.1368,-1.8041,2
-2.7192,0.70549,2
-2.3869,-1.8457,2
-0.84689,-0.014025,1
2.164,0.085296,2
-2.1023,-0.72783,2
-2.5837,3.0232,2
1.4648,2.3314,2
-4.4433,2.5522,2
1.6633,1.212,2
3.1509,3.5412,2
2.1597,-2.3603,2
1.9503,-0.65483,2
0.28024,-1.8548,2
-2.0896,4.1729,2
-0.91044,3.0267,2
-0.2669,3.878,2
-3.6762,-0.55155,2
-2.7958,-0.16796,2
0.70601,-0.36965,2
0.43321,0.050153,2
1.489,1.8532,2
0.89504,-2.5656,3
0.19771,5.1059,2
-0.99506,3.3389,1
1.2245,-0.73464,2
-1.6635,-0.94348,2
1.4014,-0.32684,2
0.040888,1.5169,2
-2.1331,1.8585,2
-1.0932,2.0037,2
-1.7641,-4.5409,2
-1.7965,-0.38989,3
4.279,2.4016,2
-1.448,-2.0384,2
5.2947,2.8925,2
2.0152,-1.3196,2
-1.5979,-0.2949,2
2.1905,3.5423,3
0.88987,-0.47854,2
-0.44816,2.1806,2
1.061,1.7854,2
-2.7465,4.1912,2
0.45992,-1.2153,2
1.9368,0.057451,2
-5.4137,1.1672,2
-1.0294,-2.5376,2
2.0045,2.1129,3
-0.30635,-0.6019,3
-0.79501,-1.6883,2
-0.83583,-2.1052,2
0.87682,-2.1535,2
-0.37977,1.4367,2
2.3729,-4.2997,2
-1.9315,-1.6581,2
-0.1504,-1.0249,2
-3.1713,-2.0769,2
-2.4535,-1.9893,2
-1.6906,-1.2429,2
-0.10873,0.92942,3
-4.6783,-0.21253,2
2.0252,1.2809,2
5.2608,2.7264,2
-1.4711,-3.6259,2
5.2742,-0.68372,2
0.13988,0.7467,2
-2.7612,-3.7331,2
-1.7122,-0.0027652,3
4.5511,0.34953,2
1.8111,-0.46485,2
0.55477,-1.9386,2
-1.2488,1.0511,2
0.64837,0.30358,2
0.45453,-2.911,3
-1.0505,-4.4425,2
1.2193,-2.0653,2
0.005868,0.80276,2
-1.0293,-0.75517,2
4.5196,-1.9592,2
-0.54406,-1.0395,2
-0.98536,1.4386,2
0.88048,-1.4238,2
0.062454,1.1015,2
1.557,0.56914,2
-0.5313,-1.2317,2
-0.48672,2.0184,1
2.2508,0.38432,2
0.66369,1.982,2
0.95917,5.5187,2
-1.0822,1.0895,2
3.4723,0.87508,2
1.1225,0.6651,2
-0.73119,-1.4713,2
1.1514,-0.99047,2
-2.4261,4.5981,2
-2.6093,-0.40088,2
-1.1972,-1.081,2
2.3993,2.4478,2
-2.0262,3.3589,2
1.6481,1.103,2
-0.83135,-0.19793,2
-3.7381,1.0106,2
1.3614,1.6687,2
3.2821,1.5226,2
-1.4309,0.017131,2
-1.8178,-0.23216,2
-0.85572,-5.7581,1
-3.8938,-1.8585,2
-0.81596,-1.9893,2
0.10384,0.10345,2
1.326,1.4372,2
-0.40468,-0.35842,2
-0.36234,1.2989,2
6.434,-1.9872,2
4.1627,-0.83224,2
-0.65869,1.5289,2
-1.0678,2.432,2
-4.6048,-0.44409,2
1.6526,3.4087,2
1.708,2.1597,2
-1.254,0.50764,2
-2.1634,-3.6618,2
-1.2989,0.56375,2
3.0089,2.0157,2
1.0625,0.17516,2
-3.1423,-0.63107,2
-3.3702,-1.5035,1
0.28886,0.24941,2
2.9398,0.80609,3
5.408,0.3285,2
0.70258,-0.87018,3
-0.44392,-1.2023,2
0.27033,-2.8978,2
0.30591,-1.6524,2
1.0271,1.0704,2
-4.7953,-6.4523,2
2.4136,-1.0157,2
1.4104,2.4028,2
-0.9185,-2.0449,2
-5.4546,1.1135,2
-0.34916,2.0292,2
-0.34367,-3.0457,2
-0.27078,0.12066,2
4.1023,2.8016,2
-0.36999,-1.6443,2
2.8778,-0.19436,3
1.1399,-2.2076,2
0.67475,-0.049898,2
-3.1162,-0.73933,1
-3.15,0.19006,3
1.0942,0.036316,2
-1.6421,-1.9202,2
1.7296,-1.5678,2
-1.8539,-1.0838,2
5.5583,-0.089479,2
6.8632,1.3436,3
1.348,0.95475,2
-0.25249,-1.5448,2
-3.722,-0.63057,2
0.043111,-2.1274,2
0.39126,-0.16527,2
-0.19038,-3.3719,2
1.7358,1.7215,2
3.8645,2.16,2
2.3095,1.6309,2
-1.5831,-2.6376,1
-2.1796,-1.3836,2
0.48852,1.9751,2
2.2321,2.0238,2
2.2613,0.37644,3
-0.56186,2.5875,2
1.2268,-2.2498,2
3.8812,-1.4791,2
1.6377,1.2301,2
0.77909,3.971,2
0.81145,1.1645,2
1.3225,0.31876,2
2.7082,-1.1471,2
1.8656,0.35385,2
0.81353,2.0222,2
0.20911,3.3712,2
0.036741,0.80818,2
-2.3418,1.4607,2
-1.4679,-1.7275,2
1.0649,-1.6697,1
-4.9722,-1.7034,1
0.83564,0.38189,2
1.2811,-0.47379,2
3.079,-0.0071011,2
4.1942,0.28946,3
-1.5163,1.4727,2
-2.7053,0.0068748,2
6.5899,1.1307,2
0.71711,1.209,2
-4.324,1.7167,2
1.7499,-1.8787,2
0.16175,-0.79673,2
-3.033,-0.070528,2
-1.3636,-1.38,2
0.332,-0.37415,1
-0.85363,-1.314,2
-3.2136,0.32495,2
1.6966,1.7807,2
-0.50995,2.5291,2
0.56922,1.8804,2
-1.8082,-1.7679,2
-3.2861,2.1521,2
0.8186,-0.43099,2
3.1894,2.7825,2
0.99152,-1.4977,2
-0.93601,-2.0133,2
1.6675,2.5218,2
-3.398,-2.2011,2
3.7157,-1.1543,2
-0.11394,-2.4205,2
-0.72716,2.8074,2
1.4466,-3.0753,2
0.59472,-1.0184,2
2.8989,2.1628,2
0.056248,-2.0379,1
-1.3546,1.6373,2
1.0106,0.79996,2
0.91335,0.50855,2
0.74992,2.5831,2
0.011038,-3.226,2
0.56672,0.98068,2
1.0195,1.3169,2
1.9928,-0.039613,2
-0.51397,3.2938,3
4.5786,-0.73146,2
-0.15387,-0.17776,2
2.2536,-0.5611,1
3.292,-1.4841,1
0.70358,0.44436,2
-3.411,-0.84165,2
-2.3781,-0.35705,1
-3.4253,0.85065,2
1.1427,-2.239,2
-1.2674,-1.8994,2
-1.1401,0.021532,2
-0.20312,1.0393,2
0.54696,-4.9526,2
-1.0881,-1.6233,2
0.1796,0.48775,2
-0.20394,-2.4932,2
-0.66569,0.25804,2
2.2418,0.65496,2
4.8839,1.4441,3
-2.3575,-1.3843,2
-0.242,-1.4848,2
-5.486,-0.73485,2
4.3216,2.0624,2
-0.99852,-4.0312,2
-2.4557,-1.6085,2
0.52999,2.1517,2
2.7979,4.2775,2
-2.9718,-1.0353,2
-3.4309,-1.8283,2
-2.8054,-0.061465,2
-0.86365,-0.20711,2
-0.99118,-2.1127,2
0.86596,-0.12297,2
1.4972,-1.4111,2
5.4892,-0.62885,3
-0.62717,-3.4978,2
3.9175,-1.0713,2
-0.85918,-0.30655,2
-2.0002,2.1382,2
-3.7021,-1.0066,2
1.1672,-3.4504,2
-2.1603,-1.4997,2
-1.4936,3.0077,2
-1.7944,-2.9842,2
-3.6303,-4.4125,2
-2.0345,4.8121,1
1.605,1.3675,2
0.78643,4.9149,2
3.4153,-4.0028,2
0.23486,4.0508,2
0.84087,-2.8485,2
-0.61637,2.4313,2
-0.066742,0.94163,2
4.1346,-2.7646,2
-0.42547,-1.6844,2
1.0505,2.6487,2
0.17964,-1.7125,2
3.8084,2.1495,2
-0.077068,-0.91855,2
-0.14088,-0.20768,2
-4.4043,1.564,2
1.8667,2.2441,2
1.4773,0.29598,2
3.0037,-1.1369,2
-0.44694,4.0014,2
-2.9355,-1.0351,2
3.9484,-1.274,2
2.5054,2.2778,2
-5.3377,3.4857,1
2.608,-2.473,2
0.24271,0.18249,2
3.9681,-1.0068,2
1.2088,-0.010409,2
-0.63204,-1.0815,2
-0.87953,1.5249,2
2.3235,0.93033,2
-2.0785,2.7211,2
0.42749,0.40714,2
-0.25371,2.4068,2
0.15355,0.00061328,2
3.5134,-1.5894,2
-3.4613,-0.65656,2
-2.1461,-5.4131,2
-1.6729,3.1535,2
3.3008,2.783,2
0.63092,2.544,2
0.8485,0.27802,2
0.80624,2.2934,2
3.1146,-2.7236,2
-2.7234,-0.36125,2
-1.7814,0.76455,2
-1.0953,-2.191,2
0.8501,0.091828,3
-0.43663,-1.4027,2
-1.4177,-4.1054,2
1.4115,1.2263,2
-0.12996,1.7437,2
-3.3986,-1.0534,2
-0.27265,0.21048,2
-0.75557,-2.3598,2
0.057701,-0.51588,2
-1.4371,-1.4751,2
0.48954,1.2752,2
2.389,-1.3006,2
0.60508,-6.2908,2
5.9152,1.0682,2
0.61263,-2.3989,2
-0.80762,0.40832,2
2.16,-0.72856,2
-1.4015,-1.1717,2
1.1847,0.5014,2
-0.80126,-0.28709,2
-1.463,-3.0855,2
-0.40597,1.0887,2
1.3129,-1.7785,2
-1.1865,-0.37243,2
-2.5278,-1.4645,1
0.78156,-0.83699,3
-2.8713,3.058,2
-2.6701,-0.99752,2
-0.43184,-2.4393,2
0.22106,-8.3032,1
-5.9055,1.0875,2
3.1261,-0.535,2
-0.46566,-0.44062,2
-3.3658,-0.56101,2
0.96226,-1.8267,2
-0.61028,-3.8745,2
3.3331,-0.0027477,2
1.8264,-1.0917,2
0.80356,2.5189,2
-2.8124,-0.87097,2
0.3114,-1.5635,2
2.3109,3.1582,2
-4.2463,-3.6747,2
-1.0082,1.9378,2
0.53111,5.3834,2
0.029331,0.018282,2
2.3812,-1.5843,2
0.74796,1.7218,2
1.2253,4.9205,2
3.0048,2.009,2
-3.0495,-1.6683,2
0.97657,-2.6544,2
1.8348,0.17333,2
2.1907,0.048646,2
-3.0669,0.19481,2
-2.4517,0.014776,2
4.3236,-0.5555,2
-0.74466,2.1183,2
4.1345,1.1939,2
-1.5944,-0.16479,2
-7.6521,1.3566,2
-0.48784,4.7491,2
-3.3148,-1.6545,2
0.51329,2.5179,2
-0.040047,0.030437,2
-0.66562,1.9643,2
0.15251,2.4662,2
5.2738,2.2157,2
-2.9173,-1.6137,2
-3.8159,-2.4479,1
-2.543,-0.63415,2
0.72163,-2.6414,2
-4.9965,0.81925,2
4.2963,0.2772,3
0.76695,-0.80975,2
-0.65272,1.6872,2
-0.44577,-4.3196,1
-2.0772,3.5068,2
3.6332,2.34,2
-1.5766,0.89905,2
1.275,4.3244,2
1.3294,-0.37248,2
5.7037,-3.1176,2
-0.26421,0.76281,2
0.64178,0.083033,2
0.34373,-2.0739,1
-1.1321,-0.49709,2
-0.54809,-1.5131,1
-0.82488,2.5928,2
-0.15483,0.27054,2
0.52752,0.73047,2
3.4016,2.1332,2
1.2369,-1.0638,2
0.12683,-4.2259,2
-0.88291,2.7905,2
4.1465,3.9454,2
2.6441,0.78868,2
-2.8258,5.3774,2
0.36767,0.10238,2
-5.01,4.5073,2
-0.12976,0.86338,2
-2.161,-3.8597,1
-2.0641,1.1967,2
0.70311,0.91169,2
-0.87147,0.73756,2
1.4004,1.9007,2
4.1324,1.2362,2
1.0266,-2.2092,3
0.005582,-1.3029,2
3.9244,2.2965,2
-3.2813,1.0066,2
-0.063088,1.6619,2
2.0401,-0.54964,2
-0.75624,2.604,2
-3.5803,1.7067,2
-1.0421,-2.1136,2
-0.0012462,1.8709,2
-1.0572,0.94879,2
0.57914,2.3579,2
-1.9883,-1.5573,2
-2.5321,3.019,2
3.719,0.3143,2
3.1348,0.28333,3
2.2976,0.11217,2
1.6526,4.8855,2
-1.5963,-0.58436,2
2.9461,-2.0416,2
0.5805,1.3415,2
0.65013,-1.7595,2
2.3376,0.40139,2
4.9897,3.6612,2
2.6667,0.61183,2
-3.8933,-2.9572,2
-3.6298,0.85567,2
1.7716,0.048227,2
1.805,2.2292,2
-3.0785,-0.2076,2
4.2052,0.27518,2
-3.7101,-2.0562,3
-1.4584,-1.3043,2
-4.0831,-2.0335,1
0.039202,-0.36347,2
-0.63974,-0.38841,1
2.9872,-3.1337,2
1.0826,0.96599,2
-1.3081,1.2355,2
-2.408,1.7941,2
-0.87778,-3.8875,2
1.0596,-1.6121,2
-2.2471,-0.63696,2
3.4986,1.1203,2
-0.69472,-3.3246,1
-1.7704,-0.74778,2
-2.3102,-3.5311,2
2.6976,-0.39986,2
-5.7457,-3.4052,2
-1.7649,-4.0705,2
0.55173,0.55237,2
0.24827,0.47303,2
0.89261,-1.6494,2
0.15124,-0.47844,2
0.68602,2.6583,2
-1.6217,-1.5253,2
-3.3331,-0.49698,2
0.62435,-5.4472,1
0.51244,-1.3226,2
0.92751,-0.41417,2
1.1438,-0.54248,2
1.063,2.4483,2
-2.3237,1.8808,2
-1.85,-2.0127,2
-2.9944,-0.23234,2
-4.3325,-2.3128,1
4.4234,4.0713,2
-2.7654,-2.3869,2
-0.32034,-3.4753,2
-0.99402,-1.7094,3
2.7818,4.9783,2
-1.7092,-3.1507,2
-1.522,-3.2362,1
0.95836,-1.6299,2
-4.4692,-2.6807,2
3.2249,2.0621,2
-0.016728,1.5915,2
0.90095,1.3654,2
-0.017906,-1.608,2
-0.010895,0.91894,2
0.4923,0.41078,2
0.84391,-2.0448,2
0.45616,-1.1637,2
1.4153,-3.9842,2
-0.15655,-1.0149,2
2.1125,0.86693,2
3.7791,-3.8534,2
2.6848,3.2943,3
0.70725,-4.5371,1
0.43883,-0.22196,2
10.277,3.5332,2
2.3854,-0.13204,2
3.4344,3.5298,2
-3.1803,-1.2437,2
0.86876,0.49319,2
-0.092662,-1.2448,2
3.418,1.831,2
-0.038691,2.0144,2
3.2683,1.1423,3
-1.0455,-0.7228,2
0.38601,1.7698,2
-0.90301,1.793,3
1.4177,3.2966,2
-4.5962,-1.1838,1
0.55279,1.0091,2
-0.45762,0.5768,2
2.8804,4.4805,2
-0.10562,-0.128,2
-0.51206,1.8819,2
4.0588,1.663,2
0.50664,0.50265,2
1.0556,1.8235,2
3.8512,4.3708,2
-1.3984,-1.543,2
-2.4093,5.0953,2
0.87875,-2.7432,2
3.4488,-1.5663,2
1.8334,-0.87881,2
-3.751,-3.6159,2
0.24859,-5.1233,2
-1.7253,-0.32827,3
-1.1664,-0.72161,2
-1.3299,4.5287,2
-2.6125,-1.0155,2
-0.14403,-1.8217,2
-0.091672,1.3249,2
0.39388,1.1154,2
-1.379,-1.1533,2
-2.901,-1.0848,2
-0.51872,-1.3783,3
1.9066,2.0314,3
3.1069,1.9027,2
-1.516,-4.37,2
-1.1754,-3.7197,2
-3.3382,2.7175,2
1.2916,1.026,2
4.9592,1.7954,2
-0.14441,2.6404,2
0.90955,3.998,3
-0.77256,0.43447,2
-1.3494,-0.60709,3
-1.178,0.29943,2
-0.9212,0.99158,2
4.4957,2.7333,3
-2.9107,-0.6048,2
1.4378,-3.6615,2
4.2738,2.1533,2
2.0243,0.91179,2
3.0162,7.8967,3
0.29431,0.68669,2
-0.60769,-4.7874,2
0.049132,-3.9213,2
1.8074,-0.37429,3
-4.1895,2.1611,2
0.42489,2.2742,2
1.0937,0.75966,2
-2.6857,-1.1112,2
-2.6916,-2.98,2
-0.39731,-1.0395,2
-3.648,0.5735,2
0.62311,-0.54306,2
0.76812,-1.2771,2
-1.914,-3.3313,2
2.235,2.112,2
0.928,3.3396,2
-0.81149,-1.3341,2
1.0568,1.255,2
-0.94379,1.4397,2
-0.74724,-0.60144,2
2.9036,2.486,2
-0.44451,-0.041409,2
-3.0849,3.1975,2
-4.8124,-2.7136,2
0.80868,-2.4416,2
1.1247,-1.1754,2
-3.3744,-0.18763,2
-0.88004,-2.48,2
-0.51617,-0.025938,2
-4.5226,-3.3778,2
-3.9882,-5.0117,1
-0.21908,2.4786,2
-1.8076,2.8034,2
-3.3474,0.7093,2
0.30735,1.2251,2
0.11751,1.4581,2
-6.2909,-4.6011,2
-1.0207,-1.8075,2
2.5201,-0.26226,2
1.0256,0.2516,2
-0.18924,3.1698,2
1.8128,1.2344,2
-3.4527,-2.9627,1
-2.2163,-6.0776,2
-0.77366,-0.51148,2
1.6793,0.75228,1
-0.65861,0.60966,2
3.7695,2.2195,2
1.3195,0.46804,2
-2.9244,-1.2657,2
1.0556,-3.3337,2
-3.5138,0.30944,2
-0.067737,-4.3611,2
0.65767,-0.85934,2
-0.53868,-4.5236,2
-3.0653,0.41422,2
2.6811,0.31235,2
4.6576,-5.6057,2
1.9473,3.5975,2
-3.4081,-1.237,2
1.032,-0.045213,2
2.1918,-1.1511,2
-0.047858,-2.8871,2
-0.27486,0.57655,2
-1.9599,-4.0921,2
-2.4678,0.61589,2
-0.58157,-0.01638,1
1.6127,-3.5676,2
-1.675,3.4231,2
-0.1759,-0.8129,2
-1.1117,3.1897,2
2.4575,0.045994,2
-0.2975,-0.2474,2
1.8905,0.36121,2
2.15,0.0082127,3
-0.94803,-0.3175,2
1.8798,0.80577,2
-1.6627,2.1335,2
1.0969,0.99658,2
-0.22834,0.22046,2
0.1337,1.7334,1
0.38665,3.6446,2
-4.3535,-1.9085,2
-1.6442,1.2865,2
0.43983,-1.1719,2
-0.41031,0.57893,2
2.1036,0.4995,2
-0.42488,-0.57502,3
-2.6168,-1.0542,2
-2.1095,4.9384,2
1.3339,2.0265,2
-2.475,0.90103,2
-2.8169,-0.98298,2
-0.90783,-0.92721,2
-0.54481,-1.1597,2
2.0752,-1.5636,2
0.16075,-1.0346,2
2.2305,1.0841,2
-2.2981,-4.9087,1
-0.6328,-1.3816,2
-2.059,-5.3799,2
2.599,1.598,2
0.991,0.77558,3
-2.5336,-3.0106,2
-2.1198,-0.2014,2
4.2369,0.54339,2
-2.3706,0.21416,2
1.239,-3.9695,2
1.7907,3.2236,2
-0.71364,0.50617,2
-2.6333,-0.70768,2
-0.87659,-1.0107,2
6.0492,3.2787,2
-0.53784,-1.5398,2
-1.9895,-4.3161,2
-1.8286,2.8542,2
-8.0053,-2.0784,1
-2.6777,-4.1324,2
-0.89615,-6.6324,2
1.8388,-0.084898,2
-4.8648,-3.6284,2
1.4595,0.50768,2
2.1782,0.81895,2
-2.1372,1.7213,2
-1.1742,2.4153,2
-1.5491,-2.5516,2
2.322,4.0893,2
0.067453,0.48448,2
3.1107,-2.824,3
0.4187,1.0855,2
1.2187,-0.84209,2
1.4767,-0.74135,2
-3.5353,3.5322,2
-1.9024,3.0516,2
2.0442,3.1526,2
-5.2506,-3.8332,2
-1.6448,0.066418,2
-0.4324,3.2317,2
0.46492,2.3166,2
1.0236,-0.44375,2
0.0087959,0.45147,2
-0.19421,-2.4332,2
1.7475,-1.4698,2
2.2481,2.2938,2
0.88362,-1.7384,1
0.027341,-4.6541,2
1.6077,4.2174,2
-0.9423,-0.030274,1
-3.4221,-2.6677,2
-1.4041,1.1498,3
-1.4431,-1.3718,2
-4.887,-0.25114,2
1.6335,-0.74319,2
-3.2231,-3.0863,2
-1.3469,-0.3074,2
-0.4656,0.19502,2
-2.3938,-1.5385,2
-5.4073,-2.44,2
2.5742,-0.18262,2
-4.9605,-3.0341,2
0.61453,-0.020309,2
-0.22028,-2.1267,2
-6.9657,-0.24239,2
-4.2163,-3.0902,2
-0.72775,-1.6809,2
3.6839,2.1263,1
6.0207,2.3189,2
-2.72,-1.5219,2
-1.828,0.32876,2
3.5763,1.4452,3
0.63185,-6.1088,2
-0.31371,-2.3004,1
3.4219,-0.68518,2
-1.1658,1.6905,3
2.8459,-0.40269,2
-0.036049,0.40508,2
2.8628,-0.08989,2
2.7349,4.1839,2
0.80725,-3.3182,2
0.55787,1.0943,2
-1.1846,-0.039888,2
-4.4894,-2.5051,2
0.73547,0.86242,2
2.8248,-0.60689,2
-2.2828,2.1781,2
-1.5663,1.8851,2
0.92076,1.0377,2
2.1762,-0.85134,2
-0.98797,4.041,2
-2.1285,-5.6106,2
1.7876,1.6559,2
-0.010475,2.981,2
-1.1452,0.84114,2
2.7844,-1.1418,2
-0.46076,0.7147,3
0.24454,-0.11534,2
0.26164,0.49159,2
0.2632,-0.95439,2
4.5462,2.7562,2
3.3072,0.19725,2
3.5614,6.1979,2
0.81534,1.1681,2
-0.7078,4.088,2
0.42695,-3.7062,2
5.4551,4.0235,2
1.8164,-4.2453,2
2.928,-0.99339,2
2.2757,0.35325,2
3.7538,4.9953,2
0.25812,1.4552,2
0.52085,-0.96801,2
-1.1299,-1.0245,2
-1.9241,-0.12298,2
0.82207,-0.098097,2
1.9768,-2.1376,2
2.3788,-2.0744,2
6.3577,0.84835,3
2.6575,-0.60862,2
-4.2296,-2.0648,2
2.9,-1.5613,2
-4.422,-0.27459,2
-2.9369,-1.0744,2
3.9346,0.25888,2
-3.13,-3.4804,2
0.84455,1.9997,2
-1.2713,2.5447,2
-5.331,-1.1315,2
2.0647,1.854,2
-2.0855,1.6644,2
0.13893,-0.31691,2
2.8099,0.51043,2
0.27987,-1.7714,2
-1.0809,3.5593,2
-0.94716,-3.067,2
1.2771,0.72675,2
0.06157,-0.86303,3
1.6437,0.75006,2
2.3905,5.0203,2
1.7398,-1.0057,2
-1.6731,-1.6117,2
1.2084,0.64944,3
5.544,-0.74202,2
-0.59326,-0.11585,2
-0.17405,0.38918,2
2.3745,-0.59056,2
-3.5262,-2.7459,2
1.7848,-2.1534,2
-2.9247,-1.4028,2
1.174,1.1225,2
-1.1839,-0.67509,2
1.5272,2.1711,2
1.5963,0.43871,2
-5.2254,-0.69639,2
1.0502,2.9678,2
-0.56646,-3.9338,2
2.674,-0.25136,2
3.073,-3.273,2
1.6915,5.2951,2
0.95136,-0.1392,3
-0.89867,-0.86775,2
0.45019,1.4778,2
1.0293,-1.5861,1
-2.3044,-1.9372,2
-1.5652,-3.5138,1
-2.4622,1.4452,1
0.47369,1.254,3
-0.60751,-1.2197,2
1.0715,3.4065,2
0.515,-1.3679,2
-2.7893,-0.61892,2
-3.3295,-1.1638,2
-0.17348,0.13021,2
0.75246,0.43767,2
3.6299,3.7208,2
-4.0267,-1.157,2
0.76546,-0.93514,2
4.8,-0.22121,2
1.8967,0.60499,2
1.8112,-2.1893,2
-1.579,3.7542,2
0.19977,4.1271,2
-3.7478,-0.81964,3
-1.5977,-0.0054241,2
-2.8843,0.30184,2
-1.0776,1.9854,2
-2.429,-0.33907,1
3.5031,2.3806,2
-0.39819,2.0842,2
0.043458,0.37438,2
1.8789,-2.014,2
-1.7061,-1.1706,2
-2.155,0.74762,2
2.2674,-3.5212,2
1.9939,3.0361,2
-0.36094,3.9065,2
-5.3073,-1.9635,2
-3.8475,3.0417,2
-0.26883,-1.3506,2
-4.5703,-2.7157,1
-0.34446,-1.4942,2
1.9324,0.32062,1
-0.29086,2.1223,2
2.2012,-0.081869,2
1.6698,-0.77048,2
-5.0031,-4.7234,2
-4.5659,-0.75403,2
-4.2044,-1.7449,2
0.74577,-0.51954,2
-0.33064,-0.41734,2
-1.663,-0.22771,2
-0.42196,1.0443,2
1.5131,0.80272,2
3.0155,-1.7893,2
-3.3052,-2.7335,2
0.099556,0.12105,3
2.7592,-0.79634,2
4.5725,1.9065,2
0.61869,-1.1995,2
2.8565,0.74538,2
1.1724,-4.735,2
-2.3887,-3.6112,2
-0.4139,1.7339,2
-2.3558,-5.9405,2
-1.4825,-3.2665,2
-2.2322,-0.58916,2
3.5749,2.022,2
-0.15737,-0.015791,1
1.4412,-2.2949,2
2.3554,-0.49137,2
2.5172,-0.43081,2
0.13001,0.5705,2
1.0658,0.49434,2
0.06066,4.2589,2
0.39806,-1.4474,2
3.9404,-0.47297,2
-1.9256,-0.3851,2
-0.20129,2.0278,2
2.6527,-0.69423,2
-0.28584,-3.2879,2
3.3905,-1.9952,3
-1.3624,-0.71139,2
-0.23224,1.2585,2
1.8386,-2.2281,2
-1.3792,-0.56776,2
0.99343,6.54,1
-2.6307,-0.30004,2
-0.33083,0.27835,2
3.9553,2.6449,2
-2.4649,-1.19,1
-0.018013,-0.51588,2
-1.4267,-2.8389,1
-0.26352,0.7617,2
0.27843,0.93073,2
-2.0253,-3.0197,2
2.7431,1.4321,2
0.73133,1.8806,2
-4.2352,-3.9367,2
-1.9087,-1.3823,2
0.82165,1.6032,3
2.4824,3.6021,2
-3.2835,0.67741,2
-1.0334,6.569,2
0.48475,-4.3395,2
-1.0037,2.2308,2
-1.2594,-1.6163,1
-4.3269,-4.004,2
4.209,-0.55418,2
2.3087,-0.9641,2
1.6325,1.7704,2
-2.7526,2.0641,2
1.2662,1.8754,2
1.3937,-0.8703,2
0.5724,-0.70462,3
3.2191,1.7108,3
-1.2123,1.1101,2
0.84235,-0.66852,2
-2.0971,0.80689,1
4.0501,0.08006,2
-4.6839,-0.3222,2
1.3226,0.77093,2
-1.9315,4.0849,2
-3.7856,2.1103,2
2.0252,-2.8873,2
3.4083,-0.86476,2
-2.8595,3.0426,2
0.43507,1.7083,2
0.24875,-1.384,1
0.78576,1.4241,1
-0.067584,-0.3054,2
4.5818,1.7632,2
5.1381,0.46268,2
-2.371,0.32356,2
0.045758,1.4848,3
-0.025147,2.3497,2
2.6558,0.41561,2
-0.98907,-0.76688,2
-2.8851,-5.2535,2
-1.9035,-3.3822,2
-4.3456,-0.26856,2
-4.2164,-1.0447,1
-1.2984,-1.4576,2
-1.0821,-2.1784,2
-1.1801,-0.29959,2
0.34479,1.7898,2
1.4635,2.6771,2
2.4432,1.6438,2
-1.9485,-3.655,2
0.33811,0.8439,2
-1.5605,1.7515,2
-1.45,-0.28235,1
-6.1965,0.57439,2
-1.9094,0.54575,2
2.4454,0.44941,2
0.21945,1.4225,2
-1.5485,-1.3907,2
-1.5766,2.5072,2
2.1637,-1.2274,2
0.64289,0.81051,2
-0.34737,-1.8799,2
2.4568,-0.30928,2
-1.6821,-0.91536,2
-1.7111,-0.20561,2
-5.004,-0.14978,2
-0.55149,0.11156,2
-3.6122,-2.7221,2
1.7242,-1.0183,2
-1.589,-0.3906,2
1.6615,-3.3148,2
-0.72539,-2.0202,2
-2.5885,-2.1622,2
-1.0582,-2.8709,2
-0.76084,-1.8829,2
4.122,1.0947,2
3.7948,-1.0542,2
1.0928,2.0125,2
-0.084707,-0.32171,2
-1.0482,1.3258,2
1.575,-2.8955,2
-2.9231,-0.1379,2
-3.6019,2.1329,2
-0.68791,-4.1155,2
-1.2564,-0.69798,1
-1.9473,2.8412,2
0.81962,-1.3498,2
0.68648,1.4625,2
-3.0772,-6.9112,2
3.6554,4.3309,2
-1.4583,-1.3062,2
0.51206,-0.92697,2
2.0186,-1.8873,3
-1.0179,0.94085,2
-2.0063,-0.073159,3
-3.2699,0.43167,2
0.91944,0.9787,2
1.7851,1.299,2
-3.5824,0.46422,2
-3.0825,0.045809,1
0.041339,0.30708,2
1.4244,-0.007014,2
0.46058,1.539,2
2.0449,0.84667,2
4.0914,1.2434,2
-3.0458,3.0579,2
-2.4514,1.2773,2
1.4891,3.9624,2
-0.96713,-0.72143,2
-1.1055,1.1522,2
2.8953,-1.9231,2
-4.1342,-0.86585,2
2.0962,-0.61575,3
-1.0465,0.56019,2
5.6947,0.30248,2
-0.76599,-0.83689,2
-0.86279,1.7494,2
0.85983,-1.931,2
-0.27526,1.1187,2
-1.3632,-0.69152,2
1.3653,1.8061,3
-0.926,-0.45211,2
-0.057506,0.54469,2
-1.4416,1.5824,2
-2.228,0.77329,2
-4.932,-2.0959,1
-2.6031,-3.6271,1
1.2924,3.3497,2
3.0695,-0.037766,2
0.023051,-1.228,2
1.4992,-0.63755,2
-0.21062,-1.5414,2
0.88975,-2.2826,2
-0.23341,-0.053038,2
0.32947,3.6008,2
-2.325,-2.4009,2
1.5184,1.4002,2
-0.60162,3.7816,2
3.6185,-0.81884,2
1.6975,2.488,2
2.6114,0.45458,2
2.6932,-0.72721,2
3.2418,-4.2755,2
-0.13155,-3.1316,2
-0.063621,-0.95249,2
-0.53859,0.24925,3
0.67472,2.6282,2
3.4604,2.6175,2
-3.4354,-4.0874,2
0.1002,0.92138,2
-0.14661,-0.67848,2
-3.8537,-0.38261,2
0.85941,3.284,2
3.284,1.2671,3
2.6221,1.1125,3
1.5255,0.30901,2
-3.6503,-2.6299,2
2.7455,1.3074,2
0.46238,3.5293,2
0.64952,-0.10709,2
2.9564,2.2248,2
1.2369,0.13249,2
0.41546,-1.4843,2
-0.56507,-1.7263,2
1.2459,-1.0021,2
2.5045,-1.6495,2
-0.67482,0.20485,2
-1.9948,0.8005,2
-2.424,2.7506,2
3.0673,-2.1387,2
1.7625,-3.7526,2
-2.8879,-2.5065,2
-0.20316,-1.2279,2
3.1896,1.9955,1
-1.574,0.29195,2
2.4566,0.11905,2
-2.6428,1.9805,2
0.1671,-2.2777,2
1.9077,-1.3651,2
2.2489,3.8152,2
3.5719,2.3753,3
-0.16589,0.80454,2
1.5098,4.2345,2
-2.8406,1.6866,2
1.5928,1.8058,2
0.22061,1.8799,2
2.0733,-0.7356,2
8.3935,0.99343,2
2.9216,-0.31046,2
-1.4249,-1.747,2
3.7676,0.52453,2
4.7296,-1.7508,3
-2.7422,-4.213,2
-2.3237,-0.54358,2
4.8858,2.0243,2
-0.78113,-0.83323,2
2.0951,2.2122,2
-3.5188,-1.2633,2
-2.6891,1.6248,2
1.3756,2.4466,2
0.97443,-0.68553,2
2.4711,-0.26951,2
-0.0045635,3.7868,2
-5.1897,-5.7417,2
3.6636,2.0616,2
-1.9428,-2.4325,2
-2.3184,2.0842,2
-0.32799,-2.3435,2
-2.5455,-1.5634,2
-0.97049,-0.79768,2
-0.31852,-2.3339,2
-1.2536,-0.69761,2
-0.86344,0.47436,2
-2.4215,-0.89801,1
-4.4033,-2.4862,2
-1.9968,2.1744,2
0.91157,-1.7519,2
-0.43017,0.73053,2
2.0408,0.52506,2
-0.96071,1.8787,2
-0.91886,-0.34193,2
-1.2944,2.2562,2
-0.061246,-0.16363,2
-1.1257,-2.8892,2
-1.3002,-0.853,3
2.7957,1.8034,2
-0.10004,2.7597,2
0.27736,2.9398,2
-2.1712,-0.015221,2
2.014,-3.5546,2
1.2254,1.0366,2
-1.9897,4.7221,2
-1.8853,1.3419,2
4.6141,-0.67894,2
0.81182,0.070509,2
1.5569,-0.62802,2
1.238,2.5886,2
2.5901,-1.0947,2
1.1388,0.94328,2
-2.3792,1.6422,2
-1.2614,-0.82937,2
-0.37434,-0.035769,2
-0.008453,-0.32434,2
-0.62091,-0.47949,3
-0.29832,-1.845,2
-0.85778,1.7395,2
-1.9722,0.73029,2
1.6583,0.28227,3
-2.286,-2.294,2
-0.32175,2.6877,2
-0.13745,-1.5583,2
2.4392,-1.7224,2
0.36426,-3.4771,2
2.0503,2.5404,2
1.7474,2.7929,2
2.9286,1.2721,2
-0.60498,1.6888,2
-2.6709,-2.1046,2
-0.79381,2.6498,2
0.56891,-0.37323,2
0.42864,-0.068707,2
-3.5797,1.9899,2
1.047,-3.0876,2
-0.94211,3.131,3
4.0344,-1.8978,3
0.73775,-0.35936,2
-0.11611,-2.5675,2
-0.3377,0.58977,2
-3.4323,-0.43522,2
-0.041039,-1.2438,2
-4.0377,1.8486,2
-3.0911,-2.3611,2
1.3091,-2.1875,2
1.8816,0.67973,2
0.38207,2.2813,2
-1.9186,2.2989,3
-1.0695,-0.80121,2
-0.76823,-2.1085,2
1.0005,1.8187,2
3.1818,1.0388,2
-3.5847,0.33503,2
0.83266,-3.615,2
-2.2164,2.0093,2
-1.7522,-2.5951,2
0.59397,-0.034385,2
0.58566,3.4317,2
-1.9837,-1.669,2
2.5181,-1.0393,2
-2.3981,-0.37879,2
4.7668,2.422,1
1.1547,1.5703,2
-1.704,-0.73347,2
-0.52022,0.43552,2
0.33664,-0.030892,2
-5.5305,0.6121,2
-6.6132,-3.7699,2
2.8109,0.87769,2
-1.4069,-0.37696,2
3.4912,1.4511,2
-1.0282,0.48905,2
2.3132,2.4039,2
1.7546,1.9725,2
2.0447,-1.7305,2
0.96917,-3.4626,2
0.36382,0.88821,2
0.57328,0.9368,2
1.3453,0.23418,1
-0.72419,-0.059656,2
-1.2117,-0.093161,2
4.1058,0.94523,3
-0.46941,-2.8498,2
-0.98428,0.81963,2
1.159,-1.9882,2
3.8487,-1.7872,2
1.4429,3.5732,2
1.6179,-1.5716,2
0.75474,2.2075,2
-2.464,-0.13344,2
0.65312,0.040804,1
1.0557,2.4561,2
-0.69136,-0.062308,2
-4.0285,-1.7709,2
0.31039,-1.589,2
0.15686,0.45086,2
-0.12573,-0.45998,2
1.8288,1.5772,2
-4.2729,-1.4547,2
-2.9444,0.48159,2
-2.2314,0.77934,2
-0.013593,-0.68633,2
-0.57671,-1.5769,1
2.6816,4.3045,2
1.0575,0.037571,2
0.52183,-3.428,2
1.3448,1.4795,2
0.091304,-1.8261,2
0.022361,1.886,2
-0.77375,-0.54135,2
3.1696,-0.9558,2
2.484,-0.38419,2
-0.22408,1.1245,2
-2.4099,1.0311,2
0.69697,-0.32491,2
-6.2575,-0.2476,2
-0.094721,-0.24348,2
-2.9088,-0.54104,2
-2.6039,1.2092,2
-0.6335,1.0916,2
2.1628,1.5049,2
-0.55182,-3.0404,2
-2.5849,-1.3804,2
2.9408,3.7545,2
-0.18171,-2.2924,2
-1.556,-0.74238,2
-2.3509,0.78261,2
2.7311,2.627,2
-0.2151,-0.69548,1
-3.0106,2.466,2
0.48874,-1.3402,2
-2.2337,2.9512,2
-0.4328,1.1004,2
-2.5124,0.035865,2
-1.5312,1.3378,2
0.16745,1.9906,2
-0.010936,5.1137,3
0.32631,-3.6648,2
1.082,-1.6475,3
2.5684,3.8935,2
-1.2238,0.52728,2
4.3561,0.85979,2
4.0539,5.2014,2
2.8045,2.1403,2
5.3348,-0.057013,2
-1.3534,-1.0815,2
0.17768,0.84647,2
-3.0365,1.3789,2
2.1157,1.2036,1
2.2832,-5.1957,2
2.0403,-2.0002,2
-0.39177,-1.374,2
-0.055107,0.40427,2
-0.28983,0.59056,2
-1.0599,-0.45581,2
2.2858,0.87085,2
3.6529,6.3567,2
0.60726,-1.3157,2
0.37931,2.4092,2
2.5888,1.2967,3
-1.8637,1.0637,2
1.4364,0.76107,2
0.5185,-0.79036,2
1.5561,1.4752,3
-4.1115,-0.52937,2
1.3631,2.7513,2
-3.6895,2.3854,2
0.42258,2.0519,1
-0.24708,0.97171,2
-1.4693,1.0215,2
3.2159,4.0062,2
-1.0508,2.5104,2
-2.208,1.9328,2
-0.22088,1.1879,2
3.7063,-0.047589,2
-3.1542,-1.4171,1
-1.9098,-2.2393,2
3.0595,3.5982,3
1.0685,-0.55353,2
2.6997,2.4019,2
-0.40886,-3.0491,2
-2.011,-4.6415,2
2.4932,2.3127,2
2.176,3.3802,2
-3.2716,-4.4327,1
5.4973,1.4092,2
2.2806,-2.1878,2
0.19852,0.99966,2
-1.2318,1.4096,2
-1.8729,-0.56046,2
2.8358,-2.433,2
-0.89054,1.1764,2
0.43455,2.2128,2
-2.7344,-2.4631,2
1.5897,-2.0223,2
-1.4624,1.4855,2
1.644,0.86986,2
0.98766,2.7307,3
1.7993,1.0083,2
0.036699,-2.678,2
-5.1275,-1.686,2
-4.3369,-2.3037,2
1.3724,4.1083,3
-3.1214,-0.18235,2
-1.5607,-2.2788,2
3.8784,5.9638,2
-0.30073,-1.1782,2
2.5944,0.064793,3
2.9787,-1.4227,2
1.7262,0.46817,2
2.3218,1.7215,2
-3.4098,0.1148,2
-0.86204,0.30484,2
-0.12202,-1.2112,2
-2.8575,-2.4841,2
2.2466,-3.422,2
1.4739,-3.3594,2
-0.51318,-1.2839,2
1.4746,-0.85693,3
0.045123,0.34122,2
0.54299,-0.60783,2
0.57637,3.0902,2
-1.6333,1.2793,2
-5.003,-2.0251,2
-2.843,-0.18398,2
-0.093918,4.8393,3
-1.7178,2.5038,2
1.3901,-0.46572,3
1.1533,-0.60072,2
2.8847,-0.79809,2
-3.2553,-1.1347,2
2.5534,-1.0237,2
2.4056,-1.4382,2
-1.9049,2.7808,2
0.60865,-3.6656,2
2.3504,0.64793,2
-0.48163,-1.6466,2
-0.0012444,-3.8646,2
-1.3048,-0.32537,2
-2.7314,-1.3441,2
-0.95124,3.2575,2
4.9215,0.028797,2
2.3178,-2.9277,2
-3.2157,0.5509,2
0.81713,-0.20222,2
0.1779,0.21672,2
-1.149,3.3384,2
2.3646,1.9034,2
-4.126,-3.3228,2
-3.9542,-2.1281,2
2.4347,1.4197,2
-2.1462,-2.6321,2
-5.0525,0.75599,2
1.2217,2.8015,2
1.9257,-0.61683,2
-0.24446,-0.755,2
-2.8096,1.2525,1
1.3601,0.38726,2
-0.11602,1.1215,2
0.090491,1.5562,2
0.51916,-3.229,1
2.2498,1.9202,2
-2.4848,-5.2463,1
-0.1975,-2.5652,2
1.9744,5.0248,2
-0.62779,2.6802,3
-2.2363,-2.3058,2
-2.8297,0.69951,2
0.50127,-1.9993,2
-4.1492,-0.71574,2
-1.2856,0.47407,2
2.9097,-2.5376,2
-2.6459,-0.051901,3
-3.3122,-0.90584,2
-1.4549,2.6128,2
-0.84127,2.218,3
0.13216,0.72228,1
3.9702,0.88748,2
-0.38104,-0.36492,2
1.9619,-0.55545,2
-0.75696,0.16743,2
2.9592,-0.39661,2
-1.7775,0.56116,2
-1.5376,0.61326,2
-1.6536,0.29578,2
-1.8514,-3.5798,2
-4.4075,-3.5412,2
-1.0904,0.70863,2
3.1017,-0.5263,2
2.3992,-1.2109,2
-0.39513,-2.0519,2
-1.7327,-1.0925,2
1.1835,-0.68908,2
1.9388,4.2445,2
3.4335,-0.64221,2
-0.15983,2.7073,2
-3.7022,2.2654,2
-4.1091,0.65525,2
3.4718,0.90005,2
-0.85976,0.14357,2
-4.1346,-4.6159,2
-1.0785,0.82167,2
2.2272,1.9266,2
1.7381,1.1831,2
-2.7757,-3.4589,2
-0.66039,-0.54251,2
-0.32334,0.5521,3
-0.79673,-3.492,2
-2.6139,-1.3714,2
-1.4028,-0.0095769,2
-1.0965,0.618,2
-2.3686,-4.2146,2
-0.67324,2.6943,2
-2.8453,-0.042499,2
-0.3205,1.4533,2
0.052799,2.1915,1
-2.8214,1.5513,2
-1.5007,-2.8157,2
0.16026,3.1485,2
2.1541,-1.0981,2
-2.3826,1.1482,2
0.13902,0.016282,2
0.84076,-1.6591,3
-0.5507,2.6446,2
1.2085,1.4361,2
-0.072376,1.6031,2
-3.413,0.28622,2
1.6201,-0.040719,2
-2.6164,-0.015391,2
1.9774,4.2958,3
-0.64437,0.28323,2
-4.1904,-0.97052,2
-0.60296,0.46652,2
-1.2294,0.31434,2
2.3704,0.45532,2
-0.66338,0.56164,2
-0.71084,0.15778,2
-1.6776,-1.5001,2
-3.5073,-0.99659,2
1.4992,-0.12133,2
-2.1743,0.021778,2
-2.5121,0.19492,2
0.72141,-0.388,2
-0.061531,-3.6558,2
-1.7506,-2.0505,2
2.1866,0.89139,2
2.9399,0.19188,2
0.7836,-1.1743,2
2.6579,5.9924,2
-1.808,-1.6747,2
-5.331,2.4343,2
-2.197,3.1862,2
-1.159,1.2953,2
-0.67492,0.82139,2
-0.19667,1.2068,2
-1.161,-3.8936,2
-0.28849,2.683,2
-2.0125,-0.74775,2
-1.3413,-1.4253,2
3.5462,1.5272,3
-4.7734,-4.44,2
1.1758,1.812,2
-0.24121,2.3978,2
3.512,-0.13076,2
-0.84704,-0.45167,2
0.95513,-3.4943,2
0.56279,1.7655,1
2.8729,1.5739,2
-0.093078,0.28608,2
-0.50401,-0.1622,2
0.24798,-1.6634,2
-1.5309,0.15702,2
3.2616,1.7855,2
-0.041885,-1.3616,2
-1.4672,-2.657,2
0.084108,0.019213,2
-1.3144,-3.1755,3
1.4139,-2.56,2
0.50145,-1.746,2
-1.1756,1.5848,2
3.9253,-0.33395,2
-1.1894,-5.277,1
1.1379,-2.1693,2
-0.024092,1.6329,2
2.81,-2.5391,2
1.1886,1.2143,2
-1.4879,1.2721,2
3.4212,4.2953,2
0.87446,2.6997,2
0.34446,-2.704,2
-2.653,1.6438,2
0.33397,-2.0043,2
2.0186,0.39262,2
-1.8927,0.44761,2
-1.6493,0.87102,2
3.0258,2.2751,3
2.3477,3.2401,2
-2.984,-1.5463,2
-0.11142,0.40457,2
3.3735,2.4098,2
-0.80845,0.38789,2
-2.3384,-0.19403,2
1.2125,1.0449,2
-1.416,-3.6629,1
3.8208,-0.38777,2
1.9494,-0.94441,2
1.366,0.018311,2
2.2861,-0.071311,2
-0.16246,-3.5495,2
1.8475,-1.8885,2
-1.0667,-5.8617,2
-0.30725,-1.7344,2
1.1084,0.18668,2
2.5423,2.1928,2
-2.1208,-1.9265,2
-1.1761,-0.30277,2
1.9879,0.98824,2
1.5871,-2.0988,1
5.0045,4.0374,2
1.1307,0.99573,2
-0.23384,-4.5119,1
-1.4611,-0.63861,2
3.0386,-2.0462,1
-4.6328,-0.083109,2
2.8472,-0.58981,2
0.52418,2.2221,3
1.4925,3.2829,2
0.30959,-2.7537,2
1.1766,1.0554,2
-0.63949,3.0646,2
-4.8148,-0.28969,2
-4.12,3.2458,2
1.8012,4.1526,2
3.6066,2.7352,2
1.0697,3.0487,2
-0.0076934,-3.4639,2
3.8161,1.146,2
-0.97612,-1.3383,2
-0.51559,-0.059929,2
-2.7329,-1.3841,2
1.3516,-5.8052,2
0.37252,4.1074,2
0.90659,0.35172,2
-1.8863,-1.4156,2
0.26702,-0.49781,2
-4.2306,1.5854,2
-1.0045,0.69262,2
-0.17815,-0.50909,2
0.92499,-0.66446,2
-2.5749,-1.9429,2
2.771,1.7303,2
-1.7938,3.7644,2
2.0283,4.5124,3
2.9421,-0.78077,2
2.7453,-0.83765,2
-1.5693,-3.8938,2
-1.6186,2.4968,2
2.3425,-0.69406,2
3.2557,-2.3177,2
0.71569,-1.491,2
-0.2594,-1.1906,2
-0.33251,-2.3867,2
0.35949,-1.098,2
-2.5833,-1.3384,2
0.79953,0.27641,2
-2.0865,-1.0062,2
-1.7203,-0.3547,2
-2.5802,-1.3803,2
1.8091,1.6951,2
1.9756,1.0235,2
-1.8805,0.80099,2
-0.04334,-5.7347,2
1.7177,-0.45207,2
-0.72356,2.0539,2
-2.221,-2.5658,2
1.6404,3.1299,2
-2.1551,-2.4394,2
0.77306,-1.3514,2
-0.62778,-2.6613,2
-1.4674,-1.3092,2
-1.9643,0.054112,2
5.5747,4.8651,2
0.82509,0.82664,2
-0.023405,-0.23625,2
0.91141,0.24202,2
1.032,-2.7796,2
-1.272,3.6473,2
-2.4158,1.7634,2
2.427,-1.2749,2
-4.3091,-3.996,2
0.48795,0.31381,2
-2.012,0.92442,2
-0.082226,-0.066884,2
-0.68629,2.0623,1
1.2979,0.66569,2
-3.8209,-1.0341,2
1.9212,-1.0378,2
2.0608,2.8823,2
0.24186,0.95999,2
2.3283,-4.4971,2
-0.068174,-0.94369,2
-0.93919,1.3217,2
0.80454,1.6693,2
1.3009,-1.9693,2
-1.1735,-4.2855,3
-0.87431,1.5345,2
0.10158,1.4489,2
-0.67978,-1.7032,3
1.1577,0.97746,2
-3.0359,0.89107,2
-3.8946,2.9866,2
3.2837,1.9124,2
2.9769,-0.72666,2
-1.392,-1.5611,2
-1.1361,-1.9673,2
-0.50944,4.5829,2
0.54724,2.922,2
-3.0911,1.1929,2
-2.5541,-0.59577,1
-0.33192,0.0070241,2
3.8028,0.43393,2
-5.7796,-0.076853,2
0.89202,0.0012719,2
4.3078,0.036262,2
2.2414,2.284,2
1.1829,-2.7587,2
-2.1991,-0.39654,1
1.2227,-1.2228,2
1.9395,7.0095e-05,2
0.91117,-0.22839,2
-3.454,-0.58548,2
-3.0363,-1.1417,2
1.0123,-1.9004,3
2.972,1.9793,2
0.35817,3.1775,2
-0.28132,-0.81068,2
1.0712,-2.6567,2
1.753,1.331,2
-2.5436,-0.64368,2
1.3779,-0.10837,2
-2.1539,0.50527,2
0.31585,2.0992,2
-1.9593,-0.44062,2
-0.58831,-1.814,2
0.83731,-0.18955,2
-2.2031,0.41565,2
-0.16949,-1.1299,1
2.8926,-1.3767,2
1.5347,5.0687,2
1.9981,1.8273,2
2.4763,-0.97222,2
0.8722,5.4303,3
-1.8229,-3.7204,2
3.2402,-0.26988,2
-4.268,-5.453,1
-0.15618,3.5524,2
0.086761,0.45948,2
-1.0126,-0.49223,1
-1.6483,-1.603,1
-0.81568,-5.2291,2
-0.2081,-2.8492,2
1.5886,-1.1097,2
3.4553,-0.72357,2
-2.2426,2.926,1
1.1197,-0.34661,2
-1.1202,-1.1992,2
1.6633,-1.892,2
-1.8151,0.15217,2
1.2699,1.2569,2
-0.92461,-1.7231,2
1.8957,1.6578,2
0.064668,-1.7956,2
-0.58422,2.3375,2
-1.3966,-3.6168,2
-2.8227,3.2414,2
-3.0783,-1.3246,2
-0.21176,-0.57778,2
0.053549,-0.2708,2
1.7261,-0.6162,2
-0.29026,2.8802,2
-0.29301,0.50929,2
-5.0419,0.46763,2
-3.8112,0.62725,2
4.9554,1.2842,2
2.4266,-2.8144,2
0.62749,2.2848,2
-4.0009,-4.5348,2
0.61298,0.49252,2
2.0457,3.7844,2
-0.74938,-2.0978,2
0.37965,4.3974,2
-1.1067,0.34377,2
-1.5108,-3.2936,2
0.82056,-1.4158,2
3.2329,3.0801,2
-2.2824,2.7971,2
-2.2905,2.1034,3
-6.0356,-3.8607,2
-0.19275,-1.7859,2
-1.014,-2.8841,2
3.071,0.48174,2
0.95038,-0.74376,2
-0.40336,2.4601,2
-0.9104,1.3155,3
-2.0842,3.0218,2
-1.1907,-0.97279,2
1.3177,5.6308,3
-0.0070489,3.1486,2
-0.32983,-1.3898,2
-4.2808,-3.0663,2
1.6157,0.35107,2
-2.4338,1.203,1
-0.36288,0.3208,2
3.6863,4.1211,2
1.8008,-0.58718,2
1.4909,1.2267,2
2.4338,1.1877,2
-2.5405,-1.7328,2
1.6984,0.13668,3
-0.29059,1.8169,2
3.8991,7.4503,2
0.18138,0.19403,2
-3.5362,-3.5913,1
-0.94789,4.3668,2
-2.0315,-0.22231,2
0.076136,0.84078,2
0.33405,4.024,2
-1.0003,-1.008,2
0.029867,3.9708,2
1.6363,0.25034,2
1.5874,-0.5137,2
3.922,1.9752,3
2.3956,-2.3951,2
3.2112,0.53333,2
-0.77393,3.8388,2
-0.066443,0.858,2
0.99117,-1.0683,2
-0.78698,1.1719,2
-0.81706,-1.1889,2
-2.3296,-2.2721,3
0.5204,-0.35871,2
-1.6071,-0.78625,2
-2.1232,-2.824,2
0.68392,-0.47572,2
-1.0464,-1.129,2
0.53931,-2.0335,2
3.3609,-1.1321,2
1.3683,-1.7058,2
-4.9332,0.30388,2
0.72446,-0.8586,2
-5.456,-2.5108,1
-1.4104,1.528,2
-5.2222,-4.4901,1
-1.8925,-0.75854,2
1.1093,0.48635,2
1.4962,0.18702,2
-2.2709,0.9178,2
-2.454,-1.9448,2
-2.221,1.7207,2
-1.6424,0.083922,2
-1.8396,0.3866,2
1.4783,1.2026,2
-0.12893,-1.8246,2
-3.3493,0.19701,2
0.96982,-1.1708,2
2.7771,-4.1438,2
-1.487,2.6042,2
0.61685,0.15887,2
-5.5024,-1.8365,2
3.1763,-0.25573,2
1.2041,0.19169,2
-0.52342,2.6378,2
1.5799,-4.9527,2
1.6719,3.878,2
-2.1027,-5.2446,2
2.9521,-0.85408,2
-1.2039,-0.011546,2
0.78412,1.0258,2
0.8335,1.0451,2
-0.48321,3.305,2
-2.4601,1.6879,2
-1.8705,-2.1051,2
-0.39243,1.9917,2
-2.8229,1.9908,2
-0.85548,-3.439,2
1.8335,-0.775,2
1.0046,1.6883,2
0.64011,-5.3198,2
-0.72692,0.024256,2
2.9933,3.6083,2
-0.78928,-0.12904,2
0.76913,4.405,2
-0.93093,-3.7101,2
0.49683,-2.4208,2
3.5778,3.886,2
-4.1006,-0.8628,2
-0.059286,1.083,2
1.913,2.9002,3
1.0754,0.22356,2
-0.25036,1.9129,2
3.1593,-0.07693,2
0.44455,0.59009,2
-2.8167,-2.473,2
0.30335,2.0919,2
-2.0642,-1.173,2
-4.1992,-2.5867,2
0.52789,1.1736,2
1.8135,1.2121,2
-3.0686,-1.4839,2
0.19295,1.7144,2
-0.24204,-0.16825,2
1.0726,1.0465,2
0.59458,0.37472,2
-2.32,-1.6846,2
-1.0179,-1.7247,2
-0.60111,-3.3261,2
2.6847,1.0583,2
0.73676,-1.5306,2
1.4607,-0.34236,2
-1.3161,-0.26634,2
-1.6842,-3.0732,2
1.6442,-2.5666,1
-1.2635,2.9714,2
-0.70936,-0.55854,2
-3.3633,2.752,2
-2.3226,-0.81463,2
-2.6773,1.3764,2
-3.4091,-0.57063,2
-2.2164,3.3288,2
1.1512,3.006,2
-1.4953,-1.1597,2
-0.70843,4.9205,2
2.3319,2.3991,2
-0.61651,-2.8847,2
4.665,-4.3206,2
-1.0211,-0.78618,2
0.60935,1.3626,2
-3.8996,0.3967,2
-3.6607,1.0907,2
-0.69425,1.5872,2
-2.2199,-1.2735,2
-1.1706,-0.52612,2
3.3563,0.69923,3
0.10639,1.2583,2
-0.7902,2.1326,2
-1.5414,-3.1749,2
-2.3116,1.0204,2
0.34217,0.83006,2
-3.2375,-2.3846,2
1.5914,-1.91,2
0.80486,-2.1841,2
1.4835,1.1452,2
-3.3602,1.4591,2
-0.94396,0.30285,2
-3.1832,1.5089,2
-3.1466,1.9585,2
1.9125,-0.45007,2
5.7073,-0.94875,2
2.6569,1.1548,3
-0.058659,2.5115,2
1.7775,2.7167,2
-1.198,-1.0638,2
-2.6975,1.3254,2
-0.48816,2.6333,2
-0.49131,-1.1286,2
-0.44869,0.76442,2
-0.40717,-2.4564,2
3.6766,-3.2172,2
-0.69488,-1.3666,2
-0.56929,-2.343,2
3.8283,3.3388,2
-3.7959,-2.4519,2
1.1295,4.1422,2
0.16249,6.0461,2
-1.3263,5.9963,2
0.83749,-0.038754,1
-2.1595,-1.2029,2
1.0293,1.6914,2
-0.21911,0.56344,2
1.4132,2.0226,2
-0.45256,2.1836,2
-0.37395,-5.4419,2
1.6921,0.84468,2
2.9655,-1.6101,2
-3.0474,-0.58157,2
1.8363,2.1847,2
0.69689,4.7227,2
2.8452,0.41808,2
-1.3809,4.2131,2
-0.88373,-3.8788,1
3.095,-1.032,2
1.1272,-0.62188,1
3.739,-1.5436,2
-0.44649,4.1317,2
-2.9825,1.4314,2
-0.78216,-1.9326,2
3.3358,-0.56339,2
-3.6318,-1.6982,2
0.095452,0.5223,2
-0.91462,-1.5966,2
-0.34668,-0.49433,2
-2.8867,-0.3875,2
3.2066,-0.068824,2
-2.3649,-0.2296,1
-0.38863,-0.2677,2
2.9525,1.2616,2
0.11317,-1.1404,2
-3.2255,3.6542,2
0.022577,-0.4574,2
-4.1112,-2.4456,2
3.1462,3.9703,2
2.8741,-2.6499,2
-4.6715,0.89783,2
4.8915,3.7568,2
2.9248,-0.89002,2
-3.1658,-3.8296,2
1.1857,1.0413,2
0.13734,0.3157,2
-1.4433,-0.14087,2
1.8445,1.3939,2
-2.4201,-0.22819,2
-2.3635,-1.8202,2
-0.56623,1.8911,2
-1.0901,0.3441,2
0.85861,-2.8318,2
-1.812,-1.018,2
0.54764,1.3392,2
-1.9574,2.4258,2
-1.8245,2.8476,2
1.177,-0.23523,2
-0.32256,0.48466,2
2.7456,0.41059,1
-0.25515,1.4239,2
1.5471,-0.62569,2
0.86839,-4.0033,2
0.86807,-3.6055,2
0.70058,4.5581,2
-2.0864,-0.4307,2
0.09763,-0.48697,2
0.33667,2.3524,2
-1.6392,-1.9893,2
-0.74695,-1.7802,2
0.48594,0.9529,2
3.8262,2.4945,2
-0.68729,-1.9709,2
3.2418,2.2769,2
-0.1717,-1.6363,2
-0.45883,0.94514,3
0.42601,-2.3726,2
-0.95664,-3.8046,2
-2.9991,-3.5898,2
1.6538,4.8105,2
3.2426,-0.68439,3
-1.2319,-1.5849,2
1.447,-3.5425,2
-2.5255,-2.0105,2
2.629,4.0062,2
-0.87303,-2.1111,2
0.80919,2.0545,2
0.18537,-2.2146,2
0.84118,-0.86408,2
-0.39384,1.5991,2
-4.6709,2.1791,2
-2.1183,-1.3326,2
-0.54337,1.4274,2
-0.17224,-0.47196,2
-2.7987,-0.14639,2
-0.92159,1.765,2
-1.8784,-4.1145,2
-1.3981,-4.9327,2
-1.6276,-0.51456,2
1.0173,0.42578,2
0.53091,-5.6538,2
2.6035,-0.93994,2
2.5222,2.0729,2
2.6562,0.60544,2
2.4439,1.869,2
1.7308,-2.8133,2
-4.3695,-3.1504,2
0.63685,-2.469,2
-1.6842,-2.811,2
1.6455,0.48299,2
1.6064,0.68078,2
1.9084,0.16513,2
0.82393,1.2093,2
-2.3764,0.94007,2
-0.40281,1.9397,2
-0.023803,-2.4053,2
-1.5436,-1.9145,2
1.9721,0.1721,2
0.29491,0.45892,2
-0.99743,-3.2081,2
-0.66025,0.95733,2
-3.0219,4.2255,2
0.64437,2.5868,2
4.18,0.51652,2
2.1882,-0.55718,2
-1.6532,0.71465,2
2.8168,0.18977,2
-1.1265,-0.40493,2
0.10683,-0.90916,2
-4.0134,-0.93614,2
-0.22151,-0.13875,2
-2.5916,-0.31919,2
0.55708,1.1696,2
0.63869,-0.9672,2
2.156,2.181,2
-4.5354,-2.2232,2
0.092816,-0.64277,2
-1.4451,-1.0764,2
-0.18637,2.9425,2
0.24203,1.9346,2
0.5958,-1.2121,2
-0.67096,-2.209,2
-0.47452,-0.74921,3
4.0919,1.844,2
-0.29213,-2.5927,2
-0.87731,2.318,2
-2.7647,-2.6702,2
-3.7257,0.89175,2
-1.7136,-3.4467,2
0.036942,-3.5966,2
1.8342,0.14443,2
1.4532,5.0078,3
1.5671,3.8827,2
-0.56978,-0.1669,2
-1.3033,-1.6834,1
2.4219,1.732,2
-0.45728,-5.0277,2
-1.77,5.12,3
2.9821,2.4766,2
-1.1777,0.45496,2
3.2883,-0.16893,2
-2.2144,1.3468,2
-4.1083,-0.19732,2
-4.063,5.6197,2
2.555,-0.25856,2
0.80809,-0.92854,2
2.4035,1.9904,2
-2.9479,0.92965,2
3.0747,-0.46126,2
0.40176,-1.5106,2
0.5224,-0.78976,2
-2.4945,3.6544,2
-1.5707,1.038,2
3.7787,3.2834,2
1.7314,0.35323,2
1.2933,-1.0359,2
0.51043,0.83055,1
-2.2401,-0.16286,2
2.4946,0.78813,2
-2.5282,-0.23755,2
0.81195,2.0415,2
-0.12658,-1.2566,2
-0.039847,1.432,2
-1.6694,-2.971,2
0.51142,-1.1107,2
1.6516,0.23119,2
-0.35913,2.0148,2
1.9673,3.6464,2
-0.05411,0.98982,3
1.9279,-4.3145,2
2.0276,-1.6137,2
-0.18441,2.9409,2
3.4337,1.1701,2
0.71071,2.9515,2
3.2427,1.0485,2
1.6433,-2.2754,2
-0.71291,-2.3223,2
1.7336,0.49076,2
0.39588,3.9653,2
1.0895,2.3084,2
-2.5581,-0.45219,2
0.93663,0.65969,2
0.56052,-2.9747,2
0.72746,-0.96564,2
-1.5797,0.51093,2
-3.3319,-1.1241,1
-3.0557,-2.3837,2
-1.2816,-0.023672,2
-0.69548,0.684,2
-1.9564,-1.2119,2
3.1254,1.2241,2
1.9627,0.30926,2
-1.5005,-0.84093,2
-1.94,-2.1501,1
2.4222,1.9218,2
-0.98552,0.34339,2
0.42929,1.9394,2
0.58905,-2.4881,2
-0.94404,0.62759,2
1.4946,-0.70161,2
-1.3411,-2.3218,1
-4.3546,-0.84397,2
-0.063623,2.0432,2
-4.2004,-0.75561,3
0.90368,0.57394,2
0.42851,0.58537,2
1.0085,2.1873,2
-1.5572,-0.33408,2
2.422,1.1582,2
2.3723,2.4931,2
-2.1663,-1.4254,2
2.242,2.3197,2
1.4959,1.2985,1
-1.3011,0.86992,2
0.12354,-5.1182,2
-0.78264,2.464,2
1.8187,-0.62899,2
0.83708,0.42107,2
0.57472,-0.36799,2
-2.9993,-2.9345,2
1.4509,-0.083266,2
2.3701,0.070418,2
4.2532,-1.3038,2
-1.6439,-0.48054,2
1.4195,0.16721,2
-1.2399,2.5051,2
-4.4379,0.51574,2
-3.9553,-2.5195,2
2.4991,-0.35753,2
-0.86447,-1.0622,1
2.5248,4.532,2
3.5848,-0.13834,2
2.1863,1.2045,2
-3.3288,1.2925,2
-0.30815,-0.45591,2
0.076212,-0.16453,2
1.5561,0.38282,2
0.36853,-1.2282,3
-0.71098,-0.12157,2
1.7892,-2.848,2
-0.022352,1.3386,2
3.0435,2.1779,2
-5.0857,0.65052,2
3.2673,0.027092,2
3.4308,4.1084,2
-2.6535,-1.1009,2
-0.56586,-2.6287,2
-1.3621,5.8037,3
-2.9439,0.26227,2
0.086055,-3.9575,2
-2.6769,-2.1488,2
-0.29331,0.53777,2
-1.0331,-0.63463,2
-3.3533,-2.6552,2
1.799,2.0134,2
2.4066,-4.9138,2
1.431,0.12729,2
0.91138,0.77238,2
2.2218,-2.3271,2
-0.012651,-3.2948,2
-1.412,3.5656,2
-1.8695,-0.48814,2
2.461,1.1037,2
-0.72002,-0.0084636,2
-0.9272,2.0623,2
0.57604,-3.3846,2
0.49798,-2.8281,2
4.4734,4.7684,2
0.4724,-0.52703,2
3.2846,0.12336,2
2.0015,4.4751,2
0.058643,-2.249,2
3.8451,6.3786,3
-1.3001,0.34689,2
-0.91173,4.1253,2
1.4604,0.40404,2
-0.5926,-0.15149,2
-2.6073,0.48961,2
0.85606,3.4648,2
1.3132,2.3264,2
0.66035,-0.63015,2
1.0682,-1.1536,2
0.58816,-1.2265,2
2.2747,1.5422,2
0.49536,-7.5699,2
-2.0849,1.0537,2
5.8166,-1.5075,2
0.33264,0.95968,2
-1.3604,0.47359,2
-1.904,0.050273,1
-2.7093,0.9343,2
1.3029,3.0108,2
-1.3542,0.73793,2
-1.1574,1.4238,2
2.5954,-1.5252,2
-0.79694,0.60369,2
4.5199,1.3213,2
-1.3709,0.62916,2
-3.6147,3.9404,1
5.0841,0.26572,2
-2.079,1.7888,2
-0.14875,0.68287,2
0.8346,1.4322,2
-2.8045,-1.4146,2
-3.806,-0.17175,2
-2.721,-4.4234,2
2.2618,1.6202,2
3.3505,4.2411,2
-1.2868,-2.2512,2
0.65804,1.823,2
-3.7328,0.1157,2
-2.6903,-1.8178,2
0.73174,0.8603,2
0.12422,1.5513,2
0.029137,0.28115,2
2.3739,-1.8026,2
3.9474,-0.66803,2
3.1791,3.1968,2
-0.68161,1.121,2
-1.7975,0.9907,2
2.0677,3.6847,2
0.36428,-1.3528,2
-1.2581,-0.8751,2
-0.33095,-0.44393,2
-2.3639,-4.4605,2
-1.0607,-1.042,2
-1.2854,0.66237,3
-1.7287,1.2519,2
0.16199,1.6149,2
3.9666,-1.2817,2
2.618,-1.9077,1
-0.5063,-2.1281,1
-5.2525,-1.0951,2
0.92069,-3.1503,2
4.4688,0.80844,2
0.52839,-3.017,2
-2.2033,1.1942,2
0.83438,1.3904,2
-1.3523,1.3622,2
-0.7522,1.0599,2
0.59824,0.91294,2
-0.49456,1.8729,2
1.507,-2.5526,2
0.803,0.73973,2
-1.3802,-1.9283,2
2.1323,0.25918,2
-5.0595,-0.45015,2
-1.4452,1.0234,1
2.588,4.212,2
0.62874,-2.068,2
-0.98111,0.14673,2
-1.1605,-2.1341,2
-2.1432,-1.6073,2
2.2943,-0.18873,2
-2.2061,-2.0132,2
-1.7206,-1.4135,2
-2.1112,-0.41677,2
2.4555,1.3148,3
-0.64351,-0.84728,2
0.90673,0.031115,2
-4.3261,-0.19422,2
-1.15,0.1552,2
4.008,-0.60615,2
0.55966,-0.33277,2
0.21893,2.1253,2
-0.47916,-3.3826,2
-1.5884,-2.6344,2
-1.9488,-3.3206,2
-4.9765,-1.3552,2
-1.4876,-2.6224,2
1.1726,-0.55095,2
2.2888,-0.1524,2
2.8684,0.76014,3
-2.0178,0.82148,2
-0.74709,0.29465,2
-4.4799,-4.3455,2
0.20568,3.2807,2
-1.6957,-0.15695,2
-1.1681,-1.7692,2
-4.9931,-1.15,2
-0.47127,2.4086,2
0.39084,-1.148,2
-0.24165,-2.6608,2
0.65523,-1.6406,2
-3.5333,2.5126,2
0.20224,-1.2955,2
3.6901,-0.65256,3
0.11232,0.14578,2
-0.90043,-4.9936,2
-3.8499,3.346,2
3.5449,-0.56138,2
-0.00015549,-0.46661,3
0.74787,1.2317,3
0.23379,1.696,3
4.577,-1.1187,2
1.3802,0.11521,2
0.45309,3.0669,2
-5.7929,-4.142,2
0.28895,1.0689,2
0.31924,2.6238,2
-2.2958,0.84931,2
-1.316,1.3079,2
-2.7,2.0858,2
-1.7721,-1.6169,3
1.3308,2.3647,2
-0.36634,4.0396,2
-3.1473,2.0675,2
2.9072,-4.8498,2
-3.4771,-2.0775,2
-1.031,-1.5388,2
-3.9459,-3.988,2
0.044905,-2.2488,2
0.96055,1.8281,2
-2.8234,-3.9145,2
0.83618,0.48533,2
0.68559,2.053,2
0.30364,-4.7659,2
5.7612,5.3205,2
-2.6384,-1.3081,2
-1.5093,-0.63998,2
-1.9014,1.7767,2
-0.68732,-2.1012,2
1.0625,3.5399,2
-1.6899,-1.6314,2
0.5028,0.22274,2
2.5072,0.85675,2
-1.8099,2.6099,2
-3.5338,-1.168,2
2.8005,1.0493,2
2.4621,-1.158,2
-2.1474,0.76652,2
4.7085,-1.1981,2
-0.72735,1.8999,2
0.091756,-0.48892,2
2.795,3.268,2
-0.9463,-1.7443,2
0.37228,-1.2541,2
2.1547,-1.3834,2
-1.5394,2.506,2
-0.64697,-2.7713,2
1.4616,-2.4706,2
4.3787,-0.05866,2
-2.618,0.25626,2
2.6795,2.0946,2
1.3677,2.7586,2
-0.12899,-0.93717,2
-2.3188,-1.1187,2
1.6271,0.93908,2
-0.58032,-1.104,3
-0.47609,-1.9089,2
1.5102,3.2467,2
-3.1916,-1.4739,2
-0.22941,2.4675,3
2.3023,-1.2744,2
1.0471,1.3253,2
3.2829,3.3832,2
-1.0197,-1.3831,2
-0.76858,1.0904,2
0.1566,-1.2625,2
-1.7859,4.2784,2
-3.7964,2.6322,2
-0.74463,-0.43393,2
2.7779,0.96186,2
-0.60199,1.9091,2
2.0338,-0.73792,2
0.41732,4.9067,2
-2.567,2.3685,2
-4.6169,-4.6598,2
0.037814,0.03005,2
-0.94571,5.6101,2
-0.17714,-1.9393,2
-5.3256,0.12062,2
2.0973,0.44733,2
1.2356,-0.70343,2
3.3613,2.671,2
-2.0375,-0.92002,2
1.0084,0.5414,2
-3.5428,5.4156,2
0.72712,-0.93475,2
-1.0742,1.2027,2
3.6309,0.93774,3
-1.7983,1.4669,2
0.37143,-2.5849,2
-0.4185,-2.7715,2
-0.55022,-0.0042679,2
-1.3872,-2.8135,2
-1.276,-2.1543,2
1.8878,1.6666,2
3.0635,3.1577,3
-0.95015,-0.39621,2
-0.99945,0.079964,2
-1.4194,-0.0012746,1
0.17734,4.4936,3
2.4659,-3.4103,2
0.22853,-3.858,2
0.27125,-0.34726,2
1.6174,2.2627,2
3.2831,0.13451,2
3.4321,-0.39835,2
0.8139,-1.4697,2
1.5878,2.6929,2
-2.4889,-0.45534,2
5.1648,4.1045,2
0.26231,-3.2163,2
-4.2351,-2.6842,2
1.7577,-1.6482,2
-1.2208,-2.2688,2
0.035716,1.8609,2
0.67357,3.4644,2
-0.60183,-0.22418,2
-1.5982,-5.022,2
-1.7647,-3.6465,1
0.7694,-4.0652,2
3.448,1.8317,3
0.37256,-1.8452,2
-1.0093,-0.64292,2
1.3102,-0.1172,2
2.5659,2.6099,1
1.5471,1.5854,2
3.5847,3.0709,2
-0.38235,3.901,2
-2.6732,1.7046,1
3.335,0.74299,2
-1.7699,1.3134,2
0.17736,0.91813,2
-0.64498,-0.45089,2
-0.13091,2.8799,2
-0.77237,0.25281,2
0.57176,-1.6439,2
-0.47713,-2.8721,1
-0.8876,-0.89188,2
-0.54122,-1.3665,2
3.9984,-1.3657,2
0.63829,0.25656,2
0.55273,1.7415,2
0.6963,0.22835,2
-1.625,3.1727,2
1.7932,1.4748,2
3.6929,-1.3995,2
-3.2687,-1.7639,1
1.3334,1.9717,2
-2.8804,-3.5389,2
-2.7358,-2.7894,2
2.8885,1.5049,2
2.1741,0.6397,2
-1.5573,-1.4174,2
2.1917,-0.85721,2
0.9112,-0.94732,2
-2.8704,0.071659,2
4.2099,4.6716,2
-0.030133,0.25024,2
-0.65039,4.3221,2
-5.6937,-1.7878,2
1.0536,1.4884,3
-1.8815,-3.146,2
-1.5084,-2.5408,2
-2.1574,3.158,2
6.8583,1.2909,2
-0.081934,1.2946,2
1.3694,4.7145,3
-4.4652,-1.2013,2
-1.8702,-6.0585,2
-2.3454,0.9255,2
-0.77274,-1.8047,3
-0.50699,2.1472,3
1.9436,1.0122,2
0.42201,-1.8973,1
0.50909,-3.0615,2
-1.9553,-2.0004,2
0.26368,5.1002,2
1.8311,0.74638,2
1.631,3.9608,1
1.3726,6.303,2
-3.5301,-1.6764,2
3.2241,3.4757,2
-3.4087,-1.0767,3
-3.7172,-4.2395,2
-1.4077,-1.5323,2
1.9481,-3.3933,2
2.8626,-2.0974,2
2.3759,-1.0451,2
1.7547,1.0112,2
-1.3053,1.8201,2
0.84356,1.3981,3
0.53109,-0.83403,2
0.51141,3.0971,1
-0.050226,-3.2913,2
-1.4482,-1.4122,1
3.4081,-1.7741,2
0.67297,0.14011,2
2.4247,-4.6038,2
-0.11404,-2.8457,2
1.9938,-0.24704,2
-2.7023,0.0039839,2
-1.4353,-4.4327,2
1.1671,3.6388,2
-0.43572,-0.048228,2
-2.1869,2.5293,2
1.7429,-4.8068,2
0.12317,0.96792,2
-4.1951,2.2576,2
-1.3132,-1.7353,2
-5.9936,0.51523,2
-1.5777,-6.5699,1
1.0652,0.80429,2
5.6918,2.3335,2
0.14481,-2.1559,2
-3.0991,0.53618,2
-4.0282,-1.2864,2
-1.3025,-3.4787,2
-2.1512,1.9416,2
1.6255,-0.20248,2
-1.6961,-0.15553,2
1.4085,-1.6449,2
0.020345,-0.57844,2
3.0466,1.9646,2
-0.59842,0.77623,2
2.383,-2.0977,2
-1.7441,1.6843,2
-1.0975,1.3399,2
-1.4201,0.076603,2
1.3398,-3.1758,2
0.38297,0.36216,2
-0.53313,-1.6715,2
-1.5194,-2.8487,2
0.99343,0.48879,2
-0.74942,1.6365,2
1.7867,0.045516,2
-4.4638,-0.53186,2
-0.59744,0.49434,2
-3.7088,1.8688,2
1.2788,-0.55266,2
0.77988,-0.27705,2
2.6,0.59522,2
-1.3658,-1.3242,2
-0.75649,4.2425,2
3.3361,1.67,2
-3.5854,-0.46632,2
3.2574,1.143,2
1.6813,3.5766,2
-1.9586,-0.14439,2
-2.598,3.7286,2
-0.53359,2.5933,2
4.1979,0.86104,2
0.27057,3.7042,2
-1.5092,-1.0489,2
-3.9717,0.79428,2
-1.397,1.8133,2
1.83,-0.64717,3
2.8716,0.26214,2
-0.46004,2.6638,2
-2.5622,-4.7021,1
-1.7017,0.77431,2
-0.19076,2.6114,2
-2.1129,-2.6597,2
-0.65804,1.7373,2
2.1005,0.82855,2
-1.7297,-0.019276,2
-1.7245,-1.0065,2
1.3169,-0.74815,2
1.6183,3.4589,2
2.0227,4.9306,2
0.74066,0.24483,2
0.78543,-0.23942,2
1.8918,1.0563,2
4.9707,1.6459,2
-0.64599,-1.8241,2
-1.007,0.95755,2
3.9034,6.0449,3
0.1183,-1.9454,2
-0.94143,-1.2246,2
0.0076291,-3.9885,2
-0.63726,0.24853,2
0.2364,-1.0041,2
-1.937,2.8754,2
-4.3195,0.1565,2
-0.38082,-0.70773,2
2.0783,4.4784,2
-2.5587,-4.4062,2
-3.4308,-4.309,2
1.3274,2.5797,2
0.55307,-2.2429,2
-1.3787,1.2095,2
-0.42579,1.8546,2
-0.65103,-2.2498,2
-0.27421,3.8237,2
2.2384,1.399,2
0.21264,-3.1825,2
0.69508,3.9555,2
0.89948,-3.8279,2
2.3282,1.8572,2
-2.0414,1.7705,2
-1.5388,-0.57341,2
-2.7403,0.84453,2
-1.7982,-1.9894,2
-2.2893,2.4555,2
0.52639,0.25642,3
0.56521,1.62,2
-1.9429,0.10143,2
-2.8262,0.96999,2
4.0599,3.886,2
-0.78389,-0.58084,2
-0.66378,1.724,2
3.1806,0.85373,2
2.645,-3.5276,2
-2.6645,-0.89586,2
-3.7365,0.97711,2
0.21987,-4.6216,1
-6.4042,-3.7588,2
2.8332,1.0336,2
1.8981,-2.4178,2
-2.1319,-1.433,2
-2.7041,-1.3104,2
-0.92565,-4.1977,2
1.8527,4.0977,2
1.7777,-2.1497,2
2.0471,3.213,2
0.54986,0.88252,2
1.4341,-1.6845,2
1.4979,0.29155,2
1.0309,-1.7161,2
0.029504,2.1799,2
-1.856,-1.2095,2
1.3744,3.8964,2
-2.2707,0.17999,2
3.2523,-3.6149,2
-0.84593,-3.8049,2
-2.8018,-1.2129,2
-1.1066,2.3019,2
1.9865,1.473,2
-0.41833,-3.343,1
3.4858,0.67438,2
0.58419,-0.72089,2
-2.0503,-2.9846,2
-0.9892,0.86163,2
-0.86833,2.9,2
-3.616,0.42015,2
1.9456,-2.7874,2
-1.7235,-1.4685,2
-0.58288,-2.7377,2
-2.7483,-2.9609,2
-1.453,0.26242,2
-2.0215,1.5326,2
3.2581,-1.9838,2
-3.8982,-2.2021,2
-3.7645,-1.1072,1
-2.4072,0.13995,2
-2.9508,-1.5937,2
0.44749,1.4538,2
1.6458,0.76615,2
1.6846,-0.42952,2
-3.5932,-0.79921,2
0.70641,-1.4793,2
1.7311,-1.0738,2
-0.89478,2.8616,2
0.65529,-4.115,2
-3.2296,-1.9775,2
-0.81958,0.74283,2
-1.4749,1.0623,2
8.0918,2.8092,3
0.90998,-1.186,2
1.2484,-2.0447,2
-1.2366,2.8058,3
