-0.18403,0.57664,3
-0.24953,-1.8772,3
-0.72418,2.5121,3
0.10102,3.8757,3
-3.8422,-2.2002,3
-1.6292,-0.02838,3
2.0506,-1.4815,3
-0.38458,1.7776,3
-1.2156,-1.0444,3
2.1522,-2.0653,3
1.3126,-0.15704,3
-1.3124,-1.3563,3
2.3134,0.95746,3
-3.4556,4.1624,3
2.9094,-0.089615,1
-0.0035249,0.34485,3
2.5022,-2.6592,3
-0.75682,-3.0648,3
-3.5803,-1.0089,3
-1.0597,-0.66626,3
0.52948,2.2859,3
0.52187,2.7463,3
2.7681,-0.70421,2
2.9176,0.25655,3
0.69406,0.12556,2
3.3889,3.3724,3
-0.52658,1.7493,3
-2.1487,0.31141,3
-0.17266,-1.8496,3
2.1401,1.8287,3
5.891,1.8083,3
2.0226,4.7938,3
-3.9092,-1.6765,3
0.44146,0.26863,3
1.8116,-2.5579,3
0.90381,0.87152,3
0.51733,-1.2,3
4.9106,3.9909,3
3.4193,4.2878,3
1.5651,-0.28628,2
-1.7171,-4.2565,3
0.87869,2.1186,3
2.0682,2.1424,3
1.7917,0.35145,3
-1.1977,4.8708,3
1.4041,0.58568,3
1.6224,3.623,3
-2.0334,-6.7067,3
-0.095266,-0.76898,3
-1.6997,-2.9401,2
-1.2074,-0.41893,3
0.1365,-0.59423,3
-2.9587,-3.4637,3
1.2721,0.70747,3
3.7237,3.7707,3
-0.99755,2.0243,1
0.085675,1.1563,3
1.2178,2.1269,3
0.81047,1.4477,3
3.6774,0.93252,3
2.3606,3.3691,3
-0.68268,-4.3083,3
2.2878,1.8028,3
0.85312,1.2856,3
0.23353,2.3343,3
4.97,1.2526,3
2.4085,0.36566,3
-0.87658,-0.3668,3
2.0222,-1.9875,3
-1.6834,1.5644,3
-4.7746,2.1571,3
4.0104,2.2923,3
-1.9418,3.3749,3
-1.0232,-4.5946,2
4.7198,1.0307,3
0.74147,-2.7855,3
3.045,-1.6435,3
-0.59892,0.89929,3
1.991,-2.5023,3
2.6213,0.89482,3
0.94371,-1.3156,3
4.4641,2.97,3
1.1565,1.3136,3
3.1897,1.1117,3
0.17458,2.0247,3
-3.8142,1.9477,3
0.28101,-0.81561,3
2.6813,-2.6876,3
4.672,1.2057,3
-0.096797,1.2868,3
2.3129,-0.032484,3
-3.3688,-2.1259,3
0.76391,1.1906,3
0.68957,-0.3875,3
-1.9493,-0.54908,2
0.64455,1.9585,3
1.5159,0.40289,3
1.3739,-1.0527,3
0.31888,2.3511,3
-0.71093,-0.4904,3
0.902,2.2626,2
-2.1377,-2.7288,1
-1.0002,-3.8965,3
0.7475,4.1421,3
1.1217,2.7437,3
1.8562,3.132,3
1.7353,0.45536,3
1.8908,0.17832,3
-1.2957,1.0401,3
-0.087424,-1.0553,3
-2.4269,0.97267,3
-1.4386,0.95146,3
-1.7542,-1.231,2
0.82272,-2.8885,3
0.022419,1.7502,3
3.3158,-0.71636,3
-0.0005689,3.6128,3
1.4347,3.1303,3
0.069777,0.31978,3
0.16309,-1.9261,2
-2.1244,-0.47714,3
-1.9825,-3.1862,3
-1.5309,-1.047,3
-0.64187,-0.90738,3
0.4382,-0.072443,3
1.2594,2.5165,3
1.018,-0.98161,3
0.9129,-0.23938,3
-1.6332,-0.70923,3
-1.8102,0.34115,2
0.54314,1.4089,3
-1.3506,-1.2872,3
4.216,0.78556,3
-2.8113,1.066,3
1.4753,-1.6544,3
5.6035,3.6355,3
1.0787,-3.0154,3
1.8142,-2.386,3
0.095051,0.072247,1
7.3707,0.21127,2
-6.1233,0.70931,3
1.9214,1.013,3
2.1455,-3.0298,1
1.6843,1.7402,3
-1.7281,-2.1051,3
1.589,0.011089,3
0.14649,-0.87,3
2.9937,4.0331,3
0.79024,-0.3382,3
0.25366,-4.1174,3
-0.51576,1.3662,3
3.6759,-1.0007,3
2.7984,2.6046,3
-0.58719,2.0079,3
1.345,0.70955,3
1.3502,1.8856,3
0.84468,3.5316,3
2.5665,-4.405,3
2.8863,-3.0796,3
1.2149,-2.105,3
1.6257,-1.1955,3
0.98857,-0.57202,3
-1.0741,0.32411,3
0.93888,-1.7629,3
-1.2025,-0.6118,3
-1.3022,-3.502,3
-0.60104,-0.05254,3
2.8728,0.40776,3
1.2262,3.0292,2
-0.008725,5.3956,3
-1.9848,-2.323,3
1.7216,-0.3719,3
-1.0438,0.77426,3
-4.0834,-4.9644,3
-2.4766,-2.3633,3
1.8226,0.42309,3
2.9292,-1.5165,3
0.81104,0.62312,3
-0.22546,0.67419,2
-5.4696,-3.7425,3
-1.5354,-3.3137,3
-0.91689,1.2078,1
-4.1636,-3.8844,3
2.1242,2.9836,3
-0.52204,-1.4549,3
-3.1323,1.6268,3
2.8244,0.83893,3
3.6106,-0.44336,3
-0.027975,2.7905,3
-1.4496,1.9232,3
4.7748,0.68311,3
-4.425,1.6836,3
1.2275,4.8735,3
-3.9827,0.1746,3
-0.59101,0.84432,3
-3.2929,-2.7526,3
-3.2096,2.9276,2
0.74209,-1.1334,3
1.4839,-1.8106,3
2.3407,-0.85585,3
1.7614,-1.1941,3
1.8178,1.5547,3
0.11853,0.2729,3
-0.65156,-0.97853,3
1.0566,-2.8594,3
1.5246,0.95259,3
1.1772,-0.58338,3
0.92255,-3.5459,3
0.053541,1.8087,3
3.2973,1.5922,2
2.6454,0.8606,3
1.1949,3.9936,3
-0.23011,-1.8715,3
-0.98401,1.9035,3
3.3199,-0.8817,3
-0.27431,-1.0015,2
-4.604,0.61062,2
1.4975,2.1326,3
0.051345,4.232,3
2.3588,0.9158,3
-0.48683,1.4489,3
-2.147,1.602,2
1.3828,-0.47162,3
1.8762,-0.82416,1
1.5768,-0.83387,3
2.2084,-0.20054,1
-1.5549,0.99286,3
2.5905,0.71799,3
1.1223,-1.9088,3
0.59935,3.8599,3
-2.3751,-3.4977,3
1.7218,2.4169,3
0.82556,4.0434,3
-0.16133,0.94027,3
-0.68294,-2.3882,2
-0.05215,0.96093,2
1.6018,3.1487,3
1.78,0.32083,3
-0.98856,0.16028,2
-0.088185,1.0945,3
2.6011,-2.6686,3
-2.1992,0.14845,3
0.070095,2.9568,3
1.621,1.342,3
0.18683,2.4194,3
1.397,3.6934,3
-0.81082,-1.6146,3
-2.4951,0.97911,3
2.3218,0.98023,3
-0.30639,-5.1406,2
1.0542,-1.3249,3
-2.0455,-4.1578,3
-4.3341,0.42308,3
1.8206,0.77059,3
0.39379,2.1773,3
-0.64929,-1.9174,3
3.8016,-1.1873,3
2.4782,3.1661,3
0.38032,-0.2202,3
0.2854,-0.049265,3
1.6538,1.0474,3
-1.7112,1.2579,3
1.5848,2.2905,3
-3.7798,0.53874,3
1.5378,2.4485,3
-1.7262,-1.3408,2
3.1376,6.8968,3
0.43512,0.078642,3
4.5906,5.4303,3
-0.14493,2.8111,3
-0.54715,3.306,3
0.2481,-4.3159,3
1.505,-2.1702,3
-1.5609,1.7037,2
-2.7026,-3.5488,3
-4.0707,-2.3174,3
2.5456,-0.20725,3
1.9884,0.33135,3
0.20765,0.19132,3
-0.33905,1.1535,3
-3.6777,0.46532,3
-1.3716,-0.06964,1
-1.6829,1.8232,1
-0.35925,-0.95816,3
-3.0397,-2.5855,1
1.7521,-0.88343,3
-1.2428,1.7963,3
-0.25711,-0.7207,3
-1.6747,-1.5981,3
1.1089,1.5757,3
-0.54953,1.6903,3
-0.34213,-0.24326,2
1.446,-1.6435,3
2.2833,1.2517,3
1.9254,-0.68624,3
2.1504,2.8098,3
0.6727,0.36467,3
3.1286,-0.42785,3
-3.2097,2.9079,3
3.0976,1.1428,3
0.91252,1.8114,3
3.1342,-0.99623,3
0.14214,-1.09,3
0.29997,1.1356,3
-1.5791,0.8675,2
2.3912,1.9679,3
0.40597,-2.303,3
0.24374,0.68032,3
0.0040022,2.7662,3
3.1282,-0.09555,2
0.59476,0.10694,2
0.73179,-0.6801,3
3.0199,1.3355,3
-1.8374,-1.5741,3
3.4874,0.95075,3
2.245,-1.4457,3
-1.2055,-1.5197,3
-3.1166,-0.82524,1
0.29292,-1.1137,2
4.6815,-0.4892,3
-0.77129,-0.22015,2
3.3719,1.8566,3
0.50344,0.38396,3
-2.5538,-0.92953,3
0.7475,2.6253,3
-0.20973,1.9253,3
2.034,3.2713,3
-2.7019,-3.004,3
2.8489,1.6506,3
-2.8391,1.3008,3
0.87881,-1.9054,3
-0.033823,-0.49828,3
1.1706,-0.021097,3
-0.7682,1.1458,3
3.7243,0.089591,3
0.070632,-2.2098,3
4.3795,2.3687,3
-1.8268,-2.3793,3
-2.8105,-0.1863,3
-0.83779,1.8115,3
0.40735,2.3331,3
0.38535,-3.0203,3
-3.1765,2.1839,3
-2.7224,-0.54902,3
-0.65044,-1.5453,3
-0.98127,1.1371,3
-0.2011,-0.85812,3
2.5535,5.1658,3
-3.8805,-3.3371,3
-0.96551,4.1954,3
-1.1761,1.9929,3
0.095963,1.2072,3
2.1037,1.5234,3
3.5453,1.6644,3
2.874,-0.0050943,3
0.27269,0.61586,3
-0.282,2.6914,3
6.5357,-0.71302,3
-2.9023,3.3596,3
-2.372,0.44372,3
2.5426,-0.23975,3
-1.4274,-2.742,3
3.3988,-0.6058,3
3.2092,1.772,3
3.0998,3.1231,2
1.8128,3.6847,3
-0.31498,-1.141,3
-0.521,4.1279,3
-0.52419,-3.8548,3
-3.6239,-0.21451,3
-0.2934,1.6404,3
-0.16795,4.0597,3
1.3527,0.89455,3
-1.4112,0.8189,3
-0.355,0.39136,3
-2.6686,0.58314,1
1.3391,-0.16769,2
0.68315,-3.5621,2
-0.073505,2.3207,3
1.1863,1.0794,3
-0.67374,1.8568,3
1.1501,-0.18029,3
0.57072,3.0059,3
-1.1876,2.4578,3
2.9852,1.3884,3
-2.9106,-3.8462,3
0.70484,1.5222,3
3.2863,3.1684,3
2.0221,-5.243,3
0.53928,3.1284,3
0.94709,-1.2364,3
-4.2979,4.3276,3
2.9924,7.9606,3
0.62026,0.017784,3
-0.79898,1.7689,3
-1.3702,1.2903,2
0.4479,-0.98189,3
-3.9099,0.3915,3
-2.7729,-0.69346,3
0.43546,2.153,3
0.5426,0.57625,3
1.3373,0.9348,3
2.0835,1.669,3
2.2461,-2.6934,3
-0.27921,-1.978,3
-0.96972,-5.0961,2
2.3387,1.9598,3
-1.9234,-0.58718,3
-1.7861,5.271,3
2.1473,0.81973,3
-4.7665,0.45149,3
3.9348,2.4776,3
0.22033,2.3602,3
5.0573,0.72511,3
2.3577,-1.751,3
2.6613,-1.5687,2
0.95847,1.5236,3
-2.5188,0.1693,2
1.6511,1.0368,3
1.5428,1.4535,3
-4.7903,-1.4748,3
-0.069519,-0.58867,3
-0.1433,0.91749,3
-4.9739,-2.9807,3
-3.9584,0.22457,2
-1.36,-2.3113,3
-2.3186,-0.16874,3
-0.1611,-1.9041,3
3.927,-0.3915,3
0.3657,-1.6163,3
-4.3973,-0.1034,1
-3.7322,-0.72716,3
0.87546,0.50342,3
6.5274,0.74428,3
-5.9761,-2.6794,3
1.4383,2.2137,2
-1.2895,0.44783,3
1.0871,-3.1652,3
0.16188,-1.6959,1
1.7894,0.85436,3
5.1297,3.5199,3
-1.1345,-0.46876,3
-0.85508,-3.0352,3
2.1753,2.731,3
-0.31017,2.2312,3
1.1221,-0.1161,1
0.4908,-1.7305,3
3.1286,-0.9569,3
1.7967,0.43071,2
0.39467,1.8238,3
0.80808,4.4222,3
-3.0733,-0.27834,3
-1.421,0.24454,3
2.4896,-0.99609,2
0.99622,1.4416,3
-4.7051,0.9996,3
-0.40247,3.3852,3
-2.3232,-2.5503,3
2.9831,-0.063137,3
-5.6662,-4.3824,1
3.0144,3.0363,3
0.60356,-1.1107,3
0.32357,0.79505,3
2.1389,1.0504,2
0.0037616,-1.5431,3
2.3123,0.35882,2
-3.7019,-0.83056,3
5.368,0.51854,3
-2.1027,1.8478,3
1.9653,1.6928,3
-2.194,-1.3447,3
0.44296,-0.26941,3
0.90909,1.3795,3
2.0232,0.086266,3
-0.50166,-3.2306,3
1.9012,-2.0463,3
-3.5017,2.5529,3
-2.0773,2.5303,3
0.3364,0.30171,3
3.651,2.379,2
4.2492,1.7609,3
0.0875,-0.15654,3
2.4742,4.3699,3
-1.5954,-1.2087,3
-0.65658,-2.4073,1
0.64248,2.5364,3
2.6997,-0.10625,3
0.57442,-0.050635,3
3.0726,3.9508,3
-2.6929,-2.5165,3
-0.91139,-0.58299,2
0.49541,4.3672,3
-1.5229,-0.70684,3
2.5948,3.9142,1
0.31735,3.2043,3
-0.31903,2.515,2
-0.6861,-2.2788,3
-3.6147,-2.6537,2
0.60183,-0.91522,3
2.8772,1.2542,3
3.2754,-0.193,3
2.8848,4.2683,3
1.7507,0.38845,3
0.24749,-0.43811,3
-1.3218,5.3476,3
0.43334,1.9533,3
-1.287,1.4567,2
0.69029,-1.3034,3
1.1918,-4.7556,3
1.5424,0.47754,3
-0.25975,-1.31,3
2.2503,-1.5642,3
2.2679,-1.2667,3
-0.98534,0.31852,3
-1.0071,1.0987,3
0.30866,-2.4567,2
3.8129,1.1772,3
1.9695,-1.0374,2
1.6687,-2.3684,3
0.69763,3.8585,3
-0.33917,-1.3017,3
-0.83343,0.95531,3
1.2698,-0.86292,3
1.7757,1.975,3
-2.4982,0.99388,3
3.7379,1.3352,3
2.2394,-3.0584,3
0.44674,-1.4678,3
0.27017,0.88044,2
1.0615,3.402,3
0.53773,1.7799,3
-4.1071,1.074,3
-1.1343,0.63059,3
-2.6942,-2.71,3
-0.62143,0.73936,3
-0.12229,1.5288,3
0.059439,-0.81409,3
-1.051,-1.3377,3
-0.50289,0.89109,3
-2.247,0.30754,3
-1.3529,0.64867,3
0.80643,0.73928,2
0.60057,2.6581,3
-0.35614,3.3892,3
-0.59358,1.297,3
-1.1611,-0.27133,3
-0.064955,-3.1459,3
-1.5655,2.5585,3
2.4076,5.3913,3
-2.6372,-0.86891,3
-1.4786,-2.3862,3
2.1672,0.13709,3
1.2343,-1.8371,3
-1.2754,-1.6525,1
3.6938,5.3904,3
0.46196,-1.8599,2
-0.060837,0.53819,3
-0.79346,-5.7037,3
1.3619,0.4996,3
0.036858,-0.089958,3
3.2158,4.7623,3
1.4102,2.1319,3
-3.9361,-4.4163,3
-0.49061,5.7763,3
-0.62463,-0.66934,3
-0.91158,0.20567,3
2.4505,2.8908,3
4.7715,-0.05899,3
-0.87534,0.41429,3
0.85731,0.65309,3
-0.40822,3.4992,2
1.0399,-0.4406,2
-2.5292,3.8963,3
1.2615,-3.1188,3
1.4854,-1.5538,3
6.4568,-1.3582,3
1.0675,5.1212,3
0.9852,1.5449,3
2.2188,2.1552,3
-1.2261,0.76966,3
-4.5828,-2.7603,2
-0.23871,3.6684,3
2.6388,1.6055,3
-1.0245,1.6125,3
-1.4329,-0.9373,3
1.5648,0.61416,3
-0.66933,1.9602,3
1.8908,2.3754,2
0.5275,4.1758,3
-1.427,1.1422,3
2.7728,-1.515,3
-0.26261,-1.2781,3
4.7589,0.70749,3
-0.87757,-3.6267,3
4.8035,3.6562,3
4.2824,-0.015865,3
-0.67811,3.8102,3
2.9709,0.88798,3
0.27624,-5.0647,2
2.5044,-1.3835,2
-1.3446,0.9055,1
1.3626,-2.7307,3
5.2846,0.97383,3
-0.84793,-3.3262,3
2.951,4.487,3
-3.9349,-1.4633,2
-1.033,1.1434,3
-1.9174,2.235,3
3.4047,1.4295,3
0.85438,1.6585,3
0.1683,2.1139,3
3.2512,2.1053,3
-1.5139,-4.3049,1
-2.6044,-0.41508,3
4.1478,2.8371,3
0.27755,0.81253,3
3.4586,1.7208,3
-2.3545,0.90061,3
-0.95431,-0.63025,3
0.33324,-1.3085,2
1.7399,-0.80269,3
0.49726,-0.32006,3
0.19488,6.6237,3
1.0591,2.1137,3
-2.4529,1.0463,2
0.94218,0.57136,3
2.8968,4.7,3
0.099049,-0.66934,3
3.0182,-3.5903,3
0.84094,-1.6392,3
2.3314,4.1167,3
4.4718,0.78503,3
2.7442,1.8113,3
0.16561,-0.31315,2
-0.99901,0.5529,3
0.11368,-1.7972,3
1.8378,2.8254,3
4.4657,1.6913,3
-0.07301,-2.9643,3
-0.077093,2.4978,3
-2.7334,2.236,3
1.6846,-1.6078,3
1.2565,1.2347,3
1.4531,-0.42902,1
0.6243,-6.0155,1
-0.92889,1.4511,3
1.3586,-2.0153,3
0.16433,0.48694,3
-0.35697,2.502,3
-1.735,-1.994,3
0.40481,2.6911,3
1.2083,0.30233,3
4.0568,-0.80597,3
-1.881,-0.27443,3
1.1512,-1.1679,2
-0.99317,2.6947,2
1.5943,1.8046,3
-1.6976,1.3128,3
3.5262,5.821,3
-2.8248,-0.17061,3
-2.2107,-3.5211,3
-1.8519,-1.231,2
-0.023647,0.78806,3
-0.51705,1.6783,3
0.39259,0.60849,3
4.1172,2.2868,3
0.82858,1.4564,3
1.8926,1.9968,3
-0.063015,0.51555,3
0.039599,1.5331,3
-3.1539,0.85823,3
3.1833,-0.67838,3
-1.0326,1.6176,3
2.3413,3.4992,3
-0.6082,5.7266,3
2.1488,3.1212,3
-0.5342,-2.8689,1
5.1184,0.21983,3
-0.86951,0.92068,3
0.85594,0.39803,1
3.4578,5.2384,3
-5.562,2.4448,3
-3.3461,1.9642,3
5.0257,2.8815,1
1.3231,1.5915,3
1.4733,0.76734,2
-0.57645,-0.53112,3
2.2028,-2.707,3
2.7665,0.88122,3
0.26866,-0.11224,3
-3.429,3.1414,2
1.5828,0.55436,3
2.1683,3.5048,3
1.1687,1.6196,3
-1.0038,0.30889,3
1.9812,3.4864,3
-1.1276,2.4862,3
-1.5733,2.6165,3
1.8075,-2.6436,3
4.2878,0.50175,3
1.7436,3.1478,3
1.8526,-2.126,3
-0.60643,-2.7071,3
0.71419,0.53047,1
-0.42494,-2.1011,3
1.0203,3.858,3
0.50134,2.3896,2
-1.4906,3.8531,3
-3.4177,2.0178,1
-5.9376,0.41402,3
-0.093258,-1.5263,2
1.1667,-1.3494,3
-2.1062,-4.4942,3
3.5185,3.369,3
-2.2095,-0.75846,3
-0.3899,-0.44168,3
4.8322,2.3544,3
4.3025,1.3829,3
-2.2277,-1.6559,3
1.6805,1.9508,3
-2.5168,-2.4821,1
-2.6767,1.7048,1
0.45772,1.5491,3
2.6699,3.5073,3
1.6045,-1.1158,3
-2.9114,3.4283,3
-1.8092,1.7408,3
1.6555,2.6312,3
-7.7509,0.05961,3
-1.073,1.4127,3
2.5364,-0.53224,3
-1.6529,-4.6676,1
-1.2958,-0.5998,3
1.0879,1.637,3
-0.74036,-1.3121,2
6.9093,1.2842,3
0.80461,-2.9765,3
-2.541,0.39129,3
1.8178,0.87876,3
0.94745,-3.4673,3
0.76526,-0.50197,3
-1.1687,-0.005038,3
2.0148,-1.4062,3
-3.9514,-1.0235,3
0.077627,-1.5899,3
0.038079,2.0463,3
-2.2801,0.89507,3
-1.4512,-0.89904,3
-1.8501,3.8905,3
-4.0023,2.1606,3
2.4871,3.3253,3
5.4423,5.4721,3
0.95465,-0.0039865,3
1.9606,-1.8882,2
5.9319,4.6802,3
1.0127,5.5663,3
0.372,2.6034,3
2.1993,-0.91305,3
0.1297,-1.6257,3
-1.1278,-0.36529,3
-1.9051,2.1483,3
6.3404,-0.40468,3
0.67795,1.6323,3
-0.68663,3.8732,2
1.6955,0.4906,1
-4.8909,-2.1032,3
2.4111,0.25361,1
-2.4847,1.3865,3
0.8909,3.6165,3
0.041527,-0.89617,3
-0.87779,1.0951,3
-4.0619,-1.8618,3
1.6463,0.93384,3
1.3125,-0.32994,3
2.0619,-1.1299,2
-2.2745,-0.88482,3
-0.82302,-3.2439,3
-4.7979,-0.3066,3
-2.9817,-0.46741,1
4.3951,-3.201,3
0.47734,-1.4212,3
-0.09318,4.7581,2
-1.2086,0.1747,2
0.0082739,2.4482,3
3.1733,0.85693,3
-0.29883,1.8624,3
1.1704,-5.5698,1
-2.2709,0.33301,3
-4.7487,-5.7664,3
7.4455,3.9588,3
-2.1474,-0.099431,3
0.98557,1.7265,3
-1.2916,0.77626,3
1.5901,-1.0725,3
0.80862,1.6135,3
1.3895,-1.5877,3
0.087673,1.506,2
-2.594,-1.5254,3
-1.6048,3.2446,3
-1.0515,-0.39547,3
1.7658,-1.9806,3
0.18867,1.2374,3
-4.9067,1.6194,3
-0.055612,2.8291,3
-0.24683,8.3865,3
-4.5865,-0.12096,3
2.0353,1.4923,3
4.034,4.0975,2
0.087387,3.7891,3
2.2253,0.46795,3
0.029408,3.6675,3
0.72588,-3.6758,3
0.40733,-2.559,3
-0.6138,-0.13277,3
2.2867,0.099991,3
2.7312,-2.2774,3
-0.57659,-0.32133,3
-2.8671,-1.8771,3
0.95597,1.8346,3
-1.7975,-3.1453,1
-1.9754,-0.17104,3
2.6839,-0.91677,3
-2.2691,-2.6669,3
-1.8446,-0.12942,3
2.5072,-1.9961,3
3.4014,2.3273,3
-0.81949,2.6283,3
-1.8605,0.60413,3
0.79168,0.2389,3
1.6575,-4.1179,3
1.8462,2.4251,3
3.3392,2.4236,3
3.809,2.5079,3
-2.4887,-1.424,3
-1.9741,1.6965,3
1.9408,1.2618,3
1.4406,-0.0082773,3
3.2619,1.9404,3
3.7384,1.8975,3
-1.4673,2.2095,3
1.0951,-1.5494,3
4.0668,1.8191,3
-1.4542,2.0749,2
0.10915,-1.1724,3
-0.42306,-2.0946,3
1.3241,1.0662,3
-0.16513,0.85329,3
0.71894,2.3529,2
-4.1191,-1.2151,3
1.969,2.6339,3
-3.1753,-5.1635,3
1.1602,-0.067358,3
-2.7581,1.5905,3
2.0862,0.73924,2
-1.2557,-7.415,1
1.8118,2.9627,3
0.95494,-3.7547,3
2.1921,-0.39506,3
-1.1198,1.656,3
3.2072,-0.043971,3
1.4834,3.0849,3
0.79609,0.52438,3
1.3303,-0.01093,3
3.3958,0.19492,3
-2.1389,-0.49586,3
0.18319,-1.03,3
2.4793,0.30994,3
-0.32215,0.76692,3
6.3378,0.68333,3
1.0156,1.481,3
0.58538,0.31245,3
-2.1438,-2.2323,2
1.275,-1.0428,3
2.9606,-0.19858,3
3.406,0.4281,1
2.2575,-1.1181,3
-1.9826,0.46101,3
3.0712,-1.0438,3
-1.3924,0.030522,3
0.62436,-0.62906,2
-2.498,2.1876,3
-2.4525,-4.6758,3
-2.254,1.8612,3
3.3416,0.7992,3
-0.57531,-1.4903,3
-2.8448,4.0612,3
1.021,-1.1572,3
-0.70814,-2.0922,3
0.19967,2.6882,2
-0.25731,1.93,3
0.40634,0.94692,3
4.819,6.0385,3
2.7673,-0.57967,3
1.216,-3.3062,3
1.9122,0.94917,3
2.9262,-1.8152,3
-0.54939,-1.7065,3
-3.216,3.2168,3
1.1677,-0.79184,3
2.3443,-2.1293,2
2.288,0.31681,3
0.79535,-0.5424,2
0.84854,2.5635,3
1.6416,5.0804,3
-0.20892,1.0425,3
-0.97238,-0.047775,3
0.60203,2.6692,3
-2.9658,4.6426,2
0.97338,2.3017,3
2.9481,-1.1961,3
1.157,4.6706,3
2.3277,-1.7361,3
3.817,-1.297,3
-3.2906,1.0216,3
2.0526,0.335,3
1.4439,2.7743,3
0.46641,-3.5943,3
-4.9481,-2.903,1
0.44941,-0.56166,3
5.9382,-0.90013,2
0.51991,0.84885,3
-0.95521,0.95754,3
3.0872,-1.88,2
-3.37,1.7861,3
2.8201,-1.5657,3
1.4497,1.5549,3
-1.3992,1.4316,3
4.4874,0.91456,3
-5.5177,-1.9486,3
2.2185,2.1293,3
-1.5707,-0.26188,3
0.70304,-1.6179,3
0.20174,1.8887,3
-0.68723,1.8273,3
3.8308,2.6057,3
1.0527,-0.87889,3
-0.74134,1.4936,3
0.76997,-0.0031073,3
-0.89702,-6.1668,3
4.7597,-0.5552,3
-0.37489,-0.49858,3
0.068876,1.2485,3
-0.27576,0.45435,3
4.472,3.6263,3
0.45152,2.1007,3
0.11341,-1.776,1
-1.9677,-1.5844,2
-4.1208,-1.7389,3
8.4129,2.2206,3
0.9548,3.8759,3
1.4738,-1.1462,3
3.2202,-0.44246,3
2.6505,2.5451,3
-2.1823,1.7531,3
1.193,0.20052,3
-1.7131,0.79482,2
-1.8078,-3.415,2
-2.1957,2.6782,3
-0.17965,-6.614,3
0.8849,1.5428,3
0.75992,1.0994,3
-0.96523,1.5184,3
3.3307,-2.744,3
-0.34509,0.075008,3
-1.6651,-4.4097,3
-2.1575,-1.4597,3
1.4007,2.1297,3
1.9177,-0.26822,3
0.97341,0.0037725,3
-2.1361,-0.48655,3
1.3329,3.5555,3
-0.22323,-0.20301,3
5.914,-0.76993,2
-0.020694,1.7754,3
2.3453,3.7028,3
0.34811,1.3017,3
-1.0717,0.45339,3
-3.7179,-5.5281,2
-0.47834,0.63759,3
1.3412,1.6039,3
0.44499,0.40886,3
-0.080575,-2.7482,3
1.1609,1.7065,3
0.43426,1.6208,3
3.8436,0.52034,2
-3.9537,-0.56827,3
-1.3029,2.2622,1
0.47032,-1.926,3
-0.43161,-1.8852,3
-2.7057,-1.9801,3
4.6886,-1.3253,3
-0.62526,-4.7581,3
-0.68639,2.4044,2
-3.5146,-1.7468,3
-0.27181,1.9883,3
0.26964,0.22566,3
-1.4354,-2.6055,3
-1.65,4.8322,2
1.7684,-3.0857,3
-3.0298,2.386,2
-3.219,-1.5124,3
2.4403,2.7611,3
3.0048,4.8585,3
-2.0156,-0.37899,3
2.6367,-0.41043,3
3.0109,0.8344,3
5.2286,1.4762,3
-1.9355,-1.185,3
-2.6915,1.3824,3
2.4009,1.0842,3
-1.4069,2.6784,3
1.7068,-1.9903,3
-1.8992,-2.2488,1
-4.2695,2.6554,2
-1.1571,-2.1651,3
-1.2377,0.29658,3
-7.9133,-1.0066,3
3.0203,0.98985,3
2.5198,0.55877,3
-1.7928,-3.0656,3
1.4952,3.486,3
-3.305,2.2377,3
-4.6669,1.7648,1
3.0475,-2.1721,3
-0.68343,-2.3919,3
1.7587,-0.18055,3
1.4955,2.5767,3
-1.3349,-4.1956,3
1.5958,-4.23,3
1.8841,-0.50358,3
-0.90116,-0.6107,3
-2.3075,1.252,3
-1.0277,0.040503,3
-2.3459,1.0527,3
-0.24085,1.1762,3
2.1848,1.2685,3
-1.5879,-2.7553,3
2.7901,1.3753,3
2.7869,-0.49109,3
3.6281,4.4685,3
-1.2021,0.20132,3
1.6229,-3.367,3
-0.76337,1.0544,3
0.47818,-1.9694,3
1.622,-1.1399,3
-4.7135,-0.80976,3
-0.069898,-4.2361,3
-0.51643,-2.3527,3
1.1695,3.7082,3
-0.91318,1.4076,3
-2.1731,-1.0314,3
1.205,1.9185,2
0.25163,-0.63528,3
-4.0177,0.2928,3
1.4219,-0.69634,3
-0.010995,0.33627,3
-2.8088,-1.4261,3
-0.94032,-0.39268,3
-0.2202,-2.1248,2
-0.34517,2.5717,3
1.8432,3.2014,3
4.1411,1.5932,3
0.18909,-0.9379,3
1.7918,4.2978,3
4.0889,2.2444,3
-2.4372,4.3579,3
0.027173,-3.087,3
1.3468,1.6224,3
-3.6742,0.31222,3
-0.075997,2.4573,3
-3.4058,-0.72478,3
1.1607,2.995,3
-0.83411,-0.68049,3
0.33445,1.1299,1
1.189,-1.8441,1
5.4342,4.7799,3
0.6811,-1.8264,2
3.9626,-0.39536,3
5.414,3.6701,3
1.1213,-1.9223,3
-4.093,-3.6753,2
-0.35133,3.7201,3
2.8107,0.03884,3
-1.8439,-1.4835,3
0.23132,-0.50603,2
2.7011,-2.1818,3
2.0777,3.835,3
-0.89004,2.6633,2
2.2079,-0.28123,3
-2.2673,0.16266,3
-2.0861,-1.2757,3
1.3342,2.1553,3
0.63264,-4.7149,3
-0.52111,-3.1508,1
2.2518,3.736,3
0.84816,4.6437,3
0.56432,-1.7915,3
-1.1551,3.8259,3
1.9445,-1.1472,3
2.9553,2.4513,3
2.4233,-1.2224,3
-3.3937,0.92568,3
0.06078,3.2022,3
-1.4691,0.57966,3
0.51632,-0.91644,3
-0.31482,1.2654,2
0.33806,6.9157,3
-1.2456,0.25806,3
-1.334,-2.5044,3
3.4725,0.54972,3
-2.4391,-1.1607,3
-0.05993,-1.463,3
-0.46128,-1.2824,3
-0.59884,1.7617,3
4.366,3.4331,3
-0.83323,0.054558,3
1.423,0.047749,3
1.5105,-2.3448,3
4.2668,0.88785,3
0.22863,-1.2021,3
-0.72274,1.2318,3
-1.5571,-3.0897,2
2.0906,0.094703,3
1.4573,-2.6283,3
-1.931,0.81373,3
-0.11488,4.5405,3
-1.4311,-0.013011,3
-1.2985,-2.0869,2
-1.271,-0.37662,3
2.1058,1.4982,3
-1.4698,0.90214,3
-0.42831,4.0526,3
0.85949,-0.75643,3
0.52926,-2.1682,3
0.76269,5.038,3
-0.39402,5.1091,3
-0.94857,-0.36512,3
-0.32535,0.28783,3
1.2106,0.021911,3
3.7652,4.7356,3
0.6936,1.9545,3
-1.0329,-1.8367,3
5.114,2.1009,2
3.5074,-1.022,3
-1.2014,-1.3295,3
-0.25276,-0.87922,3
0.31126,-2.6029,3
0.46211,-0.20506,3
-1.0158,5.0778,3
0.01478,-0.94839,3
-2.1077,-2.9334,3
-3.2581,-0.8656,3
-2.7041,-1.2924,3
0.8848,-2.3332,2
-2.7303,-0.80827,3
-2.1752,-0.61147,3
2.47,-1.8114,3
0.74801,-3.3234,3
0.81394,4.7376,3
0.041246,0.54862,3
3.2748,2.6775,3
-3.9315,-0.53562,3
0.80582,3.7414,1
-2.0668,-0.69717,3
2.9449,5.0953,3
1.0256,-1.2362,3
2.1822,-2.8831,2
-1.3747,-1.0693,3
-0.54067,0.53425,3
-0.39197,-0.86484,3
1.1288,-0.37256,3
-1.8187,2.6474,3
-2.629,0.013773,3
-1.1503,4.3299,3
0.068001,-1.2294,3
-3.2932,-2.7071,3
-0.34,3.6327,1
5.3328,0.50872,3
-3.809,-5.7797,3
-3.1213,-0.88884,3
2.7353,-3.8766,3
0.275,-0.13826,2
-2.3709,2.4941,3
-4.8126,-1.6609,3
3.0817,-1.853,2
-0.055472,5.3171,3
1.6966,4.9782,3
-2.1003,2.4922,3
0.59912,-0.25791,3
1.3783,-2.2025,3
0.80154,-1.3433,3
2.1883,2.5576,3
0.96652,-1.8758,3
-1.3711,1.1586,2
0.95268,-1.9288,3
-1.0952,6.0011,3
0.51223,2.522,3
-1.911,-0.46354,3
0.97696,2.2813,3
0.040612,-1.871,3
-1.0154,0.035896,3
1.3313,4.0733,2
-1.5671,1.3118,3
-0.49775,-3.0105,1
0.59631,0.93627,3
-0.51598,1.0057,3
1.3776,-0.058973,3
4.5374,0.36703,3
-5.1109,1.2667,1
-2.4763,1.1942,3
0.16447,0.62561,3
2.3447,1.9179,3
0.90938,1.3118,3
4.4647,2.6708,3
-2.0951,-1.0759,3
-0.0033761,-3.6883,1
-0.80154,-1.8712,1
3.5793,-1.3181,3
1.3216,4.6056,3
-2.9473,2.7407,2
-0.71219,-2.8656,3
-0.74667,-1.081,3
-0.09738,-1.7262,3
-0.11552,-2.0192,3
-0.74893,0.53445,3
0.31969,0.51479,3
0.13308,3.4603,3
-1.114,2.1284,3
1.8034,-1.2852,3
-1.1935,-2.5281,3
2.0506,1.5598,3
-2.654,1.0377,3
-1.5932,-1.202,3
1.6804,2.0284,3
-2.2004,1.2153,2
-0.42422,-2.1309,1
-2.6021,-2.1879,2
-0.39954,0.97349,2
2.1256,-1.4778,3
-0.49865,2.0723,3
-1.416,-0.91116,3
0.40108,-0.67041,3
-0.13549,0.065104,3
4.6062,4.4284,3
-0.83969,-3.2025,3
2.04,0.73459,3
3.6621,2.2541,3
3.0664,1.2227,3
3.1793,-1.0604,3
-2.3685,-1.722,3
-2.6661,1.8492,2
-3.7721,2.4734,3
-1.314,-2.0683,3
-0.071853,0.42567,3
-3.1832,-0.8402,3
3.6609,-1.8143,3
-0.56107,-1.1744,2
-0.80676,4.2164,3
-2.9964,-1.2247,3
-0.56149,-0.086688,3
3.7225,-2.5087,3
0.62379,2.7392,1
2.4128,2.5183,3
-0.57779,4.1338,3
1.2665,-3.4528,3
1.6627,0.38984,3
3.4857,-0.17146,3
2.4493,3.4465,1
4.4803,2.2417,3
3.8083,6.4115,3
0.099305,-2.8302,3
-3.0983,-3.0422,3
1.4366,-3.9363,3
3.1419,3.1259,3
-2.1948,0.023983,3
-1.6469,-1.8938,2
-0.83936,-0.077617,2
4.399,-0.79493,3
6.1738,-3.0926,3
-1.4905,-0.43417,3
2.4641,-1.2133,3
2.1138,3.5593,3
1.4739,1.1361,2
-1.8812,5.1471,3
-2.4083,-3.4703,3
2.475,-1.7922,3
2.5929,1.9429,3
1.853,0.56613,3
1.4245,-1.1369,1
2.9603,0.44076,3
0.15983,3.0954,3
0.46762,0.64148,3
2.0574,-0.54555,3
0.5728,3.7902,3
-3.5674,-1.5064,3
-0.92292,1.7179,3
1.2301,1.3525,3
2.3325,2.6811,3
3.5817,-2.3914,1
0.08989,-1.1407,2
-3.2912,2.1785,3
4.1366,1.946,3
-1.5607,1.1168,1
1.0972,-1.711,3
0.3477,-1.2576,3
-5.2198,2.0648,3
2.1445,0.82593,3
-1.7067,-1.2281,2
2.4528,-0.12344,3
-2.0274,-1.2909,3
-4.1456,-3.9056,3
-0.45029,1.426,2
2.5471,-2.5212,3
-1.3525,2.0477,3
-1.8376,-0.73238,3
-1.4979,2.5817,3
1.2079,3.1968,3
-1.9873,4.3362,3
-3.7235,3.7483,3
1.5443,-1.4874,3
1.5076,2.3824,3
1.5717,4.6416,3
0.12453,1.9199,3
-2.3013,-1.7688,2
0.23162,0.93838,3
-2.7739,1.9152,3
0.69221,2.2071,3
0.32682,-1.5477,3
-2.4534,1.0527,3
2.3253,1.9796,3
-0.12196,-1.1139,3
-3.2928,1.5137,3
-1.2004,-2.6224,3
1.8735,3.829,3
1.335,0.99662,3
-0.1671,0.84196,3
-4.2539,3.3279,3
2.9431,0.34175,3
-0.59484,2.9336,3
2.0197,-0.4564,2
-3.2515,1.8057,2
-3.6238,-1.1331,3
1.6705,-0.25574,3
0.78509,-0.59213,3
1.0509,-2.4559,3
3.4156,1.6594,3
1.8349,2.7948,3
-1.4017,-2.3918,3
-0.26404,3.0412,3
-0.27617,-1.1783,3
2.708,-0.83874,3
0.96338,0.14894,3
3.1007,1.0191,3
-0.086138,3.2022,3
1.9701,0.6159,3
2.3183,1.9826,3
2.4311,0.080583,3
4.3234,2.3585,3
4.5208,2.25,3
0.67434,-1.6266,3
-2.5382,-0.5748,3
-3.0734,-1.9777,1
0.82415,0.23071,3
-0.88194,2.2815,3
-3.8604,3.2981,3
0.64327,-1.5044,3
1.0543,-1.9306,3
1.5713,-0.061888,3
6.1669,0.86025,3
-0.21607,0.72235,3
0.1569,2.6241,3
-1.8632,1.7551,3
-1.827,1.3754,3
4.1453,0.38517,3
-0.032234,3.2753,3
4.9844,0.7213,3
0.18874,2.512,3
1.9507,4.4044,3
1.0179,-4.3141,3
4.5494,0.81946,3
0.27104,-1.5138,3
-1.959,-1.1799,3
5.7864,4.1674,2
2.8604,0.99564,3
-4.9616,-2.8611,3
6.1577,-0.31795,3
-1.4664,-1.0544,1
5.7299,1.199,1
1.0527,1.0798,3
2.0051,-0.34686,3
-0.57315,-0.10284,3
-0.86503,2.4226,2
-1.8961,-3.1135,1
-0.75764,0.043593,3
-2.3884,-1.1686,3
0.77158,-1.1049,3
-0.29945,-4.2244,3
-5.2819,-5.56,3
-3.2763,3.7329,3
-1.0542,-1.4927,3
6.1348,-0.2056,3
-0.20167,-1.5798,3
0.93379,2.2846,3
1.242,3.4921,3
-3.0279,-2.4578,3
1.0003,1.3596,3
-2.5084,2.2759,3
-3.1791,4.7461,3
-3.9265,-0.7354,3
-1.3963,0.40617,3
-0.82772,0.18722,2
4.1641,-0.42341,3
3.666,-2.9951,3
1.9385,1.3514,2
-5.6567,-1.7524,3
2.6386,-4.4898,3
1.5538,0.98666,3
4.6208,1.3827,2
3.3296,1.1042,2
-0.083192,0.24797,3
0.96066,2.0189,3
-6.9695,-4.163,3
3.5663,1.1464,3
0.58508,0.0071753,3
0.29864,-0.82592,3
-0.72861,-5.2821,3
-0.10051,-1.5565,3
3.1064,4.5728,3
1.7196,-1.1195,2
-2.9087,0.20017,2
4.1317,2.3471,3
2.4201,-1.7643,3
0.63,-3.7696,3
0.45352,-1.4133,3
1.4817,2.5815,3
2.3354,3.6488,3
1.3734,3.9978,2
0.62933,2.7719,3
1.6582,3.9888,3
0.43991,0.14771,3
0.17946,1.1984,3
1.5714,0.95796,3
-0.16825,2.1563,3
-2.5705,0.022533,3
1.8634,2.9423,3
4.7375,0.19897,3
-2.1672,3.4343,2
2.4757,-0.21335,3
-0.25997,-1.85,3
-4.0566,0.22584,3
0.38435,2.3366,3
2.6892,-4.921,3
1.0199,3.286,3
2.9332,1.2245,3
-1.1461,2.7595,3
-0.17217,1.0186,3
-0.04827,-1.2901,3
2.7155,0.3782,2
-1.0832,0.089803,3
-1.4643,-0.22799,3
2.1873,-1.8693,3
-1.2289,-2.2594,3
-1.0315,-1.4328,3
-1.6912,2.053,3
0.4565,-1.2641,3
1.27,0.8118,3
0.031984,-0.23067,3
1.1114,-0.39791,3
2.8616,3.3205,3
-0.24314,0.89893,3
2.1426,-2.5546,3
1.9934,0.51009,3
-4.6202,1.4039,3
-0.36465,-2.2998,3
-0.46567,-0.63453,1
2.6684,4.6768,3
-0.78905,1.9342,3
-2.0385,-2.7477,3
-0.73063,5.8848,3
-0.9681,3.2792,3
-1.2494,3.1439,3
0.51003,-0.74451,3
-1.1054,3.0578,3
-1.4365,-1.6652,3
-0.58421,1.4701,3
2.4155,-0.33537,3
-0.11587,2.4483,3
0.60141,-0.7594,3
-0.16804,3.1935,3
-1.7142,0.71831,3
2.5279,-0.42516,2
0.13599,-0.93137,3
-0.10831,2.4613,3
-0.54059,3.8804,3
-2.6088,4.5998,3
0.67914,-1.8006,1
-0.49119,1.1558,3
1.3895,0.73594,2
-1.3756,-3.4019,2
-1.0073,-1.9495,3
0.27129,-2.2172,3
-3.5065,-6.7329,1
2.9763,0.94803,3
1.2041,3.8321,3
2.4876,0.29013,3
2.4319,-3.6029,3
-3.7732,-4.0819,1
1.1282,-3.1031,3
2.861,-0.79712,3
1.108,1.2612,3
0.85237,-0.87701,3
4.3456,-0.39487,3
2.0852,-0.69095,3
0.19365,1.2655,1
0.075685,-5.2273,3
-1.3342,2.0378,3
-0.22609,1.2979,3
-0.19434,0.77309,3
-2.7056,-0.46438,3
1.9356,-1.8374,3
3.208,4.0412,3
0.1763,1.8791,3
-0.7593,-0.92771,3
0.82124,-1.7512,3
1.4122,-0.099379,3
0.71816,4.8234,3
0.25928,1.0386,3
-0.8206,1.3026,3
-1.9811,0.30635,2
-1.1483,0.096811,3
0.50004,3.5469,3
-1.7498,2.6365,2
0.2719,0.92852,3
2.0098,-1.3026,3
3.9316,-1.6757,3
1.3379,-1.074,3
5.8461,2.239,3
0.39378,-2.1664,3
-1.0089,-0.11394,2
3.3711,-1.7131,3
0.16461,-2.3147,3
0.91033,2.3356,2
-5.5953,-0.2147,3
0.36023,-3.3083,3
0.96925,2.1625,3
1.544,2.006,3
-1.1403,-3.277,3
-0.6452,-2.5039,3
0.37876,-3.0999,3
-1.066,0.29353,3
-2.7125,1.1825,3
1.6689,-1.0202,2
-3.021,-0.90445,3
2.3007,1.2365,3
-0.033005,0.27455,3
0.05134,-0.18691,3
-1.7794,1.4348,3
-1.0924,-1.9123,3
-2.059,-3.8733,1
0.69455,-0.97467,3
-0.88926,-1.6469,3
0.36555,-0.24793,3
2.9054,5.3248,3
-1.9821,3.745,1
-3.0978,0.35431,3
-1.8522,0.24963,3
3.0471,1.8022,3
1.2985,1.2405,3
-1.5171,0.048027,3
-2.3507,1.2492,3
-3.8333,0.5187,3
0.10802,-2.2943,2
1.7066,-0.86052,3
2.2969,3.1808,3
-2.2883,0.28872,2
-0.72665,-4.4388,3
-0.59894,-1.8952,3
-2.8343,-3.3136,3
3.216,-0.61993,3
-2.8883,-3.6648,3
5.5293,0.50397,3
-2.1445,0.60984,1
-4.2938,-2.5273,1
1.0415,-2.6572,3
0.20245,1.4973,3
0.031443,3.4323,3
-0.067195,-1.4236,3
-0.12937,-0.6271,3
-3.5624,-4.6173,3
2.8468,4.2543,3
1.0597,-0.41575,2
3.4988,1.2962,3
-1.4426,-2.905,3
2.0033,1.6198,3
0.058624,2.5534,1
0.93381,1.6953,2
-0.47561,1.1597,3
1.6873,3.3599,3
3.5441,7.4969,3
-0.59933,0.18017,3
3.8128,-3.1304,3
-1.1436,1.0577,3
3.3119,-0.85655,3
0.2329,-1.0217,3
-2.6041,-1.8797,2
-1.1462,-0.81052,3
2.4118,0.92059,3
-0.69813,1.749,2
1.4886,2.1694,3
-0.04254,-2.4209,3
1.2157,-0.54167,3
-0.49113,-1.4708,3
0.53156,3.0103,3
0.096571,-0.69655,1
-0.10616,2.6539,3
-0.90122,1.4367,3
3.0351,-1.5067,3
-1.7054,-0.040098,1
-0.80216,-0.98073,3
0.94771,2.4137,3
-0.89842,2.9416,3
-0.85667,2.45,3
-3.1548,1.775,3
-3.0155,0.39117,3
1.5285,0.76089,3
1.819,2.6004,3
-3.9329,-0.80929,3
1.3564,0.1906,3
0.097751,1.9665,3
3.9953,1.5244,3
4.557,3.894,3
1.2455,4.2556,3
2.5628,-1.5923,3
1.1843,-2.2642,1
-4.431,0.016599,3
-1.0838,1.8251,1
4.7938,0.39988,3
-1.14,0.84883,3
-2.5242,4.0394,3
-1.3729,-1.6519,1
2.5056,-0.31572,3
-3.0764,1.2313,3
4.242,-1.3579,3
1.8827,-3.901,3
1.865,-1.9815,3
1.7289,2.3629,3
-2.4947,2.7121,3
1.6139,-0.72891,2
0.82327,-1.0631,3
-1.8158,-1.943,3
5.0634,1.2079,3
2.7569,-1.6216,3
-6.2783,-1.3449,3
0.80132,1.8076,3
3.7958,1.3274,3
-2.3497,-1.0224,3
-1.8482,1.0016,3
1.9737,5.5685,3
3.3447,3.5326,3
-0.33439,1.2223,2
2.71,-2.2985,3
1.5818,2.4108,3
-0.18569,0.41124,1
-2.1966,-4.5902,3
1.3019,0.76334,3
1.5619,-2.6112,3
-1.0562,0.75021,3
0.15366,-2.1655,1
-2.8666,0.14081,3
0.43082,-1.0964,3
-2.1158,-0.78634,1
-2.5997,-1.5658,3
3.8314,4.5963,3
1.9494,1.7081,3
1.58,-4.1314,3
-1.3034,-1.1552,1
0.32071,5.1705,3
-0.85133,-1.2876,1
0.44421,0.046882,3
0.42901,3.3248,3
1.5732,1.7993,3
-3.6905,-1.7053,2
1.0815,-1.0543,3
1.6586,-0.14912,3
-4.5942,-0.78064,2
-1.6188,3.0369,3
-1.5698,0.29346,3
1.9218,-0.33988,3
-4.4774,-2.0669,3
4.4865,-1.5443,3
-1.9423,-0.27028,3
1.198,1.585,3
-4.7761,-0.90923,3
1.3693,-0.59462,3
-0.431,1.1475,3
1.2323,1.4082,3
0.62855,-0.68574,3
-2.7209,-0.6041,3
-0.77676,3.0189,3
-0.26698,-4.7641,3
2.4984,0.68257,3
-2.4607,-3.5423,3
-0.53546,0.34806,2
-2.4913,-2.7587,3
3.5774,-2.5187,3
1.5162,0.35321,3
0.35132,2.1833,3
5.1077,4.497,3
3.1979,3.4687,3
0.4681,3.2928,2
-1.3978,-3.0642,1
0.45358,-3.9353,3
-1.6147,-0.17297,3
-0.78549,3.8845,3
2.3007,-2.211,3
-6.2632,-3.0092,3
1.0431,-2.4275,3
-0.99374,-1.298,3
-1.0438,-0.57867,3
-4.4953,1.7608,3
-0.43289,1.0801,3
-1.0796,0.96044,3
-3.7528,0.60181,3
4.8898,5.8206,3
-2.3866,2.3469,1
1.7823,4.0681,2
4.1146,-0.1312,3
-1.1424,1.3756,3
2.3699,0.95746,3
1.5312,2.88,3
1.2118,-2.4129,3
2.6148,1.0512,3
-3.0197,1.0272,1
-0.66597,1.7758,3
4.2652,5.377,3
-3.7453,-3.4036,1
0.032471,2.0272,3
-0.666,-0.77381,3
-1.4769,1.7024,3
-2.2603,4.2098,3
-0.88621,-0.65145,3
3.7549,-0.26291,3
2.4001,-0.22713,3
2.9774,1.2735,3
-0.98032,-1.7483,2
0.010992,-1.0649,3
1.2473,0.88144,3
1.0245,5.0082,3
-1.0588,-1.4179,3
-1.8259,4.6119,3
-2.3006,0.024673,3
0.36012,-1.6066,3
4.77,-3.3821,3
1.6316,1.2604,3
2.1841,0.40042,3
-0.070297,0.81074,2
-3.3976,-2.158,3
1.1056,2.4933,3
-0.9625,-1.7443,3
1.9064,5.5172,3
3.0502,2.1182,3
-2.9539,-1.6978,3
-2.8059,-1.2396,2
1.4407,3.4039,3
-0.2975,3.1682,3
3.447,0.56022,3
-0.85874,2.9174,3
1.5946,3.4535,3
2.5811,-0.11756,3
0.52044,0.8992,3
2.2051,3.7046,3
-2.9298,-3.1818,1
0.82823,0.31218,3
0.90663,-3.0137,2
-2.3787,-1.3134,3
4.4459,0.98857,3
1.3628,2.2396,3
3.3984,4.5888,3
1.0844,3.0851,3
-3.3496,0.20168,2
2.3243,3.4347,3
0.21211,-1.9618,3
1.3503,-3.4124,3
2.5224,0.35907,3
3.8335,1.1642,3
1.5376,1.4659,1
0.7256,4.3352,3
3.047,0.18882,3
1.7332,2.7445,3
2.6523,0.48497,3
0.73884,-0.20619,3
0.8299,-1.7503,3
-2.2901,0.36727,3
0.76972,-1.0994,3
3.3908,-1.0828,2
2.8247,0.57592,3
-2.4157,4.1767,3
-1.2752,0.65541,2
-2.9867,-1.3711,2
-3.792,0.15125,3
-2.0494,1.6908,3
3.8737,-1.1932,3
0.088263,-3.8054,2
-1.8868,0.48918,1
-3.9037,-2.627,3
-1.1858,-2.3619,3
0.68323,-2.4847,3
-2.0223,-1.1317,3
1.6947,3.9448,3
0.17085,-2.481,3
0.28641,0.43773,1
1.9399,-0.62053,3
2.4756,-1.2298,3
1.2542,0.013923,3
-2.3037,-0.28712,3
1.8066,0.42536,3
-1.2892,-2.5968,3
4.0052,1.5291,3
1.0087,0.35866,1
0.54469,-0.025583,2
-1.03,0.21972,3
3.6982,2.1389,3
-3.9011,-0.48283,2
1.7832,2.0454,3
3.7753,-0.2709,3
-1.6793,-1.0563,2
2.5094,3.0411,3
0.20888,1.1716,3
0.40187,1.1628,3
-3.2314,-0.76522,3
-0.90741,-1.3222,3
-1.5446,-0.027494,2
4.9289,1.9642,3
-1.5393,-3.0691,1
3.8073,2.5493,1
0.080773,0.080318,2
2.0693,-0.40295,3
2.0093,1.1994,3
0.65264,-0.57597,3
1.319,-1.4466,3
5.0256,2.0083,3
-1.0506,4.0602,3
1.0501,1.5158,3
-0.83613,-1.194,3
-0.32077,-2.2787,2
-0.63758,0.26075,3
0.29781,3.0006,3
-1.8611,0.56759,3
-1.0329,-0.77795,3
-0.52898,1.4354,2
4.5033,-3.8553,3
0.86402,1.545,3
-0.74038,0.72601,3
-2.4238,1.9798,3
1.6772,1.1254,3
0.46913,4.0903,3
0.32506,-0.37239,3
-2.6439,0.69597,3
-3.1603,-0.44416,3
4.3697,-0.3948,3
-4.417,-2.19,3
0.1794,5.9032,3
-2.1328,-0.46513,3
1.4839,-1.1645,3
0.57606,4.8131,3
4.0106,1.8734,3
-1.4741,-3.5372,3
1.0208,-1.4876,3
-0.40443,-4.8398,3
0.93782,1.7211,3
-0.12834,-1.8839,3
4.0482,1.2985,3
-0.73615,-0.97366,3
-0.67338,1.825,3
1.2332,0.98709,3
1.7387,1.4699,3
-2.6163,-3.0882,3
4.7496,4.0941,3
-0.3988,-2.3549,3
2.602,2.4363,3
0.26761,-2.8806,3
0.59835,1.3546,3
3.9192,3.5965,3
2.7832,-0.019428,3
-4.0297,-0.71758,3
0.12021,2.4124,3
-0.25225,-0.40344,3
0.64489,-2.8675,3
2.2333,0.030749,2
-2.4386,1.6614,3
0.22349,6.2574,2
0.50128,2.0126,3
2.2807,-0.22518,3
0.11878,1.1147,2
-1.7838,-0.63084,3
-0.97379,1.9879,3
-1.0112,0.35917,3
-1.1198,-0.67033,3
4.5233,6.2197,3
4.2608,1.7015,3
2.3883,-0.35355,3
3.3103,-0.24359,3
2.0739,1.1078,3
1.4178,4.0345,3
3.2876,-2.8712,3
0.40017,2.6,3
0.098556,0.72532,3
3.4813,0.45535,2
1.9431,-2.8812,3
3.4537,0.68371,3
-0.60154,1.0515,3
2.9927,2.5317,3
0.48389,2.9431,3
-0.66923,-1.6478,3
-2.9214,-1.4644,3
-3.8265,2.8549,3
1.5309,-0.091837,3
2.496,-0.22588,3
-1.9849,-3.4463,3
-0.62272,0.82732,3
3.4936,1.7193,3
-0.89577,-1.9363,3
-1.7761,-1.9313,3
1.1659,2.8449,3
2.5682,0.41979,3
0.18258,-0.15028,3
-2.3366,-0.31281,3
0.55488,-2.0018,3
-1.0782,0.66242,3
0.22319,-5.4609,3
1.5704,0.17531,3
2.2784,-0.21665,3
-1.7979,1.8684,2
3.2362,-2.679,3
-1.391,0.051392,3
1.0399,1.1118,3
2.3795,0.88872,3
0.53244,-2.4244,3
4.3965,1.825,3
2.7654,-1.0304,3
1.9416,1.0516,3
-2.8958,-1.6644,2
0.5506,2.7172,3
-3.3403,1.0843,3
3.127,4.7374,3
-1.4902,1.1923,2
-0.35161,-1.9965,3
1.714,2.0904,2
0.84414,0.49061,3
1.9891,3.8136,3
-0.099457,-1.8202,3
2.0359,2.106,2
1.1593,-0.46342,2
-0.7177,1.3658,3
3.4719,-1.0945,3
0.55099,2.3632,3
-5.8243,1.5902,3
-3.6114,0.81555,3
4.5083,0.0063667,3
-2.8129,0.13697,3
1.7773,-0.81833,3
2.4191,0.43568,3
-2.651,-0.86252,3
-6.2959,-2.8924,3
-0.92252,0.7827,3
-1.3563,1.4678,3
1.4061,0.93872,3
-1.4486,0.99277,3
1.6794,0.40453,3
-2.9128,-0.56829,3
-0.25459,0.081922,3
-0.98681,0.83691,2
1.718,-3.0755,3
-0.329,-4.9127,3
1.4276,1.0777,3
1.7158,-1.3526,3
0.43549,-1.7856,1
-2.0902,1.3056,3
-3.567,2.7706,3
1.5044,3.7134,3
0.26672,0.99791,3
0.63709,2.5956,2
-2.0305,2.7182,3
4.3113,3.2537,3
0.443,-2.9589,3
-1.7183,-0.65709,3
-2.7725,0.92382,2
0.33681,-0.6247,3
-1.2109,-2.1891,1
2.2771,-0.58577,3
-0.62636,-1.2635,3
3.7453,-1.6474,2
-2.6364,-2.091,3
-2.4677,-1.826,3
-0.30084,0.050526,3
-2.3189,2.7075,3
0.10365,-1.3628,2
-0.082671,-0.75801,2
1.7664,3.1945,3
3.85,1.8587,3
1.2207,-2.8701,3
-2.4982,0.20593,3
-1.0212,1.4733,3
-0.36101,0.95755,3
1.4517,0.20591,3
1.1743,0.14063,3
-1.1164,-0.41954,3
-0.32477,-1.4514,3
3.7413,3.8048,1
-5.1577,2.044,3
0.96125,-3.7941,3
-0.39289,-0.21101,3
5.4678,2.9437,1
8.6268,2.3469,2
2.4625,0.83474,3
0.2899,-0.13867,3
-2.5556,-3.5987,1
1.8238,6.0366,3
-3.1507,-0.083718,3
0.82303,-3.4834,3
2.2061,1.1348,3
2.8863,0.72487,3
2.0401,-0.33415,3
2.41,-0.16527,3
-1.5587,0.30697,3
5.6553,-4.5991,2
-3.0156,-2.1661,3
-1.6875,-1.2805,3
2.2134,0.95638,2
-1.7201,-2.0983,2
5.2093,3.0984,3
-0.4151,3.1788,3
1.1092,-2.4595,3
-3.1273,-3.6968,1
1.5549,-0.67705,3
-1.9288,-1.1867,3
5.7481,3.4826,3
1.5862,2.1089,3
0.94643,4.675,3
-0.24087,2.3491,3
4.252,2.7538,3
-1.4054,-1.919,3
-0.13368,-0.073494,3
3.0716,-1.9007,3
-1.8346,0.93116,3
1.7968,5.2929,1
2.0059,4.3502,3
0.62097,0.55313,3
1.9383,0.57685,3
1.5979,2.7804,3
2.1213,4.5771,3
2.5093,0.84424,3
-0.85059,-0.19515,3
-1.2656,-2.9331,2
2.737,-0.83383,3
2.34,0.13581,2
-0.25945,0.20202,3
2.713,3.0629,3
4.4512,5.4254,3
1.8272,4.4526,3
-2.8832,1.6204,3
3.8786,1.1416,3
2.3836,0.90564,3
-0.7217,-0.16151,3
0.3298,-0.22773,2
4.6363,0.43287,3
0.10027,-0.93893,3
2.636,3.3222,3
-2.2033,-0.86611,3
2.4796,-0.039158,3
-0.54952,-2.045,3
-0.74024,1.0513,3
0.86787,-0.7533,3
-1.1632,-2.3928,3
-1.8997,5.4101,3
-0.96913,1.3657,3
0.77336,2.7788,3
4.6358,-1.3602,3
-4.9273,-1.6055,3
-1.8322,1.8716,3
1.4421,2.2105,3
1.8564,4.1997,3
-0.49599,1.0077,3
1.3026,-2.3469,3
0.59279,-3.0151,3
1.1313,-0.13101,3
1.2543,3.1083,3
1.1771,2.0275,3
1.7944,-1.0727,3
-2.0492,-3.3737,3
0.090613,1.8841,3
0.52477,4.273,3
-2.5379,-1.4616,3
-0.16556,1.8265,3
1.2048,1.1019,3
-2.5582,1.5585,3
-0.73804,-0.20078,3
-3.8734,-0.91688,3
2.4863,1.9497,3
2.2842,5.438,3
3.1193,0.82359,3
2.3518,0.0079824,3
0.91677,-1.4232,3
2.9656,-0.56923,3
-3.8606,-0.85645,3
1.9531,-0.27749,3
2.5576,1.8635,3
-4.2293,-2.1657,3
-0.90272,-1.2805,3
4.229,1.3328,3
2.7788,2.4366,3
-5.018,4.3021,3
-0.29633,-1.5453,3
4.4314,-2.8575,3
0.00019056,-0.50185,3
-1.0172,0.62521,3
-1.7935,1.5334,3
-0.19669,1.0061,3
-3.4375,-2.5905,3
-0.73432,0.078861,3
-2.794,-1.7305,3
-2.2819,-2.0476,3
1.6852,2.8078,3
-3.1839,-3.5469,3
-2.3427,0.69891,3
-1.0257,2.1804,3
3.1537,1.3026,3
-1.3731,3.6998,2
0.58421,-1.4098,2
1.2684,-1.6328,3
4.1939,3.4556,3
-0.36597,-1.3561,3
2.2198,3.4341,3
1.5164,1.4271,3
0.31441,2.018,3
-1.3059,-0.85814,1
0.18466,0.99463,2
-1.8052,-4.892,3
-2.0148,1.0182,3
0.84522,1.7672,3
-0.050012,2.4929,3
0.64782,5.4341,3
1.8804,-4.0484,3
3.4013,2.1239,3
-0.11672,2.324,3
4.9933,0.68537,3
-0.032914,1.3836,3
0.39646,0.60439,3
0.40464,0.13006,2
-2.9996,-2.8682,3
1.5373,-0.25166,3
3.2416,1.4007,3
1.2513,-0.62635,2
1.0055,-2.3624,3
5.4314,0.96136,2
1.9729,3.2894,3
-1.5634,0.79059,2
1.3199,1.8283,3
1.1425,0.86991,2
2.3078,1.2068,3
1.4271,2.2319,3
2.8536,1.2524,3
0.27065,-1.4087,3
-1.5392,3.7496,3
-1.84,0.47734,3
0.8394,-2.3773,3
0.23824,1.5275,3
-0.69826,-3.7486,3
-2.0467,-3.4327,3
0.4674,-0.025813,3
3.3767,-1.4495,3
1.0495,4.4859,3
4.7818,2.957,3
0.34572,-0.9156,3
-0.63634,0.32361,3
-0.48477,-1.2291,3
-6.5065,-2.0117,3
4.3956,4.6318,1
1.3752,2.0593,3
2.8104,1.9606,3
-0.10174,-0.79096,3
0.7408,0.34736,3
1.7497,2.4019,3
-0.39125,3.6082,3
3.2304,2.2216,1
-0.94083,2.3473,3
1.0045,1.1665,3
2.2762,1.9309,3
2.5475,2.0521,3
3.6196,-1.3013,3
2.1757,4.3004,1
1.7987,-1.8889,1
1.7811,-0.59568,3
0.34155,1.3699,3
2.7573,2.1079,3
-0.7682,-0.26534,3
-3.1376,-0.93908,1
2.8288,0.85513,3
0.98294,2.5558,3
2.6042,1.2908,3
-2.9612,-1.8339,3
-0.57183,-1.1018,2
-0.69368,2.0449,3
0.29977,3.3165,3
-1.7353,1.7373,3
-0.11401,-0.92022,3
-0.29004,3.6386,3
-2.7994,-0.35563,3
0.055193,1.0203,3
2.2262,0.63638,3
2.2735,-1.5261,3
0.1922,-0.9739,3
0.10684,-1.6398,3
1.0146,-0.57425,3
-1.3532,1.1917,3
3.5045,4.9861,3
-2.9845,-1.9829,3
1.5666,-0.85191,3
1.0156,0.56284,3
-2.6552,0.32712,2
4.3769,0.12474,3
2.738,2.3759,3
2.6109,1.657,3
-1.5266,-2.6056,3
1.0335,0.37061,3
1.7802,0.8534,3
-2.5973,1.5461,3
1.6888,0.62709,3
-0.20114,-0.27159,2
-2.1439,1.0285,3
3.3136,-1.0091,3
0.66418,0.062018,3
0.27326,-0.44385,2
3.4257,1.2081,3
2.9868,2.7456,3
4.6052,2.2716,3
-2.7939,1.6142,3
-1.9265,-0.35813,2
1.1749,-1.1892,3
-2.1816,1.9161,3
-0.87678,-0.66153,3
0.10609,-1.578,2
-1.2497,-4.2981,3
0.46229,-0.16535,3
3.6726,1.5797,3
5.2099,-1.5479,3
3.3081,2.7575,3
1.7621,-2.0209,3
-4.7289,-0.24941,3
-2.2876,-2.5145,3
-0.085251,0.50703,3
1.3083,-4.2156,3
1.5352,-0.27741,3
-0.61071,-1.9846,2
-3.4863,-0.19581,3
1.393,2.2896,3
-2.0121,-0.79699,3
-0.063001,3.9515,2
2.627,3.7032,3
1.3257,0.19897,3
2.5346,2.4359,3
1.692,0.28227,3
-0.15842,2.6247,3
0.70514,-1.9542,3
1.5499,2.6221,3
-2.4285,3.2899,3
-4.5419,-1.1379,3
3.9639,4.6823,3
-0.45364,-2.6082,3
1.5377,0.95986,3
-1.9076,-1.4284,2
-3.1554,2.5874,3
-0.42923,-0.077046,3
1.3141,0.58963,3
1.3851,-0.16568,3
1.5888,0.9117,3
1.1084,1.0527,3
1.0809,-0.71585,3
-1.3567,0.40385,3
3.4937,-0.0013111,3
1.584,-0.28721,3
-3.4013,1.9615,3
-0.11023,-1.3904,3
5.3989,-0.74809,3
-0.44415,2.92,3
2.5373,0.25404,3
-2.2391,-0.70151,3
-0.28412,-3.627,1
0.71322,-0.27623,3
-0.16091,-0.1547,3
-0.075782,-4.2513,2
-0.54107,3.3194,3
0.76718,-1.8681,3
1.6842,-1.782,3
-0.85001,-1.7857,3
-0.7574,-2.2424,2
-3.014,1.6573,2
0.70236,-2.4823,3
0.20418,-0.052825,3
1.9171,2.5943,3
1.7207,-0.11163,3
2.3712,-4.2397,3
-0.88738,1.4008,3
0.58652,-0.089287,3
3.4289,0.72834,3
3.6086,6.2331,3
-0.83238,1.4003,1
2.7581,-0.42116,3
2.3293,5.621,3
-1.2906,-2.8211,3
-1.454,1.1158,3
-0.7943,-1.4401,3
3.363,-0.40037,3
1.7266,1.114,3
1.1403,-2.569,3
-2.677,-4.5068,3
1.8554,-4.4271,2
-2.1084,1.9144,3
-0.41095,0.092216,3
1.2521,-0.20391,3
-0.30637,0.37609,3
-0.34954,-1.6863,3
-7.974,-0.12658,3
1.4586,0.51839,3
3.005,1.0039,3
0.63992,-2.5544,3
-0.4996,1.6335,3
-2.1454,-4.0854,3
0.87923,1.7518,3
2.7762,0.09466,3
0.039603,-0.56293,3
0.48096,-0.89663,3
4.5768,-1.3058,3
-4.3831,1.1003,3
1.8402,6.1127,3
3.6654,0.034758,3
1.3364,-1.9206,3
-0.56073,3.9809,3
1.3121,-1.8827,3
0.92756,2.8009,2
2.8834,2.7873,3
1.9397,2.2656,3
-0.85685,-0.057326,3
0.77505,-1.6748,3
4.8043,1.3331,3
2.0575,-0.56547,3
1.6084,1.0912,3
-2.4929,-0.69606,1
0.46259,-0.72442,3
-0.79601,2.9288,3
0.064537,-1.4257,3
-2.457,1.4269,2
-4.8883,3.8074,1
2.3706,0.018266,3
-1.4771,2.2649,3
0.075281,0.46106,3
4.8706,0.057275,2
-0.3309,0.23479,3
-5.5983,0.06907,3
-1.3059,-0.0019407,3
-7.3288,-1.7224,3
3.2425,1.4659,3
-0.2835,-1.8938,3
1.2301,1.3162,3
-0.38705,0.78742,3
1.802,2.6435,3
-0.21493,2.9007,3
-2.2538,-3.5113,3
1.128,2.2274,3
-1.8125,2.075,3
-1.2175,-2.754,3
1.1873,-2.1799,3
2.9074,-1.7452,3
-3.734,-1.2181,3
-1.4917,-2.0086,3
2.4571,1.1884,2
0.30166,0.9132,3
0.22436,0.44905,3
0.34269,1.2146,3
4.7526,-3.8727,3
2.0499,-2.177,1
-2.3281,0.047664,3
0.042683,-0.81426,3
-2.1236,-1.6417,3
0.5946,0.46066,3
-3.0903,-0.10228,3
0.088056,0.32275,3
-3.2157,-1.1236,3
-0.93766,-2.0848,1
-0.85669,-2.4391,3
-0.90475,3.9597,3
1.7842,2.2455,3
4.5218,1.8443,3
-0.48016,-3.8089,3
-6.6865,-0.072418,1
1.7588,0.30895,3
2.8889,6.3438,3
-1.3599,-1.5443,3
5.3331,0.96111,3
-1.8997,0.80322,3
-2.8873,1.8134,3
-1.4142,-1.7468,3
-0.055156,2.4811,3
-0.79512,1.44,3
-0.20534,-3.3187,3
-0.18852,-1.2531,3
2.3798,-0.19031,3
1.3021,-1.933,3
1.6693,-1.3569,3
-1.9419,-2.9345,3
-2.8925,-1.9436,3
1.8405,-2.9389,3
-0.13229,1.5066,3
0.81205,0.4376,3
0.59166,-0.18104,3
-1.65,2.0913,3
-0.15136,2.8434,3
1.8808,1.345,3
2.1304,2.3907,3
0.34856,-0.86282,3
0.81332,1.8002,2
-2.1559,-0.12672,3
0.98576,1.1477,3
0.19214,-0.22614,3
-0.26995,0.4766,3
-0.3616,-1.5638,3
1.8467,-0.68492,1
0.2,5.4643,3
1.3266,-0.31848,3
2.6619,0.12963,3
2.3548,-0.14261,3
-1.1121,-4.311,3
5.7202,2.6812,3
-0.97648,1.8583,1
0.19862,-1.6519,3
-3.5418,0.72439,3
-1.1301,2.0153,3
1.4598,-0.4706,3
3.0414,3.1942,3
-3.5042,-0.17852,3
2.6054,0.95029,3
1.4331,-4.69,3
2.4053,-4.5232,2
-1.2553,1.4007,1
-0.36167,-0.51992,3
2.6742,2.5585,3
0.31884,-1.5397,3
-1.7022,0.80761,3
1.1784,2.2006,3
-1.6838,-2.4937,1
3.5359,-1.3831,3
-3.7249,-2.7141,3
-2.4706,1.0767,3
1.1938,3.3438,3
2.3071,-2.2709,3
0.66613,-0.90138,3
0.35588,0.16596,3
-1.2588,1.9009,1
-0.61503,-0.33923,3
0.57079,-0.21549,2
0.70363,0.24805,3
-0.22611,3.1578,3
0.74831,2.7326,3
1.8473,1.8149,3
0.52393,-4.0516,3
2.2788,-0.43714,3
2.2421,-0.1814,3
3.3629,-2.0104,3
1.133,-0.57848,3
2.135,5.2364,3
0.43885,2.1542,3
1.2592,1.7153,3
4.4879,1.0005,3
2.1169,-1.1056,3
-1.733,0.13193,3
1.4646,-0.89266,3
-1.8071,-0.32515,3
-1.1044,4.2655,3
2.8962,-2.2997,3
-2.9059,1.8352,3
3.6311,1.0275,3
1.6263,-5.0828,3
3.3515,0.54495,3
-0.45921,1.9083,3
-0.22535,-3.2169,3
1.9169,-2.1405,3
1.2106,-1.8725,2
-2.1223,2.3857,3
-0.4487,-0.43529,3
-2.4187,-3.9614,3
1.9087,-0.80245,3
1.9856,-0.11251,3
2.8101,2.0441,3
2.8247,2.6363,3
-0.25321,-0.41088,3
2.8411,1.964,3
-4.8452,-2.2507,2
5.1883,3.199,3
5.0742,0.78148,3
4.3133,-0.76168,1
-0.1812,2.9609,3
5.6723,2.0641,3
-0.97815,-0.77686,3
1.5756,2.8494,3
-0.12841,-1.5733,3
-2.6359,-2.6574,3
0.80749,1.5332,3
-0.24509,2.5504,3
-1.6457,0.82883,3
0.70722,0.71415,3
-0.69885,4.1772,3
2.406,1.908,3
1.1903,-2.1427,2
2.4516,-4.853,3
0.60716,1.3325,3
-2.5884,2.7753,3
1.1245,-1.6746,3
1.1955,0.49244,3
3.454,-1.6564,3
-0.15269,-0.020242,3
3.1481,1.7481,3
5.3064,0.43484,3
4.2706,1.5159,3
2.3573,-1.5006,3
5.7797,2.4852,3
2.3425,-0.33944,3
-0.64099,0.038686,1
-1.1214,0.12775,3
0.93281,3.0944,3
-3.2413,1.1248,3
-0.9842,0.23077,3
0.93156,2.6167,3
-2.4676,4.5473,2
1.7847,-0.46452,3
3.0042,-0.61652,3
1.1219,1.0563,2
6.0032,-0.67286,3
-2.8829,-1.3752,3
-1.8013,-0.71602,3
-0.98505,-0.13107,3
-1.2289,1.5544,3
-0.90968,1.3154,3
-1.8272,1.3911,3
-0.68166,-2.3424,1
2.2977,1.6209,3
1.1695,0.97405,3
7.4074,-0.11263,3
-1.5171,1.1705,3
0.79052,0.55019,3
4.2886,-0.60941,3
0.75438,0.53634,3
-3.3397,-0.6123,3
3.6915,2.9772,3
0.53913,1.7302,3
-0.59842,0.61204,3
-0.30618,2.0134,3
-0.079829,0.65689,3
-0.16989,3.3978,1
2.0811,1.6793,3
-0.04152,0.14249,3
2.6656,1.2393,3
-0.2913,0.31836,3
3.7262,0.58687,3
0.76248,3.1922,3
-2.0951,0.66853,3
3.9837,3.6994,3
1.1186,0.32988,3
3.3029,0.91851,3
2.1255,-0.34766,1
0.48614,2.0269,3
0.02326,-2.15,3
-1.5942,0.55477,3
1.5349,-0.07017,3
6.3376,4.9518,3
2.4177,1.1297,3
2.1079,-1.3133,3
-1.7488,1.5137,3
0.79734,-0.62294,3
-2.0046,-2.0872,3
-1.8332,-4.4561,3
0.81406,-2.067,3
-0.074041,0.86321,2
-1.1979,3.6565,3
3.0699,3.5847,3
-1.4677,4.0788,2
-1.2715,2.4709,3
1.9754,2.3298,3
-2.0254,0.55055,3
2.1982,0.85216,3
0.69284,-1.6907,3
1.1588,-0.56566,3
2.9176,0.3719,3
-4.1724,0.88113,3
-0.4976,1.4338,3
0.71736,-1.6566,3
0.86401,3.2134,1
3.8206,-0.97999,3
-0.028696,1.7895,3
-1.8639,-2.6452,2
1.8242,0.53567,3
-1.0278,-1.5525,3
-2.816,-0.018107,2
-0.47724,0.4274,2
-0.51287,1.6556,3
0.7802,-0.3569,3
-2.8674,-1.5473,3
1.392,2.2259,3
2.7327,1.5777,3
-0.6983,0.3849,3
-2.7571,-3.3327,3
1.8366,3.8301,2
-0.75009,0.59903,3
1.4001,-5.9458,3
3.518,2.3313,3
4.1809,0.65582,3
0.054134,0.13388,3
2.7978,-1.6321,3
-1.2331,-1.9961,3
-0.7567,0.74239,2
5.3161,1.2214,3
0.99545,3.4583,3
3.6777,0.26104,3
-1.9034,-1.057,3
1.8494,-0.30303,3
1.4181,3.3942,3
-0.38037,1.7996,3
-0.93123,0.32241,3
1.261,0.93931,3
1.6843,-0.59431,3
-0.062317,-1.5346,1
4.1094,3.1568,3
-1.0261,0.88961,3
1.6422,-1.5435,1
0.13447,-1.2216,3
2.4248,2.0124,3
1.2022,-4.0652,3
1.0257,1.036,3
0.90583,-0.34445,3
-2.5903,1.1441,3
-2.232,0.8272,3
0.4582,-2.6303,3
1.7171,0.22544,3
-0.89533,1.628,3
0.70175,2.0656,3
-1.4083,2.8123,3
4.7933,-0.23935,3
-2.7001,0.062741,3
2.8639,1.0403,3
7.8464,1.6113,3
-1.4815,-0.030866,1
-1.3927,-1.0981,3
-1.0953,0.79386,3
0.64216,-1.5196,2
3.3369,2.0137,1
1.1263,1.4433,3
0.88966,1.5903,3
-0.60343,2.6723,3
-1.8844,4.2989,3
2.2519,-0.40289,3
-0.27199,-2.957,3
2.0757,4.032,3
1.3252,5.2082,3
0.53813,0.17504,3
-1.3447,0.24439,3
-1.6477,-0.59586,3
0.78871,0.1283,3
-0.063354,-1.184,3
0.12059,1.3879,1
-6.3582,-1.0227,3
0.57616,-0.12347,3
-1.4963,-0.34967,3
-1.16,2.2682,3
3.6355,3.2363,3
-0.75523,-0.93865,3
-3.9151,-2.3209,3
-2.5614,2.0969,2
-3.7542,0.56685,2
-3.0888,2.1262,3
0.065721,1.1514,3
1.4829,1.279,3
0.86726,0.19333,3
3.1051,2.833,3
-4.3849,0.39599,3
-4.0393,-1.317,1
-3.012,3.3373,3
-2.3066,0.41742,3
2.6667,-0.20143,3
1.2253,0.85075,3
-2.272,-0.7034,3
1.5701,-0.93142,3
-0.64086,5.6858,3
-0.064346,0.97022,2
0.30836,0.55147,3
-3.2059,-1.9789,3
3.7222,1.3129,3
-1.6441,-4.2442,1
2.0869,2.6549,3
3.1926,2.7513,3
-1.443,2.6022,3
-1.1593,2.1353,2
-3.966,0.61371,3
2.9346,-0.36912,2
-1.2311,2.2847,3
1.0546,-1.4006,3
-0.75624,-2.0863,2
0.41445,-3.5693,1
4.1297,4.0926,3
-0.52656,-0.8573,3
2.4214,3.3332,3
2.0473,0.61004,3
0.7975,1.4248,3
1.8061,1.3621,3
-0.92775,-3.2684,3
-0.68905,2.4704,2
-1.9943,4.288,3
-0.57497,-0.21968,3
1.803,1.0121,3
1.2784,1.0179,3
-2.69,0.4905,3
4.3758,3.4844,3
-0.54644,1.2053,3
1.9831,0.32869,3
-0.72645,1.9276,3
0.74812,1.7816,3
0.76695,-1.9778,3
-4.1361,3.0859,1
3.2626,3.9851,3
-0.64364,0.67269,3
-0.98263,-0.31099,1
0.12344,5.363,3
-2.7517,0.1007,1
2.7261,2.7272,3
2.4121,0.4399,3
-0.75169,-4.4061,3
0.87627,0.87495,3
-1.3118,-2.5767,3
-0.19704,0.52917,3
0.93008,1.9408,3
-2.259,-0.85146,1
1.2104,1.9413,3
-0.78286,-2.7351,3
-1.4456,-1.629,3
-0.60541,-1.8313,3
-0.67199,0.70346,2
2.3405,4.0916,3
-0.50765,0.95171,3
1.1361,-2.4376,3
-1.4834,-0.76944,3
0.74915,1.8393,3
1.714,0.19562,3
4.1748,0.26088,3
1.5379,-0.95489,3
-3.151,-1.0773,3
0.35813,0.2759,2
-1.7133,0.085355,1
-2.4562,-3.2619,3
0.81812,-2.3652,3
-5.3337,0.63647,3
-0.37454,-1.3264,2
-2.9512,-1.5804,2
-0.3754,2.5706,3
2.8879,-2.4945,3
0.44907,-0.90953,3
-5.1388,-5.4329,2
1.5218,-0.80785,3
2.5175,1.1077,3
1.1636,0.85651,3
-1.081,2.5327,3
-2.8679,-1.3415,3
3.9249,2.1221,3
-1.2427,0.43599,3
3.2486,2.6093,2
-0.9184,0.12753,2
-3.8551,1.5971,3
-1.5785,-4.6843,3
-1.722,-2.3823,2
1.2597,4.8482,3
-1.9634,-7.3058,3
1.0353,-1.7144,3
2.279,2.7853,3
1.8036,3.0999,3
-0.44048,2.0958,3
-2.7178,-1.3002,3
-1.8804,1.8512,3
2.1202,0.74719,3
1.5664,0.48064,3
-0.80063,0.31663,1
1.915,-0.80922,3
-2.0814,-0.83898,3
0.85315,-1.7876,3
0.84261,2.7923,3
2.1332,2.0196,3
-0.034226,-0.045369,3
1.3668,3.6439,3
1.2041,-1.5483,3
1.5305,0.2084,3
3.4618,3.8299,3
-3.3381,0.5212,3
3.7553,-2.4087,3
-0.86741,1.056,3
0.3592,1.1744,3
-1.4187,-1.8271,3
0.69984,-0.59071,3
-3.073,-5.2324,1
-2.8423,-0.23628,3
2.0664,2.2085,3
-1.0054,-2.1551,3
1.6361,4.1102,3
-1.7527,-1.1645,3
1.1758,2.0056,3
-1.3087,-0.80166,3
-2.5176,-1.9028,3
0.53495,-3.1334,3
1.4886,-1.3407,3
-4.1752,-0.73134,3
2.0039,-0.14565,3
-2.5954,-0.95368,3
1.5417,-0.60691,3
0.80712,0.47678,3
0.20983,3.6327,3
-0.64108,2.9347,3
0.99936,3.3094,3
-0.20988,-0.26194,2
3.7887,-0.93125,3
-4.2791,-1.6678,3
3.786,-0.91534,3
4.2446,-1.8623,3
0.4832,-2.9188,3
1.245,-1.1919,3
1.3803,-2.1493,3
0.66957,-0.22704,3
2.8718,1.5343,3
-0.98137,-0.11977,3
0.57963,2.386,3
-0.54058,1.0232,3
0.60517,3.5624,3
0.26279,0.91651,3
1.3036,2.684,3
0.22194,-2.9604,3
0.65343,1.1048,3
1.9425,1.3313,3
4.8895,0.46973,3
2.3373,-0.52346,3
1.4921,1.0982,2
3.6685,-0.20377,3
1.6097,1.9435,3
0.59842,-0.84774,3
-0.46617,1.1883,2
-0.78926,1.2845,3
0.49234,2.8958,3
4.2482,2.0671,3
1.9248,-0.91257,2
-5.8993,-5.1762,3
-0.30482,0.62384,3
-0.49505,3.0978,3
0.58755,3.2352,1
3.459,1.8382,3
-0.92089,4.236,1
1.0341,4.381,3
1.5163,0.97101,3
1.5342,0.96901,3
5.1656,-1.5353,3
-1.9783,-4.8102,3
0.09784,-0.97848,3
0.75164,0.79825,3
-2.2087,-1.3663,2
-3.0657,1.4739,3
-2.7442,-0.60691,3
-0.7089,1.4878,3
0.006073,-3.1701,3
-1.0291,-0.072378,3
4.5879,3.591,3
1.5315,5.9306,3
0.28509,-2.9817,3
-1.0127,-1.9829,2
0.00059754,-0.11755,3
3.6013,-0.38769,3
-2.8341,1.4524,3
0.58045,2.396,3
2.8935,6.9656,3
-1.115,1.5421,3
-0.78342,-1.0841,3
-0.38713,-1.3412,3
-4.4064,1.4657,3
3.384,0.31695,3
-1.1859,3.1705,3
1.1567,1.0709,3
1.4031,-4.7821,3
-1.0257,-1.3519,3
0.52578,-1.067,3
0.94209,2.5287,3
3.8457,1.6416,3
-5.0264,-0.4999,3
1.7819,-1.7792,3
2.0714,-2.1105,3
4.073,0.78024,3
0.80776,1.0397,3
2.5509,-1.1339,3
3.0529,-0.80654,3
0.46924,-0.55774,3
-2.1329,-2.2838,3
-4.969,0.76267,3
2.6008,3.0033,3
-0.73066,-0.73883,3
3.8689,-0.80766,3
2.5893,-1.0316,1
2.2022,-1.4188,3
-1.6212,-0.87242,3
0.56369,4.6901,2
0.4439,-3.1119,3
-2.7193,2.2888,3
1.1819,1.9651,3
3.1672,-1.9901,3
0.077137,-0.23135,3
2.1129,-0.84523,3
1.0095,0.94847,3
2.9865,3.1729,2
-0.47807,5.2224,3
1.6128,-1.0397,3
-0.9571,-2.0428,3
-0.99246,-2.2134,3
4.6976,-0.85813,3
1.6941,0.93769,3
2.6836,4.3736,3
4.8726,2.0583,3
-0.73342,1.9093,3
-1.2876,-2.6885,2
0.21364,-1.8061,3
-3.0965,-3.8299,3
1.4544,0.083911,3
2.2295,0.76089,3
-1.7503,3.0914,3
0.52561,-2.5523,1
0.26276,-3.0669,3
-3.1613,-3.9758,2
0.6767,3.0039,3
-0.92461,-1.4819,3
1.1603,-4.2841,3
2.8537,0.47356,3
0.027127,0.45811,1
-0.86921,1.7916,3
-1.649,3.2048,3
0.7985,2.6196,3
-0.51859,-0.76629,3
2.5615,-3.2897,3
-2.4861,0.90469,3
-2.5091,-2.5715,3
0.68653,0.16767,3
2.9385,-1.4908,3
-0.96885,0.23016,3
-1.6043,-1.7582,3
2.5162,1.2843,3
-2.1579,-0.64415,3
-0.79064,2.2514,3
2.2793,0.40921,3
-0.91604,-0.64074,3
1.7775,3.1656,3
3.5049,-0.9223,2
-1.7954,-5.4864,3
2.1531,-2.5157,3
-0.71619,0.25335,3
4.7178,0.2409,3
-2.184,0.51637,3
-5.4401,-0.93039,3
1.5832,-0.7811,3
4.2687,6.8274,3
-0.1198,-1.8901,3
-2.3131,-1.2313,3
0.55804,1.5812,3
1.3774,-0.64852,3
3.1553,3.3938,3
-0.48241,2.2897,3
2.7939,5.0738,3
-3.6621,-3.5366,3
-3.1876,0.2636,3
-1.717,-1.7231,3
-0.25961,-0.47844,3
-2.3322,0.58601,3
-0.4256,-4.5598,3
-0.31031,0.2174,2
-2.9597,0.50112,3
0.74502,0.50185,3
0.041112,1.0905,3
-0.12228,-0.22289,3
1.5315,1.581,3
1.1355,1.9622,3
2.6958,-2.3742,3
2.6662,-2.2859,3
-1.8923,-3.0761,3
2.289,1.9214,3
-1.3333,-0.79712,2
0.35106,2.2296,3
-1.8439,2.1098,3
0.75787,0.98881,2
1.8234,1.6075,3
-0.95646,-2.7008,3
-3.8014,0.44893,3
1.4385,1.3507,3
-0.75118,2.6523,3
2.1757,3.2462,3
