1.6989,2.3703,2
2.1003,3.775,2
-1.1983,-0.4075,1
0.12244,-1.0973,2
-0.30839,-0.069401,2
-2.5404,1.466,2
-1.8117,0.5636,2
2.4108,1.6907,2
-4.435,1.3131,2
-0.80277,-3.2374,2
0.50914,0.93722,1
-1.0742,1.6483,2
2.3683,2.5079,1
-2.5925,-4.3693,2
2.1413,-3.2145,2
1.9777,3.4354,2
-1.0733,-1.5171,2
0.42394,0.82114,2
1.4166,0.22939,2
2.8737,1.3491,2
0.32678,1.2789,3
-1.0507,3.7612,2
-2.295,0.14148,2
2.3257,1.4246,2
-2.4746,-4.3008,2
-0.30996,1.2156,2
0.89582,1.1572,2
-2.6276,-2.5295,1
0.44827,-0.87991,2
0.80172,2.2909,2
4.2551,1.3193,2
0.23239,-1.5429,1
0.21986,-1.1351,1
1.9194,-1.7295,2
0.72358,-0.33547,2
-1.2031,1.7265,2
-1.6074,-1.1718,2
-1.556,-2.1089,3
1.8289,-2.7302,2
2.0828,0.12371,2
1.6856,-0.19927,2
-1.6852,3.175,2
0.53019,0.052165,1
-4.0073,1.8278,2
0.4658,1.3752,2
-1.939,-0.075986,2
-1.4132,4.5918,3
-0.62344,-1.0305,1
-0.43312,-0.63367,1
1.6146,-1.4349,3
1.2714,1.3543,3
2.1416,0.040422,2
-0.8986,0.74822,3
2.8229,-4.7211,2
-1.8899,4.1838,3
0.94137,-1.1193,1
-4.2936,-2.1939,1
-6.2044,-1.1179,1
-1.1658,2.6371,3
-1.388,-0.18494,1
-2.2718,-2.9,2
-2.1861,-3.6957,1
-2.1718,-1.7274,2
-3.2392,-0.8631,1
-1.2112,-2.0192,2
0.81753,-2.0923,1
-3.8814,0.55678,1
1.6486,-0.1893,2
-0.86345,3.5546,2
1.1033,3.1546,3
1.143,-0.68642,2
3.0987,4.0231,2
0.50564,2.003,3
2.5173,-2.2468,3
3.9316,-2.1669,2
2.9616,0.31958,3
-3.3529,-4.4501,1
1.6215,3.8212,3
-2.8319,-0.5412,2
2.2348,1.8596,3
-1.1847,-1.237,2
0.41649,2.8856,2
1.9191,3.7661,1
-2.6712,-3.477,3
-0.29566,-0.73226,1
-1.3752,3.5046,2
0.50429,3.5806,2
2.953,1.1659,2
3.0172,-0.071988,2
1.0064,2.7969,2
-3.8889,-2.8963,2
3.9858,0.18976,2
-0.20417,0.77796,2
-1.5285,-2.9308,1
-2.6045,-3.8651,2
1.4877,0.81041,2
1.3747,-0.37705,2
1.3047,-0.17699,3
2.3559,1.0145,2
1.3151,0.4448,3
1.649,0.7807,3
0.08513,0.9178,2
0.706,0.13928,2
-1.2081,2.6398,2
-2.2629,-2.5078,1
2.4559,-0.7638,3
1.9831,-0.25177,3
-1.6373,-0.48149,2
2.9413,3.0203,1
0.15847,-3.7088,2
0.1024,-3.8683,2
0.97126,-0.24415,2
3.4108,2.7547,1
3.4911,-4.3553,1
-7.0953,-3.4535,2
1.381,1.1251,2
-1.6811,-1.4065,1
0.51783,0.25513,2
2.7383,1.7568,2
1.6507,-3.7198,2
0.73034,1.9399,2
-2.3989,-3.5507,1
-2.4385,-4.0423,2
0.071671,1.8525,3
1.3435,2.5206,2
-0.70413,-2.3904,2
-0.093999,0.89575,2
-0.48845,-2.2767,3
0.18289,-0.64884,2
-0.91848,-2.924,1
-0.8842,0.28617,2
-0.50564,2.5733,2
-4.8589,-3.6514,2
-2.6832,-4.4441,2
-0.14196,-1.2251,1
-2.3521,0.047084,2
-2.3807,-0.38555,2
2.3756,1.7949,3
2.6244,1.6616,2
0.72086,-3.4208,2
3.1628,3.3362,2
1.0423,-3.2967,2
-1.1279,-3.6197,2
-4.0085,0.75577,2
4.0733,-3.048,2
1.3261,1.526,2
3.1985,-0.66401,2
-2.2195,-1.8557,2
-2.0463,-1.2671,1
0.63089,1.4304,2
-0.068493,-1.4232,2
-3.333,0.5162,3
3.5576,-2.7083,3
0.73562,-2.2363,1
1.2775,0.13867,2
-2.1042,-1.5483,3
-0.42329,-0.22942,1
-1.9311,-0.62231,2
2.2002,1.379,2
-2.1502,-1.1755,2
-1.25,2.9844,3
-0.74724,1.4431,2
-0.34285,0.66494,2
1.7284,-2.0475,2
-2.0702,0.33448,1
-3.0101,-2.2294,1
4.6287,2.7057,3
-0.92717,-2.7023,2
-0.052297,-2.3376,2
0.70847,3.9694,3
-1.8833,-2.2577,2
0.49701,-1.0919,2
1.812,-0.23581,2
-1.6314,1.316,2
1.5234,-0.36347,2
2.4437,1.4216,2
-2.1943,1.6499,1
1.4999,2.391,1
1.4808,-0.75819,3
-3.1357,-2.0615,2
-1.1979,1.3903,2
0.011828,0.96991,3
-0.66055,-5.2973,2
1.6361,2.204,3
-0.47488,6.6952,2
2.6454,5.4735,2
-3.0643,-1.0028,1
-1.1303,-2.727,2
1.2933,-0.77194,3
2.8792,2.5903,2
-1.2901,2.328,2
-2.3948,-5.2692,1
-0.40289,0.2898,2
-4.3037,-2.3319,2
0.87051,-0.63614,3
0.60418,-3.7244,2
-0.40302,-4.221,2
0.92902,2.8328,3
-0.55864,0.44564,2
-1.1795,0.2612,2
-3.2569,-1.8522,2
-2.4404,-1.2569,1
0.77364,1.0435,2
-3.0186,-1.3572,2
0.13797,6.4261,2
-0.96974,-2.8484,1
2.0791,2.7185,1
-2.9462,4.4801,3
1.2746,3.2472,3
-1.4994,-1.7592,1
-1.3158,0.17615,2
-1.1833,-0.44442,3
2.1837,-1.3591,3
2.3578,-0.6377,2
0.79153,-7.3216,1
0.99617,-4.6887,2
4.1609,4.0696,3
0.78426,0.72785,2
-1.87,-4.4976,2
1.0303,0.35557,2
0.78279,-1.437,2
-1.9713,2.7549,3
0.54596,-4.4827,2
0.91972,1.7063,3
-1.5655,2.4394,2
1.9317,2.7698,2
1.6353,-1.5397,2
-1.0485,-0.44824,1
-5.936,-1.7181,1
0.23444,0.50978,2
5.5805,4.7885,2
-1.9607,-1.088,2
1.503,0.81033,2
-1.547,-5.0781,1
-0.3453,0.41494,2
1.4352,1.3662,2
-3.567,2.3931,2
1.0573,-1.7081,1
0.46679,-2.279,2
-2.7755,2.9443,2
-1.0951,-0.9075,2
-1.7953,-1.8044,2
-4.6392,-4.7228,1
-2.0594,0.97071,2
-3.4443,-1.7652,1
-3.5505,-0.83604,1
2.0341,0.040476,2
2.305,2.9898,3
0.85174,2.9311,2
-1.4294,-1.4558,2
4.5146,-2.669,2
1.4108,-1.3514,2
1.2052,-2.6511,2
-0.058633,2.3225,3
0.022812,-3.5139,2
-0.28469,0.91439,2
2.2538,-1.3528,2
4.2426,1.86,2
0.15068,-3.9076,1
8.42,-0.025769,3
0.33585,-2.8008,2
-0.17952,0.2633,2
1.133,1.4775,2
-0.89343,0.56989,1
2.5752,-0.37241,2
-2.8548,2.0308,2
-2.4118,1.4588,3
0.75261,-1.6227,2
1.9477,1.1521,2
6.4261,1.5167,3
-0.79626,-1.3669,2
4.709,-1.9273,1
-2.8262,-3.5849,2
-0.77953,-0.61007,2
3.1282,1.5297,2
-1.439,2.5698,1
-0.27701,0.046204,3
-0.97927,1.3221,2
-1.1151,-0.71342,2
0.40389,-0.63853,3
-3.7931,-1.2611,2
1.7403,1.7055,2
1.9774,0.9326,2
-1.9077,1.0624,1
-0.58057,-2.8975,2
-3.428,0.34759,2
-0.35708,0.28837,2
-0.72479,3.2913,3
0.22006,-0.29008,3
1.0483,-2.7044,2
-3.4193,0.36293,1
0.26932,2.6944,2
-1.5055,3.3836,3
3.0345,-1.1748,2
-1.2097,4.3121,2
-1.5552,-3.3794,1
-3.1908,-0.17258,1
-0.54299,-1.5034,2
-2.4604,-2.0706,2
-0.10799,-1.1694,2
0.062688,-2.1038,2
-3.2836,-4.3686,2
2.7895,3.9515,2
-2.3332,-0.58515,1
-0.29036,-4.1721,2
-0.42365,-2.8682,1
-2.313,-1.8842,3
1.5905,0.38278,3
-6.164,-3.1828,1
1.8722,5.8091,3
0.83658,4.8438,2
-1.7488,-4.472,2
3.3788,1.0799,2
-0.73033,3.948,2
3.8565,0.35017,1
-0.001744,0.4802,2
6.0387,-1.9471,3
-1.295,1.8074,2
0.22857,3.4059,3
1.0262,0.42419,2
0.8786,-4.2057,2
1.4294,-1.0259,1
1.4337,0.79406,2
2.8845,0.07073,1
0.24157,-2.0261,2
1.0375,3.6221,3
-2.7474,-1.5231,2
2.3716,0.94068,3
-1.3876,-2.2878,2
2.8466,0.50513,2
-0.90665,-1.0051,2
3.694,3.9397,2
-3.0604,-2.1446,2
2.3868,-2.182,2
-1.9543,3.9522,2
0.30916,-1.2957,2
0.62915,1.1867,2
0.69671,-6.3892,1
2.5306,1.7201,2
2.4921,2.9774,2
-0.14832,1.2525,3
0.39545,0.38771,2
3.0911,0.85832,1
-3.9342,-1.8451,1
2.0241,-0.052107,1
-3.0345,-1.712,2
2.3011,5.3191,2
0.1789,-1.6583,2
-4.3256,0.47133,3
0.73226,0.61339,2
1.1313,-4.3454,2
-1.0809,-0.12599,2
-4.4828,2.9311,3
-2.5024,-2.9253,2
-4.5232,-2.9932,1
-0.32316,-1.6165,3
0.32857,-1.3274,2
-1.2933,-1.4074,2
-2.5487,-0.31557,2
3.8469,0.90431,2
4.5007,2.2356,3
-3.2304,2.6873,1
-0.92309,-1.0304,2
0.55667,-3.1982,2
1.5528,-2.3569,2
-1.9045,-1.6156,1
-1.1654,-1.9716,2
-2.2316,-2.1248,2
-1.3056,-2.4275,1
-0.68306,-6.3701,2
0.011244,-1.4333,1
-2.7513,-3.1665,2
2.8961,-1.2274,2
-1.9666,0.52918,2
1.2816,4.6402,2
0.36467,-1.1078,1
-2.0251,0.59896,1
0.65555,5.0329,3
1.2965,2.5629,2
-1.8853,0.3307,1
-2.3904,-2.6199,1
5.8436,3.2342,3
2.6848,-4.1766,2
4.9477,0.034362,2
2.0339,-0.11026,2
-0.92144,-4.4495,1
-0.25435,-3.441,2
-1.507,1.0466,2
2.8938,-0.40214,3
2.8483,2.936,2
-0.842,-3.7601,2
3.4575,2.0262,3
0.65779,3.6133,2
-0.55675,3.2008,2
0.76012,1.3637,3
1.8053,1.0335,2
-2.8511,-4.212,1
-2.2908,-0.1493,1
2.2854,-1.086,2
0.019201,-2.4529,2
-2.3865,0.070002,1
4.5121,1.9931,2
-3.3681,1.1179,2
1.5258,4.1692,3
-1.5989,-1.5197,3
-2.6704,-0.40969,3
0.45657,-1.8359,1
1.4314,-1.1223,2
-0.14601,1.7852,3
2.4157,-0.066074,1
1.0122,-0.25563,2
-0.28253,3.2305,2
-1.9666,-2.0193,2
-0.01605,0.73279,2
-1.8004,-0.33194,2
-0.14623,-2.8911,2
1.0883,1.2673,2
-1.9147,-1.7324,2
2.3909,-0.98698,2
-1.8044,4.1827,2
0.23629,0.035827,2
4.1022,0.020211,2
-1.888,-0.3794,2
-3.7898,-4.948,1
-1.2408,-0.62383,3
2.8253,0.05852,1
-1.5019,-0.34182,1
3.5434,-2.0765,2
-0.73048,3.593,3
-2.079,-1.5635,1
1.5816,4.4836,2
-2.4305,0.30915,1
-1.1051,5.0451,1
0.4057,-0.45882,3
2.6074,5.8464,3
3.1743,4.8094,2
1.4756,2.5269,2
-0.81214,-1.0447,1
1.9245,-1.528,2
3.2295,3.1452,3
-2.1678,1.1748,2
-0.2314,-2.0519,1
2.7612,3.6305,2
-1.0511,-2.4373,2
-0.26962,-2.6492,1
-1.0225,1.1875,3
3.0112,3.6079,2
-1.4192,3.3254,2
-0.062659,-4.2,2
1.4865,0.71308,3
-2.2904,-0.97136,2
-4.1537,-2.1543,2
4.404,2.8008,3
-1.3884,0.20221,1
1.2732,-1.2964,2
2.5694,1.3868,3
-0.61464,1.6534,2
-4.2461,-1.9317,1
-2.9701,-2.9406,2
-1.8328,-4.856,2
0.99225,-1.0645,1
-0.59781,-2.5158,3
1.3769,-1.8749,2
3.4248,1.2765,2
-0.83432,2.6818,2
1.3004,-1.0115,2
3.8768,0.047148,2
1.9137,2.1217,2
1.5007,1.998,3
-3.4888,0.99778,1
-3.6429,-0.58579,1
-2.8181,2.4203,2
-0.63983,1.1869,2
0.78623,-1.0121,2
0.37131,1.9677,3
0.34061,-4.9777,2
-1.9092,2.3809,2
-1.0407,-1.7126,3
2.3035,0.526,3
-2.3416,-2.9023,2
2.8467,1.1705,3
-0.58627,1.4246,2
-0.16502,-1.2743,2
-1.2331,-0.50602,2
-2.3027,-0.038763,1
1.5714,-0.22385,3
-0.40072,0.27502,2
0.083606,0.32984,2
-0.96173,-2.7263,1
0.23628,0.71634,3
-3.1714,1.4739,2
-0.26835,1.1777,3
-0.50505,1.3874,2
-0.13949,-1.5568,2
-0.40406,-2.2971,2
-1.0944,-1.7949,1
-1.7983,-0.71955,1
3.1753,2.6441,3
-0.51346,-1.0087,2
-3.1884,-1.9809,1
0.47781,5.1961,2
2.4759,2.0776,1
1.5284,-0.030411,3
0.34144,-2.6499,2
-1.8912,3.6019,2
1.4742,-2.5273,2
1.1286,-1.7107,2
-1.342,1.1719,3
-4.1007,-0.97008,2
2.3596,2.7937,2
-0.13494,-1.3025,3
-0.68252,2.28,2
1.085,-1.7194,2
0.64282,-0.54817,2
-2.9073,-4.0499,2
-4.5273,-0.5742,2
0.0053846,-3.3685,2
1.2114,1.8225,1
-0.091604,-2.6205,1
-0.35668,-0.72978,1
2.9909,1.575,3
0.46831,1.5231,2
1.5776,0.33967,3
0.45904,-0.76717,2
-3.9204,-0.26497,1
0.95939,-0.53648,2
-1.985,2.2491,2
-0.2406,1.0244,3
0.26013,3.5766,2
2.1289,1.2776,2
-0.40171,4.1678,2
-2.4466,0.2673,2
-1.5257,2.215,2
-0.96458,-3.1199,1
1.3686,0.66978,2
-3.5317,-1.6711,1
-2.5335,-2.7536,3
0.54061,-3.3997,2
-1.6932,-0.025539,2
-2.2147,1.1113,3
-0.73359,1.8363,2
4.1113,0.68404,2
4.3228,1.3852,1
-0.045042,-1.0984,2
-0.47455,0.8503,3
2.4434,1.286,2
-0.51897,-0.30183,2
-3.7681,-4.226,2
-3.7016,1.0703,2
0.59464,-0.35794,2
-0.24529,1.4354,3
1.9052,-2.1973,2
2.0532,1.0599,2
0.18439,0.28461,2
2.8677,-3.2435,3
-1.3735,-0.27712,1
0.12302,2.5056,3
1.5274,3.2267,3
-0.34427,1.8952,2
7.6269,0.7072,3
3.6575,1.0626,2
-2.0496,3.3515,2
-1.0528,0.51792,2
-4.2363,-1.0347,1
0.20179,1.6097,2
-0.72364,1.5762,2
-0.73924,0.39568,1
2.1602,1.7224,2
2.9755,-3.8103,2
1.217,2.6183,2
-1.1692,-1.6046,2
-0.33601,0.015041,3
2.231,-0.82924,2
3.7477,-2.8154,2
-1.3594,0.67391,2
1.6258,-0.40088,2
-4.706,1.4783,2
1.3881,-0.396,1
2.1014,-0.72336,3
-1.6277,-1.5868,2
4.1642,0.68358,2
-1.0867,-0.84983,2
-1.1432,0.83298,1
0.30346,1.0613,2
-1.0487,3.2894,1
-0.091094,-3.3738,2
-3.9502,1.9062,1
1.3242,-1.2735,2
-1.9529,0.85083,2
-0.68783,-0.48084,3
-0.69374,1.8699,2
-0.22252,-4.5076,2
0.84739,-5.6224,2
-2.7679,3.3198,2
-0.8232,-3.5804,3
-2.7169,-2.2628,2
-3.7428,-3.7231,2
1.6259,-2.8938,3
0.046687,1.5085,2
-0.81499,0.24996,1
-0.57535,-4.9522,2
-3.0447,2.506,3
3.512,0.4611,2
-0.39242,1.9806,3
-2.2186,-4.0999,1
2.1281,-0.76465,1
-2.4777,-2.166,2
-0.54409,-0.49875,2
3.4427,1.0289,1
3.2141,0.7981,2
-0.725,0.81194,2
-0.22466,-0.41481,1
0.70713,1.3943,2
-2.354,-0.48707,1
0.72963,-4.0784,2
1.7202,-1.7749,2
-4.655,-0.29996,2
5.1112,-3.1656,2
0.012222,-1.736,2
1.2091,0.83264,3
2.1621,1.1193,1
1.5783,2.7558,2
-1.1899,-0.81328,2
3.6113,2.5983,3
-0.3184,-3.4815,2
0.026433,-0.20501,1
-0.11098,0.44169,1
-1.6947,-1.684,2
0.85913,-0.99862,1
1.9982,2.0759,3
-0.79567,0.75131,2
1.8217,4.5585,2
0.020826,-0.5639,2
-2.6359,-2.873,2
2.0794,5.3374,3
2.8646,-0.81002,2
-3.3651,0.21979,2
4.0676,-4.5427,3
-0.71157,2.5884,1
-1.7037,-2.0785,3
-1.1171,-0.03195,3
2.1368,-1.1691,1
-0.28728,-1.7942,2
-3.4424,1.0289,1
2.6957,-2.4862,2
1.3612,3.8428,2
-0.23124,-2.3154,1
0.10065,1.8346,2
1.7103,0.99211,2
2.6383,3.0763,3
0.14917,2.0743,2
2.9312,-2.005,2
-3.2695,-1.2372,1
-2.0439,-1.2922,2
5.1584,1.9759,2
5.9599,1.0144,3
-2.0311,-1.728,2
3.5702,-1.5495,2
0.065138,4.2906,1
-1.4686,-1.4423,2
2.6718,1.3622,2
-1.8277,-3.4576,2
-0.11051,0.10947,1
-0.41402,3.7425,2
1.318,2.7827,1
2.9994,1.1441,3
-0.21769,2.2229,3
-1.6745,-3.8871,1
0.79297,3.5006,2
-0.45396,-0.78955,2
-1.0753,0.019762,1
5.3096,-0.22346,2
1.6295,-2.8939,1
4.2452,0.36255,3
1.8597,1.9435,2
-1.1092,-1.4509,2
4.5575,-3.694,2
0.9284,-0.53534,2
-4.5984,-1.3824,2
-1.726,-0.29924,2
-4.447,2.4461,3
-4.5756,0.087334,2
-0.23323,2.7718,3
-2.8993,-1.0517,2
-0.35963,0.70596,1
2.8941,-0.7975,2
-1.1901,-1.974,1
0.10285,3.1042,2
3.0766,2.4084,3
0.53338,1.8535,2
-0.013526,2.1595,2
0.4425,4.2656,2
0.87513,-0.44856,1
0.97733,-2.1796,2
1.4902,3.809,2
0.14118,-1.5004,2
-0.70366,-1.8873,2
2.2273,-3.0108,2
-1.0948,-2.8123,2
0.24523,1.6735,3
0.37252,-0.39176,2
1.8967,-1.3147,3
-0.963,2.1616,2
1.4035,5.3191,2
-2.9618,0.19551,2
-4.096,2.7419,3
-3.1485,0.40088,1
-3.9847,0.13225,2
-1.2947,4.2553,1
1.0602,3.2159,2
-0.79292,-3.4323,2
-1.6879,-1.107,1
0.78863,-1.5455,2
4.1754,0.05697,2
-1.2972,0.26093,2
-0.021845,1.7663,2
-0.82604,-0.69616,2
3.4288,-0.99902,3
-1.411,-1.3894,1
-0.16901,-0.46921,2
-0.2915,3.4871,2
1.0066,2.1476,3
2.8504,0.35174,2
-1.1175,-3.2752,2
-2.5418,-0.074179,2
-1.1451,2.0286,2
-3.0936,1.9819,2
1.9315,1.2046,3
-1.0378,1.4788,2
-0.44996,2.978,2
0.52846,-1.424,2
-1.4649,-0.25676,2
-1.8703,1.1381,2
1.1342,-1.8821,1
0.63264,1.1057,2
3.2381,2.3913,2
1.5269,0.72089,3
2.4825,0.65262,2
-0.46831,-2.911,2
2.095,-1.6834,2
-0.72533,0.71156,2
2.5291,-1.8446,2
-2.7584,-1.8345,3
0.38605,-0.44759,2
3.7391,0.55744,2
-0.62904,2.2618,2
-1.2007,-0.76724,2
0.48935,4.7887,3
0.67603,-0.53768,3
2.133,1.8272,2
-0.9708,-1.063,2
-0.47058,2.017,2
-0.30079,0.039284,2
0.59359,-1.4181,2
0.81909,0.75983,2
5.0264,0.59062,3
2.7914,3.3951,2
-0.93838,3.5786,2
3.1663,1.0488,3
1.9094,-0.40405,2
0.47364,3.4232,1
1.2278,2.8249,2
0.79945,-1.7967,3
1.0995,1.5056,2
-0.91685,-3.4937,2
0.31675,1.286,3
-1.5942,-1.608,2
3.3678,5.3904,3
-3.5228,-0.93536,2
-3.1708,-2.3178,2
-0.62048,0.10658,3
-0.66014,-0.6277,1
-0.3237,0.4009,3
0.33128,5.2217,2
0.5186,5.0409,2
3.0712,0.34134,2
-2.0691,3.0468,2
-0.97024,-3.0263,2
-0.40309,0.43318,2
0.38848,2.4807,2
-4.1716,-3.5769,2
0.89817,-3.1836,2
1.3078,-1.1239,2
3.1267,0.91857,2
-6.0771,-3.7276,2
1.2952,-0.32621,2
-1.7849,0.16081,1
-0.46869,3.3633,3
1.4509,0.36831,2
1.9608,-2.3462,3
0.49638,1.6501,2
-1.8622,-1.7869,2
0.10354,-1.0016,2
-1.7784,-1.8246,2
0.29681,0.32562,2
-2.0089,-1.9217,2
0.18812,2.1023,2
1.6792,-0.75218,2
2.2357,-0.56726,2
1.4082,0.52559,2
0.27292,3.5113,1
-1.1995,0.30395,3
-3.7851,-2.5125,1
1.1829,-2.4081,2
-1.747,1.2827,3
-4.7136,-3.0022,3
2.3211,1.1903,2
-0.11599,-1.4791,2
1.9573,2.3091,3
0.52826,-1.88,2
-0.56104,2.5039,1
-0.95918,0.14724,2
1.7844,1.3017,2
0.70201,-1.7995,2
2.4355,-1.1886,1
-1.2025,-0.56539,2
-0.95736,1.7351,2
0.17783,-1.8748,1
0.92532,-0.022903,2
-0.47884,-0.4683,2
-1.6036,1.7049,3
3.6675,1.4782,3
-2.0771,-3.3254,2
2.3824,1.232,2
0.20705,-3.0576,2
0.021728,-3.6805,3
0.23935,1.3659,2
-0.16611,0.15917,2
-0.35942,-4.7797,2
0.7559,2.5063,2
2.5413,1.1781,2
0.35181,6.108,2
3.1154,1.3931,3
2.3557,1.6941,2
1.2787,-1.9027,2
-1.7661,2.8156,2
-0.65804,0.21384,1
3.3457,2.5048,2
-1.2793,0.59652,2
3.6058,6.3807,2
6.3931,-2.2406,2
0.48318,5.2501,2
-0.6308,1.2198,2
0.60353,3.759,2
6.4801,0.58832,2
-0.93989,-3.311,2
2.2314,1.6648,2
0.015399,-0.19807,3
3.4582,-0.9106,2
0.68684,1.2245,1
-2.0547,0.061902,1
-0.36917,-1.6819,1
1.7157,3.0589,2
-1.5861,-1.1784,1
1.8404,3.1907,2
2.6275,1.9039,3
2.6164,-2.7832,2
1.187,-0.21725,3
2.2574,4.3848,2
1.8438,-6.1813,2
1.6704,0.6255,2
3.0369,-0.3166,2
1.8172,2.1315,2
-0.37914,0.48017,1
0.31688,-1.6867,3
-0.50403,-0.11128,2
2.5357,-4.8045,3
-2.1031,-3.0125,2
0.80997,0.30248,3
-3.1232,-6.2039,2
0.2099,-1.0559,1
-0.14892,2.5296,2
-1.89,-0.0087166,1
0.72696,2.0453,2
-0.17808,0.7258,2
-4.5855,-1.4623,2
1.1613,3.5821,2
1.6293,2.4153,3
1.3321,-0.98166,1
2.6758,0.10438,1
-4.2417,0.57845,2
-1.0829,0.35224,2
3.06,5.0609,2
1.2194,2.3595,3
0.18767,-0.54729,3
0.46337,-0.35456,2
1.5781,-0.28319,2
1.4939,-1.382,3
-4.3229,0.1884,2
0.56631,-0.89127,2
2.5906,-0.37255,3
-0.34671,2.3056,2
5.1358,-1.9725,2
-0.44298,-1.178,1
2.2736,-0.32871,2
0.13718,0.31891,2
-4.2964,-4.1432,2
0.95037,-2.4337,1
-0.76942,0.52865,3
2.2352,0.52908,3
-1.0622,-0.97938,2
2.6959,0.0026056,1
4.3132,0.72281,2
4.0726,1.4123,2
-0.32417,0.3518,2
0.70719,0.19446,2
-1.3046,-0.3025,1
-1.6343,-2.5065,1
-1.5086,-3.8041,2
1.0368,0.93742,2
1.3293,0.87734,3
-1.5373,-3.7063,2
2.2057,-1.2592,1
-1.8422,-2.7809,1
-0.42726,1.6314,3
1.8451,-4.1971,2
-0.7355,-1.0305,2
-3.3261,2.2144,3
3.133,-0.18062,3
-1.216,0.11282,2
0.19411,0.28227,2
1.1545,0.35955,3
-2.2864,-2.4833,2
-2.0902,-1.8224,2
-0.97651,-4.697,3
-1.3193,1.1095,2
-0.79221,-1.409,2
1.5325,-0.014469,2
2.2479,1.769,3
0.3776,-0.71637,2
0.67082,0.50245,3
0.44134,-2.2375,2
-1.2837,-1.8541,1
0.5149,0.23796,2
-0.95634,2.5377,2
1.4958,1.3886,2
-2.2545,-1.0629,2
-2.1302,1.1312,2
-2.7178,5.9589,3
-1.8141,-2.2309,2
1.3305,-3.4304,2
1.8249,-4.8457,1
3.581,2.4034,2
-7.1056,-0.92907,1
-0.93187,3.1081,3
0.36199,2.5383,3
0.18015,2.9165,2
-0.64932,-2.1751,1
3.2539,0.81145,2
-1.8004,0.63996,2
2.416,1.0999,2
1.0689,0.57512,2
0.70468,2.1713,2
1.064,-0.19231,3
2.9232,-0.30638,2
-3.3242,-0.64909,1
-1.3201,0.077818,1
-2.8368,0.84692,2
1.4172,1.1446,1
-2.1559,-1.7752,1
-0.66033,2.0838,3
0.68558,-2.3915,3
2.3219,1.7612,2
-1.6689,3.51,1
6.8245,-1.8045,2
-2.0894,-0.77197,2
-5.2618,0.31906,2
0.25358,-2.4017,1
0.17363,-0.60008,1
-0.6723,-1.3773,2
2.8518,1.5925,3
4.331,-0.078623,2
-4.2486,-0.41203,1
0.47237,0.55333,2
2.2107,4.07,3
-2.1053,0.97375,2
0.94711,1.0128,2
0.98951,-1.2381,2
0.77548,0.86302,3
-0.13693,-1.9318,2
1.9044,-1.1839,2
-0.029178,-2.7373,3
-0.5296,-0.89064,2
-1.4355,-1.1191,2
0.53035,-0.28087,1
-0.058822,-1.4817,2
1.1909,-3.2016,2
3.6981,-0.035479,2
-1.4409,1.8505,2
1.1289,-0.32694,1
-0.97221,-1.4311,2
-0.75575,-2.1109,2
1.0889,-1.5806,1
1.1534,0.66935,2
1.3147,4.2921,3
2.2405,-3.9148,2
-1.4199,1.7587,2
3.6217,-4.8916,2
1.2295,0.74032,3
-1.7036,0.076794,1
-3.9269,-2.2492,2
1.4145,-2.2571,1
-1.5138,0.95226,2
-2.4813,1.3606,3
4.1924,-1.3641,2
0.43769,0.62321,2
0.91881,-1.8151,2
-0.62674,0.0048901,2
-0.16169,0.92344,2
2.0751,-2.7077,2
1.1182,2.2154,2
3.2449,4.6577,3
-1.0282,-1.9499,2
-0.56388,0.023138,2
-2.1479,2.0952,3
-1.6402,0.39316,1
1.093,0.2448,3
2.62,1.8655,3
-2.1621,-3.2182,2
-0.25377,1.958,3
0.38523,1.6172,2
1.4225,2.0613,2
3.7819,-1.6628,1
3.1388,3.6444,2
-2.1748,-0.31337,3
3.6504,1.7744,1
-3.0706,-2.4659,2
1.6498,5.5496,2
1.9038,2.2862,2
-0.092639,-0.75408,3
0.26346,0.69357,3
1.2568,-0.26511,2
2.0499,-2.432,1
8.2348,0.13223,3
-0.27701,-1.4798,2
0.99473,0.060778,2
-2.2792,1.9194,2
2.0178,1.7992,2
5.5511,1.1611,3
-1.535,-0.38075,1
-1.9373,1.1175,2
-1.2358,-2.1259,3
-2.1093,0.2405,2
1.5626,-0.4135,3
2.1462,4.4912,1
3.8854,-0.12649,3
2.6939,4.1613,1
0.080928,2.961,2
-1.0228,-0.7551,2
1.8717,-2.7543,1
-0.066539,3.4248,3
0.32163,-3.2123,2
-0.48486,-3.4724,1
-0.24799,0.15882,2
0.92999,1.7179,2
3.9134,-1.8591,2
-2.5319,-1.6398,1
-0.36818,-2.443,3
-2.0704,1.0688,2
-1.5372,1.3218,2
-6.0388,0.37595,1
1.8314,-3.339,1
-0.32166,-5.3537,1
-1.8047,-0.86355,1
-1.2307,-0.82683,3
-2.1968,2.0963,2
-3.4017,-1.1544,2
-1.0616,-2.7409,1
0.82945,-0.95847,2
-2.5765,3.2543,2
3.0338,1.7382,3
2.7825,2.7736,2
-1.3988,-0.44903,2
1.3877,3.1374,2
-0.79253,-0.049424,2
-2.7536,3.0817,2
-1.7563,-1.1547,1
-3.8912,-3.2792,1
-5.143,-1.9416,1
-0.82054,-4.3993,1
0.34856,-0.50917,2
-1.8579,-0.025861,2
1.0233,-1.5188,2
-1.2046,-3.1205,2
2.5013,1.1482,1
-1.0489,0.45452,2
0.079297,-0.64281,3
1.239,0.059365,2
-1.5554,-0.96222,1
-1.7259,0.66694,2
-0.11936,3.2045,3
2.1648,-2.5895,3
0.043844,1.1628,2
-3.711,-1.4217,2
-1.2317,-0.73609,1
0.56203,-2.2194,3
-1.3142,-0.51047,3
-7.2354,-3.0497,1
2.8702,4.1035,2
2.2966,2.1537,1
0.99107,0.9152,1
-2.1936,3.3093,2
-1.9914,1.9777,2
-1.8018,1.0589,1
2.5189,-0.6224,2
-3.3656,-3.4813,1
2.0756,-3.5955,2
-1.9907,3.4137,2
-0.38485,3.7627,3
-2.2174,3.5529,2
1.0831,1.7664,2
0.27806,0.083416,2
0.34345,2.0701,3
-0.28666,-2.3565,1
0.80663,-0.7502,2
0.084097,1.6841,2
-0.97882,-0.54293,3
2.4073,3.7254,2
1.2036,-1.2607,3
-1.9608,-2.3883,1
-1.2151,-1.3665,2
-2.4846,-5.7625,2
0.47783,-1.8382,2
-0.95937,0.16394,2
1.129,-0.92811,1
-1.738,3.1933,2
0.33547,0.41829,3
-0.58405,0.68227,2
-1.3202,0.48753,2
3.8526,2.1114,2
-0.44676,-2.0206,2
-1.8993,-1.6753,2
0.2063,-3.6577,1
0.86484,3.3592,1
1.0195,-2.2532,3
0.69826,2.8993,3
-0.45756,2.4122,1
-3.3701,1.9309,2
2.0342,2.5502,3
1.1737,0.066681,2
-1.1348,5.0093,2
3.6118,-0.45777,2
-4.3645,-5.3685,1
4.8072,3.6669,3
0.77367,1.8498,2
-0.4225,-2.3153,2
0.59258,-0.8493,1
3.7398,-2.6713,2
0.98825,2.7854,2
2.6206,-1.2877,2
-1.7201,0.51936,2
-1.9331,-0.40171,1
-2.2151,4.7744,3
2.0711,2.9157,3
-1.0139,-4.4492,1
1.5818,0.27786,3
2.2874,1.1766,3
4.9167,-0.95509,3
1.9836,-0.11409,2
-0.66382,1.782,2
-3.1535,-5.4603,2
0.24106,1.2747,2
2.311,2.5674,2
-1.5957,2.4998,2
-5.1051,-0.89088,1
2.705,-0.27879,2
-4.9047,-2.2375,2
-2.6361,-1.0277,2
-0.80525,-0.87642,3
-0.28005,0.902,2
-1.8414,2.9121,2
0.44171,0.28117,3
-1.4796,-4.0424,2
-4.1183,-3.1419,1
0.9326,0.038803,2
-2.9811,-1.3201,1
2.0164,2.9128,2
0.5375,-1.6229,2
5.2971,0.73366,3
-1.1683,1.5942,2
4.3018,-0.22793,3
2.5737,1.1071,3
-0.26285,1.3149,2
-2.3964,-3.8229,2
-1.281,-0.76622,1
-0.59035,-2.7716,2
-1.2956,3.6977,2
3.152,-1.8294,1
3.3914,2.0997,2
-1.9295,0.9309,2
2.228,-3.4245,2
3.6177,2.0944,3
5.833,2.1552,3
-0.84255,-0.33905,2
-0.073581,-2.2768,2
0.40128,-1.1357,2
-0.22011,-1.5781,1
-1.4305,-2.0504,1
1.9688,-2.6269,2
0.54786,-0.22149,3
-0.56475,5.8843,3
-2.2333,-0.36823,2
-1.9006,0.67121,3
2.8317,1.6473,2
2.1148,1.1042,1
2.9816,1.22,2
-0.53552,-1.2763,2
4.4907,0.23156,2
0.37681,1.0263,2
2.8244,1.6076,1
2.877,0.55746,3
1.259,3.6103,2
0.27045,-0.50337,2
1.3911,-0.4084,2
-4.2883,-2.028,2
-4.6936,-3.7408,2
-1.3897,-0.46452,2
3.0294,-0.40795,2
0.72637,0.81698,2
-1.4288,0.6277,2
-1.6328,1.9304,1
0.53513,2.8647,3
-1.4928,-2.8326,2
-1.7211,4.9084,1
-4.2347,1.3989,2
-5.4586,0.35139,2
1.9014,0.46601,1
0.84595,-0.86316,1
-1.8408,-5.3846,2
-6.3382,-3.5776,2
0.51673,-1.3115,2
-0.10776,0.091643,2
0.049634,0.88068,1
1.9165,-0.46821,2
-3.122,2.6815,2
-3.5485,-0.90556,2
2.6132,1.111,3
-0.71509,-3.5298,2
0.40435,-1.6416,2
2.1396,1.0742,1
-5.0345,-1.8645,2
1.9942,2.4956,3
-1.1471,-2.7798,1
-6.7084,-1.6924,1
0.020285,0.41037,2
1.3612,-4.5149,2
-2.5651,3.5964,2
0.83331,4.3345,2
0.4237,-4.0157,2
-1.3518,-1.0557,1
-3.6489,0.85706,2
0.91864,0.75376,3
-1.655,2.7554,3
-0.48047,-0.6729,1
5.9812,-1.9564,2
-5.2494,-1.3901,2
-3.7784,-1.5933,2
1.4574,-2.3781,2
0.74266,2.0053,2
1.1,2.3052,2
3.5481,2.002,2
0.24655,-6.2848,2
3.2054,0.95881,2
0.22494,-2.1026,2
-2.763,0.62957,2
-2.4786,-1.3645,1
1.5719,0.13185,1
-0.536,-1.5505,2
-1.0532,0.81687,2
2.6491,2.5566,2
2.5106,-1.635,2
-1.4997,4.9347,2
-0.027075,1.6132,1
0.32312,2.2806,3
3.0601,-1.4954,2
1.4323,-0.0093118,2
-2.113,-0.043115,3
-0.6091,-0.85419,2
2.718,0.98033,2
-2.4792,0.86334,1
-3.499,-2.659,2
-0.35052,-1.127,3
0.12232,-0.82761,1
2.0434,4.954,2
2.6251,0.8235,2
-0.18317,3.4935,1
1.5783,-0.16607,2
0.39988,-0.96998,2
3.7644,0.21808,2
-0.61529,-0.44699,2
0.19364,-1.8657,2
1.8018,2.9153,1
0.51891,-1.1661,1
-3.181,-0.72339,1
0.13411,1.7526,3
-1.5083,-1.5018,2
0.61449,1.4184,2
-2.8766,-2.8636,1
-3.5199,-2.8229,2
-0.23192,-0.42438,3
-1.2776,-0.79493,2
1.5467,1.3532,2
-3.6382,3.9739,2
-0.45428,0.16948,2
2.7975,1.2632,1
-0.78611,5.3644,1
1.6217,-1.4852,2
-2.8916,-1.2078,1
0.10079,0.87613,2
-1.3399,3.2509,2
-4.4757,3.4009,3
-3.1098,2.1395,1
1.0707,-0.057309,2
3.0462,0.25939,3
-1.9662,0.1741,1
1.5708,1.6663,2
3.2735,1.1605,3
-0.33743,2.7073,1
-1.6947,1.6513,3
-0.16408,0.73144,2
1.3533,0.68786,2
1.5384,1.4801,2
-1.3451,-1.7248,2
-5.3245,-0.038045,1
-1.5089,0.63345,3
2.1219,-1.2874,2
1.051,0.049979,2
0.26496,-2.8664,2
3.0861,3.7683,2
-1.1894,0.352,2
1.3206,0.33905,1
-3.1523,-0.18206,2
-1.8979,-2.0638,2
-1.0072,-1.5862,2
3.7067,1.284,2
-1.3789,3.3824,1
0.58911,3.2628,3
1.3753,-1.1158,2
0.39926,1.1386,2
0.61895,2.9229,2
-1.7685,-1.1645,2
0.6041,1.4861,2
0.78323,1.1031,2
2.088,-0.96017,1
-0.36136,1.3106,2
2.8977,-4.6494,2
0.15512,0.8938,3
-2.2489,3.2595,3
-0.99811,2.1183,2
1.0796,-0.55948,2
-4.2198,1.9807,1
-3.4362,-1.1348,2
1.2021,-1.1614,1
0.67214,-2.5993,2
1.5865,-1.4793,2
-0.83789,1.8308,3
-1.2214,-3.4728,1
0.012994,-1.6195,2
-0.11597,-3.448,3
-0.42142,0.39517,2
-1.8896,-0.28373,1
1.2211,1.166,3
2.2423,0.40528,2
1.1418,-0.43526,2
2.4032,1.7808,2
4.1098,0.10531,3
-4.0725,0.26307,2
-0.10485,1.1331,2
-2.6984,0.1201,2
-0.1857,1.8843,2
-5.9041,-3.0729,2
-2.9553,-2.3671,1
-0.012198,2.612,2
0.23596,2.196,2
-3.7783,0.25458,2
-0.85973,0.37628,2
-0.27461,-0.93702,2
-0.0387,0.23084,2
-2.7707,0.94651,2
1.1026,0.3863,2
2.111,-0.1334,2
-0.23932,0.54847,1
0.5887,-3.1282,2
0.6718,-0.91886,3
4.8704,2.7376,2
-1.5255,-3.9263,2
-2.5999,3.243,2
1.5385,1.9632,2
2.2595,-0.32909,3
2.1697,1.7945,3
3.9005,1.1134,2
-1.7815,-0.62846,1
-1.0895,1.4039,2
1.1085,-1.2831,2
0.15613,0.68752,2
1.5664,1.4023,3
2.3354,-5.0003,2
-0.99602,-1.363,1
-1.3966,-2.8026,2
-1.7363,-4.5485,1
-3.4705,-2.394,2
0.44511,-0.65168,3
1.7742,0.16015,2
-0.72847,-1.4038,1
3.1179,1.7824,3
-1.016,-0.73246,3
-1.6219,-0.082242,2
-2.6136,-0.020031,1
-3.4266,0.51049,2
-1.3543,2.4992,2
-0.53353,-1.1559,2
-5.2606,0.64377,1
-5.8906,-2.1653,2
-0.27549,-2.3474,2
-2.6268,-1.912,1
-2.5471,2.2574,2
0.39637,0.71823,2
1.1598,0.3567,2
3.1189,1.635,3
-1.5267,-2.0314,1
2.0398,-1.2876,2
1.3618,0.56043,2
-1.5131,-0.97434,3
-1.6931,-1.6082,2
1.8303,2.5934,2
7.5169,-0.4679,2
-3.9418,2.0956,3
-0.49615,-1.2607,2
2.4093,2.7153,2
0.10894,1.1944,2
1.6574,1.4554,2
2.1476,-6.3029,2
2.2669,1.8932,2
1.6212,-1.3356,2
-3.0306,3.5595,2
1.4559,-1.4436,2
1.7456,3.0507,2
-3.8239,-2.2334,2
1.5143,0.60753,2
3.2135,3.6723,3
-0.88929,1.9942,2
-1.4471,-3.8083,2
2.9547,2.1006,2
-0.84717,0.12053,1
-0.24725,1.4392,2
1.7392,0.59838,2
2.0849,-0.33917,2
-1.8986,3.9999,3
-0.89907,0.8244,2
-3.0329,-3.4298,1
5.196,2.2917,3
-1.0685,-2.1177,2
0.80685,1.6174,2
0.89426,-0.026797,3
2.759,-0.72489,2
1.0256,5.1179,3
-0.1145,-0.92961,3
-0.84229,1.3123,2
-2.7412,-0.1936,2
-3.7929,-1.7046,1
2.5146,-2.779,2
1.0701,-1.3093,1
-0.4394,-3.5726,2
-2.1469,-2.3367,2
1.8535,2.8347,2
-2.1368,0.32669,2
1.2982,2.054,2
1.0183,-1.0981,2
1.9575,-1.792,3
1.7502,2.0178,3
3.9306,3.1307,1
-2.4133,1.8494,2
4.827,-0.64352,3
-4.0234,-0.59901,2
1.2844,-1.4325,2
1.3107,-0.010078,3
-0.77532,1.1476,2
1.8661,4.3607,3
0.61982,-2.5119,2
-1.0867,1.3641,2
2.3284,-0.18298,2
1.497,-0.10905,2
2.8491,0.4769,2
5.5422,3.1703,2
-4.5915,-3.1493,2
-1.3388,-5.0194,2
-0.79104,0.12259,2
-1.1005,1.1013,1
-2.823,-5.2485,2
0.78964,-3.573,2
0.53578,-0.76106,2
-6.0575,-0.20083,1
3.2725,0.40444,2
-1.8577,-1.9062,3
2.2065,3.6052,3
1.5984,0.77836,2
2.1862,2.67,2
-1.0746,-1.1715,1
3.6977,2.4358,2
2.2535,-3.8686,2
0.87724,1.3567,2
2.5904,1.0854,2
-2.2425,-1.7387,2
-0.23709,1.5172,2
1.236,1.2046,3
-1.3614,0.58794,2
1.7325,-1.7504,3
-1.9902,-4.1333,2
-1.1132,-0.76281,2
2.8021,3.9292,3
4.0845,2.4537,2
-3.1229,1.0541,3
2.325,0.23139,2
1.5731,3.6914,2
1.5706,-0.91721,2
-1.1449,1.3461,1
-1.0298,-3.1639,1
2.0647,-0.04948,2
4.3259,-0.25347,2
2.3958,-1.1363,3
0.75072,-1.5451,2
-2.7444,3.1201,2
-5.5023,0.96335,2
1.7692,2.4299,2
1.4459,0.27069,2
0.77864,0.62995,1
-3.1658,-0.002527,2
-1.1474,-1.0644,2
-1.7964,0.94552,2
-0.75972,-0.3723,2
1.7401,2.2746,1
3.1306,0.72687,3
0.65009,-3.9766,1
2.9665,0.76595,2
-0.071297,0.28078,2
2.2222,3.8187,3
0.77073,2.5711,2
0.37115,-1.8349,3
-2.0128,-0.4657,1
2.9784,-0.6514,2
1.2409,-3.1586,1
-1.1422,-3.2502,2
-1.1764,2.3447,3
-1.0465,-1.3043,1
-0.91423,-1.0576,2
3.2092,-1.2974,2
-0.41345,-1.8249,2
2.6663,1.9952,2
3.1828,2.2724,2
-1.2613,3.547,2
-0.35624,-1.7019,3
-1.5847,-0.80824,2
3.5698,2.3751,2
-0.53155,-2.0609,2
-0.97485,3.3963,2
2.1473,-2.7312,1
1.7586,0.48511,2
-4.1579,-2.1014,2
0.99656,0.69425,1
-2.1711,-2.2967,2
0.39029,-6.2154,2
1.1476,2.4996,2
0.28179,2.8687,1
-2.273,-2.6541,2
-2.1818,-0.85585,2
1.4649,4.6436,3
-1.9553,0.19633,2
0.11945,4.6685,2
0.59378,2.263,3
-0.39599,2.4809,2
2.6681,1.4206,2
1.0708,-2.1981,1
-0.0047841,-5.0379,3
4.4719,-1.467,3
-0.90723,-4.0585,3
-5.2181,-1.1079,1
3.3534,2.5793,2
-0.21149,-0.26281,2
-1.6982,-2.1456,3
0.8427,0.55863,2
-0.38101,3.683,2
5.045,4.9479,3
2.0819,-0.1278,2
-0.4621,1.5181,1
-1.9472,-0.85752,1
-2.1474,-3.5214,1
1.6415,-0.4888,2
-1.214,-6.232,2
4.0501,1.1326,2
0.0051843,3.207,1
3.1056,0.47792,2
-1.5921,3.5476,2
-0.70905,-2.7113,2
-2.2329,-0.50318,2
-0.57735,-0.045264,2
0.55163,2.5908,3
-2.7604,-1.7535,2
1.7789,-0.23647,2
2.5494,-0.28847,2
1.3733,0.26007,2
4.5844,2.7219,1
-1.3717,-3.1465,2
-1.1491,1.1036,1
-4.2181,-1.9091,2
3.5538,-1.6176,2
-3.1914,0.28002,2
-1.3156,-4.7322,3
-1.7399,0.12534,2
-5.1732,-4.5995,1
0.61834,-3.1201,2
2.4989,-1.7749,3
-1.8242,-5.1501,1
1.4122,0.19206,2
1.2639,0.82687,2
0.30018,-0.27504,2
-0.049205,-1.5222,3
2.5224,-4.2,2
-5.235,-0.67679,2
3.3108,-0.17629,2
-0.4067,1.5359,2
0.10095,1.9106,3
0.99873,0.84783,3
3.2002,2.487,3
-3.935,1.4768,1
-3.3508,-1.1467,3
-2.9502,-0.59228,1
0.61319,2.725,2
0.5623,-3.581,2
-0.18991,2.2738,3
-1.0049,-3.1338,1
-4.1412,-3.9221,2
0.61708,-0.89112,1
1.3518,1.7158,2
3.1409,1.1423,2
-2.5978,0.0085418,2
-1.4385,-3.5228,1
1.6765,-1.0139,2
-1.8709,-3.2308,2
4.1603,-0.85889,3
-1.2371,-1.4847,2
2.1296,-2.508,1
-0.5112,0.59189,2
3.638,-2.0086,2
2.7474,1.4295,2
1.4179,-5.4703,2
-2.947,1.7697,2
-2.4504,-1.2298,1
-1.8132,1.8893,3
-3.1825,0.35998,2
-0.33441,-0.59749,1
-2.5316,-2.3925,2
-1.233,-1.0493,2
1.9285,2.0962,3
2.9401,0.67093,3
-3.2476,-2.6223,2
-1.2653,0.12167,3
-0.37261,-0.46829,1
-2.8216,2.0088,2
2.8305,0.52161,3
-1.0895,-1.8823,2
-1.4157,-2.5051,2
-2.9289,1.7877,1
0.18306,-1.5158,1
3.9309,0.55733,3
-2.1557,0.62568,1
-2.909,1.212,2
0.90688,-3.1139,2
-1.9961,-3.4385,1
4.7987,-1.7849,3
0.86206,-0.32445,2
-3.3435,1.1269,1
-0.29034,0.59229,2
4.1028,1.8199,3
3.5316,-0.65668,2
-0.54669,-1.1775,3
-6.1694,-0.37185,1
-0.53275,-2.4266,2
2.7975,-2.7371,1
-0.44936,-3.0214,1
-2.2178,0.59356,1
3.87,2.3789,2
2.209,-0.039937,2
-0.30163,-2.7618,1
-1.8321,0.55312,2
1.8258,2.635,2
-1.658,2.3401,2
1.998,-0.18965,3
-0.41799,-6.8164,1
0.59747,-0.22962,2
-1.2365,0.29586,2
2.2298,-3.5962,2
0.6516,0.75991,2
-4.7553,-1.062,2
1.3762,-0.15314,3
3.5804,0.3124,2
1.8764,4.1724,3
1.5569,0.48254,2
3.1823,1.4715,3
-1.8652,1.5717,2
-0.12588,5.0034,1
-2.2874,1.5805,2
2.5616,0.6139,1
-2.5436,-2.2188,2
1.9834,3.6942,1
-2.7864,-3.7637,1
-3.2064,2.8705,1
0.3743,0.19629,2
0.32638,2.9149,2
-2.1913,-2.3032,1
5.4318,0.78866,2
-0.22261,-5.7875,1
-1.7752,-2.4126,2
-0.78277,-3.4875,1
-4.9972,-2.6995,2
-3.236,-2.2956,1
0.8789,-3.2485,2
-3.1098,-2.3596,2
0.41868,-0.46731,2
0.93246,0.080342,3
-1.1327,-2.9766,2
-5.402,-0.0068444,3
2.6935,-1.254,2
0.5561,-1.6244,2
-1.3571,3.2284,2
0.021057,-0.96645,2
-1.1638,-0.72404,3
-5.6194,-0.41327,1
0.031264,-0.32998,2
2.5284,-2.7266,1
3.5107,2.1995,2
-3.6353,-3.1833,2
-3.561,-1.4605,3
1.5559,3.5908,3
1.519,1.7034,3
0.045457,1.3264,2
-0.62202,4.0693,2
-1.4372,0.33368,2
3.202,2.4789,3
0.35614,-1.4794,3
-2.1057,0.16154,2
-1.5492,-0.90409,2
2.1283,-1.6191,1
-1.0627,-4.328,2
-3.5798,0.036819,2
1.6814,4.6148,2
-3.814,-1.9357,2
1.425,-1.9478,2
1.0358,0.63716,2
-3.3243,2.9966,1
0.83041,-2.6508,2
3.3012,-0.08672,2
-2.7254,-0.60057,2
-1.1025,-0.28858,3
2.8636,1.0973,2
-3.2973,-2.2862,2
-0.78772,2.1465,2
1.4134,0.45868,2
0.63216,-0.35716,2
0.011816,-2.3447,1
0.28292,-0.21561,2
2.0316,3.2566,2
-3.5872,-2.3826,2
-3.8774,-2.0964,2
-2.4997,-1.4151,2
0.34072,-1.5957,3
-2.0393,1.0242,2
1.1758,1.3981,1
0.012895,0.88137,2
1.7837,3.1224,2
-1.3412,-0.11776,3
0.47836,-1.8612,2
1.9562,4.4355,2
-0.67384,-0.66357,2
5.1607,-0.28455,2
0.57103,-0.63763,3
-0.71563,-2.4692,2
1.1882,-1.3041,2
0.10792,1.0613,2
-2.2736,3.7299,3
-2.2006,3.0853,2
4.4034,0.060228,1
1.9892,1.7728,2
0.67782,-4.0266,2
-3.4027,-2.4818,2
0.89984,2.904,3
4.346,2.848,3
0.8944,-1.5084,2
1.0966,-3.071,2
-1.6515,-3.3232,1
0.99702,0.98521,3
1.4167,4.2092,2
-1.6352,0.4794,3
-1.5149,2.1851,3
0.74455,0.21608,2
-6.2273,-1.3295,2
-1.0806,-2.0185,2
-3.1205,1.195,1
0.33996,4.0817,2
-3.2692,-0.71415,3
-1.3619,-3.3186,1
-0.72379,2.733,2
4.362,2.0925,2
-1.6481,0.099251,2
-0.65984,0.2348,2
-0.21504,2.7011,2
-1.1885,-0.31478,2
-0.53276,-1.9854,2
-2.2853,-2.2669,2
2.6236,4.3913,2
-0.47834,-3.8326,2
-1.8976,1.1652,2
2.853,-1.6197,3
-1.8441,-2.7352,2
-1.799,0.8842,2
1.1859,-0.49728,2
2.8904,1.6115,2
6.5766,2.4067,3
-4.0861,0.99702,2
1.5616,5.4253,1
0.50265,4.1966,2
-1.611,-2.1034,2
-2.7735,-2.2983,2
-3.3222,-0.047963,2
-1.8535,-2.8773,2
-0.22634,-1.5223,2
-0.84751,-2.4259,1
0.31478,0.57875,2
0.44938,1.8497,2
-1.6874,-0.0093054,2
-1.0319,2.7909,2
2.6601,0.90532,2
0.1939,-2.8224,2
-1.1844,0.18626,2
-3.9796,0.47114,2
1.1416,2.9412,2
-3.0635,-1.0483,2
3.6046,-1.3199,2
-1.394,-1.0162,3
2.1003,1.0312,1
-0.058528,-1.249,2
1.6494,-0.27404,2
1.4525,-1.5016,3
1.602,3.0542,2
-3.0637,-2.9572,2
-0.11843,-0.85445,2
-4.9212,0.86564,1
4.146,4.7412,2
2.5248,-3.1899,1
0.43794,1.3383,1
-2.4456,-0.92152,1
-2.9418,-2.9101,2
0.057363,-0.76452,2
2.3741,2.1829,2
-3.7318,1.533,1
-2.5623,1.501,3
-0.51573,1.4669,2
-0.13622,1.269,2
-3.087,-2.8315,1
3.8023,-0.024085,3
-2.0234,0.59574,1
1.4202,-1.4606,2
-4.2147,1.4265,1
0.068393,-0.29935,2
3.9098,0.27542,2
2.9589,-2.6615,1
3.7623,-3.5191,2
-3.4035,0.75703,2
2.4926,0.63208,2
-0.62926,-0.27212,2
1.0253,-3.9472,1
-0.59699,1.5504,3
1.1653,-4.1948,2
-1.614,1.3751,2
-1.7124,-1.8556,2
2.909,2.2379,2
1.9539,-0.94246,1
-0.32308,1.2455,3
-1.3458,-3.2799,2
0.82452,-0.5387,3
-0.4431,-3.8785,1
-1.3482,-0.54076,2
1.0963,4.2369,3
-3.9485,-0.84114,2
-2.0032,1.6905,2
-0.91679,-1.7502,1
0.17947,1.133,3
-0.58188,1.2293,2
-0.17999,0.92711,2
3.4715,1.72,3
2.3135,-2.0199,2
1.6627,-0.36889,2
-1.1079,1.7078,3
-0.4989,2.7126,2
1.0309,2.9357,3
1.7533,4.1629,2
3.4364,-0.5029,2
0.49491,1.644,2
0.22437,0.10181,1
-2.9248,-2.0018,1
-1.9631,-0.64097,3
-2.2551,-0.26721,1
-1.0433,-3.5993,2
-3.5062,3.2803,1
0.057846,2.7119,3
-2.2726,-1.1127,2
0.37426,4.4863,3
0.29999,2.5013,3
0.89769,0.24204,1
-3.7203,-0.59994,3
-1.7873,-1.5951,1
-2.5303,-1.8451,2
2.4706,0.30508,2
-1.1462,2.9013,2
-1.753,1.2347,2
-0.2994,-1.4319,3
0.67536,2.9554,3
-0.189,-4.4393,1
-2.2954,0.27846,1
-3.1981,-0.77272,2
-4.5841,-3.9049,1
-4.5074,-5.6078,2
3.5412,0.38056,1
2.5242,1.2881,2
3.057,-0.64785,2
0.38657,1.0286,2
1.2506,-3.5087,2
-1.9774,-4.388,1
-0.10037,-0.79932,2
-1.7349,0.72264,2
-0.77258,0.38371,2
-3.3499,-0.074827,2
-2.03,0.57435,2
3.8688,-3.401,2
-2.5017,-1.7719,2
-3.72,-2.3618,1
-6.2061,3.5774,2
0.088329,-2.0917,2
-0.28731,-1.7809,2
3.4289,3.16,3
0.22836,-0.59439,2
4.03,0.27845,2
-0.10746,-3.1147,1
-1.4786,0.58642,2
-2.4666,-1.0932,2
-6.6599,-2.6184,1
-4.3718,-7.3579,1
3.8992,-1.7671,2
3.0292,5.9947,3
0.24318,-1.5668,1
1.5433,2.4235,2
0.026542,-0.30629,1
1.0529,0.0006164,2
-2.0212,-1.9974,1
-0.59929,-4.142,1
-0.46623,0.21002,2
1.8659,1.0751,2
-3.0423,0.88178,1
0.073387,-2.0486,2
2.5029,-0.5343,2
1.4722,-0.56999,3
0.10621,-0.1751,3
-0.89538,-2.756,3
-3.1383,0.028505,2
-2.3338,1.0804,2
0.87283,-1.9401,1
-0.49406,1.686,3
-0.13279,1.4078,2
-0.21291,-1.2313,1
0.24439,0.79384,2
-1.9822,-2.0242,3
0.0019786,2.8624,3
-1.3017,2.6359,1
-0.041547,0.68015,2
-1.6978,-0.055992,1
1.4316,2.1905,2
2.9511,-3.1771,3
4.7881,2.0891,3
-2.0891,-0.92477,1
1.1588,-1.8449,2
-0.16138,1.6735,3
1.2502,-3.3264,3
-0.63816,3.8664,2
-0.46598,-1.3398,1
0.79625,-1.5084,3
-2.0417,0.33119,2
-2.9105,-0.020823,2
-4.0208,1.2426,1
0.15025,-0.82387,3
-0.7889,-1.7189,2
1.848,1.228,2
-0.49451,-2.6848,2
-4.5719,1.0245,2
0.30678,-0.51189,2
5.0383,-4.4279,2
-1.0585,0.31899,3
-0.22249,-2.183,2
1.8313,1.3314,3
-0.76922,-0.55338,2
-1.3435,2.2721,2
3.2514,6.3898,2
0.83575,-2.0428,3
-1.4437,-3.4074,1
0.76195,-1.4902,2
-0.34586,1.2391,2
1.155,-2.929,3
1.9098,5.8053,2
-2.507,-1.3451,2
-0.85821,-4.9902,1
-2.13,0.080647,1
-1.4254,-3.8505,2
0.94246,-0.99704,3
0.77364,2.5437,2
-3.7489,-2.2007,2
-0.84953,1.9199,1
-0.22561,-2.1771,2
1.7183,-3.2807,2
-1.2345,-2.4786,2
-3.7268,-4.1459,2
-0.42848,-1.8395,2
0.55294,0.67366,1
-2.28,-1.5261,1
-0.012757,-1.2047,1
3.5019,-1.2598,1
3.3326,2.6899,2
0.24899,-0.10634,2
-2.6566,-5.1414,2
-1.6035,1.633,2
-1.5951,0.95389,2
0.069618,-4.6871,2
-2.3534,2.0701,1
0.31461,-0.4832,2
1.067,2.7814,3
5.2015,3.3742,3
-1.1253,3.3946,2
-0.24363,-0.17909,2
-3.5117,1.2744,2
1.0114,1.0465,2
1.4802,1.142,2
1.8176,2.6369,2
-1.7109,0.57536,2
1.6235,-1.8924,2
-2.0073,-0.7761,2
2.3976,3.887,3
-0.33441,-1.7593,2
1.7568,1.6751,2
3.1014,1.0677,2
-0.83189,-1.3314,2
-3.1669,-0.22956,2
1.8721,0.58803,1
1.2523,-0.13714,2
1.5824,-0.012881,3
1.148,2.1658,2
1.9571,-0.98706,2
-2.9282,0.17249,2
0.21015,1.7543,2
3.7637,2.6683,3
0.074819,-0.13805,2
1.9012,-5.1451,2
-0.46356,-3.5736,2
2.7177,-2.9141,2
-0.62317,-2.6378,2
0.37665,-0.39242,2
1.4308,3.8834,2
-4.2437,-1.1383,2
-0.5822,-1.3835,2
-0.63603,1.5032,2
-1.3505,-0.35389,2
2.8424,6.4759,3
-4.1099,-1.5892,1
1.843,-0.90657,2
1.0852,3.5917,2
-5.2623,-0.30175,2
1.1189,-2.5335,3
1.423,-0.50685,2
2.018,3.3064,2
1.3506,3.3789,2
1.6547,-0.33721,2
-2.7251,-1.5805,1
5.013,2.4,2
-1.8757,-2.6808,1
-1.8504,2.072,2
0.064145,-0.2578,3
-0.87989,-3.1032,2
0.057266,0.36094,2
1.8469,-2.0243,1
-0.11706,-1.2574,2
3.0496,3.6702,3
-0.66362,-3.3088,2
-0.10004,0.67184,2
1.9946,-0.81278,1
-2.3016,3.1862,3
0.97657,-2.8609,2
0.47703,0.37162,2
2.976,-1.8175,2
5.3594,2.4718,2
1.5985,6.1904,3
-1.1196,0.35899,2
-2.7045,-1.6273,2
-0.021353,-0.051183,2
0.97293,-3.7568,2
4.0955,-2.337,2
-1.2776,-0.66413,1
1.9624,2.5076,3
-2.2846,-1.2872,1
2.822,-0.090772,2
0.033888,-0.29571,2
-2.4036,-2.7663,2
1.1826,1.4621,2
-0.62711,-1.2218,2
2.2686,5.1717,3
0.99292,0.90755,2
-1.0606,-3.1277,1
-2.9142,-0.70579,1
-0.5648,-4.2595,2
-1.7749,0.50292,3
1.8768,2.0951,2
3.5574,-0.9332,2
2.6407,-0.0049606,2
-0.93933,-1.6585,2
1.1229,-0.4822,2
-0.64761,0.31928,1
3.8569,4.393,3
0.14315,0.62563,3
-3.8734,-2.2816,2
-0.40365,-2.0866,2
-0.39637,-1.917,1
4.0534,-1.8697,1
-0.52259,6.1223,2
3.2356,-0.86693,2
-0.075103,-1.6298,2
-2.1936,-2.2541,1
-1.8877,1.5105,2
-1.1117,-2.6555,2
-0.74256,0.55831,1
-1.2014,5.0998,1
-0.10206,-0.0092017,1
2.5341,1.4337,3
-0.46649,-2.9125,2
1.2633,3.4064,3
0.63179,-1.2179,2
-2.3032,3.1553,2
2.1728,1.4355,3
-1.5777,1.3419,2
2.2998,3.5905,2
-0.61689,1.928,2
0.5652,0.81607,2
3.0493,2.6951,3
-5.8064,-6.6083,2
-5.5364,3.4932,2
4.4305,1.1619,3
4.6249,2.9754,3
-2.1367,-1.3949,1
-3.8676,-4.7094,1
-2.0564,-1.0491,2
-1.4437,1.66,2
-6.6412,0.031926,2
0.8759,-0.15792,2
-1.4192,0.60194,1
-2.8963,-4.1474,1
-2.0227,-3.4269,2
-1.3265,0.15361,2
-1.0365,3.8762,2
0.32905,-1.885,2
0.1293,-0.99655,2
-2.3992,0.00035374,2
-1.4533,-0.24737,2
0.42483,-0.93703,2
-0.56224,-2.2302,2
0.48816,2.2448,2
-4.6073,-4.8641,1
1.3003,0.36012,2
-0.85362,-1.812,2
1.0125,0.33319,2
-2.7729,0.16275,1
0.55179,0.50718,2
4.4086,2.4383,3
-1.614,-2.1585,1
1.4272,0.86649,2
1.157,-2.3461,2
2.4033,2.6116,2
-2.6328,-0.6987,1
0.59024,2.1394,2
3.6855,-1.0603,3
2.6686,1.6321,3
0.58552,0.13151,2
-2.78,2.0798,1
0.97519,3.0319,2
-0.59942,1.8265,2
-2.8188,-5.1878,1
4.6522,2.0556,2
3.9238,1.1302,2
-1.3093,-3.4419,1
-1.7173,2.4927,1
1.3571,-0.86228,1
4.5738,1.6552,2
-0.18522,3.0467,1
-0.077232,1.1128,2
4.1816,-0.069229,2
-5.3941,-0.45534,1
-2.7331,3.8222,2
-0.15149,0.14456,2
0.62857,0.30186,2
0.095904,1.2815,2
2.2052,-2.814,2
-1.161,-0.91995,2
-0.5719,2.5645,2
3.6628,4.7633,2
-2.4676,-1.8347,1
-0.46032,-2.8334,2
-2.1739,-1.4775,2
-2.6275,2.6177,2
-1.3282,-1.1704,2
-4.2507,1.284,1
-1.3737,-3.7468,1
3.5573,0.41657,2
3.5624,0.6103,2
2.8748,-0.56778,2
-0.90487,0.36177,1
1.7036,0.0012364,1
-2.4947,-1.1072,1
0.45445,1.435,2
-2.1928,2.4594,2
-1.3139,-2.9588,2
-0.97748,-0.27377,1
-1.3728,-0.077723,2
3.6388,-1.6266,3
3.1796,0.5262,2
1.2004,2.6012,2
2.2005,-2.4775,1
1.0374,0.039352,1
0.67109,-0.84844,2
1.0982,3.4102,2
-2.5937,1.2603,2
3.1904,-1.758,2
-1.2368,0.65212,3
1.5397,-4.5483,2
-2.2488,-0.31273,1
0.42516,0.21921,3
-2.5894,-4.1128,2
-3.4491,0.49778,2
-2.4717,4.5219,3
-2.9358,-1.9836,2
-2.9693,-1.6873,2
0.12048,0.52256,3
1.5223,-1.4742,2
4.5926,-2.2083,3
1.2328,-0.10324,1
-3.648,0.37751,2
-2.1478,-1.854,1
2.5997,-0.58511,2
1.02,-1.402,2
1.264,0.27638,2
-1.6333,-2.4516,3
0.10139,0.63584,2
-0.021046,0.59409,2
-0.41016,-1.252,2
-1.7751,-1.9018,1
0.69302,1.7684,2
-1.7444,3.2183,2
-0.072878,0.91089,2
3.0141,-0.68148,3
2.898,0.3204,1
-0.57605,0.52682,2
-4.4487,0.12468,2
-4.9249,-2.8533,2
0.53109,1.8725,2
3.7668,1.2691,3
4.2872,3.5044,2
2.8472,1.1792,3
1.2486,-0.12038,2
1.2514,4.241,2
1.4079,-0.94717,2
-1.9929,1.1666,1
-1.0263,-4.0529,2
3.6018,3.3356,3
0.26992,4.4909,3
-0.34414,-0.68655,2
-1.1016,-0.10547,2
1.3667,-1.3708,2
-0.30829,0.34126,2
-1.1066,1.2851,2
-0.70492,1.5738,2
-3.1308,1.1091,1
-1.7009,-1.0552,2
-0.65591,-2.5071,3
0.55879,-0.32842,2
3.2214,-0.20578,3
0.28088,-2.0383,2
-0.56858,-3.2964,2
0.38221,1.5552,3
-3.1661,-1.4729,2
-1.3935,-0.31411,2
1.9145,2.7486,2
-1.1276,-2.7925,1
-0.96334,0.31334,1
-2.1508,0.44256,2
1.5182,-1.052,2
0.75474,0.013175,2
-0.5077,1.5091,2
-1.1117,-3.2253,2
3.596,-3.831,3
0.15551,2.2736,3
-1.576,-1.689,2
1.4491,-1.12,2
2.0961,0.041164,2
-3.9416,1.1026,2
-0.64442,-0.52508,3
1.4187,-1.9884,3
-0.49057,-2.8744,2
-0.85146,0.35413,3
-4.4553,2.0815,2
2.109,1.4564,2
-3.2974,4.0692,2
-3.4689,-4.1838,1
-0.31279,4.635,3
1.4224,-1.681,2
-2.1617,-2.4071,3
-2.3492,-4.2657,1
-0.56249,-4.7516,3
-3.666,-1.0569,1
1.2432,-0.1196,2
2.5067,2.5115,2
1.3413,3.8088,2
3.5416,-2.7497,2
3.4329,4.2348,2
-2.2773,-0.53032,2
1.5725,0.61908,2
-0.67273,-1.9922,2
-3.1557,-0.33569,2
2.1796,3.9061,3
0.59926,-1.7705,2
-2.3789,-0.88007,2
0.68466,-0.99425,3
-0.98151,-2.3407,2
0.0018925,5.0536,2
-1.4832,0.39717,2
-0.79949,-4.317,1
2.4974,4.5349,3
1.1184,-2.6565,1
-4.7487,-4.1785,2
1.5533,1.2753,3
2.3841,-0.6374,2
1.7287,5.8638,2
1.6654,1.3527,2
1.0199,1.1736,3
-4.9288,1.9411,3
0.051358,3.1599,3
-1.7611,1.6602,1
-2.6056,2.8019,2
1.7288,1.5034,2
-0.15052,0.85821,2
0.70952,-4.1756,2
2.8949,2.7806,2
1.5103,0.76896,1
-0.76936,-0.81636,2
-5.2943,-5.0133,2
-0.99556,2.064,1
-1.0651,0.98857,3
-3.5822,-1.4376,2
3.5659,2.3929,2
4.0733,0.25699,2
0.38205,2.0822,2
-0.85515,-1.3272,2
-1.6596,-1.0155,1
-2.894,-1.2412,2
0.68944,1.9353,3
0.5995,3.312,3
0.68491,1.3683,2
-1.9397,-2.1974,2
3.0397,-1.0718,3
0.94554,0.062561,1
-0.81985,-4.2996,1
1.8729,-1.7691,2
-0.1109,-3.351,1
0.93543,0.242,1
0.45872,-1.0356,3
-2.4773,-2.4794,2
5.2705,-0.66476,3
-2.5841,4.0601,2
-1.5086,4.1794,2
-2.4193,-0.59374,2
3.1178,2.6053,3
0.56572,1.3035,2
-2.4869,-1.7559,1
0.25122,-0.0093618,3
-1.9137,1.4373,1
0.47862,-0.1454,2
2.8645,4.0821,3
-0.25911,-0.90476,2
1.9555,-3.131,2
4.7296,-0.38516,3
0.17365,-0.46087,2
1.3958,-1.1061,2
-0.86723,3.0142,1
-1.0283,1.049,2
3.0029,1.5438,2
-1.4632,-2.9597,2
1.7299,2.0339,2
0.10261,3.144,2
-3.4532,-6.3577,1
1.4647,1.5866,2
-3.8068,1.1555,2
2.4505,1.161,3
0.50945,0.95246,2
3.4846,-2.163,1
0.26103,-3.0831,2
2.6297,4.3313,3
-3.6963,-2.3602,1
-5.6083,1.0354,1
-0.75831,2.2571,2
0.097521,3.7478,3
2.8218,-1.3008,3
1.1459,1.8812,2
2.9414,2.7269,1
-2.0667,-4.3261,2
3.6574,0.51667,2
-1.4047,-2.2312,2
-0.67048,-1.0089,2
2.3278,1.7095,3
2.4487,-3.4417,2
-0.9653,1.6595,2
5.6868,2.7957,2
-0.24738,3.5628,2
-1.6382,-0.47197,3
-0.86748,-2.993,2
-0.81258,-2.3384,2
-0.7545,-1.3151,2
-0.19107,4.1187,2
-3.9588,-1.0751,1
0.21455,5.1705,3
0.91477,-1.0973,3
0.99534,-1.6545,2
-1.731,-3.2646,2
-2.6182,-4.4517,2
0.72449,-0.45804,2
1.7589,-0.33935,2
-0.82583,-2.5844,2
0.92986,3.2032,2
0.92613,-4.101,3
-0.1673,2.7671,1
-1.3965,0.17722,2
-2.641,0.34398,2
1.7343,0.81165,2
4.9814,-1.256,2
1.9579,-2.0655,3
-0.60121,-0.40245,2
1.7882,1.5409,3
1.8207,-0.41458,3
0.71564,1.1997,2
-0.18405,0.5932,3
1.1869,-1.6168,1
0.12729,-3.5666,1
-3.227,-2.6486,2
-3.3058,-0.41413,2
0.93016,3.9252,3
0.58346,-2.5664,2
2.2531,1.5151,2
5.7089,-1.6449,2
-3.432,-0.73234,2
0.49597,0.64984,2
-2.8402,4.0443,3
1.1065,2.8081,3
-1.4343,0.23864,2
-0.80528,1.8699,3
-1.2293,0.69453,3
-0.76019,-0.34999,2
5.9521,0.77717,2
-2.0221,-1.831,1
2.1196,2.3047,2
-4.7215,4.55,2
0.49138,-1.7981,2
0.78684,1.4039,2
1.0166,1.1309,3
2.8802,0.32932,2
-0.10264,-0.69314,3
3.3573,-3.9815,3
4.3777,3.1009,3
1.8913,-0.37267,1
-3.2542,1.1365,3
-2.5271,-2.0917,2
-2.9392,0.87134,2
0.15426,-0.48582,2
-2.032,-2.8891,1
-3.7513,-0.8812,2
0.062856,-0.06787,2
-2.4436,-5.7069,2
-3.5621,-0.19166,2
-3.4579,-1.2264,3
2.4973,1.8329,2
-2.8001,0.51702,2
3.8287,6.0339,2
-1.8459,-4.3015,1
-1.3379,-1.3176,2
0.44708,2.6749,2
1.3101,2.9436,3
-2.6465,-4.75,1
0.17484,-3.6403,3
-2.3374,-5.1019,2
-0.0016556,-0.63767,2
0.56113,-2.2438,3
-1.2791,0.63634,2
2.92,-0.78196,3
-0.76385,3.5272,2
-0.19769,1.2402,2
-0.83512,-1.8035,3
3.8315,2.7035,3
-0.65529,5.1048,2
-0.2787,0.55177,1
-1.2088,-3.1888,1
1.337,3.4681,2
-4.2028,-2.9848,2
0.29688,1.0901,2
0.093049,1.1486,1
1.0455,3.3409,3
2.4999,-0.4567,2
-4.5395,-3.6421,2
1.935,4.4016,2
0.73182,-0.097301,2
0.83714,2.8446,3
1.0192,-5.7819,1
1.3752,-0.55703,1
-0.59714,-2.9554,3
1.3811,6.1874,3
-0.49382,3.0831,2
-2.8973,-2.6187,2
-1.7345,-0.51081,3
-0.80021,3.258,3
-0.55763,-1.2639,2
-2.6354,-0.34735,2
-1.1849,-0.7168,1
1.1982,1.2515,3
1.3168,2.0104,2
1.6439,0.7022,2
1.3429,-0.31024,2
2.9261,0.44403,3
0.46245,-1.864,2
-1.3543,0.50484,2
-0.37703,0.38575,1
-1.2211,-0.27833,2
2.0582,-2.1308,3
-1.7227,-0.66158,2
-0.10467,4.0288,2
-2.1605,-1.5214,2
-2.3803,-1.6232,2
0.86931,1.3218,2
-2.1894,-5.4471,1
-1.7934,0.51444,1
-5.9282,3.481,2
-1.9601,5.2645,2
1.3509,2.2333,3
0.92634,2.0167,2
-3.8446,-5.503,2
0.69783,1.5129,2
0.10089,-1.953,2
-0.98036,-0.11296,2
-2.8603,-2.9036,1
1.7389,-0.78764,2
-1.7959,-2.0502,2
0.35211,-2.1734,1
-2.4461,-0.4483,2
-5.3446,-1.4057,2
-1.2726,-1.8312,1
-2.248,0.024394,2
-1.2914,1.8217,1
0.44024,-2.3931,2
-0.95155,-1.3613,1
-2.0468,2.6017,3
-2.3874,-3.3342,2
2.4121,2.8503,2
1.6101,-0.87463,2
1.5145,0.02406,2
2.876,0.92661,2
-3.6416,-2.6994,1
-1.1938,-0.8969,3
0.58433,-1.7172,3
-0.25532,-2.2425,2
-1.2718,-3.4079,3
1.0575,-0.47304,3
-2.6887,-4.3033,1
-0.12406,0.26509,2
1.2855,-1.5163,2
3.7958,2.961,2
3.9232,1.9219,2
-0.63334,0.17313,2
-1.4885,-2.2292,2
2.425,2.4649,2
-1.5138,1.6856,1
2.8359,0.85947,3
3.3989,2.2246,2
-4.8322,-0.15116,1
-0.19449,-0.36932,1
-4.4377,-2.0702,1
-2.9441,-2.4459,2
0.86444,-1.9464,2
-4.325,-0.23773,2
-6.1469,-2.7422,2
-0.918,-0.067517,2
0.68353,0.71677,2
2.2352,4.8143,2
2.2033,2.4973,1
3.8752,-0.98355,3
-1.7035,2.2965,1
3.0375,-0.26179,2
0.25534,0.18202,3
-3.7144,-1.758,1
-4.2897,0.81208,2
0.92229,-2.4824,1
0.20042,-0.089655,2
0.8813,2.8347,2
2.6662,-4.2785,1
-1.0457,0.44936,2
-1.7821,-2.8697,2
-0.53591,-4.2107,2
1.5257,-2.6863,2
-0.91666,-2.7736,2
1.5509,-0.80755,1
-2.3853,1.8492,2
-2.8634,-1.4676,2
0.9593,-2.0578,2
0.3062,-1.2724,2
3.7995,4.484,2
3.2602,-0.33782,2
0.87693,-1.2621,2
1.946,1.0845,2
-1.7645,-1.468,2
2.0764,-1.3684,2
-0.23772,-0.86257,1
-0.50531,-0.84674,1
3.0273,1.6603,2
2.5101,5.4318,3
-0.09449,-0.95301,2
0.78529,0.47175,3
-0.47955,0.58952,2
0.59594,3.487,3
-0.85074,4.2891,3
1.5171,2.0699,2
-3.2741,5.6803,2
-3.5849,-1.0576,1
0.44925,-0.52471,3
0.69523,0.99715,2
2.2044,-0.39355,2
-0.14812,1.1097,2
-1.4388,1.6729,2
-0.93546,-1.1365,1
0.77468,2.5664,2
-4.0836,-1.6459,2
-0.33122,-2.7867,3
-1.277,0.26046,2
-2.2367,0.90231,2
4.1849,4.3347,2
0.20273,-2.075,1
1.0219,2.4025,2
7.02,3.2085,2
5.686,-0.28228,3
-2.1026,-1.8915,1
-2.0547,-1.9915,2
-5.1576,-0.117,2
1.2489,1.0936,2
3.5319,0.04964,2
-1.3032,-2.8243,1
-2.3637,0.32265,3
-2.7626,-3.0456,1
-3.4848,2.0456,1
0.31271,0.16644,2
2.0659,0.18042,3
0.27269,3.0174,2
-1.1152,0.54508,2
-1.5754,1.8633,1
0.15876,-1.8399,2
-1.9833,5.9137,3
2.5822,0.35799,2
1.2981,3.0832,2
2.1664,2.1914,2
-0.64248,0.68971,2
-1.4077,-2.452,3
0.26515,-1.2349,2
-0.75867,-0.19783,2
2.8283,1.3583,3
-0.52201,-2.9776,2
2.0644,1.5074,2
0.24771,1.2931,2
1.5214,-0.44464,3
2.2116,-1.6437,2
-5.2828,-1.8616,2
-0.95487,-1.1033,2
-0.40706,2.2347,2
-1.0383,-1.8903,1
2.8607,-0.73289,2
1.5734,1.7598,3
0.52587,-2.4656,2
0.4947,-0.2816,3
-0.30406,-2.9452,2
1.0487,4.3515,3
-2.2498,3.1722,3
-2.2953,0.49259,2
-2.0893,1.9534,2
-4.0051,-1.2475,2
1.3246,-0.21591,3
4.5076,-1.7139,2
0.98204,3.09,2
-1.2293,3.2344,1
3.7327,1.8162,3
2.7166,0.54765,3
0.45773,1.0055,2
0.65524,3.0582,3
-1.4522,-1.3014,3
-2.8555,-1.5609,1
-0.32174,-2.183,2
1.9943,-0.44881,2
-0.42313,0.50324,2
0.53015,2.3176,2
-2.7702,3.2737,2
2.8679,0.70582,1
2.0405,1.8787,3
-1.2629,-0.63791,3
2.9339,-0.12075,2
-2.2997,-1.6851,2
0.41153,2.0235,2
-0.21071,0.96203,2
1.7191,-3.6665,2
5.1246,4.1661,3
2.3408,-2.1944,2
-3.645,-1.502,2
4.519,2.0405,3
-2.0863,-1.7989,2
-1.3577,-0.77012,1
1.7626,2.0498,3
-2.5682,-2.807,3
-5.9077,-4.9658,2
-3.091,-1.1444,2
0.7069,0.6093,2
-3.9298,-2.2367,1
1.814,1.7643,2
-4.311,-0.28472,2
-1.9636,0.63376,2
-2.4577,2.781,2
-1.1368,-0.50372,1
0.16221,2.903,3
2.07,1.8281,2
0.15388,0.38504,3
-4.0214,-1.4543,1
-0.53611,-1.4121,2
0.38311,3.5934,3
-1.7968,-0.44415,2
0.48625,-1.748,1
1.5754,-3.9718,1
0.39817,1.066,2
-4.248,-2.7869,1
2.4088,0.17615,2
-6.0283,-1.6959,1
-2.7085,2.5486,2
1.3412,2.8518,2
-2.7995,-1.2871,1
-3.6285,1.1904,1
-3.6316,-3.8168,1
5.7023,1.629,3
1.2744,-2.484,2
-3.2311,0.22959,3
-1.1974,1.6575,3
2.1771,-2.5734,1
2.177,3.2809,3
-2.3347,-0.83267,2
-0.10995,-1.8169,2
0.23142,2.1242,2
1.5267,-0.10976,2
-0.13955,6.1544,3
0.50652,0.57125,2
-1.464,1.1913,2
-2.9001,0.45238,2
0.13712,-4.9483,3
0.81446,-2.2196,2
4.0592,-1.2156,2
3.4054,3.3477,2
3.2773,-1.4096,3
-0.058491,0.28752,3
3.957,-1.2536,2
0.29688,-2.387,2
0.61815,0.36934,2
2.6167,3.8687,2
2.0933,-2.3397,2
0.0050155,0.45143,2
-1.3643,-1.0545,1
1.4116,4.5153,3
1.5444,-0.94027,2
0.7669,2.8987,2
6.5075,2.5739,1
-1.7455,-0.22752,2
-2.1665,0.33859,2
-0.69515,0.22083,2
0.6275,-0.82811,3
3.547,1.5755,3
2.3059,-0.20281,1
1.0872,-0.39501,2
0.048521,0.52327,1
0.11697,1.2649,3
2.3944,3.1818,3
1.9472,-0.10439,2
-3.1656,-4.6327,1
1.2519,2.7785,3
-0.57769,-0.54773,1
2.7698,2.9237,3
-4.4231,-2.9527,1
0.20044,-2.6008,1
2.1763,4.0893,3
1.4241,-1.6629,3
-2.3194,-2.6256,2
0.94844,-0.1031,2
4.294,-0.4813,3
-1.6725,-0.0057879,1
0.45811,-0.58146,3
-0.49476,0.13314,3
1.159,-1.0651,3
-0.53255,0.5564,2
-2.6349,-0.087392,3
-1.1237,2.2289,2
0.92258,-3.7244,1
2.5159,-1.292,3
-2.5971,-2.3283,2
1.7927,2.7989,3
0.70653,0.2252,3
2.2835,2.1494,2
1.0899,4.3096,3
0.76849,-0.26397,2
-1.0605,-0.4461,2
-1.64,-0.54215,1
0.31897,-5.4047,2
2.6787,-1.6915,3
4.7171,-4.2017,2
2.5309,1.9065,2
-2.5144,3.9348,3
1.2398,1.0836,1
-0.26276,1.0878,2
0.4347,0.89204,2
-3.9119,-1.5109,2
-0.11344,-0.27415,3
-0.85359,0.59662,2
-0.60505,0.90298,1
2.3363,0.5074,3
-0.70141,1.2977,2
-0.47451,4.0413,2
-1.339,1.0197,3
-1.2988,2.6891,2
-0.32043,-1.268,2
-0.71954,-2.1262,1
2.1351,2.0619,1
2.9769,3.064,3
-1.9253,-1.3218,2
0.70461,-0.12135,3
-4.2426,-2.1998,1
-1.9712,-2.2162,2
2.1542,-2.1045,2
-0.3779,0.56947,1
-0.44642,-3.857,2
3.8577,4.5282,2
3.1299,1.7982,3
-2.7381,-4.2229,2
1.2639,-2.0252,2
2.0433,3.5078e-05,2
-0.0044196,0.71902,2
-2.3009,-2.6229,2
2.1686,2.5174,2
1.3924,4.4076,3
3.4091,-3.6434,1
-3.9168,-3.8806,1
2.5742,2.0626,3
1.8524,1.1045,2
0.52825,1.5713,3
0.64556,2.0374,2
0.54704,0.24822,3
-0.95177,-1.0175,1
0.26821,-0.21556,3
-0.97134,-4.4217,1
1.043,0.4137,3
3.1588,2.1235,2
-3.1563,3.2666,2
-0.1813,0.054748,2
-2.0083,0.12148,2
-0.37085,-3.0579,2
-3.7027,0.42221,1
-1.82,0.97355,2
0.024566,0.71238,3
0.27414,-0.97871,3
-2.0123,-0.84975,1
2.0932,-3.0879,1
-2.8432,1.1661,2
0.47092,3.2194,1
-2.337,2.1792,2
1.6454,0.48817,2
1.8749,0.67312,2
1.0375,-1.9709,2
0.16806,-1.8346,1
-0.10971,1.1904,2
-3.1692,2.8799,2
1.0904,0.99916,1
1.8879,0.068158,2
-3.8509,-0.89011,2
3.3187,2.5937,3
-0.64636,-1.3066,3
-1.2423,-1.5202,3
1.0365,3.1157,2
-0.29892,-1.8926,1
1.9632,0.28644,1
-1.1331,3.8708,2
2.5603,-5.005,2
-0.25147,-0.29188,1
1.6288,-0.95393,2
-1.7202,-0.79955,2
-1.4842,-5.448,1
-2.1986,-1.8506,2
1.2755,3.4522,2
-2.1431,0.51332,1
-1.8193,-6.4681,1
-4.3946,-3.0468,2
3.9017,0.063269,2
0.63949,3.2099,2
1.3394,0.037547,1
-2.4813,-1.9633,1
3.4964,-0.018372,2
1.4222,-5.4444,2
-2.4267,-1.3963,3
-1.9645,-0.35346,2
2.2127,-1.6275,2
0.84414,0.14256,1
1.3951,1.2156,1
0.26995,-0.27956,2
0.66963,-1.6897,2
2.251,-1.336,2
0.63647,-7.9683,1
-0.60595,0.16617,2
0.4966,0.24039,2
-1.2492,-3.5173,2
0.13914,-2.4105,2
-2.8984,1.3527,2
-0.76886,-2.8934,2
-1.3232,-2.2961,1
0.64828,-5.7356,1
-0.37971,-3.9416,1
-7.4979,-0.58715,1
0.6743,-2.5299,2
4.6829,-0.27703,2
-1.0384,-1.0591,3
0.42845,2.6484,1
4.7847,1.7111,2
3.5487,5.0182,3
1.0378,3.3688,2
-0.30935,-2.7447,2
-2.6129,-3.1218,3
0.061863,-0.45272,3
-1.1141,1.1686,2
-0.77092,-0.20903,2
2.0855,-3.3051,2
-0.29268,-0.72707,2
-1.5814,3.3974,3
0.21059,2.7225,3
0.82658,-0.75466,2
-0.96325,3.327,2
-0.44035,3.7779,3
-0.28372,-0.52373,2
-3.2241,1.478,2
2.9493,1.5262,3
-0.6184,-2.2862,2
0.71642,3.8362,1
-1.2096,0.60731,2
-2.2615,-3.3559,1
2.3182,3.2889,2
-4.244,2.8473,3
-0.026218,0.92587,2
-0.98288,-1.721,3
1.1872,-0.61925,2
-3.3437,-1.4039,1
0.72121,-1.1361,2
-0.9268,0.1449,1
-2.3565,-2.5767,2
0.0055084,-0.20989,2
1.1838,-0.86548,2
3.8143,1.5231,3
0.29777,0.12418,3
-3.7391,4.6411,2
-2.4037,-1.384,2
0.048109,4.0486,2
-2.3131,-1.5185,3
-2.4444,1.3093,3
-2.8691,-0.071062,2
-2.144,0.36563,2
1.6861,-0.20962,2
0.23983,-3.3166,2
1.4986,-4.28,1
-0.98759,0.82561,2
0.25464,-3.2023,2
-0.45199,0.33331,1
-0.51891,3.7779,3
0.54246,-3.522,1
-0.23932,2.517,2
-3.2274,0.16688,2
-2.1344,0.92891,3
0.73778,-0.015123,2
2.0278,0.22088,2
1.287,-2.6848,3
-1.6889,-1.7339,2
-2.0287,0.85442,2
