5.3938,-0.80961,3
3.6881,1.4818,3
0.85251,0.40634,3
-0.79695,-1.6116,3
2.7843,-0.1428,3
4.6603,3.447,3
-0.12204,-1.8008,3
0.82927,1.7077,3
-0.24232,-0.22821,3
1.1241,-0.98962,3
2.4874,1.8891,3
2.5761,5.8077,3
0.33799,-0.22987,3
1.7864,-3.5182,3
0.8267,-1.3175,3
2.5675,5.0775,3
-1.5297,-0.26581,3
3.2572,1.6008,3
1.101,0.37514,3
4.5164,0.652,3
0.049428,-0.18847,3
5.1193,1.7413,3
1.51,-2.1922,3
2.3107,0.8741,3
2.0358,0.9421,3
1.5815,3.7135,3
2.6644,2.8864,3
-0.49737,0.2388,3
2.7413,1.0167,3
-1.1525,-2.9551,2
-0.24037,2.7852,3
1.5185,-1.9411,3
-0.38615,-1.9404,3
0.631,2.8433,3
-0.29796,2.613,2
1.4043,0.16172,3
2.5168,-1.7311,3
2.6888,3.0913,3
6.4673,1.8802,3
0.49502,-1.2083,3
0.37398,3.2169,3
-0.69279,0.70258,3
2.7612,3.5735,3
-0.074463,0.048334,3
-1.9856,1.6511,3
4.5197,2.8992,3
-3.13,-0.71676,3
3.3051,-4.2158,3
0.05561,1.7749,2
5.8457,4.1259,3
1.9322,1.603,2
2.3987,-1.7726,3
2.5158,3.6482,3
3.9102,2.5083,3
-4.2128,-3.4982,1
2.6301,-0.30687,3
1.5091,-1.6031,3
5.7814,3.0738,3
1.5714,-0.58213,2
2.3972,2.5047,3
0.93882,2.3365,3
3.7928,5.0438,3
1.3464,-0.74949,3
1.2844,-1.9889,2
-1.2107,1.1022,1
-0.24446,5.8879,3
3.0022,0.78774,2
-1.7781,-2.8034,3
2.8721,3.56,3
1.5879,0.70206,3
1.3997,0.393,3
-0.11474,0.38547,3
0.97344,-2.7044,2
0.85349,2.544,3
2.1216,4.7709,3
4.6778,-0.88512,3
-1.6038,-1.3504,3
-1.5632,0.71473,3
-2.3942,-3.2734,3
5.914,-0.93669,3
3.2636,3.1428,3
0.78828,1.6601,3
3.999,3.039,3
-0.32479,0.70477,3
1.0403,-2.2677,3
1.6828,1.5525,3
-0.12178,-1.1906,3
1.3245,1.5481,3
-1.4694,0.86102,3
0.54269,-2.7263,2
-0.32924,-1.8958,3
2.0124,1.9319,2
-1.6797,-0.47271,3
-0.75041,-3.0585,3
2.1212,3.928,3
1.0189,-2.873,3
0.57467,0.068293,2
4.9661,2.5114,3
2.5742,1.6102,2
0.42694,-2.3793,3
1.9822,1.9221,3
0.29536,0.40812,2
1.4749,-2.6874,3
4.2234,1.4823,3
0.17145,-3.9264,1
-1.2025,3.2632,2
-2.2288,0.47941,3
-0.39321,-1.7891,3
-0.86062,-5.1647,2
-0.57425,3.6448,3
0.87497,0.56967,3
2.2107,4.8418,3
3.5655,3.8372,3
1.8178,0.93422,3
2.3012,-0.37166,3
-2.091,1.9319,3
1.761,-0.36591,3
-3.0474,-0.70793,3
0.70648,-1.9933,3
-1.959,1.1539,3
1.9706,2.7605,3
5.0317,4.0323,3
2.5281,0.57773,3
-0.30128,2.2388,3
1.2671,-1.3412,2
-1.1121,-0.81888,3
3.5794,-0.45762,3
0.18693,-1.1279,3
-2.9111,-1.9449,3
2.1972,1.2512,3
0.67442,-0.57952,3
2.2013,-3.0581,3
-2.3848,-0.66871,3
1.1044,0.40734,3
-1.1098,3.9473,3
1.0639,4.5004,3
4.0855,0.82251,3
-1.2579,-1.1279,3
1.7328,1.5113,3
2.0263,0.85346,3
-1.0292,0.21195,3
-1.2933,-0.76552,3
-0.016972,1.4498,3
1.2098,-1.3374,3
-1.4522,-2.6684,3
5.6013,2.1311,3
2.8622,0.12193,3
7.2112,-2.1308,3
1.2249,0.60026,3
-0.40787,0.20106,2
-1.7247,-4.0484,3
3.384,3.9695,3
1.2002,1.9756,2
2.5917,1.3083,2
5.1666,0.4769,3
-1.3125,0.73968,2
1.3489,-0.6319,3
-0.1238,-1.3781,3
-0.26345,1.1629,3
-1.0225,-1.6905,3
-3.8892,-5.0783,1
-1.7583,2.5736,3
-0.28666,-1.1447,3
2.3665,0.33094,3
1.7108,-0.47844,3
1.2461,-0.55612,3
-1.4354,0.67249,3
1.3038,1.0923,3
2.852,-0.077352,3
0.69786,1.5797,3
0.3252,-0.87934,3
-2.2919,-0.013861,2
-2.0114,-0.53252,3
5.4734,0.029064,3
-0.049876,0.46775,2
-2.7895,1.9761,3
-4.1992,0.49441,3
0.33585,3.7436,3
2.0786,1.1349,3
1.0211,1.2731,3
2.2133,-1.5247,3
0.18068,-0.028008,3
-3.0008,-0.93437,3
0.31902,-1.6898,3
2.1821,-1.8509,2
2.121,-3.5473,3
5.0076,1.0581,3
-0.1963,4.3715,1
0.73302,-1.4809,3
-1.9109,2.7428,3
0.86798,4.7909,3
-1.5695,-0.049716,3
1.461,0.12459,3
2.0994,0.5634,3
4.5309,-1.0119,3
1.8063,0.79979,3
-0.73943,1.2544,3
-1.107,-2.4973,3
3.0067,4.4816,3
4.9916,0.15685,3
0.95042,0.36096,3
2.1574,-3.8228,3
-0.94557,-0.80785,2
4.7267,1.5864,3
0.82812,-0.85755,3
2.07,-2.085,3
1.7397,1.245,3
-2.3583,-1.2175,2
-1.8194,-0.86129,1
3.2678,3.0626,3
6.0505,1.5049,3
-1.0504,0.47284,3
1.0414,1.8883,2
0.36474,-0.99086,2
2.6032,-1.6971,3
0.59685,0.49728,3
2.2976,-0.32853,3
-1.0303,-0.24845,3
0.46923,1.974,3
0.70692,-1.0099,3
1.5215,1.2763,3
-0.95201,-1.0491,3
-3.2934,1.3553,2
1.374,-0.28015,2
4.3166,2.6703,3
1.1795,0.61422,3
-1.5559,1.1503,3
-1.3467,2.5944,3
-3.2522,0.70679,3
-0.23839,0.86361,3
0.093962,2.3671,3
-0.37001,4.5912,3
5.1509,2.7451,3
-2.2323,2.1272,3
-2.6842,-1.1759,3
1.7823,1.4373,3
-0.083248,0.85341,2
-3.5976,1.0188,3
1.0443,2.792,3
1.1195,-4.2735,3
-4.0318,-4.3201,1
-1.6477,0.43149,3
1.3949,-1.668,2
-0.28548,-1.3158,3
-0.43946,1.6846,3
0.030598,-2.0252,3
3.1125,0.13314,3
-1.0584,1.232,2
-1.4835,2.1264,3
2.8753,3.7953,3
3.776,4.2051,3
1.1737,1.0979,3
0.148,4.0078,3
3.5951,0.081241,3
-1.8666,-1.5753,3
3.813,0.72852,3
-0.87972,-3.6458,3
3.0857,-0.23923,3
-0.056783,-4.8375,2
3.2332,-0.030104,3
-0.38487,-1.4656,3
-0.23698,-1.0026,3
-5.0184,0.10963,3
1.9954,0.16419,3
-0.59628,-1.4981,3
3.0876,-1.068,3
3.0806,0.6212,1
-0.66919,-1.4193,3
1.2235,1.9846,3
-1.5246,2.7578,3
1.8713,-1.7589,3
0.76747,-3.3874,3
-1.6708,0.37004,3
2.4066,1.016,3
-0.23325,1.2341,3
2.019,-0.076025,3
1.4096,-1.0152,3
-2.554,-0.10961,3
3.6007,0.71903,3
3.0979,1.2529,2
-0.3103,1.0744,3
-0.060743,-2.3855,3
-0.021106,2.8071,3
-3.6492,2.5779,2
-0.60575,2.7332,2
1.1393,2.6968,3
0.21648,4.1166,3
1.8935,-3.2613,3
-1.2289,-3.2456,3
0.79616,3.1036,3
-1.0473,0.5251,3
2.4833,-0.13988,2
0.64806,2.815,3
0.09963,-2.1975,3
0.43226,1.3388,3
-2.7279,-1.0172,3
-2.9641,0.33741,3
-2.7414,-2.911,3
2.7231,2.5749,2
-2.0172,-2.4491,2
0.85745,1.3262,2
1.4578,0.59778,3
-0.15913,0.12211,3
-1.7229,3.9005,2
1.6163,-2.9065,1
-4.224,-0.88393,3
3.4158,0.094952,3
1.878,0.80595,3
-1.1068,3.7991,3
0.20476,-1.5534,3
2.3531,0.43246,2
-1.2368,-0.049169,3
-0.87956,-2.2854,3
1.1749,-1.7563,3
-1.1797,-2.8898,3
-0.68829,-1.2731,1
-0.31495,2.3919,3
-0.38438,0.36798,3
-0.39823,-2.7197,3
-1.9223,0.98088,3
4.1929,1.592,3
0.27997,1.0596,3
0.56704,4.3425,3
-0.57815,5.0631,3
-3.0162,-1.2859,3
2.7385,1.8456,3
3.9928,-0.71997,3
1.8274,0.30574,3
3.0274,2.7356,3
-0.039836,0.44153,3
1.2839,-2.686,3
-3.5333,-3.4122,3
1.5588,1.6516,3
-1.6148,-0.36252,3
-4.8979,2.0044,2
-1.3167,-0.24967,3
-3.9489,0.51324,1
-1.6115,1.2448,3
0.21515,0.40988,3
-2.2587,-0.83709,3
-0.36464,-3.8773,3
-1.5581,0.70645,3
-1.4136,0.17597,3
1.8417,0.58065,3
-2.1452,-3.7133,3
-1.2535,1.819,3
3.8822,-0.20932,3
0.25302,-2.3226,3
0.76141,3.7981,3
-2.7511,3.4633,3
2.312,-3.6751,3
-5.0768,2.139,1
3.4275,3.8244,2
7.4159,2.0152,3
-1.5125,-1.6536,3
1.9657,3.7478,3
-1.0209,-1.5636,3
4.7217,2.208,3
-5.579,-0.62462,3
-0.37694,-0.99871,3
1.237,0.20269,3
4.3181,-1.4995,3
-1.4587,1.1944,3
-0.2435,0.68182,3
3.8946,0.85012,2
2.7609,3.077,3
-1.8874,3.2346,3
-1.6343,0.76693,3
-0.91188,-1.5486,2
1.0564,-2.8897,3
2.6694,4.2165,3
2.7138,-2.8448,3
1.395,-0.19213,3
0.080008,-2.1856,3
1.6231,-0.021914,1
-0.12982,-1.4437,3
2.0256,-0.94435,3
-1.7641,-1.2406,3
-2.957,-1.0986,3
0.66667,0.26469,3
-1.6919,-2.2459,1
-0.43605,0.8129,3
-0.4585,-0.5222,3
-0.35752,1.1971,3
-2.8111,2.2345,3
0.31017,-1.2064,3
2.1482,3.6301,3
-1.8378,-3.1393,3
2.6408,1.0006,3
-1.0338,2.7878,3
0.58494,-0.6907,3
-4.0137,-0.28084,3
0.23299,-1.4919,3
-1.6054,0.70464,3
3.5895,-0.51125,2
-3.1717,-3.8635,3
2.248,3.3721,3
3.6796,2.0441,3
-1.6368,-2.8367,3
2.6481,3.5429,3
-1.1396,-1.1346,3
3.4724,1.4156,3
-2.7147,0.59949,2
-2.1273,1.1416,3
2.2401,-1.8486,3
2.0148,-1.465,3
2.2246,3.053,2
-3.7445,1.144,2
-0.743,0.27997,2
4.1891,0.48237,3
-2.2126,2.1039,3
2.9229,3.3237,3
1.7279,3.4577,3
-0.31235,-5.1641,3
-0.60924,2.9392,3
-3.1702,0.39488,1
-1.497,4.2135,3
-3.9738,-0.2666,3
2.4116,2.8315,3
-0.80492,1.0337,2
1.3958,-0.48238,3
-3.2006,-2.7197,3
-1.2749,-0.14252,3
2.9232,3.9799,3
-3.1273,0.74376,3
0.2136,-0.39408,3
-2.8299,2.9502,3
1.5967,-1.6071,1
0.68404,4.3447,3
3.8684,0.46163,3
2.2203,-0.14203,3
-2.6737,2.1821,2
2.629,0.084997,3
0.67345,1.6866,3
4.2897,4.5826,3
1.895,0.75621,3
0.47268,1.832,3
3.449,2.4864,3
1.9865,-1.4421,3
0.82045,2.4745,3
0.16708,-1.0764,3
-0.6542,-2.0517,3
-2.9359,-3.7917,3
5.051,2.685,3
4.3099,0.27944,3
-0.86341,-3.6104,3
-2.465,4.0692,3
0.11211,-1.0346,2
-0.26847,1.0451,1
3.2589,1.5035,3
0.1734,1.4352,2
-2.8338,1.6568,3
1.9468,1.2425,3
0.41693,2.258,3
2.7905,-0.87086,3
-1.6548,0.84542,3
0.075928,-1.9528,3
1.0351,-1.1927,3
-2.3359,0.35377,3
2.9297,2.8957,3
-0.49806,-0.23213,3
-2.2889,-0.36369,3
-1.033,-2.0769,1
0.73075,3.669,3
0.74152,-1.5028,3
-0.70885,0.33986,2
0.54129,2.9662,3
-2.1713,3.4956,3
2.2749,0.24768,2
-1.1971,-1.0256,3
1.7891,2.9927,3
-1.2371,2.6806,3
-0.56594,-2.4377,2
-0.36182,2.2665,2
-0.64187,1.5063,3
-0.25435,0.53641,3
0.4283,1.612,3
-2.1578,-1.2079,3
-0.25774,2.604,3
2.6212,1.199,3
0.38056,-1.8174,2
3.0896,1.8617,3
-0.59732,0.090482,3
2.3524,-2.4715,3
0.32629,-0.93975,3
0.52639,-0.284,3
1.7997,2.7115,3
1.8441,4.4509,3
3.1224,4.864,3
3.4867,1.8117,3
-1.729,-1.9381,3
1.4694,0.14375,3
5.3041,4.3243,3
0.39257,1.1592,3
3.6183,4.3933,3
2.7281,0.45441,3
1.5314,-5.1092,3
0.79525,4.0156,3
-0.71213,-3.0493,2
4.2154,0.66142,3
-1.2869,-1.7283,3
2.3194,4.7257,3
-1.8666,4.1612,3
0.60545,-3.9633,3
0.66,0.80515,3
-1.1483,0.31449,3
1.1486,3.0404,3
-0.033007,-2.1271,3
-2.4781,-0.39778,3
-0.11581,-1.2558,3
0.1669,-0.02376,3
0.85265,4.8493,3
-1.8323,0.39257,3
2.2577,-1.7379,3
4.41,0.56724,2
0.7621,2.2334,3
0.59512,2.1764,3
-1.9217,-0.85227,3
-1.9792,1.1307,3
-0.21362,0.017836,2
-0.071867,-1.7708,1
-0.25604,0.7321,1
-0.34745,2.174,3
5.7703,5.0877,3
-1.117,0.57118,1
-4.0219,2.0587,3
-0.75983,2.5083,2
4.8944,3.2615,3
-0.19477,2.0909,3
0.90931,1.1847,3
1.5311,-1.7558,3
0.16247,2.211,3
2.2534,0.9669,2
-0.51334,-1.4485,3
4.5825,3.8717,3
0.55543,0.98104,3
-1.8784,-0.27708,2
1.4868,0.96332,3
-0.71884,-0.83815,3
1.983,0.37573,3
-4.3092,-4.3289,2
1.7284,1.6381,3
1.3668,0.7764,3
1.5775,-0.62786,3
2.1569,0.88386,3
2.0019,-0.10216,3
0.31786,0.2825,3
0.93053,-0.28328,1
-0.74841,-1.362,3
-1.4955,-1.6709,2
-0.72823,-1.1976,3
-0.30047,1.3806,3
-0.025049,5.542,3
3.5298,-2.9285,3
-2.584,-2.3391,3
4.6779,5.0192,3
1.1986,-2.4189,3
-0.4225,0.64561,3
-3.5398,-0.99025,3
-1.9303,-4.6115,3
-1.6138,0.26316,3
-0.37663,-0.33286,3
-2.0867,3.1387,3
-0.11315,1.2424,3
-1.7176,1.3186,3
2.9842,0.88745,3
3.4841,2.5562,3
0.039547,-4.3203,3
-0.57775,3.0136,3
2.0398,4.2364,3
-0.95221,-1.3986,3
-0.48156,-2.4099,3
2.5244,-2.2684,3
1.2821,-2.7242,3
1.1146,-2.5411,3
0.46373,-3.8057,3
-1.8554,2.0617,3
1.7059,-2.7514,3
2.9709,-2.0956,3
1.6694,2.5911,3
0.85087,2.7117,3
1.9907,-0.96482,3
2.1222,2.4414,3
0.23571,-2.7161,3
2.3296,-0.52449,3
2.4233,-2.2314,3
-2.0799,-3.7684,3
-1.6794,1.2952,3
-4.5776,0.90405,3
1.953,1.7617,3
1.247,4.6494,1
-0.70453,1.8756,3
0.12449,0.048876,3
0.56433,1.0729,3
-0.43503,-0.91181,3
-0.94683,-0.083066,2
1.3394,-0.082239,1
3.5173,1.9995,2
4.4901,1.4713,3
-3.5528,-0.57089,3
-0.36662,2.603,3
2.6504,-2.8248,3
0.30683,-1.2149,3
0.24025,2.1812,2
0.18585,-2.1722,3
-2.8426,2.2805,2
4.7994,0.74495,3
-0.07431,1.2585,3
0.32452,2.1501,3
-0.2061,2.4404,3
-1.6396,-0.28243,3
2.4104,-0.68741,3
5.0207,2.5635,3
-0.57765,2.2575,3
0.18055,2.505,3
-3.2924,2.4586,1
-1.7109,-0.97037,3
-0.79423,-2.3495,3
3.9446,-0.010017,3
3.0774,2.4192,3
-0.78925,6.3826,3
-2.188,2.6046,3
-1.5617,-0.019347,2
-2.3413,-0.99038,3
-1.7197,1.3214,3
1.0614,2.8294,3
0.1928,2.7218,3
3.4603,1.3378,3
3.4826,4.6562,3
2.1346,-0.88031,3
3.9043,5.711,3
3.3505,3.4054,3
1.8391,0.586,3
-4.4802,-3.4226,2
3.1752,3.8765,3
-5.1828,-3.8066,3
2.2977,0.43698,3
3.5933,-0.63091,3
3.0718,0.56696,3
-1.1426,0.94218,3
0.35847,2.4507,3
0.63075,-0.065311,3
0.35697,-2.3496,3
0.6029,3.084,3
0.17333,-0.56371,3
-0.87174,0.68629,3
-0.64033,1.1911,3
-2.9763,-1.9957,1
0.32935,1.6001,3
-2.9954,1.6063,1
-4.8167,-4.7051,3
2.2299,-1.0186,3
-0.78612,1.2883,1
1.533,3.6863,3
-1.5805,-0.87333,3
1.9714,2.1284,3
1.8606,0.05745,3
0.27888,-5.119,3
1.7237,0.63719,3
1.6703,1.5665,3
1.7584,4.0661,3
-3.5552,-0.32519,2
0.4993,-1.0611,3
-1.7951,3.5365,3
-0.37797,3.1663,3
2.3946,-1.1725,1
-2.4298,-1.3416,3
8.8909,2.6877,3
-3.128,0.48176,3
-3.2204,-2.5592,3
1.2876,2.3493,3
1.9418,3.457,3
3.6537,0.42914,3
1.9209,5.7768,3
0.42727,3.2597,3
-1.6024,-1.0975,2
-3.6505,-3.7032,3
1.4583,-1.4904,3
-0.15086,2.1579,3
-0.5758,2.9756,3
0.010715,3.4574,2
-0.73896,-1.0035,3
-2.9975,-0.98386,3
2.1249,0.16156,3
-0.9456,2.3128,2
4.7335,4.6349,3
1.6919,1.2174,3
-2.348,-1.1216,3
2.241,-3.4144,3
-1.1124,-4.4863,3
-0.71085,-3.5316,3
2.282,5.3189,3
0.50194,-0.61952,2
2.1254,1.1504,3
0.073617,-0.035282,3
1.467,-0.18624,3
-1.3282,-0.34344,3
-0.51819,2.7159,2
-0.29671,-2.1701,3
4.906,-0.23955,3
0.10429,2.0015,3
0.031803,-3.1195,1
3.1828,-3.4006,1
2.0434,0.99527,3
2.802,3.2589,3
3.5899,-2.0739,3
-0.52423,0.30273,3
1.3127,0.74737,3
2.8387,4.4787,3
1.1427,2.2797,3
-2.621,2.1919,2
-2.1102,-0.82693,3
-0.49093,-0.96402,3
-2.577,1.3242,1
-0.97379,1.2064,3
-0.66386,1.3644,2
3.1934,-1.7882,3
-4.3735,0.77693,1
5.0544,1.0546,3
3.2433,2.8849,3
1.011,-5.5104,1
2.0122,2.5805,3
-1.156,2.1257,3
1.7923,-1.1244,3
1.1777,-0.73609,3
2.3624,2.213,3
0.61446,3.3968,3
0.17502,1.0436,3
0.53856,1.9455,3
-2.1803,-4.3133,3
4.9608,2.0504,3
-1.8168,-1.2641,1
0.52543,-3.4822,1
-0.80049,2.3237,3
1.3122,1.2534,2
-1.892,-1.3063,3
-1.8117,3.1071,3
0.93678,-0.26631,3
-2.3908,1.9759,3
0.10424,2.2572,3
2.1957,2.7576,3
2.405,0.12396,3
1.7481,5.4198,3
0.88288,4.584,3
-1.3593,-2.7334,3
-2.373,-0.222,3
-0.33382,2.1091,3
0.64374,3.0293,3
-5.2457,2.5167,3
-0.088111,-3.0308,2
4.2819,-2.3079,3
-2.9727,-2.984,3
-5.2542,-1.3857,1
-2.3444,1.679,3
4.6695,5.2944,3
2.4877,-0.60372,3
3.1261,1.7506,3
5.7421,-0.34434,2
0.076796,-4.1289,3
0.49818,0.47777,2
0.43899,0.76984,2
-0.028565,1.7987,3
1.1001,1.184,3
0.045934,-0.82501,3
-4.1375,-3.9033,2
-1.4599,4.0849,3
2.8363,-0.47017,3
1.3267,-0.59054,3
-0.64929,2.064,2
1.2009,-2.8215,3
4.8321,-3.3378,3
-1.8214,-1.4506,2
2.2734,-0.19517,3
0.39283,-0.42236,3
-0.4252,1.9924,3
0.44233,-1.2334,3
-2.5743,-3.7961,3
-1.8617,2.2233,3
5.7289,2.4092,3
-0.0030405,0.49596,3
3.8137,-2.0777,3
-1.9731,-0.86487,3
-0.087498,-1.2529,2
-1.3936,5.4927,3
2.8893,0.52266,3
2.1455,2.188,3
-4.3484,-2.4964,3
4.1521,0.199,3
6.3522,-3.0702,3
0.40077,-1.3281,3
-1.7092,-0.44693,2
-0.97449,-4.0384,1
4.6542,2.5128,3
2.2378,-0.98734,3
-5.5404,-4.6238,1
1.7966,1.4691,3
2.2046,0.31709,3
-0.68979,1.4058,3
-2.5385,1.1224,3
-0.84748,-0.42683,3
1.4826,0.72618,3
-3.0165,-0.56897,3
-0.70136,1.0702,3
-2.0174,-1.8873,2
3.606,0.56228,3
-0.69035,2.119,3
0.12917,1.3278,3
-1.5797,-0.37971,2
1.9348,-0.56271,3
-3.4944,-1.5259,3
1.313,0.093167,3
3.8988,3.747,3
1.3328,1.0609,3
-0.57664,4.5445,3
1.0811,-0.52618,3
1.7833,3.2324,3
0.16375,2.2777,3
0.095446,-3.4786,3
0.054506,-0.50522,3
1.3516,-0.64367,2
1.3281,1.502,3
-1.363,-2.9082,3
-1.7556,-1.2434,2
0.38819,1.618,2
5.2273,3.5823,3
0.67617,-0.73334,3
-3.3418,0.29299,3
-1.3488,-1.2763,3
0.11983,1.232,3
2.5497,-2.2048,3
1.2491,1.6048,3
5.1923,-1.6256,3
0.66773,0.41948,3
1.357,-0.34656,3
-0.78906,0.73058,3
5.4561,-0.78819,3
3.167,0.39618,3
3.7456,-1.4459,3
1.4378,-0.81051,3
0.81411,0.02832,3
3.5361,0.4814,3
-0.23969,2.3044,3
5.2471,-2.5773,3
1.4411,2.4969,3
-0.77919,-0.53019,3
1.9113,0.039047,3
-5.1107,-1.281,3
-0.33691,-1.0328,3
0.074652,0.025615,3
1.6063,-0.12607,3
-1.4149,2.1025,3
5.324,4.0258,3
0.59282,1.1856,3
-0.86923,-1.9649,3
-0.73741,0.20624,3
0.16376,-2.2418,3
5.2006,1.29,3
2.2372,-1.6377,3
3.9918,-2.7284,3
5.9341,1.7001,3
1.2377,2.9946,2
3.8418,3.9281,3
-3.671,-0.055306,3
-1.2806,1.3821,3
-0.50377,0.7223,3
-2.4941,-2.0864,3
-2.1591,-2.4436,3
2.6219,-1.9869,3
-0.87404,-3.1398,2
2.0649,0.47895,3
-1.4415,2.7813,3
2.3324,-2.5884,3
3.9542,1.7615,3
4.1851,3.0783,3
1.8948,1.7759,3
-3.8284,1.9763,2
-0.093487,3.1402,2
1.3558,1.419,3
5.8556,1.6052,3
2.3851,3.2974,3
1.8531,0.67402,3
2.6847,1.13,3
-2.404,-1.0671,3
1.4102,0.19902,3
-6.0029,-4.1209,3
0.72054,-2.6383,1
-0.10522,-1.168,3
1.2751,-1.0734,3
2.7572,2.8579,3
3.6304,1.6356,3
0.6821,0.36305,3
-1.5911,1.5198,3
-0.038043,-1.689,3
-1.6093,1.0229,3
-3.1973,1.064,2
3.9339,1.5036,3
-1.3288,0.18401,3
-1.0896,-1.7121,3
3.0862,-1.399,3
1.4783,1.4209,3
-0.62041,0.89604,3
1.8286,1.9094,3
-0.082746,-0.6398,3
-0.14623,2.1201,3
1.6924,-0.82675,3
-2.6323,-4.69,1
-0.79155,2.9551,3
-1.8023,-1.5906,3
-1.3559,4.096,3
-0.22959,1.1102,3
0.30438,6.9346,3
3.5285,1.5011,3
3.8335,0.552,2
-0.85771,1.1444,3
1.7149,1.867,3
2.4022,-0.78327,3
-3.0694,0.45131,3
-2.8722,0.34023,2
3.4657,2.8161,3
-5.0059,-1.3294,2
2.6927,-0.30499,3
-2.0711,-1.6414,3
4.534,0.71053,3
4.5543,-0.32816,3
0.97851,1.1382,2
-1.0315,0.23657,1
-0.54352,0.48679,3
2.0109,2.2275,3
1.839,1.3867,3
-1.6985,0.20395,3
-0.20451,2.4078,2
0.65019,-2.6949,3
-0.74796,3.3924,1
4.8625,2.2556,3
1.1746,-2.4978,3
1.6126,0.15869,3
1.1229,1.233,3
-0.3133,0.36303,3
0.13941,1.3208,3
-0.10793,1.4692,3
3.772,3.5233,3
-0.080058,1.0814,1
1.6874,1.6249,3
-0.94559,3.1443,3
2.9153,-0.39813,3
-1.0164,-0.40148,3
-0.31116,1.7524,3
-0.92889,-1.5766,3
-3.5222,0.85704,1
1.8006,4.3048,3
-2.011,1.5852,3
-3.3094,2.5487,3
2.4763,2.6238,3
-1.8857,2.1223,2
1.0519,-1.1711,2
1.5425,3.4352,3
-1.684,-3.7634,3
-0.6207,-0.93006,3
2.3418,-0.58541,3
2.7855,0.71157,3
2.1265,1.4958,3
2.7369,-1.0176,3
0.85534,-2.8,3
-0.67865,2.5271,3
6.6953,2.4094,3
-1.9495,0.38799,3
0.63992,2.8897,3
2.6975,-0.10477,3
0.90916,1.0193,3
1.5692,3.8651,3
1.3513,-2.5542,3
0.603,3.7829,3
1.318,0.35569,3
-2.0772,-4.2762,3
-1.183,-2.9269,1
-0.031703,1.6642,3
2.1476,-1.6597,3
-0.08845,0.84616,3
-1.7813,0.23149,3
-0.68307,-0.086577,3
-0.11054,-1.9493,3
1.4785,2.4239,3
-1.1457,-1.5119,3
-1.5445,2.0245,3
4.5951,5.4969,3
2.4546,-1.3674,3
2.4374,2.7382,3
2.2661,2.8092,1
1.7583,-1.8283,2
-1.7144,-2.0462,1
0.72226,-3.3388,3
1.7697,-0.077409,2
0.49158,-0.5821,2
-0.13638,1.1005,3
2.2804,2.8201,3
0.016184,0.95313,3
0.2254,0.83757,3
3.747,3.3048,3
0.62501,-0.12766,3
2.5785,-0.28216,3
0.71902,-0.99006,3
0.16747,2.1759,3
-2.6946,-0.095748,3
-1.8388,0.0307,3
0.11087,-0.90142,3
1.7425,2.2529,3
-1.4858,4.1023,3
1.8637,1.0241,3
-0.041037,-0.71892,3
2.5159,4.428,3
-1.6005,-3.78,2
0.075045,2.1782,3
0.62546,1.0428,3
-0.74738,-1.6206,3
1.5076,-0.45387,3
0.88128,0.23009,3
-5.1073,0.77938,3
0.022291,1.6422,3
-0.73688,1.3124,3
5.2449,2.7426,3
-0.35137,0.68997,2
-2.5758,1.1323,3
-4.0986,-1.1119,3
-0.20699,1.1356,3
-1.8674,2.4448,3
3.1358,2.7073,3
3.9265,-0.85102,3
-2.467,0.25396,3
1.7388,3.4841,3
2.151,-0.46965,3
-2.3503,-3.3079,2
0.55086,-2.7462,3
-1.5462,-0.63245,1
-1.1087,-0.43078,3
-5.4371,1.5323,3
-1.4468,2.0023,2
-0.43073,0.054087,3
1.6593,1.84,3
-3.3124,1.4858,3
-0.88107,-0.98938,3
0.69023,1.4188,3
1.3111,0.5854,3
1.0002,2.6735,3
-0.8501,0.54853,3
1.7017,0.43718,3
1.1962,3.9671,3
-0.32383,1.7997,3
0.92318,2.889,3
-1.6248,3.2085,3
0.16178,1.8461,3
3.1596,2.1634,3
-1.8317,0.12449,3
2.462,-1.6853,3
-3.2276,0.14738,1
3.9543,1.7205,3
-0.045628,1.0654,3
0.57121,-2.9426,3
2.1877,3.7274,3
0.6905,1.2594,2
-0.41568,1.2152,3
0.31499,0.59655,3
2.8247,1.5915,2
3.8054,1.0181,3
1.3459,-0.63976,3
1.1312,-1.0314,3
4.3308,1.8399,3
2.5983,-0.10761,3
2.8229,2.8019,3
0.18641,1.3566,3
-2.6876,-1.9813,2
1.7177,6.7768,3
-1.0115,-0.060999,3
0.094659,-0.089932,3
2.6882,2.4653,3
0.19411,0.70969,3
2.165,-0.13958,3
-4.0214,1.8961,3
2.7863,2.4363,3
-2.516,-1.2137,2
3.7341,-0.73971,1
-1.9016,-0.69285,1
-0.23123,-2.3919,3
1.8384,0.40615,3
-2.5645,4.67,3
1.8538,4.5882,3
1.2437,1.8806,2
-1.8349,0.53856,3
2.3072,0.058526,3
2.5165,1.5898,3
5.2751,3.7144,3
1.4521,2.6208,3
5.2742,0.44271,3
2.1962,-2.7396,3
-6.9063,-3.0819,3
1.1093,0.015726,3
3.7006,2.3295,3
-1.5211,-5.342,2
5.1985,5.0739,3
2.9627,2.294,3
4.1218,2.2252,3
3.7217,1.4225,3
4.0118,3.3055,3
-0.64575,-2.0323,3
1.2712,3.6125,3
3.124,0.20437,2
3.5462,-0.19075,3
0.9201,1.9093,3
4.2515,-0.14243,2
2.7074,0.85156,3
-1.105,-1.224,3
-1.4505,1.7072,3
0.45598,1.4487,3
-0.14146,2.203,3
0.69009,-3.9023,3
0.040858,-3.4053,3
3.8896,0.47526,3
-0.57384,1.4484,3
3.4209,1.7234,3
2.9915,0.66536,3
4.5291,1.0929,3
1.1114,1.3483,3
0.46917,2.4003,3
2.5998,7.5609,3
0.35794,0.85287,3
3.9224,5.0515,3
0.38037,-2.0354,2
1.2177,-0.72338,3
-4.2941,-3.8022,3
0.5761,-2.4075,3
4.9632,1.2059,3
-0.16816,-5.1145,3
-1.9303,0.24979,1
-2.2545,-0.69161,3
3.1149,-0.76009,3
1.6026,2.5301,2
-0.33246,-0.20373,3
0.38485,2.5498,3
-1.0789,-3.1266,3
2.7951,1.3167,1
-0.39109,3.7719,3
4.4385,2.8731,3
1.7325,0.31371,3
3.8603,3.3204,3
2.2012,-0.54555,3
0.63341,-2.0003,3
2.9264,2.9111,3
1.1261,-1.1778,3
-2.7106,-3.0341,3
1.0214,-0.868,3
0.047267,0.20899,3
0.1806,-1.1536,3
1.6615,0.8992,3
4.6762,8.7012,3
2.3745,-0.27013,1
2.4544,5.6334,3
-0.45391,2.7068,3
0.13912,0.67396,1
-0.68997,-0.55604,3
-2.3409,3.4943,3
1.7926,-0.016876,3
3.9209,-0.27454,3
-3.1708,1.5275,2
0.27248,1.4453,3
1.1667,-2.6789,3
0.81436,1.4887,3
-5.0083,4.2073,3
3.251,2.439,3
4.8238,1.8761,3
2.3741,0.41304,3
-0.62028,-3.625,3
0.93086,0.48487,3
-6.3799,0.34146,3
-0.021595,-1.0368,3
-2.302,-1.7746,3
-2.9885,-2.3972,3
0.11744,1.9891,3
1.8496,-0.34191,3
2.6881,0.3663,3
0.96585,0.40283,3
0.79936,1.1514,3
1.7289,1.4548,3
2.7833,-1.0846,3
-0.98477,-0.94358,3
5.0163,-1.0596,3
-0.96747,-2.359,2
-0.036214,0.72779,3
0.81107,0.60761,3
5.7297,1.5384,3
2.6253,5.0166,3
1.2449,3.5719,2
2.1698,-2.5099,3
-1.4993,6.2021,3
-4.4084,-3.6259,1
1.582,1.013,3
-1.1372,-3.5405,3
-1.834,-2.3642,3
3.508,2.3946,3
0.60794,-0.069386,3
-3.0061,-2.9036,3
-1.1768,0.082184,3
0.5777,-0.038626,3
-2.4629,1.5447,3
-1.817,-1.1687,3
2.0163,0.43655,3
-2.5928,-1.5706,1
-0.52205,-0.58982,2
-5.7042,0.41862,3
0.31255,2.6652,3
2.4612,4.254,3
2.6737,3.1003,3
-0.92744,3.2443,3
-1.4339,1.6008,3
-1.4522,0.27156,3
2.6785,3.3999,3
-0.95731,1.8128,1
4.5123,-1.4454,3
1.0913,0.72623,3
1.2498,-0.34832,3
-1.778,-3.7803,3
-0.58261,-0.94703,3
1.7228,1.6165,3
-0.13494,3.511,3
1.5189,1.5301,3
0.64895,-4.0367,1
4.4406,3.0747,2
-2.0303,0.30463,3
-1.3074,1.4414,3
-2.1439,2.2922,3
0.97779,0.99564,3
1.5717,0.33313,3
3.1159,1.3199,3
0.27238,2.2449,3
1.9461,-0.37351,3
2.8346,-0.79129,3
-1.6424,0.81609,3
2.7011,-5.381,3
1.2955,0.60103,3
3.4204,0.53787,3
-0.26993,2.1245,3
2.3091,-0.78491,3
0.39996,2.8697,3
2.0758,2.3467,3
-3.6573,-0.54434,3
2.3864,2.5764,3
3.7934,0.71702,3
4.4136,3.4212,3
2.6988,0.98874,3
0.58507,-1.5105,2
2.3667,2.0874,1
-1.416,-2.8479,3
-0.060988,0.78575,3
3.2826,-5.8323,3
3.2557,0.87834,3
-4.0735,-1.5335,1
-1.5313,-2.7728,2
-1.0707,0.48312,3
1.6336,1.2854,3
2.678,1.863,3
2.6466,2.5848,3
0.82685,4.1104,3
3.6498,3.1889,3
0.96943,-2.6452,3
3.5902,-1.4384,3
-1.4769,-0.51322,3
2.8963,1.1743,3
1.3935,-1.2396,3
4.0758,6.841,3
1.6381,-0.68067,3
-2.3289,0.89213,3
4.1747,2.8881,3
4.2969,1.964,3
-3.7327,-4.5696,1
4.099,1.4981,3
0.76646,1.8864,2
2.4999,2.6436,3
3.2534,0.57606,3
1.0591,-0.104,3
1.7913,2.8522,3
-0.7632,-1.2621,3
-0.99278,1.1114,3
-0.19357,0.26958,2
-0.15949,1.8251,3
-0.13526,0.79585,2
-3.4532,-3.5601,1
1.7215,0.84302,3
1.929,4.2782,3
1.6941,0.071015,3
0.62009,3.0624,3
5.7096,2.608,3
2.208,0.21874,3
-0.064127,-0.90136,3
0.62028,0.31954,3
-1.6091,1.1865,3
1.1181,3.5201,3
5.4315,3.7806,3
0.61825,0.77099,3
0.10578,1.8628,2
0.79895,-0.088804,3
3.0007,4.8913,3
0.79881,2.2361,3
0.62355,0.28492,3
1.9015,-1.4734,3
-2.3183,-0.98311,3
1.0551,-2.8928,2
1.8786,-0.75797,2
4.1363,3.5268,3
0.74031,2.0512,3
1.5488,1.0986,3
1.9587,7.3438,3
0.69228,2.6287,2
1.59,2.9051,3
0.58861,-1.9702,3
-0.71909,-0.3008,3
1.0022,-2.8458,2
0.10848,1.5081,3
1.172,0.0018457,2
1.9126,1.0035,3
1.7393,1.6347,3
-0.049221,1.6621,3
3.4232,1.7279,3
0.74953,0.33,3
-1.9279,2.5942,3
3.0699,1.3558,3
-4.7675,-0.30318,2
-3.1078,0.79843,3
4.138,3.4156,3
-0.090315,1.8914,2
-0.023261,-0.046027,3
1.5312,0.14432,3
5.375,1.8108,3
2.9785,2.5081,3
2.2823,1.5951,3
-1.5323,0.49671,3
2.731,3.4747,3
1.9631,0.49166,3
3.47,5.212,3
3.7449,3.2152,3
3.484,1.7326,3
-1.2598,0.97407,3
-1.6989,-1.4122,3
1.7671,0.71464,3
0.42521,2.2419,3
-2.8061,0.90045,3
2.5078,4.0677,3
3.6931,2.0212,2
-1.3228,2.5757,3
0.9061,-0.018352,3
0.35842,-3.2917,3
1.0765,0.26769,3
-0.097509,2.9374,2
-0.45993,-0.59108,3
-0.10536,0.68728,3
3.4555,1.7046,1
0.54657,-4.6097,3
-0.86986,1.1796,3
-0.61252,-0.41993,3
2.2224,2.3951,3
0.536,2.8244,3
2.799,-1.1593,3
-0.6195,0.28161,3
-0.078331,-3.0535,3
-0.085697,-1.3956,3
2.7026,1.0774,3
-0.20916,0.40701,3
1.8221,3.524,3
-2.3023,3.2685,3
1.574,-4.3719,3
-0.97497,-1.5275,3
0.89279,-1.0397,3
1.3029,-1.8441,3
-0.88286,-1.0334,3
-0.85475,1.182,3
4.3941,-3.3078,3
1.3776,4.4447,3
1.399,3.4864,3
0.61388,1.5525,3
-0.31661,-0.26235,2
4.7957,2.367,3
3.9374,-2.2162,3
0.52815,-0.41332,3
0.593,1.768,2
0.39666,-0.93473,3
0.40594,5.6177,3
-1.8305,-1.544,1
-1.8133,-1.8023,3
0.1728,2.1108,3
-0.22082,-3.4294,1
-0.10512,-0.020764,3
3.7968,0.87166,3
2.4581,1.6783,3
-0.061678,-0.25347,3
2.8426,3.2614,3
-2.733,-2.4642,1
4.9985,0.88599,3
3.8599,3.6851,3
1.114,0.5005,1
-1.9048,-0.32519,3
-2.7372,0.053334,3
1.7925,0.54409,3
2.9525,-3.5203,3
1.6247,2.8157,3
0.71371,2.4486,3
-0.27831,-4.7597,1
0.7109,3.8436,3
-1.7916,3.8024,3
-0.021976,1.8606,3
0.11858,1.5396,3
2.3213,0.12254,3
-0.99745,-2.3488,3
-4.487,-1.5455,2
0.65621,-1.4857,2
2.3851,1.7021,3
-0.38009,1.1416,2
-1.302,0.97682,3
-0.63235,-0.26148,1
-1.2459,1.761,3
-1.9796,0.81092,3
3.5298,2.9875,3
5.0706,-0.08003,3
-3.5043,-2.1233,3
0.70698,0.76103,1
0.55781,-1.2353,3
-0.45316,2.3504,3
-0.88517,1.8828,3
1.5133,3.9468,3
2.4281,0.93785,3
0.23521,1.8093,3
1.4468,2.4666,3
0.43186,4.867,3
1.5035,0.91163,3
0.69851,4.4813,3
-0.37064,1.7371,3
0.67402,2.0738,3
-1.0764,6.0927,3
1.5039,0.55867,3
1.9411,-0.19227,3
-0.69548,0.1623,2
-1.5845,1.861,3
3.8597,1.1979,3
-0.10176,0.14706,3
1.6723,-1.3113,2
-1.9898,1.6895,3
1.1766,-1.5599,3
2.0291,5.6252,3
0.29959,-0.17142,3
-1.7036,-1.7022,3
2.0354,0.99066,2
-0.63228,-2.3208,3
-2.1349,1.783,1
-1.1599,-0.45795,3
-1.6907,-0.34319,3
0.84907,-1.3567,3
2.5479,-1.4013,3
-0.65461,-0.14927,3
2.91,-0.87271,3
0.5218,-2.3151,3
0.66117,-1.111,3
1.994,0.98331,3
-2.7622,2.4182,3
2.832,-0.045947,3
-1.2297,0.73492,3
1.2816,0.81779,3
3.3017,2.9667,3
-0.14311,-5.7026,3
-2.7072,-2.0296,3
1.4521,1.0739,3
1.1812,1.4003,3
2.6597,1.6688,3
1.3804,-0.049425,3
4.4605,4.8148,3
1.8128,5.0865,3
-8.1769,-2.7798,2
1.2556,1.3576,3
3.0315,1.3743,3
2.8883,2.2643,3
-3.915,0.17557,3
-3.0625,1.6796,3
-2.4096,-2.2667,3
3.5402,-1.5972,3
5.2611,-2.2595,3
-0.029704,-0.21322,3
-1.2999,-0.82833,3
-2.0393,-1.7937,2
-0.67741,1.9243,3
-1.4905,0.96986,2
2.6571,-0.96961,1
-1.1146,0.71958,1
2.8264,4.4869,3
0.1901,1.0811,3
1.3775,3.2495,2
5.2804,1.8939,3
4.8749,0.81226,3
2.9917,7.7043,3
-0.31811,2.7023,3
-0.76985,-1.8988,3
-0.79286,0.91449,3
1.168,-4.312,3
0.094843,0.10291,3
1.2459,1.0918,3
-0.89777,6.9419,3
2.1647,-1.4498,3
2.0102,1.098,3
2.0881,4.7554,3
-1.3642,-2.8845,3
1.0841,-2.5107,2
-0.75114,1.0941,3
-0.16558,-0.2327,3
1.6521,-1.3563,3
-3.0244,-2.6569,3
-1.1539,-1.004,2
2.2658,0.4525,3
1.2379,-0.17366,3
1.1905,-1.3965,1
-2.0311,1.1639,2
-1.4138,-2.4402,3
1.4286,0.22435,3
-0.14892,-0.59227,2
3.7034,3.6185,3
-0.23542,-2.7972,3
1.6675,0.4587,3
3.0472,-2.7265,3
-2.1981,-0.063234,3
0.75807,2.7695,3
0.08744,3.9444,3
-0.64834,-3.2375,3
4.7262,-0.7042,3
1.7072,-1.7859,3
5.3069,2.6043,3
0.54393,1.6575,3
1.1741,-1.1793,3
-0.052083,1.8637,3
3.9505,2.7423,3
3.6675,3.8052,3
4.6888,1.2253,3
1.9454,1.441,3
1.3794,1.7441,3
-0.70071,-1.8807,3
-3.2094,-2.6466,3
-0.39807,1.9603,3
-1.2329,1.6373,3
1.9036,-1.9958,3
-0.32278,-4.1911,3
0.12492,-3.1522,3
0.96757,-0.5588,3
1.0871,1.3618,3
-2.1166,2.2646,3
2.4746,2.398,3
0.57237,0.67406,3
-0.32029,0.73117,3
-5.8634,-0.38521,2
-1.9222,2.507,3
4.3537,4.0438,3
-0.33058,0.39883,3
5.2546,-1.3442,3
-2.0278,1.1492,3
3.0058,3.6038,3
3.5265,0.70397,3
-0.93136,-2.0263,3
0.57858,-0.59166,3
0.056991,3.3521,3
2.0489,-0.62981,3
-2.7309,1.9907,2
3.5835,0.19004,2
0.26417,1.1123,3
0.00095798,2.2225,3
2.1673,-0.99859,3
-1.6763,-2.0627,3
-0.63907,5.1201,3
1.1606,4.662,3
1.4479,3.6839,3
-0.33411,2.7058,3
0.7371,-0.62159,3
0.18092,-0.70847,3
-1.3609,-1.0177,3
-0.28567,2.3034,3
0.62444,0.20922,2
-0.020501,0.26522,3
-0.42476,-5.8933,3
1.4268,0.40523,3
-0.11406,-0.20809,3
-1.8213,3.4592,3
-0.60682,-2.5216,2
3.1775,1.4117,3
3.5896,-0.39824,3
-5.6303,-2.6054,3
-0.46826,-0.49389,3
1.7797,2.2436,2
1.8869,6.7325,3
-0.28917,-0.56336,3
1.738,2.6668,3
2.7373,0.93458,3
-3.5829,-2.4342,1
3.426,6.6391,3
-5.8722,-1.4185,2
4.2212,-1.9904,3
-2.5653,4.3989,3
2.8834,0.76627,3
-0.37805,-3.0074,2
-1.8664,0.17255,3
0.32475,0.59967,2
0.50764,-1.7923,3
0.71984,1.0342,3
2.1865,1.0701,3
1.7519,1.2864,3
-0.24393,3.0081,3
2.423,2.1474,3
3.8193,2.9029,2
-0.73177,-0.27568,3
0.99233,3.1473,3
4.2984,2.5395,3
-2.6142,2.8164,3
-1.9336,-0.22747,3
-0.057992,1.9025,3
1.2261,0.89972,3
2.3279,1.6385,3
-0.62293,1.0191,3
0.1748,1.5198,3
3.9928,9.5447,3
1.7704,4.6002,3
-1.0026,-2.928,3
1.4869,1.2782,3
-2.4509,1.0505,2
2.6078,0.87285,3
-1.6376,2.3258,2
1.9017,1.9813,1
0.49629,-0.098453,3
0.17499,2.6878,3
1.0406,-1.4632,2
-1.3678,0.051796,3
0.44793,-0.67182,3
1.6686,-0.37146,3
-1.2487,1.6821,2
-1.5311,3.7349,3
-1.3879,0.91368,3
5.8186,-1.1486,3
-2.4551,0.16616,3
1.0291,-0.41274,3
2.6324,0.47762,2
4.6518,1.9324,3
2.8578,4.2361,3
1.0227,3.1884,3
0.079368,-0.85901,3
1.2677,3.0816,3
4.3332,3.0133,3
0.089378,-1.7375,2
4.0261,-0.6087,3
1.6457,1.9346,3
-1.9538,0.46145,3
-4.5625,0.69821,3
0.81664,0.0021581,3
1.9312,2.8143,3
5.3432,-0.88455,3
-3.9223,-0.93644,3
-1.1819,2.4575,3
2.816,2.1837,3
4.3302,0.5727,3
-1.7706,-1.4446,2
0.71222,-1.0421,3
4.8168,2.6242,3
1.043,5.5446,3
-2.3779,-2.0792,3
-0.64673,0.4849,3
1.86,4.0582,3
2.6859,1.1606,3
-1.3173,0.90262,3
-0.65783,1.2211,3
-1.5747,-1.4675,3
0.56103,2.4267,3
-0.56606,3.8328,3
-0.90865,1.0951,3
3.1779,2.5259,3
0.58238,4.3444,3
-3.3474,-5.296,2
-2.4503,5.3338,3
0.85027,1.004,2
-1.2205,-1.9796,3
-0.44723,-1.3243,3
3.0801,3.2706,3
3.5806,2.5737,3
2.2004,-1.282,2
4.7951,1.0719,3
3.0501,4.8431,3
0.79744,0.75095,3
-0.78635,3.1433,2
4.0674,-0.47096,3
2.5479,-0.38562,3
0.78145,-0.63579,3
0.78439,2.6954,3
-0.27162,0.14178,3
0.01538,2.1667,3
-3.1389,-0.97817,3
2.4913,2.2602,3
5.6576,2.9883,3
0.53047,-2.1043,3
5.1369,4.012,3
2.4918,1.0641,3
-0.77037,2.1953,3
-2.8443,-6.4431,3
4.1641,0.66525,3
1.1182,0.46639,3
2.5521,1.0028,3
-2.0888,-1.0632,3
0.4779,1.4886,1
0.50406,-1.1133,3
4.0469,-1.1726,3
6.4892,1.6871,3
2.1804,0.68657,2
4.1233,1.9176,3
4.9413,6.668,3
-2.1767,2.089,3
-3.6475,-1.7692,3
-3.1908,0.041731,2
-1.4274,-0.30003,3
1.7256,5.0228,3
1.256,2.2519,3
-2.7892,4.2571,1
2.1978,-0.60219,3
-0.22291,6.3386,3
3.3052,0.055788,3
0.86315,-1.163,3
2.0184,-1.0158,3
1.1004,-0.14466,3
-1.507,2.4446,3
-1.2806,0.57541,3
-0.33474,0.41645,2
-1.0526,1.7835,3
-1.0993,-0.61176,1
0.75585,0.28341,3
0.96893,-3.8025,3
-1.2357,-1.9992,2
3.2461,0.54059,3
2.3251,-0.22547,3
2.0392,-0.4935,3
2.432,2.9408,3
1.554,0.98465,3
2.1435,2.901,3
-0.34781,2.5009,3
2.2444,0.79159,3
-1.6039,-3.2202,3
0.80891,3.3089,3
2.9182,3.8924,3
-0.61974,0.81293,1
0.65386,1.6842,3
-1.1348,1.8733,3
-0.47721,3.8031,3
1.3169,-4.7812,1
0.50284,-2.2973,3
1.3502,-3.5764,3
0.39122,0.56993,3
1.9876,0.94489,3
-2.3199,3.2776,3
2.4653,4.8328,3
0.58938,-3.5592,2
-1.6106,0.21732,3
5.3665,0.53314,3
2.1758,0.63334,3
-0.45179,-0.37303,3
1.9164,-0.18703,3
1.8474,0.84498,3
-0.88767,1.835,3
1.4967,3.9973,3
1.7997,-1.1115,3
-0.28909,4.0142,3
-3.5827,0.2108,1
3.1627,3.8785,3
-2.5405,4.6459,3
0.76699,2.1493,3
-3.1118,1.7239,3
0.29095,0.16146,3
5.4278,-0.14738,3
0.80539,1.7803,3
1.7735,-1.6353,3
1.8126,1.039,3
5.1289,-1.9803,3
-2.7244,2.5168,3
3.4686,-3.4956,3
-0.76601,0.32951,3
0.37488,2.7208,3
3.5956,0.94727,3
-0.84718,0.75234,3
1.6604,-1.8409,3
-0.5411,1.9244,3
4.497,-1.6534,3
-0.6176,0.60226,3
0.75625,-1.8819,3
0.78856,1.135,3
1.864,3.3604,3
-2.3817,-0.82909,3
3.8671,-3.1059,2
-0.56901,5.0405,3
0.43352,-0.60339,3
-0.39854,-0.55425,3
0.21288,1.6056,3
-2.0452,1.1253,1
-2.047,-0.42873,1
1.4305,-0.22172,2
-2.0865,-1.3826,1
-0.8468,2.0013,3
0.35312,2.2827,3
2.3598,2.7568,3
2.2202,-0.017606,3
0.85648,4.263,3
-0.19237,1.669,3
1.8854,2.729,3
-0.11448,1.8494,3
0.074396,-1.4797,3
3.4555,0.28439,3
-1.4864,-2.8435,3
-2.0972,-1.6938,3
-2.2302,-0.92081,3
2.8267,5.3764,3
0.95427,1.0453,3
-2.4663,0.63787,1
-0.042771,0.32411,3
0.80024,-0.85592,3
1.0971,-1.261,3
2.7179,-3.2114,3
-1.3252,0.37831,3
0.63199,2.2838,3
0.042039,2.3537,3
3.9343,-0.71693,3
3.142,4.3097,3
1.38,-1.7205,3
0.008845,5.0874,2
2.5251,-0.051721,3
-2.0862,2.7049,2
-2.4961,-0.41062,3
0.92428,4.7499,3
1.5002,-1.6296,3
-0.52763,-0.5067,3
-0.64328,0.077971,3
0.10981,-1.4946,3
-0.75814,0.44647,3
-1.9645,3.7086,3
1.6667,0.53225,3
0.42601,-2.6281,3
1.0576,0.52686,2
0.072419,1.2938,3
-2.6603,-1.3626,3
-0.94273,-4.9163,3
1.5296,3.5291,3
-0.13477,0.4752,1
2.7818,-1.0195,3
-1.4308,1.6778,3
-0.88788,-0.076059,1
0.026366,1.5465,3
-0.53414,3.4858,3
-2.6849,2.2937,3
2.5683,-0.24504,3
-1.4828,-2.265,2
1.358,-1.8154,3
3.1891,1.9925,3
3.1524,-0.87563,2
1.5256,0.30987,1
-5.0135,-0.13705,3
0.25086,-0.020534,3
0.87496,5.3453,3
2.1645,3.1264,3
1.0885,-1.0223,3
0.79386,3.4337,3
-1.1731,1.9109,3
2.4772,1.3011,3
1.0249,-0.22945,3
0.83452,1.4778,3
7.9741,2.7385,3
2.5841,0.1743,3
0.84451,4.255,3
-3.199,-1.9219,2
-2.0888,1.3949,3
1.6964,2.8739,3
-1.8038,0.23203,3
-0.031834,1.8806,3
2.2958,1.6339,3
1.6016,-1.9307,3
-3.2541,-2.5858,3
1.5576,-3.1281,3
0.86465,4.6447,3
-1.8902,-0.95167,1
1.0819,5.4146,3
0.042138,-2.7146,3
3.0202,3.0633,3
-2.0408,2.4176,3
6.342,2.2042,3
-1.095,1.9938,3
0.17348,0.028572,3
0.078553,4.6189,3
1.1159,-0.3805,3
-3.6201,0.27813,3
0.82013,2.619,3
-3.1857,-2.7985,2
-1.162,0.019089,3
-2.4344,0.51496,3
-1.4434,1.4928,3
-4.1557,-0.83188,3
0.83614,0.41933,3
-2.8541,-0.45599,3
2.0227,1.7914,3
1.1877,-1.7658,3
1.9153,1.8323,3
0.67666,2.2018,3
-1.8109,-2.7473,2
0.62694,0.23525,3
2.9009,1.2803,3
-3.247,-1.1871,3
0.84925,-0.73783,3
2.4476,-1.3154,3
2.0909,1.3017,3
0.87477,1.4355,3
-0.48614,1.6021,3
0.3051,0.60155,3
1.744,4.5818,1
-1.0913,-0.9082,3
1.0489,0.84438,3
4.7636,2.0847,3
-1.6617,4.233,3
1.4416,-3.2421,3
2.687,-0.9513,2
2.4399,-0.93693,3
3.6168,2.2584,3
-4.1294,-1.4609,3
1.3954,0.097994,3
3.0554,-0.18499,3
1.7844,4.4952,3
1.3815,1.7465,3
1.325,3.083,3
2.0156,0.13998,3
3.9588,3.9331,3
1.3436,3.5389,3
-0.37466,5.0368,3
1.8741,-0.66977,3
1.3741,3.1462,3
0.5587,5.7804,3
-4.1736,1.8051,2
2.0316,0.18981,3
2.2002,1.2391,3
4.7231,2.5858,3
0.8971,1.0533,3
-0.30889,-0.89988,2
0.99925,-1.0525,3
-0.37063,3.703,3
-3.2905,-0.11662,2
1.2171,0.71563,3
0.28911,-0.98337,3
-2.4725,-1.2831,3
-0.84457,-2.0447,1
2.3952,-2.162,3
0.070203,-1.5684,3
-0.026714,-1.6368,3
1.3775,0.76468,3
-0.20465,1.1679,3
-1.7428,-1.1122,3
-2.3986,2.2298,3
4.3877,0.7682,3
3.486,1.2947,3
1.1331,0.22537,3
2.3447,4.9837,3
4.0385,-1.6032,3
-4.172,-3.4407,2
1.2842,0.31234,3
1.1307,1.4779,3
-1.1669,-0.47087,3
1.1135,1.5999,3
1.9555,-0.63497,3
-2.4186,-2.2663,3
3.7705,0.83143,3
4.3187,-2.739,2
-0.5985,-0.26616,3
0.4523,0.53558,3
0.22184,-0.17209,3
4.6636,1.3257,3
0.5557,-0.45917,3
-2.0414,1.6083,2
2.577,0.96231,3
1.3564,2.4262,3
-0.536,3.7726,3
-0.25686,2.5944,3
-0.8424,-3.0436,2
3.0529,0.75569,3
-0.93487,1.5933,3
3.6058,6.9825,3
1.3197,-4.8075,2
-1.6027,0.05001,2
1.1086,-0.1906,3
1.4163,-1.2149,3
0.94244,2.9872,3
3.736,2.0278,3
0.081684,2.0481,3
0.95519,1.8907,3
-0.85669,1.0488,3
0.7975,3.2036,3
0.87355,6.4983,3
-0.13055,-0.27691,3
1.2964,1.0802,2
4.0936,2.7547,3
5.599,0.70963,3
5.2697,-1.4294,3
0.36786,-4.1268,3
2.0755,2.0451,3
2.7628,0.21692,3
4.46,2.8144,3
-0.39768,-0.85784,3
1.2347,-0.31943,3
3.7722,0.30485,3
-0.026556,-2.0516,3
3.9005,5.6932,3
-2.8636,0.31507,3
-1.5855,-4.1945,2
2.4223,-0.82777,1
-0.24047,2.6433,3
4.4273,4.4018,3
-0.39588,-2.3837,2
-2.9773,-3.2655,1
2.8319,1.3326,3
-0.85104,-6.1695,2
1.6338,1.4764,3
-2.6327,3.0233,3
2.9949,1.9862,2
-1.852,2.5825,3
0.32843,0.086777,3
-4.1077,-1.7505,3
0.4674,0.54539,3
-0.3424,-2.8731,3
-0.87868,0.75378,3
1.2338,6.704,3
-0.88645,-0.64241,3
2.3045,-0.92576,3
-2.428,-1.2665,2
-0.84782,6.236,3
0.65859,-3.0665,3
-3.0375,1.1311,3
0.10514,2.6307,3
1.0635,-0.14906,3
1.1055,1.0944,3
-0.20364,-3.8571,3
0.76927,-0.47334,2
0.62854,2.8829,3
-0.038997,-1.3653,3
2.6627,0.59478,2
-2.1285,1.9222,3
1.8017,-1.304,3
-3.4154,-4.1961,3
-1.4651,-1.0565,1
-0.4481,0.30154,3
-0.3128,-1.5676,3
5.1559,2.6441,3
-3.1762,2.1898,3
4.8419,4.1733,3
-0.77607,0.14826,3
3.8209,1.5675,3
1.7368,-0.83427,3
0.63836,-0.40254,2
-0.34138,-0.084761,3
-1.9623,1.68,3
-0.68664,2.8507,3
-0.1284,2.9217,3
-2.0705,5.5193,3
1.5916,1.329,3
-0.032983,2.3003,3
0.75656,2.8293,3
0.61537,-4.4014,3
1.9055,3.2231,3
2.7583,-1.5497,3
-1.4592,-1.0388,3
-0.68022,-0.81996,3
2.4101,-1.1115,3
0.10398,0.47135,1
2.3331,-0.19919,3
4.092,0.017771,3
-0.88004,-0.61545,3
0.60987,0.62899,3
-3.0814,2.1108,3
-0.27675,-0.40816,3
3.4016,0.0081141,2
5.2397,-2.4088,3
2.6935,-1.7342,3
3.9588,1.4056,3
-3.9116,-2.9911,2
-3.1823,0.43076,3
4.2516,3.4493,3
-2.4736,-4.5038,2
2.8955,0.61863,3
1.5524,2.772,3
4.135,-3.6022,3
3.3154,0.015967,3
2.9875,2.2357,3
-0.3118,5.2824,3
0.34739,-2.8153,2
1.3614,-0.085328,3
3.1203,3.3266,3
2.0086,-0.62325,3
1.3806,-2.2459,3
-0.16283,1.6247,3
-1.4734,2.4191,3
0.5851,-3.4717,3
-0.32636,2.2402,3
-0.39005,1.9695,3
-0.60474,1.0991,3
-1.357,-1.1219,3
0.97227,3.3329,3
5.9658,2.4138,3
2.2333,-3.0563,3
-0.085144,-0.98012,3
1.2729,1.4374,3
-0.8426,1.4455,3
2.1476,0.31021,3
-0.76061,-0.94845,3
-0.5968,-0.67737,2
0.65978,0.79007,3
2.7165,-0.87612,2
4.424,1.8432,3
-1.7059,-0.39266,3
1.2128,-2.3008,3
0.60759,1.7534,3
-4.4208,-1.9872,3
2.55,4.9916,3
-0.65874,1.8174,2
-0.99073,6.4387,3
2.4502,1.2864,3
0.86492,0.58771,3
0.51851,-1.7772,3
1.2526,3.2648,3
1.9658,1.1584,3
-0.98159,0.44731,3
-1.4341,0.2448,3
-0.4882,0.11336,3
-0.28591,0.82385,3
-4.9099,-3.6484,1
-0.9389,-1.2179,3
-2.7508,2.9038,3
-1.1111,-2.9598,3
3.8691,2.7651,3
4.3765,-3.6121,1
2.2005,-0.16997,3
2.5564,-1.2581,2
-1.2786,1.9425,2
0.3092,-1.8505,3
-2.7914,0.85484,3
-1.9056,3.0348,3
1.0056,2.8018,3
-2.7897,-0.038911,3
-1.9913,1.817,3
-0.32546,1.9784,3
-0.11255,-0.87189,3
0.81812,-2.4275,3
5.965,-0.87817,2
2.5864,1.7852,3
-2.6824,0.31174,3
0.0074914,3.9299,3
5.2289,-1.0161,3
-1.4518,-0.44272,3
0.50286,0.48326,1
2.1917,4.1358,3
-2.4326,3.9247,2
2.189,0.23144,2
0.75524,-0.47773,3
2.2342,3.5601,3
-1.673,-1.6254,3
1.3989,4.591,3
0.87984,1.2907,3
1.3673,-1.6586,3
0.84168,-2.0771,3
2.2703,1.7245,3
0.52871,3.1525,3
-0.22081,-2.9466,3
2.9545,0.25184,3
-2.0715,2.9689,3
3.2857,4.1325,3
0.6342,3.0791,1
-0.46185,1.3737,3
-1.9515,-2.169,3
1.4025,1.5552,2
-0.48349,-3.1004,3
4.6064,-0.91578,3
0.23781,0.37752,3
-0.83338,2.1948,3
-0.096118,2.8516,3
-1.2051,2.2324,3
4.9567,3.5146,3
1.8774,2.013,3
2.0521,-1.1829,3
4.0398,1.7913,3
-1.9665,-1.744,3
1.9999,-2.1994,3
-0.20093,-4.2736,1
2.4317,-0.63683,3
3.0441,-2.8773,3
-2.2623,1.2303,2
0.73732,0.29532,3
-2.1987,1.9617,3
0.98927,-1.3402,3
4.5814,3.1617,3
3.4608,1.0616,3
2.4851,1.2413,3
-1.1767,2.0689,3
0.31747,4.8375,3
-0.91748,1.4246,3
-1.0573,-2.4521,2
-0.5498,1.3582,3
1.7321,-1.6459,3
-1.0885,-1.041,3
2.8492,1.3971,3
1.3691,-0.032325,3
2.4876,3.2941,2
-5.4154,-4.6146,1
-0.98758,-0.60996,3
2.2545,-1.5262,3
0.084034,3.7323,3
2.2602,-1.5556,3
-0.87851,2.1086,3
0.71789,3.1777,3
-1.9472,-2.736,1
-1.5165,2.4665,1
-1.8523,1.7205,3
1.5327,0.13096,3
-1.9867,0.19947,3
-0.65076,1.8432,3
2.6668,-0.87155,3
0.66537,2.3859,3
-1.8865,-0.61719,3
0.75328,-1.6196,3
0.99813,0.3515,3
2.4378,1.8751,3
-1.2892,-5.3617,1
0.039665,-1.9634,3
2.8391,0.9857,3
1.2151,3.0157,3
0.27863,1.818,3
0.59169,3.749,3
4.5422,2.916,3
-1.4541,3.3183,3
1.9192,-1.2797,3
4.8028,1.9173,3
-2.1704,1.6513,2
-3.5147,-0.48836,3
-1.9402,-2.5905,2
-3.3762,-1.8616,1
-1.9422,2.2207,3
-0.39263,0.9364,3
1.3816,0.39005,2
-3.1168,1.8023,3
-1.1021,0.21525,3
-1.3139,-1.803,3
4.1366,3.3581,3
2.4155,3.2303,3
-0.9068,3.2241,3
-0.74306,-3.123,3
0.28699,-2.3346,3
0.35179,1.3382,3
-0.91607,1.9008,2
0.17966,3.5604,3
4.606,4.2736,3
1.8781,2.4963,3
1.9185,3.5343,3
-1.2124,-1.3645,3
0.38445,2.9191,3
2.4811,0.4886,2
-2.9252,4.7988,3
-1.4406,0.27129,2
3.1959,2.4793,2
-0.91009,2.4106,3
3.4206,1.4976,3
0.20073,-2.5023,3
-0.31257,4.2553,3
-2.1097,-3.4289,3
3.1111,2.8815,3
1.8841,5.4471,3
4.3496,2.1057,3
-0.904,-3.4129,3
-0.048401,3.2266,3
0.82218,3.3636,3
1.4083,1.9735,3
-1.334,-0.74104,3
-0.30891,0.66491,3
-0.48561,0.38628,3
1.8278,3.768,3
0.95289,-1.6164,3
4.2584,1.3408,2
-1.8776,-1.1573,3
2.7135,1.5971,3
2.3457,-2.1386,3
3.3696,-0.098207,3
0.28906,-0.37049,1
4.3658,5.661,3
2.2073,-0.45515,3
1.6472,-2.0023,3
-0.2649,1.2697,3
-2.1132,-4.2474,2
-2.2056,-0.55161,3
-3.7771,0.35897,3
2.4102,1.0223,3
1.4135,-2.239,3
-4.0895,-0.80271,2
-3.4487,-0.24943,3
0.6125,-2.0289,3
1.8442,-1.4825,3
1.6812,1.0278,3
3.2473,-2.7515,3
3.4734,0.27617,1
1.2647,0.41559,3
2.0669,-0.51015,3
2.0872,1.4966,3
-2.5962,-3.2693,3
-0.46198,-1.0967,2
-3.2304,1.2219,2
5.9314,2.2077,3
3.1106,0.91346,3
-0.90627,-1.5244,3
4.058,-2.0227,3
2.0803,1.0831,3
-0.34958,1.7642,3
0.05515,2.2761,3
-0.069548,1.8937,3
2.5006,1.0009,3
-4.2252,1.3714,3
1.1818,-0.42053,3
-5.7997,0.051749,3
-1.5033,2.3764,3
-2.0099,-3.0804,3
-0.067254,1.6022,3
0.30399,1.9639,3
0.93349,1.0201,3
4.9103,4.14,3
-1.8846,1.5953,3
2.0378,0.46138,3
0.79296,1.3426,3
0.36957,0.064628,2
0.61577,-0.20831,3
-0.23648,0.67198,3
0.99361,-1.8145,3
-3.4925,-0.56858,3
-0.94828,1.4948,3
0.017806,-0.31854,3
4.7437,4.4358,3
0.47016,4.1324,3
-2.0439,-1.1901,3
1.6994,1.1047,3
-0.20429,1.874,3
-0.47498,2.1729,3
1.1764,0.10735,3
1.1935,0.47118,3
-0.81923,1.7487,3
3.2499,-1.1978,2
-5.7279,-1.582,3
0.83536,-4.42,3
2.6432,0.84238,3
6.4582,1.2749,3
2.7621,0.30109,3
-2.5965,2.8366,3
1.4609,0.14291,3
5.7936,-0.17858,3
-4.7961,-0.21884,1
-2.7668,-3.3407,3
0.23142,2.1125,3
-3.1519,-1.1965,3
0.095152,1.2062,3
5.4189,-0.98609,3
-1.4686,1.0554,3
4.22,-0.18438,3
-2.1987,-1.3845,3
-0.072653,0.9816,3
-2.5052,-1.0687,3
-0.15197,0.86801,3
-0.68383,1.7718,3
0.48894,0.72574,3
0.32714,1.065,3
0.28675,0.16074,3
0.96601,-0.77106,3
0.40728,-3.8727,3
3.3021,1.4924,3
2.7176,4.6459,3
1.1492,4.1341,3
2.4875,-2.4745,2
-2.7523,0.98992,1
3.2549,0.18245,3
1.9958,1.3126,3
1.3115,0.73696,3
1.3338,0.60589,3
-0.88521,2.24,3
-1.0656,0.24539,3
3.034,-0.87126,3
-0.11564,-0.23238,3
-0.46718,-3.6902,3
-2.2225,1.3745,1
-0.03277,-3.3805,3
0.8812,0.18996,3
2.0674,3.2054,3
6.3478,3.676,3
2.8594,1.6618,3
1.2308,0.40714,3
4.7937,1.674,3
1.1288,-1.7,3
3.4386,1.1368,3
0.94767,0.089956,3
-0.73649,-1.7735,3
2.3315,3.8697,2
-1.364,-2.2261,2
0.46033,-0.34173,3
0.57196,-0.96721,3
-0.064547,3.4474,1
-0.50793,-0.19816,3
0.30249,-1.8344,3
3.748,0.40745,3
-2.8148,1.2592,3
0.85075,1.3497,3
-4.7408,-0.52841,1
0.78158,2.9913,3
-0.016771,1.2761,3
3.0128,1.4449,3
2.3111,1.6692,3
-0.56297,1.576,3
-0.054074,2.6446,3
-1.7871,-2.1175,3
-0.45245,2.11,3
-4.075,2.0052,3
1.0005,-1.1949,3
-0.60946,-0.82545,1
1.3541,0.15139,3
0.65277,1.6011,3
-1.602,0.93694,3
0.12691,1.2148,3
1.3798,2.8109,3
-0.97554,-1.4796,2
0.63592,-2.2032,1
2.4599,0.38937,3
0.41746,-3.0759,3
1.9913,-0.91463,3
1.4942,-2.7861,3
-1.1557,-3.1995,3
-2.4077,0.58266,3
1.4431,3.0682,3
-1.0545,4.6901,3
1.4281,2.1767,3
1.0132,-2.324,3
1.797,1.7291,3
5.6561,0.15545,3
-3.3099,5.7045,3
-0.30343,3.1137,3
-0.11494,1.5252,3
2.4241,3.2635,3
-3.334,-2.2374,3
-3.9547,-1.0165,3
1.2344,2.2603,3
-0.95023,1.3135,3
-3.6932,2.7281,3
-0.37814,0.68948,3
3.2151,4.8015,3
0.15491,1.8917,3
0.36636,1.4213,2
4.0531,1.7737,3
2.9079,2.5422,3
-0.19476,-0.49299,3
0.11389,-0.61891,3
2.4406,0.22733,3
2.1852,1.8514,2
-1.0124,3.2234,3
-0.37807,0.87006,3
-0.67601,-1.5892,3
1.5662,-1.9783,3
-1.3776,4.4682,3
0.23653,1.9663,3
-1.5629,-1.3274,3
-3.5641,2.1435,3
-1.2221,4.5647,3
-0.67982,2.0521,3
0.76803,0.21707,3
2.964,2.5692,3
1.0753,-1.5312,3
5.8834,-2.6514,2
-0.91187,-2.3371,3
-3.9228,4.1082,3
-3.8772,-3.2611,3
-3.0381,0.41657,3
4.2992,0.46997,3
1.7768,-0.10687,1
3.1232,3.2152,2
3.933,1.7261,3
2.5388,-1.119,3
5.7682,4.9763,3
0.29376,1.1896,3
1.7921,0.99542,3
3.724,-0.43705,3
2.0462,1.4664,2
1.6541,-0.83746,1
0.47864,0.80981,2
3.1676,3.6905,3
-3.2757,1.1808,3
4.4361,3.4382,3
-0.24891,-0.23888,3
4.0451,2.5395,3
0.61382,3.2174,3
2.2771,1.0786,3
-0.53373,-0.24868,2
0.79073,-1.3112,3
1.2598,2.8577,2
-0.39506,-3.8601,3
0.60394,2.4756,3
-0.92201,0.21548,3
-0.49228,0.47823,3
1.3894,4.0218,3
0.3812,0.13898,3
-6.3457,-3.3313,1
-1.4344,-3.6326,3
1.7975,3.6826,3
3.9664,1.3535,3
1.0927,1.3185,3
1.4745,1.4707,3
-0.11419,0.61234,3
0.46666,-1.301,3
-0.40258,0.32062,2
1.1782,-0.27366,2
0.58949,-2.9921,3
1.1056,-0.019653,3
1.4412,3.5267,3
0.70763,1.0713,3
2.5675,2.6442,3
-1.0788,-3.2624,3
2.6039,3.7437,3
-1.2995,-1.4934,2
4.8416,-0.32986,2
-1.8196,1.5822,3
-1.6254,-1.861,2
2.1846,0.71381,2
1.2248,-0.45221,3
-2.8533,-1.7515,3
-0.85635,-1.2918,3
2.8131,-0.74319,3
-0.12786,0.60463,3
0.17899,2.9988,3
-2.6515,0.67063,3
1.3432,2.0064,3
2.5689,1.375,3
2.6474,2.3043,2
2.2708,3.24,3
0.045619,-2.0597,1
4.1739,1.1429,3
6.2032,3.8888,3
0.85472,2.9388,3
-1.9437,0.65712,1
1.0172,3.2385,3
0.010026,-2.5024,3
2.1049,2.5162,3
2.2231,-2.1689,3
1.8829,-4.5347,3
-2.9922,-0.19929,3
3.2476,0.87434,3
1.2777,2.4128,3
-2.6072,2.6692,3
-0.024602,-1.274,3
-0.52422,1.9251,3
-4.7282,-4.5357,3
2.7583,1.5124,3
0.16029,2.3991,2
2.8262,2.94,3
-0.46206,-0.19599,3
1.3511,2.9092,3
-0.93226,0.45629,3
-1.524,-1.8821,3
-0.50641,-3.2034,3
2.8862,0.47879,3
2.3037,0.97433,3
-0.87663,-3.7858,3
2.8046,0.50009,3
-2.7295,-6.9534,3
-4.3874,2.9774,3
-2.2727,-6.1973,1
1.5644,5.9732,3
0.67982,-1.6618,3
-0.77995,0.94788,3
3.2235,2.4846,3
1.7948,0.72832,3
1.0696,-2.1356,3
1.2361,-1.0869,1
-2.3966,2.4119,3
3.9878,1.1738,3
0.83967,3.0535,1
-2.7037,-0.4014,3
1.8765,2.3496,1
-1.0139,-0.36952,3
-0.24929,-0.86859,3
1.2142,-1.1197,3
-0.010203,1.0064,3
1.3539,0.0473,3
0.10914,-1.2654,3
-1.1882,-2.2658,3
-1.8803,0.014798,3
1.5146,3.0093,3
3,-0.65347,3
2.2612,0.66782,2
2.7619,2.5193,3
0.65866,-4.2336,3
1.0212,-0.12129,3
2.4694,3.4483,3
2.5342,2.0935,3
1.8641,0.32341,3
1.944,0.87734,3
2.8015,1.1023,3
2.815,-0.97657,3
0.50221,6.8847,3
1.4567,2.2576,3
2.6248,1.8437,3
-1.964,-2.7867,3
1.497,-2.5157,3
-3.4491,2.7508,3
-0.66653,2.3503,3
0.70785,0.43885,3
-0.34169,4.7104,3
2.7147,-0.603,1
-1.4378,3.8188,3
-0.21813,2.8095,3
5.6603,-2.7444,3
5.7999,3.6015,3
-2.8733,-2.203,3
-1.786,2.0492,3
2.7812,1.4181,3
1.2351,3.4119,3
-0.16746,-2.0802,3
-1.5224,-2.5374,3
3.9271,1.9314,3
-0.74102,2.0161,2
0.8269,-1.1949,3
3.3043,1.5875,3
2.6005,4.741,3
-1.0846,1.2605,3
-3.1883,1.2868,3
-0.47152,1.1804,3
-0.86412,0.20569,3
0.37517,-1.1382,3
1.1669,1.2831,3
0.11762,-1.0182,3
-1.0498,-0.493,3
0.20086,0.28968,3
-3.1776,-0.82194,3
0.92554,2.0571,3
0.30719,0.79512,3
4.0293,3.4192,3
0.46279,-1.2365,3
0.88304,1.1059,3
2.543,-0.041721,3
4.3374,0.23651,3
-0.78656,2.1811,2
0.071158,-1.9097,3
1.4378,1.0924,3
-0.067886,0.42355,3
1.0746,-1.6303,3
1.0684,0.61484,3
-0.66795,0.79167,3
-1.2417,1.6284,3
4.2669,2.4144,3
0.50842,3.858,3
-1.9446,-3.4458,3
-2.601,-2.1277,3
-3.0232,-1.8455,1
-0.025067,-0.17379,3
1.1806,-3.6177,3
2.2468,2.4008,3
2.0611,2.7825,3
4.8068,0.62206,3
-3.8185,0.25432,3
1.8236,-1.3904,3
4.879,1.2946,3
1.663,2.4969,3
-0.076161,-0.56469,3
-2.2374,0.43625,3
1.7893,1.8136,3
2.4362,1.8935,3
-6.0163,0.66521,3
1.7674,2.6296,3
2.659,1.6007,3
-0.71621,0.74096,3
-0.80166,-2.1745,3
-0.91176,9.1299,3
3.4069,1.2239,3
0.31705,-0.3588,2
-0.73678,2.4589,3
2.7796,-1.527,3
0.064139,2.8502,3
-0.55509,0.5071,3
0.61923,0.35214,3
4.557,5.1207,3
-3.7493,-0.033969,3
1.4469,2.2216,3
-0.71091,3.5449,3
1.3702,0.2914,3
-6.2498,0.71639,2
2.0643,-1.9296,3
-3.3418,1.004,3
-1.2027,-3.9589,3
4.9763,3.3198,3
2.5342,0.29645,2
1.4383,-4.3972,3
-4.5275,-2.7572,2
4.008,1.8203,3
-1.2177,2.9624,3
2.6756,-1.057,3
0.60633,2.5999,3
1.6899,3.0023,3
1.5977,3.7331,3
-3.0754,1.9379,3
0.028271,-3.4316,3
2.4023,-4.2716,3
-1.3608,-4.1162,3
1.7066,2.9249,3
-2.5376,-3.0521,3
-3.1158,-1.2067,1
0.17032,1.4824,3
2.2255,1.2632,3
1.6127,-3.5236,3
3.305,-1.5251,2
2.3006,0.32416,3
2.8933,-0.095631,3
-3.5538,0.37367,2
0.82166,-2.0123,3
-1.039,-0.17561,3
4.8039,2.1843,3
4.1729,4.0015,3
1.7039,4.2051,3
0.45096,-0.36377,3
4.1704,1.0255,3
-1.2788,4.3396,3
-1.5186,-0.84448,3
-0.023474,-2.2014,3
0.92991,1.3942,3
4.3453,1.4385,3
6.4721,1.7858,3
0.2797,0.45123,3
3.122,1.2175,3
-5.9676,-1.1881,3
0.88225,0.35853,3
4.4923,1.5263,3
2.2337,2.3221,3
-0.72784,-1.2294,3
-1.7063,1.5816,3
-3.1426,1.587,3
6.1403,2.1982,3
4.0902,-0.51971,3
5.672,1.1722,3
-0.45098,0.086705,3
3.0426,0.58887,3
-0.9474,-0.22028,2
-2.1184,-1.6313,3
4.2934,1.1233,3
-1.6456,-2.3953,3
1.9748,0.31901,3
-1.5996,1.2458,2
1.1814,0.86192,3
-4.659,-2.5238,1
1.438,0.62756,3
4.3366,1.7173,3
1.5113,1.1462,2
0.99665,0.061502,2
1.5946,3.241,3
2.3711,-2.2777,3
-0.92924,0.59687,3
5.237,2.4442,3
1.1171,2.5965,3
-3.8953,-3.5946,3
2.7082,-0.4935,3
-1.3077,2.5,3
2.2664,-1.3818,3
-2.5379,-0.018555,3
-2.245,3.4571,3
0.30074,1.8274,3
4.7357,-0.99949,3
4.6509,-3.7364,3
-0.75318,-1.2924,3
-2.7145,2.0207,3
1.4197,3.2071,3
-0.49315,2.9738,3
0.37998,-2.0319,3
2.0329,0.60353,3
3.5075,3.8241,3
1.3226,-1.2058,2
-0.51268,2.4031,2
1.3791,1.4877,3
0.4252,0.10021,3
4.0354,1.2757,3
2.9391,0.18484,3
2.3583,-0.99296,1
-0.023233,2.0423,3
0.26598,-0.38877,3
3.1419,-1.6466,3
-1.8936,-0.35008,3
5.1994,1.9772,3
2.3969,2.0567,3
5.1494,-3.1786,3
1.024,-0.72655,1
2.8384,0.18396,3
0.52386,0.76085,3
1.2262,2.0305,3
1.3524,-0.13065,2
1.8641,1.7971,3
1.5657,1.5133,3
3.346,5.8983,3
4.3129,0.78861,3
2.134,-0.44056,3
4.2888,2.9643,3
0.95447,3.1509,3
0.051466,3.5315,3
0.58728,0.14666,3
1.8513,-0.86664,1
-2.0957,-1.9371,2
5.6088,3.2128,3
2.307,0.12677,3
2.4083,2.8399,3
1.578,0.23304,3
0.87312,-3.7913,3
1.9714,1.8098,3
1.2137,1.4438,3
3.5953,3.7571,3
-2.0303,-3.4055,3
1.993,0.42092,3
-0.73772,-1.0532,3
5.2546,-1.2356,3
1.9405,-1.9785,2
3.0943,1.0471,3
-0.99702,1.4847,3
0.16773,0.54345,3
-1.09,-2.5353,1
2.6192,5.2075,3
-1.8106,-2.6479,1
1.0735,0.96754,3
-1.6207,-2.0233,3
3.1617,0.03719,2
-0.35688,-0.7433,2
1.959,0.9163,3
-1.4692,-0.98391,1
-2.525,-2.4619,3
0.24533,-1.7138,3
2.8444,0.078038,3
3.9916,0.1342,3
-1.9213,-3.3857,3
-4.3718,-2.5595,3
-1.8868,2.1305,3
-4.0021,3.7413,3
0.24599,2.679,3
-1.6213,-0.16542,3
3.7964,1.4311,3
1.5,-1.8659,3
-0.31598,3.4566,3
-2.5482,2.6844,3
0.94647,2.4328,3
2.3656,-2.0842,3
-0.0494,1.115,3
3.5554,-1.1735,3
0.15451,-2.6466,3
2.6449,1.5966,3
2.0333,-0.75434,3
-3.5815,2.4271,3
0.65934,-1.2202,3
-0.53161,4.0281,3
0.93489,-0.12479,3
-2.4382,1.6463,2
2.8213,0.81925,3
-0.76349,-2.1669,3
2.7609,3.2957,3
0.41125,2.5014,3
1.792,-1.3535,2
-0.023072,-1.115,3
-3.2769,-1.5046,2
-0.45157,3.6824,3
-0.4415,1.4889,3
-1.9716,-0.98325,3
0.39413,-1.2973,3
1.4035,-1.2907,2
-0.099801,-2.9473,3
-2.9995,-0.21515,3
-0.41907,2.4874,3
0.90027,0.78277,3
1.144,-0.29728,3
-2.0628,2.3656,2
-0.011863,1.9842,3
-1.3011,1.4576,3
1.6119,4.4255,3
2.9175,-0.39463,3
3.1664,-3.4789,3
2.3454,2.175,2
1.6935,1.0026,3
-1.0079,-0.81588,3
2.1942,2.3207,3
1.2275,-1.5201,2
-3.7687,-3.3703,1
0.16304,2.4588,3
0.17927,2.9688,3
-4.2393,-2.0759,2
2.9559,-1.4662,3
2.3432,3.7212,3
2.244,1.3281,3
-3.4694,-3.0881,2
5.0882,-1.1476,1
-2.1841,-1.7906,1
1.3464,2.7357,3
1.9123,1.3008,3
-2.4874,-0.54507,3
1.3463,1.4225,3
0.22057,-1.2068,3
3.7429,-1.4839,3
-0.62996,1.0517,3
0.6073,1.6759,3
3.6179,2.7404,3
2.8675,2.521,3
3.9713,-1.4709,3
-3.343,-0.61606,3
3.3587,-1.411,3
3.3968,-0.5934,3
1.1465,1.1722,2
0.3445,-0.54056,3
5.0777,2.3858,3
1.1627,-3.2821,3
4.0684,-3.6075,3
-4.8202,-1.1639,3
0.26239,2.4829,3
-0.8318,-0.58467,3
1.2709,1.7763,3
5.3438,-2.1586,3
3.5338,3.2514,3
1.2007,-0.12314,3
-1.7283,-0.69039,2
1.7462,4.3309,3
-3.5002,-6.1719,1
1.5357,-3.0732,3
-2.4088,-0.10969,3
5.109,-1.0568,2
-0.32954,2.1111,3
-1.8458,-1.0279,1
3.7452,2.9063,3
1.5357,0.23382,3
1.0693,0.64154,3
-1.7858,-0.96614,3
-0.38149,2.8022,3
0.11443,-1.763,3
0.83952,2.7252,3
1.28,-2.6556,3
0.17324,-0.20331,3
1.2552,-0.03842,2
1.9208,1.6932,3
1.7189,0.04534,3
0.62052,2.0164,3
-1.5533,3.4763,3
-0.78664,0.21367,3
0.50708,-0.25563,3
-1.7819,-0.16261,3
2.195,1.3637,3
2.4583,2.4117,3
2.9991,4.4017,3
1.2057,0.95503,3
2.3931,0.14763,3
-1.9827,-0.17689,3
1.9386,3.7897,2
-2.219,1.4616,3
3.3772,-1.6301,3
-1.7899,2.5071,1
-1.8314,-2.1145,2
2.9933,3.1917,3
-0.33181,2.508,3
-1.6461,-2.4577,3
-0.20211,-1.944,3
-2.1876,1.2586,3
0.78373,3.8939,3
5.384,5.8716,3
3.4915,5.4258,3
2.1099,-2.3183,3
4.0478,0.60427,3
0.96661,-2.1138,3
4.289,0.011595,3
-1.3381,-1.4685,3
1.4186,0.6132,3
-0.054651,1.8224,3
-0.72111,-1.8267,3
0.96029,-0.57332,3
-0.295,2.7982,3
1.8106,1.1802,2
0.70638,1.4639,3
-0.55879,-1.3413,3
-2.8392,2.9996,3
-0.9275,3.1524,3
1.8276,5.665,3
-1.3358,-0.70982,3
-0.76849,2.9384,3
3.2788,3.6278,3
0.52961,0.92995,3
2.3498,1.4233,3
2.3102,2.5917,3
-0.2389,1.5386,3
-1.8897,-0.59129,3
-5.3921,1.7287,3
0.77281,2.1225,3
3.7781,-1.5664,3
-0.42803,0.62542,3
-2.6728,0.26097,3
-8.3658,-1.6863,2
3.6015,1.2107,3
1.2335,-0.449,3
-0.082976,-1.2944,3
2.2696,2.3421,3
-1.2979,1.7668,3
1.5733,2.5273,3
-0.38102,2.1982,3
-3.4178,-1.6545,1
3.0154,3.406,3
-0.9052,-1.7,3
