-0.72416,-3.4204,2
-2.2527,-0.86908,2
-0.29232,4.5669,2
-1.5557,4.6504,2
-2.5295,2.0437,2
-1.8803,-4.031,2
1.9275,0.26304,2
-0.86317,-0.52916,2
-3.8574,2.5739,2
-2.9751,1.4582,2
0.7999,-2.8289,2
-1.2804,-1.852,2
-1.8474,-1.4911,2
-0.59733,0.76701,3
0.64467,-0.91174,3
0.21323,0.77321,2
0.057275,-3.3656,2
-2.8762,5.5026,2
2.936,-2.7611,2
3.3516,0.94168,3
-2.9801,2.2761,1
2.4161,-0.024089,1
-0.36823,-3.2447,2
-0.81188,0.39878,2
0.43264,-0.61631,2
0.426,1.3343,2
-1.9329,-2.5442,2
2.5866,-0.17762,2
-4.8791,-1.1309,1
-3.162,-2.8128,2
-1.0117,0.98071,3
1.5102,-1.6945,2
-0.21348,3.1791,2
3.3374,3.1185,3
2.5158,1.735,2
-0.7549,-1.5737,2
2.5129,3.117,2
1.6665,-0.011172,2
3.8201,3.2246,2
1.4969,0.19771,2
0.97013,1.0655,2
-3.7317,-1.036,1
0.71343,0.16354,2
1.7774,2.9153,2
-5.5669,-0.60415,2
1.0508,0.24018,2
-4.2803,0.78913,2
3.2662,-1.0665,2
2.2134,1.3368,3
0.47405,0.73301,2
4.3181,2.9453,2
-4.5095,-4.3965,2
-2.2874,-1.9066,2
-2.5318,-1.2657,1
-0.58604,-0.13752,2
-3.4947,-2.831,1
-3.2932,0.26656,2
-0.28322,3.7684,2
-3.1592,-0.7146,2
-1.9336,0.98542,2
3.4408,-0.17274,2
2.2069,3.2559,2
0.90819,-4.8057,1
5.1053,-2.0534,2
-1.9522,1.0216,2
0.16476,0.70622,2
1.4942,-0.11672,2
-0.33052,-0.39577,2
-1.114,-0.4243,2
1.9306,0.74393,2
0.13436,-3.0301,1
-1.984,0.44784,1
-0.71651,-0.82284,1
3.2841,0.86594,2
-0.47794,0.36054,3
-2.3963,-1.091,2
-1.3822,-1.2644,3
-2.4412,-2.8314,2
-3.1342,-2.9117,2
1.0882,-2.643,2
3.9361,-2.4023,2
-2.3509,4.1024,2
0.053253,0.31075,2
-0.74064,2.7336,2
1.8175,0.15365,2
1.7444,-3.6618,2
-2.1207,-1.1023,2
-2.6391,-0.96317,3
-2.2241,-1.4717,2
2.5096,1.9023,2
-2.41,-1.2279,2
0.36925,0.95484,2
-1.0519,-0.23093,2
6.8925,2.283,2
3.0193,-4.2429,2
0.34509,1.8017,3
-0.32589,-0.69506,1
0.84084,-1.7337,2
3.0379,0.5932,2
1.1802,0.054936,2
-1.7099,0.74267,2
0.96852,-3.1859,2
0.94047,3.759,2
-3.0455,-3.5381,1
-0.70788,-1.2699,2
3.0064,1.857,2
-2.9964,-2.84,2
-0.68583,1.5837,2
-1.6815,-4.5798,2
0.54834,1.2734,2
-1.1856,-1.8086,2
2.0955,-1.0634,2
-0.90462,1.6113,1
-1.6607,-1.7969,2
2.5821,5.1372,2
1.8027,4.4246,2
-2.7966,-0.31879,2
1.2671,-1.953,2
-1.2912,-2.5055,2
-0.24898,-0.0098103,2
-0.33967,-3.8477,2
2.6364,-1.495,1
0.56875,3.4769,2
2.0631,1.7738,2
-2.0534,2.1762,2
0.75075,3.4454,2
3.989,0.13225,3
-2.423,-2.9258,1
-3.3788,1.764,2
-2.0109,0.49811,2
4.8496,-2.3234,2
1.6917,3.6355,2
0.20865,-2.2648,1
-0.45265,1.2544,2
-1.4971,-4.0466,2
1.6049,2.9301,2
-0.10531,-3.0828,2
-1.2197,-2.1714,2
0.064237,3.3734,3
-0.05508,1.1561,2
0.59177,-2.8802,2
1.8697,-0.022194,2
0.58546,0.5017,2
3.7365,-1.8547,2
1.9225,-0.36752,3
-2.0493,-0.90259,1
-1.644,-1.5185,2
1.5905,-0.14941,2
2.9807,2.1702,2
1.7857,-4.0597,3
-2.7482,-1.8837,2
-3.8132,-0.84311,2
0.0096979,3.9666,2
-0.91472,0.27406,2
-0.128,-1.7859,2
-1.1954,-0.14387,1
1.4034,1.6947,2
-3.4396,1.2873,2
1.9692,-0.34016,2
0.30516,-0.77171,2
-1.6852,-0.042695,2
-0.17031,0.40794,2
-1.4413,-1.9256,1
-0.24054,2.371,2
3.0922,-1.5438,2
0.59566,3.6401,3
-0.10228,2.3752,2
-0.55945,-0.35715,2
1.9953,-1.3182,2
-0.81652,-2.2529,2
2.6563,0.31522,2
-0.86391,2.1825,2
4.1007,2.435,2
0.25309,-1.0845,2
-0.21134,1.1714,2
-1.9407,2.7329,2
3.649,1.8355,2
0.12057,-0.57708,2
0.85915,-0.25413,2
-2.0049,4.3423,2
1.4805,0.69342,2
0.59709,1.7961,2
-2.284,-3.0402,2
-2.6293,0.56376,2
-0.3702,-0.46851,2
1.3667,3.6739,2
-1.811,2.4386,2
-1.8557,-1.3609,1
0.73134,0.1845,2
-0.40643,0.23516,1
2.4656,-0.94219,2
2.8388,0.33251,2
-0.96196,1.2745,3
-3.4734,-0.053892,2
-4.0695,0.51081,1
-0.73949,-0.56457,2
2.8649,-2.4539,2
-1.9426,-1.8597,2
1.7391,2.4112,2
-0.15831,2.8867,2
0.58195,2.0994,2
-5.1233,4.8606,2
0.75072,-2.3026,3
-0.651,-1.6756,2
2.846,0.89268,2
2.6733,-0.83562,3
1.1089,-0.90888,3
0.73593,-4.3914,2
-0.052056,-1.1748,1
-2.726,0.80204,1
-2.2473,-2.8745,2
-3.7463,4.602,2
-1.8247,0.17229,2
-1.5531,-0.40595,2
-0.31721,2.7462,2
-2.1779,-0.54441,2
-0.98163,-0.76829,2
-0.40002,3.0767,2
-0.98336,-0.41516,2
-0.71222,-0.81619,2
4.7732,2.1917,2
-3.2,1.5496,2
1.8658,-6.1178,2
0.26669,0.33422,3
3.6235,4.763,2
-3.9042,-2.1688,2
1.464,1.9907,2
-0.52822,-2.2126,2
1.1353,-1.9974,2
4.4186,-2.924,2
-0.40867,-1.3119,2
2.9003,-1.9361,1
1.3193,1.6975,2
-0.6385,-1.6486,2
1.3931,1.5332,2
-2.1358,-3.7673,2
-3.2638,0.94814,2
0.80055,1.8748,3
-0.27449,-1.2559,3
-1.1982,-1.3838,1
-1.2765,3.9489,2
0.046381,-0.30711,2
-4.4741,-0.78989,2
-5.6413,1.4269,2
2.066,-0.82862,3
0.63947,-0.27189,1
0.46823,-2.7159,1
3.7297,-1.2813,2
0.72886,2.7721,2
-0.82373,-0.088975,2
1.3198,0.60266,2
-1.8425,2.0487,2
-0.1483,-3.1255,3
-1.4455,-2.3679,2
-2.5207,5.3515,2
2.1114,3.0918,2
-0.64988,0.43562,2
1.0726,-0.34445,2
2.2095,0.30444,2
-1.1255,-0.2689,2
-0.1942,-1.5213,2
-3.8648,-0.17199,3
0.035018,0.18195,2
2.8849,0.6987,2
-4.1882,-1.1793,2
-1.4114,-3.232,2
-0.86318,0.9276,2
0.20315,-0.97293,2
-3.6102,0.46018,1
-1.16,4.0971,1
-2.5506,-2.5171,2
0.66011,2.2266,2
2.2833,2.921,2
1.9205,-1.2052,2
1.8653,-0.54283,2
1.9711,0.5384,2
-1.953,-0.47602,2
-0.9897,1.4344,2
0.51351,-0.70773,2
1.5696,0.66503,2
0.38582,0.48435,2
2.5399,-4.3393,2
0.78158,0.14912,1
-2.3817,-3.8133,1
-0.94618,1.9564,1
1.3997,-0.64332,1
0.086357,-1.1773,1
0.11622,0.88598,2
1.0793,-1.2724,2
0.57687,2.2612,2
-0.070476,3.6192,3
-0.9476,0.35536,2
2.4831,-0.20699,2
-3.4708,0.13897,1
-2.0666,3.7989,3
-1.0185,-0.75238,2
-0.057519,2.4979,2
2.8,-0.74271,2
-1.4109,0.98642,2
0.82927,0.17732,2
-0.69796,-1.8434,3
0.092576,0.17963,2
0.015686,-3.9851,2
1.4227,-3.1497,2
2.1887,-2.5941,2
1.0084,0.89083,2
-0.62661,-3.5364,1
0.67817,-0.63096,2
-0.72573,3.015,2
-0.12947,-1.0123,2
-2.6921,-2.8169,2
4.5444,-1.0609,2
-1.8289,2.0375,2
0.81478,1.0627,2
-0.25085,-1.0587,2
-0.027839,-3.8481,2
4.3368,0.89617,2
0.063342,-1.0548,2
2.035,5.5108,2
-0.022757,-0.37342,2
-0.41527,0.95684,2
2.8511,2.4464,2
1.7507,-0.94354,2
0.2266,2.0775,2
-3.0793,-2.3179,2
-2.1594,0.9171,2
2.4842,1.6854,2
-0.090838,-1.4011,2
0.30828,0.14629,2
0.30584,1.1045,2
-0.70158,2.961,2
-0.17081,-0.32266,2
1.8379,3.4404,2
-1.0295,-1.2477,1
-3.0357,-0.59476,2
-2.1311,1.6335,2
-4.4272,-1.3514,1
2.9034,4.7128,2
1.8246,0.25355,1
2.2879,-1.5729,3
-4.4143,5.4388,2
1.3615,-0.89372,3
-3.3776,-2.6945,2
-2.3019,-3.0347,2
-1.9764,-0.63529,2
1.3932,1.2325,2
1.7542,0.80609,2
-0.56894,-1.7893,2
-5.7414,0.22724,2
-1.1308,-0.26719,2
0.096476,-1.2589,2
-2.1461,-4.3591,2
0.51357,-1.3019,2
-0.30126,3.2426,2
-2.0052,-4.8906,2
2.6186,1.0143,1
-1.6044,-1.6212,1
1.2667,0.9084,1
1.1922,-2.3874,3
2.7045,-1.0695,2
-1.2543,-1.7184,3
-0.8123,1.1352,3
-3.4372,-2.2857,2
1.0681,2.3333,2
2.4999,-0.83633,2
0.61589,-2.8627,2
2.0746,2.5153,2
-3.6704,-0.41233,1
0.52125,0.77154,2
3.7054,3.9618,2
-4.3419,-1.0482,3
3.1949,0.64247,3
0.029207,0.66633,2
3.4999,4.0529,2
-0.29305,-1.0364,2
3.7546,-1.8278,2
-3.4404,-1.0848,1
4.4396,-1.7875,2
-0.47772,-0.0034221,2
-1.0992,-0.45511,2
1.59,0.81819,2
0.21992,-1.6563,2
0.79672,1.7034,3
-0.60414,0.65638,2
0.79036,-1.6622,2
-1.4676,1.9027,2
1.1653,-1.212,2
-0.1296,1.6378,2
-0.62312,3.3555,2
4.1769,1.2595,3
-0.61529,-1.3708,2
0.4457,0.29385,2
0.53037,-1.8931,2
-2.5115,-0.94299,2
1.5893,0.74905,2
2.8274,-1.1284,2
3.4277,1.2545,2
0.58091,0.43614,2
0.95888,-1.0809,2
-2.5591,-1.2616,2
0.46095,-3.7304,2
2.9603,-1.0187,2
0.57544,-1.447,2
1.5233,2.5796,2
1.4981,-0.78416,2
0.055771,-1.0895,2
-1.99,-2.0486,2
-1.0817,0.82166,2
-2.9109,-1.7491,1
3.123,3.1403,2
-1.8601,-3.1227,2
1.3941,-1.5031,3
2.6317,1.6219,2
-2.8568,3.787,2
-0.75817,1.3509,2
0.82208,0.22033,1
2.7118,-3.4932,2
-1.7412,0.98048,2
2.6543,4.4801,2
-1.1481,0.87508,2
-4.1387,-0.85658,2
5.4579,-0.017781,2
5.2265,3.7603,2
3.5308,0.95002,2
5.871,1.9747,2
0.28208,2.8663,2
-0.73426,-0.66074,2
-2.3789,1.1038,2
-3.1041,-2.3018,2
-1.1171,0.0033971,2
0.30276,-2.4996,2
0.377,-0.98187,2
-0.99878,5.6469,2
-1.7395,1.0658,2
1.1191,-0.47176,3
-2.7215,-1.5724,2
-3.7184,3.2027,3
-2.2271,-4.4079,1
1.251,4.6145,2
-2.5833,-1.3783,2
-2.2512,0.80197,2
-4.3195,-0.35795,1
1.1465,3.067,3
0.080166,-0.24353,2
-1.2348,-1.4472,2
0.30466,-1.8623,2
-0.63861,1.7333,2
5.8804,2.2404,2
-0.29958,-5.0871,2
0.3466,2.2128,2
1.3964,0.95106,2
5.4547,0.38574,2
-1.842,-4.2037,2
1.4162,-1.6365,2
-0.97476,-2.1055,2
1.0209,0.14771,2
-1.3695,-0.88571,2
1.3701,1.7165,2
0.9652,2.1486,2
-2.9089,-3.266,2
-2.5733,-0.31489,2
1.4819,2.0295,2
0.65818,-0.91704,2
-2.9325,-3.6519,1
-0.35931,-0.97621,2
0.20564,4.8412,2
-1.7845,3.4929,2
0.067072,-6.3137,1
1.4805,1.4992,2
0.46715,2.014,2
1.2401,1.949,2
1.2743,-3.5346,2
1.5154,3.716,2
2.957,-0.50879,2
2.8287,2.0694,2
2.3028,-2.6322,2
-3.1849,-4.8393,2
-2.5734,0.072005,2
-1.3429,3.1582,2
-0.82311,0.5479,2
-0.36275,-2.6905,2
1.7893,2.7244,2
-3.6471,-1.5318,2
4.1744,5.749,2
0.35644,-2.1435,3
2.9204,2.3199,2
3.3905,0.44725,2
2.7194,-1.6485,2
1.2516,1.5733,2
1.462,1.4668,2
1.502,2.7412,2
-3.4494,-1.2962,2
0.86855,-2.4474,2
-4.8044,0.36213,2
-4.5392,1.8974,2
2.5254,2.2741,3
0.88845,2.1867,3
2.3098,1.2185,2
-2.2497,-4.5414,2
2.5364,3.3948,1
0.34704,2.2383,2
-1.7448,-2.7148,1
-1.2358,-1.2606,2
-3.9006,0.50665,2
0.93952,-0.56776,2
1.5064,6.1073,2
6.7555,5.4729,2
1.9058,2.1274,2
-0.41574,2.1884,2
-2.4155,-0.89981,2
1.026,-0.21064,2
2.6389,3.6093,3
2.1773,0.64091,2
-1.0745,-0.00027897,2
0.31426,-1.512,2
0.29315,0.091888,2
1.4017,-1.5384,2
2.3402,1.2969,2
-4.0056,-1.3921,2
-2.2635,-1.4612,2
1.5205,4.2241,1
-1.2253,-0.85011,2
0.045265,0.44958,2
-0.1835,1.4725,2
-1.0864,0.19162,2
-0.28933,-1.482,1
-0.38054,-1.6131,2
-2.1254,-1.5628,2
-0.4609,-0.45205,2
-1.7526,0.46264,1
-0.44097,-3.39,2
0.60293,-2.9646,2
1.8436,0.12403,2
3.1425,-2.278,2
4.0433,-1.0477,2
1.6024,2.7582,2
-1.4292,0.86131,3
-0.94641,-6.4018,2
-1.4982,1.6647,2
-1.0536,-0.61332,2
-2.9873,0.69569,2
1.0942,-1.2024,2
3.2514,-1.6802,1
-0.34893,-0.23012,1
1.2258,-0.097663,2
-1.4137,3.299,2
2.3274,-2.0467,2
1.216,1.2434,2
-2.9804,-4.6277,1
1.1118,1.4163,2
3.599,0.24054,2
-1.1062,1.5301,2
0.18677,-1.1031,3
1.137,-0.016298,1
-0.91866,2.246,2
-1.9491,-1.5024,2
2.7689,1.3559,2
-0.40389,5.5559,2
0.8242,2.6787,2
2.1626,-1.4995,2
0.14634,2.447,2
1.0643,2.1592,2
-1.3118,-1.0208,3
1.55,0.82007,2
4.1916,3.246,2
-1.9343,-1.8135,2
0.83198,-2.8596,2
1.0795,0.01876,2
1.1891,1.3756,2
-0.68942,-0.09612,1
-0.99827,-1.5195,2
-1.0243,-2.8919,2
-1.5317,0.32238,2
-2.3786,1.526,2
2.9656,-1.6528,2
-3.2866,-1.4738,2
-3.6313,-1.4473,2
-2.0139,-3.1253,2
1.7364,4.9844,2
2.3411,-2.2966,2
1.277,1.725,2
3.7955,-0.57785,2
-1.5186,-3.4451,2
-0.2826,-1.1224,2
1.0336,-0.21668,2
-0.50038,1.6981,2
0.34391,2.0939,2
-7.0504,-4.0089,2
-0.23535,-2.4105,2
-0.38229,-0.1852,2
0.75116,1.4322,2
-0.56262,-0.43575,1
-0.24018,-1.3211,2
-0.65013,-1.2546,3
0.66574,3.0593,2
-0.65751,-0.60499,2
2.5748,2.4321,2
-0.075276,-1.2754,2
2.6495,1.9934,2
-3.659,0.85241,2
0.9536,-1.2764,2
0.089996,1.7388,2
-3.2169,-1.0019,2
-0.75736,2.153,2
-0.61751,1.0825,2
0.58331,0.074379,2
-3.7056,-0.90434,3
-4.4762,1.6131,2
3.6437,5.1242,2
1.1733,-3.5823,2
-5.3891,-0.0871,2
-1.8502,1.0947,1
1.5737,-0.67653,1
-0.21754,0.27776,2
1.2451,3.4356,2
-3.3841,-1.3875,1
-0.90199,-3.9082,2
-0.34162,2.14,2
-1.0363,1.2074,2
-2.1919,-0.17352,2
-0.061327,1.6889,2
-2.4981,-2.1708,1
2.1813,0.92184,3
-4.1491,-1.1572,2
1.3003,3.7038,3
2.5375,3.3922,3
0.08324,0.54531,2
0.52356,-2.5019,2
2.0241,2.6265,2
-1.0854,-1.1925,2
3.5808,0.67146,2
1.5144,0.99757,2
0.52871,-3.5883,2
-0.12251,0.76348,2
-2.1711,0.047941,2
-0.79915,-1.4127,2
-1.7949,-1.8507,1
0.63799,2.5914,2
0.38779,-0.08676,2
-0.67,-2.0422,2
0.57683,-2.9322,2
-0.84747,0.30721,2
1.4378,-2.7911,1
0.51873,2.273,2
-0.96337,-0.36695,2
3.4236,-1.0108,3
0.56439,1.048,2
1.6299,1.6014,3
-0.35397,-0.59448,2
-3.1997,1.6435,2
-1.2957,-1.5114,2
2.0511,1.4591,2
-1.232,4.2268,2
1.4753,2.4715,2
1.8471,1.5997,2
-1.5431,0.45268,2
2.6529,2.6219,2
1.845,-0.825,2
2.2168,1.1852,2
1.8414,3.3702,2
6.0927,0.36447,2
4.6002,3.7549,2
-2.5884,2.0348,2
7.0202,1.3368,2
0.5171,2.452,2
-3.4061,-3.172,1
1.8298,2.3616,3
-0.078844,2.5264,2
-4.3028,-1.8215,2
-2.0815,-4.0422,2
2.0896,0.20839,3
2.8654,-2.3283,2
1.9229,1.5566,3
0.81203,1.9839,2
1.851,-1.2656,2
0.78141,2.0788,2
-0.46042,-4.393,2
0.70396,-4.4762,1
0.82868,-2.5392,1
3.2294,-0.51137,2
0.13173,2.5728,2
1.4497,-0.66598,2
0.98666,3.8903,2
0.16595,1.1254,2
2.6654,-2.1619,3
-3.5357,0.2126,1
-2.3086,4.0093,2
1.7623,-1.4332,2
-0.20834,0.59065,2
-1.6472,0.99646,2
-0.71334,1.3345,2
-2.7021,-0.018723,2
0.59689,-2.2639,2
-2.3533,-0.24209,2
2.835,4.0728,2
-5.1651,-4.4868,1
-3.2996,3.5554,2
0.81214,-5.1161,2
-0.22994,-1.0539,3
1.4141,-0.51221,2
1.9497,2.4725,3
4.3335,1.434,2
-3.7817,-4.2459,2
-1.8318,-0.61501,2
-3.96,-1.9824,1
-0.30727,0.23188,2
-3.9219,0.52912,2
1.2304,2.2116,2
0.02176,4.9388,2
-2.3763,4.1078,2
-1.7174,0.5624,2
-0.9046,-0.71134,2
-0.91207,-1.5845,2
-1.3519,1.4139,2
-0.41924,-0.68799,2
-3.1588,-0.41351,1
4.4656,0.57011,3
-0.93493,1.4248,3
-0.70101,0.70868,2
-1.5115,-1.9335,2
-0.73477,0.39478,2
0.56668,3.6087,2
-0.062817,1.379,2
-1.317,1.9805,2
-1.5281,-0.10542,2
-1.1157,-0.12962,2
-2.2211,-4.1331,2
-0.4172,2.0177,2
-3.9681,-2.3694,2
-1.5489,2.5268,3
3.0046,-2.132,2
0.82584,-2.4477,2
-0.18846,0.24048,1
-2.9934,2.7384,2
1.2257,0.99893,2
-0.19605,0.67302,2
0.26346,-1.9603,2
4.7687,-0.29601,2
0.50137,0.2948,2
-1.1943,3.871,2
-6.5981,-4.8171,2
1.093,1.3373,2
0.054203,3.4607,2
-0.56608,0.35071,2
0.73388,-0.14824,2
-0.41493,0.52528,2
-0.9275,-3.8574,2
-0.22792,2.264,2
-2.2309,1.2997,2
-1.7695,-3.2933,3
-0.52072,1.1532,2
0.14829,-1.032,2
-1.7148,-0.36035,2
3.5819,2.3722,2
2.4085,2.3588,2
0.98828,1.9887,2
1.5672,3.3102,2
2.6549,-0.075289,2
-2.8789,0.90602,1
-2.2482,-4.104,2
-0.29105,-0.41251,1
1.8894,-1.759,2
-3.7629,-1.7496,1
-0.83005,-2.2312,1
-3.9505,1.0116,2
-0.18493,0.8342,2
-1.1165,-4.3317,1
4.939,4.0679,3
-2.3954,-0.27812,1
-0.38968,5.5894,2
-3.3825,-5.6016,2
-0.36447,-1.2626,2
2.2928,0.62899,2
0.38823,-2.7476,2
-0.77761,-4.1,2
3.2058,-1.2226,2
2.4525,-1.2979,2
3.5842,3.1804,1
-1.2525,-1.2839,2
1.14,-1.8636,1
-1.7508,0.79426,3
-1.8674,4.6868,2
0.45451,0.29537,2
0.56266,-3.8698,2
-0.95039,-0.76763,3
2.925,3.2444,2
-0.83468,1.4545,2
0.1559,-0.51253,2
-1.5326,3.8763,2
-0.66495,-0.42669,2
1.2562,5.2405,2
3.724,1.9582,2
-0.66857,-0.3331,2
2.9489,-2.0314,3
-2.3659,-0.25063,2
-0.19144,-1.5371,2
-0.46127,-0.72088,2
-2.0847,-2.1992,2
-0.3606,-1.64,2
0.30285,-2.15,2
-2.1572,1.8907,2
-1.7221,-1.6204,2
-0.70634,-1.161,2
-1.2332,-4.0102,2
-1.3707,-3.7738,2
0.7964,-1.1396,2
-1.8354,-1.7927,2
-1.4777,1.4086,1
2.3831,3.1658,2
1.611,2.4145,1
2.1253,1.5231,2
1.2062,-2.0408,2
4.1861,-1.7611,2
-2.8551,3.7994,2
1.3963,2.6401,2
3.7167,-0.32234,2
-0.5677,-1.9084,2
3.3468,1.2123,2
0.92235,2.1309,2
2.3557,-0.1979,2
1.7138,0.64138,2
-0.3835,-1.7897,2
-3.3665,-2.6881,2
-2.4543,4.9498,2
2.8763,-1.1402,2
-1.6683,0.6446,2
2.9381,2.4574,3
3.0128,0.68481,2
-2.1377,-0.76664,2
-0.92415,5.7522,2
2.1979,-2.0467,2
0.5654,1.1509,2
3.2778,0.93458,1
4.2158,0.81576,2
-2.0979,-1.5532,2
-2.0321,-2.4929,2
1.2917,-0.46441,2
-2.8703,-1.0503,1
0.60188,-3.9931,2
-3.6598,-1.1635,2
-1.1949,0.98725,2
0.12406,-0.48969,2
-5.348,-3.7437,2
0.95852,-1.6727,2
-0.027261,0.043481,1
1.9935,3.0943,2
-2.5337,1.9448,2
3.5405,-1.6672,2
-0.19934,2.2085,2
1.1821,1.8257,2
-1.8105,-2.0831,2
-5.1563,-0.81481,1
-2.2308,-2.6266,2
-1.7362,-1.4029,2
-3.1676,1.0045,2
1.3412,-2.854,2
2.2193,1.8665,3
2.6041,-0.51066,3
-3.8375,1.719,2
-1.534,-2.0446,2
-0.16754,-0.54353,2
-2.9976,-1.3611,2
-2.6263,-1.6214,1
0.4844,-0.9062,2
0.43895,-1.8636,2
1.3618,3.4656,3
0.71511,-1.0921,2
0.46471,2.3631,2
2.7439,-0.13574,3
-2.1264,2.1743,2
0.51338,0.66132,2
-2.5451,-0.048985,2
-5.1931,-5.7496,2
-1.6215,1.3412,2
-0.68885,-2.5066,2
-5.6196,1.6497,3
-0.2835,-0.70957,2
0.77223,-2.1419,2
-0.56682,0.71407,2
0.371,1.3238,2
0.17869,0.38738,2
-1.3562,-0.20961,2
-0.37759,0.67901,3
0.35091,-0.97382,2
-2.5334,-3.9731,2
-1.8987,-0.75746,1
-0.259,-0.62337,3
-1.551,-0.19232,2
1.1831,0.82117,3
-1.9288,2.1686,2
-4.6903,0.69645,1
-0.038615,-1.7113,2
2.0255,0.79539,2
2.5399,-0.8421,2
3.6545,-1.3919,2
-2.4611,-3.4367,1
-0.61404,-2.4154,2
2.1987,0.94045,2
0.10657,-0.40085,2
-0.52576,-0.70649,2
2.7401,1.7898,2
0.069468,3.5579,2
0.71961,1.3736,2
0.78592,-2.4238,2
1.8571,1.7601,2
0.029842,-4.75,2
1.1817,1.3287,2
1.7364,-4.1767,1
0.99442,2.5242,2
-0.65825,0.90249,2
9.7622,3.1568,2
2.7373,-1.7178,2
1.6368,3.3693,3
-4.564,-3.496,1
5.1201,0.1818,3
6.0237,2.5878,2
-2.5728,-1.7348,2
2.7521,0.95805,2
-3.3014,1.3154,2
5.46,3.0643,2
-5.3132,-4.2505,1
-4.5526,-1.5167,2
0.7946,-0.35609,2
1.3237,2.4729,2
0.34634,3.1454,3
-2.2533,-0.39263,3
3.0816,3.993,2
1.0074,1.4316,3
0.35059,-1.0653,2
1.6189,-1.328,2
0.0051892,3.6891,2
0.42564,3.3052,3
1.036,-5.2263,2
0.25385,3.4123,2
1.3712,-0.25826,2
1.3749,0.035329,2
-0.79822,-0.85404,2
-3.2517,-4.1564,1
-3.3876,3.1594,2
-0.069224,0.26615,3
-1.4536,0.41281,2
-0.19425,3.577,2
-4.6222,-3.9321,1
-3.9693,0.95093,2
-3.242,0.010229,2
0.049071,0.36199,2
2.487,-0.10421,2
2.9519,1.3327,2
-2.6052,-1.5965,2
1.8562,0.055693,3
0.2591,0.48885,2
-1.5752,1.4397,1
1.185,0.011569,3
0.3295,0.41786,2
-4.0909,0.58259,2
-0.71123,-1.257,1
0.5443,0.22871,2
-2.6621,-1.2093,2
0.29759,2.1394,2
0.44786,0.82869,2
0.74156,-3.189,2
-1.1313,-0.66021,1
3.2066,1.3343,2
1.8086,4.136,2
0.37282,1.7658,2
2.5328,0.92016,2
2.153,-0.92421,3
1.3075,0.34335,2
0.25559,-4.3774,1
1.7279,1.8731,2
1.5485,-0.12713,2
-1.5671,-0.57121,2
4.048,-0.50392,2
0.50662,0.71689,2
3.3529,0.39201,2
-0.0013975,0.10131,1
-2.3551,-0.96699,2
-2.9921,-1.4312,2
0.54986,-0.064638,3
-2.0195,1.8546,2
-4.8749,-2.3178,2
-3.4933,-2.6345,2
1.1948,1.5915,2
2.0697,2.4606,2
0.22725,-0.41133,2
-0.43907,-1.4094,2
2.3943,-1.9804,3
2.7207,-0.24084,2
-1.6184,0.10525,2
0.3707,0.92312,2
2.1986,-4.4597e-05,2
1.8228,1.4345,2
0.87396,1.3927,3
-0.18901,0.93694,2
4.3876,0.88832,2
-1.1153,1.1839,2
-0.69703,1.7906,2
1.2671,-2.4259,3
-2.4973,0.94109,2
0.74488,-1.4557,2
-0.76806,0.26844,2
1.1257,-0.72078,2
-3.4966,-0.052872,1
-1.3401,-0.19458,2
-0.42871,2.2479,1
-0.13848,-0.65831,2
-4.7944,-4.7992,2
1.0387,-3.125,2
2.1005,0.62536,2
0.85747,2.159,1
0.87386,2.53,2
-0.080373,-0.89536,3
-0.905,-2.5208,1
-1.3376,0.55086,2
-1.3904,-0.7625,2
-1.6991,-1.4213,3
-1.583,-0.0010588,2
0.68518,2.3298,3
1.2106,5.5634,2
1.4215,0.64089,2
-2.4877,-1.7135,2
2.9545,2.0103,2
-1.0103,-1.9087,2
4.0881,0.411,2
-0.24122,2.0464,2
-0.37738,2.6829,3
-1.2112,0.38684,2
-2.5291,3.2067,2
1.0281,-1.5978,2
-0.22674,-1.0789,2
-4.5553,2.6774,1
-1.0015,-1.5374,2
4.2512,3.5206,2
-1.595,1.4657,2
0.41415,-1.19,2
2.4288,-2.4966,2
3.0996,0.74989,2
0.43907,-1.7515,2
3.2999,3.2719,2
2.1173,2.3046,2
-2.9737,-3.6374,2
0.56868,-0.7136,3
0.73591,3.91,2
0.81169,-0.56377,2
-0.18829,0.76331,2
-0.42504,-1.1275,2
-4.8701,-1.1545,2
-3.2786,-0.083152,2
3.7824,3.4924,2
1.1114,0.26322,2
0.16762,-2.2717,2
3.0909,2.619,3
-1.4738,-0.97167,3
-3.4593,2.8733,2
6.3032,5.7266,3
-2.5673,-1.5656,2
-4.2828,-5.2876,2
-2.7787,-2.4572,2
-0.35041,3.3226,2
-3.264,0.61802,1
-2.2797,-2.4488,2
0.55202,2.2554,2
2.3474,-0.05054,3
-0.87091,-1.0463,3
1.5162,1.3791,3
-0.94932,-4.8295,2
1.512,2.3284,2
0.46576,-2.8434,2
-1.9121,2.0032,2
-1.7532,0.77509,2
1.9065,2.4818,3
1.0289,-2.2334,1
1.2315,2.7337,2
0.58202,2.7112,2
-2.9005,1.3219,2
-0.32243,3.642,2
-0.68319,-5.2501,2
6.1839,1.1367,2
2.6345,-0.96998,3
-0.3403,1.7768,2
-0.26442,-3.9143,2
-1.1568,0.375,2
1.6633,-0.65786,2
2.2005,1.3167,2
-1.2425,-2.7618,2
2.987,-1.1092,2
-3.2293,-2.1914,2
-1.9209,-1.0737,2
-0.50938,-1.4044,3
4.9279,3.2247,2
-0.35156,2.7126,3
-1.2685,-2.3917,2
0.76728,0.23869,2
-1.156,0.97571,2
-0.73671,0.6963,2
1.2115,-2.5165,1
4.6941,3.9791,2
-3.797,-1.6551,2
-3.0552,-0.81854,2
2.9999,-2.4417,3
-1.0788,1.9359,2
0.18194,2.7187,1
-2.4755,-1.9022,2
1.21,-3.7535,1
-0.30427,1.6752,2
0.59065,-1.5716,2
-2.2933,-2.0787,2
-0.16843,-2.5707,2
1.0356,0.49204,1
-1.9501,1.076,2
5.6784,3.2623,2
-2.9917,-0.78907,2
3.5424,1.4892,3
1.0858,-2.2436,2
5.0569,2.8798,2
-2.9326,-1.2442,2
-3.4168,-0.52259,2
2.4628,-3.1967,2
-0.4044,1.5707,2
0.8524,-2.1564,2
2.2243,2.2151,2
2.7093,-1.5499,2
-0.23647,-2.1455,2
-1.591,4.6531,3
0.73196,-0.40011,2
4.0507,-0.34772,2
0.28408,0.31569,1
0.96144,-0.48691,2
0.40677,-2.6942,2
-1.4129,-4.2679,2
1.9339,2.8246,2
-1.8204,3.7334,2
0.16476,-0.98592,2
1.0045,1.5184,2
-1.8693,-1.7911,2
-0.74253,-1.195,2
-0.70298,-0.20392,2
1.2984,-0.24439,2
-0.37935,2.0423,2
-1.8403,1.9922,2
-1.8627,3.1834,1
-4.2872,-1.5987,2
-2.3254,-2.2887,2
-1.0457,1.8906,2
2.0445,2.0063,2
-5.666,-2.7317,2
0.10757,-0.88526,3
-0.79083,-2.3276,2
2.0384,0.0094871,2
-3.8156,-0.51515,2
-0.37148,-0.74196,2
3.2278,-0.9919,2
-0.055661,2.0502,3
0.22981,1.0416,2
-3.1497,-1.9958,2
2.9085,-0.86087,2
1.7931,4.0558,3
-1.0907,1.4558,2
1.2763,1.7172,2
2.6475,-2.2426,2
0.51952,1.5792,2
0.93707,2.3586,2
-0.65707,3.2661,2
1.8068,0.57705,2
-3.4031,0.0056176,2
2.5782,3.9484,3
0.84293,-0.90469,2
-0.69633,-1.0869,2
3.0903,-1.061,2
-0.49585,-1.3029,2
2.2387,-1.8999,2
-1.6083,-1.5144,2
-2.7092,0.71949,2
-2.6527,3.6885,2
0.15548,-0.56887,3
2.094,2.67,2
-1.505,-2.8671,2
-0.87899,1.3855,2
-0.17118,1.1946,2
-1.9756,-2.252,2
-0.35082,-2.0996,2
-3.4345,-1.6933,2
-1.9765,-2.6642,2
-3.5494,-0.42387,2
0.84038,-5.8804,2
1.9864,4.9441,3
-3.4261,-1.8775,1
-1.2862,1.55,3
-0.044048,3.0565,2
0.39057,-0.75192,2
2.6945,-0.033411,3
-1.4668,1.5562,2
-3.8995,-3.7687,1
-3.0071,-4.3424,1
-1.1228,1.4399,2
-3.2665,0.34095,2
-5.4503,-4.0033,2
6.0869,3.172,2
0.74128,-1.6775,2
1.2432,0.40003,2
-1.4288,2.1317,2
1.1518,0.61164,3
-3.9637,-0.18397,2
-1.5437,1.6934,2
1.8475,-2.5057,2
2.8762,3.4649,2
4.6329,-0.32935,3
-2.7579,2.9565,2
2.2207,-0.78273,2
-2.2019,0.13246,2
-0.24355,-0.072803,2
-2.5774,-2.5783,2
2.9297,2.5821,2
1.8516,-1.4198,2
-0.62867,1.2298,2
0.79138,-1.4846,2
-0.78933,-1.5069,2
-2.6412,-0.1668,2
-1.7984,2.6589,2
2.6926,-0.72442,2
-1.978,1.7013,2
-1.6065,3.8697,2
4.1393,1.9455,3
0.68298,1.8391,3
-1.7184,-0.45422,2
1.0689,0.13495,2
-0.31314,1.737,2
0.94767,0.019599,2
1.8335,1.5249,2
-2.6617,-1.3489,2
1.3577,2.787,1
0.96608,-2.6783,2
-2.2284,-2.6736,2
2.1511,1.7403,2
0.4903,0.41784,2
-4.825,1.2238,2
-0.48329,-1.8521,2
1.2715,-0.48516,2
2.4162,-1.2178,2
-1.2247,-3.0609,2
-0.57829,3.1952,2
-2.2715,1.5101,2
-2.2585,-3.828,1
-1.8162,0.45543,2
0.073365,-1.7725,1
-2.0949,1.098,2
-2.607,1.1911,2
0.88409,0.62893,2
-2.2436,0.94183,2
4.0915,-1.3585,2
3.8954,-3.6153,2
0.75478,1.2312,1
2.3988,0.7713,2
-3.235,0.27497,2
2.9848,1.1254,2
1.6355,-1.1082,3
1.8972,0.00066943,1
-0.04023,0.66509,1
-0.57509,0.99408,1
3.7855,0.92331,2
0.24123,1.3485,2
-0.19269,4.8196,2
-1.0293,-1.85,1
4.6793,0.62394,2
0.70301,0.84112,1
-0.32569,0.3494,2
0.67464,1.8466,2
1.1309,-3.2749,2
-4.3921,-3.3438,2
-2.8837,-0.090122,2
0.24477,-0.21722,2
0.82762,-4.2214,2
-3.4561,-0.87889,1
1.8533,3.0247,2
-0.33483,-0.71001,2
-2.8235,-0.98257,1
-0.69585,-2.1963,2
-4.9599,1.3038,2
-1.6436,0.68049,1
-0.029257,0.92605,2
-1.3803,1.3453,2
1.7539,1.2909,2
-0.98567,-2.0661,2
4.0917,0.26862,2
0.36593,3.8112,3
2.8378,3.0277,2
-3.0803,-0.71742,2
3.2318,0.07191,2
0.77894,-0.3861,2
0.052335,0.49423,2
3.9273,-0.7222,2
0.079748,-2.4925,2
-2.8376,-4.9336,2
-0.16461,3.0922,1
3.4046,-0.4027,2
1.5994,-0.99433,2
2.0058,3.318,2
1.9193,-2.0875,2
0.82755,0.17036,2
5.1634,0.017433,2
0.74245,1.0656,2
-3.1831,-0.19445,2
0.80469,0.94036,2
4.5726,-3.8049,2
-1.8544,-6.2583,1
0.043625,-2.2857,2
-0.073397,1.2106,2
-0.084873,1.5585,2
1.2474,2.9427,2
-1.474,-0.86714,2
1.6071,-2.1579,3
2.0759,0.10261,2
-4.8642,-0.049857,2
1.4082,-0.85616,2
2.3407,-0.12929,2
-0.24735,0.057841,2
-0.82659,2.4197,2
-0.13823,-0.065901,1
-3.535,-2.8998,2
-3.1234,-3.0172,2
-2.7161,-0.80821,1
-2.8739,0.3215,2
-1.042,-0.19549,2
3.0873,0.16493,2
0.15026,2.1388,2
3.1588,-0.24699,2
1.2472,-1.9259,2
-0.88773,2.7176,2
0.30522,2.7232,2
0.31986,-1.5442,2
-1.3892,2.1535,2
-0.90336,1.6448,2
-1.5729,-1.9707,1
-0.52976,-1.4754,2
1.0321,-0.49054,2
2.9326,-2.7422,2
2.3292,4.8083,2
0.80895,2.9597,2
-0.78203,-0.82752,3
-0.35238,-1.6049,1
0.64427,1.6313,2
4.0347,-2.0695,2
-0.9672,3.0461,2
-1.5283,-2.3817,2
1.3252,-3.1837,2
1.2489,2.1009,2
-0.97781,-0.96409,1
5.7049,-1.6684,2
0.25761,-0.2691,2
2.7824,-0.31493,2
-1.6786,-2.9089,2
1.341,0.92105,2
0.054799,1.7896,3
3.2597,3.7892,2
-2.3593,-1.4751,2
-2.9002,2.9149,2
-1.4188,1.2708,2
-2.9927,-0.73157,2
-2.2509,-3.5514,2
-2.7887,2.0209,2
3.0362,-2.3871,3
-8.0665,-5.7491,1
1.7515,-1.8368,1
2.1539,-1.5501,2
2.9377,-1.3478,2
1.2975,-1.6896,1
0.86126,-0.4152,3
0.16884,-0.03957,1
2.1836,0.55104,2
-0.35866,0.16849,2
4.7643,1.8078,2
2.6906,-0.14025,2
-1.1185,-1.603,2
-0.8854,0.97566,2
2.7652,3.485,2
-1.3404,-3.9826,2
-1.1492,3.9181,2
-4.4616,0.075135,2
-0.40558,1.9274,2
1.0368,-3.9286,2
1.7536,0.63417,2
-0.096367,-1.3336,2
-0.37567,-2.3027,3
-1.1902,-1.9652,1
-1.9617,-1.585,2
-0.41645,-2.5379,1
2.6025,1.4697,2
2.6473,3.9749,2
-0.27489,-4.6525,2
-2.6567,-0.20674,2
-0.43115,1.9722,2
7.1115,2.1519,2
-1.7504,-1.8909,2
2.6324,2.3489,2
-0.40625,3.3173,2
3.588,2.6253,2
2.4189,-1.8086,2
0.93602,4.695,2
0.1527,3.3771,2
4.9505,-0.7572,2
-3.0044,-0.58227,2
-1.3363,-1.9653,1
2.2949,0.57485,2
-1.6014,0.045142,3
3.5477,-0.31886,2
-0.33469,-2.0586,2
1.6456,2.1743,3
3.0173,0.51089,2
-0.39793,-0.56452,1
2.3279,-0.9778,2
-4.1117,-0.57175,2
1.9135,0.35233,2
-2.5875,-0.17618,2
1.5444,-1.3724,2
-0.97774,-0.53447,2
-0.55845,3.2727,3
-0.27965,-1.5464,1
-0.65614,-1.6622,2
-0.83141,1.2351,2
1.0989,0.78073,2
5.3892,2.2794,2
-0.50214,3.1813,1
-2.4693,-1.523,2
-1.3867,-0.075778,2
-2.2168,4.4691,2
-1.9173,-3.7463,2
3.124,1.7653,3
-0.47627,2.1714,2
-1.4808,0.65965,3
-1.6219,0.96022,2
1.8975,1.7175,2
-3.3933,0.76584,2
-0.72571,2.0399,3
1.2677,2.5998,3
3.4223,-0.086623,2
2.3042,1.707,2
-1.0328,-2.2446,2
2.9767,3.0872,2
-0.042273,-1.1292,2
-4.373,-2.6174,2
-1.6699,-1.6095,2
1.7458,3.0476,2
-0.27098,1.8942,2
-3.5309,-0.36435,1
1.1163,0.76622,2
1.2264,-1.2552,2
2.432,3.1092,2
-1.8008,-0.35855,1
5.6266,4.8186,2
-0.096925,-1.194,2
-0.46533,-3.1397,2
-0.38479,-1.1617,2
0.10756,0.28962,2
0.32775,-2.9015,2
2.7436,5.2192,2
5.5311,4.0051,3
1.2662,-2.7033,2
0.083209,4.0711,2
-1.7127,-0.64491,2
-0.33053,-0.11713,1
-0.68607,-1.8974,2
-1.2098,-0.2244,2
0.57151,-4.2995,2
-2.2881,1.7334,2
0.14246,2.0687,2
2.7288,-3.0247,2
-1.6095,-0.95115,2
-0.39287,-0.50206,2
-7.3852,-3.4096,2
3.0299,5.2129,3
2.8713,-1.3591,2
-2.4358,-2.5697,2
-1.6992,-1.5273,2
0.53057,3.5206,1
2.0381,0.92218,2
1.8714,-5.2191,1
0.12249,-1.3247,2
2.4641,1.2783,1
-3.9617,-3.5794,2
-0.83128,-1.0162,2
-0.73361,0.083163,2
-2.3679,3.4903,2
4.3271,0.19747,2
0.31347,-2.531,2
3.9388,1.0188,2
2.029,4.0144,2
-1.1515,-1.4908,2
4.3781,2.0109,2
-1.0785,1.1535,2
-2.5892,-1.6842,2
6.1595,1.2943,2
0.6942,-0.021043,2
2.3807,-1.4687,2
3.9537,-2.5529,2
3.6358,-0.8117,2
1.4284,1.5121,2
1.3287,-0.10233,2
0.64671,-0.18588,2
0.73175,3.1704,2
0.045003,4.4257,3
2.4874,4.0357,3
-3.7506,-1.3257,2
1.6848,-2.2012,2
-1.7269,-2.286,2
2.325,-2.0065,2
0.70861,-1.1041,2
-3.171,-1.7675,2
0.095247,2.1758,2
-0.79453,-0.31084,2
-1.1213,0.98302,2
2.229,4.8679,3
-0.8621,-2.4549,2
2.1804,2.4739,2
0.24506,1.5862,1
-0.89051,1.2784,2
2.1066,2.24,2
-5.7416,-2.0814,1
-1.7962,-5.1341,2
-1.1952,2.5301,2
1.0153,2.8968,2
2.3208,0.18021,2
-1.0262,0.57352,2
5.4609,4.417,3
2.5723,3.3704,3
-1.3327,-0.94719,2
-2.334,-2.6216,2
0.72454,-0.84915,2
2.3309,-4.9614,2
-0.86406,2.5943,2
0.091622,3.7005,2
1.3165,-3.0957,2
-3.1523,1.1683,2
0.2489,0.9174,2
-0.1825,2.5643,2
-1.245,-4.3593,1
1.8176,-0.22726,3
-0.59397,-2.7932,2
0.94664,1.62,2
-4.922,-2.7627,2
-1.7025,-0.94019,2
-1.4478,-0.79398,2
0.41414,3.9242,2
-0.79148,0.91482,1
-1.1973,0.81632,2
-1.9613,-2.1112,2
-1.3822,1.1352,2
1.5875,1.0142,2
-1.6108,-1.9047,2
1.1102,-0.45084,2
-3.5963,0.22955,1
-0.15586,1.7351,2
-4.5771,-0.79803,2
-1.7212,2.3221,2
1.4941,4.1504,2
-0.12702,-0.99642,3
1.8455,1.1522,2
-0.18051,-0.54788,2
2.6582,-2.0411,2
0.75014,-0.26665,1
-1.414,-0.84084,2
1.6286,2.6974,2
0.11331,-0.92669,3
5.3994,3.5799,2
0.57582,1.1586,1
-1.8806,3.4911,2
0.59359,0.87005,2
-3.1929,1.561,2
0.89239,4.3626,2
-0.51271,-0.71732,2
-2.3481,-0.92409,2
-3.7114,-0.65207,2
-0.13573,2.5878,2
2.183,-6.7235e-05,1
2.032,0.73858,2
-2.3078,-1.3148,2
-1.2534,-0.09857,2
-1.1455,-1.7475,2
0.10994,2.1609,1
-0.51903,0.41097,2
-0.26353,1.2243,2
1.0208,1.8967,2
1.8386,1.3742,2
0.54297,-2.7456,2
1.5171,1.1574,3
-1.664,-1.3547,2
-2.0273,-3.6909,2
2.0453,-0.63362,2
0.41076,0.48586,2
0.72992,3.2186,2
-4.0648,0.59952,2
0.31026,0.41856,2
2.3267,-0.32683,3
0.27065,2.7312,2
3.4094,0.41545,2
0.080195,-2.3362,2
1.295,1.6943,3
-2.2704,-1.5285,2
-0.69663,0.65309,2
-1.3825,-3.3539,2
2.7193,-0.10668,1
1.9902,0.2809,2
-3.9964,-1.2081,2
1.1697,0.11622,2
2.2474,-0.96176,2
-2.0521,0.062814,2
-3.4445,-2.7155,1
-0.48263,1.6352,2
-0.25963,-1.989,1
-2.2885,-2.4911,1
3.9013,-0.23346,2
1.1043,-0.27063,2
-0.20772,-0.58548,2
3.341,-2.2895,2
-2.966,-1.7491,2
2.5452,3.054,2
0.010572,-0.49039,2
-2.4452,-3.2509,2
1.0584,-0.59958,2
-3.4456,-0.57885,2
0.51932,2.2116,2
-1.4527,-1.1134,2
-4.2526,2.4086,1
0.50441,1.6189,2
-2.1816,-1.0628,2
1.8478,5.0792,3
-3.5917,-4.1013,2
-2.5347,-3.2687,1
-2.1526,-3.8078,2
-2.0296,-0.43473,1
-2.3427,0.060307,1
1.2914,2.0692,2
0.15485,-3.1547,2
-1.3079,-1.5932,2
-0.82317,-2.8133,2
2.3421,0.2437,2
6.645,8.0239,3
-2.5957,1.1328,2
2.1681,-0.20556,2
2.1565,-1.1794,1
2.6615,1.3214,3
6.6155,1.8923,3
1.2835,-2.3179,2
-0.21045,0.050049,2
1.3842,2.6337,2
2.6336,0.67158,2
-0.17855,-0.13029,2
3.3434,1.0632,2
-1.215,1.5063,2
0.94359,2.3702,2
2.1703,-0.47666,2
-0.35092,1.1678,1
-3.9626,-1.1666,1
1.0632,-2.7665,3
-0.34773,-1.0341,2
-1.0032,0.31731,2
-3.4769,-0.57519,2
-1.3735,-1.9791,2
-1.0233,-3.8241,2
-1.1173,-1.5581,2
-1.3353,0.0034271,2
0.97432,-2.5851,2
-0.87086,-4.3609,2
-0.58412,-1.3176,2
2.4641,1.0619,2
2.6591,0.22931,3
-1.1188,5.2184,2
-4.3707,0.17411,2
0.52074,0.069155,2
4.0666,4.7926,2
-0.02762,3.0212,2
5.9827,-1.457,2
0.40174,-0.48755,3
2.7553,-4.6685,2
-3.6407,-4.6921,1
0.63367,0.73267,2
0.91752,0.45775,2
-0.77596,-1.3372,2
-1.0991,-1.9633,2
-0.61139,-2.1861,2
-0.63024,2.3032,3
1.0245,0.05065,2
0.091826,-1.3168,3
0.54215,-1.3446,2
-0.23911,0.55927,2
3.3395,3.2476,3
7.8631,-0.084212,2
-2.9348,0.11397,2
-1.8448,0.85873,2
-3.0555,-5.1662,2
0.77216,-1.6207,2
1.2586,-0.18207,2
0.070818,0.26193,2
-1.7967,0.3978,2
-1.6448,0.67833,2
2.798,-0.2259,2
4.3452,-0.56958,2
-1.6335,2.6259,2
-1.6601,0.97629,2
1.676,2.401,2
-0.76492,-2.1107,2
2.243,-1.6538,1
-3.5132,-1.4028,2
-1.4759,2.3001,2
0.88073,0.3841,2
0.19128,-1.6036,2
-0.32267,1.7701,2
5.529,5.2662,2
0.67403,3.7393,2
-0.085503,-2.8292,2
-2.7358,-1.8362,2
2.3801,0.14536,3
-1.5052,-0.47078,2
-2.4267,-1.2591,2
-1.3633,1.172,2
-3.5656,-1.9456,2
-1.8946,0.13985,3
0.52317,2.4696,2
1.1771,-2.8271,2
1.8304,-0.99909,2
-1.4744,-1.3464,3
-1.3788,1.0592,2
2.7434,0.86708,2
2.6941,0.37424,2
-0.91814,-0.81029,2
0.38389,-1.1342,2
-2.2156,3.2092,2
-3.6314,-2.5209,2
-0.045233,0.15143,2
0.70638,-2.677,2
0.066259,0.29207,2
-0.42947,2.6316,3
-1.725,-0.64852,1
-1.2217,-1.838,2
-0.69735,-1.9872,2
0.65154,0.99788,2
1.6471,-3.0084,1
-2.233,-0.47683,2
0.83836,4.0833,2
3.5019,-0.37572,2
-0.23117,-6.0355,2
6.0373,1.5658,2
2.7864,1.6834,3
2.4471,1.2554,2
1.3882,-2.5998,2
3.1416,4.11,2
0.032429,2.5361,2
-4.0242,-1.4075,2
-0.14384,0.8438,3
3.5083,-0.47729,2
-1.7206,-0.56058,2
1.0137,-0.015192,2
3.0737,0.35272,3
-0.29148,-0.24764,3
-1.5409,-0.49971,2
-2.033,2.8041,2
-0.32823,2.1166,2
-1.4908,2.5935,2
0.619,-0.65883,2
-0.22575,-0.72765,2
0.43505,0.64922,2
-1.4018,1.4958,2
1.958,-2.692,2
2.8522,-0.80295,3
4.8704,0.42506,3
-1.925,-1.5468,2
-5.3181,-0.018566,2
4.248,-3.5601,3
2.7248,1.8837,2
-1.1091,3.0752,2
-0.81469,1.2382,2
-2.7655,3.0156,2
0.93706,-0.32733,3
3.2661,-0.48238,2
-3.8562,-0.85697,1
2.5303,2.4631,2
-0.2635,1.3266,2
0.15265,1.1132,2
-0.45765,1.0195,2
-1.6978,0.91618,1
-0.7801,-5.0694,2
0.67577,-2.6865,2
1.8133,0.31397,2
1.7676,-0.62071,2
3.5588,1.3959,3
-0.68876,-3.6874,2
-0.65525,-3.6917,2
3.6136,1.4586,2
2.3763,0.60369,2
-0.40014,-3.4373,1
1.7099,1.3253,2
1.1205,-1.1256,2
0.53439,-1.1512,2
2.4823,-0.54327,2
0.51128,3.0481,2
-1.8519,0.12653,2
1.9978,-2.4931,3
0.04283,4.8482,2
1.0424,2.9346,3
3.9843,-1.0871,2
-1.1695,-0.54621,2
2.52,-2.3734,2
-2.6701,0.61523,2
2.3973,-0.87039,2
1.1724,2.1473,2
-0.64742,-2.956,2
-0.45261,-0.27853,1
-1.2931,-0.31663,2
0.89322,2.4694,2
1.1929,2.1481,2
-1.702,0.33515,2
-2.6698,0.60898,2
-1.847,-2.0661,1
1.8668,3.7365,2
0.074043,-5.3502,2
3.6652,-1.1652,3
3.331,-2.714,2
0.4389,1.3887,2
-2.798,-1.0083,2
0.33755,0.29372,2
-1.8458,1.4316,2
-1.1341,0.35757,2
-0.060294,-3.6563,1
0.76879,5.2029,3
-4.1336,-0.73439,2
2.5183,-2.1299,2
-0.6538,-1.7388,1
0.5892,2.1325,2
1.2237,5.7323,2
-1.7876,-0.13741,2
-5.895,-3.8032,2
2.3518,0.15127,3
1.0413,-2.686,2
-0.4259,1.6812,2
0.99564,-4.2713,2
-0.25557,-0.68485,2
2.2189,1.82,2
-0.21052,3.7361,3
-0.95306,-0.15339,2
4.1798,0.13222,2
3.9062,-2.226,2
-2.0367,0.064502,2
-5.2509,-4.6644,2
1.5254,0.80474,2
-0.87223,-1.469,1
-1.993,-2.7528,2
1.4394,4.053,3
1.4559,-3.9802,2
2.6175,-0.56173,3
-0.55982,0.73648,2
1.384,-3.4995,2
0.76252,-2.6379,2
7.7262,3.2107,3
2.4112,-1.2895,2
-0.24306,-5.2763,2
3.3123,0.56985,2
1.6229,3.2356,2
0.9092,4.4875,2
-1.2996,0.61558,2
-0.72149,2.0325,2
1.3757,-0.003764,2
4.1715,1.6317,3
1.4889,2.8173,2
-0.094669,2.5212,3
-1.7764,0.91052,2
0.55043,2.0655,2
-0.61147,1.3446,2
0.59254,0.12618,2
0.65909,-2.461,2
-1.0031,-0.33834,2
2.2054,-0.39768,2
0.69449,-0.22797,2
0.019566,-1.5775,2
0.7525,3.1181,3
1.6725,0.36658,2
1.529,-0.51162,2
-1.5752,-5.2896,2
0.82239,2.9049,2
-0.099766,-0.75674,2
-1.5072,1.8229,2
-2.2924,0.25486,2
-0.056004,2.5386,2
-1.044,1.1835,2
0.59722,-0.22035,2
2.484,-0.003872,2
-1.5209,-0.82724,1
-2.9375,-2.721,2
-0.98029,-0.080009,2
-1.1565,-2.3374,2
0.36373,-2.6583,2
3.9024,-4.4112,2
-1.5687,-3.4907,2
-1.961,-5.0347,1
3.6277,2.018,2
-3.5305,-1.8443,2
2.2903,-1.1178,2
-4.2338,-1.0587,2
2.0212,6.0473,2
-0.059655,-0.69237,2
0.19484,3.964,2
-1.7251,-1.3178,2
2.4683,-0.11848,2
-1.6798,-0.96026,2
1.4198,5.0005,2
-2.0291,-1.7178,2
2.5175,0.24071,2
6.102,5.4796,3
-2.4874,-1.8733,2
1.8101,3.3046,3
-1.81,-0.028537,2
1.2115,-3.7329,2
-4.554,2.2789,3
-0.43177,-1.0311,2
1.3464,0.45843,2
1.0993,2.6872,2
-1.536,1.3395,2
0.73571,3.1228,2
1.8641,-2.9158,2
-4.5115,-1.9799,1
2.1288,0.49756,2
3.9058,3.4773,2
-0.74167,1.8043,2
3.7317,3.9879,2
-4.3624,-0.84619,1
-1.5783,2.2875,2
-0.34798,1.7476,1
0.99881,0.40318,1
3.1399,0.31143,2
-3.7841,-0.67363,2
-0.25005,1.1628,2
5.5612,3.0241,2
-1.6577,-0.057493,2
0.26543,-0.72558,2
3.764,1.3972,2
-2.1228,1.8211,2
1.0782,2.7749,2
-3.5887,0.52778,2
-2.4907,-5.2206,2
0.96981,0.92375,2
4.3334,0.34805,2
0.58123,-1.2752,2
0.35539,-2.5317,2
-4.8548,-4.687,2
1.9085,3.2634,2
-0.70055,-1.0817,2
-1.4723,-0.56032,1
-2.9938,-1.5557,2
1.0998,0.41948,3
-1.425,-0.94314,2
0.92729,-2.1659,2
-3.4319,-3.7963,1
4.5656,1.0345,3
-0.91612,4.8116,2
-1.4127,2.2614,1
-0.91438,3.0582,2
0.022433,0.34342,2
-1.9261,-1.6991,2
-1.4483,3.1756,2
1.4143,-1.2932,3
-1.2866,1.5424,2
-4.9954,2.8991,2
1.2619,0.84208,2
-0.62099,-1.2942,2
-5.4251,-3.9442,2
-1.3845,1.8077,2
0.21947,-1.4048,2
1.1302,1.8774,1
0.46867,-1.6454,2
-1.2543,-3.0712,1
-3.5461,0.73788,3
-2.3327,-2.409,2
2.7219,-0.54825,2
-2.9215,-0.32618,2
-1.0768,-1.5655,2
1.7492,2.049,3
-1.9748,-0.62094,2
3.1018,-0.1083,2
-0.35365,1.065,2
0.47906,1.8032,2
-1.6278,-1.5492,2
-3.8653,-0.82355,2
-0.71561,-3.7739,2
1.5499,-1.3301,2
4.8019,-2.7197,2
3.3722,1.3713,2
-0.9339,0.042422,2
-0.16082,3.4896,2
1.4571,-0.89198,2
0.20244,0.77843,1
-1.6151,-3.0595,2
-0.47749,-2.7207,2
0.57315,1.7044,2
4.2654,3.7348,3
2.3948,-2.2953,2
-3.2135,-4.6654,2
-0.50176,0.48293,2
-2.3132,-2.8473,1
-1.7838,-0.02258,2
-0.25205,0.64228,2
-0.62188,1.2246,2
-2.9064,1.4025,2
-1.0838,4.7402,2
-2.2427,0.6244,2
1.6128,3.636,2
-0.8371,-0.071143,2
-3.633,-1.5939,2
-0.072391,0.11969,2
6.484,3.973,2
2.8776,2.1803,2
1.1297,4.2874,3
-3.327,-1.1179,2
-2.802,-0.08333,3
0.23785,-3.1085,2
-0.51197,-0.21781,3
-0.89103,-0.0057351,2
-2.2011,0.90562,2
5.4412,2.5375,2
0.17511,-0.55333,2
0.90209,4.0244,2
0.56498,0.25771,2
-1.181,-0.17102,2
-4.076,-0.48658,2
-1.5691,-0.6228,1
2.3022,2.3801,3
3.8162,-1.3778,2
-1.3768,3.1878,2
-1.4207,-1.7216,2
-0.14032,-1.2651,2
0.2983,-0.44401,2
-0.70829,-0.97158,2
-0.90443,-1.0254,3
0.53366,-2.4459,2
-0.82646,-2.5621,1
4.2143,4.9415,3
-1.833,2.6333,2
2.565,-3.9021,2
0.54138,1.9116,2
-3.7139,-1.318,2
1.6366,0.50307,2
0.089875,-2.0403,2
-0.54505,1.5041,2
-4.4732,-2.079,1
-1.0972,2.3019,2
0.066802,1.0394,1
-2.7631,-1.7898,2
-0.24737,0.87764,2
2.9613,1.9663,3
-0.60824,0.069553,2
2.4248,3.9035,3
2.8735,-1.8569,2
-2.2194,0.52957,2
-0.7343,-2.3853,2
-0.61991,-2.7454,2
3.0056,5.2581,2
-1.2309,2.6709,2
-4.4621,-2.2549,2
5.2157,2.9527,2
-0.15356,-2.2083,2
-0.563,-0.94359,2
-4.559,-2.1325,2
1.2535,0.6111,2
3.9657,-0.22995,2
-1.3828,-0.13028,2
-0.016473,-0.86825,2
1.7689,0.037325,3
-0.35569,-6.3586,2
-1.4473,-2.9542,2
-0.73428,-2.4502,2
2.5395,-2.1789,2
2.4907,1.3335,2
-1.1015,-2.5316,2
1.0456,2.0152,2
-1.1822,-1.5299,1
-1.6837,-0.76246,2
-1.5036,-1.8206,2
2.9303,-1.435,2
-2.2121,2.6519,2
1.7538,2.5306,2
1.9844,-1.5412,2
0.463,-3.514,2
-0.72407,-2.7543,2
4.5706,-1.8822,2
1.5242,5.0803,3
1.1433,0.75564,2
-1.0446,0.47619,2
2.109,-0.21414,3
-1.3811,-1.5288,2
0.41828,0.039777,2
1.1827,1.3925,3
-2.1956,1.8792,2
-3.2746,2.6311,2
4.1368,-0.82263,2
-5.477,-1.5703,1
-3.1554,1.7697,2
-2.326,-0.15379,2
-1.0547,-0.40513,2
-2.8569,-4.509,1
0.048251,-0.048807,2
2.1225,4.5046,3
4.4307,1.078,2
-1.4052,0.037472,2
-1.3893,0.16182,2
5.8121,4.8522,2
3.1612,-3.5382,2
0.47084,1.2184,1
-1.5184,-3.5729,2
-0.90815,-0.2771,2
0.45949,1.5176,2
-4.1661,-1.8389,2
1.9976,-2.5958,2
0.02186,4.4172,2
-4.3703,-2.8017,2
1.2914,1.9956,2
-1.3827,-1.9411,2
2.889,-2.4189,3
2.9883,1.6489,2
1.0462,-2.5829,2
1.8536,-0.73961,2
5.2651,0.40024,2
-3.3902,-3.2252,2
0.72238,1.6766,2
0.072471,1.3115,3
3.448,-0.88565,1
0.88062,0.48734,2
-2.6031,-5.4517,2
-0.29399,-3.9252,2
-0.51649,2.216,3
0.97857,-1.6132,2
-1.6156,4.0887,1
3.0838,-1.6638,2
0.58054,-4.691,2
-4.2163,1.771,2
2.2343,0.55033,2
0.87487,1.1636,2
-2.2166,3,3
-0.0043673,0.09692,2
1.8466,-2.3205,2
-3.2188,-0.25788,2
0.26103,2.9923,2
3.377,0.68945,2
0.095517,-3.1994,2
1.6819,3.2134,2
-2.6512,-2.0469,2
0.24581,0.77495,3
-3.5663,-4.009,2
3.341,-2.0763,1
-0.06056,-2.3364,2
0.79042,0.89789,3
3.0787,0.56526,2
1.2916,5.8832,3
-0.356,-1.2185,2
-2.5821,1.2309,2
3.2526,0.61468,2
0.14735,-3.4933,1
2.2167,0.52366,2
1.9578,-0.22646,2
-3.763,1.8596,2
2.2551,-1.7496,2
-1.6912,1.768,2
-2.3101,-3.1674,2
1.6204,2.3789,2
-0.74715,-2.3978,2
-1.4772,2.8561,1
1.946,0.1036,2
-1.1646,3.0836,2
-0.33039,0.19467,2
-1.159,-3.8649,2
2.0111,-3.5223,2
-1.8029,0.55039,3
0.64256,-1.4202,2
-3.3817,-3.1434,2
-1.4551,0.096385,2
1.3777,3.8313,2
-0.51715,-2.7051,2
2.2011,3.1158,3
-0.74918,0.27344,3
-0.50885,2.8821,3
2.273,1.3342,2
0.11405,1.3397,2
1.3386,0.50545,2
3.8938,-3.0064,2
2.7066,2.8999,3
2.7869,-0.27765,1
0.35546,1.6289,2
-0.98003,3.6069,2
0.13994,4.0739,2
1.2397,-2.3598,1
0.56251,4.669,2
-1.3592,-2.839,1
-2.2643,-0.17677,2
1.0704,-2.2603,2
-1.5881,-1.6496,2
4.1256,-0.51024,3
-0.70372,3.0925,2
2.0586,3.4496,2
-2.5069,0.6919,2
-3.5266,4.3016,3
-1.1391,-2.9385,2
-1.0969,-2.3215,2
1.0193,-0.17636,2
-4.0798,-3.0434,1
3.6054,0.41438,3
0.51665,2.6632,2
0.32402,-1.2454,2
-1.0032,1.9089,2
0.58969,2.7352,2
1.255,4.3559,3
2.7597,0.69659,3
-0.27644,-0.8077,2
4.0317,1.234,2
-7.5429,-4.1386,1
-0.37409,-2.8399,2
0.57069,8.2381,2
-4.2905,-3.8366,2
1.7,5.0167,2
-0.4961,-2.6984,2
0.86446,-2.848,2
2.1686,1.8984,2
1.7418,4.9899,3
-2.0402,-2.8872,1
-2.0147,0.61551,2
1.1137,0.47242,2
-0.12444,2.2679,2
1.3661,-1.9834,3
-0.41587,-0.62784,3
1.0467,-1.4663,2
-1.4119,0.29948,2
0.73259,1.4362,2
-2.0802,-0.98805,1
-2.0133,3.5492,2
-3.5971,0.80326,1
3.9598,3.3336,3
1.2436,0.41687,2
-0.90727,0.79202,2
5.4791,0.98197,2
0.95067,-3.0534,2
3.3948,-1.9708,2
2.5393,2.9662,2
1.1247,-4.2124,2
-2.3038,-3.2287,2
-1.5967,0.64668,3
0.89823,-0.58684,2
-4.6482,0.79963,2
-1.0686,-1.975,2
-1.7838,1.3814,2
2.7278,1.6884,2
-1.9171,-2.7201,2
1.991,-1.776,2
-0.5235,-6.8334,2
1.3478,-0.78563,2
0.94322,0.21486,1
2.9006,-1.0473,2
-0.23179,-4.2806,2
-2.9244,-5.3285,2
-2.8111,1.2146,2
2.5768,-1.4427,1
4.0375,-0.61674,3
-2.3156,-2.4763,2
-0.37092,0.43103,2
-1.5733,-3.5591,3
-0.14317,-2.0499,2
-0.20831,3.3078,2
0.50272,7.0655,3
0.12162,4.705,2
-0.75692,-0.099066,2
-2.0387,2.7311,2
0.10848,2.5514,2
2.5666,-0.025917,1
2.6814,1.1651,3
-2.5742,-1.6226,2
-0.44806,-1.8237,2
1.1502,3.1172,2
-2.1067,0.10978,2
2.0052,0.82177,2
3.6244,1.9404,2
-2.4577,-2.9086,2
-1.2298,-0.098684,2
1.404,2.106,2
-0.43798,-0.92761,1
0.62196,-0.4116,2
1.279,4.0687,2
-2.7357,-4.7422,2
-1.0475,0.46809,2
-1.3268,0.071372,2
1.1927,-4.0555,2
-1.68,-3.7823,2
2.3936,3.1991,2
-3.8531,-6.2985,2
2.5522,2.2353,3
0.71956,1.1512,2
-1.1156,1.207,3
-1.0759,1.7095,2
-0.52949,5.4791,2
-4.3775,-0.25633,2
-0.5376,-0.83106,2
-3.5593,-4.4286,2
-2.7422,2.1819,2
1.1752,3.0908,2
1.7829,-0.56342,2
-2.8612,-3.0682,2
-2.6336,-1.2682,2
0.061232,-1.2943,2
-1.8102,4.6108,3
2.8772,0.62449,2
-0.54365,-2.2892,2
1.8647,-0.37915,2
5.3573,2.6117,2
-3.1497,-2.0014,1
1.0469,2.0021,2
-0.26558,-0.62185,2
2.0993,0.38617,2
0.19485,-1.4309,2
-0.61223,0.44634,1
-1.6715,0.86525,2
-2.0366,-1.4624,2
-6.0535,1.9685,2
0.96343,-0.21213,1
-0.46713,-0.35467,2
3.1741,3.4622,3
-0.58838,0.34913,2
0.95769,1.217,2
-1.1564,-2.3172,2
-0.98462,0.90138,1
3.0484,-2.0862,1
1.7626,2.6839,2
-2.889,0.25961,2
3.629,2.0363,2
-1.4324,-3.1464,1
-2.4107,-2.954,2
1.2723,4.136,2
-0.46521,0.63421,2
1.5742,-1.8409,2
-0.2398,5.1927,2
-0.069363,-2.74,1
0.1591,-2.4205,2
2.8211,4.3532,2
0.94066,2.5457,2
-0.17266,0.038572,2
-3.8374,-3.2556,2
-2.8034,-0.995,2
-2.2901,-2.2325,2
0.66802,-2.0734,2
-1.9071,-1.549,2
1.5509,-1.1845,3
3.1477,-2.6552,2
3.5236,0.73749,2
1.6569,-1.1325,2
1.1787,2.3178,3
-4.2709,-4.0911,2
-3.3341,2.7195,2
-0.75916,-1.4457,2
1.8937,0.01734,3
0.29045,0.15742,3
-3.4573,-3.194,2
4.4302,-0.76013,2
-2.3571,1.931,2
2.2091,4.0375,2
1.8957,0.50638,2
-0.70897,-0.3361,2
-0.48497,-2.9237,2
2.0571,2.1945,2
-1.9313,1.5924,2
-2.7301,-4.2731,2
0.059746,-1.9485,2
-0.28917,-0.14437,2
1.9716,-0.50275,2
2.0663,0.83394,1
-2.5115,2.4825,2
3.1483,-1.9425,2
-0.611,1.2518,2
1.49,-1.1986,1
-4.4636,-2.8396,2
4.6763,-1.5118,2
-1.1267,-0.444,2
2.011,-0.13613,2
1.8212,1.0349,2
4.0911,0.39271,2
1.4602,5.0442,2
1.2411,0.48667,3
-1.942,-2.7244,2
-3.5453,-2.8307,2
-1.2052,5.543,2
1.872,0.72061,2
0.79685,1.2238,2
-3.1805,2.6751,2
0.56645,-2.4597,2
1.4073,0.29797,2
1.6502,2.3594,2
1.9528,5.6272,2
-1.4398,-1.0461,1
-1.6814,0.56308,3
-1.3737,-1.4978,2
-1.5722,0.37423,2
-3.9947,-0.32094,2
0.98074,1.2004,3
-2.5835,-0.5226,2
4.3456,1.1079,3
-2.4823,0.99051,2
0.026193,0.79242,2
4.9922,1.7137,3
0.72129,4.0038,2
-3.4285,-3.3554,2
-2.376,-0.84254,2
0.69073,-1.5841,2
-2.6573,1.496,2
-2.4527,-1.4893,2
2.0834,-1.4772,2
-1.4588,-3.6094,2
-1.2791,-0.077148,2
-3.3433,-1.2128,2
-1.1126,0.41248,2
3.658,-0.33524,2
-1.7054,-1.8788,2
0.85768,2.7676,3
0.93295,-3.4684,1
-1.3804,-0.39143,2
-1.4382,4.1381,2
-1.3179,-5.3442,1
-3.4577,-4.9701,1
0.053365,1.3356,2
-0.49844,-0.12996,1
2.2383,-3.5892,2
3.7349,0.66126,2
-5.858,-2.7838,1
-1.3543,-2.8966,2
2.3811,-2.217,2
0.98641,-1.3439,2
-6.0141,-6.6347,1
-2.1824,-1.1278,1
-1.6112,-0.52817,2
0.24739,1.2607,2
-0.021523,-0.34287,2
1.9275,2.8996,2
-3.116,-0.54191,2
-0.65307,2.0575,2
-0.015855,-1.2592,2
1.1574,-0.48763,2
-1.1636,1.8699,2
-0.21486,3.6291,2
1.7471,-1.1289,2
-1.8642,-1.004,3
3.283,0.65319,2
0.28141,1.5462,2
-1.371,-1.1223,3
1.6458,3.1733,2
1.407,0.18585,1
2.2356,-0.67927,2
0.69481,-1.1308,2
0.94446,-2.3023,2
-0.079931,1.7463,2
-4.8815,0.45955,1
0.98368,-2.2589,2
-0.83968,3.5505,1
3.5607,3.2925,3
0.85866,1.7969,2
-2.1403,-2.5749,1
-0.21551,1.5907,3
2.6944,0.81032,2
1.9274,4.445,2
2.3393,4.008,2
-1.8811,-4.2435,2
2.5985,2.5164,2
-3.6361,-2.7072,1
1.7943,2.3725,3
2.7736,-0.15195,3
1.2957,-1.2119,3
2.351,1.6674,2
-0.53938,-1.622,2
0.81865,1.4633,2
0.79977,2.5583,2
-2.7676,-3.1921,1
0.34956,-0.31999,2
-1.0898,-2.7743,2
1.1186,2.6535,2
0.16415,-1.6812,2
-0.88585,-0.38301,2
2.2539,-2.9521,2
0.055329,-1.9007,2
0.65309,-0.80747,2
-2.7955,1.4105,2
3.1887,1.5526,2
0.84149,-1.2057,2
-0.22264,-3.7848,2
-0.67407,1.1583,2
1.2528,-1.8127,2
0.58856,-2.4744,2
2.4381,0.088173,1
-0.77795,0.43079,2
1.6735,2.8573,1
0.44332,-0.84078,2
-1.3003,0.66952,2
-1.2444,-0.89668,2
1.9262,-2.0433,2
-0.37634,-1.9291,2
0.75429,0.52168,2
-2.6045,-1.6491,1
-0.19129,0.020908,2
-3.9681,-1.1863,2
0.1956,-0.40697,1
1.614,-3.1077,2
-0.93556,0.010067,3
4.5707,4.8985,2
0.096802,3.0623,2
0.050988,-1.0078,2
2.4396,-0.33415,3
3.0679,1.6141,2
-1.3091,-1.006,2
2.2898,4.4346,2
-2.9626,-2.429,2
-0.83384,3.6629,2
-1.8836,-0.073931,2
1.8379,2.8046,2
0.34922,0.59559,3
1.9424,-1.3618,2
-0.77506,-2.6203,2
0.41344,-0.6929,2
-1.2858,-2.1148,1
-0.30947,0.80331,2
0.39836,-2.2342,2
-0.85696,-1.4969,2
1.522,-0.85149,2
2.5232,-0.69318,2
0.66707,-0.084969,2
1.3061,3.5254,3
-1.3418,2.8128,3
-1.8922,0.12196,3
-0.38648,-1.7485,2
3.12,2.3138,2
-1.1744,1.4843,2
-1.4999,-1.9123,2
-3.1181,-1.3429,2
-1.809,7.776,2
-5.1607,-0.1206,2
-1.17,-0.017866,2
-0.046345,-0.59157,2
0.0062633,0.81212,2
4.3047,4.2879,2
-1.441,-3.27,2
-0.77829,-4.5351,2
3.1238,0.040393,2
-2.6304,1.691,2
0.14752,1.3352,3
-0.3392,0.61005,2
0.085984,-2.8218,1
3.6809,-0.24733,1
0.70522,-0.60526,2
-0.099847,-1.5062,2
1.9539,-2.331,3
0.67335,-0.82738,2
0.19466,-0.4025,3
-3.1233,-0.18816,2
-0.33847,-0.16361,2
2.6996,2.9324,2
0.29781,0.34088,2
1.8201,1.7741,2
1.825,5.4302,2
-1.6248,1.8928,2
-0.46215,-1.5157,2
1.4758,3.2812,2
-0.44601,1.7546,2
-2.8676,1.7026,2
-2.0008,-3.6996,1
-0.18889,-3.5709,2
0.79291,1.3297,2
-1.3242,-3.0352,2
3.4829,1.6688,3
0.37524,1.8538,2
-0.44647,0.31819,2
-1.378,2.2624,2
-5.2035,-2.9393,2
-1.9202,-4.1767,1
-2.2787,-2.4973,1
-1.5343,-0.61479,2
4.6562,2.1009,2
-3.1346,-0.32393,2
-1.6943,-1.8822,2
3.8349,-0.22734,2
-0.36751,0.049408,2
-1.9052,2.3292,2
-1.9956,5.4749,2
-1.7087,-0.1147,2
-1.1565,-5.7475,2
5.7946,1.0588,2
0.61833,-3.0398,2
0.89973,-0.36968,2
1.8172,3.7564,3
-2.2923,2.5161,3
-0.49027,-2.1164,2
-3.2875,-3.6084,2
1.988,0.43063,2
0.094537,-0.86876,2
5.3003,1.5571,3
-1.8579,-2.3206,2
2.5398,0.73208,2
0.44911,-0.65876,2
-2.1495,3.699,2
3.7681,-3.5051,2
4.8722,4.9396,3
0.081337,0.25367,2
1.5688,1.7835,2
-1.2245,1.228,2
-1.3598,-3.6031,1
-6.7452,-1.43,1
-2.284,-1.1898,1
-1.8612,1.2871,2
-1.5708,1.6094,1
0.67583,-0.54427,2
-1.8448,1.1635,2
0.76351,0.79928,2
0.63607,1.1599,2
-1.7651,-0.4154,3
-0.25431,2.6442,1
0.51189,3.2808,1
-2.1686,2.5928,2
-0.22132,-1.6882,2
-4.3197,-1.7486,2
-7.4031,-3.141,1
0.87441,-1.1329,2
-1.4092,-2.5578,1
3.0867,0.44707,2
1.1503,1.6241,2
2.036,1.9327,2
1.1157,2.7377,2
0.13991,-5.5429,2
1.7879,0.83493,2
2.6483,3.4496,2
3.8413,2.1848,2
-1.2823,0.68459,1
0.089445,-1.3265,2
0.71356,2.7618,2
3.3789,0.60873,2
0.79763,1.1828,2
-0.23031,3.6354,2
-4.3973,-1.52,2
2.9044,-3.8416,2
-2.7664,-1.3488,2
3.908,-1.5663,2
3.7154,0.30995,2
2.4471,1.3375,3
-0.25429,2.5997,2
-3.113,-1.7023,2
-1.3188,1.3899,1
0.94786,-0.80256,2
3.2008,-0.29631,3
0.55484,2.6579,2
4.2393,2.4651,2
1.4788,0.12813,2
-0.65072,-1.2091,2
1.61,0.9052,2
0.71863,0.84197,2
1.694,-2.619,2
3.8606,1.8576,2
-3.3652,-3.4796,2
0.38285,0.35981,3
2.9095,-0.023148,2
2.1878,0.85356,2
-0.558,-4.2396,2
1.8672,1.3856,2
0.20422,-2.9567,2
-2.1377,-2.9052,1
-1.4587,-1.4139,1
-1.169,-2.1935,2
0.11436,-0.26545,2
-1.5591,1.5561,2
-2.4037,-4.3849,2
0.45319,-0.49337,2
1.4008,-0.87745,2
0.66987,0.1568,3
1.5304,3.7817,2
-0.17005,-3.6101,2
0.23584,0.77949,2
-2.9359,1.9539,2
4.243,5.7756,3
0.37208,0.76276,2
0.95875,0.87014,2
3.2689,0.30864,2
-0.80803,-0.26207,2
0.30134,0.68536,2
0.89236,2.8335,2
0.89145,-4.7009,2
3.0025,4.715,3
1.8668,3.0952,2
-0.97798,0.92955,3
0.56852,-1.0923,2
-0.36607,0.79731,3
-1.3882,0.32437,2
8.5988,6.039,2
2.2991,0.86111,2
2.289,-0.95617,2
2.9743,1.5427,3
0.30453,2.9226,2
-0.61265,-1.3487,2
2.5431,0.23436,2
1.3167,0.094662,2
4.9578,2.0396,2
-2.9793,-1.1701,2
-0.61596,2.5693,3
-2.1734,-1.7041,2
-2.8485,1.6636,2
0.7248,-3.3092,1
3.4106,2.2741,2
-4.0543,-1.4913,2
-1.4175,-4.0352,2
5.1528,-2.5474,2
2.733,0.59405,2
4.2486,-0.23509,2
0.07318,-2.5437,2
-4.1227,-2.5618,1
0.23925,-1.0972,3
1.1834,0.83702,2
-1.4428,2.0815,3
0.41975,1.1167,2
-3.4094,-1.9504,2
-2.1268,3.666,2
2.4734,1.7631,2
-4.0819,-4.6186,1
-0.90018,0.7506,2
-0.25727,3.3087,2
-2.7653,1.543,2
1.2418,1.4512,2
1.1821,-4.8645,2
-2.0462,1.6135,2
0.59849,1.7338,2
-2.1085,3.7785,2
-3.3686,-2.1864,2
4.0983,3.2238,3
-0.96012,0.12862,2
0.40565,-2.1666,2
1.3242,1.184,2
1.2595,1.9935,2
-2.8002,-3.8663,1
-3.8716,2.7074,2
-0.74914,-2.9569,2
0.13616,5.1009,2
-1.5014,-3.5229,1
0.8021,2.0574,2
0.56642,-2.194,2
-1.3478,-2.4225,2
4.6555,-1.1332,2
0.61745,-1.3539,3
2.6954,-3.7136,2
2.3251,-0.69671,1
6.2195,1.6637,3
-0.87144,-1.4558,2
2.8608,1.9532,2
1.2439,1.5029,2
-0.40668,-1.1547,2
-1.0146,-1.0895,1
0.080373,1.6015,2
-4.9815,1.0984,1
3.8041,0.30879,2
-1.0572,0.72663,2
-0.175,-4.5622,2
3.5093,0.37493,2
-1.2887,2.8536,2
-1.0884,-0.67239,2
-0.46723,2.4185,2
0.44698,-1.03,2
-1.4275,1.185,3
1.5849,-1.1263,2
2.3317,-0.35059,2
2.7351,-1.3055,3
0.89409,1.5748,2
-2.2475,1.6006,2
0.80145,-1.3267,2
-3.4601,-0.10636,2
-3.9452,-3.2931,2
-0.11261,3.2061,2
-0.35581,1.2936,2
-2.1021,-0.041861,2
3.8305,3.2945,2
-0.21616,0.8092,2
1.0788,4.5087,2
-2.1395,4.6201,2
-0.13864,4.4789,2
-2.748,0.35689,3
0.012695,-3.5543,1
1.7039,0.47155,2
4.4198,0.56864,2
-1.0366,-1.609,3
-0.72848,3.3304,2
0.46714,2.681,2
-1.0045,1.7592,2
2.8618,4.4246,2
2.3388,-0.49923,2
2.471,-1.0211,2
-3.5072,0.20153,3
-1.9794,-1.587,2
3.271,3.7158,2
2.2213,6.9022,2
-5.5993,-0.73952,2
-2.6881,3.6299,2
-5.1813,-3.2153,3
-2.2738,-1.5489,1
1.2734,1.4188,2
-0.67232,-2.0542,2
-0.59678,-1.4503,2
-6.8111,0.17196,2
-1.3769,0.61304,2
0.41671,-1.3129,2
0.062819,-0.81342,2
0.14295,0.46047,3
1.1283,-2.2183,2
-1.4603,0.41952,2
3.2272,3.1532,2
1.5467,3.3622,2
-0.14652,-0.36446,2
-1.8244,-5.1839,2
3.2607,4.2729,3
1.7083,-0.30099,2
-0.20643,2.7297,3
5.1494,-1.7558,2
2.9251,1.5427,2
1.0468,0.87207,2
-1.7982,-0.63472,2
-0.6977,-3.9685,1
2.8664,-0.74688,2
4.6806,0.76515,2
2.341,1.5641,2
-1.7801,0.52569,2
1.3121,1.5298,2
0.5514,-2.061,2
-0.0061846,2.472,2
-4.7272,1.1712,1
-1.2371,-2.3615,2
2.5725,-1.1007,2
3.6572,3.1517,2
0.053776,1.6372,2
-1.1098,0.75136,2
0.99486,-0.64561,2
0.28124,4.6729,2
-0.92761,1.6348,2
-1.9517,-2.9692,2
-0.43083,2.7116,2
-2.7162,-0.018162,2
-4.2443,0.44627,2
1.2036,1.6261,2
0.10733,-4.0778,2
-0.0022437,1.1337,2
3.1963,5.0534,2
1.0365,1.8405,2
1.4143,1.3421,2
0.10156,-1.4826,2
-0.34992,-0.61992,2
-2.8465,-2.6875,2
-0.34025,-5.0641,2
-1.9515,-3.3921,2
0.43901,2.3242,2
-0.69803,-0.55334,3
-3.9579,-2.0189,2
0.090077,-0.22718,2
-1.4066,-1.1203,1
0.9818,-0.52026,3
-0.48582,2.3004,2
-1.6113,1.4304,3
2.6452,2.3859,2
-0.37478,0.87713,2
0.78919,1.4193,2
-2.7706,0.6587,2
0.85401,4.1147,2
0.16509,-4.5028,3
-4.2179,-2.0924,2
-0.2802,1.0337,3
-1.4275,-1.1679,2
1.0145,-0.96382,2
1.1719,3.2285,1
5.4443,1.5208,2
0.93791,-1.8443,2
-0.12592,-2.4498,2
-3.3752,0.93977,1
1.661,-2.5065,2
1.8265,-2.3108,2
0.24499,-0.18071,2
0.25232,2.767,2
-1.9748,0.48781,2
-3.0191,-1.7408,3
-0.81327,0.06603,2
-1.9471,0.85904,2
-2.5512,-2.5247,2
-1.3528,0.11491,2
-0.46835,3.1426,2
4.6679,0.41984,2
0.33077,1.7148,2
-0.051228,-2.1212,2
1.149,-2.2171,2
-1.5785,-4.2237,1
-5.9663,-3.4867,2
0.48227,1.1941,2
-1.5654,1.4721,2
-2.4873,-2.1723,2
-0.63137,-0.24069,2
-0.55986,-4.0207,2
0.13067,4.2501,2
0.99559,-1.7029,2
-1.6805,-1.0256,2
5.3681,3.2936,3
1.7101,2.2801,2
-1.3672,-2.9789,2
-0.44838,-1.718,2
0.21049,-3.4824,2
-3.7739,-1.1057,1
0.08824,-2.726,1
-0.060746,-2.1541,2
-0.20221,0.52096,2
4.1442,1.3006,2
6.57,-0.42714,3
-0.99241,1.0547,2
0.80024,-1.6941,2
1.1718,-0.85979,1
-1.715,4.4682,2
-1.0825,0.17768,2
-1.7995,2.8398,2
-2.8822,-0.040302,1
-3.145,0.56983,2
0.70767,-0.54051,1
-1.7614,-1.8237,2
-0.12077,-2.0959,2
-1.6351,-3.2151,1
0.52611,-1.3559,2
-1.8551,0.95532,1
-4.3532,1.3774,1
-0.9471,-2.2023,2
6.167,3.7912,2
1.1991,6.1291,2
-2.215,-0.49478,2
-4.1757,-0.0093622,2
-1.3726,-1.5231,2
-4.2916,-1.9655,2
-0.012385,-2.4936,1
-0.27063,-1.1911,2
1.2529,-2.7583,1
-0.96894,-3.7439,2
0.21429,2.3471,2
-1.2512,1.1817,2
-2.0737,-0.45904,2
-2.3705,-0.58155,2
3.8808,1.7943,3
-0.17058,-0.13829,2
-4.2338,-3.4549,2
-1.0313,4.488,2
-2.048,-0.99742,2
-1.069,2.1813,2
4.6876,3.0416,2
-0.026344,-0.68664,2
0.10156,-0.62757,2
-2.7311,3.7648,2
-1.5556,0.7362,2
-2.6553,-0.31798,2
-0.34325,-1.9159,2
-4.5446,-1.823,1
1.5429,2.4127,3
1.4407,3.0468,2
-1.71,2.4675,2
0.20111,2.9857,2
0.5839,-2.6859,2
-5.0437,2.0714,2
4.8815,-0.54082,2
-3.8066,-0.90838,2
0.49429,-3.4406,2
1.6908,0.22333,2
-2.4633,-0.99661,2
5.3445,2.0845,2
-0.78464,-1.6048,2
-1.5987,1.5264,1
-0.40361,-1.4238,2
3.6052,-0.13888,1
-1.6964,-2.7392,3
1.8699,3.3576,3
-3.5464,3.3483,2
0.35445,-1.2943,2
-1.9625,-0.72206,2
-4.0977,-1.177,3
1.1859,1.4091,2
-0.38287,3.1055,2
-0.61019,0.55102,2
-3.9354,4.8316,2
-1.4267,-1.5309,3
0.32249,0.99704,3
3.6511,3.7535,3
-3.5578,1.4039,2
0.16198,2.0372,2
-0.49182,-2.5351,3
6.6471,2.8279,3
-1.3576,-2.6453,3
-0.8524,-0.64583,2
5.9626,2.9411,2
0.46709,1.852,3
-2.9819,-0.058632,1
-1.3722,-3.5949,2
1.4292,5.0691,2
0.33125,-1.8463,2
0.25868,-2.9361,2
5.4243,5.5531,2
-1.8559,-1.6202,3
-0.24995,0.41934,2
1.3163,1.6836,2
-4.4582,1.072,2
-0.95133,-0.28975,2
-0.22848,-1.2143,2
-0.32592,-1.567,2
1.3646,2.7748,2
