0.7921,1.4906,3
-0.66719,-1.6997,3
0.61511,3.0739,3
0.1504,-0.40896,2
2.2477,2.7087,3
-2.3011,-2.5861,2
1.6826,-2.003,3
2.6147,1.516,3
0.54549,-0.65943,3
-0.35993,3.1066,3
-2.4566,-0.89188,3
1.5432,5.2107,3
4.062,0.14593,3
-2.5928,0.058423,3
0.64977,3.4065,3
1.1773,-1.3197,3
1.7187,-0.81138,3
2.3147,2.6118,3
5.373,-0.87897,3
-1.946,1.2134,3
-0.0025661,-1.0184,3
4.2745,3.0493,3
4.4968,-1.424,3
5.7793,0.14244,3
0.85552,0.065287,3
3.1184,0.30271,3
1.2989,1.2756,3
5.0483,-0.069208,3
0.30304,-2.7061,3
7.2113,1.4744,3
-0.35352,2.1021,3
3.7846,5.6575,3
-1.4269,-0.73978,3
0.083489,2.4582,3
0.38132,2.9903,3
0.90358,1.1966,3
-1.67,-2.069,3
0.50963,-0.47689,3
-2.1108,2.0333,3
1.6993,3.1894,3
-1.4771,1.1708,3
4.1888,-1.9064,3
-0.72535,-2.8969,3
-0.80173,2.5716,3
1.4288,1.5782,3
3.062,0.67844,3
0.4595,2.2164,3
1.2936,1.5843,3
3.5888,-0.095488,3
3.5016,0.064438,3
0.77932,2.2606,3
1.496,3.7443,3
1.8526,0.3708,3
-5.708,-0.90104,3
2.3192,2.9999,3
0.96905,3.4495,3
1.9466,1.9692,3
0.29847,2.9123,3
-2.2883,-0.69291,3
-1.3088,-0.93272,3
1.9772,-0.42475,3
-4.1271,-3.0274,3
-0.96269,1.9758,3
0.69419,2.6813,3
2.439,0.17379,2
3.3968,2.7846,3
4.1394,2.3933,3
-1.374,2.2958,3
2.5957,0.064477,3
0.035353,2.6089,3
-1.7755,3.8353,3
2.8936,-0.19229,3
2.0216,0.13252,3
-0.12595,0.16236,3
-1.2628,-0.78399,3
1.119,1.7807,2
0.85032,0.62987,2
1.1782,1.8979,3
0.58486,0.92519,3
-0.47392,-0.69494,3
0.6779,1.1265,3
1.2621,-1.5918,3
4.7539,-0.75985,3
4.6302,3.8976,3
-0.44674,-2.0473,2
2.8068,0.44983,1
1.1223,2.2488,1
1.6749,-1.0188,3
-0.14401,-0.22635,3
-1.1844,1.2724,3
3.6678,1.1574,3
-1.4325,-2.1204,3
-0.095652,-1.8486,2
-4.1931,3.2967,2
-2.4198,-1.1236,2
2.2267,2.0802,3
-0.32397,2.7962,2
1.8338,1.4106,3
0.076686,-2.5463,2
0.072089,-3.8592,3
-1.7091,-0.98262,3
1.775,5.1798,3
3.6084,0.77838,3
3.6574,2.7228,3
-3.5598,3.8158,3
4.5315,1.4509,3
-2.1548,-1.341,3
1.5251,2.1262,3
0.52259,1.413,3
-1.2964,0.43061,2
0.55556,0.71896,3
-1.9108,-1.1509,2
-2.2147,-0.53355,3
1.4746,0.11055,3
-1.4634,2.1597,2
-1.4131,-2.2163,2
1.3048,2.2582,3
2.5233,3.3003,3
1.7596,-0.46554,3
0.85034,0.14714,3
1.495,2.073,3
-0.10586,2.4571,3
-2.3965,1.9602,3
-1.4601,5.7417,3
-3.0868,0.95829,3
0.40271,-2.1505,1
-0.73399,0.90959,3
0.87994,-0.78934,2
-2.3582,2.0245,3
4.593,2.0716,3
1.4893,4.0197,3
-2.4816,5.2284,3
0.7466,-1.2043,3
3.1986,1.7994,3
5.2455,-0.49741,3
-1.023,0.085851,1
-1.0278,2.8522,2
1.0418,5.0548,3
0.65836,2.8798,3
-0.70635,0.12887,1
0.55626,-0.3471,3
1.2913,-3.2702,3
3.1284,-0.30976,3
4.1709,2.2338,3
0.45982,-0.8343,3
-1.2475,0.27163,3
-0.31343,-0.058394,3
4.8743,1.9362,3
3.2266,-3.3368,2
0.042157,-1.7668,3
-1.2438,-4.1791,3
-0.43461,0.14087,3
2.1255,-0.9994,3
-3.4075,-0.37682,3
3.4045,-2.3851,3
7.2023,3.2499,3
-0.29926,-1.1377,3
1.291,-0.13725,3
1.9066,-2.2159,3
2.1786,-0.39552,3
-4.0229,-0.49613,3
1.3605,1.8568,3
-4.34,-1.9057,3
1.2854,-1.2012,3
2.2738,-1.8356,3
1.1569,0.45191,3
-0.52256,-0.38589,3
1.8164,5.1773,3
0.74402,1.129,3
0.82283,-1.8122,3
-2.5586,2.3589,3
3.6146,0.97262,3
-2.8765,0.3173,3
3.1028,-1.4081,3
1.3651,3.7691,3
-0.24957,3.7358,3
-3.3239,1.0463,3
0.10331,0.70026,3
1.3551,-0.9361,3
-0.51299,-2.531,1
-2.5501,3.01,1
-0.25925,-1.9868,3
-1.3059,-5.3924,3
-1.4188,-0.51131,3
3.532,3.1925,3
0.80261,3.8723,3
-0.7782,-3.787,3
2.5912,2.2988,3
-3.9129,-4.2514,2
-0.79699,-2.9,3
3.0822,3.1863,3
0.29778,2.0682,3
-2.1364,0.40669,3
3.4865,4.9855,3
3.3852,0.96703,3
2.8582,-2.5862,3
-0.62156,-0.097449,3
0.93096,-1.0317,3
4.0825,1.5294,3
-4.9082,3.9019,3
2.4976,1.9994,3
0.95409,1.3679,3
4.1812,0.95496,3
0.39968,-1.8238,3
0.62453,0.33035,3
-0.95294,2.9958,3
-2.8012,1.2958,3
4.9324,1.9749,3
-0.93043,4.9213,3
1.6195,2.5034,3
-0.065868,3.4586,3
4.7776,1.1767,3
1.9542,1.3163,3
-3.0276,0.76307,3
3.3516,-2.3857,3
-0.66091,-1.4865,3
1.4255,3.4857,3
-0.064633,4.2434,3
2.2163,6.4229,3
3.5498,-1.1952,3
-2.0639,1.7481,3
1.156,1.063,2
2.6979,-0.31441,3
1.8672,2.111,3
0.51529,1.4121,3
1.0625,1.0844,3
-1.9083,-0.57273,3
2.9075,-0.25021,3
3.1702,-1.7162,3
-0.48283,0.66582,3
4.102,2.1404,3
3.4031,2.0323,3
1.862,-2.3874,3
2.007,-0.30538,3
0.99208,-0.81487,3
1.3984,-1.4732,2
-0.90942,-2.6171,3
0.73525,-0.53,3
-0.91787,0.52152,3
-0.71657,4.827,2
4.2207,6.3082,3
-4.8167,0.27626,1
0.82527,0.49945,1
0.27102,-1.0825,3
1.4551,3.2179,3
-1.24,3.068,3
0.68856,0.74526,3
-0.24536,0.95825,3
-1.9572,-0.62439,3
4.5973,3.1425,3
2.1108,-1.7966,2
-0.63011,-0.96364,3
2.1272,-1.333,3
-1.1098,-4.2038,1
1.1548,-2.0966,3
0.55883,-0.47003,2
-0.95977,2.4144,2
6.0211,0.89902,3
-0.56602,-2.9247,3
2.4394,-0.68552,3
2.2205,0.75326,3
-0.042299,3.7011,3
-2.1683,-0.65504,3
-1.1325,1.4464,3
0.57957,0.19007,3
0.34096,-3.17,3
2.2363,1.0514,3
1.0569,0.84496,3
1.857,5.0337,3
1.9125,4.1331,3
1.9677,-0.051981,3
1.5263,1.8347,3
0.95887,-0.17755,3
-0.35433,2.3181,3
0.39268,4.304,3
-1.3428,-2.7394,3
2.967,1.779,3
-0.46854,0.51385,3
-4.4213,-0.30258,1
1.6407,-0.84999,3
0.43524,1.0013,3
2.2726,-0.53849,3
2.0514,1.9092,3
2.0197,2.7456,3
4.4094,0.85696,3
0.5153,-0.50039,3
0.49702,3.9751,3
-1.0539,-4.6545,2
0.13608,-2.681,3
-0.26255,0.77591,2
2.811,3.5535,3
-1.455,0.87317,3
0.95947,0.91972,3
0.95107,-0.094222,3
-0.42674,2.7962,3
-1.3765,1.0818,2
-1.7149,2.6431,3
-0.18335,-0.017787,3
1.1648,0.81335,3
-1.2091,3.1619,3
1.7701,-2.4134,3
-1.6704,-1.3656,3
-0.21874,1.613,3
-3.2365,-1.4352,3
1.2268,2.4542,3
1.1867,0.72133,3
4.94,-2.7156,3
3.9668,-0.12683,3
2.131,1.524,3
1.411,-3.1691,3
1.0378,6.659,3
-4.7315,2.9778,1
2.6894,5.3742,3
1.4779,0.47,3
-2.8754,-2.4795,2
0.13958,0.88931,3
0.48436,-0.8356,3
-0.72904,-1.3467,3
4.0371,2.1692,3
2.8506,-2.1967,3
3.0296,-1.6449,3
-1.1078,0.033633,2
3.8426,0.68509,3
1.3892,1.9335,3
1.4226,-0.61801,3
-2.3415,1.6956,3
4.0473,-0.0027368,3
2.1546,4.1672,3
-3.0878,2.5598,3
1.3927,3.676,3
1.1541,-1.3585,3
-1.0849,0.8145,3
-0.84172,3.9528,2
2.6634,-1.2419,3
2.8008,-0.32155,3
2.5542,-3.3271,3
0.76499,0.51947,3
1.8729,1.4516,3
0.85151,-1.8954,3
-1.7326,0.43567,3
0.87523,0.99954,3
4.0439,1.4181,3
-0.22359,1.3734,2
0.27295,-0.5486,3
-0.93189,2.2582,3
1.2627,-0.97228,2
-0.79816,0.46412,3
-1.9277,-0.29767,2
0.46024,-1.6849,3
2.2978,3.7228,3
-0.057698,3.117,2
4.7963,4.3211,3
-1.3629,-1.4633,3
-0.084915,-2.1964,2
-1.172,-0.5458,3
-1.1861,0.27816,3
-3.6256,0.24474,3
3.0763,0.020367,3
2.0467,-1.1954,3
5.5142,1.2283,3
0.47806,1.0401,3
3.9431,1.9974,3
3.3322,0.49497,3
1.4155,1.7762,3
3.2502,2.1108,3
-1.3006,-3.7119,3
2.4644,-0.82092,3
-0.10784,1.5642,3
-1.1975,4.3572,3
0.81991,2.1109,3
-0.55616,-0.41277,3
-0.2903,0.0026437,3
0.58625,3.1264,2
1.6937,5.2546,3
-3.2127,0.4264,2
0.15854,-1.4842,3
0.95962,1.43,3
-2.5002,1.0568,1
-4.2848,-1.3788,3
1.7311,0.71247,2
5.6162,-0.53273,3
-1.6476,-0.044879,3
0.49583,9.9401,3
-0.79677,0.65209,2
-0.31953,-1.527,1
3.1948,3.188,1
-0.94846,2.1347,2
-0.1139,1.4327,3
0.33025,6.4132,3
1.1346,2.6744,3
0.4429,0.43908,3
1.5225,-0.12518,3
0.36474,2.0352,3
4.3665,0.65151,3
0.39503,1.6436,3
-1.996,-0.093565,3
-0.6894,0.7744,3
2.433,0.01595,3
-0.63594,-2.1968,3
4.6798,0.90924,3
-1.5433,-1.6682,3
-3.2466,-2.4172,3
-2.1992,1.3326,3
1.1935,0.88654,3
0.39598,-2.3593,3
2.5545,-2.582,3
-3.755,-0.85124,3
-1.9747,2.6936,3
0.051007,0.89136,3
3.7631,4.9824,3
-0.53252,-1.2222,3
-3.4818,3.3816,1
-0.27811,0.29639,3
1.8954,3.7485,3
2.7133,-1.5317,3
0.93655,0.61389,2
0.074959,0.22601,1
0.15833,-1.6366,3
-0.74679,-0.87446,3
0.85802,2.5908,3
2.587,1.3478,3
-0.14832,2.3567,3
4.9734,-1.6862,3
-0.035188,-0.67775,3
1.5664,2.2837,3
-0.1769,4.1847,3
0.17025,-2.1436,2
-0.40291,-1.3209,2
-1.568,-0.33625,3
-0.88151,0.83962,3
1.1348,-1.3586,3
-0.14509,-0.28074,3
1.4902,3.2721,3
2.3889,0.71884,2
-1.7664,-1.2091,2
0.084747,-2.4006,3
0.60583,0.42732,3
0.67965,3.3128,3
-0.046561,-3.366,2
-3.4139,-4.7271,2
4.5079,2.048,3
0.060711,-2.4619,1
1.1724,5.0813,3
1.2551,-0.096648,3
6.9222,-0.91213,3
1.8766,0.24349,3
-2.6328,-1.808,2
1.5111,-1.0652,3
1.5804,-0.64383,3
-1.7834,-1.2858,3
0.69427,-3.7599,3
3.9593,0.38958,3
1.9595,1.3627,3
2.0016,4.2025,2
0.80381,0.2322,3
-0.25185,-2.072,3
1.9096,0.99418,3
1.7624,1.9673,3
-0.14647,-1.5256,3
2.1111,3.0588,3
0.13136,2.8784,3
0.72812,0.095646,3
1.0489,2.5068,3
2.6825,-0.29445,3
-2.5162,1.972,3
6.6113,3.8814,3
-1.5547,1.6224,3
-1.7264,2.4081,3
3.3235,-1.5877,3
-0.52723,-4.4639,3
-3.4997,-3.5618,3
1.2498,2.2275,3
5.392,2.3381,3
-2.6197,-1.8885,2
2.6433,-0.13576,3
3.1857,1.7055,3
0.75801,0.76062,3
2.5047,4.124,3
0.36116,4.2253,3
2.7065,-1.9924,3
3.9342,0.47884,3
2.4704,0.77089,3
4.5957,1.3906,3
0.76433,4.7203,3
3.0199,0.079386,3
1.7911,-1.4774,3
-0.48779,3.7815,1
1.0287,1.1505,3
1.4963,-2.5426,1
2.248,0.006439,3
0.84196,-0.81857,2
1.7224,3.9339,3
-2.4745,1.0918,2
2.1837,2.2863,3
-0.5854,2.5827,3
2.4664,4.0021,3
1.1138,3.0578,3
-2.0052,-3.9523,3
-2.4916,-0.88658,3
-2.0413,0.051489,3
0.83332,-0.6501,2
-1.7907,3.5219,3
-3.2061,-1.1773,3
-3.2784,-1.6383,3
-1.2102,4.2412,3
1.2502,3.3666,3
-0.75592,4.313,3
0.54773,1.7738,3
0.42689,-3.8124,3
-0.20241,2.527,3
-0.085262,0.27788,3
-0.97906,2.8208,3
-1.1851,-3.6918,3
-0.76334,-2.4428,3
1.5566,-5.925,3
0.89847,-1.468,3
1.0315,-1.3884,1
-0.64011,0.54051,3
1.5851,-2.7432,2
1.849,0.019079,3
2.8346,0.27983,3
2.8664,0.6639,2
1.2989,1.665,3
1.7656,0.67364,3
0.43825,-1.1815,3
-1.3514,-0.5253,3
2.3796,0.59013,3
0.048255,2.1757,2
0.91523,-0.65702,3
-2.3984,2.9542,3
-0.35991,-3.1179,3
4.0978,-0.035854,3
3.6921,0.092999,3
2.4584,1.238,3
2.1208,0.62028,3
-2.4454,-1.0091,3
0.6545,0.087137,3
-1.1496,1.3647,2
0.25293,0.50339,3
1.2353,-1.8992,3
-2.997,0.59776,3
2.9837,5.1096,3
-1.6557,-2.0962,3
6.0358,3.3756,3
-0.13925,-2.9731,3
4.1248,-2.8326,3
-0.99563,-3.2375,3
-2.3997,0.1999,2
-0.20272,1.8069,3
2.8545,0.95249,3
2.7074,0.4055,3
3.3846,-1.0086,3
-3.126,-2.712,3
-0.40413,3.2654,3
1.7175,1.7198,3
-0.75137,5.2885,3
-1.526,-2.9722,2
4.6566,0.70681,3
-3.5229,-0.45859,2
1.0612,0.14217,3
3.5328,3.5622,3
-2.7192,2.5603,3
0.2808,2.4033,3
1.0154,0.50116,3
3.3882,2.7369,3
-0.85615,3.8887,3
2.0518,4.8894,3
0.38492,0.16173,3
-1.2456,0.4075,3
4.0839,-0.89971,3
-1.1559,-0.78478,3
1.7515,2.2533,2
-1.4071,-2.2454,3
-1.4388,-1.6328,3
-1.4795,0.56211,1
3.2477,-5.1634,3
0.89887,0.68359,3
-0.12557,-1.9017,3
-0.60713,-1.095,3
0.09661,-4.7568,3
0.91083,-0.64933,3
-1.8228,-1.3905,3
-1.236,-0.85914,2
3.5183,-1.0844,3
-3.3076,-1.6198,3
7.4098,2.9615,3
4.3344,1.6364,3
-0.67448,-1.199,3
1.135,2.0663,3
7.1851,2.8751,3
-1.0043,-5.1627,3
2.6959,0.22122,3
-4.3903,-3.005,2
-0.15941,-0.18333,3
-0.22186,-8.1241,3
-1.3952,0.18076,3
1.7697,2.2035,3
-0.049745,3.4824,3
-2.1048,2.8902,3
2.5256,2.9187,3
4.568,1.9847,3
1.0886,1.8826,3
-0.83628,1.9933,3
0.26007,2.0235,3
4.0172,2.71,1
-2.302,-4.5379,3
0.086106,1.4249,3
1.3013,-1.3019,3
2.5552,4.1441,3
-1.8842,-1.0571,3
-0.6417,4.8041,3
2.9712,-0.88772,3
0.034888,0.91081,3
2.8744,1.1327,3
2.0129,-0.047903,3
4.1097,3.4444,3
-3.8248,-3.7794,1
2.1578,-0.46614,3
2.2097,5.5178,3
2.6072,6.0487,3
0.35575,1.3049,3
0.34319,2.2281,3
3.0995,0.65813,3
0.72856,0.36462,3
-2.3489,1.3559,1
-1.0518,1.2647,3
0.59009,0.17169,3
-1.3607,0.46755,3
-0.16616,0.7731,3
-1.0783,1.8489,3
-0.86877,2.1401,3
0.28774,-1.7404,3
4.0584,0.46918,3
-0.19616,1.0639,3
1.9149,-2.6852,3
0.19213,0.86578,3
4.0184,0.27949,3
4.3683,-0.97967,3
-0.62501,-0.69724,3
2.2995,2.0501,3
-0.12175,-3.5583,3
-1.7352,0.33582,3
2.9602,1.7095,3
-0.73227,1.3153,3
-0.42286,0.5203,3
-0.69185,-5.4889,3
-1.2205,0.81664,3
-1.6272,-1.3619,3
-0.84686,-0.3389,3
2.8267,1.7706,3
3.0586,-2.0467,3
1.9333,-2.702,2
0.46162,1.1069,3
-0.70638,3.1879,3
1.5212,4.2316,3
-0.96275,3.1258,2
-3.6391,0.79668,3
-2.8724,-3.6627,3
-1.7759,-2.4167,3
0.92806,-1.1803,3
-2.9657,0.61762,3
4.8828,2.725,3
0.48505,1.6045,3
-1.2669,-0.96226,3
2.6208,2.8609,3
3.2462,1.7138,3
-2.3519,-0.87988,3
1.9855,0.406,3
-4.5069,-2.6713,3
-0.42939,-0.75613,3
2.8194,2.1896,3
5.9636,0.17513,3
1.0115,2.7234,3
0.11137,1.4821,3
0.11784,2.9902,3
3.1789,1.0705,3
-0.53978,-1.6755,3
-0.13444,-0.043695,3
-0.43333,-1.7531,1
5.5016,5.9202,3
0.51291,-0.76496,3
2.9027,2.3443,3
-1.3328,-2.3563,2
2.0431,1.9516,3
-0.077015,3.0408,3
2.066,2.5323,3
1.3773,2.1838,3
4.3546,-1.6466,3
-1.6184,1.3108,3
2.5272,0.066767,3
-1.5776,-1.7169,3
3.7826,1.4376,3
1.4627,0.20051,3
-2.2422,-0.18935,3
0.17959,0.84525,3
-2.6881,-1.0174,1
-2.139,0.61225,3
2.0357,-0.18779,3
-2.5735,-0.68639,3
1.4383,1.1831,2
0.72431,-3.6548,3
-2.9237,1.0194,3
-0.49649,-1.2089,3
3.0777,6.0652,3
-0.55855,-0.29813,3
2.0883,1.0978,3
-2.1921,1.7696,2
-1.5526,-2.3084,3
-1.7943,-0.093791,3
-3.8771,1.8926,3
1.7685,2.9717,3
3.6603,5.4444,3
0.83506,0.13865,3
0.18141,2.0943,3
0.46977,1.8094,3
0.41791,5.1023,3
-2.2913,1.2058,3
1.6353,-1.457,2
-2.3035,0.21138,3
1.7753,1.1236,3
3.6779,-2.5788,3
-0.70744,-1.8233,3
-4.273,-0.4912,2
-0.75856,-0.57797,2
0.77103,0.71596,3
0.54975,1.6604,3
3.305,0.41969,3
-2.5803,2.1112,3
4.1803,1.3072,3
-2.0636,0.09482,3
2.7954,2.6897,3
-2.9816,-3.3108,3
1.1825,0.97199,2
-3.8803,0.021256,3
-1.7815,-0.39622,3
0.51374,-0.73554,3
2.3748,4.3321,3
-1.4791,0.061135,3
1.7206,1.3099,3
0.89703,2.2937,3
-0.87233,-5.2247,1
4.2285,-5.5618,3
-2.5547,-1.5611,3
1.1343,-2.2034,3
0.071996,-2.5465,1
-2.4967,0.33795,2
1.5093,3.0393,3
5.9959,2.3685,3
-0.26841,-0.097587,3
-1.6514,0.84757,2
-1.0688,1.2487,3
2.0518,1.1877,3
-0.68533,0.88753,3
-0.83996,-0.11365,3
0.44965,-0.15961,3
1.0468,-2.9569,3
1.2318,-1.7955,3
1.6421,3.9882,3
7.1988,1.7138,3
-1.2654,2.526,3
1.1681,-1.0468,3
3.4242,2.0367,3
-4.1998,0.14046,3
3.2782,4.9603,3
2.1153,4.7841,3
0.19378,0.90213,2
-3.0095,-1.4244,3
-2.473,-4.6375,3
-0.67205,0.62556,3
3.7318,0.43373,3
1.9174,-3.2602,3
0.98529,4.7724,3
2.1759,0.82056,3
1.2166,0.5222,3
-1.1947,2.3386,3
-0.82688,2.1181,2
2.2303,0.68173,3
0.40064,0.13789,3
0.60962,0.62127,3
-3.2104,-0.031253,3
1.6053,4.9474,3
-3.4091,-0.53474,3
0.61399,3.8326,3
-2.4604,-4.5192,3
-0.49226,0.11677,2
1.7551,1.081,3
-2.4592,-3.5376,2
1.1872,4.6478,3
4.9933,4.3627,3
0.46339,1.5018,3
0.41859,2.9566,3
2.8086,-0.8672,3
0.76518,2.0134,3
-2.6724,1.907,3
4.0972,2.3586,3
-0.63709,1.0891,3
3.8752,1.5922,3
0.79688,3.2024,3
-3.2553,-1.6057,3
1.1831,-1.6835,3
2.8361,3.8141,3
-0.80296,1.663,3
0.4105,-2.4791,3
-1.5133,2.696,2
-2.92,-0.23484,2
-2.004,-2.6837,3
0.031575,-2.7995,3
0.48446,-3.1861,3
0.73827,0.3449,3
3.3527,0.92506,3
0.25712,-2.5809,3
3.983,0.14906,3
4.9862,-0.52775,3
-0.29054,-0.12914,3
0.40396,1.6494,3
1.9312,-4.0321,2
-2.2912,-0.22018,3
0.77778,0.36089,3
0.94732,2.2548,3
2.8735,3.6101,3
1.4299,-1.0814,3
-3.211,1.2156,3
-1.7063,-2.6555,3
5.5218,3.5824,3
2.5183,0.37195,3
-5.3244,-2.4212,1
2.8624,3.6375,3
-3.4095,0.91953,3
-1.4325,-1.652,3
-2.4843,-0.50392,3
1.7106,-1.1976,3
0.3544,1.6195,2
-0.47742,4.175,3
3.6238,-1.3173,3
1.35,0.98486,3
4.8576,2.0391,3
1.6005,-3.4903,3
3.1149,-3.7488,3
2.9831,0.24362,3
0.54274,0.75569,3
-3.9766,-2.1579,2
3.8888,0.87612,3
0.80743,2.9116,3
4.8588,1.3867,3
-1.1573,-4.543,3
-2.2814,3.0687,3
2.8599,1.1135,3
-0.8992,-0.099671,3
0.0038105,1.2995,3
-2.5149,0.10213,2
4.1919,1.4496,3
-0.51326,2.2309,3
-2.9247,4.2147,3
0.51916,-0.089034,3
4.1565,1.839,3
1.1409,2.9936,3
4.1686,3.5964,3
0.088987,-3.4929,3
1.669,-2.8789,3
1.8656,2.2595,3
0.45737,-0.7297,2
0.92512,-0.43261,3
2.1242,2.0304,3
-3.3369,0.37084,2
-1.9654,0.67531,3
2.0426,2.783,3
5.2703,3.5799,3
-0.69101,0.47532,3
0.061049,2.1939,3
2.0409,0.058463,3
0.036017,-0.65397,3
1.5177,1.1099,3
-1.2426,0.28909,3
2.8544,3.3984,3
-1.5426,3.2867,3
-2.3391,2.7902,3
1.6336,0.70995,3
0.6299,1.6322,3
2.7559,0.23864,3
-2.365,1.4737,3
-2.8717,-2.0929,3
-0.53033,-0.93896,3
3.6047,-1.1535,3
-4.155,-1.6297,3
-3.4694,-1.3598,3
-1.7001,-1.6027,3
2.4131,2.8397,3
-1.1519,2.1948,3
-0.20442,3.6852,3
-1.1552,-0.99948,3
-0.080861,0.23351,3
-0.22788,-1.7051,3
-0.52754,2.7093,3
1.8991,-5.1707,1
6.6213,0.52664,3
0.87694,1.8784,3
3.3178,0.083595,3
1.0175,2.567,3
1.6691,3.0741,3
-1.109,-0.14154,3
4.1927,2.551,3
-2.5043,-2.6308,3
0.55124,-1.1051,3
-3.565,1.7426,3
-2.2204,1.1336,2
-3.4514,2.1726,2
-0.53423,-0.38483,3
-2.8885,0.45608,3
3.4893,-1.9803,3
0.73758,-1.7334,3
2.9422,2.2417,3
3.3356,0.42831,3
3.0986,-0.37798,3
0.23022,1.3514,3
0.87441,-2.5575,3
2.3931,-1.3975,3
-2.4735,0.73893,3
2.8696,-2.927,3
0.23042,-1.1518,2
-1.9911,1.0419,3
4.246,2.6771,3
1.054,-2.1375,3
1.4363,-0.94921,3
1.1833,-2.4717,3
-0.90244,1.1809,1
3.2295,5.9703,3
-2.4156,-0.32863,3
-0.062735,3.8354,3
0.9621,2.2069,3
1.7742,-0.082082,3
-2.8544,0.5969,2
1.1212,-0.4697,3
-0.53647,2.3574,3
0.52171,-1.4169,3
0.91255,-0.4063,3
-1.7647,-0.63192,3
-0.47838,-0.54924,3
-5.0167,-0.11202,3
-0.14955,2.1907,3
0.44861,0.19675,3
-1.3542,0.31543,3
0.73604,-3.493,2
0.070574,-0.15176,3
-0.96855,-3.4828,3
-3.1287,-2.684,1
-1.1196,2.1391,3
0.88626,1.0265,3
-2.5277,0.46035,1
5.2002,-0.65221,3
-1.9499,-1.9022,3
3.8042,2.5115,3
-2.8607,-2.3519,3
1.2189,-1.3391,3
1.8194,2.9601,3
4.0712,0.32686,3
3.4257,-2.116,2
-1.8695,-2.8128,3
-1.6435,-2.8884,2
-3.8109,-1.2677,2
-0.81101,1.4741,3
0.12323,2.595,2
2.1921,0.57455,3
2.3387,2.4836,3
1.9763,-0.22397,3
2.2631,-0.76509,3
0.26073,-0.58008,1
-1.9723,-0.063153,3
4.5761,0.031794,3
0.92354,1.8992,3
-0.68703,-0.50296,3
-1.7564,2.7046,3
-2.5054,-1.6085,3
-0.034301,2.7174,3
1.1111,0.57453,3
1.7858,4.8219,3
0.97761,0.081161,3
-1.7328,2.7202,3
2.787,1.7776,2
-3.2418,-1.521,3
1.5792,0.87232,3
2.1306,3.284,3
0.086762,1.1928,3
3.0194,5.2174,2
2.5225,0.33381,3
-2.1254,-1.0427,2
-0.14413,0.078381,3
-1.866,2.6176,3
0.14913,2.5215,3
-1.2294,0.01004,3
4.523,2.427,2
0.035963,1.7577,2
2.9679,1.302,3
1.1586,2.5626,3
0.15668,-2.6572,3
0.57072,-3.4551,3
-1.8484,1.1804,3
-1.0637,-1.3735,3
2.4618,-0.78574,3
-0.45779,3.8446,3
1.2172,1.5794,3
0.53269,-0.18485,1
3.4445,5.5655,3
-0.56836,0.67191,3
-2.4386,0.94441,3
5.1912,2.0222,3
1.9576,-2.7819,3
5.2388,2.4178,3
3.6753,1.0734,2
-1.3989,0.94676,3
0.4604,1.6641,3
-5.9552,-3.3267,3
0.48663,0.41072,2
0.74554,1.5448,3
4.2488,-0.20222,3
0.80077,-0.70288,2
3.2495,2.7585,3
2.9622,-0.38034,3
-1.5755,-3.7822,3
-2.0947,2.8366,3
3.0891,2.5137,3
-2.0714,1.9896,3
-0.65059,0.041866,3
-0.62867,-1.2778,2
-0.39445,3.7075,3
5.2812,4.7085,3
2.0021,-2.5635,3
1.8579,4.819,3
-1.2803,-0.41685,2
-4.8219,0.007033,3
-3.8894,-0.6816,2
2.0403,2.3975,3
3.5038,0.48674,3
-0.77359,1.364,3
1.6656,1.7623,3
-1.496,-0.67817,3
0.40012,2.7081,3
1.7871,-4.3155,3
0.6966,-0.094657,3
-2.2998,-1.5367,2
1.6847,3.587,3
-0.94387,0.55454,3
5.2223,2.3563,3
-0.071704,-0.96152,1
2.0629,3.1939,3
2.6693,0.39651,3
-0.45122,2.4154,3
-0.86803,-0.91618,3
1.7121,-2.3806,1
-0.055131,-4.2317,3
-2.7535,-0.61905,3
1.8198,-0.3042,2
0.6097,-0.47637,3
-0.36336,0.29014,3
-0.70136,0.59343,3
-3.3081,3.9723,3
-3.0362,-2.0184,3
2.3912,0.41487,3
-1.3354,-2.5783,2
1.488,0.75704,3
-1.6226,-1.4028,1
-1.8618,2.3991,3
-0.1485,-1.4528,3
5.337,1.3681,3
-3.5158,-4.8617,3
-0.31694,-2.082,3
0.21131,-1.5257,3
-1.8827,0.76119,3
3.8335,2.808,3
2.7318,1.7387,3
-5.5453,0.16266,2
-0.0026899,1.1556,3
2.3804,2.2018,3
3.1957,2.2139,3
0.4537,4.5842,3
1.7774,-0.16149,3
-0.93224,-0.65987,3
-0.71211,-2.0203,3
0.040204,-0.79121,1
3.4515,2.9096,3
2.7698,0.76954,2
-0.50264,3.1568,3
0.65643,-1.0589,3
2.2594,-1.4494,3
3.4284,0.1769,3
-3.1907,-0.63719,3
3.7591,2.5399,3
4.7367,1.6129,3
4.4482,0.38478,3
-0.80927,-4.2017,3
1.5566,1.306,3
-0.48329,5.1151,3
-3.5063,-1.7576,1
2.6815,0.85743,3
4.8155,2.3982,3
1.3846,-0.20773,2
-1.8949,-0.62273,1
0.5499,-3.9507,3
-2.8586,1.3323,2
2.0089,1.1818,3
-2.4139,2.5195,2
0.30459,1.9186,3
3.7116,-6.2867,3
2.2631,0.17205,3
-1.1324,-0.87274,1
4.8655,1.6594,3
1.4743,7.4252,3
-3.2342,-0.14048,3
3.6244,2.3921,3
-2.7101,-0.46795,3
1.7216,3.0503,3
2.698,2.179,2
5.4087,1.2393,1
-1.3019,-0.77048,2
1.4257,1.1178,3
1.8943,2.421,3
5.1506,0.54867,3
-0.2732,-1.5634,3
-0.57599,3.3616,3
0.1507,0.46973,3
-0.04302,-2.6102,3
1.1442,1.7606,3
1.8516,2.3439,3
2.1585,-2.283,3
0.66641,-2.7841,2
-1.0272,3.0204,3
0.28876,-0.92137,3
2.7176,1.1531,2
-1.3284,-0.545,3
2.1912,-0.53709,3
-0.2694,-5.7426,3
0.56447,-0.48098,3
0.35879,0.29877,3
-0.52568,0.098986,3
0.3794,1.4728,3
1.3351,2.6796,3
1.3126,-1.1812,3
3.4104,-0.29401,3
2.1688,4.2665,3
-2.955,-4.5835,3
1.7895,0.37819,3
-3.4574,-0.38155,2
0.483,0.014013,1
-0.77416,-1.9336,3
3.2974,-1.1336,3
0.063423,3.3299,3
-2.0256,-1.4941,3
3.7305,-1.0353,2
-0.68343,1.8244,3
3.14,-0.60001,2
-0.87134,-1.7633,3
-2.3988,3.8649,2
-2.3017,0.97472,3
-1.6307,-2.2319,3
1.9095,-1.3446,3
1.0027,0.69234,3
1.4393,3.1136,3
-0.5587,5.3216,3
-1.0566,-1.824,3
2.2378,0.2943,1
-0.33222,1.7701,3
-1.873,-5.6737,3
-3.1271,2.8181,3
-3.027,-0.80882,1
-1.0165,-0.67275,3
0.02359,1.6321,3
1.4987,-0.4602,3
2.8455,0.72905,3
0.047589,1.428,2
-1.5686,-0.18283,3
-3.6517,2.683,3
1.0377,2.672,3
-0.56062,3.2503,3
2.0279,2.2197,3
4.3553,4.8714,3
-3.0912,1.5469,3
2.0938,1.2103,3
0.33745,-1.3585,1
1.7334,1.6318,3
2.8316,-0.8796,3
-1.0414,2.5916,2
-0.43379,4.9991,3
0.1452,2.0517,3
-1.0016,-4.6653,3
-2.1823,-0.18779,3
1.4524,-1.5544,3
1.9965,4.2317,3
-3.2716,-0.19066,3
5.217,4.459,3
0.20808,2.9817,2
1.6278,4.1582,3
2.8913,4.167,3
2.5377,5.4175,3
2.3583,-1.4497,3
0.45215,2.0077,3
2.3866,6.7724,2
1.0158,-1.0034,3
-2.2885,0.61382,2
-3.793,-0.51669,2
1.9017,1.4023,3
3.8766,0.86501,3
-0.51342,3.0717,3
-2.2387,-4.4513,3
-0.3871,0.20774,3
0.49607,-1.6538,3
0.11589,0.41463,3
0.085468,0.62007,3
-2.9483,0.66944,3
1.9657,1.372,3
3.1794,3.9424,3
-3.0998,-3.4139,3
0.17452,-1.9312,3
-0.090223,0.20883,3
1.333,-0.24203,3
0.54826,-1.1889,3
-0.48033,-1.5719,1
0.18316,4.753,3
-1.672,1.9905,3
-1.4185,0.90158,2
0.75704,-2.1004,2
0.94966,1.4918,3
1.8088,2.689,3
3.7584,3.6133,3
-0.091934,2.6957,3
-3.0043,-1.295,3
3.0347,1.1639,3
-2.6854,-5.9905,1
2.2344,0.55671,2
2.9866,1.7553,3
4.3864,1.1282,3
-0.51702,-0.80619,3
-1.831,-1.8073,3
1.8317,2.5196,3
-0.35724,-0.6163,3
0.28054,-3.4305,3
-1.1923,-0.34914,2
1.343,3.5323,3
-5.5622,-4.339,3
-0.57838,-0.14019,3
-0.3676,0.90809,3
-0.19044,1.9048,3
-0.18658,-0.2196,3
1.7663,2.8706,3
-5.0231,3.7932,3
-0.087929,-2.75,3
1.176,2.3483,3
0.54197,-2.3801,1
-2.4061,-0.19502,3
0.018547,-2.5724,3
2.3494,0.60923,3
0.15676,1.606,3
1.4621,-3.0279,3
-0.45839,1.5805,1
-3.1061,0.17496,3
2.8767,0.63144,1
1.3032,2.7216,3
-0.79023,-0.13265,3
-0.10243,-0.7775,2
0.85494,-0.49541,3
1.5929,2.6714,3
2.1804,1.0809,3
-1.8137,1.019,1
3.9946,1.104,2
1.0996,1.2245,3
3.0859,-1.5498,3
-1.9138,1.6791,3
0.07767,4.8274,3
-1.0026,0.089846,1
2.1821,-1.7089,3
-2.3278,0.43789,3
0.81292,1.9268,3
-4.4998,-3.0753,3
-1.7865,2.3301,2
2.2112,-0.34064,3
-3.7954,0.5512,3
2.0934,3.0588,3
3.5406,1.0515,3
-2.7961,1.876,3
2.3256,0.80306,3
2.1332,1.8648,3
-1.3956,0.2765,3
3.7768,-0.54595,3
-4.3869,1.7411,2
-3.9053,-3.1532,1
1.7569,0.97881,3
-1.7272,3.6269,3
-1.5677,1.1547,3
-3.1791,-0.12415,3
3.5415,3.5639,3
-0.18852,-0.85999,3
1.8062,1.7205,3
3.587,2.7283,3
-1.8697,3.7536,3
4.3835,5.2719,2
2.5023,-0.90859,3
-0.48963,-1.7867,3
-2.7149,-1.0627,2
1.7243,4.2411,3
2.9912,1.2797,2
-0.7693,1.7719,3
0.11198,1.2511,3
1.4561,1.2341,3
-2.4559,1.2455,3
-0.9539,0.40399,3
5.7467,-0.6847,3
0.33203,-2.1603,2
0.54767,2.1759,3
-0.67945,2.1425,1
1.9239,5.1211,3
2.2594,3.5173,3
2.4617,0.71907,3
1.5713,-0.042269,3
-3.0411,1.6039,3
-1.7732,-3.0461,3
-4.3405,-1.4158,3
3.9985,3.4163,3
-2.3348,3.296,3
-2.6134,-0.57446,2
-2.5048,2.1369,2
-0.8846,-1.8234,3
-2.3187,-0.17769,3
0.64655,-1.0262,3
3.5185,-1.9896,3
-3.5634,2.8173,3
2.2871,2.8946,3
0.41528,0.91936,3
2.5626,-1.206,3
2.5471,2.3976,3
-2.4889,-2.7362,3
-3.4905,1.4145,3
-2.7372,-0.92062,2
-0.47622,2.2132,3
-0.43776,0.096657,3
1.0104,-0.76004,3
-4.04,-1.3827,2
0.28389,-2.1264,3
4.0827,-2.097,3
2.6322,2.2542,3
-0.73036,0.36515,3
-1.9192,-1.492,3
2.2721,1.4886,2
-4.0102,-1.1631,3
-0.53918,2.1606,3
0.29106,1.4774,3
-0.47815,1.6808,3
3.843,-1.66,3
-2.5001,-0.37091,1
3.1527,0.8969,3
-2.4921,3.9839,3
-1.8969,-0.72195,3
0.33931,2.6868,3
1.4165,-0.4203,3
-0.10152,-0.87734,3
2.5335,-0.059191,3
0.3842,5.2265,3
0.49448,2.5988,3
-0.42735,1.192,3
1.7379,0.98204,3
-0.21673,-3.167,3
1.0033,0.32724,3
-0.76931,1.2286,3
-1.4205,-2.3718,3
1.895,2.2604,3
-0.63042,-2.1939,3
2.3709,0.89335,3
1.5211,0.63326,3
-6.5132,4.7297,3
-0.93686,0.40414,3
0.99319,-1.6439,3
-1.1636,-1.9015,3
-3.7702,-2.1614,3
1.9858,2.3946,3
-1.709,-1.6602,3
1.17,0.69285,2
1.9266,-1.1178,3
2.6032,-0.55636,3
-2.9317,-0.71389,3
-0.71603,1.2558,3
1.2481,-0.74977,2
-2.6736,-0.51467,3
2.7608,2.2585,2
0.35082,1.6221,3
0.85117,-1.5261,1
2.2177,1.388,3
-0.22411,4.3646,3
1.1029,3.844,3
-0.35031,0.8041,1
-2.3184,0.60901,3
0.1834,3.6319,3
1.4112,3.0546,3
1.9291,1.0491,3
3.6522,5.2969,3
-1.4191,-0.31091,3
2.5734,0.43207,1
-1.2435,-1.6277,3
4.4808,1.0445,3
-2.7528,2.5219,1
-1.3231,-1.748,3
-2.518,-2.7985,3
0.31572,-0.48396,3
0.63505,-1.4899,3
-0.48166,1.5478,2
-1.9213,2.4336,3
0.41665,2.0911,3
4.3241,0.044989,3
1.3573,3.8658,3
1.9739,1.9492,3
0.50245,1.0606,3
1.5982,4.3702,3
0.85872,-0.48734,3
-1.322,-0.94525,3
-2.5954,-0.99283,2
2.8338,3.5722,3
0.76736,3.1736,3
-1.0542,1.3933,3
2.7823,-0.11896,3
-1.3429,0.95839,3
5.8696,-0.58075,3
-0.04502,2.6449,3
0.87835,0.25302,3
2.9821,-0.85199,3
0.37584,-1.5799,3
5.4257,2.217,3
2.0586,-1.5143,3
-2.7085,-0.48532,1
-1.5111,0.064272,3
0.099186,1.8261,2
2.2633,0.9851,3
4.2404,0.74356,3
1.2909,5.2904,3
-1.0947,6.5694,3
0.70071,2.2231,3
-0.57829,-1.1431,3
-1.0931,1.2571,3
1.6413,4.2542,3
1.7684,-1.7941,3
-4.0209,-0.2786,3
0.20103,-1.4031,3
2.3001,-1.3081,2
2.1048,-0.47208,3
1.1515,2.709,3
-3.8109,-1.5559,3
4.9825,3.1148,3
2.3569,3.087,3
1.8096,-2.2814,3
-0.12247,-3.3599,3
0.38045,1.7081,3
-3.8528,1.5023,2
-1.1622,2.988,3
0.086814,1.9566,3
1.2415,0.070976,3
-1.4335,2.3342,3
2.5268,2.2778,3
-1.7265,-3.4999,3
0.5396,-2.0944,3
-1.715,0.59187,3
0.91801,1.059,3
-0.83457,1.7678,3
-1.6042,3.0642,3
-1.0905,-0.080266,3
0.22515,-0.16865,3
0.80937,1.1683,3
0.94855,-2.0572,3
3.2386,0.3811,3
-2.1996,1.2644,3
-2.1656,1.3329,3
0.64818,-0.28944,2
-1.046,2.1448,2
0.82831,-0.52991,3
0.80777,1.2868,3
-2.8558,0.63758,3
1.9294,3.4318,3
1.7095,-0.74883,3
0.86222,0.90058,2
-1.4826,-1.9558,3
0.4997,0.72968,3
1.4035,0.93498,3
0.14465,-2.7992,3
-0.37797,-1.06,3
4.2427,-4.144,3
1.0189,2.0624,3
1.4178,2.5606,3
4.5325,-2.1961,3
-1.3499,-3.4044,3
5.6867,2.2831,3
4.0184,-0.59983,3
3.6246,0.15881,3
-1.1399,1.8715,3
1.3567,3.8398,3
1.4389,1.2462,3
-1.1645,-0.47205,3
0.28036,1.3331,3
1.4733,3.4133,3
-1.6394,3.8137,3
1.8311,-3.3322,3
3.1279,-1.732,3
-0.40571,1.0027,3
-0.19111,-2.2521,3
3.2157,-3.7603,3
-2.2228,-0.44547,2
5.1164,-3.4046,3
-0.47071,0.28535,3
0.94318,-1.3672,3
1.6834,1.2766,2
5.2014,3.7822,3
0.084706,-2.6251,2
-0.63433,-3.7933,2
2.6077,2.3467,3
3.1007,3.7212,3
1.6705,3.2067,3
1.8077,-0.73664,3
0.78564,1.0195,3
0.18084,-2.2843,3
-0.77518,0.77312,3
-0.92284,5.2005,3
1.6902,-1.5772,3
0.14594,1.396,3
-0.3583,3.229,3
0.1426,3.2085,3
2.8834,3.6595,3
1.0819,3.3075,3
-0.19898,-2.3596,1
-1.9382,0.4175,3
4.9503,1.3952,3
3.5238,0.056966,3
-1.7798,-0.95449,3
2.0441,-0.31813,3
3.9022,0.6138,3
0.22835,1.3582,2
0.3132,0.19746,2
4.1619,1.1165,2
0.40941,-5.1759,3
0.638,1.2837,2
1.5702,1.9474,3
1.1006,2.4337,2
2.6972,5.7508,3
-2.7624,-0.80945,3
3.1736,-0.46885,3
-1.6684,-0.29645,3
0.42807,-0.36835,1
-2.7659,-3.0398,3
2.1005,-0.28819,3
-1.6901,0.53865,3
-1.8603,5.4527,3
-1.7797,-0.23623,3
-0.54379,2.847,3
-0.65003,0.90753,3
-0.21888,0.90726,3
1.9632,0.66068,3
-1.1371,0.19273,3
3.256,2.1426,3
-1.0118,1.7557,1
-0.65457,1.0254,3
1.2113,-0.57834,2
-2.8689,-0.86966,3
-2.6099,-1.5498,3
-4.8704,-0.32691,1
-1.3893,2.3254,3
-2.2194,0.70269,3
-0.05946,-4.7111,3
4.6937,4.2799,3
1.6515,0.62935,3
1.2129,2.0973,3
-1.442,1.1121,3
0.15608,2.2852,3
-1.7342,0.47145,1
1.1772,-5.2595,2
-2.7547,1.3307,3
1.7913,1.6276,3
0.18357,-2.0623,3
1.3235,2.9711,3
2.9324,1.4967,3
1.1922,1.1981,3
-2.2013,4.1018,3
1.9005,-3.8012,1
0.25329,-4.3796,3
-1.1763,1.1259,3
1.0566,0.97262,3
3.4312,4.435,3
-0.43891,-0.049497,2
2.6148,3.0472,3
2.4756,4.697,2
1.8245,0.28596,3
4.2027,3.5057,3
0.70118,-0.138,3
-1.3438,-5.2826,2
-1.5017,0.10066,3
4.7399,5.2386,3
3.0858,-1.1554,3
0.94933,0.16164,3
1.2974,3.5536,3
-2.0939,-5.31,2
1.8522,2.9363,3
0.22871,0.62845,3
1.5565,2.6825,3
0.47658,-0.17808,3
1.5177,-0.66882,3
-3.2376,-2.6656,3
0.93504,-2.2185,3
-0.11462,0.1902,2
-3.9782,-0.57104,3
1.5912,-1.6092,3
0.56849,-0.87065,3
-0.074342,0.44643,1
3.8437,4.3357,3
-1.0547,-0.20001,3
3.1595,-1.7275,3
-0.12472,1.6864,3
-0.66052,0.71859,3
1.4059,4.8021,3
0.35461,-2.6948,2
1.4209,-2.4571,3
-2.2567,1.8663,3
0.11598,-3.682,3
4.0355,1.9602,3
-1.6328,-0.76054,3
0.66808,1.2572,3
0.4318,-0.9179,2
1.5308,-1.7134,2
-0.91586,1.751,3
0.86976,0.85037,3
-1.8375,0.81045,3
-2.7983,-2.7554,3
0.59668,-1.3217,3
-1.1316,2.4077,3
8.4585,-0.97103,3
-3.3372,1.2748,3
-2.5646,-0.60321,3
-2.6444,-0.46058,3
0.54405,1.3144,3
1.1403,0.84861,3
1.3403,1.4623,3
-1.1072,0.010867,3
-1.1742,1.7883,3
2.57,3.0792,3
4.5421,4.7948,3
3.0563,-1.7235,3
4.6351,0.1988,3
2.1536,1.9343,3
-2.0248,-1.5764,3
-1.5032,-1.5805,2
1.0672,-1.3198,3
0.35533,0.87359,3
3.2293,3.6886,3
0.43588,2.6583,3
-4.8297,-1.9497,3
3.3888,2.2785,3
0.020614,3.14,3
0.50222,-3.0163,3
2.0255,-3.2594,2
-0.035493,0.073438,3
0.60274,4.328,3
0.63979,-3.7814,3
0.78903,-1.2481,3
0.58789,-1.7387,3
2.3779,-1.4219,3
0.63413,1.4603,3
0.21699,-0.75026,2
-0.19868,2.6742,2
0.42173,2.5873,3
-1.2827,1.3601,1
-0.38335,-1.704,3
1.7219,0.13345,3
0.32518,1.199,3
-2.0792,-1.3045,3
-2.7053,0.36578,3
2.542,1.1475,3
-0.095709,-1.3838,3
6.2055,0.15445,3
-2.1395,-1.9254,3
1.7199,1.5201,3
-4.6883,-0.97066,1
-2.1155,-2.5355,3
-2.8508,0.76374,2
1.4246,-1.6308,1
-0.67641,-3.9311,1
2.1815,2.6511,3
0.44678,4.1866,3
0.72283,2.4124,3
-3.7869,-2.3468,1
-0.58979,-1.8066,3
-0.15118,-1.0573,3
-2.509,-2.652,3
3.1524,-1.355,3
0.51131,-1.9565,3
-1.656,-0.869,3
-0.47644,-2.5143,3
-2.7633,-1.6686,2
2.0188,-1.0302,3
1.725,2.3535,3
-0.18865,2.4956,3
4.7676,0.95817,3
-3.0981,2.9418,3
5.7251,2.7019,3
1.7911,1.501,3
1.2007,-3.2213,2
1.1229,2.7799,3
-2.7635,1.5799,3
4.5744,-0.80913,3
-3.6475,-0.81049,1
-0.77217,2.4854,3
-0.14645,0.4295,1
1.7345,1.0599,2
1.8723,1.2248,3
0.11364,-1.2962,3
-1.5747,-0.098892,1
1.6783,2.1537,3
-3.2577,1.3099,3
1.0172,-0.12308,2
3.6521,0.41076,3
-1.1292,2.2305,3
-2.2856,-5.8967,3
2.0512,0.43781,3
-2.503,-3.4194,3
-0.091228,2.9201,3
0.61179,1.5456,3
-3.3726,-4.3761,3
1.4315,0.5153,3
-2.6969,2.3666,2
3.5011,0.91597,3
0.50434,4.9389,3
6.501,1.0508,3
-2.408,4.3452,3
0.92058,1.874,3
3.876,3.3885,3
-0.39832,-1.7305,3
0.11472,-2.1535,2
-1.6026,3.4621,3
0.33647,-4.074,3
1.7321,-2.2446,3
2.5634,1.7281,3
-1.9485,1.9672,3
0.31032,-1.0553,3
1.1573,0.67982,2
1.623,0.45868,3
-0.97544,0.56443,3
0.32309,-1.8804,3
-2.1332,-0.049619,3
1.3629,1.6129,3
-0.091123,-0.76023,3
0.68999,-1.9405,3
3.1732,1.906,3
1.0608,3.6837,3
-5.8961,-0.696,1
2.7728,-2.1399,1
4.5486,1.2416,3
-2.009,-2.9711,3
-0.6618,-0.46829,2
3.0007,-0.018106,3
3.6527,-0.85898,3
-0.0061837,-1.0742,1
-1.0633,-1.4053,3
-0.83996,-0.74308,3
6.9521,2.0914,3
4.0524,2.5092,2
-3.2541,-0.23579,2
1.9924,-1.3037,2
-2.27,0.56583,3
0.18536,-1.9175,3
1.1079,3.4939,3
3.171,-0.34501,3
-0.95293,1.6512,3
2.2923,1.008,3
0.29853,-1.4537,3
0.059804,0.74389,3
1.2813,-0.77353,3
2.6144,4.2564,3
0.026027,0.91408,1
-3.2008,-0.91716,3
1.5372,1.1832,3
3.1731,-0.99731,2
2.9017,0.86868,3
2.8964,2.8044,3
0.5038,4.4225,3
1.0225,-0.67006,3
1.9414,0.49689,3
2.5034,-0.57141,3
-0.16881,4.1075,3
0.81883,5.9344,3
4.7579,3.2588,3
1.9319,1.6471,3
2.8615,2.0122,3
0.74003,2.6732,3
0.30639,1.6674,3
2.5162,1.4204,1
7.0005,5.6465,3
0.0053417,2.1822,3
-0.61266,-1.1053,3
1.1598,-0.029314,3
2.8776,-2.3398,3
4.708,2.4982,3
-0.5256,3.2288,3
0.69716,1.0514,3
1.9874,0.03373,3
-0.22485,2.4437,3
1.1505,-3.197,3
0.020471,-0.30316,3
-2.3915,2.7296,3
-0.12781,-4.8407,3
-2.8402,-0.78658,3
-0.77286,1.3313,3
0.818,3.8937,3
-0.045239,1.9035,3
0.70081,-1.8154,1
-2.4252,-1.4394,3
-0.18195,0.62474,2
0.47543,-1.6946,3
0.44619,1.0209,3
0.30716,-5.149,3
1.605,1.8184,3
4.4519,4.7625,3
-0.058594,-0.29491,3
-2.6211,-6.6436,1
-0.91009,-1.1834,3
0.5057,3.0343,2
-1.4921,-0.081243,1
3.2116,-0.05482,3
-0.89634,0.53405,3
0.36245,0.16331,3
4.2402,2.9715,3
-1.6928,3.0808,3
4.4368,0.36918,3
0.079646,1.3046,3
4.0087,0.82517,1
0.13929,2.8709,3
-1.8774,-0.10031,3
2.9381,4.6632,3
4.2406,0.22517,3
0.21525,-1.0236,3
4.4895,1.5824,3
-0.048535,3.5924,3
0.29566,2.8442,2
0.76874,-3.0394,3
1.2655,0.95368,3
-0.99436,0.63803,3
-0.19,-0.19054,3
-1.8304,0.25959,3
-2.0107,0.55443,3
0.5543,-0.22245,3
3.5483,-1.4676,3
1.0694,0.94395,3
-2.4608,1.4415,3
1.5971,0.72618,3
-3.9358,-1.0109,3
-1.9154,0.70781,2
2.0493,2.7301,3
-2.8447,2.5054,3
-1.1757,1.9479,2
3.4624,6.5363,3
0.87898,-0.88249,3
-1.0546,3.9997,2
1.6342,-5.1775,3
-2.8325,-0.83075,3
1.7539,0.064853,3
0.59113,-0.37753,3
-3.2758,1.5682,2
3.4365,2.2875,3
0.043487,-1.0487,3
7.005,3.7452,3
-0.87618,-0.74725,3
3.964,2.985,3
-1.8448,2.5469,3
-0.89767,2.0495,3
-2.9019,-4.3468,2
-3.0062,-0.092492,3
-0.54688,-2.7408,3
4.4605,-5.0656,2
-1.5933,-1.4993,2
2.284,1.6193,3
5.2232,-0.056442,3
0.62556,-1.4983,3
-3.9324,-0.37786,2
0.51977,2.4779,3
3.2245,2.6899,3
4.1894,3.2735,3
0.87246,-2.5071,3
-0.20987,3.3987,3
-0.71444,-1.622,3
-2.0712,-3.5548,1
-3.1993,1.092,3
1.9222,0.3977,3
-0.43513,2.278,1
2.9494,5.4415,3
-2.5544,0.32144,3
0.63255,-0.83469,3
0.58448,1.5644,3
2.686,2.7004,3
-0.92279,-0.017784,2
2.4131,0.57549,3
-2.3571,-3.4259,1
-3.2038,2.6033,3
0.72684,2.5511,3
-0.77116,0.31039,2
-1.7572,-1.8132,3
-0.83482,0.57938,3
-0.15514,-1.7,3
-0.55226,3.2436,3
4.4692,1.6377,3
0.16095,1.477,3
0.086174,0.70895,3
0.51587,4.4302,3
4.1374,3.5601,2
1.6696,2.0271,3
-1.7588,-2.2654,2
3.6595,-0.11566,3
-3.5435,1.7843,3
-2.557,-1.0368,3
0.31298,5.1628,3
1.8359,-2.302,3
0.71749,0.53205,3
0.61701,4.3623,3
-0.48129,-3.5979,3
1.6503,0.36146,3
-1.8202,2.9671,2
-0.7339,3.1884,3
0.86788,0.92899,3
2.798,-0.78902,3
2.3411,1.3082,3
-0.85996,0.78121,2
0.044621,0.48262,3
-0.26409,1.2548,3
-1.1089,-4.0013,3
1.6375,3.4822,2
0.62406,0.29,3
2.3834,-2.1801,3
-1.2389,-2.0573,3
-0.22748,-1.1424,3
-1.177,2.5143,3
-0.33831,-0.13168,3
-4.1193,-1.4286,2
1.9313,5.0494,3
2.2555,1.7282,3
3.134,2.0918,3
-0.039592,-0.98666,3
2.7121,-1.9912,2
4.2059,1.5301,3
1.5751,-2.8689,3
3.9157,0.56457,3
2.6494,-0.82413,3
3.7522,2.7714,3
-0.68494,0.30505,2
-0.70952,0.39336,1
0.65943,6.02,3
-3.8664,-0.25257,3
0.71275,-0.15489,3
-0.63032,-1.9713,1
4.0082,1.8046,3
2.911,3.0179,3
2.0864,6.2869,3
4.9797,2.0655,3
-0.3638,0.53541,3
1.7554,1.5936,3
0.48834,5.1032,3
0.17979,0.21939,2
0.11257,-0.3328,1
-3.5846,-0.020922,3
-0.053552,1.8504,2
3.1752,-0.63322,3
0.95665,0.7916,3
-1.1204,0.292,3
-0.14353,-0.65473,1
-0.65873,-3.0302,3
-1.9686,-0.17581,3
-1.1673,4.0258,3
-0.44507,-0.33448,3
-1.4578,-2.7653,3
3.0756,1.4084,2
-1.2074,-1.9532,3
0.63325,1.3885,2
0.96086,1.3625,2
1.6595,2.4773,3
1.875,-0.97258,3
2.6659,0.65922,3
0.78314,0.71969,3
-0.86654,-1.9783,3
-0.55516,-4.3644,1
-0.38615,-3.121,3
-3.1582,4.6271,3
1.0285,0.51427,3
-1.7602,0.51695,3
-2.0459,0.52037,3
1.3229,-2.0586,3
-1.0157,3.2126,3
0.38034,2.5675,3
-3.8314,-1.4509,2
2.3194,1.3588,3
1.3813,0.90154,3
4.4304,7.122,3
4.5697,4.1692,3
3.3673,-0.58571,3
0.76332,2.4787,3
-1.4542,-0.41335,3
0.16965,0.58545,3
2.6103,1.3948,3
0.73576,2.9827,2
-4.9951,-0.43574,3
-2.0727,-1.7763,3
-2.0994,0.48254,3
2.3311,-5.1072,2
0.73153,1.0353,3
4.006,1.8629,3
-3.9777,-0.19862,2
3.2157,0.22422,3
-3.0304,-1.5321,3
-1.7643,1.8778,2
-2.1501,0.56289,3
-0.052652,-4.1378,3
-0.69482,-2.8713,3
-0.93394,3.7459,3
1.1182,2.2668,3
-3.8646,-4.9271,3
-0.63298,-0.066788,1
0.5461,0.86553,3
-1.542,0.67195,3
-0.12103,2.1552,3
2.0974,1.5296,3
-0.40354,-0.092783,3
-1.585,0.65742,3
0.47132,1.1704,3
-0.37321,-1.0848,2
5.6017,0.91,3
0.67784,-1.4626,3
2.227,1.2024,3
2.5216,3.8179,3
2.6944,1.6379,3
4.873,-3.6733,3
0.67274,1.4837,1
-0.60688,-1.0398,3
-0.471,1.0096,3
1.5105,-0.86509,3
2.626,2.0716,3
-1.8967,-1.5752,3
2.4213,2.0549,3
5.2607,-0.044037,3
1.5247,1.2278,3
1.1289,-1.5533,3
-1.8514,-1.6816,3
3.3187,2.2894,3
3.4929,0.78996,3
0.66941,3.2065,3
2.1291,0.84019,3
0.94486,-0.99351,3
1.5861,0.85155,3
1.6235,-3.2651,3
-0.89685,0.42066,3
-0.804,1.0644,3
-0.49569,1.3734,3
0.63381,0.53278,3
0.92874,6.0134,3
1.7388,-0.054314,3
-1.9689,3.3656,2
1.9174,1.9111,3
1.6288,3.0182,3
1.6249,0.46497,3
-0.99077,-0.34706,3
-1.7114,-3.833,1
1.4926,1.3133,3
-0.17617,0.98245,2
1.2688,0.55367,3
0.77623,1.1247,3
-1.7647,-1.4649,3
-0.71493,0.32435,3
6.0324,-1.3134,3
0.54026,-1.7887,3
-2.0714,3.651,3
-3.2694,-4.9742,1
2.0696,-1.4182,2
3.5218,0.54321,3
1.8444,0.37473,3
0.35259,0.065896,3
-2.3498,4.0086,3
2.3473,1.6239,3
-0.10136,-1.6366,3
-0.32052,1.8207,2
0.79427,3.9015,2
-1.1084,1.5583,3
3.0457,1.5962,3
-0.54827,-4.3337,3
3.8695,-1.1274,3
0.46224,1.543,3
2.9702,2.4385,2
-1.247,0.89243,3
3.6483,3.3524,3
0.25554,-1.8296,3
0.84001,-0.42747,2
-0.97458,-1.9611,2
2.8334,-0.6374,3
3.6139,1.7281,3
-1.4294,-0.70688,3
-2.4972,-3.4742,1
-4.5408,-0.2798,3
-1.2032,-1.4184,2
1.1573,2.2391,3
3.5543,1.1866,3
2.8739,2.6945,3
-1.8405,1.7957,3
2.0224,2.012,2
4.1782,1.0845,3
2.2545,5.2998,3
3.216,-3.2119,3
2.3145,0.24069,3
5.5714,5.7919,3
1.2465,1.7187,1
-0.73407,-0.51822,1
-0.088403,2.2818,3
-4.2206,0.87823,2
3.9314,-2.7374,3
-2.3198,0.61011,1
5.1415,3.5296,3
2.2704,2.8064,3
-2.3081,2.1552,3
0.58321,2.0171,2
-1.0166,-0.9243,3
-2.4804,-2.319,3
-0.8475,1.9264,3
2.6246,-2.0369,3
1.7799,3.2352,3
-0.70595,1.0817,1
1.8732,-0.20484,3
1.9443,-1.9663,3
-0.30399,-0.15122,3
-0.41411,-0.39041,3
-1.2961,-0.5028,1
-1.8949,-0.05554,2
-1.4339,2.4951,3
-0.97725,-0.13804,2
0.34613,-1.9927,3
-1.4336,-1.9838,3
2.05,3.007,3
1.5753,3.9812,3
1.9904,0.25056,3
-0.35468,1.5453,3
0.54643,-0.98244,3
-2.8068,-1.7209,3
0.66069,2.6192,2
3.8807,7.9128,3
1.3286,-1.3472,3
1.8779,0.84945,3
2.2771,1.3904,2
2.8242,0.52759,3
3.423,-0.34184,3
1.1946,1.3628,3
-0.59613,2.0372,3
-1.4177,2.1613,3
0.87738,-2.223,3
-0.080077,-2.1631,3
-1.227,-0.14664,3
1.2759,3.0636,3
0.66818,-2.5569,3
5.7171,-0.87876,3
-0.025025,-0.76744,3
-3.4489,-8.1102,3
0.78296,4.0771,2
2.3923,3.6784,3
3.1397,1.4911,3
3.354,4.8288,3
2.1509,-0.25378,3
-0.59199,0.86968,2
1.3122,0.42901,1
2.4304,1.1026,3
-0.37662,-2.4564,3
-0.074768,0.2775,3
-0.8541,2.3567,3
2.0274,1.1242,3
-0.42334,-0.55794,3
-1.6449,3.1878,3
3.8902,1.9213,3
-0.27591,4.261,3
2.3079,5.7526,3
-0.44451,2.5297,3
-0.31976,1.3894,3
-1.6475,1.5803,3
-1.8635,-0.85848,3
-1.2321,1.2606,3
1.1761,-1.7101,2
0.37736,-1.6345,3
0.58743,4.4748,3
-1.2931,1.6522,1
-2.5781,-0.0038581,2
-0.79709,-1.8437,3
2.1164,3.7111,3
-0.53531,-0.22818,3
1.4667,0.41705,3
4.9945,1.7331,2
-0.20369,-0.93264,3
-1.4289,-2.2068,2
4.3803,0.62996,3
-0.78837,-0.11042,3
-0.79418,-1.7808,3
0.57042,-1.7434,3
2.5996,2.0728,3
-1.4647,0.67949,2
2.2005,-2.3534,3
4.4654,-3.5852,3
-0.85016,1.3744,2
-3.8463,0.25119,2
-0.98522,4.6565,3
-1.0523,3.6842,3
0.53761,-2.4346,3
-0.84599,-0.36591,3
-0.28653,3.666,3
3.3519,2.0225,3
-3.5008,-2.0625,1
2.1935,-1.2584,3
3.6584,5.1724,3
1.584,2.6858,3
1.295,0.53641,3
-4.0698,2.6963,3
-2.5691,-1.3827,2
2.4696,4.6002,3
-1.3639,3.5135,2
-2.2619,0.96844,3
1.0254,0.76057,3
6.4533,-1.7051,3
0.98549,-0.29857,1
1.2128,1.6575,3
0.06243,3.3638,3
-1.0046,2.7265,3
1.2877,-2.0538,3
3.0752,-1.6142,3
-1.0624,1.1312,3
-2.1026,-0.95485,1
-0.43149,0.72312,2
0.65916,-0.61469,3
4.8924,2.609,3
1.9048,0.5453,3
3.8307,4.6003,3
1.8384,1.7719,3
2.4886,1.6532,3
-1.8123,-0.91933,1
-0.35038,4.2101,3
-2.3313,4.8237,3
-2.1983,-2.9603,3
5.4615,0.90132,3
0.13568,-2.8058,3
0.99017,1.3269,2
3.7276,4.399,3
3.0349,3.6298,3
0.50043,-0.81336,1
-1.8194,-3.3929,1
-1.3351,3.1553,3
-3.4279,-0.72302,3
0.07235,2.2979,2
1.6941,2.5473,3
-1.7042,4.3611,3
-1.1518,0.4318,3
-1.0981,2.3479,3
-1.3027,-1.7092,3
0.014717,-0.85382,3
6.2126,3.5678,3
0.70473,1.4571,3
-4.9789,-2.2553,3
-2.5022,3.7187,3
0.16711,-2.4619,3
2.2444,-3.9211,1
2.7671,-0.36084,3
4.3933,1.5433,3
-0.41433,1.6861,3
6.1277,1.4051,3
1.0377,2.344,3
1.983,3.2982,3
-1.3761,-1.7772,3
-0.17738,1.2961,3
1.4017,2.3676,3
-3.651,2.4562,3
-2.9236,0.57709,3
1.411,4.4876,3
4.265,2.8286,3
-0.40382,1.1282,1
-1.173,-2.6765,2
-2.1957,-1.7394,3
0.69495,1.952,3
-0.5216,0.16717,3
-1.6366,3.0835,3
1.9219,1.1738,3
0.85469,-0.92159,2
3.2315,0.112,3
1.5898,-0.13709,3
0.89854,0.24136,3
-3.7783,0.07814,3
1.5345,-0.090167,3
-1.3784,-0.070796,3
2.5331,0.68879,3
0.77898,-0.91685,3
-1.0852,1.8356,3
0.50193,1.0937,3
-0.015084,1.0226,3
2.0208,0.045672,2
-1.8357,0.16941,2
2.9186,-0.1849,3
2.6795,5.4776,3
5.7158,2.7269,3
-3.391,1.727,3
1.729,-0.34758,2
-0.0045546,-3.3941,3
-1.3708,0.63979,2
-0.34766,4.7903,3
3.0299,0.23021,3
1.7585,-1.5744,3
-2.0697,-2.9407,2
2.3434,1.3106,3
1.0659,-1.6574,3
2.1466,0.87486,3
2.6448,-0.21,3
2.3936,-1.2157,3
0.27959,-3.364,1
-0.67119,0.49575,3
-2.3515,2.8295,3
5.8545,4.4712,3
0.84257,0.84954,1
1.5217,-1.0386,3
4.3158,3.1793,3
-4.6867,-0.82776,3
0.6799,3.6641,3
1.6693,0.94427,3
-0.68946,4.025,3
3.2153,-2.0315,3
2.5536,4.0147,3
-0.59761,-1.3008,3
-0.082925,1.6544,3
-1.5522,1.2396,3
0.43128,6.3914,3
-1.5904,-0.67493,2
-0.35334,-1.7907,3
-3.0418,-1.8894,3
-0.46571,0.11816,3
-1.0744,1.8101,3
4.7395,1.3493,3
0.98809,2.6326,1
-1.9926,-2.3086,2
2.8254,-2.6907,3
-2.4046,0.023824,3
1.2687,-0.65554,3
1.6713,-1.0447,3
-3.378,-1.1932,2
2.82,0.36994,3
1.5574,-2.2553,3
3.0668,0.25201,3
0.99639,-1.4417,3
-1.5284,2.279,3
-0.31501,2.532,3
0.56276,3.1705,3
-1.3533,-1.3443,3
1.4463,-1.0641,3
0.3793,-0.61567,3
0.45909,3.4064,3
1.1041,-0.0085817,3
-0.45526,-0.6596,3
1.3552,-0.17701,2
1.6682,1.8366,3
0.85847,-2.768,3
1.6026,0.94395,3
1.9554,-0.52463,3
2.8728,0.71146,3
-0.38845,2.119,3
2.4783,-1.3474,3
3.148,0.39593,3
1.2808,0.9696,3
0.6837,4.1987,3
-0.16148,-0.5061,3
0.44896,1.8782,3
1.0917,-1.3355,3
-0.47093,0.27696,3
-3.5541,-0.48621,3
-0.36938,2.3709,3
4.2532,-0.33008,3
2.7673,1.5002,3
-2.1286,-0.024568,3
-2.2194,0.093399,2
-0.031213,1.0903,3
3.1924,4.6821,3
-1.2536,3.3458,1
2.0582,1.8747,3
1.4702,0.89171,3
-3.4483,-4.6653,2
0.31011,2.9728,3
-1.1061,-0.66316,3
-1.8461,0.021822,3
2.6506,5.6172,3
0.40054,2.4044,3
4.6673,6.7017,3
-1.0472,1.8316,3
1.4465,-1.856,3
0.9572,0.87966,3
-0.97116,-1.9618,3
-0.60719,0.72336,3
5.2061,4.2833,3
2.5104,-0.38951,3
-1.6906,-5.7361,2
0.32903,1.7773,2
0.94602,0.80945,3
6.2116,0.64321,3
3.0181,0.62365,2
1.6359,-1.4655,2
3.5586,-0.4325,3
-1.4675,0.70337,3
1.7063,1.1137,3
-1.7953,1.0753,2
4.9595,2.1511,3
0.40254,-3.4027,3
8.0689,2.7635,3
0.8637,2.0186,1
-1.9471,-2.7179,3
1.6974,1.8468,3
0.83524,0.0053805,3
0.31844,1.3441,3
1.909,0.74702,3
-4.8332,4.3978,3
-1.4246,-0.29742,2
2.5145,-0.26421,3
2.0775,1.5102,2
0.68645,0.60018,3
6.4361,2.8808,3
-2.8467,-3.6714,3
0.83704,3.1158,2
-2.5237,0.22766,3
0.52811,0.037577,1
-1.4384,-1.0663,3
0.48704,-1.1121,3
2.8428,0.80396,3
2.4745,0.077607,3
2.021,3.7236,3
2.0441,3.0055,3
1.8017,6.9084,3
-3.1389,1.8834,2
-1.1048,2.1183,3
4.2539,-2.5904,2
-0.55386,-0.24859,3
-0.63205,-1.5172,3
2.7166,2.814,3
3.1186,1.6293,3
-2.5034,-1.1589,3
4.9353,3.0174,2
1.6862,4.2688,3
-0.052381,-1.8109,3
2.9514,-2.7707,3
-1.7951,2.8238,3
0.10656,4.3801,3
2.3725,2.9608,3
2.2285,2.3157,3
0.87385,-1.0338,3
-0.0092617,-0.74786,3
0.45912,-0.97593,2
-0.97105,1.3439,3
2.1507,2.9805,3
-3.4751,0.21074,1
4.6103,-0.044133,3
2.3128,1.0391,3
-0.14506,-2.5685,3
-1.1743,-0.14845,3
1.2153,-0.5648,3
-1.0622,-2.0778,3
2.8375,4.1701,3
-0.352,0.22171,3
2.5945,1.7318,3
0.29551,-0.24186,3
5.1361,0.91893,3
-1.5151,1.9768,3
1.2887,3.8493,3
3.3017,-1.2303,3
0.8915,4.2193,3
-0.13851,3.7954,3
4.3658,2.1486,3
3.4708,-1.3861,3
2.8969,2.6938,3
3.0298,2.8278,3
-0.61268,-2.9489,3
2.2764,3.6212,3
-0.25476,-1.1511,1
2.1913,-3.2757,3
2.6812,-1.6246,3
-2.7262,-1.8768,3
-0.23004,-0.91708,3
-0.79105,-3.5826,2
-2.3862,2.2377,3
4.1926,1.3363,3
-2.9123,0.12675,3
-1.7844,-0.27349,3
1.2342,3.3544,3
-0.65532,0.31723,3
0.89237,3.3156,3
2.4836,-4.9107,3
0.1161,-2.2372,3
1.2912,0.42153,3
-1.3687,0.30405,3
3.0014,-0.47251,3
-3.8723,-0.73271,3
-2.7999,-0.9656,3
0.66295,4.5004,3
4.6387,1.8228,3
-4.4428,0.3348,2
2.1078,0.5019,3
-3.232,-0.26616,3
1.5503,3.1806,3
-1.649,4.5783,3
2.4701,-0.43004,3
3.5406,1.4527,3
-1.4076,-2.7686,3
1.3912,-1.2372,3
-1.264,1.3731,3
3.885,5.4913,3
3.6988,5.2507,3
3.1957,-0.35495,3
-2.1737,1.6475,3
5.7368,2.5305,3
1.8116,0.75064,2
1.7888,3.4326,3
-1.1204,2.9781,3
0.081287,1.1166,3
3.56,1.3126,3
1.675,-0.51316,3
1.8818,-1.1832,3
0.74579,0.35634,3
2.8361,1.5413,3
1.2116,1.9382,3
0.90767,-1.3169,3
-2.7905,3.0658,3
0.96873,3.0363,3
1.582,1.3329,3
1.2965,3.0511,3
-0.0029077,0.91697,3
2.1241,-1.7989,3
0.96118,4.136,3
-3.3063,-3.4044,3
-1.782,-1.5709,3
3.7551,-0.87596,3
4.3778,4.7356,3
0.74762,-0.13122,3
0.55997,3.7568,3
0.76893,5.5026,3
-1.8779,3.1356,3
-0.43793,-4.7588,3
-1.8878,-1.7013,2
-3.9293,-3.1499,3
2.6989,1.0389,3
4.6825,2.051,3
2.9721,2.4868,2
0.3037,0.68029,3
2.008,-0.12691,3
0.3382,-0.97987,3
0.8399,0.040328,3
3.2591,3.1763,2
1.8197,1.9671,3
0.32594,-4.2864,3
0.36281,-2.0517,3
0.068913,-3.2681,3
1.8067,2.25,3
-1.4839,0.62433,3
0.34878,1.2253,3
-1.0189,3.9672,3
-2.7944,0.92223,3
1.4742,4.5214,3
-0.54934,-2.0756,3
-0.88556,1.2322,3
-1.256,-1.9411,2
-0.49111,-0.59788,2
0.14705,1.3916,3
-2.2769,-1.1282,3
1.8372,-0.60492,3
1.6816,3.2464,3
-2.14,6.1266,3
3.5433,-1.4005,3
-0.070069,6.8572,3
0.80438,2.7479,3
1.2547,1.9149,3
-1.1235,-1.1806,3
-4.3372,3.9771,3
0.10776,4.0622,3
1.9888,0.81232,3
-0.95114,-2.6751,3
-0.31062,0.43004,3
-1.3469,-2.3299,2
4.6967,-4.179,2
-0.13326,2.6493,3
1.4395,2.7157,1
2.9659,4.4046,3
0.075473,1.2116,3
1.118,0.26915,3
0.82129,3.7604,3
1.0464,3.4703,2
1.5003,2.7616,3
1.2034,-1.1565,3
-0.38043,-2.1425,3
1.3777,0.53099,3
0.072229,-0.54641,3
1.0151,0.49861,3
2.7401,1.6289,3
2.4992,0.033488,3
3.0008,4.2165,3
-1.3114,-0.48747,2
0.19755,2.0093,2
0.46303,4.6815,1
-0.13372,-1.3301,3
2.9437,4.2243,3
-0.36717,1.1658,3
-1.3548,-5.7405,3
1.2885,2.1429,3
3.3811,3.7921,3
-1.5358,-3.2772,3
1.0405,-0.55548,3
-0.27758,-2.5467,3
2.1101,3.0923,3
-0.42111,2.2356,3
2.3515,0.24083,3
1.6157,4.1118,3
2.9708,4.3919,3
-0.45738,0.64043,3
-0.048622,0.62815,3
3.5698,3.9273,3
-1.0118,0.82986,3
-0.61511,2.5556,3
-4.3899,3.6063,3
-2.7743,-2.5558,3
2.4531,-2.8335,3
2.0038,0.81654,3
-0.74922,-2.7349,3
0.40891,0.37072,3
-2.4812,-0.74167,1
-0.61423,-3.2586,3
1.8301,-0.78335,3
2.5017,-0.035509,3
-2.2869,0.738,3
-0.2937,-0.5404,3
2.716,2.9555,3
2.6175,2.4318,3
-1.2532,3.3463,1
1.7329,-0.74754,3
-1.6443,2.6744,2
1.5083,3.6508,2
-0.024533,0.051133,3
-3.6074,-0.43924,3
-0.41806,-0.86562,3
3.2886,5.7334,3
2.6637,-0.40495,3
-1.0047,3.9738,3
0.28334,2.8922,2
0.28163,0.92654,3
-1.7818,-0.36339,2
0.52635,2.5032,3
-1.3977,-0.1469,3
1.502,1.9301,3
-2.2156,-3.3614,3
-4.85,2.5058,3
-0.58462,-0.17663,3
-2.6014,-0.54556,2
4.8464,3.3504,3
0.3051,0.94246,3
2.4198,-1.0402,1
-0.23856,-0.55995,3
0.84794,0.68436,3
2.2088,2.781,3
-0.38576,0.75902,2
0.6375,-1.0892,3
-0.30276,0.22182,2
1.4878,-0.8805,1
4.017,3.1312,3
-3.7036,2.5621,3
-0.66357,-2.4525,3
2.3455,-1.5955,1
4.4794,1.4571,3
1.5326,1.4043,3
-0.2833,3.2928,3
0.28048,1.4934,3
-1.1332,-0.92279,3
-1.5643,0.9236,3
7.4043,3.3722,2
-0.12602,1.4093,1
-1.6106,3.4884,3
-1.195,2.9706,2
2.6811,3.1819,3
2.1492,0.8677,3
2.4802,4.3657,3
-2.3899,3.1108,3
3.4368,-3.251,3
2.8479,3.2868,3
-0.11864,0.372,3
-2.8669,0.56446,3
3.5378,0.23668,3
1.3974,0.66637,3
0.73178,-2.8527,3
-3.8257,-1.7716,3
0.04169,1.884,3
1.8066,0.62879,3
1.3698,6.2065,3
0.31926,-2.4963,3
1.9482,6.7928,3
1.2269,2.3437,2
2.2845,2.7421,3
0.41401,3.4624,3
1.1778,-2.5816,3
-0.30696,-0.02876,3
2.4039,-1.7115,3
0.51645,2.257,3
2.7512,1.429,3
2.8958,1.8015,3
0.63576,-2.0837,3
-1.1801,2.3309,3
0.95417,1.2871,3
0.1588,-3.5949,3
-0.35037,-0.38678,3
2.6814,0.61417,3
3.323,2.3334,3
3.0956,2.7032,3
-0.01618,-3.5602,3
3.035,4.018,3
5.6045,2.5339,3
3.6853,2.76,3
-0.78255,-0.80912,3
2.6857,-0.53766,3
0.70745,3.2836,2
0.47746,-1.2032,3
2.9488,-1.647,3
-3.4144,0.99677,3
-0.074742,-1.7301,2
3.514,1.9101,3
2.5086,-1.4387,3
-2.8985,-2.1097,1
3.6931,0.99996,3
0.63272,-0.15338,3
2.6131,1.8742,3
-0.94608,3.9484,3
1.3641,-2.3317,1
3.1308,3.2951,3
1.0761,0.54339,3
-4.6311,-6.1845,1
3.5819,0.79589,3
-3.43,-1.8168,1
1.6486,1.4182,3
-0.28396,3.5954,3
-4.3265,-2.2877,3
-1.5814,3.1844,3
-1.092,4.9745,3
0.96691,2.0158,3
-2.5834,-0.51652,3
2.6457,-1.836,3
2.0202,3.9894,3
-0.89726,3.3837,3
-0.9978,1.7133,3
2.5366,1.4029,3
-0.21856,-0.97819,3
-1.623,-0.56459,3
3.0981,3.0963,3
-1.1425,0.99301,3
-0.27134,4.4888,3
0.64298,0.0053283,3
-0.27656,2.0149,3
3.728,2.1567,3
4.1958,3.0166,2
1.7798,4.6925,3
-2.2442,-3.4372,3
-0.99532,-2.4277,3
-0.73195,5.5557,3
-0.091011,-3.5611,3
0.36332,1.6554,3
4.2316,3.0051,1
-1.9646,1.9478,2
0.16194,3.0119,3
0.22628,0.66413,3
-0.19105,1.8154,3
0.27051,-3.1635,3
-1.9127,-2.9659,3
-2.1468,2.2881,3
1.7515,-0.60094,2
4.0416,0.34351,3
-1.2951,2.073,3
2.3193,-0.90862,3
0.4659,-1.3848,3
-5.6365,0.77707,3
-3.3268,-0.6514,3
5.2351,-0.051208,3
1.3208,0.35032,3
2.0141,3.5587,3
0.74337,-0.46917,3
-3.8961,-1.1513,3
-1.6326,-2.0166,3
-2.8839,-1.7033,3
2.4832,0.46205,3
-0.75363,0.92047,3
1.6622,2.487,3
1.4012,-0.84991,3
4.7296,4.0207,3
-1.4166,-6.9262,3
-1.7014,0.30048,2
-0.28321,-1.5378,2
1.7991,0.14114,3
0.99746,0.4732,3
2.9625,-1.1879,3
0.35247,-1.8613,3
0.13061,-2.0505,3
1.238,-0.94528,3
0.23784,-0.96713,3
2.989,1.2662,3
1.369,-1.0837,3
-2.1851,1.1885,3
1.0759,0.028973,3
-0.46174,6.6326,3
3.0153,5.976,3
-1.8985,0.16281,2
2.4267,-0.044383,3
3.7603,-0.08635,3
2.4879,2.4594,3
0.86783,2.1121,3
3.6481,4.3133,3
2.9047,1.4475,3
2.3335,1.2005,3
-0.78237,-0.82603,3
0.22089,-0.013746,1
1.1098,2.7965,3
-0.55033,1.9885,2
-0.48403,-4.3905,3
0.25026,2.9556,3
0.46792,-0.43794,3
-0.059396,-1.1556,3
-2.3074,0.63008,3
1.3387,1.9222,3
1.4352,2.9364,3
3.8678,2.2408,3
2.2253,5.912,3
4.9609,2.4387,3
1.8291,3.3875,3
2.0287,3.0761,3
4.5396,4.1974,3
-1.3795,-1.8674,2
0.69692,-2.4279,3
-1.3765,-2.4135,3
-2.0965,-0.81759,3
2.8764,2.2866,3
5.1192,1.3327,3
1.8374,2.7504,3
-0.27017,1.2276,3
0.78318,-0.81719,3
0.91692,-2.0482,3
1.649,1.6023,3
-2.3649,-2.1091,2
0.41137,2.6957,3
-0.019395,-3.058,3
-0.17826,-1.686,3
-2.3989,0.25078,3
-2.015,1.4156,1
-3.8162,-3.5296,1
1.2589,-3.7963,1
-1.8992,-3.6275,2
-1.3462,-0.45493,3
0.16095,3.1002,3
2.215,-1.283,3
-2.8758,0.25681,3
-5.2835,-0.30541,3
-1.1204,2.2178,1
1.8055,2.3356,3
3.3854,1.1513,3
2.0433,2.0534,3
0.91982,1.1305,3
2.0642,-1.5055,2
-0.75432,-3.1069,3
1.4938,-0.28151,3
-2.4927,-1.1152,3
2.5102,4.6201,3
-1.6369,0.93633,2
-1.7457,0.34351,3
2.497,1.7743,3
-1.799,1.8779,3
-1.0169,3.9004,3
3.9027,3.075,3
-2.0456,-1.0796,3
-1.5182,1.9481,3
3.3474,4.1085,3
1.2443,2.6225,3
-1.7634,0.48939,2
-1.1709,-2.0011,2
1.4219,0.85013,3
2.324,0.29826,3
-3.1113,-3.0659,3
-4.7649,-3.2618,3
2.0003,0.79342,3
0.33558,-0.66056,3
-0.68384,-2.8827,1
-1.2805,0.26621,3
0.7462,0.51351,3
3.7454,1.5588,3
-2.2023,3.3145,3
3.6126,5.3865,3
-1.0443,-0.95153,3
1.1554,-0.8429,3
0.51664,-0.52364,3
-1.4249,-1.5579,3
2.8161,2.4913,3
1.4894,1.0006,3
-1.9507,2.7766,3
0.2311,-0.28929,3
3.8307,-0.70143,3
0.42123,-0.43067,3
0.64709,3.5316,3
0.023248,-0.69594,2
1.4133,2.2161,3
-0.69628,3.9522,3
3.8845,1.3362,3
-0.2415,-2.1797,3
1.6992,1.4361,3
3.0568,0.55035,3
0.47028,-3.3781,3
3.1224,0.52879,3
-1.7173,1.8794,3
0.4414,0.13776,3
2.1319,-1.0296,3
-0.60506,1.8348,3
-0.86126,-0.43272,3
0.20725,-1.1113,1
0.49261,4.1827,3
2.575,-0.88226,3
2.048,0.0045024,3
-0.12601,-2.8802,1
1.3771,1.3785,3
-1.5397,-1.9438,3
-3.0801,1.3914,3
2.9039,1.5449,3
-0.91618,3.7641,2
1.5418,-3.7599,3
1.3794,-2.7222,3
4.103,-2.01,3
3.1853,2.2202,2
-1.0852,-0.99385,2
1.305,-1.9181,3
1.4326,1.2261,3
-2.9148,-2.1845,3
-0.77647,1.2326,3
1.6521,0.87021,3
2.4699,2.2183,3
-3.6518,-6.7592,2
0.31191,-2.5156,3
-2.0016,-4.6611,3
1.2185,1.8063,3
2.6647,1.0858,3
0.95556,1.6943,3
3.2211,-0.088304,2
2.5648,0.89454,3
2.9379,2.3211,3
0.81127,-2.5097,3
-0.48871,-2.8117,3
1.8755,-1.4458,3
1.3058,0.18855,3
4.8205,-0.41205,3
5.0331,-0.73768,3
-0.59654,3.6889,3
0.78322,1.3395,3
-0.84175,-1.6025,3
-3.074,3.1865,3
-0.36518,1.8601,2
4.5015,-3.2228,3
0.2605,1.3699,2
0.60647,1.0668,3
1.8871,4.8099,3
5.2438,2.4815,2
-3.9536,-5.2594,1
1.2929,4.0814,3
2.1067,-0.32631,3
1.804,0.4408,3
0.53272,-2.8186,3
0.60745,0.26753,3
4.7753,4.3755,3
-2.5705,-1.8603,3
0.29206,1.7906,3
-2.223,1.9125,2
0.54917,3.4736,3
2.5001,0.46312,3
2.4092,-0.19481,3
1.0953,6.1716,3
3.6368,-1.9904,2
1.6133,1.4044,3
1.888,1.024,1
-2.3038,1.4499,3
-0.95184,0.44264,3
3.8709,1.518,3
-8.2756,-0.17719,3
3.2907,4.3193,3
4.2384,0.59838,3
3.3855,4.1224,3
-1.5982,-2.5452,2
2.6003,4.1168,3
2.4159,1.4957,3
-3.3615,0.2787,1
0.72888,-0.11728,3
0.54028,1.2439,3
0.62389,0.79066,3
1.5089,4.7919,3
1.9982,1.6293,3
-0.57447,3.8034,3
2.2763,0.39775,3
-4.115,-4.8007,1
4.4553,0.28123,3
1.5101,4.1654,3
-1.0405,-0.69494,3
1.8562,0.24508,3
-3.7207,-0.66419,3
2.7587,4.7532,2
0.15017,1.2913,2
0.33617,-0.91773,3
-0.68066,1.8466,3
-1.8428,-0.79837,1
2.8871,-3.0878,2
0.89454,1.6615,3
3.699,1.82,3
