1.2199,2.2796,3
5.3362,5.8588,3
5.8107,4.4882,3
3.3299,5.2182,3
4.1632,1.2069,3
3.0087,3.7271,3
4.7464,5.6833,3
5.9437,6.9769,3
5.2602,7.8672,3
4.2581,5.5858,3
5.8598,8.1077,3
-5.391,-1.5933,1
6.6211,5.1581,3
2.7893,4.5767,3
8.7771,3.77,3
8.099,2.0563,3
6.3067,2.9002,3
2.9396,-0.60233,3
1.3271,5.1987,3
-0.88371,-1.2525,3
8.2703,3.4652,3
1.2602,-0.25253,2
5.0949,5.0072,3
4.3488,3.3965,3
-1.6037,3.4634,3
2.1494,3.8489,2
10.409,3.9563,3
1.8938,4.4478,3
3.2891,5.6425,3
3.0373,7.7672,3
2.3463,1.7029,3
6.2271,0.14153,3
4.955,7.0139,3
3.2244,5.8153,3
0.61522,5.5861,3
-6.2659,-4.9229,1
4.7354,0.38782,3
7.5382,7.0818,3
4.6855,4.8823,3
7.8075,3.9492,3
1.3863,3.0109,3
2.6478,2.3578,3
4.8593,0.54034,3
4.9056,1.244,3
2.6996,2.7516,3
4.4037,8.2003,3
5.7245,2.0646,3
7.0519,6.6472,3
5.4155,8.1933,3
2.9189,2.5567,2
-4.5033,-3.9705,1
1.373,2.5258,3
2.7987,2.3677,3
3.3007,-1.3392,3
2.7276,0.016072,3
4.332,3.8982,3
5.1602,1.688,3
4.5712,5.162,3
2.3094,5.5954,3
0.30776,4.3506,3
2.278,3.3608,3
5.6822,6.0011,3
3.0522,3.6118,3
1.0782,2.1496,3
-3.1799,-3.9734,1
4.5142,4.7268,3
8.0532,7.5256,3
5.9625,-0.37815,3
4.062,3.6844,3
7.6279,5.4741,3
1.6417,2.1697,3
9.2389,2.7501,3
4.1651,1.6639,3
0.57801,2.7384,3
2.4177,-0.41253,2
-0.03663,3.1103,2
6.5803,3.4806,3
2.2575,4.3346,3
7.3786,4.7024,3
4.3246,6.4824,3
4.4023,5.6174,3
6.5155,7.0484,3
1.5896,2.044,3
-1.581,-3.6681,1
2.7863,2.2081,3
0.81778,-4.3162,2
-4.3664,-3.6063,1
6.313,5.6003,3
-4.552,-0.90623,1
-1.9737,-2.0134,2
1.2563,6.5202,3
0.3973,9.4056,3
5.2051,1.7468,3
5.0095,2.6148,3
1.82,-1.524,3
3.7428,3.6322,3
-3.614,-0.14061,3
4.9292,0.37965,3
5.7524,4.4987,3
8.2402,5.53,3
2.8422,2.4271,3
2.5834,5.1886,3
0.93943,-0.084295,2
3.8722,6.9479,3
2.533,1.7155,3
4.8924,7.0044,3
2.3222,8.281,3
0.40857,3.6296,3
3.3408,4.8957,3
3.028,4.7813,3
3.3891,0.72703,3
1.7629,3.5622,3
7.4282,2.9023,3
4.8317,5.6182,3
0.53056,1.2518,2
5.8911,6.0697,3
0.49219,2.0456,2
5.9897,2.3234,3
4.1223,5.5009,3
0.65343,0.31291,3
1.8448,2.5982,3
4.6352,5.4454,3
0.24846,2.0584,2
3.3794,-1.2319,2
5.4714,1.5458,3
3.1731,1.8456,3
7.144,2.6451,3
0.60785,-0.68693,2
4.0775,3.4891,3
2.2932,2.3217,3
3.1585,6.7118,3
5.6343,5.6417,3
3.7217,1.055,3
0.3664,-2.2318,2
5.3358,5.1016,3
2.6707,0.15891,2
5.244,3.8277,3
4.8947,0.82216,3
3.6493,4.8417,3
0.11379,-0.98007,2
4.8151,5.8431,3
7.27,1.5742,3
2.6287,4.2414,3
6.4962,5.4228,3
1.2731,2.5262,3
1.6849,-0.64068,3
6.4624,2.4727,3
5.847,5.2441,3
4.2725,3.0713,3
7.0588,6.5158,3
1.7544,0.57965,3
5.4291,2.7248,3
4.3311,0.37979,3
4.2882,3.6637,3
1.5341,4.0914,3
3.869,6.3602,3
2.3021,3.0792,3
3.9797,5.1679,3
3.0217,1.8678,3
2.4157,5.3133,3
6.8635,3.1898,3
3.0845,3.8414,3
0.12355,5.6289,3
4.3955,3.335,3
-0.3556,7.0637,3
7.5103,2.6884,3
3.1497,4.5637,3
4.862,2.9774,3
3.1309,5.9476,3
6.1036,4.1382,3
2.0889,5.3267,3
6.2595,2.6099,3
-0.0047245,4.699,3
3.2956,4.4521,3
2.698,3.6074,3
5.0353,1.1906,3
4.7834,6.435,3
4.8771,4.6339,3
6.7139,6.2545,3
6.5186,5.1689,3
5.9921,5.4021,3
3.7176,2.308,3
4.641,1.8862,3
2.9504,4.9192,3
5.4586,6.6898,3
5.6728,4.0077,3
-1.2846,3.9438,3
1.0762,4.1026,3
4.9578,3.8598,3
1.5095,3.3791,3
0.68122,2.9696,2
3.8878,0.5042,3
5.9709,6.575,3
7.0761,2.7165,3
3.4816,7.4402,3
3.2038,2.5261,3
8.358,6.5197,3
4.766,3.0781,3
4.266,3.467,3
4.6291,2.6069,3
5.2029,5.0233,3
7.4924,1.1214,3
2.4949,6.0571,3
4.3371,4.4161,3
0.33211,1.3033,3
5.7081,7.7898,3
4.6534,6.3808,3
1.3755,5.8489,3
5.6498,9.1418,3
1.559,3.9906,3
5.7778,2.0602,3
-1.5337,-0.35208,2
2.0767,8.0901,3
4.037,5.945,3
5.1081,5.4403,3
4.3664,4.755,3
4.3706,1.1118,3
2.7435,2.4261,3
2.6905,3.2519,3
3.3018,5.051,3
3.4954,5.4776,3
1.3074,4.6877,3
1.6937,0.055987,3
3.1424,8.2713,3
2.5092,4.6891,3
6.2642,1.3641,3
5.7119,2.9262,3
3.1044,2.937,3
3.1805,2.3006,3
4.0559,-0.10769,3
4.4341,7.4292,3
-0.94682,-1.4086,2
3.001,1.202,3
7.0089,5.5114,3
0.79573,2.8938,3
-0.88272,-6.942,2
5.2368,4.0553,3
1.5552,6.7322,3
-0.70348,0.58554,3
1.3008,4.5413,3
0.57557,2.2908,3
2.9236,1.9995,3
4.2048,2.0198,3
2.8827,3.2358,3
6.0179,6.1915,3
5.6314,4.492,3
-1.6809,1.0043,2
3.6567,3.5413,3
4.8671,2.761,3
3.0161,-2.2896,2
2.4827,2.286,3
7.9906,8.8398,3
-5.971,-3.3519,1
5.4948,5.7874,3
-1.4212,0.27826,3
5.2745,4.3215,3
3.0487,3.6737,2
2.8122,-0.3317,3
0.10883,3.1582,3
6.8147,6.0987,3
1.3586,4.9941,3
2.0476,3.3009,3
3.3849,-0.21027,3
2.5529,3.8531,3
8.3923,4.0999,3
6.0432,3.9467,3
2.0796,3.7442,3
-0.087117,-1.1107,2
5.2507,4.205,3
5.9047,0.56667,3
2.7108,2.6716,3
-3.0664,-0.95246,2
2.4432,2.4331,3
4.3819,2.1184,3
-0.60433,2.682,3
-1.7405,0.8283,2
4.584,3.0548,3
2.6712,6.6048,3
5.2124,4.2697,3
2.3165,6.2664,3
3.9487,4.2901,3
1.0915,3.3008,3
5.4832,1.3422,3
5.5483,6.9551,3
7.1169,5.3954,3
1.3221,1.1481,2
-0.27651,6.1617,3
3.7509,2.1244,3
6.337,6.2831,3
8.6961,0.58996,3
5.4528,9.3451,3
2.1901,3.0738,3
1.22,2.5939,3
3.0287,3.636,3
3.0149,8.5102,3
1.5787,3.9897,3
5.9414,4.7807,3
1.0326,4.1585,3
8.3793,2.4164,3
7.5867,6.0233,3
4.6092,6.5057,3
6.6954,1.1935,3
3.9461,2.6394,3
4.6354,3.6344,3
5.9566,4.4221,3
4.4942,3.931,3
1.124,-0.10658,3
5.6909,5.3984,3
-8.8637,-2.1339,1
3.7161,4.2082,3
4.3061,4.2134,3
2.9723,4.0514,3
3.6437,0.46467,3
3.7207,5.4725,3
4.3187,0.61615,3
4.6474,2.6595,3
2.2374,1.0922,3
0.85807,-0.65743,2
1.4104,3.0375,3
3.2276,4.5096,3
-2.2483,7.2072,2
5.1987,0.46339,3
2.0636,-3.8026,3
4.6261,5.0777,3
6.0186,-1.1365,3
2.7456,4.8294,3
7.223,2.8297,3
2.6171,3.4711,3
5.7885,4.2801,3
1.6379,4.9174,3
2.6706,-0.067953,3
9.9103,6.3583,3
2.4746,2.4044,3
10.028,4.4358,3
1.4068,-2.6129,2
-2.9987,-5.7666,1
-4.1493,-3.8935,1
5.5464,6.0224,3
5.3775,1.7729,3
-0.2194,2.3254,3
0.94285,1.0422,2
2.0106,3.8515,3
6.9848,7.1946,3
-3.1393,0.45134,2
1.0797,5.626,3
2.4403,4.9108,3
6.6273,2.4147,3
3.701,6.3788,3
3.4349,2.4091,2
4.6355,1.8967,3
2.6846,1.0729,2
4.8054,1.3339,3
4.4756,5.4365,3
5.0664,6.3539,3
3.4898,1.8266,3
4.1539,6.6839,3
1.7953,1.5778,2
5.8069,4.4116,3
5.1814,1.7789,3
3.6622,2.914,3
2.4582,6.4607,3
2.9353,1.758,3
-0.77253,-0.1538,2
6.3523,5.802,3
2.6535,5.3119,3
5.8206,6.6147,3
5.0153,-0.38992,3
4.0872,7.517,3
-0.13931,-0.53354,2
1.8096,0.5815,2
-3.4508,-1.9601,1
6.6484,4.9401,3
-0.53157,4.3112,3
4.99,1.3753,3
5.9915,4.0009,3
5.3213,3.1002,3
4.8146,-0.28556,3
5.5557,3.9861,3
2.3489,7.4993,3
1.9223,5.105,3
0.6154,6.7097,3
4.4069,4.2188,3
2.7963,5.4437,3
1.2853,3.2304,3
7.8669,5.2884,3
2.5995,3.6483,3
2.682,2.8984,3
6.3486,4.872,3
6.1057,5.0174,3
3.0115,-0.12895,3
2.2581,4.9815,3
5.0579,5.4518,3
5.11,3.2395,3
3.511,2.0396,3
5.9356,5.8636,3
0.19854,3.0152,3
0.53674,4.0197,3
0.4329,0.85023,3
6.0552,1.9218,3
-3.9698,-1.3532,2
0.70634,3.5316,3
10.036,6.6615,3
3.0194,1.405,3
2.116,2.9225,3
6.5628,1.8495,3
3.6699,6.0271,3
1.1402,3.0386,3
3.6388,6.2337,3
2.5826,5.7279,3
1.4131,2.4267,3
0.27877,3.7573,3
5.2543,3.7516,3
4.9077,5.4383,3
3.8422,6.0751,3
5.5461,-1.2735,3
2.7059,-0.51912,3
5.3936,5.48,3
2.1493,5.2873,3
5.2483,3.8461,3
6.4406,1.8035,3
0.4131,4.285,3
4.3227,0.079638,3
1.5595,-2.7232,2
0.36081,5.3333,3
4.4672,5.2014,3
4.3701,5.7613,3
3.3196,8.5827,3
-0.38065,1.9098,3
4.0408,5.368,3
3.1274,2.4916,3
3.7496,6.2456,3
2.197,5.3617,3
4.357,1.3267,2
4.9989,5.3714,3
-5.6637,-2.282,2
6.966,1.9279,3
5.301,5.6469,3
6.3794,1.2539,3
5.6018,8.2845,3
0.4862,3.2379,3
3.2562,2.6485,3
4.558,3.5426,3
3.8657,5.7986,3
7.0527,6.2583,3
4.5129,4.62,3
5.5818,5.3814,3
5.1126,4.3504,3
3.4155,6.5833,3
-0.29826,-1.5185,3
0.014939,6.5514,3
3.545,2.7047,3
3.9925,3.0141,3
3.3352,5.5245,3
2.5176,3.826,3
7.6349,6.2472,3
5.2471,4.4382,3
4.1024,0.46249,3
1.2318,0.61741,3
4.0114,1.0206,3
6.257,4.5082,3
1.582,-1.8193,2
4.3784,3.0293,3
1.1832,3.9202,3
1.5231,-1.1387,3
3.8787,6.6458,3
6.5954,1.204,3
2.3286,3.4099,3
1.5119,2.4937,3
2.7213,1.6613,3
2.0173,1.4895,3
8.606,4.2822,3
3.0222,3.9686,3
6.1042,-0.24803,3
3.7175,3.4344,3
4.1682,-0.30833,3
4.0565,5.3568,3
0.95052,4.7226,3
6.6475,6.5046,3
5.6504,3.2371,3
2.5896,5.315,3
2.8457,0.066616,3
0.26502,0.09167,2
3.9897,9.7607,3
4.818,6.3674,3
3.4072,1.5305,3
-1.0695,5.9538,3
3.4919,3.2189,3
6.7971,8.0791,3
6.4471,5.9105,3
0.063498,5.1991,3
3.6877,3.1182,3
-0.77457,1.4741,2
1.6172,2.4624,3
-2.538,-0.15551,2
4.2816,3.3814,3
5.2783,2.3985,3
6.284,7.0491,3
3.8329,2.8466,3
6.7371,2.8959,3
5.0213,0.62854,3
0.062885,-0.61246,2
2.1593,4.9852,3
-4.9329,-8.0206,1
2.1399,2.0921,3
4.2454,2.7572,3
4.5443,2.0215,3
1.2798,2.1872,3
2.9415,2.7217,3
0.42733,-0.97791,2
3.9008,5.3046,3
-2.2076,-2.832,1
6.3749,2.8342,3
6.6688,3.9288,3
3.717,3.2068,3
-0.23205,6.384,3
5.5705,3.7374,3
6.8779,2.96,3
1.6992,1.2173,3
3.7581,1.5441,3
0.48868,-2.955,2
0.13437,1.1052,2
4.5297,1.6859,3
4.1613,4.1212,3
3.5226,2.4297,3
2.684,1.3042,3
5.9005,3.5456,3
1.7731,2.2077,3
3.5521,2.9961,3
5.4269,7.847,3
6.1113,6.1143,3
6.5652,7.6399,3
9.8258,4.3671,3
0.23041,-1.2013,2
2.4434,5.6001,2
3.8086,6.7389,3
4.5536,1.5045,3
5.7559,-0.085535,3
2.4687,2.715,3
4.4835,3.3628,3
5.6814,5.9783,3
3.2539,4.6932,3
5.764,3.4807,3
2.7264,5.6064,3
3.6458,7.9944,3
1.6428,2.8516,3
4.768,3.1566,3
0.85419,5.0353,3
5.1433,4.8854,3
6.3656,4.9699,3
8.8035,1.9421,3
3.4131,2.5513,3
1.3324,5.7924,3
3.2127,6.2543,3
0.033055,-3.1362,2
5.0355,5.0256,3
-1.8523,0.4877,3
5.3039,0.84995,3
9.3433,3.9051,3
5.5839,5.8536,3
1.2141,3.6345,3
5.7153,-1.1138,3
3.6141,2.5772,3
1.7455,8.7048,3
-0.69024,0.37779,3
8.9332,6.43,3
4.1218,1.248,3
0.9993,4.3507,3
5.2346,0.077574,3
3.9826,2.2943,3
3.1517,3.8344,3
3.6947,9.1283,3
4.0518,4.9366,3
1.7234,1.7127,3
-0.45208,3.9058,2
2.3816,3.2615,3
3.3518,3.4004,3
5.3109,1.751,3
5.0631,0.71597,3
2.857,3.7468,3
-4.7502,-1.9373,1
0.59042,1.7033,3
-3.6125,-4.3933,2
0.50517,1.1142,3
7.2111,7.7494,3
3.024,5.7825,3
4.1716,4.6881,3
3.8197,1.9895,3
3.067,4.0911,3
5.7677,7.7594,3
1.2866,1.6424,3
6.1211,-0.931,3
2.0598,5.3679,2
6.4171,3.6452,3
5.3128,3.3842,3
4.9209,4.3205,3
2.1811,2.6591,3
6.3998,3.4091,3
5.2202,4.5716,3
5.3085,2.4694,3
5.3139,10.667,3
0.31665,-1.2367,3
5.3002,6.0798,3
0.59882,3.1407,3
4.368,3.9522,3
3.3706,3.6021,3
1.6461,4.9091,3
2.3486,1.7182,3
3.6374,3.1083,3
8.2041,6.1773,3
4.9026,4.7537,3
1.8903,3.1058,3
-1.319,-3.6961,1
1.7405,-0.58654,3
-5.2994,-2.6814,1
1.9189,3.5847,3
9.2816,2.6734,3
6.9519,3.1287,3
4.5841,4.4348,3
1.3763,7.2957,3
-1.2741,2.6715,2
3.5975,8.6484,3
5.7486,-1.4332,3
7.2211,8.033,3
5.8372,0.83801,3
5.2684,6.2625,3
4.3985,5.0983,3
5.3607,2.8925,3
3.097,3.6229,3
-0.69608,3.7664,2
-1.8458,-0.088984,3
1.2785,-1.6082,2
-7.273,-7.4124,1
1.9647,7.6767,3
0.45588,3.1592,3
1.5535,1.133,2
4.7568,4.7078,3
0.53083,4.1833,3
4.7323,4.6229,3
-5.1155,-0.30702,2
-4.0518,1.4644,2
2.7901,-5.8479,2
2.0881,3.4216,3
2.4444,7.3332,3
3.5125,3.8376,3
2.3955,1.6027,3
1.6413,5.1412,3
0.96318,2.2711,3
4.5129,4.2805,3
5.6232,2.2481,3
4.4284,1.0462,3
3.7208,2.7591,3
3.2449,2.0447,2
5.4105,1.5391,3
9.1623,4.7472,3
2.232,3.2703,3
2.0545,3.2683,3
6.8674,5.1074,3
5.0611,9.8575,3
1.074,2.5565,3
7.6704,5.7327,3
3.8235,1.9783,3
7.0041,-0.45178,3
3.5457,5.5518,3
3.3381,4.6522,3
2.2636,5.0024,3
-0.77636,0.9224,2
1.3555,3.1615,3
3.4493,5.7136,3
3.3956,4.3015,3
0.32218,7.9108,3
3.3428,2.8033,3
8.4299,2.2224,3
1.3808,4.8197,3
4.7364,3.8594,3
4.2789,4.8163,3
5.0265,3.5458,3
-0.096935,2.7153,3
6.0548,4.1152,3
2.3877,6.9698,3
3.9578,2.5657,3
3.3631,2.049,3
0.68549,1.108,3
3.7747,3.1167,3
3.5509,5.3221,3
0.56863,-3.5691,2
3.2029,1.0417,3
2.7978,-1.3167,2
6.2652,4.5124,3
3.2689,0.54673,2
3.8458,1.4102,3
2.6284,3.9564,3
2.0542,4.6255,3
3.2249,-0.037618,3
5.9458,7.3058,3
-0.21277,-4.4721,1
7.2272,4.1067,3
5.6898,7.0248,3
3.6715,0.078918,3
4.9747,3.4236,3
6.0212,4.1219,3
4.6067,8.3817,3
6.6187,2.3503,3
5.825,2.7831,3
1.0293,1.185,2
7.7853,3.7918,3
-2.1101,-0.51805,2
4.1012,1.799,3
2.5605,1.1227,3
5.4613,7.4027,3
2.6352,3.5793,3
7.0138,4.5015,3
5.0545,4.6172,3
3.4634,4.6098,3
-3.1754,-1.4342,2
-0.76126,4.6523,3
7.0628,7.9781,3
4.8448,3.9092,3
2.6436,0.35465,3
3.2055,9.0841,3
3.4142,7.8671,3
2.916,6.0099,3
5.4137,4.5583,3
3.0357,8.7354,3
2.1451,4.162,3
3.604,2.0323,3
0.62156,-0.17672,2
6.4562,6.1532,3
1.8573,4.9987,3
1.4093,3.5711,3
6.6118,5.493,3
2.4646,1.7548,3
2.439,4.4159,3
9.9365,4.7439,3
0.63426,-0.71183,2
0.94316,1.9141,2
4.3547,5.203,3
5.4582,0.72857,3
2.0349,2.156,3
4.1686,5.7904,3
1.014,3.7245,3
1.8289,2.5014,3
3.9453,3.8644,3
5.8256,6.523,3
2.6202,0.23397,3
6.4119,1.8593,3
1.87,3.0335,3
2.9821,8.0907,3
6.9331,6.6866,3
-1.6741,6.726,3
3.2731,-2.6279,3
5.3531,2.8607,3
1.3513,-0.22835,3
6.0993,3.7689,3
-4.8174,-5.2478,1
1.8559,4.2664,3
0.50665,2.8221,2
7.3997,7.1371,3
3.9785,5.7415,3
2.5921,2.6721,3
-0.54066,4.172,3
-1.6044,3.6703,3
1.6858,5.2761,3
0.57041,2.3564,3
6.1239,4.9322,3
5.3554,4.052,3
-1.5405,-2.9129,2
3.9659,6.7438,3
1.2026,-0.7813,2
4.9684,7.4633,3
5.7303,5.015,3
4.3175,4.1971,3
2.8187,3.0312,3
-4.4,-5.7552,1
0.74128,4.1258,3
2.8781,-0.19584,3
-2.2429,-7.3301,1
0.065372,1.1566,3
5.2842,2.0082,3
7.6812,4.5433,3
4.725,3.444,3
5.518,6.7437,3
-4.9637,-5.3581,1
6.3457,3.5571,3
-2.0255,-7.1422,1
-2.2906,0.95763,3
3.2892,0.33667,3
3.8378,2.2324,3
1.9269,-1.9314,2
9.318,2.6291,3
3.2616,6.1758,3
-0.59325,3.983,3
-0.11476,2.3422,2
5.7669,2.9527,3
5.7416,5.858,3
10.255,5.7811,3
3.493,0.40397,3
4.0919,2.3205,3
2.3435,-0.59972,3
5.4534,7.1911,3
5.9627,6.8267,3
3.6389,2.4749,3
1.1404,0.18003,3
4.6047,2.2264,3
6.2835,6.3034,3
-4.4301,-0.88552,2
5.4838,3.7224,3
3.0021,1.0086,3
4.5909,4.1575,3
2.0562,1.4527,3
-1.5091,3.4297,3
-6.3685,-6.0145,1
2.4554,3.7054,3
6.9301,7.2374,3
4.6528,10.051,3
5.5447,8.5766,3
3.8542,2.2366,3
2.5963,7.1462,3
0.033952,1.5732,2
3.274,1.3868,3
2.3059,1.9163,3
1.466,7.9471,3
-3.4305,-6.4949,1
1.3143,2.0585,3
0.98189,7.0628,3
1.3498,1.8561,3
6.5486,5.2655,3
5.1283,2.0895,3
8.185,5.4016,3
8.4379,7.4301,3
4.5346,2.3675,3
2.3272,0.7045,3
2.8387,7.9645,3
4.9577,2.6005,3
9.2205,2.9736,3
0.062892,2.6539,3
-4.5242,-3.4653,1
-1.4463,-4.2437,2
5.4474,3.328,3
1.4723,3.5793,3
-3.1357,0.11288,2
5.9772,4.5902,3
4.3701,5.4444,3
4.7981,2.1885,3
4.3467,2.7244,3
3.6517,5.3021,3
-1.2011,-0.09216,3
-1.05,3.3456,3
6.0142,5.9958,3
5.9762,5.6692,3
3.8944,3.012,3
2.054,1.6324,3
-3.3559,4.0754,3
4.2598,6.751,3
3.2361,6.299,3
2.6587,4.7657,3
3.984,2.9163,3
4.4344,1.9996,3
7.4531,-0.42686,2
4.9006,1.1028,3
2.6542,6.0489,3
8.1252,2.2368,3
4.7069,5.9358,3
4.7284,5.0607,3
1.0781,4.1786,3
5.272,4.5971,3
1.774,2.9702,3
-4.955,-9.808,1
1.9263,1.9307,3
6.14,10.127,3
3.2863,5.3986,3
1.4966,0.62922,3
3.768,6.9422,3
4.9276,3.4624,3
6.5278,6.8405,3
0.79382,8.4437,3
6.2862,2.6207,3
4.0265,6.3669,3
6.8132,2.3909,3
-1.0588,6.3309,3
0.26703,3.9118,3
5.459,4.5444,3
5.2298,5.5297,3
4.3985,3.0125,3
-1.2172,5.5797,3
3.1736,5.4517,3
-1.5318,-0.22095,2
6.4089,7.723,3
6.0285,4.0784,3
6.9908,6.4303,3
3.8461,3.9834,3
2.3518,3.6527,3
-0.9444,1.5374,2
2.6788,1.0526,3
0.077995,3.7422,3
4.8488,5.4439,3
6.5446,3.9348,3
5.0046,9.8329,3
3.3097,3.988,3
3.8332,1.2081,3
6.659,5.2936,3
-1.4628,0.50375,2
8.3185,8.3265,3
4.3925,5.6438,3
-4.2962,-0.87192,2
3.3685,1.6377,3
7.5319,6.5059,3
3.759,3.8708,3
6.8861,4.4002,3
4.8637,3.7296,3
7.7029,6.4236,3
-0.959,3.5758,3
1.2427,6.388,3
5.1146,0.1427,3
-2.2537,-3.89,2
8.2915,6.7597,3
5.7272,5.9905,3
3.8469,2.8788,3
6.6109,3.1871,3
7.0427,2.424,3
3.4964,0.85497,3
6.3826,4.5234,3
1.2864,1.2426,3
1.1406,2.714,3
6.8265,2.2539,3
2.8599,4.3804,3
4.2321,4.0366,3
2.1268,3.1071,3
3.6575,4.1142,3
1.1778,7.0263,3
6.9933,5.3634,3
3.5946,1.6502,3
4.6046,3.7933,3
2.7241,5.4507,3
3.0312,2.3812,3
3.6165,4.2952,3
1.2463,-0.70945,3
1.5924,3.1193,3
5.2401,5.7337,3
6.9028,5.0894,3
6.7171,3.1472,3
3.3893,4.5279,3
3.6056,6.7933,3
8.3919,1.6914,3
4.6289,1.09,3
-0.99899,2.3759,3
6.5119,2.0628,3
2.3873,4.7327,3
0.58066,0.17913,3
3.9422,3.1726,3
5.2175,6.4438,3
4.5596,5.9225,3
7.3528,8.2774,3
1.3979,1.5739,3
4.8645,4.9509,3
3.5322,0.95156,3
4.3043,7.8889,3
2.6969,3.8038,3
4.9912,6.2085,3
0.23449,0.757,3
3.8027,7.2325,3
-3.0596,3.3291,2
7.0811,5.926,3
1.2692,-1.9133,2
1.3413,-1.7401,2
-6.6253,-8.1619,1
-0.60149,6.0497,3
8.0499,3.9827,3
3.8224,6.503,3
-3.187,-8.1904,1
3.5646,1.0972,3
-3.6991,-4.3769,1
4.4773,5.8305,3
2.4781,2.413,3
-4.9658,-3.2695,1
-1.533,1.3108,2
9.8422,8.599,3
4.8803,3.0933,3
4.9968,5.1387,3
6.0107,4.278,3
5.2778,4.5173,3
0.87193,0.23809,2
4.9679,4.9277,3
6.9914,2.705,3
3.2854,3.5348,3
8.119,4.2269,3
2.7104,3.8507,3
2.8071,5.0124,3
4.2739,1.7093,3
4.6732,1.6114,3
2.1136,-0.34764,3
-3.4263,-5.492,1
4.0035,6.3691,3
4.2194,5.4113,3
-5.4216,-5.3088,1
4.6334,6.8038,3
0.75107,3.9456,3
2.14,1.5331,3
6.1733,6.0878,3
4.1243,-0.58697,3
2.6175,4.7318,3
1.0932,2.6007,3
5.3589,6.5088,3
-5.5496,-3.3674,1
-4.2295,-2.2608,1
5.0469,3.7006,3
7.0903,7.1638,3
0.41253,-2.5249,2
-3.2501,-5.4638,1
2.4494,3.3381,3
3.831,5.888,3
3.0218,-1.3049,3
5.6934,4.1235,3
5.0699,2.9537,3
9.2468,6.8745,3
8.5045,0.19655,3
-0.58369,-0.82195,2
7.4132,5.8585,3
3.9048,4.2271,3
4.3135,2.0385,3
-5.1736,-5.5961,1
5.0752,5.3756,3
2.4059,2.3291,3
4.6602,0.99643,3
3.1741,7.6184,3
3.9897,6.0985,3
6.1821,5.7797,3
6.2827,5.7047,3
4.0406,4.7119,3
4.972,2.1869,3
2.5794,2.6709,3
6.4107,1.1723,3
5.8174,6.9084,3
4.1541,2.6763,3
2.5505,6.3212,3
2.4716,8.1683,3
4.5038,-3.1531,3
0.63414,3.9142,3
4.3189,2.9256,3
-4.0423,-2.3169,1
6.3209,2.6538,3
3.6322,5.483,3
1.3429,-1.8585,2
2.6456,5.2448,3
2.9011,1.661,3
2.6438,6.398,3
2.191,1.9713,3
6.8559,2.7638,3
6.1156,6.2625,3
2.1016,3.2828,3
4.5155,4.8808,3
3.175,3.2901,3
4.0815,5.7268,3
3.2418,2.1609,2
7.1696,5.2857,3
0.53706,-0.78854,2
0.65758,8.7041,3
6.2309,0.54456,3
-4.5062,-3.0475,1
2.5703,2.5238,3
3.3665,0.75284,3
3.4615,2.7025,3
2.4609,5.6951,3
6.8972,5.9144,3
1.5403,0.56301,3
6.0353,1.3928,3
2.1505,4.4049,3
-6.3296,-3.2318,1
4.9892,4.6107,3
1.4619,3.9993,3
3.5123,4.3646,3
7.5514,2.4321,3
0.57585,3.9328,3
-1.1306,1.6115,2
4.144,4.349,3
4.8512,2.2595,3
-1.3566,-0.74788,2
3.7632,6.0941,3
1.3161,2.7391,3
5.6362,8.5297,3
3.706,3.7738,3
-0.94833,-0.046424,2
8.0471,4.2631,3
6.2467,3.3578,3
4.1356,-0.4029,3
5.5938,2.217,3
2.1637,1.4749,2
6.8057,5.1955,3
2.9975,3.8381,3
2.2827,2.3314,3
-4.3546,-2.7445,1
3.0657,2.7296,3
2.9587,3.6785,2
2.8104,6.687,3
1.2922,2.7536,3
8.5364,5.4851,3
9.9099,5.2821,3
-0.79139,-2.3254,3
5.1227,5.0542,3
6.4706,7.8135,3
2.4187,4.5393,3
-4.9394,-2.3481,1
6.8911,5.5713,3
5.0556,3.6037,3
5.5222,1.7857,3
5.1883,2.5165,3
8.2835,3.1652,3
4.4007,6.7211,3
0.19843,5.2773,3
5.0671,5.5406,3
6.6953,4.493,3
1.8083,2.635,3
2.8027,4.7243,3
1.8028,5.3314,3
-2.9299,-3.3967,2
3.0913,2.2858,3
3.4852,5.292,3
4.8915,6.1264,3
1.8301,2.5965,3
0.22257,0.48855,3
-0.4459,0.16691,2
3.1472,5.9875,3
2.9075,5.2988,3
6.9255,4.9617,3
8.0241,4.9393,3
5.5682,2.9138,3
-3.0217,-5.5608,1
3.0558,5.5709,3
3.0827,6.9448,3
3.3731,7.8351,3
3.7932,2.3167,3
2.756,0.48189,3
6.7949,4.4341,3
-2.387,-1.3759,1
3.2957,1.2641,3
5.0642,1.4119,3
2.9876,4.0581,3
3.5893,1.2276,3
4.9922,1.3199,3
-0.81376,-3.544,2
3.5108,1.1443,3
2.0077,2.7112,3
-2.5701,-0.76168,2
1.3604,0.99844,2
1.8333,5.0106,3
-1.1991,-3.5229,2
1.9693,6.654,3
-1.8836,-1.101,1
-1.865,5.9196,2
9.2883,2.3208,3
6.7589,4.8783,3
7.7096,4.9422,3
3.9145,6.9022,3
2.7855,3.4793,3
-0.72432,2.1634,3
10.227,5.2199,3
3.0392,8.5752,3
5.7763,2.0247,3
5.0302,6.505,3
3.186,3.8571,3
1.8323,3.7188,3
5.3079,6.5617,3
9.0491,7.858,3
3.9622,4.9364,3
4.3703,6.014,3
3.6759,8.7229,3
1.6243,4.477,3
-2.8155,-0.94349,2
3.97,4.9658,3
2.163,4.3366,3
5.7909,3.0212,3
6.0101,5.4358,3
3.0983,4.6537,3
5.2368,3.3301,3
4.5544,7.6595,3
4.0726,5.6802,3
5.1518,7.4549,3
2.8451,-0.28147,3
2.1497,3.5815,3
5.1549,4.7113,3
2.6825,1.4721,3
1.9841,3.4278,3
7.5311,5.0411,3
3.5534,3.822,3
9.2826,3.6846,3
2.3585,0.77934,3
1.9691,1.9405,3
2.6972,3.7784,3
6.2028,6.4308,3
6.832,8.1136,3
5.0233,6.4508,3
6.0248,3.8722,3
1.2238,2.8777,3
0.47135,4.9705,3
1.8087,3.2454,3
7.401,9.2376,3
7.1255,3.1578,3
7.9495,3.359,3
3.0087,1.8546,3
-4.4705,-2.4491,1
-0.74465,1.6153,2
-3.266,-3.4199,1
6.678,4.14,3
1.456,6.0022,3
8.5203,8.9105,3
6.5732,3.5363,3
4.5763,3.4865,3
-0.10449,4.8041,3
2.4399,2.0581,3
5.2905,3.4836,3
3.9226,0.066035,3
5.6824,7.0148,3
5.4236,4.0584,3
5.6106,9.8862,3
-6.025,-4.3771,1
3.1713,1.8061,3
2.9149,4.4958,3
4.2732,5.4292,3
1.0844,3.5202,3
6.1131,5.3617,3
1.241,5.8213,3
6.895,8.3746,3
4.8912,0.51501,3
5.0425,7.1678,3
4.8806,6.148,3
4.3297,5.9256,3
4.1996,2.0944,3
1.5102,2.8074,3
2.6851,0.45696,3
3.5552,3.2855,3
3.4515,6.6582,3
2.5425,6.1698,3
5.5047,7.3211,3
-0.17287,3.0354,3
3.5227,4.7004,3
-2.856,-0.82532,2
4.7496,1.0403,3
-3.0219,-0.95763,2
3.492,4.7086,3
-2.7742,0.81316,2
3.3036,4.535,3
-0.73649,4.3082,3
3.64,6.3405,3
5.7135,4.2758,3
3.0366,3.091,3
-6.5202,-3.3571,1
2.2488,0.015336,3
2.3649,4.9375,3
5.3603,4.1877,3
-2.7812,5.2908,3
3.4079,1.7536,3
-6.9151,-3.6717,1
4.955,2.2987,3
6.6213,3.7482,3
7.4464,5.5996,3
-4.8852,-2.2346,1
5.0272,2.1857,3
4.922,3.4532,3
5.8611,1.2932,3
4.0559,5.9184,3
-0.18811,-0.47745,2
-2.8102,-3.6908,2
8.4874,5.0397,3
0.51146,3.9161,3
-1.7235,-0.065916,2
3.78,2.5423,2
0.34165,4.0466,3
8.038,3.9165,3
7.4042,4.7328,3
-2.3457,-3.2465,1
7.3637,3.266,3
-2.0585,-4.4583,1
-8.6997,-3.8508,1
2.6801,3.6037,3
-2.3474,-0.432,2
-4.2069,-1.522,2
3.5053,4.2067,3
9.1187,6.8831,3
2.7823,5.3772,3
1.4331,-0.37345,2
5.0368,4.1713,3
9.9323,5.2228,3
5.3787,3.4519,3
1.3432,7.233,3
4.0062,0.46335,3
-1.3604,-0.44937,2
7.4456,3.3243,3
3.5183,5.2537,3
2.6233,-3.4553,2
4.5789,3.7325,3
-0.60214,4.9147,3
7.0404,6.49,3
1.2322,1.972,2
7.0498,9.3536,3
0.73939,6.9278,3
7.6276,6.6343,3
1.8316,2.7753,3
4.1317,1.9354,3
3.0337,10.388,3
6.394,6.0951,3
6.4144,3.5045,3
-1.6073,-1.9899,2
-1.4538,1.2238,2
2.5919,5.827,3
1.1887,0.53544,3
-2.4874,0.21485,2
2.9395,-3.4184,2
3.7195,0.81025,3
5.8422,7.9901,3
-0.89258,-0.28604,2
4.2934,-3.9916,3
9.4511,2.075,3
6.6881,1.0127,3
3.815,6.5103,3
4.7655,4.1399,3
4.702,4.6524,3
0.067013,-0.82901,2
4.2913,-0.38242,3
3.8981,2.7421,3
7.7831,4.6442,3
4.8128,4.8937,3
8.0137,4.6448,3
6.8262,5.6017,3
5.9431,2.5364,3
-2.0444,3.3708,2
5.1559,2.7237,3
5.0199,4.6265,3
2.8801,2.7518,3
3.29,0.65887,3
8.4632,4.5926,3
2.9902,6.9832,3
1.9183,4.5203,3
4.9193,5.8295,3
6.1518,2.9558,3
-3.6141,-7.6065,1
7.5177,5.8751,3
4.39,5.8474,3
1.9005,-2.8529,2
3.6626,3.7474,3
1.2541,2.2899,3
0.35144,1.0683,3
-7.2576,-4.4391,1
-0.48493,6.5727,3
4.4814,6.0808,3
0.34075,-2.1803,2
-0.046567,5.3664,3
4.8051,5.6062,3
4.6931,4.0909,3
1.8684,3.4393,3
4.3272,7.3312,3
3.0569,-0.64128,3
4.1193,2.6317,3
0.89344,2.061,2
4.1227,0.089522,3
-3.2652,0.36174,2
1.3114,4.0091,3
3.1292,6.4245,3
-2.1774,0.35318,2
5.3163,5.4117,3
4.5199,0.91883,3
9.6958,9.1384,3
0.48407,0.38029,2
1.8928,6.0722,3
1.3461,6.7251,3
3.8654,2.2892,3
6.7408,8.163,3
3.0147,5.4203,3
4.0097,2.154,3
0.77443,4.8059,3
5.5465,5.8455,3
2.6683,0.036997,3
6.1229,5.5859,3
5.8978,6.6797,3
1.5725,2.5606,3
-0.14477,4.659,3
2.6656,5.0636,3
3.4527,2.6095,3
3.7808,1.5078,3
8.1236,5.2153,3
6.2018,4.8429,3
-0.50756,-2.0997,1
1.2953,5.7367,3
5.134,2.987,3
3.0957,4.408,3
1.7961,1.8529,3
-0.28502,2.2751,3
2.7128,5.2694,3
-4.315,1.2118,2
5.4664,5.4003,3
6.5528,2.5601,3
-0.53966,2.3037,2
3.352,3.8386,3
5.2446,-0.099352,3
5.0564,6.0927,3
4.621,2.5784,3
5.5003,8.5017,3
3.7035,4.4319,3
5.9462,2.4235,3
4.2741,1.377,3
1.901,4.7989,3
6.2403,1.4945,3
3.2018,1.4502,3
6.7403,4.884,3
5.7228,9.8862,3
4.4151,5.1839,3
3.0783,-2.6919,3
-3.0647,-5.6131,1
1.8047,0.74917,3
7.1086,-1.0894,3
6.6529,5.6066,3
1.0115,3.6646,3
5.3251,3.2463,3
2.0394,5.4775,3
-0.90255,-0.47052,2
5.2401,3.6857,3
6.9699,4.86,3
5.8657,1.6807,3
3.7602,3.6537,3
4.1271,0.73382,3
3.0834,6.3941,3
7.1442,2.5589,3
8.1311,7.612,3
-2.7321,-4.8175,1
4.8482,6.633,3
8.2442,2.105,3
-2.1465,-3.7281,2
6.309,1.3623,3
1.2642,1.4765,3
1.5389,5.1817,3
6.9007,3.9543,3
4.7269,3.8161,3
5.8347,7.4105,3
0.65414,3.4177,3
5.9591,3.2711,3
4.6831,-1.1078,3
-2.4512,-2.0614,2
-6.0641,-5.3655,1
2.3174,4.3503,3
3.7562,-0.71667,3
5.2758,2.1883,3
8.6369,7.6438,3
3.4444,3.3387,3
4.2517,4.5934,3
2.4029,0.19256,3
3.8644,0.073368,3
5.7813,6.3619,3
3.6588,6.1487,3
-5.3029,-4.2879,1
6.5811,2.3488,3
5.7208,4.6362,3
4.5612,0.4807,3
2.2834,4.3532,3
3.9359,6.1992,3
5.5801,2.6665,3
7.0084,6.8028,3
1.2082,4.9882,3
4.6804,3.0309,3
6.3012,5.4276,3
4.4533,7.2121,3
2.8001,5.0637,3
3.2024,3.4094,3
2.4738,2.6866,3
8.3747,2.9021,3
1.9662,6.5985,3
1.8718,1.9096,3
5.0979,2.482,3
6.1224,7.8945,3
3.3811,1.5962,3
6.5026,7.8657,3
1.648,6.5372,3
6.7993,4.6522,3
5.2256,5.4373,3
4.6606,4.0852,3
-0.073447,6.017,3
1.8992,3.4626,3
2.037,5.3263,3
-0.94168,-0.43366,2
7.7939,7.6041,3
6.6232,1.1973,3
6.1562,4.9168,3
1.7602,2.6668,3
4.3679,5.6731,3
2.009,4.3723,3
2.197,-0.38133,3
4.4541,3.6378,3
8.3613,8.0379,3
2.2314,2.7479,3
-2.7702,-3.1306,1
5.7101,8.2708,3
-5.0642,-3.6125,1
0.12895,0.87857,2
5.3106,8.5939,3
4.9824,5.4881,3
-0.91585,5.3066,3
0.14994,1.6112,3
7.0338,7.8748,3
8.1423,5.659,3
1.6591,2.6071,3
4.5733,1.187,3
4.2566,5.0918,3
5.1854,4.778,3
3.2494,5.2424,3
4.318,1.6362,3
2.4055,6.5838,3
7.7662,3.3734,3
2.0837,2.7054,3
-0.97205,5.0245,3
1.7149,3.1771,3
5.4759,5.6581,3
3.571,1.8419,3
5.0429,2.0945,3
2.5109,4.8181,3
4.3874,6.5276,3
2.8233,2.1842,3
6.1143,1.8967,3
5.0111,3.4509,3
5.9406,1.5053,3
5.8493,6.3587,3
0.83073,5.7773,3
4.3868,5.8692,3
-1.5018,-2.7733,2
3.0424,3.6889,3
8.9426,6.8408,3
7.1006,3.971,3
0.14633,-2.1578,1
4.5503,6.0282,3
-0.0045041,2.8506,3
0.7282,2.7083,3
1.1904,6.2185,3
5.0259,1.5794,3
6.4673,2.1422,3
3.8534,6.401,3
1.3377,0.3903,3
5.4711,5.7416,3
-1.9402,-1.7266,1
3.4681,0.16003,3
11.592,4.2789,3
4.7467,4.4707,3
5.3166,5.297,3
3.5922,7.0569,3
4.6666,3.3501,3
6.133,5.2476,3
4.7599,3.2847,3
2.6212,2.4007,3
5.4409,4.6509,3
-1.3118,0.37949,2
3.8945,1.9596,3
4.6597,4.0275,3
5.6619,4.3032,3
7.7997,7.9532,3
3.6512,6.5406,3
-1.3585,-2.1905,2
-0.98722,3.2478,3
7.879,1.7277,3
0.42322,3.9351,3
1.97,3.5492,3
2.0581,3.9972,3
3.4468,4.6033,3
7.4803,7.83,3
0.88829,7.0913,3
7.1632,6.6536,3
-1.7359,5.5468,3
3.7254,8.9648,3
5.5152,6.6099,3
1.4653,2.9303,3
2.7681,4.8781,3
3.1951,5.6236,3
0.72822,0.9222,2
0.65762,0.19238,2
5.8339,7.9156,3
4.4219,4.5622,3
0.92552,0.93187,3
0.30092,6.1367,3
4.8814,2.3377,3
2.1121,3.1595,3
3.2915,4.6079,3
4.0621,3.7991,3
3.0246,4.8639,3
3.0748,2.5233,3
3.3487,4.9303,3
3.1492,3.3218,3
3.4258,3.7608,3
3.033,2.9797,3
3.0819,3.7603,3
6.4149,4.2709,3
3.1784,1.248,3
-7.9615,-7.5147,1
2.2597,7.5688,3
-0.32132,-2.2578,2
3.5374,1.7537,3
1.5917,-4.9871,2
-5.9784,-8.837,1
6.3575,3.4284,3
3.1638,2.9025,3
2.2136,5.5534,3
-0.11128,1.318,2
2.8235,5.9541,3
2.8008,-0.32967,2
-5.3113,-5.4048,1
3.5655,2.562,3
7.4919,7.0805,3
-5.0729,-7.3833,1
4.5758,6.0958,3
2.7449,4.1564,3
3.4315,4.3072,3
-5.1444,-7.4571,1
4.4197,5.0238,3
2.972,1.6646,3
6.6623,8.7073,3
2.7368,2.831,3
-2.373,-8.8984,1
3.697,8.5869,3
2.2483,2.6043,3
2.6633,2.8466,3
4.0697,2.6568,3
-1.2322,-3.1169,3
-1.2456,1.8413,2
4.2181,1.9684,3
5.7469,0.70273,3
5.9308,4.0283,3
6.3147,5.7663,3
3.0935,-2.1053,3
2.257,-0.58483,3
6.1686,2.957,3
1.2212,4.457,3
4.1315,4.9567,3
7.5296,5.0032,3
-3.5228,-4.441,1
3.5683,7.2226,3
1.5998,7.0109,3
0.64803,2.3828,3
3.2399,3.0748,3
3.3584,4.5068,3
6.7149,3.1763,3
3.2253,-1.8669,2
4.9653,2.0171,3
3.2386,0.16938,3
2.6677,3.6209,3
2.137,2.3937,3
-4.0473,-4.407,1
0.97669,0.90781,3
5.1698,8.8374,3
5.3203,7.3151,3
1.5746,1.2783,3
-4.6064,-7.7871,1
4.7372,6.1443,3
-4.5119,-0.85274,2
6.7272,4.3314,3
-0.37444,4.8128,3
5.2154,3.2658,3
0.96521,8.4126,3
0.90275,2.6673,3
3.5713,2.0172,3
1.9611,4.0802,3
5.7252,6.2091,3
5.8498,2.2139,3
3.6865,3.189,3
4.0835,3.9439,3
1.459,5.3543,3
4.545,7.4051,3
5.6029,5.3055,3
1.1903,2.7779,3
2.3555,6.0998,3
6.0899,3.9581,3
8.3415,1.309,3
1.8291,5.0362,3
2.8053,3.4788,3
5.5545,6.0245,3
0.011071,-5.2458,2
4.8764,6.2433,3
5.2826,3.3349,3
1.405,3.238,2
1.1595,5.9523,3
-7.6533,-5.3797,1
2.324,1.571,3
5.1276,-0.63608,3
4.4116,3.0627,3
-0.92647,1.4498,3
-3.863,-0.66342,2
4.5685,1.7524,3
5.537,3.2339,3
0.68687,-0.98244,2
-4.2422,-6.0577,1
4.7953,2.6505,3
4.2325,5.7549,3
1.2429,0.52499,3
4.3335,4.9241,3
1.0454,-3.4124,3
-0.43598,-0.047036,3
1.5012,-0.3069,3
7.3363,5.0255,3
-4.2305,-5.02,1
4.9764,4.7722,3
1.6786,-1.8673,2
2.2846,6.3435,3
3.8227,2.2172,3
6.7867,8.3212,3
4.9428,1.6395,2
3.3868,4.8361,3
5.4797,5.144,3
2.9066,7.8188,3
4.7438,3.8241,3
0.4034,4.9418,3
-1.3069,3.2333,3
-1.0583,-0.5451,3
5.5675,5.0658,3
5.0213,3.8399,3
3.2311,4.9594,3
1.635,0.55887,3
4.4435,9.852,3
7.612,5.1099,3
5.675,3.5821,3
3.6865,5.3101,3
-1.9923,-0.81557,2
1.4936,6.7436,3
2.7647,5.7988,3
3.2264,-0.91895,3
2.3615,-2.6135,2
3.4124,7.8084,3
3.4867,0.72861,3
0.083962,3.5156,3
2.8478,0.96587,3
1.5322,5.8381,3
0.43278,2.751,3
-0.43948,3.7393,3
-0.55296,3.4649,2
4.4509,1.4387,3
5.19,2.7219,3
6.1261,1.0282,3
-0.42822,2.6669,3
5.2682,6.2228,3
2.6045,6.4111,3
1.7973,5.1134,3
3.5239,3.1158,3
-5.7052,-6.7511,1
2.9308,2.5009,3
4.6757,1.8239,3
5.1738,4.6824,3
4.6604,4.8162,3
4.3845,4.1729,3
12.226,1.7651,3
3.9818,-1.2278,3
1.0494,8.6018,3
4.8352,4.5088,3
7.7816,3.7755,3
0.14312,-0.93843,2
0.78159,3.4871,3
1.6544,2.1524,3
0.84356,4.8253,3
4.745,4.1881,3
1.004,6.3415,3
-2.5411,3.4333,3
3.7421,3.0006,3
5.0415,2.7729,3
7.5098,2.7834,3
0.92635,-1.5572,2
3.6859,4.4812,3
-1.8051,1.2554,2
5.5106,5.1456,3
-5.0204,-3.934,1
2.663,2.9208,3
0.67035,3.7433,3
6.2205,8.3161,3
8.6997,2.9969,3
2.4463,4.8184,3
4.455,1.1093,3
2.0976,0.7687,3
-0.17065,2.5732,2
4.7382,5.3618,3
4.6602,2.2467,3
1.3415,4.2545,3
2.383,5.7613,3
4.7529,1.4527,3
4.397,2.7927,3
4.0734,3.6459,3
1.829,3.5631,3
3.5683,1.2512,2
6.4012,0.88806,3
3.3549,5.834,3
-3.3864,-5.6025,1
4.564,6.5335,3
5.7882,1.801,2
-5.1833,-6.1149,1
7.2279,9.048,3
1.7885,3.98,3
6.3388,4.8748,3
6.5926,4.6079,3
4.6751,2.4569,3
2.213,3.213,3
0.57673,4.0758,3
1.9079,3.1888,3
2.8921,5.593,3
4.6605,5.4845,3
6.4807,-0.43786,3
6.4626,3.0094,3
2.8655,5.1464,3
-0.71765,-3.6766,2
4.4434,4.4265,3
5.8152,0.51867,3
3.1339,3.6865,3
4.6176,0.52847,3
1.9285,7.6975,3
4.1069,3.6282,3
4.6999,4.4186,3
3.7396,2.4683,3
0.94671,5.2612,3
1.4784,1.8612,2
4.2072,0.38933,3
2.9536,-0.54258,3
6.6043,2.3572,3
2.5544,3.9798,3
2.4131,1.7594,3
4.2609,1.7429,3
4.7067,4.8059,3
1.0543,5.6083,3
6.7953,3.6329,3
-0.23731,-3.3865,2
5.0157,2.3249,3
-0.54746,-2.425,2
5.6121,3.745,3
2.5962,3.6618,3
2.5885,7.1943,3
4.5232,0.83258,3
3.2153,3.7428,3
8.2198,5.3344,3
0.79069,1.9,2
3.417,3.9603,3
6.3393,2.7628,3
6.2865,5.1806,3
3.5113,6.4758,3
3.9409,8.7755,3
8.4754,9.6437,3
4.53,3.3915,3
1.3985,3.2295,3
4.119,2.8295,3
6.8696,8.5977,3
3.0144,-1.6019,3
0.94484,3.9203,3
7.8556,9.2085,3
5.2368,3.6928,3
3.2424,6.9808,3
3.0117,3.0339,3
0.74624,4.3908,3
5.8021,6.0706,3
4.1481,7.1629,3
4.1671,3.2826,3
0.30177,7.417,3
3.3136,3.4826,3
7.0137,3.6518,3
5.3632,4.2,3
5.5117,0.21563,3
0.57644,3.4073,3
-1.7493,4.9298,2
5.0876,7.943,3
-1.4002,1.8437,1
4.1705,0.68992,3
4.7127,1.9691,3
5.2969,2.1522,3
1.1456,0.32273,3
5.6696,4.1988,3
1.6044,6.1364,3
4.0416,7.1219,3
6.3054,9.1101,3
-2.6901,-3.714,1
6.9072,6.3632,3
2.9463,3.9601,3
-6.383,0.80509,2
5.2239,2.7653,3
6.2117,3.1913,3
-0.27929,6.4479,3
-8.4663,-2.6075,1
-2.2691,-3.3536,1
0.92746,-3.7689,2
4.0259,6.4432,3
5.0888,8.7322,3
-3.7766,-3.0703,2
5.7113,4.6982,3
2.6557,5.2211,3
2.3283,2.4195,3
-0.78625,-2.8713,2
2.5538,4.79,3
7.1642,2.6165,3
-0.30752,6.728,3
0.77466,1.8418,3
0.18296,2.9926,3
4.6318,4.8271,3
4.9462,4.0935,3
2.9316,9.5548,3
1.3685,2.8208,3
2.2577,5.095,3
4.8666,4.2091,3
1.984,0.99713,3
3.0185,2.9654,3
0.55473,1.7328,3
1.9409,0.56034,2
-4.8034,-8.2038,1
4.4945,3.9303,3
8.2351,3.4363,3
2.9663,3.3036,3
5.0236,8.6395,3
4.0414,5.7873,3
5.1038,3.2913,3
-4.9538,-1.4592,1
5.3158,4.7204,3
3.3944,2.0037,3
5.8913,3.1014,3
-3.5347,1.2308,2
5.245,4.8168,3
1.8662,3.5391,3
3.3094,4.3047,3
2.4229,3.6298,3
4.8784,1.9423,3
2.367,3.3433,3
5.2003,0.92973,3
6.5645,3.6425,3
-2.0794,3.8215,2
1.8598,4.3694,3
3.8077,4.5482,3
1.6995,2.8612,3
4.9465,1.2937,3
3.3351,4.3109,3
4.5262,6.4136,3
2.1001,1.4335,3
4.1633,3.7069,3
2.4316,-3.3377,2
7.6984,4.5232,3
3.7453,5.4625,3
2.6175,5.2082,3
4.8155,4.007,3
3.8563,7.4642,3
0.95107,4.3486,3
1.7708,4.6246,3
5.3727,6.0082,3
4.2035,5.2403,3
4.8055,1.3509,3
4.1883,8.7817,3
-1.6765,2.5705,2
2.3073,5.7982,3
3.702,5.5771,3
0.26631,4.3521,3
2.3248,3.7181,2
3.0611,5.1717,3
-5.3508,-1.6813,1
1.6469,-1.725,3
2.3544,6.5082,3
5.3101,3.6408,3
2.3998,5.4802,3
4.3807,1.3673,3
3.8796,2.3302,3
5.6612,3.567,3
8.6988,3.942,3
2.8905,2.9873,3
-0.09551,5.8215,3
4.5228,5.8808,3
4.7022,3.9396,3
4.4369,3.185,3
2.1073,0.59227,3
6.1033,2.6287,3
2.4249,-1.0712,3
2.6113,7.2116,3
4.6508,1.9027,3
3.2112,4.7619,3
5.2756,2.6871,3
-1.7695,0.13024,2
6.2647,2.985,3
3.0583,5.2348,3
3.2607,3.9525,3
3.5719,4.0075,3
2.6349,5.3418,3
1.9779,0.44556,3
2.8568,1.5292,3
5.0543,5.4057,3
3.9819,7.038,3
5.5516,3.9319,3
1.2071,3.4335,3
0.19225,0.90824,3
-0.026652,2.6993,3
-5.2491,-3.3787,1
2.3267,3.7623,3
-4.8711,-6.6175,1
4.0575,1.0801,3
5.0066,3.3981,3
6.3949,1.2008,3
3.9194,2.4612,3
2.4938,3.492,3
1.7729,9.0806,3
1.073,5.1434,3
2.6297,1.936,3
7.9055,6.6464,3
0.88447,2.0049,3
5.099,-0.031301,3
3.8913,3.5617,3
4.08,3.1832,3
0.8616,-1.121,2
6.2628,1.987,3
3.3249,2.0173,3
5.5963,3.3062,3
3.4777,5.9758,3
6.4918,6.5891,3
4.5029,6.2975,3
1.5443,3.3404,2
-0.49719,-2.4589,2
0.43311,1.832,3
-0.10305,5.6839,3
-7.5476,-7.2031,1
2.9496,4.0314,3
-0.53341,-4.3242,2
1.3599,7.9725,3
4.334,8.041,3
-1.9955,0.9285,2
5.4754,5.24,3
4.5323,7.546,3
2.4174,3.0196,3
-7.1053,-5.1965,1
1.6645,-2.9889,2
-1.935,-2.5089,1
2.3366,0.89475,3
1.5677,3.2282,3
-0.061513,5.0442,3
2.1069,8.8234,3
1.9511,3.0422,3
6.4613,4.2493,3
1.4309,-2.0087,2
3.2467,5.0101,3
3.8809,1.6404,3
3.0801,-0.061347,3
5.7937,8.3933,3
4.257,1.9313,3
-0.96761,3.8567,3
1.9246,-0.55016,3
6.4337,3.8082,3
-1.329,0.29047,2
4.3638,11.558,3
4.5046,3.4872,3
5.6078,3.505,3
1.1294,-0.36544,3
4.3845,5.1816,3
6.1557,5.66,3
4.6598,4.7081,3
4.2516,2.4718,3
-3.7072,-1.2477,2
3.488,3.6406,3
4.06,5.4015,3
6.2902,5.8487,3
5.2173,3.0336,3
4.0585,3.76,3
0.53524,1.1019,3
4.7436,-0.75254,3
2.4365,2.0163,3
6.7763,4.2568,3
6.8608,6.0713,3
2.0174,0.75257,3
1.5087,5.9151,3
5.2275,5.7886,3
0.8478,4.1909,3
5.721,6.4223,3
5.3696,-0.71194,3
2.2065,5.3766,3
4.5475,8.4767,3
5.4556,1.1515,3
-4.824,-2.8372,1
5.8901,5.2554,3
3.0074,6.1464,3
-0.59274,0.20072,2
1.7622,1.2978,3
3.5017,6.3306,3
-1.6538,-1.1934,2
3.8792,2.3608,3
5.2326,5.6158,3
2.3621,5.1591,3
6.9661,2.1795,3
5.7669,5.4886,3
2.8369,0.11098,3
6.156,4.4758,3
5.884,2.7638,3
1.3628,3.0638,3
1.0409,2.5887,3
5.3528,5.3181,3
8.3364,6.0897,3
4.5251,1.8366,3
3.8738,7.0952,3
5.436,0.17793,3
4.6882,0.63005,3
8.3281,3.7179,3
2.9536,7.3356,3
0.91163,3.4112,3
-0.39412,6.2425,3
0.58509,2.972,3
-4.6264,-1.3508,2
-3.6597,-2.8011,2
-0.20472,5.3213,3
4.6251,3.113,3
2.1154,1.6492,3
5.0715,3.0867,3
0.15514,-1.0339,2
-1.2725,1.3796,3
-2.493,-7.231,2
-5.7021,-4.6322,1
3.9839,4.2906,3
-1.1664,0.013429,2
-0.55615,6.1079,3
6.1924,1.7578,3
1.6901,3.773,3
3.2053,7.4816,3
-1.4751,-6.9115,1
4.864,4.2919,3
5.0896,4.9139,3
-3.8802,-4.0168,1
-4.0087,-3.9284,1
1.0629,3.0667,3
8.0632,2.7639,3
3.1721,6.6517,3
3.8781,2.465,3
6.7463,1.8359,3
4.914,2.4567,3
5.4922,0.87849,3
4.0353,7.1874,3
3.6346,0.72797,3
-0.85801,3.0131,3
3.8134,0.47578,3
4.3293,5.9902,3
2.3889,3.8953,3
2.2802,0.96548,3
2.0098,5.2752,3
1.1786,6.281,3
4.6199,4.7104,3
1.0115,6.7041,3
4.9569,3.6378,3
3.2293,1.5512,3
9.9749,7.268,3
4.5236,-0.12921,3
4.9334,5.6595,3
2.9248,2.5853,3
4.5715,0.70761,3
2.1631,3.6937,3
7.8395,6.7029,3
4.8388,1.9387,3
3.0755,7.3248,3
3.83,3.7276,3
1.7258,2.0721,3
3.5015,5.4512,3
1.2636,4.6291,3
0.79893,-0.65395,2
1.39,2.5023,3
9.0661,2.5539,3
0.61283,0.024707,3
3.8303,2.8444,3
3.1802,3.7644,3
3.8962,7.279,3
3.7321,0.31738,3
2.152,3.33,3
6.2419,6.1299,3
2.6462,7.3456,3
9.7396,2.8309,3
6.6184,5.4233,3
1.2457,2.7886,3
3.1193,2.9097,3
3.6851,4.1729,3
2.4238,1.5365,2
7.2439,4.2853,3
0.71675,2.9112,3
4.1587,2.0729,3
3.7926,2.1521,3
2.257,0.96067,3
4.3041,2.839,3
6.096,4.6528,3
5.76,5.6925,3
4.4313,5.6738,3
0.67387,-0.33034,2
5.8965,9.5925,3
4.9447,7.4778,3
-3.5019,-1.4638,1
8.7405,5.3002,3
0.62849,-2.7169,2
-6.6127,-3.0716,1
4.2767,-0.54343,3
3.6552,4.4695,3
5.1006,4.2212,3
-2.6331,-1.7178,2
6.1175,3.3506,3
6.6734,2.9425,3
3.7451,1.3026,3
-3.0091,-5.6241,1
1.6583,3.1308,3
4.8164,1.9231,3
3.1569,4.8345,3
-1.3718,3.5446,3
3.9989,3.5729,3
0.9367,2.3105,3
2.2861,1.1918,3
0.42762,-1.2483,2
-2.8004,-4.8217,1
2.5106,1.82,3
6.2094,5.04,3
3.0127,3.8219,3
3.3696,7.17,3
3.4142,6.9955,3
2.5218,2.7804,3
-7.0396,-6.2537,1
4.1785,6.424,3
-1.6974,-2.3301,3
1.9682,1.1754,3
-2.4861,-0.13468,3
6.0381,6.5543,3
4.6687,6.0692,3
4.9129,3.3474,3
5.2512,3.1689,3
4.1754,5.5279,3
0.30423,-3.5141,1
0.23586,1.3067,3
7.1689,3.6318,3
0.71938,0.48387,3
6.8337,6.0396,3
3.8802,6.9554,3
2.2844,2.1404,3
3.2935,3.3186,3
5.1113,4.4597,3
4.8032,3.4227,3
1.3117,0.725,2
-4.1219,-3.1595,1
1.4358,2.8526,3
2.7638,6.5975,3
7.3573,1.0802,3
2.7087,2.0478,3
3.4225,6.9963,3
4.6935,5.3922,3
6.6393,3.4343,3
4.4934,1.3981,3
2.3688,5.733,3
4.2476,2.86,3
4.2553,-0.39218,3
5.2486,4.2087,3
2.5688,2.364,3
5.0762,4.9323,3
4.3746,2.0613,3
1.843,3.9355,3
3.6167,2.3519,3
5.5444,2.1594,3
2.4772,1.5985,3
0.16144,-3.786,1
6.6734,-0.28696,3
-3.2363,-3.2083,1
6.7872,2.3109,3
2.995,0.6337,3
-0.93929,-0.6001,2
6.1075,8.068,3
8.4558,2.353,3
2.0151,5.142,3
6.5756,4.9472,3
-4.1576,-2.1821,2
-0.81323,5.7799,3
3.8975,6.8841,3
7.416,7.7813,3
3.78,2.1454,3
7.7718,2.1669,3
3.7734,2.0117,3
1.4812,1.681,3
5.3089,0.80602,3
2.9247,3.1136,3
4.1672,2.3829,3
7.2128,4.7174,3
-4.1514,1.7827,2
2.1722,3.3138,3
2.6421,4.5147,3
6.0892,4.0666,3
1.7352,3.45,3
0.60426,4.3414,3
-1.9497,-3.7744,2
6.3829,7.1459,3
6.4596,7.4887,3
4.9668,3.265,3
1.6566,3.9453,3
3.8788,1.7645,3
-3.2568,0.10176,2
3.5735,4.7648,3
3.6642,6.4309,3
5.4404,3.3104,3
1.441,2.5117,3
8.5723,5.0141,3
-0.53562,3.3753,2
3.9901,5.7052,3
3.7736,2.4809,3
4.8915,6.3148,3
1.1682,0.26387,3
3.1621,1.7679,3
6.2544,0.66053,3
7.597,5.6336,3
3.5425,4.1614,3
4.2444,3.221,3
-0.72518,2.2166,2
4.7087,-1.0815,2
1.0317,3.232,3
0.98201,0.59776,2
4.9391,2.4177,3
3.438,0.11722,3
4.8067,3.8057,3
4.1389,1.5506,3
6.1982,5.7301,3
1.8652,7.4791,3
3.7384,6.3994,3
1.0079,0.49538,3
1.6893,2.6558,3
2.921,6.196,3
4.774,3.4498,3
5.5786,3.6836,3
1.592,9.0991,3
-0.56669,4.3147,3
0.71895,2.7634,3
4.4851,3.5717,3
5.0858,6.6735,3
3.4973,5.1259,3
3.9187,6.2298,3
5.1403,5.0263,3
0.64739,-5.5592,1
4.6945,5.4701,3
-2.6241,-3.521,2
4.7882,7.3649,3
8.092,6.5924,3
1.5732,4.7957,3
5.7621,6.3077,3
4.5014,5.1834,3
2.3941,1.9803,3
6.136,-1.2251,3
4.8848,6.4742,3
1.6882,7.1383,3
-4.2034,-5.4659,1
4.8012,5.8445,3
4.9088,4.7712,3
3.6833,3.4882,3
1.2414,2.1144,3
5.7429,4.2669,3
3.5119,0.89945,3
4.1723,3.1958,3
2.7474,0.67905,3
-2.1323,-0.55697,2
8.1468,7.8012,3
6.6362,8.0579,3
1.2993,-2.7456,2
2.7018,3.7833,3
5.4801,6.572,3
2.9859,0.77094,3
1.9913,4.2781,3
2.387,4.1497,3
-0.82446,-4.4047,2
-9.9443,-4.0513,1
3.0673,2.854,3
3.6717,4.8123,3
1.5848,0.14003,2
8.6068,2.8094,3
0.43335,1.0953,2
3.5924,1.2753,3
3.2361,4.1374,3
-0.022768,5.4486,3
2.8176,2.9907,2
-0.34525,-3.1474,2
5.2611,5.364,3
7.8126,2.2727,3
1.0701,2.5469,3
4.34,6.3768,3
2.6011,3.7247,3
3.5383,5.4447,3
5.0103,7.9679,3
-2.4774,0.52603,2
-2.9253,-2.7311,2
-2.2054,-1.1592,2
7.0133,8.4314,3
-2.1984,0.3215,1
7.2548,3.828,3
6.3602,5.0662,3
2.8489,1.7742,3
-2.9944,-3.8132,2
2.5373,4.2711,3
5.1323,6.6842,3
3.2885,4.4837,3
5.4148,2.286,3
8.1989,6.4242,3
2.8606,0.42587,2
1.3697,0.12959,3
3.3459,5.964,3
4.2852,9.5141,3
4.1045,2.5983,3
3.343,3.2697,3
6.3828,3.1519,3
4.358,4.3448,3
1.4517,5.0985,2
1.2504,6.5777,3
3.1446,2.8105,3
5.8541,1.8315,3
9.5338,4.4347,3
6.0047,4.7978,3
8.4435,4.2921,3
2.4991,-3.0388,2
-2.1453,-3.1824,2
3.0098,2.7482,3
-2.211,-0.82005,2
6.4787,1.7435,3
0.38024,-1.4278,2
6.6397,2.2952,3
3.7631,1.5924,3
0.61304,0.99168,2
4.3469,6.1881,3
3.2784,1.4726,3
-4.0819,-5.1232,1
5.7267,9.0413,3
8.0135,6.4008,3
3.6271,3.6935,3
11.346,3.9694,3
4.0529,6.7726,3
5.9598,5.8931,3
6.3661,6.9482,3
4.3581,3.0691,3
1.7838,0.14877,3
5.1276,3.0485,3
4.4951,2.5461,3
3.1397,4.0079,3
3.09,3.462,3
3.3573,3.7519,3
4.624,4.6126,3
1.4052,8.7441,3
1.9963,5.8221,3
4.1139,4.7559,3
0.90298,-0.62235,2
-0.61591,-1.5141,2
1.1376,3.7824,3
3.8673,5.0603,3
2.3611,2.6035,3
1.8527,4.8858,3
5.5061,3.579,3
0.44322,-1.8002,2
3.4501,7.8756,3
0.51381,3.7136,3
8.1994,8.2254,3
5.3778,6.0833,3
0.97945,5.0069,3
2.9738,5.6894,3
2.0021,-0.069346,3
2.6594,-1.7318,3
2.8036,0.78731,3
5.4924,5.3849,3
-1.6654,2.6485,2
5.1039,4.9774,3
2.3267,-0.42807,2
4.6894,5.2807,3
3.8578,3.458,3
2.8736,0.57853,2
0.66479,2.9671,3
1.4474,3.2116,3
8.6007,4.918,3
2.8977,3.5008,3
5.4547,3.9265,3
4.3977,7.8219,3
1.1758,4.9783,3
5.2298,1.6508,3
5.4946,5.5465,3
4.5361,5.8428,3
-1.4267,-5.757,2
2.6248,4.3712,3
5.9372,5.6624,3
3.4906,1.8755,3
6.4124,1.5522,3
4.6295,1.5659,3
4.1532,1.5787,3
5.5946,7.5826,3
2.8473,6.8841,3
6.1583,3.6923,3
4.9471,5.5454,3
4.3935,6.7202,3
4.1736,7.4475,3
5.112,5.0524,3
7.3671,5.7304,3
2.1067,4.6121,3
4.8479,4.5858,3
3.25,5.7435,3
3.9458,7.9415,3
8.8841,2.4527,3
4.2469,4.3345,3
5.8465,-0.41215,3
4.2733,3.9522,3
-1.6869,2.4838,2
6.696,8.4436,3
-3.9192,-5.0918,1
4.6791,2.0154,3
-4.6081,-1.5383,2
3.322,6.31,3
6.38,2.1791,3
1.5352,3.8185,3
6.7504,2.3293,3
1.3389,-1.2426,3
3.2791,4.9687,3
3.3443,4.4866,3
2.4243,1.2994,3
5.1926,1.918,3
2.7631,3.4834,3
6.0642,6.816,3
0.98818,5.1572,3
3.8067,4.731,3
0.25167,-0.45255,2
7.1416,7.4582,3
2.6245,3.7124,3
4.7368,3.3288,3
3.8807,4.4792,3
4.5134,4.1731,3
3.8075,5.2996,3
-2.8131,-4.6012,2
5.1807,4.1225,3
3.7199,2.3241,3
0.3385,2.3153,3
4.5764,8.0234,3
-0.72423,3.6555,3
1.783,0.77381,3
3.7539,1.5022,3
6.9444,0.95825,3
4.5535,2.9817,3
1.5964,2.6764,3
4.4481,6.4921,3
4.4453,4.1222,3
4.8496,3.042,3
3.7898,5.3384,3
4.0679,-3.1446,2
4.2333,4.3966,3
2.5447,0.90824,3
3.1746,2.7947,3
2.4733,1.6178,3
7.5966,3.1766,3
4.6544,5.483,3
7.3976,0.14846,3
3.0891,7.7031,3
4.6787,0.090536,2
2.7281,2.7674,3
8.4383,6.694,3
5.9195,5.3765,3
5.5655,3.2548,3
3.9347,2.8294,3
2.1121,2.749,3
5.0767,4.4069,3
3.6127,1.9225,3
4.962,3.041,3
7.4029,2.9531,3
2.4673,1.2217,3
1.0321,4.1341,3
2.2228,2.8149,3
2.6152,2.3275,3
-5.2217,-2.2946,1
2.2428,5.9885,3
5.189,4.3454,3
2.2342,6.0867,3
2.9137,0.77756,3
2.6756,2.4248,3
7.6176,0.16744,3
5.8743,4.9023,3
0.39155,4.269,3
1.9497,3.2542,3
1.6765,0.99795,2
6.5339,7.8157,3
1.2404,3.0745,3
3.643,2.0328,3
4.2758,3.4309,3
4.8656,2.8622,3
-0.22435,1.6366,2
1.1934,5.9858,3
0.31859,5.5282,3
4.4575,3.1462,3
9.2393,1.6285,3
1.901,3.3383,3
2.1574,1.1022,3
6.3913,4.3829,3
-1.7151,4.4949,3
3.5997,6.0214,3
3.9364,1.1127,3
2.4614,5.7372,3
-1.2326,-1.7322,2
6.2325,5.5044,3
3.4913,5.1474,3
3.6185,6.8193,3
7.0381,5.849,3
3.9687,4.9258,3
2.1938,5.8419,3
1.4648,2.7986,3
5.6382,6.8877,3
2.7665,3.5669,3
4.1403,3.1712,3
-8.109,-6.8721,1
3.4105,6.5588,3
6.004,3.4636,3
4.7524,0.38783,3
5.8876,6.1471,3
2.2632,7.7231,3
2.4763,4.1269,3
0.86638,3.925,3
4.2675,4.9453,3
-1.5989,-2.9995,1
6.0703,3.7159,3
-3.6144,-7.4526,1
6.5133,5.8082,3
8.545,4.3627,3
2.1187,2.2123,3
7.3438,2.1986,3
3.005,4.7401,3
4.5491,8.0791,3
-0.11176,1.885,3
2.7711,1.7696,2
4.9932,4.354,3
3.6759,3.8938,3
4.9755,4.015,3
4.9154,6.3494,3
5.2282,-0.10007,3
6.9831,7.6389,3
4.6561,0.1991,3
2.274,3.864,3
4.0168,0.89345,3
1.1844,4.9374,3
1.7185,-0.47565,2
1.1152,2.003,3
3.7343,4.4759,3
2.4753,3.4251,3
5.258,1.5659,2
6.635,5.3589,3
0.51933,2.1556,3
3.2469,2.8965,3
5.1298,5.5422,3
8.9219,1.0265,3
0.67066,2.3292,3
4.4987,2.3307,3
4.0912,1.1356,3
1.0218,1.6884,3
8.1242,3.739,3
6.9945,0.52379,3
6.0086,4.4704,3
2.2686,6.0892,3
2.5958,5.6516,3
4.5538,5.9722,3
10.749,6.2488,3
2.7766,3.8473,3
6.0012,4.4363,3
0.15855,0.43274,2
3.7171,5.0634,3
2.7736,6.3755,3
-1.3506,-9.0758,1
3.5619,1.9626,3
5.8788,0.68344,3
2.2659,2.1503,3
3.2439,2.8531,3
3.447,4.1761,3
0.69709,1.7855,2
8.7664,3.626,3
4.7857,5.4892,3
4.1155,5.7053,3
5.4693,4.1524,3
5.8892,1.7617,3
1.0989,1.84,3
4.4179,-0.27296,3
3.5698,5.7469,3
0.74223,7.6388,3
7.0956,6.3871,3
4.0619,4.512,3
1.6554,2.9047,2
5.0572,5.9779,3
3.7314,1.4,2
3.8417,6.1996,3
3.3131,3.3832,3
5.064,0.78864,2
5.4493,2.7232,3
3.6992,6.5754,3
3.2846,4.8058,3
4.1899,-0.40243,3
-0.95344,-4.6768,1
5.3871,4.3581,3
6.2552,4.5015,3
4.9526,2.9407,3
6.0394,4.0436,3
5.3851,-2.5359,3
-0.19819,1.5765,3
-1.6074,4.5457,3
5.1136,6.6424,3
2.2844,4.0178,3
3.5953,3.5567,3
5.4054,6.6616,3
4.9653,5.8553,3
3.7316,5.1279,3
2.585,2.9974,3
4.0414,1.7972,3
2.3265,0.70771,3
4.7431,4.4071,3
3.4991,4.4781,3
-1.7009,-3.5809,1
2.6077,2.9339,3
5.4284,3.392,3
5.6202,5.9496,3
3.7026,-0.96132,2
1.1836,7.7571,3
0.81797,3.8041,3
3.2187,6.3773,3
0.62007,-0.61211,3
-2.7831,-6.1747,1
4.3417,2.7037,2
4.9473,2.741,3
3.5576,-0.42227,3
1.602,3.7374,3
3.3968,3.3114,3
0.27362,-0.57091,3
1.4146,2.2956,3
4.7116,4.8577,3
4.5066,1.9138,3
-2.0623,-2.6727,2
0.34067,1.5447,2
6.6427,4.0311,3
-0.27426,-4.7513,1
2.752,0.80831,3
5.6482,4.1853,3
5.0356,7.8995,3
0.82625,-2.9474,2
4.3897,5.9878,3
0.65637,2.9244,3
4.2354,3.1153,3
3.2188,8.0004,3
7.7574,3.6674,3
-0.54385,-0.42421,3
8.5995,4.6145,3
1.2175,1.0313,2
1.1318,4.2621,3
4.9555,4.5373,3
1.257,2.3577,3
-5.3285,-6.0985,1
8.6478,8.4831,3
-0.42984,0.15053,2
1.3308,2.7347,3
2.0395,6.8441,3
5.3132,3.1254,3
-6.6407,-4.2303,1
4.8395,6.3321,3
-8.7462,-4.9874,1
4.0887,0.74197,3
5.412,3.1682,3
6.3923,5.3988,3
2.9751,5.6296,3
3.8271,3.9693,3
-1.2703,-0.10718,2
1.0482,3.5408,2
10.354,5.5114,3
4.6524,1.79,3
3.8123,3.0961,3
1.8354,2.2853,3
1.8849,1.816,3
7.0255,6.1979,3
4.1915,2.9011,3
1.6261,-0.83153,2
1.8101,2.5203,3
0.4052,2.7514,3
-1.0749,0.58174,2
-6.6097,-6.4127,1
5.7688,4.3297,3
3.154,0.16391,2
5.2794,6.1895,3
0.51242,2.4369,3
4.3187,-1.2051,3
1.2331,3.9755,3
2.8177,4.3531,3
2.7909,6.7168,3
1.915,5.8079,3
3.3143,8.4742,3
6.463,6.2007,3
-0.56933,-2.9456,1
2.2525,4.4257,3
6.2147,4.9018,3
3.7401,2.6232,2
2.7752,0.89485,2
2.9414,7.7904,3
5.4679,3.546,3
4.5315,0.29833,3
5.9225,0.96098,3
-3.3624,1.3721,3
7.358,3.205,3
5.9411,1.5118,3
4.7514,5.1586,3
1.7584,0.8173,3
7.7273,3.8458,3
-4.881,-1.6178,2
5.053,5.4907,3
4.219,1.98,3
2.3506,-1.7158,2
4.0993,2.6734,3
3.8913,5.5672,3
5.4625,6.6629,3
2.1283,4.1582,3
0.87474,2.9691,3
6.0773,2.9457,3
-4.7691,-8.2387,1
-1.5055,-3.613,2
5.5375,3.2516,3
1.8328,5.353,3
-1.7988,-5.7089,1
1.3436,2.2418,3
-3.2972,-5.7876,1
2.7612,2.3583,3
4.0842,1.5924,3
7.8047,6.5621,3
5.5733,2.5601,3
1.5694,3.0722,3
3.4638,5.1642,3
4.9566,0.38414,3
3.4602,2.1027,2
2.6921,4.3892,3
2.8514,1.8217,3
5.1027,5.816,3
2.2129,0.363,3
7.6186,4.9166,3
-4.6926,-4.0947,2
4.7396,4.9872,3
6.0566,0.74078,3
3.3508,-0.0065663,2
5.9974,1.6292,3
0.36083,5.1834,3
0.63444,4.9043,3
1.6151,1.6957,3
3.9368,1.1455,3
4.4549,2.6804,3
5.443,1.3765,3
0.44099,1.0164,3
7.4498,5.1692,3
-1.6366,1.9504,3
6.369,4.2188,3
4.3754,4.8266,3
5.5456,1.9669,3
4.7671,5.6496,3
9.2539,4.5455,3
3.1764,5.489,3
-4.0439,-1.8492,1
-0.93638,-2.0895,2
4.7703,2.5311,3
1.7873,7.2312,3
6.6159,6.8672,3
3.4829,6.7396,3
5.3914,9.2578,3
6.0196,8.0867,3
-2.7918,-5.7844,1
4.9531,5.2797,3
1.4192,1.6108,3
7.0354,0.58763,3
3.079,4.8496,3
0.22998,-3.1756,1
1.3482,3.5725,3
8.1146,5.3796,3
4.3741,6.3118,3
6.0427,1.8488,3
2.6044,6.9381,3
5.8553,6.5155,3
1.659,5.9673,3
4.2962,5.1307,3
6.1102,2.8723,3
-2.359,-5.0246,1
2.9588,6.1042,3
4.8755,4.2805,3
5.5022,5.9402,3
0.46893,0.9403,3
0.31119,4.2816,3
4.8537,3.238,3
1.1352,-4.6705,2
0.38478,-1.986,2
6.3594,4.5726,3
0.30784,2.4962,2
4.7604,2.2154,3
-4.3276,-2.5706,1
2.241,6.6553,3
5.8158,7.1935,3
2.9996,2.6659,3
2.7284,6.2966,3
5.108,2.713,3
1.7498,3.4333,3
1.5539,4.9091,2
3.0087,3.363,3
5.6679,2.974,3
5.0538,6.0505,3
3.9441,2.0739,3
0.78356,1.4922,3
-2.3437,-3.8185,1
8.6714,1.8054,3
6.9504,1.1867,3
0.96912,4.8589,3
0.64497,-0.10811,2
1.2811,1.4733,3
3.5331,7.5,3
3.1147,1.6246,3
4.6086,2.8606,3
5.5302,4.0315,3
5.3696,3.4916,3
-1.2757,4.9482,2
5.8335,4.1665,3
4.1283,5.1019,3
4.188,0.79966,3
4.563,3.3922,3
5.6896,4.4338,3
7.3356,4.8541,3
6.8278,4.7379,3
3.2918,6.9368,3
4.9433,1.6263,3
3.3912,3.7054,3
2.2503,5.7198,3
7.3329,3.9919,3
4.0151,0.096476,3
5.238,5.6356,3
3.632,3.43,3
-0.45141,-2.0451,2
6.2007,2.118,3
3.8669,0.44622,3
3.2843,3.8056,3
5.3257,3.3952,3
7.6935,5.9289,3
5.0961,2.6511,3
10.345,6.9932,3
3.4312,4.2997,3
6.8887,2.1539,3
3.9147,3.0337,2
0.26651,-0.92967,3
6.8422,7.1511,3
2.4484,2.8359,3
4.4551,0.83213,3
2.4869,1.4444,3
1.6982,2.2912,3
7.7868,1.8004,3
3.0379,5.3121,3
0.66674,-0.86182,2
0.22324,5.1602,3
6.7031,4.2773,3
5.5814,2.4949,3
-1.858,2.2116,2
2.2221,6.6621,3
3.8211,1.9606,3
5.7611,3.7352,3
-1.988,-1.3974,2
0.88511,2.1018,3
6.1345,5.0916,3
4.2358,4.5435,3
-1.2474,-2.1741,2
6.1881,0.44573,3
2.1995,6.9404,3
2.2617,2.675,2
3.0213,3.3379,3
6.3204,7.7651,3
1.8737,2.8716,3
3.7861,1.3505,3
5.7555,0.53039,3
0.85211,-0.11054,3
3.8955,3.7384,3
1.4264,4.3086,3
2.6183,3.5976,3
4.3894,7.0183,3
4.5031,5.9123,3
6.4781,3.9402,3
2.1274,4.6139,3
9.3445,4.2528,3
3.5008,1.7005,3
6.8327,3.6119,3
1.3977,-2.0049,2
5.534,3.4516,3
3.5137,5.8685,3
0.99021,2.2881,3
4.8729,3.6293,3
0.41092,1.5515,2
5.2064,4.2189,3
1.2626,2.4424,3
4.4676,4.1232,3
3.9387,-0.87968,3
4.3433,4.9629,3
-6.6851,-3.6474,1
1.4128,3.2893,3
2.6641,1.0051,3
2.0192,3.789,3
-0.86581,-2.5077,2
1.4472,2.6696,3
3.7052,0.60726,3
-3.5225,-1.8963,1
1.8703,6.8271,3
-2.7227,0.48492,1
4.6219,3.7368,3
6.7934,7.0215,3
-0.64581,0.5447,2
2.8767,0.97189,3
-2.5091,0.119,1
6.611,7.039,3
5.4139,2.9837,3
1.6813,2.9543,2
3.2701,7.1448,3
3.1777,2.2526,3
7.1092,3.9203,3
9.151,4.8006,3
2.5278,5.4142,3
7.8048,4.6326,3
-1.8422,-1.5615,2
5.136,4.834,3
1.5403,0.50603,2
5.127,2.8335,3
0.11861,2.7976,3
5.0593,2.6935,3
4.1501,2.7425,3
3.9226,1.882,3
5.6611,1.7651,3
2.0866,1.9387,3
1.2285,5.9521,3
9.0194,6.0081,3
8.3018,5.0852,3
6.3933,1.781,3
