9.12,5.9915,3
-5.6816,-2.0841,1
4.0747,7.7443,3
2.7699,7.0151,3
4.8452,5.486,3
5.4039,7.2128,3
1.0836,3.2553,2
7.9636,5.1542,3
1.1664,6.9493,3
5.8835,7.3725,3
6.978,7.9632,3
3.2787,1.0014,3
1.6076,3.6269,3
4.087,4.1688,3
2.6374,2.4576,3
8.3418,6.5404,3
5.4817,1.862,3
6.4358,4.621,3
5.2113,7.3899,3
3.9464,8.4251,3
4.8866,6.2169,3
-3.3163,-6.8881,1
6.3384,4.5687,3
3.7175,3.8065,3
3.2204,5.5087,3
-3.9673,-5.9329,1
6.5342,4.8026,3
4.9116,3.9489,3
3.2546,-1.4377,2
-6.7309,-4.8464,1
6.2921,6.1937,3
5.8495,8.7965,3
0.97287,5.9317,3
8.1688,7.293,3
3.1121,8.4153,3
0.32626,8.2519,3
-5.3998,-10.366,1
5.717,8.8629,3
4.6623,4.7299,3
6.7069,1.4288,3
2.0947,4.7204,3
2.3057,8.8812,3
9.0316,3.1166,3
7.6621,6.3731,3
-0.52176,4.7531,3
-1.5089,3.3769,2
-3.3747,-0.39663,2
1.1374,2.2268,3
2.6594,5.3554,3
-2.5708,-2.6137,1
6.4088,3.0758,3
-1.146,-2.5518,1
5.7601,7.8632,3
-1.9623,-1.6867,2
2.403,4.061,3
6.4426,5.093,3
-2.8767,2.6305,2
6.2096,2.9653,3
6.4936,10.16,3
6.4351,2.709,3
5.0748,0.71413,2
8.5903,8.029,3
1.3083,-0.44867,2
6.6449,5.6127,3
0.63325,6.5547,3
6.4077,5.2887,3
2.9143,5.2572,3
6.6518,5.4353,3
4.0078,5.372,3
3.318,1.7877,3
6.832,4.1582,3
4.627,2.6203,3
4.5362,4.5869,3
4.5613,7.4318,3
9.1179,8.5152,3
8.6988,10.544,3
5.0125,6.2779,3
5.662,1.2805,3
3.3538,2.0937,3
2.5611,5.453,3
6.4809,8.1085,3
3.5008,4.6236,3
7.2833,7.2687,3
6.5536,5.5273,3
6.3675,5.9822,3
4.9914,2.211,3
3.7765,6.7498,3
6.9049,9.3848,3
1.0366,1.2384,3
4.143,4.014,3
4.726,4.6943,3
7.2227,10.881,3
9.1933,3.0199,3
2.9641,4.6864,3
9.81,4.6608,3
3.9343,5.5802,3
-5.3186,-4.673,1
3.0457,5.4432,3
5.8176,4.7257,3
-4.9087,-8.2148,1
3.9528,4.2741,3
5.1857,5.7542,3
7.7629,0.18087,3
2.3672,0.29646,2
8.063,4.5278,3
3.6735,3.4531,3
5.2296,3.7127,3
4.2497,2.0857,3
1.5972,6.0982,3
8.1569,7.2045,3
2.0488,7.5474,3
6.9089,3.3386,3
7.0003,4.7568,3
4.9097,5.0274,3
3.1684,4.2698,3
8.1881,6.8519,3
7.3624,3.8995,3
3.7378,2.9915,3
-1.5927,-0.51749,2
4.5506,6.6378,3
6.7941,3.4662,3
2.9773,5.3259,3
4.5234,7.5485,3
4.9527,3.4274,3
6.6125,6.6177,3
4.3804,3.4773,3
5.1519,7.7295,3
0.84346,3.7152,3
7.1664,3.582,3
2.8638,6.3777,3
5.7826,3.0125,3
8.9046,5.4367,3
6.6549,2.489,3
-5.4941,-2.3176,1
2.6034,1.3285,3
8.2528,5.2609,3
7.1523,8.4699,3
6.931,7.168,3
4.8092,3.0343,3
9.2394,5.3919,3
-0.20281,0.79561,2
8.2503,2.127,3
4.6507,5.2704,3
4.6342,3.0148,3
8.3857,10.702,3
4.4061,7.204,3
4.3856,4.0763,3
6.1131,7.6338,3
4.9385,8.7227,3
7.7806,5.322,3
6.767,5.8792,3
1.5528,6.5797,3
-1.4153,1.8393,2
5.9541,5.0286,3
1.6684,4.6014,3
3.88,5.8924,3
0.51236,-4.2763,2
1.8435,7.5644,3
2.6964,1.6111,3
3.6445,-0.22386,3
3.3466,5.0953,3
6.0307,3.6195,3
7.9207,4.0452,3
0.87942,5.6754,3
5.8975,7.8953,3
4.3374,1.9859,3
6.2065,3.3117,3
5.6498,7.3801,3
6.7938,7.2413,3
-2.0172,-0.16856,2
4.1774,5.2381,3
4.3971,2.774,3
2.6307,6.5367,3
1.9762,1.4141,3
4.4699,4.4505,3
9.6144,8.0561,3
3.0513,3.616,3
3.7126,2.4216,3
3.8305,6.8301,3
4.925,5.7826,3
7.6965,5.0325,3
-0.74377,-2.3378,2
5.9352,5.2528,3
2.8004,2.4102,3
-3.7321,-3.4019,2
6.4579,6.0565,3
3.8413,2.5815,3
2.3891,6.2775,3
1.8481,7.9455,3
2.5738,1.1749,3
2.8491,3.7352,3
5.1693,5.0231,3
-1.3583,-2.2224,2
8.8412,7.5523,3
4.0113,4.7751,3
3.5068,6.8616,3
-0.63724,1.6872,2
6.5384,4.5785,3
2.4799,7.3104,3
5.7207,4.1908,3
7.5401,5.301,3
2.2939,2.5312,3
5.9457,6.068,3
3.2781,3.9924,3
-3.8903,-5.7429,1
4.4774,5.2057,3
6.3443,-0.14344,3
4.148,9.5439,3
5.6213,8.8045,3
6.9564,8.1918,3
7.0175,8.3612,3
7.1504,3.3265,3
3.3739,5.3256,3
5.0587,4.5056,3
1.9455,5.2307,3
-2.9663,-1.9431,1
4.1034,5.5266,3
5.4019,6.4134,3
2.4933,8.7001,3
6.2441,5.544,3
6.8272,3.2853,3
4.9588,6.37,3
1.4561,5.4314,3
3.152,6.0964,3
4.5126,4.129,3
2.5195,3.0851,3
4.1155,4.0912,3
5.1893,2.966,3
5.165,3.4094,3
-0.24759,-1.1237,2
4.775,1.6202,3
1.6601,0.51328,2
-4.6215,-6.375,1
4.7526,2.8416,3
7.4336,5.0958,3
-2.6873,0.97796,2
7.3576,9.3418,3
4.2719,6.693,3
-3.9634,-6.9935,1
3.9614,3.6836,3
5.0002,5.4497,3
1.4419,1.0683,2
6.6297,7.2642,3
5.6036,4.9705,3
-7.997,-8.6795,1
-5.3794,-4.8895,1
6.2421,3.6843,3
4.785,2.0986,3
1.878,5.5467,3
5.5766,3.6584,3
4.0004,0.28033,3
2.4491,5.9661,3
3.5074,-1.7937,3
7.0976,7.4459,3
5.3365,6.7495,3
-5.1948,-4.6882,1
-2.4884,-1.1898,2
5.5553,9.2704,3
3.6881,2.3269,3
6.9018,3.4495,3
0.48231,3.6636,3
3.3436,1.72,3
5.0406,1.4625,3
7.3767,4.1004,3
1.9716,0.9513,2
2.4503,4.1249,3
10.462,6.873,3
5.6747,2.925,3
4.4186,5.1045,3
4.4647,1.6379,3
6.6134,6.3722,3
2.7162,6.8816,3
7.8216,5.9512,3
5.6904,8.423,3
2.8325,6.8239,3
6.9158,3.1623,3
6.1302,4.6608,3
4.7656,9.3545,3
-5.7774,-6.9116,1
0.70008,-5.1072,1
2.4148,5.6884,3
5.37,5.9965,3
5.3251,2.8038,3
9.0123,7.1296,3
5.3548,7.1179,3
0.7091,4.3115,3
5.3797,4.8803,3
6.6421,1.7416,3
1.1198,-1.4704,2
-2.8597,-7.062,1
3.2366,5.3752,3
8.4393,4.3271,3
5.1788,3.7803,3
5.1265,3.0966,3
3.5157,3.5851,3
-3.8159,-5.1262,1
5.0559,5.1449,3
6.4068,5.632,3
6.568,3.1141,3
4.581,1.4759,3
-5.1119,-2.5214,1
3.7777,5.951,3
6.8671,8.3212,3
4.2126,2.2284,3
-1.0832,3.9271,2
1.8944,6.537,3
7.5823,7.259,3
0.57044,-0.72239,2
6.705,3.8683,3
6.1581,7.6651,3
4.6226,8.5167,3
-1.5417,1.256,2
5.8518,1.8507,3
5.4625,4.2025,3
0.61492,-0.21458,2
4.4808,5.6236,3
5.1544,2.9917,3
9.8756,0.98554,3
1.3304,4.3307,2
3.707,5.3112,3
2.5035,4.3932,3
6.6039,3.4938,3
-2.1256,-2.0776,1
4.7641,6.1041,3
6.046,8.2795,3
2.6765,2.763,3
-2.5072,5.5162,3
4.8602,1.8009,3
1.4837,-0.28223,2
5.3568,5.3379,3
-4.1713,-4.2502,1
6.1484,6.3958,3
6.0517,5.6587,3
0.91105,0.37171,2
3.7376,2.4522,3
4.3873,4.8182,3
9.2428,3.3017,3
7.6283,6.0306,3
8.5461,5.389,3
4.1079,3.3348,3
6.7983,6.8346,3
3.663,3.7694,3
7.8287,5.4878,3
0.95081,-2.875,2
5.5341,6.9158,3
3.1292,5.2961,3
4.5982,5.8963,3
4.5692,1.0571,3
-2.2023,-0.95459,2
4.7212,5.7489,3
9.3489,9.1058,3
5.7622,5.254,3
6.7707,2.7193,3
6.3497,3.9068,3
4.1808,5.3219,3
8.7552,7.2852,3
3.8123,2.895,3
6.0281,6.1698,3
6.269,6.5668,3
6.7268,2.1358,3
4.0356,4.2336,3
9.0418,3.3206,3
6.6054,4.7127,3
8.6475,5.6873,3
-2.2804,-0.60447,2
3.6851,4.1875,3
-3.0717,0.57241,2
7.1808,5.8743,3
6.1062,2.658,3
5.6932,4.403,3
4.476,4.9498,3
1.6546,4.0513,3
5.6998,4.699,3
5.2062,5.2764,3
3.6124,2.9791,3
4.1556,1.4374,3
7.0418,3.9445,3
7.9007,5.2424,3
7.6293,5.4648,3
0.38705,3.1103,2
4.0276,4.1296,3
5.9805,6.458,3
3.8365,5.846,3
2.9133,6.5169,3
-5.2638,-7.3692,1
6.7389,6.9567,3
3.8224,5.9917,3
5.2472,5.7345,3
7.6754,5.3163,3
6.2177,4.7488,3
3.2086,6.828,3
6.5152,7.3103,3
-0.4449,0.26678,2
1.8493,0.66162,3
4.3016,4.9421,3
6.5145,6.2135,3
5.873,7.5414,3
5.1553,5.6533,3
3.2063,1.2763,3
4.8018,7.9476,3
3.3103,3.8466,3
6.7428,9.1634,3
4.7848,7.3493,3
5.0624,2.5607,3
5.7268,9.2261,3
5.2128,6.7455,3
2.6321,0.065953,2
6.0919,10.103,3
0.88092,-0.42018,2
10.163,7.518,3
1.5605,5.1481,3
8.9981,4.882,3
-4.4823,-5.0888,1
7.1603,8.809,3
1.0371,2.8185,3
8.0844,5.8063,3
-1.3271,3.1717,3
-1.7491,-1.1176,1
6.034,3.6176,3
6.8027,3.8492,3
2.6806,7.0779,3
4.5786,7.8267,3
3.5602,7.8137,3
5.6524,6.1503,3
-3.1461,-4.784,1
4.2426,4.0754,3
3.8955,4.5961,3
7.9462,5.3027,3
8.5937,3.1007,3
-2.8601,-1.4702,2
4.9198,3.4257,3
1.5599,-1.0058,2
8.6711,4.9889,3
7.673,5.4567,3
7.5395,6.6239,3
1.7165,1.3193,3
-2.4906,-7.4115,1
7.4777,6.6776,3
3.2243,9.291,3
1.9192,3.6991,3
5.7769,8.0584,3
8.2812,4.2968,3
2.357,1.4765,3
-7.0196,-2.6198,1
-0.93425,-4.0384,2
1.7756,5.7177,3
7.0255,2.564,3
-0.25417,1.7974,2
5.8215,3.7017,3
5.2085,6.8306,3
7.4942,2.4503,3
5.5679,7.306,3
-5.9212,-7.8115,1
6.7533,4.1082,3
7.9975,5.2347,3
5.1815,4.5304,3
1.0959,4.1573,3
6.217,6.0333,3
7.045,6.0237,3
6.5697,5.8643,3
7.7942,3.9857,3
4.3585,6.6137,3
0.022342,0.40213,2
6.825,7.6433,3
7.6141,7.2386,3
5.2704,1.8355,3
2.4165,5.5076,3
2.3048,3.6368,3
5.8232,5.1291,3
3.3381,5.9392,3
2.3386,5.1371,3
5.3513,4.7631,3
0.42194,0.5134,2
3.9445,5.9944,3
5.9613,7.0008,3
4.7149,4.6692,3
-6.4301,-4.942,1
0.88322,6.2822,3
3.8597,2.7571,3
4.987,4.0685,3
8.9758,3.7019,3
5.131,3.4308,3
2.5192,4.7323,3
7.5667,5.6336,3
4.8568,5.5251,3
-0.76284,-3.3417,2
4.9969,3.5932,3
6.0318,8.6298,3
5.3903,4.9406,3
5.4344,5.183,3
1.7688,5.3322,3
6.8012,3.7113,3
5.103,2.6434,3
6.687,3.2566,3
4.98,5.7666,3
6.3338,3.2095,3
3.265,2.3024,3
4.4072,7.6416,3
0.53821,8.8364,3
4.0415,3.8608,3
5.8078,6.3957,3
7.3559,6.8629,3
1.2126,5.8033,3
0.95631,4.1245,3
2.2572,3.307,3
6.3607,6.4873,3
4.4765,6.4259,3
5.3535,2.5201,3
-1.1195,0.82866,2
0.33486,-1.6809,2
4.2482,3.4584,3
4.0552,4.9203,3
7.8745,3.8464,3
4.0593,5.5693,3
6.6767,3.0879,3
4.8607,6.6065,3
5.7686,10.614,3
6.7616,4.1267,3
-0.3414,1.4831,2
7.3592,6.8494,3
5.9014,3.0742,3
4.7745,4.1265,3
5.3263,5.4806,3
1.8313,0.44955,3
-0.064458,2.5929,2
8.1573,6.8551,3
2.1684,3.3739,3
1.8173,2.4409,3
5.2262,7.4222,3
7.2386,7.6884,3
7.0253,7.0604,3
8.3709,8.0094,3
1.9204,-1.795,2
4.6581,4.8011,3
8.523,5.9762,3
1.9988,6.4236,3
1.3174,9.4518,3
1.4094,2.2451,3
4.6176,8.9761,3
7.2911,5.4608,3
6.9278,3.0376,3
7.6701,2.9389,3
4.4188,5.8378,3
5.7877,4.2875,3
4.0732,1.4821,3
-1.2085,2.7874,2
2.0702,5.8305,3
9.5142,4.3773,3
2.1334,1.8006,2
4.6884,7.2994,3
6.7548,4.1428,3
2.0293,6.2886,3
5.4522,6.3773,3
3.9847,8.3881,3
5.7255,7.1366,3
7.2905,5.1845,3
3.8293,1.9511,3
6.4354,4.5242,3
4.0156,5.9326,3
-0.75557,-0.30578,2
3.0653,5.8209,3
6.6399,6.0656,3
2.4719,6.7551,3
-0.54571,-0.88858,2
-3.8302,-3.4761,1
4.1378,4.1831,3
-4.5193,-2.5594,2
4.7565,6.6651,3
6.6957,5.2367,3
4.0902,5.4471,3
6.755,5.521,3
5.7308,6.8235,3
6.1439,5.8359,3
6.1067,3.0725,3
7.4461,7.0683,3
5.0138,4.8155,3
5.7666,0.33868,3
5.6892,3.6436,3
4.5764,4.7958,3
3.6575,5.7037,3
6.2088,2.6951,3
3.4511,4.9899,3
-6.0737,-7.3101,1
0.414,-2.6605,2
3.2693,4.0137,3
2.6958,5.7609,3
3.8163,6.0835,3
0.69665,4.6237,3
2.7704,4.6157,3
5.6203,2.3734,3
4.0371,3.8778,3
3.7511,3.426,3
1.3612,5.8693,3
3.6429,2.4866,3
3.6377,1.3191,3
2.7453,4.4473,3
2.763,5.4652,3
1.4836,0.53689,3
1.1758,-1.3097,2
6.6984,4.5237,3
7.5336,4.9644,3
5.6712,2.949,3
-2.8519,0.71898,3
5.4272,4.7973,3
2.725,5.502,3
4.4221,3.8277,3
0.50629,-1.191,2
5.1064,3.4879,3
7.0635,8.5914,3
6.2785,3.9817,3
1.1544,4.177,3
0.90864,2.4574,2
6.8312,6.2256,3
3.5336,6.621,3
6.2085,6.6072,3
8.3211,8.6205,3
6.6796,6.3704,3
5.9096,1.323,3
0.09878,-1.5664,3
4.1038,2.0958,3
2.246,0.017821,2
1.9751,-1.7133,2
4.8177,4.706,3
2.1316,7.5197,3
-0.92207,0.28375,2
3.3791,6.9619,3
-1.2725,-7.1043,1
6.2433,6.6827,3
2.2691,1.3543,2
7.1031,3.4382,3
7.5469,3.815,3
5.5331,6.1839,3
3.1538,2.809,3
-2.7823,-1.9004,2
2.6159,3.0989,3
2.0696,1.1585,3
1.3247,1.9459,3
7.9868,4.6797,3
-2.8101,-6.0208,1
4.6804,8.7843,3
7.8325,7.3239,3
8.7578,5.4879,3
1.183,9.3983,3
9.4785,6.3577,3
3.6922,4.5863,3
4.0123,4.1337,3
3.6329,5.0353,3
5.4494,3.6538,3
-1.6249,9.0461,3
1.9506,2.7803,3
4.0371,4.0201,3
4.3389,2.8262,3
7.1787,5.6423,3
3.1781,2.2183,3
2.5785,4.6416,3
4.6762,4.3353,3
-2.7342,-2.2182,2
4.2187,9.0682,3
3.553,0.78336,2
2.6222,1.6187,3
5.5827,8.6341,3
4.7094,-0.0096655,3
3.202,6.0397,3
4.9701,8.5653,3
1.9319,2.0244,3
8.2818,7.4347,3
6.293,4.6069,3
6.7259,11.999,3
-4.7153,0.25136,2
2.3706,3.3913,3
-0.21284,-0.51285,2
4.3178,6.9622,3
8.4841,7.7154,3
5.2916,0.64551,3
7.0854,4.8907,3
6.3649,6.3386,3
1.6228,2.7509,3
1.2219,0.97762,2
2.0273,5.4638,3
7.1368,6.0356,3
5.4546,2.1358,3
3.4446,3.4141,3
5.6776,3.0431,3
9.7304,5.9838,3
1.3164,3.568,3
3.5372,3.7211,3
4.2719,5.5882,3
6.1565,4.3721,3
-1.9403,-1.3473,2
9.1592,2.5521,3
8.1743,7.6753,3
1.7663,2.5269,3
7.765,9.9374,3
5.8375,3.9571,3
4.2267,8.7189,3
6.2157,4.7821,3
6.1238,4.7317,3
4.9501,4.2611,3
2.3402,3.5666,3
2.0198,3.4329,3
6.3648,3.05,3
-0.86204,2.6332,2
3.3691,7.4747,3
5.6867,8.0329,3
4.8002,8.0498,3
3.3456,3.3008,3
5.4436,9.8321,3
5.5057,4.8062,3
4.8315,5.9446,3
4.6146,6.0183,3
4.5793,4.5413,3
4.139,4.5653,3
5.5981,6.5172,3
8.3675,8.1385,3
4.2998,2.7929,3
3.2272,2.8568,3
2.6325,6.5745,3
3.4039,3.6987,3
6.6211,7.9672,3
4.8019,3.4781,3
-5.5152,-2.6901,1
-6.5616,-3.7565,1
8.672,4.086,3
3.5556,3.2443,3
-3.0162,3.1484,2
5.639,4.9461,3
7.4044,5.9674,3
5.7463,8.5702,3
4.3495,8.8989,3
4.3862,5.8082,3
2.8369,4.6957,3
-0.68057,-1.6669,2
4.916,4.3451,3
10.065,4.6586,3
3.5138,5.764,3
7.2164,7.4771,3
6.6309,6.5811,3
3.0374,1.6368,3
5.036,2.7334,3
2.4323,4.0524,3
0.46048,0.50033,2
8.2838,6.9886,3
1.0325,6.9623,3
5.2382,5.4174,3
6.758,3.9192,3
3.9655,6.3247,3
9.6651,3.6668,3
2.7102,3.7052,3
5.107,6.698,3
1.8881,2.8671,3
-7.6056,-6.1047,1
5.9591,3.9366,3
8.165,9.4943,3
5.006,5.1653,3
4.4632,6.4298,3
5.1702,6.8627,3
1.389,6.3985,3
4.5581,4.5328,3
2.6508,7.3984,3
1.5677,6.4535,3
4.5214,2.8989,3
5.2059,5.4586,3
8.0512,-0.16344,3
4.4504,9.4923,3
-4.5845,-11.285,1
2.7928,-1.5498,2
5.8583,4.3882,3
7.5533,0.2956,3
7.1127,7.3044,3
-0.083564,6.929,3
5.9241,7.0522,3
2.9536,6.72,3
2.3189,5.4506,3
3.7456,7.7897,3
3.9485,6.1658,3
7.0666,3.2254,3
8.8448,11.827,3
5.1554,0.46507,3
4.6414,2.5009,3
5.2227,2.2271,3
2.4091,2.9846,3
3.8255,5.5692,3
3.7242,4.246,3
6.4157,5.6359,3
6.7955,8.4175,3
-7.629,-6.2585,1
1.9617,5.2186,3
2.6674,2.9405,2
5.8021,4.2803,3
4.0692,4.2131,3
3.9987,5.8884,3
7.7111,7.9908,3
5.5269,3.4007,3
2.9051,7.2409,3
2.883,6.3485,3
6.5921,4.8348,3
2.5737,0.28115,3
4.5836,7.5661,3
3.1713,3.4698,3
6.4372,4.7258,3
9.1568,6.2171,3
-2.824,-3.9857,1
6.4783,1.7401,3
3.0602,3.6409,3
8.172,7.0647,3
-0.38089,0.61668,2
7.658,5.8582,3
3.9883,3.4061,3
2.8289,3.8744,3
2.8167,6.2765,3
5.2552,6.8187,3
3.0981,5.776,3
5.6931,6.6297,3
2.7149,1.6588,3
3.6136,4.4646,3
2.907,5.918,3
6.1852,6.7485,3
1.7332,2.4464,3
3.908,3.9636,3
4.9002,4.9557,3
5.7077,6.5478,3
2.1006,3.4393,3
1.4937,5.6546,2
-8.5182,-6.9592,1
5.8105,2.0735,3
-1.978,1.1578,2
5.4478,6.7823,3
2.8875,-0.94387,3
2.6547,7.3183,3
5.5149,6.1248,3
2.8557,2.7592,3
-6.1811,-6.6462,1
4.0628,6.3253,3
7.1117,5.6937,3
3.3307,4.0421,3
-6.9336,-9.202,1
8.3379,4.8135,3
6.9662,2.5271,3
6.3277,5.3359,3
8.2929,5.8568,3
3.2705,5.1549,3
4.7135,7.5455,3
-3.6215,-7.2545,1
5.7925,8.4148,3
4.895,5.8089,3
3.9891,1.0776,3
3.2184,3.9942,3
6.7214,5.4117,3
2.7589,1.0455,2
8.7418,5.1729,3
-6.7657,-3.661,1
5.6435,6.6053,3
6.2788,3.9494,3
4.3049,6.3332,3
5.6622,5.3306,3
5.3269,7.5733,3
7.812,5.9739,3
-5.3075,1.2318,2
4.5137,7.6056,3
-1.7648,3.2395,3
5.0081,3.5887,3
-1.6492,1.3806,2
6.3692,8.7124,3
5.265,3.1064,3
3.2535,4.1718,3
5.5811,4.3314,3
2.1924,2.5529,3
8.4532,3.638,3
5.2226,5.7181,3
5.6967,3.8765,3
1.0908,0.81598,3
5.7051,7.1704,3
2.1275,3.4966,3
8.7447,5.2173,3
4.7825,1.5376,3
8.0392,5.5967,3
6.5966,5.3011,3
-7.2252,-5.4745,1
4.2759,3.2323,3
1.4681,6.2793,3
3.6173,4.5958,3
5.6715,5.8099,3
1.1819,9.4897,3
6.3952,7.2772,3
4.0748,2.6622,3
-3.2544,-4.6898,1
5.7356,8.9851,3
1.0789,-2.0672,2
4.6956,6.5174,3
3.2177,2.2998,3
1.71,6.7123,3
0.57667,-1.3867,2
4.9512,6.2431,3
5.2002,4.1191,3
6.0447,6.4596,3
9.5558,9.0222,3
5.1683,4.6346,3
3.086,1.7194,3
0.31461,1.3662,2
3.2552,8.6036,3
4.5236,5.5472,3
-5.4647,-4.2021,1
3.6667,2.0193,3
0.78433,3.5962,3
3.7995,5.2921,3
6.1976,7.2056,3
5.0348,2.2662,3
5.5936,6.7099,3
6.397,3.8582,3
6.7258,5.4551,3
3.1694,1.9203,3
0.23005,8.828,3
-4.1749,-6.1107,1
4.6662,6.7931,3
4.5293,-0.043042,3
5.399,6.3508,3
6.9532,6.5973,3
3.0038,3.7363,3
1.9728,5.9376,3
6.6663,7.2724,3
3.534,4.7819,3
7.8603,5.7257,3
4.912,6.5304,3
8.5866,5.201,3
6.4783,4.9582,3
8.5077,6.78,3
7.0145,5.2715,3
3.2954,2.4381,2
2.3054,4.3271,3
5.8862,6.6595,3
4.8421,9.1098,3
-0.99739,-2.369,2
3.0038,3.1529,3
7.2082,8.1842,3
3.4093,2.2859,3
4.5452,8.0729,3
5.5065,3.6129,3
8.1024,2.906,3
5.5419,6.7114,3
4.8557,3.2524,3
1.3981,4.1418,3
4.8406,3.9342,3
2.1089,2.8369,3
7.8953,6.2383,3
11.747,11.368,3
5.5508,2.4878,3
3.5468,8.792,3
0.7485,3.8703,2
-0.06337,5.0771,3
-1.0095,-3.5375,2
6.3111,5.0064,3
5.4178,1.5173,3
-0.18949,-3.1382,2
3.2186,6.0419,3
8.1037,5.0653,3
2.214,3.9594,3
-2.5092,-2.7979,2
3.3422,1.8637,3
5.2807,5.5197,3
1.5432,-1.6566,2
5.7695,8.8505,3
6.097,5.6867,3
5.2963,4.6913,3
4.9995,9.6479,3
3.9927,4.6846,3
5.0174,2.6958,3
4.2725,4.2824,3
3.7981,4.8117,3
2.5064,4.4146,3
6.5645,4.868,3
2.2113,5.7421,3
9.8852,-0.33926,3
2.173,8.8333,3
8.2602,6.2529,3
3.3602,3.1652,3
4.6438,4.7461,3
-4.806,-1.187,1
6.4708,6.7069,3
4.668,4.8107,3
7.2248,7.8362,3
-4.8283,-5.421,1
7.6307,4.3684,3
4.8665,5.2017,3
5.6534,6.1727,3
-2.3252,0.76279,2
6.0638,4.5665,3
5.2448,9.7779,3
8.2184,6.1271,3
6.8068,10.39,3
3.9863,6.8227,3
3.7242,2.6211,3
6.8281,6.3156,3
3.5465,3.0858,3
-1.8872,-3.4902,1
3.8962,4.5478,3
5.4574,6.0837,3
7.364,4.6638,3
4.8909,2.6379,2
4.1675,5.7798,3
4.9823,0.81487,3
5.2854,4.2719,3
1.635,1.8767,3
1.4993,4.3147,3
5.6306,4.4883,3
3.4463,4.4249,3
5.9828,3.7425,3
1.7997,-0.2036,2
2.5579,3.2061,3
-2.5135,0.47581,2
0.14708,1.777,2
5.3757,6.4369,3
3.5174,8.1348,3
0.45558,6.3382,3
6.4728,4.5377,3
6.2723,5.3535,3
8.735,3.223,3
6.9268,4.8514,3
7.5055,0.1509,3
4.0615,3.8066,3
6.3488,7.6228,3
3.3436,5.1208,3
9.502,2.4407,3
10.334,6.0564,3
-6.2202,-8.3961,1
6.7439,5.0994,3
4.6069,5.0765,3
-2.5336,2.4502,2
4.0918,7.5907,3
6.6352,7.4509,3
4.7787,3.7466,3
6.8198,4.9234,3
0.3045,5.8429,3
5.1187,2.8445,3
2.8547,8.2589,3
5.4129,6.5597,3
5.1844,6.9611,3
5.8885,5.6366,3
5.8318,5.0064,3
5.2515,6.6683,3
-0.075359,-3.4701,2
1.5935,3.2597,3
5.5286,8.0381,3
4.8694,4.3329,3
-2.2153,-3.6728,2
6.1233,4.8999,3
0.54491,1.0846,2
0.98722,1.8385,3
4.9265,8.0665,3
3.8967,7.4702,3
6.6695,6.2942,3
0.90103,1.8689,3
3.8436,6.4292,3
4.1362,2.4722,3
-0.014268,1.0771,3
4.9428,2.2252,3
3.1714,8.415,3
2.6527,4.9965,3
2.3558,6.4086,3
3.4374,7.64,3
3.0048,3.0821,3
-4.2521,-4.1575,1
-2.733,5.6652,3
5.0744,5.64,3
-7.8459,-5.1491,1
7.4726,5.2332,3
0.56739,-0.98954,2
6.0687,2.0849,3
3.8293,-2.2326,2
2.5469,2.2067,3
4.0003,1.7642,3
4.4652,3.0546,3
7.0784,7.8191,3
4.8339,4.5531,3
8.4103,8.1981,3
5.4309,4.4525,3
5.4127,2.9064,3
5.8881,8.9107,3
3.1439,5.2811,3
5.7078,3.3911,3
4.862,3.661,3
6.3166,6.5588,3
3.3594,5.7533,3
4.0928,4.9224,3
5.2337,8.6015,3
3.4901,2.1992,3
4.8586,6.9269,3
4.3261,5.6263,3
6.7318,4.9005,3
4.5266,5.7854,3
4.1391,7.5702,3
-3.0968,-3.7007,2
5.2934,5.4741,3
0.88379,2.8591,3
5.3355,7.3723,3
-3.5982,-3.7732,1
3.1082,6.4435,3
5.9417,4.4144,3
5.9386,5.731,3
6.1526,3.8636,3
5.8292,5.5509,3
5.7247,5.8735,3
8.4069,10.328,3
5.7731,6.4018,3
7.3527,6.2179,3
2.9579,4.4404,3
4.3897,4.7535,3
7.9909,2.7429,3
8.3523,4.9861,3
7.7341,6.5089,3
4.3917,6.1464,3
5.8234,5.4796,3
2.8352,3.825,3
2.0264,4.8327,3
7.9854,7.4387,3
3.1648,6.5438,3
-6.989,-7.6464,1
5.6813,7.0394,3
5.6871,2.4977,3
0.20773,-0.50829,2
6.3023,3.5366,3
4.4097,6.7733,3
4.1925,7.8005,3
3.2468,3.8552,3
7.0479,7.7301,3
5.07,5.6818,3
3.6675,3.9969,3
0.20684,-2.7788,2
6.4166,6.2686,3
4.3023,8.9409,3
1.5988,4.2589,3
4.1369,5.5635,3
7.3247,7.4079,3
4.9597,3.7901,3
3.8261,4.8269,3
6.0017,4.1319,3
7.7032,2.0361,3
4.1396,2.7616,2
6.4629,5.1274,3
3.1825,5.301,3
4.6293,6.5092,3
4.0293,6.4221,3
6.1169,1.6566,3
3.4753,7.892,3
5.9623,5.0376,3
8.5818,4.7677,3
0.57947,3.0767,3
5.7245,7.6024,3
-6.8778,-6.4856,1
0.07287,-5.8864,1
12.144,4.2306,3
7.756,6.2121,3
3.4723,5.2043,3
5.7531,4.3787,3
3.9433,6.4643,3
5.3154,6.5494,3
1.33,5.6503,3
-1.9577,0.65913,2
5.9849,6.7899,3
5.702,4.1357,3
7.8746,7.6331,3
4.8454,5.3859,3
7.1966,3.0647,3
3.9997,5.4757,3
6.6497,7.2585,3
2.1974,2.4828,3
2.506,5.0797,3
7.5821,4.7631,3
3.3681,1.7153,3
4.4716,5.0837,3
4.6117,4.5816,3
6.4446,5.8187,3
3.0612,3.9272,3
3.5438,4.9001,3
1.3833,2.6941,3
3.0067,7.5471,3
2.357,2.8749,3
4.7332,0.24539,2
4.2469,4.8763,3
7.5227,9.1896,3
2.6441,2.9097,3
2.0464,5.3611,3
-5.458,-8.947,1
6.364,6.2665,3
2.1492,3.9533,3
4.9916,3.9518,3
5.3403,5.8598,3
4.3967,0.085811,3
3.5158,3.9162,3
1.7261,4.8451,3
8.2933,2.7869,3
4.2277,3.1664,3
2.1472,4.6649,3
-0.42283,0.35614,2
6.4563,3.7508,3
8.0083,3.6593,3
7.5433,5.7611,3
5.4707,5.5229,3
-1.8999,-4.7733,1
10.453,5.3145,3
7.1409,7.9552,3
6.9358,4.8417,3
0.16307,1.7475,2
5.1496,4.975,3
3.8725,0.021727,3
4.8639,3.5274,3
-6.2852,-2.6297,1
1.6709,9.8984,3
6.4867,6.2179,3
7.7668,7.7649,3
9.1484,6.3289,3
3.4783,2.6791,3
6.5804,3.3466,3
5.3551,4.8278,3
-7.3449,-3.3796,1
4.6942,1.7534,3
3.5028,7.2598,3
2.5028,2.9322,3
1.819,-1.2458,3
5.1278,8.8132,3
5.0157,2.4442,3
2.068,2.6386,3
6.6777,5.2303,3
-2.907,-3.1962,2
-3.5699,-1.6161,1
3.0847,4.381,3
3.1178,3.8911,3
7.3011,4.5716,3
7.6818,3.8464,3
5.6328,6.0844,3
3.8597,7.8223,3
7.391,12.881,3
5.6226,5.7802,3
9.7362,6.9138,3
3.5857,1.6657,3
11.484,6.2096,3
5.4241,5.5021,3
0.25418,0.57351,2
7.3901,3.2371,3
-0.98695,-0.05219,2
2.8376,2.5281,3
3.422,2.1931,3
6.2369,3.4041,3
2.1209,2.0108,3
3.9643,5.9213,3
3.7721,0.96366,3
7.238,4.9932,3
-1.8247,-1.6061,1
5.8498,5.565,3
2.3059,-1.8453,2
4.4705,4.231,3
4.2016,4.2619,3
-1.4298,-8.7467,1
5.7001,2.8724,2
9.7497,2.8926,3
2.6613,2.7851,3
6.4949,4.8353,3
2.0637,-0.14975,2
4.6814,2.5128,3
7.043,3.4288,3
7.5015,7.5787,3
4.4509,4.9921,3
7.8927,6.5473,3
3.957,-0.68581,2
5.3562,4.9928,3
4.8366,5.9782,3
5.0891,7.1336,3
6.6749,5.7655,3
5.5233,4.6981,3
1.8112,5.7257,3
6.368,8.7585,3
-0.3579,-1.4889,2
-0.45043,0.55602,2
-2.4954,-1.7638,2
4.2674,3.8962,3
4.3161,3.1748,3
4.1456,3.2908,3
3.7781,7.1529,3
1.2179,0.64966,3
5.7532,5.1907,3
1.355,2.5607,3
6.0375,5.033,3
3.4524,5.9377,3
4.9757,7.1763,3
1.729,4.2917,3
3.8578,7.4801,3
-1.0169,-1.7534,2
5.0948,10.036,3
8.2157,1.2387,3
4.914,5.1295,3
5.468,6.2694,3
6.3096,8.3766,3
5.3892,9.5142,3
-0.29187,-0.65185,2
1.7428,4.1626,3
3.9819,2.785,3
2.6183,6.077,3
4.9771,4.9884,3
4.1932,5.2082,3
7.3398,8.1285,3
-0.61789,-1.6322,2
1.9163,4.2223,3
5.4483,5.6323,3
2.1844,4.5573,3
7.3559,8.7329,3
7.8625,5.673,3
3.31,5.5773,3
6.3523,7.2927,3
4.8173,1.4479,3
3.0182,5.8916,3
8.1357,8.2842,3
7.5405,10.357,3
3.1997,7.1496,3
2.1757,6.5618,3
3.6104,-0.64046,3
9.6681,5.1577,3
-0.079023,2.0965,2
2.4559,-0.047521,2
3.1009,3.7439,3
-2.1178,-3.1576,1
-0.015986,3.3583,2
0.16801,3.7362,3
4.1387,4.7611,3
6.9086,4.2427,3
5.3804,8.2458,3
-4.2181,-8.4913,1
6.5422,8.1721,3
5.957,0.8776,3
5.0929,4.0428,3
3.1374,8.8579,3
6.7878,5.5553,3
6.2753,6.9812,3
0.24657,-4.272,2
9.104,5.0639,3
6.997,7.5496,3
5.1223,3.4344,3
6.7716,1.7163,3
5.7603,1.6869,3
3.7793,1.8188,3
4.0294,3.4596,3
6.7147,7.8465,3
-4.4954,-5.4218,1
0.43204,-0.78441,2
6.6258,9.012,3
-5.6966,-2.4851,1
5.8811,10.58,3
7.9116,5.5996,3
-5.9159,-5.7189,1
-2.9743,-7.9281,1
6.6776,5.8988,3
4.0966,4.815,3
7.0415,4.6367,3
7.0164,5.5722,3
3.66,5.3596,3
2.7648,1.7921,3
4.1465,3.1545,3
6.7676,5.4014,3
3.631,3.9568,3
2.5718,5.9251,3
4.549,5.4603,3
5.067,3.0199,3
7.8175,8.5122,3
6.7197,3.8288,3
4.3844,4.5746,3
1.4953,2.9192,3
8.6126,2.0822,3
1.7403,1.1184,3
4.1539,4.7419,3
1.6517,1.358,2
-3.6618,1.2849,2
8.5453,3.4291,3
4.2653,3.8384,3
6.5789,4.3855,3
-2.6799,1.3338,2
0.15285,7.7423,3
9.1181,6.2022,3
4.2034,2.1632,3
4.9578,7.7902,3
9.4083,4.2963,3
4.7634,-2.1034,2
10.491,5.2458,3
3.4742,5.8116,3
1.582,0.0046312,3
7.6217,4.5535,3
8.2884,7.6174,3
4.6632,4.5634,3
3.4094,0.68152,3
5.4831,5.6966,3
4.6619,4.9973,3
4.9578,4.8369,3
3.7888,5.4733,3
0.76812,1.3338,2
8.2202,5.2916,3
8.3942,7.5464,3
7.6622,3.0484,3
4.3029,4.2719,3
3.2307,5.2783,3
5.9712,3.003,3
3.365,6.3879,3
2.6413,5.3452,3
2.4775,5.3498,3
3.6383,3.7087,3
3.0367,3.8178,3
4.1306,3.5949,3
6.1142,5.0595,3
6.0994,3.4788,3
-0.22539,3.1638,2
4.4554,5.8046,3
3.762,6.5422,3
6.4003,7.1197,3
7.4581,5.6253,3
6.9549,4.2169,3
5.0525,2.7428,3
-3.2242,-6.0076,1
1.2588,6.2372,3
5.5221,2.3527,3
6.2698,2.6417,3
4.1156,3.4227,3
1.6627,-0.8612,2
1.571,1.4912,2
6.4061,4.1175,3
1.4031,1.3684,2
2.7087,8.7733,3
1.6494,5.2541,3
3.4881,6.4324,3
-2.7251,-7.2862,1
3.5025,5.8669,3
3.5832,2.9215,3
1.9876,1.6286,3
9.0767,5.5437,3
8.847,4.1087,3
4.5063,7.0116,3
6.6908,0.46254,3
-0.045501,-1.3298,2
7.0704,5.7921,3
8.0745,1.2239,3
4.088,4.0557,3
0.64646,2.4387,3
5.6465,3.8231,3
-8.9714,-10.142,1
5.1293,4.5593,3
7.2891,2.0693,3
8.2129,7.5423,3
8.3983,7.1074,3
6.6393,2.9782,3
1.7236,2.6291,3
6.269,3.0393,3
1.9149,2.268,3
5.1572,5.3637,3
8.2294,6.2869,3
-1.0861,-0.50966,2
3.9265,3.1742,3
6.6675,4.8365,3
11.018,4.5659,3
-4.7122,-4.0039,1
1.4364,4.493,3
2.9224,4.8721,3
6.6324,5.9872,3
4.5631,6.5099,3
7.9313,2.6553,3
1.0636,2.2985,2
-0.54738,-0.043376,2
5.1171,7.9664,3
5.2447,7.3306,3
4.0876,6.8726,3
8.0387,6.1223,3
3.3468,0.60348,3
5.7736,7.3415,3
6.6439,9.7095,3
-5.4594,-5.4534,1
6.3572,0.82631,3
4.8663,3.0286,3
6.0655,4.6703,3
7.9641,3.2902,3
4.7401,7.9019,3
7.7672,5.2842,3
6.4885,5.8438,3
9.9814,9.9918,3
7.8899,4.5046,3
0.91455,1.6021,2
-3.4852,-0.78415,2
4.1059,3.9617,3
4.7035,5.7237,3
5.9205,3.0599,3
-1.7433,0.58816,2
2.6587,2.8503,3
9.0894,3.9568,3
4.9474,7.1486,3
6.5446,6.77,3
5.3536,6.5211,3
4.5276,6.2663,3
3.5813,1.1037,3
7.038,5.6173,3
6.8101,-2.0334,3
3.5321,5.9647,3
3.214,5.6309,3
3.6805,1.698,3
1.0859,6.4788,3
5.4354,5.1866,3
6.0209,7.2965,3
3.4908,4.7749,3
4.5936,6.2339,3
4.7938,9.9704,3
1.8259,-0.76283,3
-5.137,-2.0272,1
7.6354,8.8103,3
-5.9159,-6.5,1
-1.6781,2.5563,2
4.6665,1.5489,3
2.9829,6.3794,3
2.8385,2.2704,3
2.1139,6.6702,3
9.1248,4.1792,3
9.6567,2.3993,3
6.5731,4.6148,3
9.0757,7.0719,3
8.012,1.9871,3
6.8718,7.4638,3
-2.5199,0.16134,2
8.1953,3.4031,3
2.2864,-3.0708,2
5.437,3.593,3
5.3021,3.3625,3
4.5407,6.6755,3
5.3926,4.883,3
2.1424,0.69515,2
9.8301,7.5421,3
9.1978,5.3738,3
3.4568,2.3792,3
2.5512,-0.98896,2
6.8405,7.7127,3
1.204,1.8622,2
7.2271,2.4071,3
5.1186,6.056,3
3.0395,3.4527,3
5.7422,3.4548,3
6.2841,3.0806,3
5.8969,6.1014,3
-6.2646,2.2603,2
5.608,1.2868,3
4.7377,4.4691,3
-1.747,3.8865,3
4.6807,5.9489,3
4.7836,5.153,3
8.5598,5.4908,3
1.8709,0.22288,2
5.873,7.0007,3
-7.402,-8.8201,1
6.0873,6.3132,3
-0.0062913,4.5966,3
1.437,2.3453,3
-0.21774,2.4912,3
10.39,9.0505,3
3.5443,7.7714,3
3.5177,3.6454,3
1.399,5.4932,3
4.4488,2.8979,3
2.6163,8.3295,3
3.3877,5.6903,3
6.1769,7.6562,3
-7.3359,0.21443,1
3.933,6.9597,3
5.8733,7.7948,3
1.6768,7.4626,3
6.2556,4.9852,3
10.326,4.1168,3
3.9525,1.7949,3
4.4058,8.573,3
5.4727,3.8056,3
1.5579,-2.8495,2
1.8485,6.0003,3
-1.001,0.24064,2
8.7175,7.9848,3
6.3123,3.8267,3
8.6062,6.2376,3
1.4531,3.5714,3
-6.3413,-6.5293,1
3.5946,4.9409,3
3.3697,3.4263,3
5.747,7.2601,3
3.5387,9.3516,3
4.699,5.5966,3
4.1142,7.7027,3
6.5056,6.9327,3
-4.8195,-6.6753,1
7.4274,2.0574,3
5.688,-1.8423,2
0.59946,1.4026,2
6.9647,6.9419,3
4.3004,5.2922,3
4.8662,7.5939,3
5.382,3.2365,3
3.4404,9.6826,3
4.8444,5.571,3
-0.78892,0.31655,3
1.5191,1.2627,2
-1.5205,-1.751,2
8.6543,7.4259,3
4.6661,4.0076,3
0.39689,3.3991,3
5.0769,6.8588,3
4.8101,8.9338,3
2.6466,6.4498,3
4.4009,6.0793,3
0.32085,-0.99523,2
1.5476,-2.2534,2
-0.23549,1.0233,2
5.4807,-0.14452,3
9.8002,8.5149,3
5.7674,3.456,3
7.5037,4.5565,3
6.2023,4.4749,3
6.9086,4.7937,3
5.304,2.4377,3
3.5202,2.1279,3
3.2199,2.6643,3
3.4183,9.544,3
5.3289,3.7678,3
3.4799,3.6085,3
2.4985,4.2549,3
6.1949,7.8933,3
8.4252,6.0554,3
2.4254,4.6753,3
3.2235,4.4909,3
6.9267,7.6576,3
2.672,2.797,3
-2.4481,-4.4862,1
1.1758,8.6757,3
2.2223,7.4126,3
8.6555,5.3882,3
6.7691,6.6239,3
7.7567,6.0016,3
8.6477,4.4545,3
7.2333,-1.5715,2
6.3419,8.8764,3
4.3875,2.6632,3
4.9687,2.3604,3
4.5922,1.8618,3
1.0887,5.4393,3
4.8849,6.0903,3
5.102,4.2101,3
5.9479,9.0937,3
6.3759,3.172,3
-2.9823,-0.73865,2
3.1037,1.9017,3
4.1873,6.6211,3
3.2949,1.473,3
4.6888,8.4063,3
4.3819,5.8315,3
5.2883,2.589,3
6.6484,5.7507,3
7.5806,6.0766,3
7.4008,2.2533,3
8.943,4.4783,3
4.403,7.6915,3
5.0564,2.4048,3
5.8882,4.2675,3
2.4243,5.7422,3
2.4281,4.7731,3
-2.0174,2.69,2
2.026,4.227,3
1.6069,2.6383,3
0.92384,-1.3548,2
8.5544,7.4492,3
4.5306,2.9106,3
6.1746,7.3717,3
4.8146,4.0037,3
4.3853,-2.9166,2
7.7922,3.8488,3
5.6708,5.5432,3
5.2761,4.8243,3
4.1092,4.0194,3
4.1597,5.6236,3
5.4698,6.112,3
4.5911,7.9018,3
6.3559,6.0405,3
4.438,6.2453,3
1.0006,9.8281,3
6.1717,5.2567,3
-1.141,0.73265,2
7.9971,1.4251,3
7.1566,5.4374,3
5.896,7.7297,3
2.9449,5.551,3
3.8087,7.5812,3
2.0642,4.3879,3
7.1743,3.4786,3
5.732,4.5419,3
3.6817,4.8087,3
4.2198,4.0736,3
4.8707,3.4098,3
4.7299,4.9936,3
4.6129,3.9092,3
5.4959,5.8525,3
1.949,3.0867,2
3.5541,6.4583,3
1.5115,0.42514,3
5.1197,5.7751,3
5.6883,3.4633,3
6.5117,10.175,3
-4.8844,-2.1766,1
5.0657,5.765,3
5.167,6.246,3
8.0061,9.2568,3
6.3038,0.63121,3
6.2317,2.7226,3
4.5255,6.513,3
6.7747,7.3685,3
-0.74994,2.453,2
4.7266,3.9211,3
3.5618,8.0873,3
-0.46889,4.8525,3
6.2252,4.9231,3
0.93912,-0.7905,2
7.0172,3.6732,3
-5.8344,-3.9676,1
5.0545,5.8731,3
4.5562,4.7362,3
5.2576,7.4421,3
2.2114,4.5899,3
1.5951,3.335,3
-1.243,-1.3762,2
6.3518,3.5885,3
8.9747,7.3689,3
5.1443,4.0145,3
4.6179,4.0365,3
6.6435,6.5539,3
2.4128,1.4892,3
3.3176,4.1232,3
6.5656,5.9832,3
2.9655,4.6573,3
5.7766,7.374,3
-0.2412,3.4097,3
4.1098,4.9434,3
4.2305,1.5125,3
7.7272,3.4535,3
1.2614,2.2268,2
8.6398,4.609,3
-5.4727,-4.6433,1
5.173,6.1713,3
6.0236,3.3637,3
6.71,1.7142,3
5.856,3.8591,3
5.5704,6.7911,3
2.5935,2.9919,3
3.5523,6.9468,3
2.4512,8.8982,3
6.9924,5.6241,3
10.662,7.0904,3
8.4776,2.8824,3
6.6195,7.4782,3
4.1787,6.1836,3
1.224,4.6758,3
0.41736,0.36792,2
5.2475,3.2611,3
4.4899,6.0494,3
3.8046,3.4429,3
6.0456,5.2971,3
6.1932,3.2032,3
2.2902,7.3467,3
4.6161,5.1431,3
4.0323,9.1565,3
1.9552,1.5319,3
6.2193,4.316,3
2.3821,2.4606,3
8.0222,7.0292,3
2.0564,4.4624,3
5.5068,2.5687,3
-4.3426,-5.7182,1
8.4476,7.5601,3
3.2442,4.3129,3
7.6726,1.437,3
7.2886,5.1462,3
-0.16071,4.5832,3
0.97269,5.8808,3
1.1183,10.579,3
7.6327,4.3914,3
9.2668,7.1141,3
-3.7751,-5.7462,1
6.0894,4.4324,3
6.8573,5.4044,3
9.136,6.9607,3
6.5466,7.2098,3
7.9889,3.8543,3
1.1424,2.6884,2
-1.5998,-0.28626,2
6.341,4.0459,3
4.083,2.605,3
2.5366,7.9878,3
6.0467,4.1937,3
5.0187,2.8553,3
5.1127,4.2917,3
1.8161,8.095,3
5.3158,5.2448,3
2.1757,1.2552,2
3.6652,4.8218,3
-6.338,-3.7728,1
5.8325,2.0509,3
5.6292,3.8841,3
5.1605,-2.1511,2
6.978,1.9719,3
8.1802,4.9094,3
8.0715,3.2812,3
2.9013,5.7502,3
0.2231,4.414,3
5.8032,3.4882,3
-2.753,-3.9541,1
-3.3579,1.0703,2
5.4197,1.2538,3
2.63,4.2373,3
2.4043,4.6659,3
3.6887,3.1987,3
4.8491,3.9848,3
-4.7985,-3.5443,1
4.0524,2.5821,3
4.9507,7.9465,3
7.3388,7.3881,3
5.6602,2.2721,3
5.4094,5.2214,3
2.9355,6.5364,3
3.5469,4.4581,3
3.4032,3.5483,3
6.3723,8.3215,3
2.856,3.4749,3
6.7332,8.4168,3
2.0272,3.6788,3
3.8591,4.2544,3
4.2551,4.241,3
4.9275,9.5073,3
-0.53326,-6.1848,1
9.5645,8.1905,3
6.4087,5.0069,3
5.1772,-0.12559,3
5.8025,5.0018,3
2.0971,5.3284,3
4.8099,4.9215,3
-1.4777,1.8649,2
4.8301,3.7014,3
5.5089,3.067,3
3.9583,5.3937,3
0.21382,5.0662,3
6.4213,5.6859,3
4.3695,6.2403,3
3.3267,-0.23148,2
5.6355,8.3834,3
2.0757,4.8604,3
6.2032,6.8246,3
1.9959,-1.1125,2
3.2421,5.3825,3
-5.0075,-6.5303,1
7.1863,5.3256,3
5.3511,3.3615,3
6.1549,3.8,3
7.582,5.8982,3
7.8867,6.6065,3
5.9117,6.0294,3
5.3101,5.0797,3
3.7198,3.7981,3
4.009,4.6739,3
1.4981,8.1191,3
8.1315,6.8505,3
8.9117,9.6365,3
6.5762,7.1725,3
5.6906,4.5883,3
7.7604,6.458,3
1.2132,1.852,2
6.0394,6.1069,3
8.8193,4.0948,3
1.9151,6.2984,3
-0.9034,0.96634,2
3.2877,1.7821,3
4.0427,0.277,3
6.0301,2.7977,3
8.4556,4.3181,3
-4.5261,-0.15504,2
7.6654,6.5225,3
7.8298,5.3568,3
4.555,3.7293,3
5.3243,3.5049,3
1.65,4,3
9.2379,4.4376,3
5.4515,7.9798,3
4.6331,1.1546,3
-2.7422,-2.2983,1
6.7645,4.3458,3
6.249,6.7415,3
5.0547,7.0837,3
4.7659,5.1143,3
-6.6015,-2.2089,1
4.1961,5.8063,3
5.6605,8.2498,3
5.9723,7.3138,3
9.174,6.9721,3
2.2997,4.3639,3
-4.7189,-5.1951,1
3.5484,3.315,3
9.8831,6.7732,3
7.7012,9.4991,3
1.9789,-0.034243,2
5.7854,7.8551,3
7.1963,5.0162,3
3.2528,5.6434,3
-2.3132,0.41857,2
-2.9943,-4.7222,1
7.2369,9.5183,3
8.2362,6.3796,3
5.4018,4.5601,3
1.9316,4.0584,3
6.6051,5.2233,3
5.4544,6.1535,3
4.9529,5.3021,3
5.4397,3.9333,3
2.9545,4.294,3
7.646,8.7032,3
4.2937,8.6083,3
4.8052,6.6313,3
3.2495,6.2298,3
5.8403,2.7599,3
7.0608,6.6874,3
6.2717,8.1574,3
5.2549,5.2585,3
9.8687,5.1577,3
9.9418,6.7391,3
2.6291,-1.133,2
4.3823,6.8119,3
7.547,8.0205,3
-6.239,-4.1105,1
1.4959,1.1792,3
8.0855,7.914,3
0.97546,3.1508,3
6.501,4.1012,3
6.9842,7.2694,3
3.8212,5.2857,3
2.9799,5.7477,3
5.8504,8.2992,3
2.8048,5.317,3
-6.3104,-5.8826,1
-3.6289,-6.8791,1
4.4765,4.9625,3
8.8622,6.9437,3
0.83785,4.2481,3
-5.9311,-4.3266,1
4.4588,2.4074,3
6.3596,7.7549,3
-6.7989,-6.6584,1
5.6044,6.2463,3
2.9824,5.9398,3
1.9951,4.4368,3
4.3741,6.6394,3
5.0702,11.583,3
6.2105,5.0481,3
2.1518,4.0834,3
-1.1146,0.87708,2
7.0892,4.959,3
8.906,7.3822,3
8.8707,9.3522,3
3.6746,5.0068,3
6.4706,1.7279,3
4.1155,3.8238,3
5.442,4.2934,3
-8.318,-3.9844,2
-3.793,0.2282,3
7.3064,5.761,3
6.4654,6.7294,3
3.4227,2.321,3
3.8559,6.4982,3
5.6201,3.588,3
10.31,5.1585,3
1.3228,3.0884,3
7.0006,3.2159,3
-2.809,-1.1311,2
6.1979,5.0742,3
6.1008,0.43537,3
-0.17419,0.83779,2
6.7098,7.0257,3
6.2937,6.9881,3
1.0376,6.3485,3
3.3715,3.4062,3
0.78357,6.9737,3
3.7962,4.7483,3
5.1021,7.9043,3
1.3906,2.7015,3
3.2202,4.8767,3
3.312,8.1899,3
-2.9717,-6.6137,1
6.3473,4.6907,3
5.2388,7.2527,3
11.371,4.9889,3
1.0058,3.6933,3
-4.8704,-4.0725,1
5.4883,8.2519,3
4.9116,0.51837,3
6.7879,6.854,3
5.0931,7.9812,3
2.1269,6.1892,3
4.9761,7.4876,3
1.5535,3.1684,2
0.74947,-3.7539,2
6.8257,2.6141,3
6.3628,5.655,3
-1.3886,4.9155,2
3.8722,4.1931,3
5.3909,1.4763,3
1.4886,-1.2916,2
7.6247,3.0431,3
2.698,5.1331,3
1.9461,4.1704,3
-6.6991,-8.5668,1
3.3157,1.4244,3
4.1626,9.4867,3
6.9985,7.0837,3
6.3137,1.4214,3
-6.53,-3.5747,1
-4.0642,1.8531,2
4.4837,2.9077,3
4.1562,-0.030291,3
6.9228,8.2886,3
9.1593,5.7355,3
6.7593,1.4017,3
4.716,6.4268,3
5.4323,6.6906,3
6.9543,5.8581,3
3.5904,1.1116,3
4.2793,4.9522,3
7.7491,4.1997,3
4.4303,4.7046,3
6.1005,5.5715,3
2.8676,8.3966,3
2.0521,4.6769,2
3.1925,0.8808,3
3.9053,5.7277,3
7.323,6.4315,3
4.9949,5.793,3
6.5547,3.2475,3
4.4989,1.6525,3
3.5759,6.1813,3
2.0983,0.54683,3
6.6096,2.6737,3
3.5094,5.2118,3
2.0628,3.4283,3
1.2363,-1.6913,2
3.2866,1.7389,3
7.7579,5.6159,3
3.6542,5.423,3
7.0392,6.5379,3
4.1319,5.2748,3
8.173,9.2343,3
4.6364,0.48789,3
-4.8493,-4.6919,1
2.7205,3.63,3
4.0936,3.5437,3
3.6579,8.4196,3
1.4768,3.9801,3
6.7097,3.9433,3
8.4647,6.5138,3
8.3352,5.7426,3
3.8182,3.3977,3
4.9329,3.8962,3
3.9472,4.4802,3
0.22235,-3.0161,2
4.46,6.456,3
5.3171,5.2278,3
5.8053,6.6705,3
9.0135,6.4473,3
5.3218,6.9998,3
4.9601,8.4495,3
1.6458,6.7851,3
5.8701,1.8163,3
3.6238,7.0898,3
-2.2246,0.016204,2
2.4346,2.876,3
8.0918,8.099,3
7.0193,4.6153,3
3.3414,6.985,3
7.6486,4.5612,3
3.9338,-0.19723,3
4.9414,7.5922,3
1.9975,2.7152,3
5.6217,7.4179,3
9.1008,5.1994,3
11.464,6.3592,3
5.0513,5.6283,3
1.8635,5.3344,3
7.4356,8.26,3
-2.5163,-1.8255,2
3.6606,2.4904,3
4.2672,4.3304,3
5.0982,2.7254,3
0.71505,5.0609,3
6.4,9.6353,3
3.1215,6.0827,3
-5.3417,-3.5758,1
4.5503,4.7081,3
7.6628,6.9418,3
2.3833,2.4881,3
4.0125,4.5002,3
6.3186,8.5539,3
10.113,10.136,3
6.5972,9.9285,3
6.5424,7.2935,3
4.499,7.3313,3
1.5903,4.8651,3
-4.2138,-5.6181,1
9.6076,4.2536,3
1.7804,8.6696,3
6.8578,3.2087,3
1.4755,-3.245,2
3.516,3.9929,3
-7.8746,-3.0237,1
8.2447,7.1979,3
7.8291,1.0432,3
4.5348,1.1482,3
8.62,3.1678,3
6.5307,5.755,3
4.305,4.9241,3
-0.13784,2.1582,3
6.324,2.2675,3
9.6144,7.4608,3
2.0058,3.5153,3
2.5275,5.7564,3
5.0542,3.8135,3
4.4178,2.9956,3
9.1962,3.4094,3
3.2454,-3.6341,2
3.7707,6.0366,3
6.785,6.877,3
-0.75888,0.92707,2
6.0489,8.7427,3
-0.44736,0.49611,2
4.9716,2.9193,3
3.7669,3.7558,3
6.2324,3.9048,3
5.3824,6.757,3
5.2721,5.7369,3
0.16704,6.43,3
7.4377,5.4772,3
3.5608,6.9814,3
1.376,4.9503,3
0.15966,1.1489,3
5.5046,2.8135,3
7.0935,7.4433,3
1.9444,4.1005,3
6.0739,6.4404,3
7.5908,11.597,3
3.0745,7.9597,3
-5.136,-1.9488,1
-0.788,6.4493,3
5.8439,1.7591,3
4.9794,6.1,3
4.9222,3.6525,3
-2.1418,3.2856,3
7.5616,7.7919,3
2.4629,8.6355,3
7.2849,7.9197,3
7.3692,8.2894,3
7.195,3.3563,3
4.588,2.7283,3
0.050439,11.927,3
4.8942,5.9124,3
3.9048,5.3199,3
8.1611,3.7159,3
5.1869,3.2846,3
6.2729,6.2461,3
7.594,4.3492,3
5.8871,6.0849,3
4.5087,5.1897,3
8.0224,4.8656,3
2.9693,3.7691,3
5.3045,3.2494,3
0.36317,8.291,3
1.9347,4.487,3
8.3541,9.0182,3
-3.3499,-5.8785,1
4.6627,1.2433,3
-2.7014,-8.3694,1
5.0154,7.0565,3
4.1847,3.2114,3
1.7432,5.2228,3
5.0045,7.0859,3
4.5893,6.6738,3
6.2125,10.68,3
3.3668,3.0558,3
-4.5107,-8.0224,1
2.0114,2.9302,3
2.6543,9.8981,3
9.0366,3.81,3
-2.1242,2.9812,2
3.1191,4.9903,3
4.9211,6.2963,3
8.1218,7.7041,3
5.1102,6.1797,3
2.0628,5.7543,3
1.8207,6.9495,3
3.0093,5.109,3
3.434,2.3836,3
5.1691,2.7289,3
3.5162,3.9871,3
-2.4028,0.11955,2
8.1397,11.007,3
6.1541,4.5096,3
4.5127,10.208,3
1.846,0.18998,2
3.709,3.1077,3
6.5526,6.6172,3
3.4256,6.1669,3
6.2609,9.8177,3
5.8931,7.4944,3
0.82158,6.1094,3
2.7281,2.5314,3
3.155,4.881,3
4.0892,2.2956,3
3.4704,4.2331,3
6.8131,4.1084,3
8.3381,5.9398,3
1.5035,5.9947,3
4.9032,6.9783,3
4.0014,2.443,3
2.8199,6.1499,3
-1.1161,-0.42352,2
-0.54903,3.0278,2
7.1941,11.772,3
5.0355,-0.014636,3
7.5203,10.42,3
6.5657,2.0704,3
8.0622,7.5312,3
9.0423,5.5983,3
-0.5989,0.77648,2
5.8668,9.8538,3
-0.41192,-1.9316,2
3.5126,6.5574,3
3.6667,8.1135,3
4.2825,5.115,3
6.4079,4.7984,3
2.8878,6.0219,3
5.4803,7.5235,3
4.9397,4.6916,3
7.0738,3.1364,3
3.5982,5.3353,3
4.763,4.0619,3
4.4751,1.1311,3
3.0771,5.7963,3
10.199,1.4124,3
4.9696,2.1539,3
-2.2205,4.7896,2
5.8336,7.6463,3
2.3941,2.645,3
5.9202,3.3113,3
3.5671,2.2623,3
7.2408,8.9586,3
2.534,7.5173,3
4.281,9.4097,3
7.2142,2.2543,3
3.1475,3.8524,3
1.2286,-1.4638,2
3.6688,1.7325,3
8.6839,9.8917,3
5.8746,4.9121,3
4.6333,5.1774,3
5.1265,4.8795,3
10.745,8.8153,3
1.1226,3.4655,3
9.445,4.6359,3
3.1459,6.2767,3
6.3122,5.1476,3
7.8286,0.30305,3
5.9555,5.1468,3
2.3775,2.8726,3
4.2611,3.3889,3
7.8265,8.8149,3
4.0911,0.44107,3
3.9629,7.1492,3
3.6157,4.8379,3
8.1822,6.0013,3
5.9226,6.7942,3
2.879,5.154,3
10.056,6.8035,3
6.2341,5.0442,3
7.5242,6.961,3
7.0418,7.0228,3
6.8367,3.0155,3
7.7025,2.2459,3
4.9783,3.9687,3
3.9613,2.9306,3
5.0728,5.0496,3
6.5702,6.9645,3
7.2261,5.2831,3
6.503,8.0354,3
5.5968,7.4608,3
3.1661,4.1141,3
4.5572,3.3538,3
8.2273,5.8416,3
3.5517,7.5436,3
-2.9702,-3.8106,1
3.8072,2.1892,3
-4.1407,-4.706,1
4.6352,5.7745,3
2.0936,4.8257,3
-0.58169,1.1423,2
4.5441,8.4382,3
4.5012,3.2179,3
7.5698,2.827,3
-1.4418,-0.96965,2
6.2616,6.3938,3
0.76701,5.1978,3
4.9076,2.2047,3
-4.7745,-6.1643,1
2.5974,4.2712,3
5.3334,2.265,3
4.9924,4.9703,3
4.9487,3.2472,3
4.5662,2.7329,3
3.5358,5.7327,3
5.3773,3.1191,3
4.6751,5.9317,3
5.327,4.3423,3
9.4479,5.3394,3
-7.3791,-6.9025,1
2.602,6.1703,3
5.1424,2.542,3
6.3437,2.3215,3
2.7279,6.2038,3
6.1962,6.5625,3
5.4587,1.6757,2
5.2343,4.3083,3
3.2473,7.4732,3
1.9774,-1.598,3
5.3986,6.5649,3
5.0125,4.1904,3
0.67596,2.9303,3
4.6086,6.5663,3
3.4291,6.2915,3
3.6237,4.7749,3
5.6642,6.2454,3
5.8235,4.7185,3
4.9041,5.8814,3
4.6335,6.1706,3
4.7518,3.8493,3
2.1956,4.8285,3
8.5746,9.1818,3
2.8529,3.9107,3
6.2231,3.5377,3
0.78345,5.8069,3
7.1538,4.3083,3
2.3905,0.45156,3
9.3995,6.7314,3
4.4148,5.1688,3
3.358,1.7376,3
6.3701,6.5986,3
-8.6319,-5.1325,1
-6.1569,-4.2905,1
1.9242,3.8517,3
5.4998,8.4705,3
9.1322,9.9872,3
1.1536,2.4259,3
7.2571,5.9624,3
2.0884,4.0063,3
6.6639,4.7923,3
2.0036,5.0778,3
3.9617,4.2795,3
4.7547,3.7892,3
4.1414,3.1199,3
2.5631,-1.0651,2
2.9616,5.1093,3
0.82451,-2.1542,2
2.3529,5.2093,3
2.981,5.9542,3
2.7944,6.7366,3
3.3754,3.4068,3
3.1731,6.2503,3
-2.0053,-1.1585,2
7.1569,6.6305,3
1.6392,1.2789,2
3.9711,4.1095,3
0.4232,2.75,2
1.4437,3.6322,2
2.0209,1.6339,2
7.284,5.5743,3
7.2994,6.6434,3
4.9851,3.9208,3
9.2754,2.3004,3
5.9241,6.8847,3
8.0366,7.6375,3
9.2657,5.3795,3
4.7807,7.233,3
4.7907,1.523,3
4.7272,2.3774,3
10.962,7.0711,3
4.4282,6.1265,3
10.169,4.3049,3
11.574,3.8858,3
6.9937,8.0195,3
5.9687,7.5331,3
3.1278,6.3406,3
6.6077,6.8084,3
5.4045,5.6227,3
5.525,5.9769,3
-3.1636,0.92881,2
5.9172,5.6664,3
0.81192,1.7395,3
5.9823,7.58,3
-0.068541,-2.9989,2
7.1964,4.3453,3
3.8614,4.5772,3
11.126,6.6287,3
1.5455,3.8272,2
-2.6452,1.4761,2
2.3816,8.2875,3
3.4086,5.1769,3
4.3119,5.5438,3
6.1348,6.7104,3
6.5593,5.8577,3
-3.0651,0.21754,2
6.0666,4.8211,3
4.7178,2.4731,3
11.392,4.7591,3
9.2471,5.3919,3
2.8727,2.1679,2
5.5907,9.5222,3
6.6058,6.4766,3
-1.7868,-2.8111,1
2.5948,7.9839,3
5.8166,4.0297,3
1.1468,1.7256,3
7.1038,5.574,3
6.8437,5.8258,3
5.9884,5.3607,3
0.6853,0.44153,2
3.8753,5.464,3
6.7237,7.6809,3
0.7776,1.9033,2
-2.403,-2.9899,2
-3.4081,-7.3209,1
3.7303,1.6178,3
9.9926,2.4837,3
2.1395,6.1204,3
6.3427,4.227,3
5.1323,7.3766,3
3.9702,7.337,3
0.75884,3.6086,2
4.5808,6.4547,3
3.7932,2.0769,3
2.9238,0.07608,3
-1.0118,1.4524,2
4.1238,4.5394,3
4.617,1.5996,3
-6.4656,-2.0756,1
4.0447,2.7639,3
4.7745,8.437,3
8.8115,2.4562,3
2.871,2.7822,3
6.3533,4.5369,3
4.4069,3.8102,3
6.2308,6.5152,3
0.24356,3.7022,3
6.8219,4.9114,3
-0.46149,4.4878,3
4.8879,4.5718,3
5.9179,4.9909,3
7.4191,2.8306,3
5.9324,4.8191,3
5.556,0.95729,2
3.8064,1.7865,3
-5.5054,-2.5039,1
7.1174,5.638,3
4.9965,5.1109,3
8.2658,5.7906,3
7.7912,7.0866,3
3.3819,3.739,3
5.4184,3.9863,3
3.979,4.6808,3
5.6567,7.3154,3
5.3767,-0.89517,3
3.2719,4.2312,3
-3.7195,-2.7595,1
4.8831,1.6227,3
-2.9417,-4.2998,1
6.8218,5.5901,3
7.0433,3.3105,3
6.8517,2.7819,3
-4.1958,-4.5709,1
6.048,6.6403,3
4.5937,2.2873,3
6.4232,-0.00034257,3
1.7266,6.1734,3
-1.4233,2.2571,2
3.3302,1.282,3
4.4761,1.86,3
2.9847,5.2111,2
4.0053,3.3056,3
-4.9728,-2.0136,2
0.024258,2.3746,2
5.4041,6.3802,3
5.1553,4.4141,3
6.4231,4.6311,3
1.3459,8.7746,3
7.4701,5.3015,3
7.9554,5.2663,3
-1.0174,-3.112,2
0.55106,2.4098,2
5.3811,7.1652,3
4.8435,4.5062,3
5.8984,6.5114,3
6.7176,4.0613,3
6.9251,6.4018,3
-2.4764,0.26605,2
4.2782,6.4866,3
10.35,6.3638,3
5.2523,7.3141,3
2.6876,6.509,3
3.299,3.7995,3
3.2572,3.5432,3
6.9607,8.2322,3
4.7202,6.2382,3
4.2363,6.2385,3
-0.31289,-3.1592,2
5.2904,4.0643,3
5.3577,5.6521,3
1.0952,1.2378,3
4.2768,4.8276,3
3.4412,9.6624,3
4.532,2.0772,3
3.7839,8.3996,3
6.5273,5.536,3
8.1734,8.1256,3
1.7463,3.7435,3
1.3014,-0.242,2
7.5088,8.1598,3
2.6394,5.0397,3
2.7543,3.7327,3
7.3769,5.3871,3
9.7636,3.1575,3
4.8194,5.0475,3
4.3628,4.7577,3
9.7719,8.2243,3
4.5353,1.5537,3
-8.9684,-6.8752,1
2.6611,5.4643,3
3.3993,4.647,3
6.2448,0.1125,3
2.9471,4.6982,3
3.545,6.7555,3
2.3714,3.1556,3
6.6446,11.015,3
4.2066,7.3958,3
2.9227,1.7406,2
4.9993,6.2807,3
3.6904,-0.32668,3
2.6649,2.0186,3
6.1043,3.8785,3
7.8797,6.17,3
3.4823,8.7969,3
5.7265,-0.32459,2
4.7321,8.8612,3
5.6593,2.6812,3
-4.1841,-2.288,1
1.0782,0.65046,3
6.1372,1.242,3
5.3712,2.9787,3
6.6619,5.1565,3
-0.1748,1.4187,3
-1.3679,1.1481,2
5.3363,2.4649,3
8.3538,8.1951,3
1.8057,0.17097,3
7.6218,7.2026,3
6.4475,3.9401,3
8.0878,3.7925,3
1.6991,4.6112,3
6.6872,6.139,3
4.1996,0.66585,3
7.0359,5.5446,3
6.5049,3.4604,3
3.0767,0.35091,3
5.5036,4.7563,3
4.2787,4.949,3
7.4701,7.0004,3
4.7461,6.7491,3
7.3958,6.1473,3
2.871,0.65813,3
2.0305,9.3447,3
5.1456,7.6239,3
6.8399,7.906,3
1.3094,4.3189,2
2.8777,4.9649,3
10.318,6.6503,3
1.6559,4.0187,3
4.879,3.2693,3
6.2973,1.996,3
4.5068,6.0953,3
-0.93264,5.9991,3
9.848,6.9228,3
4.04,5.9344,3
6.8713,3.7741,3
2.8573,1.5962,3
1.8056,0.15117,2
4.918,6.5201,3
9.0846,1.2976,3
4.4083,6.4421,3
8.8178,6.962,3
5.9885,-1.5942,3
2.134,2.1789,2
7.0955,7.1896,3
7.123,5.472,3
2.5567,4.2801,3
0.42683,4.5912,3
4.8156,5.6885,3
5.8528,4.3336,3
4.4203,7.069,3
3.8469,1.696,3
2.2224,5.5531,3
6.3097,3.7036,3
3.3669,11.24,3
4.5221,4.6388,3
-0.11997,-1.9084,2
8.9735,6.2196,3
2.8656,6.3364,3
6.4654,6.8224,3
1.7514,8.0397,3
5.6047,4.8818,3
4.12,6.7898,3
5.8728,3.3657,3
4.5987,2.3798,3
4.6089,3.8209,3
1.9836,7.2329,3
4.7661,7.6439,3
-8.6961,-2.1192,1
-0.6724,-0.064608,2
5.2062,5.1811,3
9.1153,7.3757,3
3.774,-0.19412,2
-5.6234,-4.6495,1
5.5991,6.6069,3
-0.87461,2.1453,3
2.9612,1.6112,3
4.656,3.697,3
5.9792,3.5605,3
6.1915,9.0202,3
2.6873,-0.025187,3
0.11974,3.4026,2
2.4708,2.0277,2
-0.37654,-0.84476,2
4.3701,8.2784,3
6.8916,4.4476,3
2.4689,4.689,3
6.5261,4.5736,3
2.6605,3.0128,3
5.1794,7.5181,3
4.092,3.6158,3
2.8674,8.7135,3
1.7851,2.3099,3
2.9948,4.6562,3
6.8742,6.8269,3
3.6372,2.2221,3
6.1175,5.2055,3
6.6434,8.2147,3
3.1213,3.546,3
6.8628,4.2293,3
-2.6385,-3.2083,2
8.026,6.9965,3
1.8825,6.5019,3
10.613,5.9667,3
-8.7038,-6.253,1
3.6527,2.9247,3
13.473,7.0079,3
3.2112,6.3977,3
7.5488,6.8479,3
5.3648,4.5984,3
3.4392,4.8944,3
0.38384,4.2856,3
4.932,6.4821,3
4.4129,6.1607,3
6.7081,4.7647,3
6.2582,4.3303,3
0.44884,3.4557,2
-4.004,-3.0173,1
6.4538,4.9493,3
-0.026156,4.751,3
3.8103,5.5622,3
7.1234,2.9427,3
3.5211,7.7499,3
4.1206,8.6328,3
7.2385,4.5375,3
2.5741,3.9745,3
7.182,1.5855,3
4.2029,9.2443,3
0.34849,5.1134,2
3.8095,3.4038,3
6.2595,4.2552,3
-8.981,-0.22833,1
5.5215,2.6793,3
4.6946,0.079496,3
-2.457,0.81087,2
5.5887,7.8555,3
6.0202,4.6973,3
4.4913,7.9612,3
7.4101,3.6607,3
7.6414,3.2946,3
2.1137,0.48622,3
2.1679,5.7507,3
3.8881,6.4038,3
4.5506,4.2399,3
4.6683,7.5969,3
7.1312,4.4205,3
3.8513,5.611,3
5.8972,8.5874,3
3.2091,5.7992,3
5.8132,6.9962,3
5.0156,6.8423,3
2.9086,7.9005,3
2.5871,4.3387,3
2.6773,3.8893,3
9.873,4.9286,3
7.7701,0.019367,3
6.3676,5.0917,3
1.7859,4.8566,3
6.1,3.0438,3
8.4424,7.9276,3
0.70926,-2.1652,2
3.8223,-0.25726,3
-1.7433,-2.4123,1
0.0047121,-0.8481,2
8.1147,6.3278,3
10.136,5.16,3
2.3898,8.8393,3
6.5731,2.4173,3
6.4364,7.5167,3
-0.98009,-1.6563,2
0.60887,4.3127,3
5.5432,7.7461,3
6.1918,5.1901,3
7.672,2.7587,3
4.0051,4.7603,3
4.6966,3.5095,3
4.4506,1.8358,2
7.3605,6.4376,3
5.112,4.5178,3
8.2394,0.51535,3
4.4525,6.5131,3
3.8673,4.5429,3
6.9941,5.8735,3
10.397,5.937,3
7.7458,3.7635,3
8.5367,7.5754,3
4.9127,7.343,3
4.2141,4.0178,3
4.6211,-0.83326,3
-4.047,-3.2657,1
5.128,2.3485,3
6.0609,3.3425,3
3.2083,4.9273,3
9.7009,3.8687,3
1.9739,3.6021,3
6.4169,8.1222,3
6.1852,3.0687,3
1.6364,4.7681,3
5.8772,2.9765,3
-0.0041696,3.808,2
4.1082,6.0137,3
5.0074,3.929,3
6.2791,5.9867,3
6.8677,4.3935,3
2.0685,1.9903,3
2.5482,2.1694,3
4.8744,5.6603,3
5.5132,4.2655,3
1.4111,4.019,3
2.8592,4.4523,3
2.0034,-6.8827,2
-0.24614,-2.8252,2
-0.35051,-0.51687,2
7.8595,7.6851,3
6.5521,5.4596,3
2.9559,6.077,3
-0.86253,0.17718,2
7.8934,4.9101,3
5.3205,3.6168,3
5.8789,5.1726,3
1.8637,7.3972,3
1.1205,-3.1709,2
5.4843,4.2996,3
1.858,5.6395,3
2.1634,-0.58801,2
1.7882,0.57496,2
3.431,4.2016,3
2.1294,2.6575,3
-0.056707,5.174,3
5.034,4.7335,3
5.8426,1.9384,3
8.0715,3.9564,3
-0.48624,1.5345,3
8.4946,9.4656,3
5.5829,3.0622,3
5.8569,5.7547,3
3.6116,3.7463,3
7.4247,6.8573,3
7.2325,6.3223,3
1.3736,0.91105,2
7.4757,6.8203,3
-6.7563,-4.2598,1
2.8365,4.6496,3
8.0326,6.0741,3
1.9672,1.5864,3
5.9149,7.6349,3
6.4391,3.6178,3
5.686,5.6292,3
5.7464,1.8485,3
4.2634,1.8484,3
-2.1701,-6.4,1
1.568,6.0283,3
5.024,4.5356,3
3.6866,2.4136,3
7.9972,8.1831,3
10.256,6.6631,3
4.0825,5.6009,3
4.7979,5.4947,3
6.1832,6.5973,3
5.348,5.9751,3
5.1885,2.534,3
2.861,0.25681,3
9.3394,8.839,3
6.3797,7.6323,3
7.9089,10.423,3
-4.0717,-0.56051,2
2.0573,5.1416,3
-8.6418,-7.958,1
4.125,5.6543,3
6.562,3.6478,3
6.6318,6.3029,3
3.8762,4.4096,3
4.2973,3.6161,3
6.1351,8.349,3
5.4787,3.5027,3
8.7466,6.7077,3
2.9536,3.1996,3
3.4126,4.7776,3
3.5457,7.411,3
3.6473,2.4063,3
7.4829,5.2747,3
6.0648,3.8296,3
2.6859,4.4809,3
7.0019,4.4468,3
6.3885,5.0788,3
9.5649,3.6703,3
8.1143,5.0537,3
3.7306,5.0739,3
7.6186,0.96846,3
6.8159,4.348,3
0.87191,3.1727,3
4.3097,2.8097,3
6.0718,5.6715,3
0.86835,5.7481,3
3.6026,9.6253,3
3.3292,5.6294,3
7.1469,3.1878,3
-4.778,-7.0949,1
-1.9643,-0.0051346,2
6.046,1.7585,3
7.1382,5.6286,3
1.3535,4.4916,3
4.0475,7.3276,3
7.3134,1.3598,3
6.4229,6.8237,3
-0.11559,3.7702,2
6.9523,6.7257,3
4.1172,6.5979,3
8.2748,7.5143,3
3.1215,7.6514,3
4.8245,3.469,3
6.484,2.5106,3
7.8072,5.3926,3
7.9118,7.0691,3
4.8035,3.0884,3
5.1423,1.5488,3
7.9809,4.9095,3
-4.5756,-0.75385,2
3.0642,4.5735,3
1.3033,4.1917,3
6.2468,9.7898,3
0.64448,0.5651,2
5.7377,2.7507,3
3.8307,3.0637,3
5.5746,8.0477,3
3.3171,5.5754,3
3.6783,7.854,3
3.2795,3.291,2
4.4723,0.44996,3
1.4417,7.0785,3
6.7984,5.3606,3
5.9601,4.971,3
5.1675,4.9362,3
-4.1218,-0.048514,2
2.348,2.0849,3
5.2439,5.9641,3
4.9326,5.6586,3
-2.8121,-1.1157,2
6.298,5.7205,3
2.7434,2.2825,3
-0.18553,-2.5094,2
6.4381,3.3478,3
4.0039,6.9924,3
10.61,7.2017,3
-1.5807,1.7314,2
-9.9664,-3.9988,1
6.1021,5.5472,3
6.8158,5.0208,3
5.7491,7.2306,3
5.5067,6.2391,3
6.9356,4.8581,3
4.7264,2.0922,3
7.064,7.1656,3
5.7725,6.5544,3
7.2372,6.0801,3
4.5444,2.5802,3
8.9268,5.5904,3
3.1366,1.3506,3
5.1668,2.5526,3
3.4777,1.4721,3
7.5449,6.1491,3
0.98301,6.6017,3
4.1418,4.7772,3
3.9532,5.214,3
8.8125,5.3513,3
5.308,7.3797,3
7.1631,7.0866,3
1.4679,-0.6203,3
7.5823,4.0367,3
-3.9806,-0.11124,1
3.1212,4.3725,3
5.5537,8.4914,3
2.8081,4.9259,3
-1.9836,-2.8889,2
5.4849,6.6381,3
3.6372,5.1866,3
8.0283,7.3548,3
4.9159,4.6166,3
6.9786,5.5644,3
2.1106,5.6241,3
4.3605,3.811,3
8.5041,6.0589,3
3.9255,6.3505,3
2.8678,4.4728,3
5.4909,5.091,3
6.8021,2.3967,3
3.4966,1.662,3
4.2683,3.9261,3
8.1347,3.9993,3
2.0712,7.4729,3
6.5205,4.9387,3
5.2661,6.0268,3
5.1795,2.2933,3
4.0805,2.6748,3
1.8809,4.0995,3
5.3152,5.7408,3
6.8193,5.0752,3
0.3789,-0.78166,2
6.1447,5.7571,3
6.4655,2.6122,3
4.5428,2.2607,3
2.8666,4.0078,3
6.1099,5.0904,3
7.9369,10.047,3
4.6636,6.2534,3
4.7264,2.4243,3
2.993,4.0375,3
5.6853,10.624,3
8.5971,4.2008,3
0.27259,-4.8944,2
3.0306,6.7682,3
2.246,3.0521,3
4.1181,0.70225,3
7.5508,7.7376,3
9.8232,8.323,3
7.2054,3.8403,3
-2.4851,-2.9173,2
7.8662,2.6479,3
-2.7371,-3.9603,2
8.2075,4.9253,3
5.7648,7.6728,3
4.2428,2.0805,3
7.2954,2.165,3
2.6824,6.3196,3
4.1811,4.4266,3
6.1099,4.8328,3
-5.1107,-2.5494,1
3.8203,5.753,3
5.0979,6.8975,3
3.4724,7.6174,3
5.8768,9.0711,3
6.816,6.2734,3
5.9383,2.3195,3
5.2285,7.0533,3
5.1709,7.9834,3
-8.0341,-1.4325,1
-0.44488,3.2568,2
5.4941,5.8044,3
5.3809,6.2052,3
6.0588,6.9753,3
4.2712,6.2646,3
5.7134,0.34229,3
9.1569,6.0703,3
3.7657,5.4741,3
