-2.1465,1.1068,1
-1.5238,1.3711,1
-3.1268,1.627,2
4.1118,2.3643,2
-0.52981,2.8057,2
-0.053121,-3.1244,1
0.089595,1.9566,2
-1.6207,1.302,3
-0.95618,-3.0614,2
3.4328,2.1058,3
7.3204,4.4966,3
-3.3659,-2.142,1
-2.0395,-2.3922,2
-1.6832,-1.5506,1
3.5218,4.0764,3
-0.53187,-2.5231,1
-3.6226,-2.9896,1
3.1514,-1.3846,3
-0.88249,-1.8463,1
-4.2298,-0.21535,1
-1.4211,-2.6349,1
-3.8598,-3.3842,1
2.7154,1.2588,3
-5.2086,-1.3604,1
1.402,-0.52042,3
-5.1746,-0.022275,1
-0.14162,-3.2003,3
0.82527,2.428,2
-2.0899,-5.0604,1
-4.4202,-3.1936,1
1.7597,-1.7683,1
-2.1352,0.016708,1
1.3647,1.6536,2
0.43467,0.87607,3
-0.017536,-0.67513,3
-1.5056,3.1455,3
0.49857,-2.338,2
3.239,1.3405,1
-1.1598,-0.17726,2
1.9682,-0.15986,1
-1.3892,4.6421,1
0.75069,3.8188,3
1.5057,2.9417,2
-0.13936,1.3624,1
-0.24297,-1.224,1
6.1652,4.3663,3
-0.25341,-1.8132,1
-1.6329,-0.6247,1
-0.25977,0.7744,1
1.6499,-1.7797,1
2.1994,-0.025848,3
-4.6782,-1.9677,1
0.70125,-0.47613,2
-1.6883,0.57586,3
-0.56144,0.28297,1
-0.47087,1.6483,2
-2.134,-3.3896,1
-1.6774,1.5593,3
1.8506,3.0088,3
-1.4464,-1.4948,3
2.9312,-1.4278,2
-0.044332,-0.34594,1
1.6889,-3.5319,3
-1.4278,-3.6054,2
1.8555,3.2416,3
0.49224,-2.282,1
5.0563,1.2396,3
4.4543,4.3514,3
0.38127,-5.7487,1
-2.4153,-0.78951,1
0.53007,5.3283,1
0.74894,1.0029,2
2.661,-0.96732,2
-4.7622,-0.98984,1
0.55272,2.2078,2
0.66711,-0.10323,3
-0.091481,-1.8677,3
1.8519,4.9865,3
1.8212,3.1465,3
-4.1066,1.6402,1
-1.205,1.7393,3
-1.433,-0.24155,2
0.23328,0.47926,1
3.949,-1.8646,1
0.12905,0.40972,1
-4.2039,-2.1422,3
-2.886,2.1474,2
-0.97428,-0.76258,1
1.5397,0.63494,2
0.99282,-2.5678,3
-0.11759,0.51512,2
-0.13359,0.83901,3
3.339,2.2989,3
3.2613,1.155,3
3.4463,1.4341,3
0.92433,-5.4819,1
1.9238,3.1734,3
1.4347,0.62414,3
3.6171,1.9931,3
2.299,0.097951,1
-4.7027,-4.9341,1
-0.10286,-1.7542,2
1.3665,1.688,3
2.306,0.55081,3
2.29,2.6332,3
-2.209,-6.2092,1
-4.0153,-1.8751,2
1.8949,-1.3862,1
1.4773,3.1481,3
3.0754,0.75733,1
0.45802,4.0773,3
-2.7104,-1.9223,1
-3.9974,1.6789,1
2.3272,3.3438,3
-1.9407,-5.8715,1
-3.5808,-4.0097,1
0.087223,0.30449,3
1.7516,-1.1659,3
-1.3663,-0.15392,3
3.326,2.0883,3
-0.91502,3.1468,3
1.2849,3.5574,2
2.6766,-1.2206,3
0.56044,-0.95622,3
0.71832,-0.65435,1
-1.4643,-0.6889,1
-4.9987,-1.2151,1
-1.2894,-1.1668,2
-0.27552,-0.15768,2
3.586,4.2475,3
2.1077,-0.50332,2
0.33414,2.5202,3
3.7147,3.231,3
0.72993,-0.2999,3
5.356,2.7489,1
0.50045,3.7458,3
-0.1793,-2.2105,3
1.997,0.032104,2
-2.3959,0.61748,3
0.33858,1.4296,2
-1.8855,3.187,3
3.7106,-5.8222,2
-3.8076,-3.6079,1
-0.95405,1.7105,3
1.4111,1.4392,3
3.9577,-4.4091,1
-3.4258,-1.7122,1
-2.4881,3.4886,3
0.31601,-1.1853,3
-1.9225,0.99869,3
-6.415,-2.332,3
0.42602,-0.78025,1
-0.23384,3.0194,3
2.3627,1.1975,3
-0.27232,-2.9792,1
2.8464,-1.1836,1
0.46165,-3.1799,1
0.17523,0.31761,3
-0.79984,-3.5714,1
2.6535,0.010443,3
0.037642,-3.5882,3
4.5238,-1.1161,2
-0.39494,-0.56144,3
0.79828,2.0213,3
0.10261,-2.0631,1
4.9585,1.3716,3
2.1748,2.7174,2
1.8264,-0.89543,3
3.0421,0.82828,3
-1.743,-2.2416,1
2.8147,1.8541,3
-1.9635,-4.5188,2
4.4619,-0.25956,1
2.4307,2.8044,3
2.0091,-1.8363,2
-4.2272,-3.014,2
0.72242,0.7645,3
-4.1044,-2.1706,1
0.8925,0.13926,3
3.6222,-1.7336,1
-1.1016,-0.076256,3
-0.63936,-1.6515,3
-1.5159,3.4104,3
-1.1605,1.3382,2
1.8736,2.1632,3
0.25308,0.62429,3
-1.0233,1.7105,1
4.3719,3.4026,3
2.0653,-1.0112,3
3.0336,4.0082,3
-4.5177,-0.71505,1
-1.9255,-1.6712,3
-0.29174,0.40232,1
-1.8739,1.9812,3
-0.096295,0.18795,3
2.0186,2.7842,3
-3.038,-0.82367,3
1.9086,-2.1995,1
2.1821,2.5742,2
1.1926,2.0517,3
-0.92892,-0.99137,1
4.2005,-2.0035,3
0.043532,0.094711,1
1.2871,3.6443,3
1.0229,-1.4536,3
-5.9984,1.2358,2
7.9557,0.39757,2
-3.8775,-0.10691,1
-3.7824,-4.0083,1
3.1681,0.65149,2
-1.3771,-0.90548,3
1.2654,1.8471,3
-1.7634,2.522,1
1.9181,1.1103,3
2.3562,1.6671,3
-2.6787,-0.14513,1
-6.6137,-0.79885,3
-3.5116,-3.2906,1
-2.3727,-1.4246,1
-3.1292,-0.040565,1
-0.29541,-0.5049,2
1.7573,-3.146,2
2.4918,-0.16484,1
2.0194,2.6937,3
3.1037,3.2949,3
-1.5708,0.45864,1
0.44577,0.26214,1
-1.6231,2.7874,3
-1.9633,4.0088,2
0.98001,4.5624,3
-1.3713,-1.4309,2
-0.70632,0.33643,1
0.11812,-0.39193,1
1.6235,3.2018,3
2.682,0.082159,2
0.044034,0.91248,3
1.9937,-4.1284,1
0.90896,1.532,1
1.9093,-2.3047,3
1.102,-0.72174,2
5.058,0.90199,3
-0.5418,-0.14156,1
5.9025,1.3735,3
-0.3543,-3.6744,1
2.7557,-0.048018,3
-0.31266,-0.10273,1
3.7313,2.9633,3
-0.59658,-4.2921,1
0.27282,0.015648,3
0.051914,-1.4647,3
0.14943,-0.50493,2
1.7663,1.6219,3
-4.5088,-3.8879,1
0.62421,-3.1982,1
1.038,4.2793,2
0.25714,2.2226,2
1.1173,-1.4331,1
-1.4591,-2.7394,1
-0.86755,-2.4276,1
2.8367,-2.0577,3
2.6686,0.54661,3
0.40359,4.1216,1
-3.0301,-1.3483,1
1.1869,1.6548,2
2.4768,-1.8985,3
1.7826,0.78083,3
-5.9919,-2.4788,1
-1.6052,2.2722,1
-2.1361,-1.8067,1
-0.68346,-2.2392,1
-3.3195,-2.6559,1
1.9936,1.3802,3
2.0323,1.7397,3
-0.12031,-2.1043,1
3.888,2.6541,3
1.6058,4.8903,1
1.4321,3.0251,3
-2.4951,-0.32018,1
0.62256,0.36032,3
3.4856,-0.19381,1
-3.8038,-2.4081,1
-3.7798,-2.1895,1
-0.93246,-1.6485,1
-0.75361,-0.30642,1
1.633,-1.7649,2
-6.3581,-2.4659,2
-2.2303,-1.7187,1
-1.3477,-0.32808,2
0.1013,0.5289,1
1.5286,2.1794,3
2.6069,1.5428,2
3.2104,1.8826,3
0.31707,-2.7034,1
-1.7247,-2.7812,2
-0.75701,-3.7789,3
-0.22824,0.021015,1
0.30744,0.551,3
-1.868,0.23979,3
0.1689,-1.117,1
-2.0407,2.6822,3
4.1999,1.0978,3
3.5551,0.39776,2
3.5006,2.4714,3
-0.12597,0.58356,2
0.88531,1.8313,1
-2.8038,4.0641,2
0.278,-2.7159,3
-5.3897,1.2963,1
-1.8725,-1.7357,2
2.321,0.44717,2
0.32373,-0.71209,2
-0.87531,3.3118,1
-0.76985,-0.24432,2
-2.4079,-4.548,1
-0.14638,-4.7468,3
-5.9727,-2.4642,1
-3.6156,-2.0888,1
0.40088,-0.87959,1
0.53797,1.7498,3
1.2385,1.9367,1
-0.49021,-2.3391,1
4.3757,1.1976,3
5.9975,2.72,3
-2.1726,-0.39849,1
2.1313,1.7309,2
2.7293,4.7612,3
1.0548,0.51869,1
-1.3193,-2.5765,1
1.6322,-1.9336,1
-2.5679,-2.9927,1
6.8127,3.6514,3
1.2362,-0.19905,2
0.18167,0.51254,1
1.0601,2.1742,2
-0.14243,1.1017,1
0.22436,-3.1952,1
-1.9976,-0.24918,2
0.75124,-1.2473,3
-7.1301,-6.1264,1
-0.66939,0.37076,1
-1.12,5.7509,3
1.1229,3.4138,3
1.0216,0.87135,2
0.40073,-2.081,2
0.19502,0.55799,3
0.36763,-2.5671,3
2.7808,1.316,3
2.9906,1.7953,3
-1.4631,2.8519,3
-1.1369,-3.7996,1
0.54174,-4.2453,1
0.17013,1.9561,2
3.0078,6.0518,3
-2.0399,1.7924,1
-0.57554,-0.63853,2
2.0332,-1.7773,3
0.55637,-2.3271,3
-4.777,-3.2389,1
-0.0020196,1.6179,3
-2.8067,1.5434,2
1.2825,3.3459,2
2.8597,2.1275,3
3.1716,1.0371,3
-4.1937,-0.82618,2
0.73223,2.0625,3
-0.38864,0.42939,1
-0.23065,2.0687,3
-1.3228,0.21384,1
-1.6328,-4.6612,3
-1.2336,-2.8892,1
1.5196,-4.5107,3
-0.3314,0.48113,1
-0.46518,1.5643,2
0.43006,0.67081,3
4.5331,4.546,3
-3.9712,-2.5156,3
-2.8373,2.2234,3
-1.6151,-0.70276,3
-0.45988,1.3837,3
0.75766,-3.4613,1
1.8811,-0.58756,1
-0.88003,1.0789,3
-2.3687,4.7424,2
1.2842,3.1179,3
-2.9469,-4.8228,1
2.3937,-2.2463,3
-0.6355,-0.39692,2
1.4579,-3.9617,1
0.63819,4.6331,2
2.2221,-4.197,1
-5.2132,-0.81847,1
0.12804,0.46737,3
-1.43,2.0816,2
-0.12758,1.8346,1
2.8415,-3.144,2
1.9393,-0.27333,2
1.7846,-4.9622,1
4.6269,-0.13523,3
-1.2986,-0.87745,1
-0.25558,-2.3148,1
-1.1184,3.068,1
3.6754,0.43811,1
-2.4182,3.0031,2
2.7522,5.7884,2
0.46413,-0.84398,1
-0.55779,2.1129,1
3.03,1.1114,3
-1.4928,-2.0187,1
2.7589,-0.068603,2
0.93571,3.4575,3
-2.3694,-1.9552,3
1.3951,-0.65559,2
-0.14853,-1.42,1
-3.9185,0.58173,1
-0.89194,1.2019,1
0.48468,-2.3172,1
-2.7287,-0.29509,3
0.92941,-3.4487,1
0.70804,3.0547,3
0.27699,-1.1919,1
0.45693,-0.24753,3
3.1191,3.3507,3
-1.11,0.063232,3
-3.2583,1.9944,2
-0.41381,1.4575,2
-0.12889,-1.4537,2
-1.6071,1.0358,1
-4.1321,-1.6866,1
0.53988,1.0951,3
3.0484,2.6598,3
-2.6924,3.8829,3
-2.1442,-2.4417,1
3.0126,-0.038696,1
-0.81643,2.9579,1
-1.8075,-4.1836,1
0.16377,0.56522,1
-2.1906,1.0642,3
0.41424,-0.37737,2
-0.6176,1.2338,1
-2.8331,0.44337,2
1.1513,5.9274,3
2.8575,2.075,1
1.7711,0.2687,3
2.25,-2.9667,3
-3.7733,-1.8565,2
1.392,2.2193,3
-1.5001,-2.4391,3
-0.17392,0.83935,3
-0.92445,-0.9471,1
1.3799,-0.70631,2
-2.203,0.0096729,1
-0.95554,1.1094,3
-0.88436,-2.7819,3
-2.8022,-1.9652,3
2.4747,-1.824,1
3.8761,1.1638,1
2.0208,1.3649,1
1.5346,1.1698,3
-0.0053206,-2.6524,1
2.0251,0.60678,1
2.7977,1.3953,3
0.18957,-0.36177,3
2.475,0.98726,3
3.2453,-1.4223,3
-0.82245,0.65442,1
1.5663,1.1111,3
0.030042,0.32172,1
0.73211,0.24562,3
2.5811,0.88659,3
1.2863,1.6636,1
-1.0443,-2.4795,1
2.6755,-0.38759,3
1.6615,-0.65508,2
0.54131,0.91989,3
3.9545,-2.5371,2
-3.3167,-3.6343,1
-2.3331,0.94088,1
-4.0764,-0.82448,1
-1.1068,-2.0867,3
3.8841,-2.1004,2
-0.16752,2.3424,2
1.4635,4.0237,3
-0.0018654,-0.33814,3
2.1512,1.1347,3
5.9793,1.9606,3
2.1204,2.5895,1
0.48419,-0.053728,3
-0.80974,-2.303,2
-3.1459,-1.5682,1
3.8905,2.7452,3
0.30478,-0.40286,1
-1.7037,2.0332,1
0.58138,0.65637,1
-2.7001,-0.90149,2
0.43601,0.69985,3
1.9274,-1.9676,1
-4.908,1.3516,1
2.0502,3.1675,3
-2.3695,-0.29285,2
-5.6273,0.99463,1
2.8048,2.8404,3
0.80916,1.7008,1
-3.6364,-6.7897,1
-2.5613,-1.9678,1
1.19,-4.5073,1
0.83867,-0.27667,1
1.031,1.993,3
2.0202,-2.1114,2
-2.6051,0.075536,2
3.1439,-2.0015,3
-4.2608,-0.99323,1
1.8,4.4139,3
2.6284,0.24922,3
-0.60426,4.4449,3
-1.6084,1.1905,2
-2.8432,-2.2494,1
-4.3325,0.35236,1
5.5414,4.5919,3
0.48067,-2.8938,1
5.7598,-0.087885,3
1.9741,-0.97481,3
2.0609,2.9509,3
1.8831,2.803,3
-1.6615,1.1913,2
2.0317,-2.2086,3
-3.5067,-2.9648,1
-1.2438,1.1462,3
0.72998,-0.51809,1
-0.98168,3.8627,1
-0.25318,1.5161,3
1.6697,2.2888,3
0.41802,3.1412,3
1.9831,0.6174,1
3.3264,5.7483,3
0.90924,-2.9688,1
2.8426,2.7979,1
-3.0802,-2.4814,1
1.1437,-2.2974,3
0.46644,0.9961,2
-0.11217,0.36239,1
1.4713,0.705,1
-7.2599,-2.5914,1
-2.3494,-2.089,1
1.3345,0.40172,1
2.0489,3.0065,3
-1.2345,-1.0754,1
3.2642,-3.9951,2
3.1671,2.9973,2
-0.2801,-2.453,3
-1.3284,0.077126,3
-2.7004,0.96048,2
1.8163,-3.3045,1
1.5865,0.54455,3
-1.1382,3.0137,2
-1.7752,-0.46899,2
0.14239,-2.1454,1
0.71695,0.55296,3
2.126,3.5056,1
-2.7827,1.5603,1
-2.8524,-0.94701,3
-0.8181,0.037728,1
1.0132,-0.20542,3
-1.5985,-2.1421,1
2.5224,-1.3709,3
1.0488,-3.0267,3
0.76485,0.27987,3
-0.32522,2.4265,1
-1.0911,-1.9624,1
2.0013,2.2164,2
-3.3963,1.9106,2
-5.4615,-5.174,2
1.2285,2.6942,3
-0.65835,3.0278,3
-0.74882,-1.9046,2
-0.38067,1.0122,1
-7.4676,-3.5671,1
1.623,0.17412,1
-2.1437,3.1246,1
0.34028,-1.5643,1
-0.80716,2.2833,3
-2.435,-1.2734,1
-3.5497,1.4435,3
-2.3191,0.723,3
-0.42941,-4.8976,1
-1.5275,3.5882,1
1.3446,-2.3701,1
0.93049,1.1997,3
2.3046,1.698,1
1.3628,-0.13562,1
1.2181,-1.6388,3
-0.32746,1.8405,2
2.7484,1.1375,1
2.602,-0.32468,2
-0.98226,-0.053543,1
-4.0351,-0.13267,1
0.34704,-2.3261,1
-1.4738,2.1467,3
0.34544,0.12554,2
2.1695,0.55179,2
0.35272,-0.096927,3
-0.58769,-1.6738,3
-3.1938,-1.6957,1
2.5452,-5.0971,3
-2.0605,-1.0245,3
-0.95888,1.9625,3
-2.0337,-3.5163,2
-4.0889,-3.7598,1
-1.2902,-0.15803,1
3.4769,0.65447,2
-2.0819,1.344,3
-4.9032,-1.0401,3
-1.2074,-4.8497,1
1.156,-1.6193,1
5.2121,1.1431,3
-0.60504,1.1118,3
-1.7139,-2.9839,1
0.0093206,4.5568,3
2.408,2.9945,3
-1.7222,3.3077,1
-1.2888,1.5681,3
-0.793,-3.4899,3
2.0361,0.17585,2
1.585,0.99806,3
2.2324,4.7338,3
4.1014,1.5581,3
-2.298,1.7185,2
-1.3386,-0.018444,1
-4.7419,1.0267,3
0.0091922,0.72727,1
1.3999,2.6223,3
-3.5633,-1.0871,1
0.66827,3.5618,3
-0.35763,-1.7649,1
4.2284,2.675,3
0.10109,3.4188,3
0.64777,-1.9253,1
0.76534,2.1357,3
-1.5219,1.7566,3
-0.26271,-1.0132,3
3.2263,-0.044632,3
2.8604,3.3058,2
-3.2664,-1.9822,3
2.2239,2.4973,3
0.14059,-0.71781,2
3.9464,3.8072,3
2.2401,0.12623,1
0.44024,0.75999,3
-0.87685,-2.0764,1
-4.4678,-3.5148,1
-2.454,-2.6881,1
1.8711,-0.89413,3
0.39572,1.1661,3
4.4107,-0.10702,3
1.875,0.60957,2
2.8351,4.1185,3
-1.8872,-3.7341,1
-2.2639,0.12381,1
1.0304,2.6576,2
0.10706,1.1791,3
-4.4266,-3.6869,1
-1.7622,0.50303,1
-2.2408,-2.7044,2
-2.5892,-0.65861,1
-0.90811,-1.6227,1
1.7999,-0.75373,2
-2.5505,-2.4529,1
-4.0209,-4.7249,1
4.1435,4.2732,3
2.7818,-0.94444,1
-1.5026,-0.38165,3
1.8851,3.8405,3
-0.1482,-0.55405,3
1.1348,-0.37959,3
2.6535,-2.0572,2
2.7787,1.7184,3
-1.073,-1.0076,1
-2.4459,1.4601,1
2.5567,2.0352,3
1.3602,3.7208,3
-0.74197,-1.0787,2
1.7295,6.7937,1
-2.364,0.7984,2
0.61757,-2.4968,3
0.56796,1.5147,3
2.7654,1.7316,1
-3.5853,1.8752,1
6.8585,3.49,3
-1.6148,1.6268,3
0.024384,-1.3032,2
1.8735,-2.0863,2
-2.8716,-1.2549,3
-1.3342,-2.0809,2
2.8546,-3.4135,1
0.35113,3.3755,1
-1.2686,-0.25229,3
0.13508,-0.71729,3
0.29393,1.9419,1
-0.76068,-0.16672,3
-0.87231,-4.048,1
2.9246,0.098303,3
-1.1117,-0.44475,2
-0.57749,-3.1674,3
3.517,-0.24956,3
3.8693,-1.6047,3
0.28997,-0.05137,1
0.29622,2.2047,3
-2.9687,-2.9801,1
-2.9006,3.7873,3
2.2046,1.8118,3
1.5938,2.2659,3
3.7045,-0.4349,3
-2.0901,0.036792,1
-2.4456,-0.94478,2
-4.9044,-2.4637,1
0.22045,-2.2363,2
-0.05514,-1.156,1
1.1587,0.33099,3
0.62906,-1.2581,1
1.8201,-1.2214,1
-1.5407,-1.0561,2
2.1274,0.15453,3
2.2659,-1.0517,1
-4.4813,-0.23719,1
2.0774,1.8551,3
2.4075,2.7601,2
4.625,-0.81032,3
-2.0508,3.2162,1
-0.047547,-0.1534,3
1.2543,-0.016115,2
-3.8004,-3.6767,1
-3.137,-0.99555,3
-4.8452,-3.9985,2
-8.3819,-5.2348,1
-0.50051,-1.0672,2
-0.49418,0.18084,3
-2.0592,-0.91481,2
0.49442,-1.4837,2
2.2401,-1.9131,1
4.7037,0.93505,3
0.23579,0.057207,1
3.0859,-1.8417,3
-1.7508,-4.6969,1
-4.5039,-2.7265,1
-3.3914,-2.9133,1
-0.045999,-1.7046,3
1.6358,-1.5055,1
-0.090994,-3.0295,1
0.59244,1.0292,3
2.5488,2.7568,2
-1.7414,-2.9212,1
-0.97365,-2.5833,2
1.3122,2.6853,3
2.3998,-2.3426,2
-1.9264,-0.7957,3
-3.2791,1.5095,1
1.0305,2.4585,3
0.23572,-1.3987,1
0.28741,-0.77405,1
-1.3563,-3.0056,1
-0.21953,1.3089,3
-4.0338,-2.3287,2
-3.2744,1.1801,3
1.921,-2.0585,2
-1.9911,2.0825,1
0.5056,-2.1975,2
0.11489,-0.16208,3
0.42987,-1.7458,1
3.1741,-0.31838,3
-1.8241,-0.32508,1
-1.7326,-0.996,1
2.6991,-2.2401,3
3.5296,4.1363,2
-1.7208,-0.14998,3
-0.61576,1.1503,2
-1.4818,-1.9284,1
-2.4447,-6.8631,1
-3.3908,1.9995,2
2.4967,1.6573,3
-3.6938,-1.4501,1
-6.9133,2.5895,3
2.3151,-0.18138,3
-1.1838,-3.5241,1
2.7291,1.29,3
-5.4353,1.2876,1
2.3253,2.6989,3
1.0085,1.9298,3
0.12086,-1.9708,1
-2.317,3.2027,3
1.6738,1.3247,2
2.6931,0.38167,3
0.98264,1.2,1
0.20692,-3.5623,2
4.8245,-0.60431,3
-1.3504,3.2108,1
-0.33338,-3.3431,1
0.7853,-0.25155,3
-1.4308,3.309,2
1.4057,3.0375,1
2.7967,-0.70734,2
-0.10985,-1.5644,2
-2.1035,1.2356,3
-2.2792,-1.5265,1
2.5856,2.2386,3
1.0488,3.288,2
4.8363,2.3404,3
-5.6793,-3.4179,1
1.4745,0.66196,3
0.80168,2.0675,3
0.7655,2.0409,3
1.6602,-0.57665,3
3.5233,1.5659,3
-0.73173,-3.9969,1
-1.9326,-2.3118,1
-2.589,-3.0927,1
0.63262,1.9739,3
-1.7969,-0.3055,1
-1.8322,-1.9847,1
-1.1548,-1.9248,1
2.5729,2.3589,3
-3.9433,-4.5789,3
2.5488,1.1082,3
-4.5209,-4.098,1
5.8142,3.7847,3
-1.9444,-1.1507,3
0.19919,-0.29781,1
0.32244,-3.3188,1
5.5157,1.9148,3
-1.1859,1.8403,2
5.9631,5.0518,3
0.66953,0.34876,3
2.8142,0.72465,3
-3.8155,-1.0102,1
1.5474,-1.0556,2
0.32982,-1.9055,1
-0.41775,-1.3104,3
-1.1094,-0.76945,1
4.9121,5.3052,3
-1.9601,0.38874,1
-3.803,-4.0658,1
0.0042891,1.9904,1
1.8488,-2.1793,3
-1.1454,0.046898,1
0.68225,0.13055,3
3.6016,-0.55716,1
-2.0868,-1.2504,1
0.62897,-2.3284,2
-1.4983,-0.38594,1
2.5095,1.1819,3
3.6992,-0.43406,3
2.0227,2.0029,2
-3.1784,-4.4857,1
-1.0098,1.0269,2
-4.5446,4.2391,2
-0.66809,-1.9093,1
1.9157,-1.3363,1
-2.258,-0.65262,2
4.6957,0.79187,3
-1.1475,-0.22306,1
-0.97289,-2.2729,1
-3.9246,0.80531,1
2.3913,2.1211,3
-0.74543,2.1673,3
1.0961,-1.7687,1
1.8385,1.0238,3
5.0488,-0.90542,1
-0.12691,0.98296,1
3.5751,2.5785,3
-0.35788,-3.1543,1
1.2788,2.3724,3
2.6937,1.6611,1
-0.95457,2.009,3
3.3713,1.4291,2
-0.92387,-0.20468,3
2.1621,1.2057,3
-0.33471,-1.4261,1
-0.61091,-0.57265,1
-0.94551,-1.9339,2
-2.9909,-3.1659,1
2.1877,1.3465,3
-2.5015,-2.6152,1
3.3428,-2.8779,1
1.3083,0.095681,3
0.63443,1.1296,2
-1.0959,0.43123,2
1.992,1.9507,2
-1.2894,3.4304,1
-2.8747,-2.7903,1
3.0734,3.4137,3
0.38873,3.5815,3
-0.92788,-0.12494,3
0.60016,0.61412,1
-0.85106,-1.7976,1
-2.657,4.2955,1
-2.2134,1.6047,1
-4.4858,3.6603,1
-4.9571,-2.3072,1
2.8567,1.5653,3
-2.0392,3.4058,2
-1.6966,-2.2687,2
-3.4748,-2.1462,1
-4.5647,-0.86553,3
0.57817,0.62099,2
2.8147,2.5029,3
3.7351,0.079869,1
0.24378,1.7424,3
0.95689,-0.95041,2
-0.0076849,-0.77692,2
-1.3843,-0.58899,1
1.5384,1.1952,2
-1.2592,-1.0652,1
1.0858,-0.38675,1
0.20763,-0.68893,2
-3.2966,-1.4072,3
2.2425,0.47825,3
-0.51508,1.6366,1
-0.54742,1.1017,2
-1.7354,-4.0198,1
-1.1039,0.31208,1
-1.9066,1.1252,1
2.3747,1.5215,3
-0.40866,-0.86022,1
-1.7844,-1.6937,3
1.5973,2.7264,3
1.5014,4.208,3
-2.8116,-2.6783,1
-3.4006,-1.2076,1
4.2815,1.5422,3
-2.3095,-0.0099139,2
-2.973,1.7895,1
2.8066,1.9179,2
-1.8401,1.1572,1
1.6649,3.5079,3
0.93836,-2.8995,1
1.4221,-2.6053,2
-2.5162,-1.4738,2
-0.90437,3.4447,2
0.90357,2.3884,3
-2.7756,-0.024818,1
0.25336,-1.2701,1
-4.7832,-1.2762,3
-3.7955,-0.18354,1
4.808,-2.7278,3
-2.3177,-0.42232,1
0.074964,-4.2692,3
3.4135,5.1268,3
1.3322,-2.599,1
-5.0489,1.8138,3
-3.1518,0.80004,2
-4.2902,-3.8499,1
1.4244,5.9843,3
1.2536,3.6871,3
-1.9433,0.49415,2
0.059094,3.7046,1
-2.9382,1.0094,2
-0.99852,2.4351,3
3.3475,-1.0477,3
0.7881,0.82963,1
0.53482,0.82641,3
0.084141,-4.4676,2
-1.6667,1.3533,3
-1.4941,-2.3765,3
0.39669,1.6024,2
-0.024645,0.57091,3
0.8436,0.63583,3
-3.7408,-0.11917,1
-0.43289,0.91778,3
1.0322,-0.066947,3
-1.4042,3.1306,3
-2.3534,-2.9973,3
1.8244,3.2856,3
2.4473,3.0756,3
-1.2974,1.0786,2
0.60565,0.23313,2
1.5634,1.1579,3
-5.5642,-5.0272,1
4.9903,-2.0487,2
-0.44289,1.7403,3
1.29,3.0015,3
-2.1833,-3.7782,1
-0.02233,0.56012,3
0.42548,-1.9363,1
4.3657,4.3974,3
-1.1236,2.4568,1
1.2974,-2.4645,1
-1.2337,0.42359,3
-2.0299,-2.2357,1
-4.3393,1.7842,1
0.56545,2.456,3
3.6746,6.9104,1
-0.99453,3.6006,3
-1.2222,4.3762,1
-1.9436,2.0229,3
-0.48485,1.0913,3
-2.6074,-1.9662,2
2.1711,1.429,3
-2.7329,0.29374,1
-0.61268,0.96516,3
2.3416,4.6893,3
-4.798,-3.6827,1
2.8849,0.52261,1
0.98086,1.7988,3
1.6302,3.0817,3
-0.67194,-1.7929,3
5.4677,4.2697,3
0.067366,-0.66369,1
-1.5672,0.49318,3
1.1552,-4.3028,1
-2.556,0.26428,1
2.0141,3.5725,3
-1.6993,3.9437,1
1.8521,-1.3433,3
0.70547,-1.4732,3
1.6411,-1.6904,3
-4.0041,-2.7507,1
3.3743,-0.82701,2
1.1401,1.5641,2
-0.69681,3.8958,3
4.1384,0.83401,1
-0.95322,-3.0352,1
-0.63696,-0.31262,1
0.30249,3.72,1
2.0032,3.2606,3
-3.3746,-1.7827,3
0.33264,-0.87281,1
0.23186,-2.1858,3
1.7427,-1.7472,1
0.2651,-0.84353,2
-1.2549,-1.8129,1
2.0378,2.8014,1
4.9494,3.0868,1
3.1783,-1.8748,3
-0.67212,1.601,1
-3.3095,-3.6817,1
0.90624,0.67708,3
0.5304,2.2382,3
-0.76757,-1.3795,1
4.8767,6.9509,2
3.5046,2.198,2
2.2112,-0.72736,3
0.53084,-1.2607,3
-2.8087,1.2129,1
1.0691,-3.5968,3
-1.9677,-1.2976,3
-0.4396,2.2956,1
-1.0781,-2.6707,2
-1.8828,0.38868,2
-0.12755,1.2343,1
-2.5828,-1.3153,3
0.090793,-1.146,1
-1.3583,0.21667,1
5.4466,2.2853,3
-0.24273,-2.7012,3
1.1634,-0.63066,3
4.6397,6.4705,3
0.17715,-1.1488,1
1.5853,1.6666,1
0.80248,-3.8152,1
-4.5424,1.6327,2
-1.4166,-1.9124,2
-0.15464,2.7867,1
1.1745,-4.4403,1
-1.8676,1.5345,1
-1.5531,-0.75544,1
1.4777,2.8743,3
-1.0497,0.082861,1
0.82559,-3.3406,1
4.7645,1.7834,3
-0.040062,-3.5843,1
-4.7313,3.4787,1
3.4859,-1.6992,3
0.99254,-0.49679,3
1.9602,0.095284,1
-0.66714,-1.211,1
-1.7788,3.4684,1
1.9495,2.7585,3
0.37163,-1.1287,1
-1.5613,3.6896,1
-2.0058,-4.1297,1
-2.6696,-2.1966,1
-0.67208,-3.136,1
-1.6477,0.29707,2
4.5701,0.5973,3
-3.8634,0.70719,1
-1.0374,-0.57177,1
2.0289,0.24303,2
-2.6938,1.406,1
-1.383,-2.9613,1
-1.0695,-0.60766,2
3.549,1.9392,3
2.5817,1.413,1
0.075218,1.1212,2
1.1987,1.2413,2
-0.16123,0.41847,1
3.1993,3.0091,3
4.2301,2.4378,3
1.0501,1.4651,3
0.84719,3.6756,3
-5.1113,-1.1732,3
4.3438,-2.6511,3
-1.9922,-2.5298,1
-1.5935,3.0939,3
-0.3062,-0.42062,1
-2.025,0.15235,3
0.29937,-2.11,3
2.3397,3.1957,1
-3.0787,0.34492,1
2.9552,-1.9201,2
-3.1842,1.5432,1
1.1796,-0.57946,1
0.49461,-4.9651,1
-0.0040929,-2.5729,1
2.0332,-0.55354,3
-2.8179,-2.9292,1
-3.1182,-3.0331,1
-0.71926,2.3381,3
2.292,-0.6023,3
3.0395,3.9623,2
1.3717,1.1335,2
-1.7615,-1.1908,1
-1.0636,2.6552,2
4.0123,1.0615,1
1.3057,1.3581,3
-3.3943,1.5879,1
0.65415,0.81399,2
0.63068,1.6965,3
-2.5828,1.6754,3
-2.7115,-1.8883,1
1.7373,1.6071,3
1.6383,1.9256,3
-3.6046,3.5174,2
6.541,2.8031,3
-2.1749,5.592,1
0.54014,1.3683,3
1.8917,-1.8295,3
3.862,-0.035574,2
1.4013,1.118,2
0.43033,1.8872,1
-3.627,-2.2159,1
0.64857,0.30437,2
4.3438,2.8638,3
-0.33538,1.7495,1
-3.6316,-0.45241,1
-1.503,-0.52585,3
-0.26715,0.88583,1
0.66193,-5.2745,1
2.4341,2.075,3
3.1324,-3.7443,2
0.2832,-1.1982,1
-2.6244,0.2321,1
0.20871,1.2972,3
-1.8473,-2.4454,1
-0.64069,-0.49152,2
-0.12501,0.7876,1
-3.0393,-0.64278,1
-1.4714,-1.6756,1
-2.6812,1.075,1
-0.35795,-2.4022,3
2.3711,1.0932,1
0.98683,2.2463,3
-1.0957,0.39912,3
1.4055,-1.3897,2
-2.419,1.2074,1
0.72366,-1.1443,1
1.1733,2.3332,3
-1.1281,1.164,3
4.3102,2.9619,3
0.053859,-1.3592,2
-5.5924,-0.21671,1
-2.3978,-3.0524,1
-1.4098,-1.1315,1
-1.6442,0.83783,1
0.0058367,-0.80086,2
-1.9631,2.8166,1
4.565,1.3855,3
-2.9873,-3.5603,1
4.529,-1.8839,3
2.534,4.6677,3
0.76096,-6.6762,1
-1.9653,-0.53545,1
-4.0434,-3.0536,1
-1.4893,-0.30506,1
-2.7113,-1.7532,1
-6.3357,-1.5954,2
-0.89508,1.5905,3
-5.9144,-0.17008,3
-1.4255,-3.3052,2
1.7234,-1.1816,3
3.8896,2.6379,3
1.9967,0.63429,3
0.89116,-1.2287,3
-0.79677,-0.34258,2
1.4401,1.0665,3
0.031294,-0.31422,2
1.437,2.8072,3
0.80582,0.084082,1
2.9289,0.70537,3
-0.8106,1.1092,2
-1.3209,0.19125,1
-2.2317,-1.781,1
0.25314,-2.3673,1
3.5199,4.9527,3
2.1783,-0.072426,2
-2.8493,-0.43687,3
0.62421,2.1723,1
-0.39746,0.48217,3
-1.2803,0.20467,2
-3.7517,-1.997,2
0.94727,0.99182,2
-3.0219,-2.7865,1
5.0418,0.50641,3
-3.6781,-0.0081302,1
0.50357,-1.8447,1
2.8944,0.10276,3
0.91516,-2.3577,3
-3.6185,1.7944,1
3.9104,1.5803,2
-4.6671,-1.0666,1
0.38028,-2.8916,3
-1.7536,-4.4556,1
-1.2226,-1.293,1
5.3243,3.7033,3
-2.924,1.2667,3
0.3248,-0.16604,3
-2.2778,1.5707,3
-3.8412,-1.1289,1
-3.2312,-1.3968,1
-2.9991,0.3561,1
-1.2054,2.4341,3
1.5675,0.18961,2
5.8317,2.4135,3
-3.872,-0.45586,1
1.3306,-0.84942,3
0.33049,-0.26327,2
-2.2342,4.2904,2
-0.26921,1.2872,3
-0.45669,0.72021,2
1.877,-2.7346,2
-2.9673,-1.2561,3
3.0589,-0.56399,1
1.1545,-1.8648,1
0.43248,0.50075,1
-2.5652,-1.3347,3
-2.1056,-0.55465,1
0.36204,-1.7935,1
-0.17474,-1.2801,2
-2.8491,-0.9207,1
1.0287,0.32414,2
0.69388,2.3623,2
-3.3587,-3.9748,1
-1.2428,2.5243,2
1.1466,1.0145,3
-1.8745,0.25377,3
5.4275,4.0985,2
-1.2977,-1.523,2
1.3792,1.5709,2
0.0084368,1.7347,3
-0.72245,0.28733,1
-3.4574,-0.9124,1
-4.855,1.7948,2
-0.60804,-4.0239,1
-3.4935,-2.3988,3
5.6353,3.6695,3
-1.4964,-1.5681,3
0.38844,-1.4631,1
-2.2063,0.57926,3
-2.2179,0.50942,1
-1.2283,-1.1097,1
-1.7689,-0.61048,1
-2.7249,-4.0475,1
-2.4439,-3.0458,1
2.9942,-1.3998,3
-5.1269,-5.103,1
-1.3809,-5.629,1
0.98537,-2.6636,1
1.1633,-0.20877,3
-5.4902,-2.1152,1
0.36978,2.9635,2
4.6395,2.1169,2
-0.58814,0.97536,1
-2.3902,-2.275,2
3.7817,3.1688,3
-1.0984,1.8923,2
-2.0668,1.1645,2
5.9937,1.2404,3
5.0389,0.16273,3
0.32171,2.7892,3
-4.5177,3.933,3
-0.0085978,-1.0194,1
0.65395,2.4106,3
0.083059,0.82971,3
-0.75414,0.14659,1
2.114,3.8558,3
0.1564,-0.84696,3
-3.2572,-6.7551,1
-1.9395,-4.7881,1
-0.95166,-4.3706,1
2.9039,1.6619,3
2.893,1.6295,3
-1.452,-1.6968,2
-3.1373,-3.1057,1
3.5859,3.7657,3
-0.86357,-0.87457,1
0.9457,2.8535,3
0.29941,-0.44286,2
-2.9155,-0.92993,1
-2.0673,-1.7655,3
1.9542,3.1638,3
-0.67183,-0.92384,1
1.8771,4.8652,3
-2.1891,1.3302,1
-3.8826,-3.2946,1
-1.6492,-0.55868,1
-2.5027,-1.8396,1
2.0747,2.3678,3
-2.9463,-0.54482,1
1.2294,1.0171,2
-5.3038,-3.7336,1
1.6823,-1.496,3
1.8642,-1.1093,2
4.9849,-0.034844,3
-0.26261,0.91918,3
1.5106,-0.19349,3
-2.1062,1.0031,1
-2.8159,-4.4362,2
-2.6831,1.3704,1
1.6905,2.5135,3
-1.7696,0.071734,1
-1.0198,0.43236,2
0.10136,-1.9001,1
0.05756,3.0164,1
-0.84043,1.3124,1
0.96832,0.41342,1
3.1879,-1.6911,2
0.71192,-3.0367,1
-3.4117,0.018862,1
1.7386,0.91714,3
0.2219,-0.39717,1
-3.5804,-0.24868,3
-3.1708,-3.3043,2
-0.95397,3.3175,3
-0.40339,-0.56517,3
-1.8401,2.015,1
1.3697,-1.7855,2
-0.23298,1.7363,2
0.23811,-5.3245,1
2.2505,-0.11756,3
-0.78018,-1.9938,1
-4.4158,-4.7682,1
6.778,3.3717,3
-4.0796,2.3727,2
-2.3293,-2.2303,1
4.4215,-3.2623,3
3.2195,0.11819,3
0.18228,0.92707,3
0.91682,-1.8145,1
3.2776,1.8324,3
0.85404,1.0265,2
-0.52333,3.1717,3
0.43933,3.4211,3
-0.91655,-1.7267,2
3.5964,3.6519,3
0.079703,-2.0833,2
2.3221,-0.18245,2
-1.3322,2.5087,3
0.77187,-1.5396,2
-0.66635,0.2076,3
-0.021022,0.3105,2
-4.8762,-0.26271,1
-0.72699,-3.509,1
-1.4354,-2.9142,1
-0.34642,-2.2472,2
0.78461,5.75,3
1.169,-1.5699,2
0.46895,-1.3968,1
0.1754,-1.1418,3
-2.577,2.1739,2
-2.1913,2.6104,2
-4.7834,-2.2982,1
-6.26,-2.2703,1
-1.4828,1.6266,1
1.2751,2.0283,2
2.9753,1.0518,3
-4.5466,1.1528,1
3.1758,1.5178,1
2.9545,3.3378,3
2.6987,-2.9342,1
2.1642,-2.6052,1
-1.564,1.6134,2
1.5748,1.752,3
5.7111,1.4516,3
-1.3076,-2.6647,3
1.8417,3.537,3
-1.7078,-4.3456,2
-0.25573,-2.7933,2
1.5264,0.78092,1
-0.41076,-3.7143,1
0.78151,3.4126,2
0.30266,5.9918,1
3.4218,-3.4103,3
2.4605,-3.0622,1
0.58307,-4.0621,2
0.46456,-2.2178,3
3.1772,2.254,3
0.45821,-0.19511,1
0.1352,-0.25846,1
0.72915,-0.38509,3
-4.4847,-4.8959,1
3.1135,2.9388,3
4.9458,0.97454,3
-0.050094,0.9667,3
0.91479,1.5967,2
-3.2433,0.25908,2
2.3088,2.2006,2
-1.656,-0.7598,3
-1.2099,0.40626,1
5.0301,0.3545,1
-0.32321,-0.28893,1
3.296,4.0984,3
-6.1517,3.2921,3
-0.53831,-1.0147,2
-3.1414,-0.57825,3
-1.7647,2.9279,2
0.85834,1.779,3
-2.5284,-3.0678,1
4.6487,0.82737,1
3.9862,-0.52301,3
-1.2645,-0.70014,2
0.30404,-2.5418,1
1.0163,2.5392,3
0.36825,0.26919,3
2.2582,-2.8993,3
0.078189,-1.1969,3
-3.828,-3.779,1
2.0591,0.076399,3
-2.6767,0.019474,2
0.37208,1.4821,2
4.0345,1.0337,3
0.36389,-2.3311,2
-0.84085,3.3611,3
-0.090222,1.5321,3
-2.1656,1.2195,2
-1.7587,-0.43449,3
2.4074,-1.5396,3
0.51703,1.8416,1
-0.01386,-2.6599,1
-0.87229,-2.3297,1
0.51856,3.514,3
2.3617,1.2655,1
1.437,3.2506,3
0.35821,0.39972,1
-3.1343,0.14467,2
0.97274,2.9925,3
1.7062,-3.0849,3
-2.8849,1.9846,3
3.5869,5.8837,3
0.89956,3.0388,3
-0.077848,3.0579,3
-0.31576,-1.9567,3
2.8398,1.6615,3
0.87814,1.5821,2
3.0523,3.7671,3
3.0627,-2.1806,2
1.0365,1.5165,3
1.4553,2.1079,1
0.24374,2.8053,3
1.057,3.3934,3
-0.22399,-2.0912,2
-3.3103,-4.3535,1
1.976,2.6708,3
2.0362,-0.82584,3
-0.88808,-1.6726,2
-0.60957,-1.1675,1
-3.9678,0.27931,2
1.4599,0.85828,3
2.833,-1.2881,2
0.57836,0.94518,3
0.70141,-1.3147,3
-1.0946,-3.9586,1
2.8837,1.7763,1
-1.7962,2.0815,2
0.93942,2.7144,3
-1.2266,-0.48297,2
0.29002,-1.2301,1
0.51391,-0.14662,2
0.68298,-0.93926,1
-1.6084,0.6953,1
-3.8682,-0.11828,1
0.049008,-4.0897,1
0.39912,-4.1068,1
0.89343,0.76293,2
0.72592,-2.8025,3
2.9215,0.58764,3
-3.2934,0.65821,1
-4.8581,-0.23035,3
-3.0985,1.9867,2
1.0053,1.0859,2
-2.1877,0.51655,1
-2.9574,-2.4381,1
-0.41001,0.016472,3
-1.1097,-2.6299,1
-1.4655,-2.3242,1
-2.5785,-3.7406,1
-3.2095,2.3077,1
3.0135,0.011051,3
-1.1502,0.50746,1
0.90372,0.45685,3
1.0311,-0.028031,1
-0.050511,5.2043,1
1.6767,-1.4867,1
2.3814,2.8677,2
-0.0076285,1.1101,1
-2.3241,-2.1856,2
-0.81471,1.4313,3
-5.0392,-2.0268,3
-2.8568,-1.0578,1
-3.3031,-0.99997,1
1.4559,1.1679,1
4.4958,1.046,3
-1.6072,1.6406,1
-1.4813,-1.7386,2
-0.57998,3.9092,3
-1.6126,-1.247,2
-2.0557,-0.69318,1
-2.6845,3.8851,1
1.5434,1.9731,2
-5.1313,-2.5931,1
-2.1507,2.5426,2
1.2894,4.1001,3
-1.2234,-3.1466,1
0.39507,0.73761,2
-2.4677,-3.4279,1
-1.943,1.2833,3
-3.1012,1.1417,1
-3.2099,-2.7468,1
-2.4782,-2.6503,3
-0.087363,0.32403,2
-0.74772,0.5165,3
-1.1578,0.14321,1
-5.9685,-1.9489,1
-1.0482,-0.93411,1
3.7178,0.70374,2
1.0631,-1.86,3
-0.47017,0.98767,1
1.1007,-2.0587,2
1.6512,-1.0747,1
0.24772,2.7257,3
1.0458,1.995,3
-1.5357,-1.2915,1
6.0925,1.7862,3
-3.28,-3.9403,2
-1.3421,-3.9778,1
1.7232,3.1591,1
-1.1206,-0.010812,2
-1.2109,-3.0426,1
0.49839,-1.5732,2
2.8602,-0.10822,2
2.2649,1.1694,2
-4.289,1.9051,3
2.6861,2.9616,2
0.51895,-0.90506,3
-1.7335,0.52184,3
2.4777,5.8909,3
0.10698,-3.1255,1
-3.389,2.1153,1
-4.5086,-2.4315,1
0.4068,1.8691,2
0.097326,-1.7014,1
2.7789,0.14861,3
0.42725,1.4816,3
0.60638,-1.0469,2
0.78981,-2.3083,1
3.9299,4.2993,3
2.0278,-2.5458,1
-2.4429,-3.135,1
0.40112,-1.9821,3
-0.15044,-0.97666,1
-0.81007,2.0366,3
7.6853,-0.91299,3
-0.21559,-2.9394,2
0.076771,0.89881,3
-0.060732,0.50298,1
3.3865,2.2839,3
0.85855,-2.6622,1
2.2031,2.7991,3
1.8383,-1.3385,2
1.1805,-2.0355,1
-0.13585,2.3742,3
3.2953,2.3528,3
2.5514,-0.54336,3
-2.343,-0.45873,2
0.83347,2.8708,3
1.7439,1.278,1
-1.284,0.83213,1
3.6341,4.8221,3
-0.69503,2.8164,1
-2.6877,1.188,1
-0.49593,-0.85645,1
-1.096,-1.1315,1
-0.46893,-1.5932,3
0.78741,-1.1149,3
0.52159,-3.1678,1
2.4748,4.2058,2
1.7966,1.2261,3
1.01,0.13364,3
0.74079,1.9516,3
0.31223,-1.2504,2
-0.76025,-2.0576,3
3.0059,2.189,3
-2.1924,1.8752,1
-3.1592,-5.0338,1
0.92652,1.7758,1
1.5473,3.4019,3
-1.452,-3.971,1
-0.3211,-0.15485,2
-2.149,1.3393,1
0.82208,-3.0379,3
-0.0060632,3.5667,3
0.86787,3.5648,3
-4.6892,-3.2178,1
-1.1881,2.6059,3
-2.2432,-1.7425,1
-2.4032,0.067209,3
-1.9802,-1.9243,3
2.1306,-2.7055,1
0.34303,-3.0163,3
2.4028,2.4499,3
-1.925,0.56132,1
-1.3341,0.32144,2
-2.7571,-1.1379,1
-0.5397,1.4795,3
-2.1104,1.5233,1
-0.027337,-2.2218,2
-0.79609,-0.93772,1
-0.85925,0.3621,3
-2.8007,-3.1311,1
2.3684,-2.8578,2
2.7115,1.7172,2
-1.3357,-1.1469,3
-0.55822,-3.6736,1
0.60122,-1.3241,1
0.13108,0.87522,3
1.4843,1.2876,3
-0.36463,3.0135,3
1.3343,-1.3505,2
-1.0943,-5.1527,1
4.0248,2.5715,3
6.9049,-2.8138,3
-0.094395,1.6054,2
-1.1292,3.2972,1
0.94901,0.81994,3
-4.1671,-5.9335,2
0.2807,-0.64724,2
0.46623,2.8767,2
2.4437,-0.59175,3
0.79821,2.8237,1
0.047133,-1.6744,3
0.17827,1.2637,1
2.6831,2.0242,3
-2.4565,0.42849,2
0.15665,2.9128,3
-2.8821,-1.6433,1
-1.5503,0.13113,1
2.3122,-3.6101,1
2.1701,-2.839,2
6.1756,5.6581,3
-1.1943,0.10239,2
-1.554,3.9373,3
-1.1967,-5.8974,1
-1.8825,0.71841,1
-3.0523,1.884,2
1.2136,-2.6374,2
1.3295,4.0819,2
0.76246,1.0928,1
-0.74633,1.1214,3
-1.074,-2.0435,1
-1.236,-0.92071,1
1.5287,-1.2684,2
-3.4362,-1.3021,1
-0.75471,-2.6875,1
-0.21558,0.67545,2
0.45813,2.7804,3
2.0636,2.8145,3
-1.1981,2.1668,3
-4.4225,-2.741,1
1.6398,-0.12637,2
4.351,0.41711,2
0.48281,1.4882,2
-0.9404,-0.82051,1
0.46547,-0.58983,1
-1.7211,0.9114,1
-5.4893,-3.9973,1
0.7408,2.5735,3
-2.0984,-1.4401,1
1.686,2.4344,1
-4.0215,3.867,1
-2.1015,-2.0997,1
2.4003,0.69601,3
-2.1005,-0.17995,1
-0.081599,-2.5172,1
4.3406,-1.1191,3
1.0634,-3.0038,1
1.5033,7.8805,3
1.6564,1.0289,1
-2.2722,-3.1109,1
-0.67903,-0.20545,2
0.21831,3.9062,3
-0.19451,-4.0816,3
1.1129,-0.73144,3
0.84595,2.007,2
-2.5249,1.1746,1
2.0029,1.4687,1
2.5914,1.2819,3
0.035881,-3.4933,2
3.3972,1.8781,3
-3.4686,-2.321,1
-0.07635,0.20121,1
1.9088,3.8467,2
2.099,1.0292,3
-1.995,-0.57932,2
-0.2842,-1.1467,2
1.3412,-7.0386,1
4.3883,0.7405,3
0.27656,-2.4375,1
-0.49394,-1.7153,3
-3.7261,5.7075,2
-4.8592,-2.4644,1
1.1943,2.0414,1
1.5342,-0.8255,1
-0.59736,2.8795,3
0.81747,-1.6353,3
-2.1409,2.473,1
-0.12593,-0.31978,3
0.55482,0.57231,3
-0.28823,-0.88491,1
-2.4299,-2.3653,3
1.6124,0.84816,1
-5.2574,1.699,2
1.0137,-1.2754,1
-2.326,1.2864,2
2.0191,3.5642,3
-0.39332,6.0203,3
-0.46636,-4.033,1
2.2577,0.19085,1
2.486,4.525,3
0.58575,1.078,3
-3.231,5.1021,1
0.50454,2.1105,3
2.9707,-1.2611,3
3.5967,-2.0111,3
2.7019,6.8322,3
-0.29773,-0.32306,2
0.58335,-0.11029,3
2.9887,-1.0616,3
-1.1203,-0.30918,1
-2.8503,0.1769,1
-2.2066,-2.0681,1
0.4389,0.93088,3
0.32801,-2.93,3
-1.1928,3.1245,1
-3.6186,-1.7197,1
-1.1391,0.12913,2
-1.4866,0.70731,1
-0.016807,-1.4816,3
-2.2644,-5.0693,1
3.3476,1.7476,3
-2.6844,-2.771,2
1.9346,0.45308,2
0.11936,-0.32291,1
0.63008,1.0017,3
-3.8657,3.396,3
-0.17883,-1.7157,3
3.7481,0.65744,2
-1.1404,-2.1522,3
-2.2116,0.15356,3
-4.3188,-0.85802,2
-3.7296,-3.5028,1
0.073566,-2.1995,1
1.6664,-1.4419,1
-0.44423,-2.9254,1
-2.0624,0.37261,3
-2.7609,-1.4246,1
2.8287,1.1318,3
1.9503,2.4217,3
1.3562,-0.54579,3
-0.57775,-0.31963,3
-1.8882,-2.1361,1
1.5077,0.77295,2
-2.3492,2.5743,3
0.06008,-0.33724,1
2.0075,0.75408,3
-2.6028,2.3437,1
0.14842,0.45086,1
5.2676,3.3116,3
-1.4314,2.4056,3
0.2735,1.324,3
1.9683,2.0765,3
-0.0089758,3.9944,3
-0.34683,-0.25629,2
-0.73458,-0.74901,1
-0.68189,0.76004,3
-2.6293,0.55808,2
-4.5278,0.71141,1
-5.7335,0.63361,1
-0.41326,0.29514,1
2.4909,4.3682,3
2.6115,0.031888,2
-2.5615,-2.515,1
-5.7968,-2.8654,1
-3.2643,-0.97635,1
-2.8445,-1.6477,1
0.31179,4.6291,3
2.7205,-1.4093,3
0.08765,-1.953,2
-3.1929,1.0769,2
-1.6952,-0.34988,2
0.081449,2.1572,3
0.93798,-2.3259,1
0.082619,-0.75427,3
4.0315,1.9049,3
-2.467,0.64518,2
-1.2448,2.374,3
1.2082,-0.92782,2
-1.2024,-3.7739,1
0.92369,1.7468,3
1.3929,2.0897,3
-2.2484,-2.3661,1
0.43685,3.6668,3
-4.0793,-0.12405,2
-2.9844,4.205,3
-0.717,-0.37993,2
-0.61947,-1.3736,3
-4.1414,-0.85799,1
1.7297,-0.64575,2
-1.2509,-3.8787,1
-1.6579,2.9229,3
-1.2482,-2.1138,1
-0.054021,1.7547,2
-0.14521,0.9358,3
-0.38245,1.4365,1
-0.89074,-0.15697,1
2.6109,-1.9405,2
0.46563,-0.58337,1
0.07006,-0.93381,1
0.36766,-0.35881,2
-0.79576,-2.1821,2
0.62473,2.5852,3
0.85386,1.2702,2
-4.5161,0.13704,1
-0.59792,-3.1283,2
0.76059,2.3063,3
2.1397,1.6909,3
-2.7184,-2.3398,1
-1.3059,-0.97266,3
-2.0716,0.3092,1
0.46347,-1.0559,2
-3.5139,2.6445,1
2.4016,0.35464,3
2.3919,2.6469,2
-1.6638,-5.3893,3
2.7754,-5.497,1
-1.8922,1.3383,3
-0.99008,3.3817,2
0.69508,1.2654,1
-2.0837,0.018256,1
1.15,4.4168,3
-1.0152,-3.5719,1
-0.52116,1.4282,3
-0.98301,1.96,1
7.0467,3.5467,3
-0.053978,1.5268,2
-4.0935,1.8255,2
-2.2829,2.4473,2
-0.39111,3.5357,3
-2.1834,0.53173,3
-0.12434,0.82443,3
-0.60518,1.8439,3
2.451,3.8051,3
-3.3356,-0.18611,1
-1.1862,-2.7242,2
-2.2272,-5.6887,2
-1.1505,-2.6188,1
0.63673,0.8505,2
0.1606,-4.044,1
0.048678,-0.14974,3
-4.1933,-3.0227,1
0.74995,2.7948,2
1.8961,-1.0526,2
2.044,1.1493,3
3.2181,-1.8513,3
-1.0044,2.1362,1
0.19735,0.8701,1
-0.010536,1.5641,2
-0.12584,-2.5991,2
2.9385,-4.4519,2
-1.0953,-0.63776,1
2.2884,0.81719,3
6.0241,4.0068,3
-1.5298,0.5509,1
1.2204,-2.6422,1
2.3835,-1.9618,2
0.063103,-1.567,1
2.9953,-1.7986,1
2.5784,1.089,1
-2.01,-3.0251,3
-4.5145,-0.93684,1
-3.1757,2.5221,1
0.53933,2.0513,3
2.0576,-0.16762,2
0.10831,0.81413,1
-3.0303,1.2771,2
-3.3896,-2.8852,2
-0.14287,-5.8452,1
2.5376,1.8409,1
-1.2411,-5.5017,3
3.0719,2.0986,3
0.053194,0.017378,1
6.7303,0.80088,3
1.5833,-1.6851,3
-1.5492,-6.341,1
-0.95719,-1.0148,3
0.69658,1.4274,3
4.3286,-2.9505,3
-1.0813,-1.5305,1
1.233,0.68852,1
-1.1082,3.2071,3
-2.1892,0.76344,3
1.2409,0.75987,3
-1.1798,3.8416,3
-1.5247,1.5173,3
-0.15006,2.1743,3
-1.1412,-2.3074,3
-1.9948,1.2812,3
0.16794,-4.1902,3
1.5755,1.7343,3
2.16,1.5569,3
2.5527,1.0833,3
-0.76256,-1.9804,1
-1.9425,-2.409,1
-2.7605,-1.7833,1
3.2052,5.0602,3
-0.074008,-1.7989,3
-1.2079,0.065836,2
-2.4361,-3.1694,1
1.2476,-0.69062,1
0.017498,0.74672,2
3.7184,-1.0758,3
-1.7117,-2.176,1
0.48819,-0.79108,2
1.7899,-0.85915,3
0.53551,-1.6065,2
2.0933,1.4349,3
-3.2674,2.9281,1
-1.0082,0.97006,1
3.4956,1.5688,1
-0.93961,-4.8248,1
-0.52776,-1.4567,2
0.2434,1.7101,2
-1.2579,-0.56496,2
-0.20764,-0.6972,1
0.39781,1.3385,3
-2.8232,5.4652,2
-1.3022,-3.545,3
2.3384,2.9977,3
2.7699,-0.21169,1
-0.68843,1.4983,3
0.239,-1.5281,1
-2.4395,-1.2603,1
0.15023,-4.8067,1
5.7915,3.4051,3
2.1592,1.5605,1
-1.105,2.0076,3
-3.8189,0.28726,1
0.49516,3.105,3
0.94187,4.4893,1
-2.1348,0.294,3
2.6874,4.9354,1
1.1814,3.3786,2
-2.1141,-2.4105,1
0.8383,-1.7151,3
4.3807,-0.39469,3
-0.19684,0.67194,1
2.2695,0.16532,3
6.5255,2.6468,3
-0.85042,-0.23473,1
2.7468,0.076624,3
-0.8777,-0.78112,3
4.2927,4.1065,3
2.279,1.0547,3
3.2588,0.23291,2
-0.37031,0.89576,1
5.2416,2.1905,3
-0.75217,0.34032,1
-3.6707,-3.3229,1
-2.7665,-0.85285,3
-2.1046,0.7864,1
2.9124,1.1545,2
-4.2975,-1.4692,1
1.8393,3.2424,1
-2.0096,1.109,3
3.4064,1.6578,3
-4.3462,-0.71749,1
5.7328,3.6077,3
4.5393,1.2323,3
-1.9203,-2.9004,1
-0.36982,0.85488,1
-1.4836,-0.31707,3
0.89561,1.9684,3
4.6592,-0.87072,3
-0.5794,0.010573,2
-4.2695,-0.65498,3
1.3368,1.4457,3
-0.72268,-2.7066,1
-2.3373,-4.8826,1
-2.7036,-3.715,1
-1.6986,0.063774,3
-1.388,-0.0034069,3
-3.109,0.77647,2
2.8499,1.8863,3
-0.37404,-5.8326,1
1.5514,-1.4705,3
2.6258,-2.0614,2
3.9933,2.4336,3
0.47621,-1.128,1
2.9146,-0.77232,2
-3.8066,-3.0584,1
-0.25134,-3.6025,2
2.1969,0.46937,3
-0.98552,2.3344,1
-2.7379,-1.935,1
-1.3826,-0.10916,1
2.6401,-2.538,3
-0.92118,-1.5476,2
2.4274,-1.5312,2
-3.0001,3.1952,1
-1.0985,1.0327,2
3.6485,1.3897,3
-1.345,-1.1223,1
2.9197,7.9201,3
-0.77778,1.3944,3
0.64967,3.413,2
0.95951,1.5853,3
1.8476,0.055122,2
-3.0845,-1.2146,1
-0.0658,1.754,3
-0.85937,-0.46517,3
-3.8792,-6.3665,1
-4.067,-0.78156,3
-1.3573,-1.6205,1
0.58573,-2.6285,2
-1.6517,-3.0628,1
-5.056,-4.8499,2
-1.5692,1.9968,3
1.6112,-1.2866,2
-1.6474,1.8027,2
1.35,-3.7752,1
-0.0046179,5.0388,3
0.33753,0.59107,1
-0.24337,-0.19704,1
3.6338,1.2268,3
-1.1322,-0.26374,2
3.8361,2.635,3
-0.54528,-1.6156,1
-0.5565,3.1513,2
2.2814,-1.8715,1
1.3708,-0.71427,1
-0.37682,0.66829,3
0.29596,-0.091147,3
4.4233,1.8722,3
2.8484,4.7359,3
-3.6159,2.4814,3
-2.0289,-3.7279,1
1.2892,-2.3815,2
0.69864,2.2033,3
-3.5347,-0.89929,3
-3.6978,1.2101,2
0.43381,0.065715,1
2.4343,-2.3666,3
-2.0332,0.5667,3
1.4036,2.8484,3
1.4274,0.92512,3
-4.6023,-4.0217,1
-6.7483,-0.57297,1
0.47348,3.2311,1
-0.048838,-1.281,1
-2.1229,-5.0833,1
-1.8484,-4.9802,3
-3.1412,-5.4082,1
-2.077,-1.5492,1
-1.8656,0.56381,3
3.7793,3.9546,3
-0.60641,1.0077,1
-0.5348,4.5163,1
5.9407,-0.079023,2
5.3908,1.495,3
1.2012,-0.42728,2
-1.2864,-2.5702,1
0.2155,-1.5034,1
-4.0223,-3.7027,1
1.6608,-0.21199,1
4.0126,5.2608,3
0.26357,1.9639,1
2.3882,1.8848,3
4.7071,2.751,3
1.1618,2.0142,2
1.5764,-0.012916,2
-0.74428,5.8777,2
-2.1898,2.3925,3
-0.37817,-1.9431,2
-4.1702,0.10588,1
-4.7375,-0.87848,2
-0.096888,2.299,2
1.4435,0.65833,1
4.3156,-0.87976,2
1.7077,-2.1811,3
-0.77665,-6.7421,1
-1.8263,-1.8212,2
3.2145,2.2892,3
-1.7781,-1.8137,1
-1.5667,-2.7819,3
-2.7641,-2.3687,1
-3.3938,-0.9524,1
-0.44791,-3.9499,3
1.6957,-0.30943,3
-2.811,-2.4546,2
1.5241,-1.7748,3
2.0862,4.0638,3
0.50598,3.2566,2
0.09975,-2.1153,2
1.1672,0.50411,3
6.6495,4.7169,3
2.7555,2.345,1
2.8041,-3.2795,1
3.2284,0.67411,3
0.85869,-2.0205,3
0.18338,0.14853,3
2.3251,2.7626,2
0.55364,-3.4183,3
-0.28203,-2.0867,2
3.093,-1.3284,3
1.6739,1.6311,3
3.7546,6.8435,3
2.1005,0.91745,3
-1.5963,-0.9113,2
0.82694,-0.27748,3
2.6779,-3.902,1
-2.0329,-4.3482,1
-0.42996,-1.1078,1
0.0022444,0.78787,2
-3.5457,1.6332,1
2.041,0.5497,1
-1.1826,-5.3659,1
0.86872,-3.9934,3
0.5714,-1.0129,3
-3.6577,-5.2849,1
1.2329,-0.90561,1
0.57514,-0.12221,3
-0.37855,2.5115,3
-2.5953,-1.8919,3
0.47944,2.679,1
0.065275,-2.1356,1
4.7472,2.2454,1
0.3471,2.7306,2
2.3687,0.7791,3
2.8602,1.0118,3
-1.4503,-4.572,2
-1.3746,-1.411,2
-0.075886,1.1328,3
-0.42979,-0.68015,2
0.86596,4.9292,3
-1.4629,-3.4265,1
4.461,1.5315,3
5.9163,1.6806,1
0.97161,1.7585,1
2.0278,-1.2995,3
-5.0148,-2.0365,1
0.29775,0.42517,3
5.8206,4.3444,3
-5.5453,0.3375,3
-0.92533,3.2479,1
1.3134,2.2812,3
1.6022,4.3694,3
-1.42,1.0485,2
0.78625,-0.88355,1
1.2256,1.3301,3
-3.4405,-1.5359,2
-3.3457,1.7213,2
-1.3841,-0.87145,1
0.54187,2.1808,3
2.4156,4.7489,3
3.1446,4.6598,1
-2.6149,-1.6013,1
5.4564,2.1041,3
0.21472,-0.2268,2
1.5292,3.6501,3
1.9845,1.7113,3
3.296,-0.12634,3
0.24493,-2.6458,1
-2.1332,2.1103,3
3.7072,0.92015,1
-1.5004,-2.9064,3
0.18484,5.6719,3
-1.2801,3.8033,2
2.2379,2.3225,3
-1.3617,3.3004,3
-2.789,-1.3381,1
-1.2346,-0.62766,3
-1.2016,3.5763,3
-1.5071,-0.31015,1
2.9396,5.2017,2
-0.91219,2.8424,3
-2.0722,0.39423,1
-2.9048,-2.3546,2
-0.65286,-1.9448,1
-3.5259,-1.5073,1
-1.8109,0.88889,1
0.46796,0.40724,1
1.4715,0.4255,3
-1.7757,-3.5059,1
-1.4663,-3.8101,1
0.089026,-0.035944,2
-6.1951,-0.3425,1
-1.9409,-3.5324,1
1.5615,0.51914,2
4.9115,0.86756,1
2.8016,-0.67337,3
-0.79387,1.4787,3
0.93952,2.9855,3
-2.4384,-0.045395,1
1.9909,-1.5053,3
-1.1109,0.67114,2
0.51215,0.10805,3
-2.8897,1.0783,3
-1.1324,-0.28401,1
-1.5489,1.7538,2
-4.2741,1.9893,1
1.3867,-0.61964,1
-2.6511,-2.1934,1
-1.7063,-2.3712,1
-0.78236,1.1133,1
0.16287,4.4411,3
-3.027,0.34392,2
-0.098258,2.3663,3
-0.83342,-2.3904,2
3.489,4.4603,3
1.5936,0.72026,3
2.1757,1.6393,3
0.18374,0.90892,2
-0.59852,1.129,1
2.8791,2.1106,3
-0.027261,1.6981,2
-1.959,-0.68883,1
-2.0655,-1.2903,1
-1.6638,-0.79559,1
-0.41832,1.265,1
1.4154,3.324,3
-0.57564,-3.8443,1
-2.8247,-1.2427,1
-1.463,-2.3158,2
-0.7076,-0.53091,2
-0.74959,-2.8632,1
3.4389,3.4931,3
0.71973,4.854,3
-0.95788,2.6678,3
-1.162,-1.4685,1
-2.6885,2.6302,1
-0.12219,-5.7427,1
-2.7066,-0.96728,2
-0.20834,3.6168,1
-1.4526,-3.2093,2
-0.81866,-0.17136,1
3.8126,2.6224,3
0.58889,3.914,2
-1.3623,-1.1208,1
2.6115,-5.5241,1
-0.72919,1.2811,2
-0.91728,0.90105,1
-0.77196,0.41746,3
-3.1349,0.82349,2
-5.2069,-3.2885,1
-0.10481,-1.1433,1
-1.2451,-5.5433,1
-1.6427,-1.5439,3
-1.2189,5.8599,2
-0.47615,-0.33607,2
-1.4754,1.78,1
0.79988,-0.46106,1
1.6607,-0.99527,3
1.9531,2.3625,3
1.7253,0.4829,3
-0.57341,2.8853,3
1.4359,5.4788,1
-0.30288,-2.7288,1
1.5272,0.24354,3
3.0918,-0.75583,2
-0.25567,-5.2636,1
-0.49072,3.1084,3
-2.2494,1.3728,1
0.646,0.80227,3
-0.63136,-3.6654,3
0.26593,1.4596,3
-2.4757,-0.38666,1
0.11655,-5.1592,3
3.6186,0.67872,3
4.1979,1.828,3
0.80363,-0.27325,2
3.5685,2.1114,1
-5.3494,-4.1042,1
3.463,2.7634,3
4.6094,1.9897,1
-3.3258,-0.4153,1
-0.61854,3.1319,3
-3.7356,1.9217,1
-0.164,-0.2676,3
2.1074,0.097085,2
5.3026,3.8979,3
1.0145,0.30285,3
0.96906,2.9813,3
1.616,2.9999,3
4.5741,-1.432,3
-2,-0.95386,1
0.65945,4.153,3
-0.3102,-1.7301,1
-0.49494,-1.588,3
0.14378,1.3663,2
-2.2741,-0.64028,1
3.4505,3.1346,3
0.89155,3.5788,3
-0.36405,-3.235,1
2.8144,0.34145,3
1.2519,-2.6717,2
-2.3464,0.95073,1
1.0651,5.9997,3
-3.1831,2.3557,1
-3.3316,-1.221,1
1.474,2.2179,1
2.5231,3.6155,3
-3.5253,-0.97305,1
-0.42055,2.5253,3
-2.0166,-1.2797,1
-0.66418,2.092,2
1.2972,0.88922,3
-0.29795,1.0369,3
0.31813,0.67046,3
1.0101,1.8998,3
-1.4973,-1.618,2
-0.15012,1.8232,2
1.4296,1.9512,1
1.6761,-3.9807,1
3.0268,-1.6198,3
0.64488,-0.94113,1
1.4503,-0.23013,2
-3.0757,-3.8135,1
-1.33,0.34799,3
0.16929,-1.3615,3
1.1014,-3.6198,1
3.5783,3.0434,3
2.9678,0.81042,3
0.65671,-1.326,1
1.9925,-0.34632,3
-0.48968,0.51492,3
-4.0036,-2.1384,1
-0.43782,-1.858,1
-0.76807,3.0691,2
-3.7394,-0.95909,1
1.3248,-2.6492,1
-0.0084374,-3.2205,2
1.3495,-0.93337,2
1.8106,-4.107,1
-1.7105,-3.0714,1
-0.036348,-3.2049,2
-3.2619,0.27503,2
1.1392,1.2399,3
-2.3048,-2.6561,1
-0.51129,-1.3104,3
1.1263,0.25977,3
-0.15964,1.3091,1
6.8166,6.2352,3
3.8975,0.19302,1
-0.83986,3.3214,2
0.09603,4.9813,3
1.399,3.0909,3
2.3417,2.2645,3
-0.50326,-0.24732,3
-0.58311,3.7342,2
-1.0117,-0.62068,3
-0.34605,-2.3876,1
4.1613,1.9563,3
0.54526,-2.5187,1
0.044604,-1.2703,1
-1.0709,-0.38557,1
0.010883,2.8846,3
1.235,-7.7916,1
2.6346,1.0157,1
1.2975,-2.1897,1
-1.4523,-2.3896,1
-2.9962,1.7747,2
0.24877,3.6056,3
6.8733,-0.18816,3
-1.6518,0.6799,3
-1.5656,-2.0703,1
0.94717,0.60995,1
4.2568,-0.1927,3
4.0566,-1.5002,1
1.2995,-2.4473,1
-2.5556,-2.3284,1
0.44766,-2.5353,1
0.66819,1.6752,1
3.2744,4.4955,1
0.7718,-0.011264,2
-3.1361,-1.7486,3
2.917,0.6118,3
3.9572,1.5917,3
-0.53537,-1.285,1
0.42964,-1.3015,1
0.58218,-1.2254,3
-0.74703,-5.2437,1
-0.98391,-3.0399,1
-0.34681,-1.1554,1
-1.3573,0.84883,3
-0.37414,3.2069,3
-3.0295,0.91959,1
-0.34052,-0.40011,1
0.13003,0.37025,1
-2.7696,-0.31404,1
2.3045,1.4598,2
0.82983,1.1847,1
0.73459,3.7767,3
-1.772,1.7644,3
2.8699,1.7927,3
3.9864,2.3838,3
2.3623,1.8212,3
4.1325,3.8545,3
0.18987,0.62556,3
0.24733,0.28141,3
-0.38763,-1.852,1
-3.5739,-0.16324,1
1.51,1.7619,1
-2.558,3.4974,2
0.63603,2.2997,1
-3.377,-1.7613,1
0.97261,0.91041,3
6.2963,1.143,3
4.7481,2.5541,3
2.2854,2.2932,3
-3.0817,-5.6218,1
-4.1486,-1.0381,1
-4.0376,-0.24875,3
1.8891,3.4975,3
-1.635,0.56804,3
-1.2371,0.65896,1
-0.43324,-0.018697,2
2.1824,-1.1435,2
0.76292,2.1215,3
-1.1987,-2.7169,2
3.7196,4.4975,3
-2.0193,-1.8116,1
2.0618,0.91222,3
0.44451,0.73566,3
-0.83414,0.7979,1
-0.23547,-1.4833,2
-1.2961,-5.2288,2
-0.59439,1.4952,3
-4.9491,-3.2171,1
-1.9109,2.7395,2
-4.0575,-3.2376,1
-4.0802,-2.264,1
-1.2449,-0.18143,1
2.6565,-3.3951,1
0.94139,-3.3163,2
-0.69078,-1.2016,1
1.6563,-1.2386,3
0.75496,1.0483,1
3.1592,1.6453,3
0.28861,-3.2128,3
-4.485,-3.0457,1
-0.14398,3.0028,3
0.14468,1.712,3
-2.3077,-6.9299,1
2.8536,1.931,2
3.9637,-1.6588,3
3.1996,1.6589,3
-2.2519,-4.0326,2
-4.1347,-4.0927,1
2.9815,-3.4265,2
2.6346,-0.65856,3
-2.4304,-0.55982,1
1.6021,0.48235,2
-0.20661,1.5068,3
1.4285,-2.567,1
-4.9524,-2.038,1
3.3682,3.4545,3
-3.4066,-1.5007,1
-1.4935,3.0574,3
0.94825,2.1713,2
0.78219,0.20377,3
-1.7042,4.1449,1
1.3195,-0.31216,2
-1.2387,0.16977,2
-1.1233,-3.2934,2
1.9929,0.41715,3
-4.163,1.7774,3
-1.7921,2.9348,1
-3.8632,-0.19881,2
-3.1637,-1.9812,1
-3.0636,-1.7479,2
-0.90798,2.0142,1
0.19997,-3.403,1
-2.4542,-4.34,1
-2.0112,-1.7858,2
6.0051,0.339,2
2.4284,-0.48248,2
-2.9142,-1.9693,3
0.18647,-5.0775,1
-0.89081,1.4739,1
0.81554,-2.588,1
0.47826,-3.913,2
0.62038,-0.24209,3
-1.005,-3.4007,1
0.38861,2.0891,2
1.7188,-0.25055,3
-0.89765,3.7724,2
1.3974,2.9635,1
-2.6494,0.018679,1
2.7917,1.1991,3
0.44211,-1.9618,3
0.26033,1.9319,3
2.0022,2.9034,3
0.070109,2.1095,1
1.1263,-2.2834,3
2.2639,-5.1323,2
-0.86116,-0.29337,2
3.1643,1.3362,2
1.5907,2.5279,1
-1.3652,2.8694,1
-2.5519,-3.1553,1
-2.5374,0.55575,1
5.5747,1.6376,3
2.4824,-2.6597,3
-1.2021,0.58972,3
1.5326,2.5764,2
-3.182,-1.8232,1
-3.7167,-0.69961,1
-0.82415,-1.2599,1
-2.1129,0.31371,1
-1.0328,-2.7886,1
-0.68627,4.2914,3
-2.8008,-0.86964,2
2.9939,1.7933,3
3.8086,2.4816,1
-2.5375,-5.2122,2
-2.6,-2.242,2
-2.8875,-2.5242,1
0.17245,1.9291,3
2.169,0.084155,3
-3.3108,3.4222,1
-0.74165,2.498,3
1.1277,-1.5752,3
1.4922,-1.0473,2
-1.2993,0.0079785,1
2.5605,3.6502,3
0.092507,2.7396,3
2.9441,1.048,3
1.4091,-3.2224,1
2.2982,4.4167,3
2.8517,3.9729,3
-4.5036,-3.826,1
2.1981,2.4744,3
0.073944,0.13815,1
2.0212,4.1314,3
-1.979,-3.0898,1
2.9245,1.2848,3
-0.87079,-5.2165,1
-3.8223,-2.8386,1
0.012547,0.17989,3
-0.058946,-0.35649,3
4.1108,1.8995,1
-0.7238,-3.2363,3
-1.2072,-6.3309,1
2.1433,0.15088,2
-2.2229,0.16013,1
1.5155,-0.69589,1
-1.0589,-1.1427,2
1.1538,6.0671,3
-4.5426,-0.1882,1
0.94215,1.9988,3
-2.4017,-0.22279,3
2.9256,-2.0695,3
-0.38705,-0.70845,1
1.9138,-0.85666,1
0.37003,5.9187,3
-1.7747,-2.3455,1
-4.5918,1.358,2
-0.92535,-0.63981,2
0.49259,1.662,3
2.0102,2.0824,3
-2.6871,4.9182,3
0.44408,1.0886,3
3.3108,5.5996,3
0.89977,0.91298,3
-1.4853,-2.5087,1
2.763,-0.24863,3
2.6047,0.01382,3
-1.9551,0.44897,2
-0.31197,0.32796,1
-0.10076,-0.10777,1
-1.7814,-2.0493,3
-4.4457,-0.92582,2
-4.6254,1.0237,1
0.45821,2.9035,1
-2.06,-1.3695,1
3.8552,0.49789,1
1.4842,2.2618,3
-1.8143,-1.3724,3
-0.64327,-2.9611,2
1.6023,-1.9575,1
1.0841,1.1916,1
1.5195,-0.9927,3
-0.44281,2.8071,3
-3.3963,1.7568,1
-1.8748,1.4396,3
1.8083,1.0873,3
-1.3903,2.6671,3
-3.3331,-1.6902,1
-4.0635,-1.4603,1
-3.4168,0.97221,1
-1.4617,-0.5556,3
0.14964,0.76675,3
4.3953,1.6155,3
-0.14141,-2.4207,1
-1.5098,-4.427,1
2.3995,0.3169,3
-3.1702,1.1163,2
-0.76015,3.3223,2
2.5706,1.3562,3
-2.4985,-1.4109,2
0.41568,0.25063,3
0.0012447,2.4698,3
1.9037,-1.4588,2
-4.4537,-1.2309,1
-4.0177,-4.6409,1
-1.5506,-3.4388,1
0.49722,0.31637,3
-0.082327,3.0628,2
-2.166,-0.93721,3
-5.1867,-2.4933,1
0.026426,-0.38941,3
5.8054,0.3707,3
-1.7126,-3.3464,1
0.6567,1.4328,3
0.1365,-2.0801,2
-2.0042,-0.60876,2
-1.1284,-0.73351,3
0.8934,2.2532,2
-1.8843,3.1638,3
-0.77819,0.22045,2
-3.0441,0.091019,1
-2.2584,-1.5821,1
3.4502,1.4624,3
1.2186,-2.237,1
-2.5493,-0.28818,1
-0.20213,-0.25319,3
3.5019,-0.73597,2
-1.5594,-5.4459,1
0.63671,4.0657,3
-0.38736,0.96228,3
-2.0094,0.78008,3
0.049325,-4.1175,2
2.2571,0.99168,3
2.2089,0.55973,3
1.1511,1.9437,3
1.0356,-2.8382,1
1.8322,4.5567,3
-1.2044,-0.32881,1
0.30996,-0.070292,1
0.52572,3.4314,2
-0.99782,0.28921,3
1.3246,4.5532,3
-1.9911,-3.2182,1
-2.7398,-3.0948,3
-3.1419,2.5722,3
-1.542,-2.5691,1
-0.022479,2.2931,3
-0.58316,0.13272,3
0.31433,-0.85889,1
0.0726,-2.7482,2
-3.6877,-1.224,1
-0.90721,0.50314,2
0.93217,-0.28865,1
1.2289,-0.6146,1
0.72389,1.5819,2
0.13705,-2.34,3
-1.5708,2.0896,1
-0.30625,-0.77252,1
-2.0968,0.11903,1
-3.4753,-3.9173,1
3.5221,1.1575,1
-0.77391,-5.1854,1
0.89152,-0.00036894,2
-1.152,1.1972,2
-6.4336,-0.025102,1
-1.7922,-4.9492,1
1.5829,1.4651,1
3.9287,0.24626,3
1.1173,1.3464,3
-1.2163,0.34935,1
2.434,-2.3796,3
5.9261,0.62569,3
-1.0097,2.435,2
-5.8305,0.61714,1
0.19617,0.65015,3
1.0654,-2.5918,1
0.30296,1.6051,2
4.7805,0.59401,1
3.7176,5.6556,3
-0.37931,-3.7667,1
-3.1802,-3.5925,1
-0.6029,-2.9149,3
0.35034,-1.4788,1
0.90503,1.7997,3
-1.3092,-0.73797,3
0.15027,2.9556,3
3.2689,0.83832,3
2.6559,1.4815,3
-3.0759,-4.3677,1
-1.3149,-3.2458,1
-0.64405,-0.30633,3
-2.0296,-3.9225,2
-3.0465,-1.0355,1
-5.8791,1.8006,3
1.5244,-4.967,3
-0.68054,-0.53939,3
-2.0526,-4.7912,1
-2.5929,-0.86429,2
-2.8304,-4.6135,1
2.8691,-2.7174,3
3.9825,-0.8342,1
0.99969,-0.84591,2
0.41598,-5.9803,1
-0.69075,-3.2269,2
3.1761,1.6889,3
2.3096,1.8612,3
-0.88434,1.5755,1
3.5295,4.061,3
-1.6763,-7.696,1
0.49319,-3.3034,2
3.5719,5.9889,3
1.1979,3.4415,1
-2.4181,0.57873,1
1.6065,-0.3536,3
-1.9249,1.6112,2
-1.348,1.3458,2
-0.079645,-0.87396,3
-4.9778,0.331,1
3.0804,0.49844,3
3.7959,2.8105,3
-0.61931,3.0654,3
1.9243,2.8821,1
-0.24815,2.2265,2
0.79699,0.12515,2
2.5181,2.8178,3
-0.50643,3.0457,3
0.91921,1.3089,3
3.2308,-1.6347,1
-1.7652,-2.0749,1
-2.4569,-3.7336,1
0.70341,-0.87104,3
-3.2531,1.5699,1
-1.8084,-2.2139,3
1.9409,-1.4326,3
2.0338,0.59239,3
2.7057,1.0597,3
3.0318,0.16872,3
-2.2435,-1.5145,1
-0.78326,-3.7568,2
-1.7576,-1.611,1
-0.17979,-2.8526,2
0.50249,-0.0302,2
-0.94589,5.2987,3
4.3703,3.5068,3
-3.3853,-4.0278,1
-2.3692,4.2508,1
-2.6608,4.6446,1
-1.7254,-4.1766,1
1.1441,-1.6715,3
4.5758,1.447,3
1.9179,-0.73068,3
-3.3861,-1.5331,3
3.9973,1.0312,2
-3.3084,-1.3757,1
-2.5442,-3.3446,1
4.4873,2.6356,3
3.3427,-1.11,2
-3.5324,2.5975,1
-1.426,-3.4793,1
-3.0813,-2.3544,1
-2.3974,-1.8714,1
3.0829,-0.12978,3
1.7776,0.1287,3
-2.6355,0.83505,2
4.9927,2.5102,2
1.3632,0.32606,3
-4.7654,-3.3427,1
-0.70669,2.0323,2
-0.58911,-0.04988,1
-1.9861,1.2066,1
1.6381,0.46172,3
-0.82948,4.5786,3
2.1417,0.4475,3
-1.2771,0.48775,1
-0.52193,-5.2487,1
3.142,2.7801,1
-0.088093,-2.1118,2
-0.61277,3.7084,3
2.5618,-1.7457,3
6.2574,1.3289,3
-4.5283,-0.054078,2
1.8164,2.2909,3
-1.7686,2.0934,1
0.59645,0.87355,3
2.7215,-0.8776,2
-2.439,-0.32404,1
4.1969,-0.52533,3
0.45906,-0.75399,1
2.6729,-0.010082,3
1.5285,-2.4366,3
-0.72174,0.40343,1
0.46072,5.0411,3
1.5106,-0.0074788,2
-4.2602,-2.5015,3
1.202,2.7827,2
-2.0316,-3.6456,1
1.8436,1.3821,2
2.845,-2.0235,3
0.19967,2.3494,1
0.58467,3.3989,3
-4.1425,-0.93389,3
-1.8756,1.2694,2
3.3943,2.8132,3
2.8616,3.7527,2
2.1753,0.91846,3
2.5909,2.3424,3
-0.49071,-0.079934,3
-2.9832,-1.7391,1
3.4946,0.029317,2
-2.3069,-0.68098,3
-2.4607,-5.8475,2
0.9616,-1.2969,1
3.2222,1.6082,1
-0.88324,2.1372,1
1.1788,-0.78463,1
0.50034,0.98539,3
-2.4795,-1.1313,1
0.14188,-1.2156,3
1.1155,0.52536,3
3.1217,-3.7815,3
-4.5409,-1.2387,1
-5.7243,-2.7973,1
-3.3657,-3.2669,1
11.826,3.9561,3
0.82803,0.58552,3
-0.40848,0.47326,2
1.7746,-1.2033,3
2.4474,-0.53684,3
-2.9486,0.86489,1
1.0318,-0.32525,2
-4.2368,-1.3363,1
2.7058,-2.6935,3
-1.6542,-4.4511,2
2.0785,0.012888,2
3.1146,6.5555,3
-1.6367,-0.23592,1
-0.75742,-1.5847,2
-1.3682,-2.9225,1
0.07335,1.0489,1
-3.7232,-1.9564,3
1.7292,4.3146,3
-1.1731,0.2755,3
-4.0183,-2.1708,1
-5.7573,-3.246,3
-0.65214,3.7939,1
-1.0168,-1.7159,2
-4.4921,0.15049,2
-0.61795,0.86935,3
-2.6945,0.21783,1
-2.2899,0.46954,3
-2.2367,-0.51354,2
4.7118,-1.6106,2
-4.5431,-0.8953,3
-0.65203,-0.3888,2
-2.4642,-3.285,1
3.4555,-2.5749,2
0.83294,4.153,1
4.252,-2.9648,3
-3.558,-1.6811,1
-7.477,-1.6349,3
-1.3153,-0.89038,2
1.6234,1.6988,1
-1.1969,-1.0278,2
-2.5908,0.69649,1
1.1598,0.1656,1
2.3092,0.23492,3
1.1327,0.46704,1
-0.45702,-1.0541,1
-1.6571,-3.5256,1
-2.0242,0.7038,2
-2.5569,-3.6672,1
0.41571,1.7632,3
-0.51182,0.070744,1
3.3728,0.82807,3
1.2533,1.5614,3
-0.26129,-1.7515,2
3.9505,3.2552,3
-1.1162,-0.43901,1
-0.78532,-0.61329,1
-0.20944,-1.3623,2
-2.6291,3.1604,2
1.2545,0.39602,1
1.9967,-1.8749,2
-1.6188,0.55854,1
2.043,-2.5795,3
3.1897,-3.4659,2
-2.1729,3.5963,3
-0.78358,-1.6954,3
2.552,-3.0287,3
0.12377,4.382,3
0.17053,-0.2988,2
2.4254,2.4639,2
-1.4335,-0.85795,1
-0.045364,5.4046,3
6.8048,0.29406,3
1.7218,3.2928,3
-6.4114,-3.4827,1
1.5729,1.3953,2
4.805,-0.1115,3
3.4808,4.6782,3
1.9798,4.685,3
-0.75223,1.9086,1
4.1651,2.7912,2
1.976,1.5568,3
-1.4219,4.0815,2
-0.4398,3.9408,3
1.3333,0.3723,2
-0.42865,-1.7176,3
-1.1526,-0.43931,2
-0.21171,-2.7295,1
3.0956,3.185,3
-2.1827,3.7775,2
1.6365,-1.9142,3
0.62051,1.4358,3
0.40833,2.0147,3
0.067793,-0.33931,3
0.77028,0.96277,3
6.4986,2.0488,1
1.9535,0.60071,3
0.084326,2.0277,3
2.4658,-0.72874,3
-1.7227,5.0304,3
2.5775,1.4829,3
4.2582,-0.60814,3
3.1597,-0.51416,3
1.6709,-1.4376,2
-0.74606,-0.71356,3
-2.1804,-4.3864,1
-1.4031,4.3029,2
2.5284,2.1201,3
2.7092,0.50174,2
-0.68579,-4.4386,1
-0.79882,-0.77184,3
-0.49243,3.1204,1
-1.2722,-1.6629,3
-2.7331,-0.41175,3
0.19257,-0.8594,3
-1.3078,0.97044,2
-0.29578,0.75461,3
1.2872,-0.020605,3
0.67768,1.6952,2
-1.0891,-1.4127,2
5.33,5.8759,3
-5.5442,-0.83488,1
0.38093,0.35545,1
-2.4558,-1.1804,2
1.0982,1.9485,3
-3.2015,1.2718,3
2.1934,1.7088,3
0.97012,0.48204,3
4.3446,-0.35271,3
-3.1329,-1.4494,1
1.0122,1.7644,3
-1.2133,1.2739,1
2.6908,-2.1178,2
4.5622,5.3712,3
-2.7798,-3.8022,3
-0.45082,-2.7926,3
0.21846,-0.29067,1
-2.7466,1.8249,3
4.3769,4.2282,3
3.0863,1.9388,3
-0.7762,5.2033,3
-3.0586,1.697,2
-6.8173,1.4837,1
