2.3576,1.8216,2
-1.5174,-0.07561,2
-3.0275,-0.73757,2
-0.97357,-3.5013,2
0.56629,-2.7013,2
4.8089,1.7475,3
-1.3042,-0.79677,1
0.87046,0.21309,2
3.2884,1.5064,2
-3.4236,-3.4134,1
-1.4078,1.3756,2
-3.6959,-2.7779,2
-3.886,-0.94161,2
-2.1473,1.0805,2
-0.99669,-0.56295,2
-0.15856,-2.4283,3
-2.0051,2.1732,2
2.9058,3.4937,3
-0.14693,1.341,3
3.4682,2.6166,3
-0.58025,-1.3249,3
1.5979,3.3019,2
-1.0998,-1.8474,2
-1.4012,1.0712,2
-1.5013,-2.4997,1
3.0489,1.5089,3
0.79021,1.041,2
-2.7538,-2.1174,2
-1.7219,4.4429,2
2.4061,0.59064,2
0.0044231,0.97019,2
-1.7396,3.689,2
-8.3054,-4.1899,1
-1.7926,0.93302,2
1.3254,-0.010623,2
0.56643,-1.9728,2
-4.6454,0.5112,2
-3.0583,3.0826,2
-0.30638,-1.8364,3
-0.31011,0.56727,1
-0.68141,2.1461,2
2.7289,2.1272,2
4.6161,2.5553,3
-1.8093,0.5447,2
1.9648,1.0988,2
-0.91904,-6.5238,1
-1.9009,-1.6739,1
-0.4618,-1.0643,2
1.7943,-2.3677,2
-0.81373,-0.095427,2
1.3723,-0.28147,2
0.42574,-1.9242,2
0.37753,0.67535,2
2.3066,2.6156,2
-2.3945,-0.091913,2
-2.1344,-4.301,2
1.7738,4.1487,2
-1.2566,1.1022,2
2.2167,2.3212,3
-1.801,0.3698,2
-1.2597,-2.108,2
-0.25431,3.985,3
1.0987,-2.4212,2
-1.4379,2.2073,2
-1.9071,-2.1447,2
-0.20282,-1.1874,3
0.87324,0.46046,2
2.4319,-0.55428,2
-2.9753,-3.5247,2
3.6013,2.732,3
3.5025,0.14914,2
-0.4503,1.0562,2
4.2794,-0.87493,2
1.2301,1.382,2
-5.8865,-0.10852,1
-0.41724,-4.3527,3
3.0889,-1.7901,2
-1.753,-0.98568,2
-3.0551,1.3085,2
1.3243,-1.2458,2
-1.5967,0.38549,2
-1.333,4.4295,2
1.0973,-2.5374,1
-3.1409,1.0033,2
0.073333,-1.1338,2
3.6663,2.676,2
-2.1504,-0.030543,2
2.604,0.81647,2
2.1784,1.1091,1
-0.7103,-5.4974,2
0.4019,0.77828,3
0.38567,-0.27164,2
0.53902,1.3464,2
3.4041,1.4141,3
-1.9563,-1.7538,2
-2.0634,0.47328,2
-0.22877,-1.2138,2
-1.8274,-0.30721,2
-1.3363,2.2814,3
1.109,-0.9537,2
0.71715,0.32269,1
-0.79656,-1.8031,2
1.1126,-1.6287,2
-1.152,0.21237,2
-3.4616,1.4363,2
1.8083,-0.82938,1
-0.085116,4.5842,1
-3.5064,-3.868,2
0.20016,-4.8591,2
1.2461,3.9307,2
1.7106,3.1582,2
2.0117,0.39726,2
0.72718,3.1963,2
0.37112,-0.084068,2
2.3553,-1.4857,2
2.0394,-1.5216,2
0.91029,3.4486,2
-3.9297,-3.4101,1
5.9115,1.6649,2
-1.0935,-0.75108,2
-1.3178,-1.1402,2
0.69573,-2.2547,2
-0.6856,-1.0792,2
5.2194,4.2461,3
1.8095,-1.4199,3
3.8518,3.9437,3
-1.5516,2.171,2
0.6645,0.85719,2
-1.6736,1.3212,2
-0.75679,-2.2408,2
1.8364,-0.29276,2
3.5221,2.5634,2
2.8392,2.0769,2
-3.2334,-2.049,1
-2.5474,-1.9619,2
2.2669,4.365,2
0.66423,-2.6401,2
0.0091088,-0.56081,2
0.81883,-2.5121,2
-1.987,-3.5752,2
-3.2134,1.3811,2
0.93283,-2.5876,2
-0.44081,1.1037,2
3.2625,3.1291,3
2.5572,2.5228,2
-0.76771,0.69755,2
-0.91706,1.1515,2
2.3261,2.7551,2
-2.5756,-1.2985,2
5.5349,4.1109,2
0.012443,-2.6817,2
-1.2413,-1.9875,2
-1.7477,2.6783,1
-4.0341,0.48694,2
0.37105,-2.7017,2
1.0322,3.8142,3
-1.5655,-6.1402,2
-5.0689,-1.4721,2
-0.13337,0.73654,2
-3.4902,-0.097796,2
-1.5479,1.4317,2
2.444,-0.43865,2
-2.4066,2.9072,2
-1.0673,0.10554,2
0.25025,0.63579,3
3.7679,4.9759,3
-3.0678,-2.3912,1
-0.042477,-1.4455,2
-1.2887,1.0804,2
0.00010966,-2.5347,2
0.44316,0.29228,2
2.2138,-0.79873,2
-2.5438,1.3282,3
-2.0532,-1.0177,2
4.3335,0.39383,2
-4.6151,-0.23345,1
5.3696,1.0246,2
-1.133,-3.4259,2
5.887,3.0079,2
1.5312,4.5759,3
-1.8452,-0.58751,2
-3.0755,1.1743,2
1.8735,0.65557,3
1.6037,-2.2704,2
0.76674,-0.22213,2
0.95844,-0.18726,2
-1.2107,-4.3155,1
0.7179,1.4076,2
0.20621,-0.10437,2
-4.0686,0.051772,2
-2.4133,2.6246,3
0.24603,-5.3796,2
-6.6657,-0.16852,2
2.1462,-0.63267,2
-0.46361,-0.65618,2
0.31806,-1.158,2
1.4562,-0.83942,2
1.2565,-4.9855,2
1.0211,-1.2144,2
4.1928,5.8299,3
-0.93023,2.477,3
-1.3884,0.65988,2
-1.7737,-3.5486,2
2.1085,3.8706,2
-2.9429,-4.4793,2
-0.9394,-2.6458,2
-1.1672,-2.9201,1
0.13057,1.1083,2
-0.95425,1.0172,3
-2.2984,-2.3488,2
1.9203,1.8469,3
-2.0661,-1.0244,2
-2.2143,1.967,2
4.1551,6.242,3
1.0338,-1.4912,2
-0.34243,1.3088,2
-5.185,-2.2075,2
-3.0075,-3.8932,2
1.3462,0.041982,2
3.6074,2.726,2
1.4279,-1.7891,1
2.2642,-1.5421,2
0.81391,-4.4937,2
-0.30653,1.1696,2
-1.7641,-0.36592,2
-2.7533,-0.14271,2
-2.6092,0.15176,2
1.093,-0.3736,2
-4.0431,2.3761,2
1.7258,-0.22953,2
-2.0062,-0.16367,2
3.1583,1.1775,2
2.3938,-0.10826,2
2.1351,6.0337,2
-2.0853,2.7799,2
-2.8936,-2.2301,2
2.6041,-0.79421,2
-1.8043,0.77527,2
2.318,3.7858,2
-1.6392,2.2095,2
0.71267,5.1738,2
1.8203,0.61851,2
-2.2132,2.2439,2
-3.6112,0.70001,2
-0.13748,-4.3135,2
2.1642,-2.4376,1
-2.0353,-2.6417,2
0.031539,-0.62623,2
-2.0589,1.902,2
3.4666,-0.63447,3
-0.89737,-1.6437,2
-3.2925,-3.9026,2
2.8769,-0.66667,2
5.9575,-0.21137,3
-0.19978,2.7074,2
-3.5428,-2.5817,2
-1.2954,1.2213,2
0.039259,0.16583,2
1.9859,1.6497,2
-1.3527,0.8261,2
2.2263,3.7181,2
2.6214,-1.5867,2
1.3358,-1.0597,2
-4.3131,-0.040044,2
0.57175,-6.4047,2
0.021179,1.0263,2
-2.4665,-0.79451,2
1.1147,0.18784,2
1.4821,-1.9617,2
0.45243,-0.68299,2
-1.4392,-3.8571,2
-1.3764,1.852,2
2.6507,0.42752,3
-1.9346,-0.031531,2
-0.48064,-0.71065,2
0.073209,-0.22115,2
2.3323,4.0635,3
0.30019,-0.57779,2
-1.8677,-0.98127,2
-0.039955,-2.3189,2
-1.7898,0.83955,2
1.8018,2.6105,2
-0.51925,-3.7901,2
0.45615,3.185,2
-1.345,-2.3036,3
2.7252,4.3706,3
0.47581,-0.18816,2
-1.2236,0.2608,1
0.51676,0.49573,2
0.79612,-0.52074,2
1.7063,0.57302,2
-0.59972,-2.3411,3
-2.3022,0.012862,1
-5.9309,-2.8067,2
-2.5359,-2.2759,2
-5.2983,-3.2161,2
1.0251,4.3858,2
-0.84262,0.25928,2
0.13258,2.3784,2
2.5511,-5.8876,2
-1.0892,-3.2637,2
-2.0857,-0.46082,1
-3.1064,2.1995,2
-0.39768,2.9253,2
-0.099685,-2.5896,1
3.2166,-0.27115,2
2.0634,-0.4862,1
-2.5868,-1.4467,2
3.8313,5.8908,2
-1.6777,-3.9031,2
-0.81343,0.12487,1
2.0862,-2.5892,2
0.032161,-2.3793,2
-5.0605,-0.90138,2
-4.0341,-2.3891,1
0.35904,-0.24904,2
4.2194,-0.65546,2
1.4187,2.0864,2
1.6696,-0.48764,2
-5.223,-3.4722,2
-1.8757,-0.19702,2
-1.2821,0.70483,3
-0.96236,2.5019,2
-1.8629,-1.7049,2
-1.1105,1.2225,2
-2.204,-0.76529,2
-0.030607,-6.5617,2
-2.1139,0.48119,1
1.1656,-0.6479,2
0.48499,1.2668,2
-3.3504,3.096,2
-4.7576,-2.797,2
6.7629,0.017522,2
-0.58186,0.73538,2
4.0031,1.6316,2
0.012911,-6.1586,1
4.504,-1.0668,2
-0.82234,-3.1304,2
-0.48418,0.021934,2
-1.9226,-2.1129,3
1.6326,0.87208,2
0.61605,0.47506,1
0.70512,-0.91675,2
0.087003,2.6497,1
-0.39068,0.19068,3
1.1482,-0.53814,2
-4.4542,-0.99942,2
-1.0916,0.51989,2
-2.3884,1.8552,2
0.99138,-0.6593,2
2.6032,1.238,1
3.5363,5.2862,2
-1.4238,-0.26308,2
-3.0068,-0.78257,2
-1.34,-0.78194,2
-5.2438,1.9438,2
3.2744,4.3902,2
2.5208,2.2741,3
-2.0335,-2.7116,1
-1.4072,-3.4858,1
-0.024541,-0.36746,2
-0.55879,-2.4025,2
-0.69926,-1.3147,2
-1.5318,1.5527,2
1.4967,-0.19407,1
0.58445,1.8063,2
-0.91566,-0.78457,2
1.3967,1.1839,2
-3.4289,1.0836,2
1.5889,0.267,2
-1.9755,-4.0947,2
-0.43196,-0.1173,2
2.5872,-1.4276,2
-0.7522,-0.39187,3
0.22221,0.94309,2
2.3341,-1.3627,2
-0.2483,0.28487,2
3.2545,0.80759,3
3.3805,3.124,3
0.85365,1.5466,2
0.88647,0.90485,2
-2.5419,-2.0847,2
-1.6807,-2.3703,2
4.5844,0.2026,3
-0.87398,2.1672,2
-0.85978,0.7755,1
-0.66588,1.0555,2
0.65025,-0.28368,2
2.4808,-2.7903,2
-0.32742,5.4831,2
0.66258,-3.6875,2
0.57805,-3.6984,2
-0.40983,-1.1752,2
2.7202,-1.3836,2
0.94483,-1.6628,2
-2.5742,-1.0377,2
1.9051,-1.7887,2
-0.77062,-1.8401,2
-2.3487,4.0386,2
-3.3786,-2.225,2
-0.060898,-2.5597,2
0.099205,2.3872,2
1.3019,-1.0456,2
0.68695,-0.1813,2
1.4163,2.5802,2
2.1225,-0.21318,2
-0.23938,-2.9159,2
2.0384,-0.12885,2
-1.626,-0.31938,2
0.73492,-1.5677,3
1.9378,-0.40947,2
0.37926,0.5435,2
1.0322,-0.011558,2
0.7314,0.52323,3
-1.4849,-0.20088,2
3.0106,-4.6872,3
1.0466,2.343,1
-0.21342,-0.95821,2
0.57386,1.9614,2
2.4029,1.4593,3
1.8712,-1.3468,2
0.32902,2.7244,2
-4.5506,2.2146,2
6.0713,2.5217,3
1.3468,1.3596,2
2.2423,1.0923,1
0.95667,1.5706,2
-1.1183,1.1393,3
-0.3331,-4.3278,3
5.7835,1.5279,2
1.6967,-0.48675,2
0.097623,1.7383,2
-1.0504,-3.3821,2
-1.7807,-0.82805,2
1.5221,-2.8416,2
-1.2975,-0.70385,2
-5.3376,2.6974,2
-3.5364,-4.7248,2
-1.4762,-2.667,2
2.7954,1.7974,2
0.99651,0.52903,2
1.2665,0.90083,2
0.0031001,-4.2027,2
-0.81675,-3.3078,2
0.7944,-0.95824,2
0.29271,2.1405,2
1.7192,3.8904,2
1.1414,-0.71527,2
0.2817,3.948,2
1.3803,-1.1012,2
-1.2067,-0.070763,2
-2.2773,4.0101,2
2.4139,1.0374,2
4.0163,0.74728,2
1.189,2.482,2
1.515,-0.067722,2
0.51001,-0.2827,2
0.77347,0.43401,2
2.1853,-1.7647,2
-0.66778,-1.1547,2
0.17372,3.3372,2
3.1335,4.0228,2
2.6563,-0.08707,2
2.626,3.6155,2
0.1241,-0.13809,2
-3.5136,-2.0442,1
0.37461,0.92331,2
1.4021,0.92888,2
4.1537,2.4928,3
-0.77693,1.3044,2
-1.4733,-2.1879,3
-5.2259,-3.514,3
0.31005,-3.0367,2
2.1541,-0.72104,2
-0.30729,-0.88538,3
0.84057,-0.20479,3
-4.5692,-2.0434,2
2.2945,0.081883,2
-0.19525,1.419,3
4.2524,-1.3292,2
0.25122,0.36061,1
-3.3533,0.96632,2
1.8021,-3.3009,2
0.83313,-1.9255,2
-1.0239,-0.74133,1
3.8914,-1.3839,2
-0.54399,1.4625,1
0.84463,-0.38907,2
1.1764,1.3585,2
0.17533,-1.8987,2
-2.9398,-0.38918,2
1.3898,-1.9875,3
-3.5013,-4.2255,2
0.54485,1.9694,2
-1.5176,-2.377,2
2.0949,3.2893,3
1.842,-1.9076,2
-0.68845,-0.55535,2
-0.17306,-2.1141,2
-0.82238,-1.561,2
0.40559,0.24277,2
0.75757,-0.22689,1
0.25317,-0.8156,2
-2.563,-3.0653,2
-0.93776,-0.75681,2
0.9496,2.7232,1
0.69054,-1.1036,3
1.5883,0.98899,3
-2.7231,-2.1454,2
2.9634,0.29465,2
-0.4878,-1.3636,2
0.85383,-3.0719,2
-0.62584,0.65848,2
3.7262,-0.029914,2
-1.9598,0.18027,2
0.98114,1.3218,1
-0.63781,0.66996,2
0.13751,0.84261,2
-1.6172,-0.70774,2
0.82402,-1.1069,2
1.3048,-2.6412,2
-0.80737,-1.263,2
1.2462,1.7145,2
0.99632,0.18896,2
-0.34797,0.50422,3
1.347,-0.19433,2
0.3968,-1.3775,2
0.81402,-0.10982,3
-2.2833,-0.61841,2
3.0314,-0.24805,2
-0.50227,-3.1559,3
3.1436,-3.3811,2
2.969,-1.1309,2
-0.29424,1.6901,2
-0.34125,2.1688,2
-0.86903,2.8397,2
2.8145,0.0032233,2
4.125,3.9337,2
0.34249,-2.7985,2
-3.3521,-1.2546,2
-1.177,0.67091,2
0.45173,-2.6093,2
-0.35494,-0.71743,2
-1.0471,0.66986,2
1.33,1.9112,2
2.5323,0.85398,2
-2.4601,-0.58115,2
-2.3758,-1.9713,2
1.7833,-1.9476,2
-2.4153,0.59534,2
-1.4274,0.2182,3
0.22439,0.34109,2
-2.0718,1.9821,2
2.0537,-3.6934,2
2.9516,2.5987,2
3.0926,3.5955,2
-4.3502,-4.7575,2
0.75839,-1.6144,2
-0.11676,1.849,1
1.1507,0.72013,2
4.5516,3.5229,2
2.7003,-0.076558,2
0.94483,-2.4284,2
-0.69974,-5.1452,2
-1.6625,0.26093,2
1.1619,1.7657,2
1.0854,-2.1581,2
-1.1126,-0.79542,2
5.7602,6.493,2
1.0845,-1.3252,3
-0.030811,2.3164,1
-1.321,2.9207,2
0.16357,-0.0083185,2
1.5068,-0.98942,2
0.707,-1.3246,2
1.9034,-1.0267,3
4.0636,4.2933,3
1.53,1.3579,2
-0.95264,1.0989,2
0.26715,-3.1279,3
1.6877,1.4051,2
4.548,5.5737,3
-2.9705,1.8077,1
1.0911,1.8501,2
1.694,1.1479,2
-1.6499,1.2767,2
-0.13433,-2.3614,1
0.95686,-0.7024,2
-0.32261,-0.69268,2
1.8755,1.8302,2
2.2753,-1.8991,2
-4.1095,-1.0794,2
3.3167,1.3948,3
0.13228,0.76224,1
1.5388,1.4468,2
0.44804,-0.50882,2
-2.2691,3.3431,2
4.2951,0.061882,2
0.49952,-2.4884,2
-3.7866,-0.19873,2
-5.1623,-0.17681,2
-4.7857,-2.3154,2
3.6725,-1.4709,2
2.0352,2.1962,2
3.132,-0.23314,1
-2.38,1.2669,1
1.913,0.17545,2
-1.9359,1.1037,2
-5.0368,0.46795,2
1.8301,1.1554,2
-1.5116,-2.4634,2
-2.7528,-0.8496,2
-3.0928,-2.6761,1
1.0082,1.9443,2
-0.21376,-0.52687,1
4.027,0.95053,2
1.1679,2.3822,2
-0.62067,-0.91107,2
-0.44682,-1.8971,2
0.78552,0.20867,2
1.1487,1.8993,2
-3.1837,0.11813,2
-1.5658,2.844,3
-3.5708,-1.609,2
0.050499,-1.136,2
3.0212,0.84413,2
4.4178,1.8296,2
3.4722,1.7682,3
3.5327,5.5743,2
0.89027,-3.2002,3
-1.7714,-4.9656,2
-0.70659,1.0727,2
0.34582,1.1809,2
-3.3013,-1.3836,2
4.551,0.095815,2
2.2056,2.1103,3
1.6243,-0.98568,2
-2.9016,1.1968,2
7.4728,3.8578,3
-5.3337,0.059057,1
1.1179,-2.7184,2
1.728,4.3187,2
-1.2655,1.8739,2
-2.1682,-1.7778,2
2.5947,-2.923,2
-2.1616,0.53768,2
-0.66223,-1.7483,2
5.2033,2.0905,2
0.5771,0.31844,1
0.23931,-1.1569,2
-6.0143,-2.5535,2
-3.3241,-2.4971,2
0.66391,1.9859,2
-1.3911,0.6857,3
-2.889,0.80641,2
3.6294,-0.13429,2
-1.2685,-1.1847,2
-2.0749,-0.74098,2
0.46874,-1.8811,2
1.4227,3.7304,3
2.6224,-2.8165,2
0.062796,4.3194,2
-2.0182,-0.20481,2
-1.8741,-1.6867,2
0.60486,-1.1619,2
-0.51175,0.23901,2
0.53062,1.5427,2
1.1812,-0.55538,2
-0.21046,-0.28477,2
1.564,-2.0757,3
-1.0167,0.9664,2
0.95253,-1.1432,2
0.95094,2.1375,2
-0.52771,3.8622,2
-1.2618,-0.5936,2
1.9707,3.009,2
1.9519,0.087146,2
4.338,1.7666,2
1.0494,2.8797,2
0.28877,-2.5013,2
3.7733,1.0678,2
-2.6828,-2.3892,2
-1.5008,0.90552,2
-0.25137,-1.3052,2
4.1415,0.93556,2
-2.8431,4.2387,2
0.85945,2.1643,2
2.4284,-1.0869,2
1.6889,5.2115,2
-0.80525,1.059,2
-0.94947,-0.65807,2
2.4938,3.8766,2
0.0037695,0.90087,3
-2.6556,-0.99407,1
-3.1042,-3.6044,2
-2.9513,1.0927,1
1.702,0.17058,2
2.0551,0.16689,2
-1.1708,0.0025394,2
2.0528,4.2111,3
-2.6992,-5.0715,2
-4.3556,-4.4208,2
-1.3482,3.104,2
1.3831,-0.8676,2
-0.10724,-0.052134,2
0.42935,-0.80134,2
1.5526,-0.96352,2
1.3985,-0.33652,2
0.39422,0.78744,2
0.10863,-2.5192,2
1.4562,2.5203,2
-3.2426,-0.84401,2
0.36916,-0.42973,1
-0.91519,-4.4472,2
0.44949,-0.69095,2
-3.2047,0.022113,2
0.8477,1.0195,2
-1.556,2.3313,2
-1.3095,4.1177,1
0.34812,3.2421,2
-0.6228,-0.46941,2
-0.32356,-1.2369,2
-0.90805,-4.3817,2
6.3899,0.12571,2
-2.0942,-0.57037,2
-1.1498,0.16311,2
1.4803,-1.0018,2
-0.44238,-2.9121,2
-1.7806,-2.6477,2
-0.78282,2.5669,2
3.2974,2.476,2
-3.0199,-1.4601,2
-2.0415,-0.97577,2
-0.7618,-1.7905,2
-0.80111,-0.58539,2
5.1014,1.3186,3
-0.38252,-0.53981,2
1.0166,-1.8405,1
-5.1886,2.3239,2
3.0435,3.0811,2
-2.8766,-3.1652,2
-0.43649,2.0179,2
-0.34544,-2.3997,2
0.17615,1.0494,1
-3.0546,-1.0182,2
1.8106,0.37757,2
-1.1082,-0.13555,2
-0.60436,-3.3071,1
6.8444,0.70052,3
2.2495,-0.094698,2
1.4578,5.2737,2
-2.9772,-1.3229,2
2.1669,1.9403,3
-3.1014,0.77894,2
-1.3602,-0.8409,2
-3.7904,0.74739,2
0.99429,-0.50071,2
-0.72022,-4.6838,2
-0.61859,-1.2143,1
-0.25941,-2.0325,2
-1.9314,-6.3313,2
2.4338,2.2357,2
-2.5434,-1.8356,2
2.5586,2.3907,2
0.76161,-3.6044,3
0.57181,1.9495,2
-0.0083837,3.4089,2
-1.282,-3.1632,3
-2.0932,-0.071215,2
-3.4207,0.11098,1
0.13632,-5.9926,1
2.057,2.1769,2
-0.78967,2.1928,3
4.1812,1.9575,2
-2.0344,-8.4474,2
-1.5199,-0.18459,2
1.1935,0.062521,3
0.32123,-0.80412,2
-2.2573,-4.0348,1
-0.30903,2.2318,1
-0.014757,-1.4166,2
1.9218,1.0924,2
-1.6352,-0.78273,2
0.72468,-1.9703,1
4.5169,0.1236,2
-1.8953,-3.9015,2
-2.419,-2.3361,2
4.9844,-0.61101,2
0.16099,1.149,2
0.75893,0.53709,2
0.51288,-1.2509,2
2.2205,0.58038,2
-4.0692,-1.6408,2
-0.64605,0.85301,3
0.52824,2.3756,1
-0.51828,1.0427,2
-0.082253,-1.5668,2
3.3429,-3.2022,2
1.7673,4.0374,2
1.0575,0.66422,3
-1.7398,-2.5477,2
-2.8903,-1.2894,2
0.40232,-0.70137,2
-5.1936,-2.2603,2
2.4141,1.2542,3
-0.81305,-2.5875,2
-1.7269,-0.91096,2
-3.7307,-4.9302,3
4.638,1.6695,3
2.1294,-1.0678,2
-5.0584,0.63387,2
0.050409,-2.9317,2
-2.8683,-3.7201,1
-1.1437,-1.5932,2
0.77416,0.094841,2
-2.5503,1.1483,2
-3.2567,0.39423,2
-1.8026,-0.75518,2
-1.7651,0.49178,2
-1.9611,1.2781,2
0.96849,-3.3456,2
1.1353,0.85517,2
1.0226,0.88772,2
0.63723,0.4586,2
5.5705,0.34354,2
-0.68543,-0.13502,2
-2.1114,-2.9948,1
1.8089,3.2276,3
0.14289,-0.73062,3
-0.44088,-2.9945,2
2.3598,2.1602,2
-2.0438,0.86796,2
0.72966,-6.2631,1
-0.69086,0.35115,2
3.4664,2.161,2
-1.2696,-0.62437,2
0.41405,-5.2544,2
0.26299,-1.508,2
-1.3241,0.32068,2
-1.1657,3.4543,2
-1.6925,3.7789,2
-1.4737,1.2249,2
1.4506,1.9031,2
5.7875,3.009,3
2.5378,-2.0318,2
0.48318,-2.2147,2
3.1928,-1.5734,2
-3.6994,-3.2472,1
4.3131,0.31382,3
-4.1938,2.3217,2
-0.23303,0.59135,2
-4.369,0.77311,2
1.3024,-2.4874,2
-1.8072,-3.3664,1
0.854,4.9983,1
1.608,1.8999,2
2.375,2.0119,2
1.4892,1.9322,3
0.13916,-2.7363,2
0.11297,-0.1873,2
-0.36262,0.85125,2
-2.1485,-0.37924,2
2.4479,5.5684,3
-4.138,-0.69728,2
1.0564,-1.6567,2
-5.7576,-3.4985,2
1.9578,-2.8863,1
2.9513,-0.37056,2
-5.0253,-2.845,2
-1.2285,0.88313,2
1.9177,-0.54933,3
-2.3068,-3.3381,2
1.8368,2.1722,2
-0.69326,2.2917,2
-0.089044,0.49192,1
-3.598,0.094595,2
-0.047729,0.081928,2
0.14069,2.4494,2
2.7482,2.1075,2
0.85634,-3.4186,2
-1.2474,0.122,2
-2.6903,-1.07,2
-1.0572,0.31384,3
5.7063,-0.31737,3
-3.7741,0.5076,2
-0.61869,-3.523,2
1.676,-2.7572,2
0.5761,-2.6676,2
-1.6172,-1.2388,2
-0.86563,-1.408,2
1.3778,-0.15759,2
1.7662,3.7855,3
-2.2019,-0.18622,2
-3.7818,-1.5281,2
-0.77295,2.6651,2
-2.2841,2.1774,2
-2.4378,-1.4319,1
-1.4775,-1.895,2
-1.5508,6.0365,2
-2.0121,-3.6285,1
3.6804,0.37748,2
-3.8002,-1.7521,2
-4.1084,-1.1649,2
-0.27135,2.348,2
-2.0639,-1.8465,2
0.39997,0.19359,1
1.2991,1.5883,2
-0.90643,-2.9881,1
-1.7891,1.5543,2
-2.7975,-0.54837,3
-0.21482,2.1891,2
1.9051,-0.13476,1
0.24035,-0.27205,1
4.0714,3.4869,1
3.2225,2.2951,2
0.45238,1.0693,2
1.2206,0.7703,2
4.8103,2.8553,2
-0.027425,-1.0979,2
-0.33521,-0.16422,2
0.22279,1.1934,2
1.6994,4.6681,2
4.145,-0.55062,2
-2.6588,-2.6118,1
3.5172,1.0666,2
-1.3173,-2.3302,2
0.25125,-0.31399,2
-1.8714,0.786,2
-0.00022946,0.64884,2
0.47558,5.6067,2
0.76711,-1.0996,2
2.7761,0.76738,2
-1.8218,-1.457,3
1.6876,1.3557,3
-2.9584,2.2223,2
1.1293,-1.459,2
-4.2295,3.6097,3
-0.90954,-1.6851,1
4.9184,2.1866,2
-1.573,-4.6754,2
-0.96932,0.68956,2
1.4911,1.117,2
2.0412,3.3905,3
-1.518,-3.4001,2
2.0795,-0.95668,2
-1.3014,-0.1517,2
-1.5015,1.3534,2
-2.0646,-2.9889,2
0.46854,-1.173,2
0.96437,2.6842,2
1.6931,-1.5031,2
0.81652,-1.1594,3
1.9687,0.5326,2
4.2213,0.78444,2
-2.3706,0.56243,2
1.1918,-4.0174,2
0.44643,0.041119,2
-1.5289,-1.7881,2
-0.99553,-1.4652,2
-2.4789,3.8156,1
0.87035,5.4182,2
-0.084334,2.0701,2
-0.038386,3.8328,2
-0.46143,1.8451,2
2.4898,-1.363,2
2.4502,0.10669,2
0.99689,-1.5114,2
-4.8743,0.59572,2
0.37932,-0.62114,2
-3.1812,-5.5513,2
-0.24263,0.76943,2
2.3961,-0.1705,2
-1.6315,-0.40329,1
-1.6326,0.66537,2
-2.4997,-5.0761,2
-0.073131,-0.6163,2
-0.28511,0.66001,2
-1.3551,4.172,3
-0.70685,-0.056817,2
-2.1661,1.0365,2
4.1315,1.3535,2
2.6363,0.51808,2
0.34951,1.9917,2
2.538,3.4091,2
-0.82436,0.28031,2
-7.1732,-3.4224,1
-1.7965,1.8233,2
0.081334,1.4663,2
-1.7873,0.16893,1
3.4088,-1.3474,2
-1.2924,-2.9106,2
-0.89368,-1.4724,2
-2.4851,0.75838,2
-3.3599,-1.0765,2
1.4004,1.6802,2
-0.089871,0.79639,2
6.1005,-3.5817,2
-1.9924,2.467,2
-2.4643,0.51734,2
-1.0999,1.0191,2
-1.5169,-3.1224,2
0.33993,1.3181,2
-0.29137,1.8791,2
-1.1571,0.59887,2
0.25053,1.4813,2
-2.2129,0.14843,2
3.118,-1.4694,2
-1.0227,-2.3284,1
-1.9874,-2.6736,2
-0.20234,0.29937,2
-4.8369,-1.6991,2
-1.1076,1.7846,2
2.977,3.6315,2
-0.38572,-3.8359,1
0.20394,-2.3187,2
1.0859,1.3654,2
-3.1401,-0.83829,2
0.74483,-3.1142,2
-1.7969,-1.7005,2
-1.0068,0.66649,2
3.3235,1.5983,3
-1.0732,1.4583,2
3.8493,0.37099,2
3.6932,2.585,2
1.6267,1.2005,2
-1.1044,-0.7125,2
-2.7006,-1.6484,3
0.82462,1.1684,2
-0.4597,3.7262,2
3.251,1.5109,2
1.0954,0.62346,2
3.5896,2.0749,2
-0.4566,-1.5263,2
2.2291,3.0339,2
-3.3161,-0.36157,1
-0.09425,3.882,1
-1.3176,-0.42142,2
1.7928,-1.1014,3
-5.1175,0.27232,2
-0.97095,2.699,2
0.50921,1.4519,2
-0.70663,0.28172,1
0.53007,-0.48557,2
-1.5117,0.20855,2
1.2112,4.7794,2
1.4893,-0.44481,2
3.9222,2.3955,3
0.70809,1.8895,2
-0.45842,1.0022,2
1.8831,0.40597,2
1.1023,6.2832,3
-1.371,0.63003,2
-1.8062,-0.4741,2
0.28487,1.0693,3
1.7003,-4.1004,1
-3.9196,-1.3368,2
1.8936,-1.8095,2
-1.3758,-1.6749,2
1.7073,-0.21233,2
-3.1274,0.094611,2
4.1724,-2.933,3
1.495,-1.98,2
5.3075,3.327,2
0.43372,-2.8904,2
2.9626,-0.64917,2
0.21174,0.99139,2
-0.64115,-1.1057,2
-0.57165,1.8306,2
-0.59549,3.169,2
-0.26766,-1.4381,3
0.39158,-3.6566,2
-4.4829,-2.1538,2
1.1913,1.5625,2
2.4065,1.7537,2
1.5406,2.7379,2
-1.9959,0.68421,1
2.3752,-0.14502,2
-1.1923,-0.31287,2
-0.98353,0.87097,2
-0.60472,-1.6014,2
-0.4893,-0.091072,2
2.2423,1.7198,2
-1.7535,-1.4733,2
-5.9591,-3.0458,1
-1.4134,-1.9015,2
1.5494,-0.11781,2
-1.8794,4.0049,2
1.4659,3.1661,2
-0.54553,-2.5004,2
-0.16367,4.5426,2
1.868,1.098,2
0.35575,0.82295,2
0.39708,-1.3679,2
0.63985,-0.16707,2
0.61024,0.14346,2
3.0776,0.32663,3
0.018794,-3.0146,2
-0.69597,-0.26052,1
3.8126,0.43242,2
0.3096,0.5631,2
-2.0293,-0.13571,1
1.9161,1.5752,2
-1.2647,-2.371,3
1.9041,0.045872,3
-1.827,3.2378,3
1.4271,0.27708,3
-0.10629,-2.9631,2
-1.8193,0.069826,2
1.3205,-0.9576,2
0.16988,-2.9759,1
-4.0886,2.1718,1
0.30456,1.9811,2
-4.9964,-2.3104,2
0.17431,0.75663,2
3.2267,-0.62915,2
-2.4374,0.86061,2
0.7601,-2.0746,2
-1.3264,0.75289,2
-1.445,-0.75861,3
0.24794,-0.77014,1
2.0564,1.7402,3
3.4196,1.7804,2
0.76354,-2.4068,2
-0.88182,1.0129,2
-0.37949,1.5063,2
-2.0183,-2.253,2
-5.0013,1.3532,2
2.7019,0.36666,2
-0.67062,-4.1836,2
2.036,-1.2109,2
0.085391,-0.56793,3
-0.69019,-2.0383,1
0.24047,-0.48223,2
3.4133,-0.4486,2
-1.0128,-1.9228,3
-4.9357,-2.472,2
0.96949,0.026871,3
-0.1272,-2.6934,2
0.37838,1.2333,1
-0.85831,-1.095,1
-0.18878,2.1092,2
-0.059889,3.8798,2
1.0787,-4.4314,1
0.50331,0.69674,2
-4.0277,-1.4585,1
-2.4096,0.61369,3
1.0809,2.9356,2
-0.13278,1.352,2
3.7225,5.5361,3
1.6265,-1.3436,2
-2.8862,-1.1251,2
-4.1732,1.9626,2
-3.9575,2.6673,2
1.2436,1.9112,2
-1.9154,-0.94557,2
-0.34926,-0.79232,3
1.9511,-2.4207,2
-3.2634,0.42947,1
-3.1852,-2.1851,1
-1.2098,0.95129,2
-1.5551,-3.2811,2
-3.8272,-2.2388,2
0.59804,1.5715,2
-1.481,-1.9671,2
2.7781,3.209,1
0.79449,-2.571,2
0.73478,-1.6529,2
3.8415,0.65585,2
2.2556,0.82813,3
2.4626,-0.053981,2
1.3865,4.9026,2
-2.3331,0.97735,2
3.315,-0.22132,3
-1.8994,-0.31593,2
0.40195,-2.4351,2
1.6097,0.8415,2
0.23943,-1.2184,2
-3.2192,-0.19079,2
0.43435,2.7848,2
2.0306,0.65922,2
2.1379,-2.0704,2
1.3537,3.5972,3
2.1578,2.7573,2
-1.4672,-4.4934,1
3.5441,3.5783,2
2.0653,0.98667,2
-2.5051,0.98896,2
-0.94324,-1.0161,2
-6.2817,-4.4191,1
-0.84866,2.3249,2
0.32093,1.0472,2
3.6298,1.7784,2
0.2476,0.17649,2
-0.84909,-2.8896,2
0.17345,-3.8719,2
0.06898,0.70113,2
-2.3372,-2.4341,2
1.1305,3.1189,2
-0.18423,-1.1791,2
1.2311,2.1694,3
-4.8522,2.0478,1
-4.6929,-0.58153,1
-3.8163,-3.6015,1
4.642,-2.0002,2
-2.5434,-3.0243,2
0.67169,2.1974,3
1.7291,3.0074,2
-3.0066,-5.5439,2
2.1081,2.1987,2
-3.6854,-3.7911,2
1.0625,-4.3517,2
2.8554,2.9841,3
-0.57303,1.1741,3
-2.4895,-0.59439,2
-1.0571,0.46445,1
-4.0064,-0.80229,2
-3.3659,-3.0919,1
-2.0168,2.1993,2
-1.765,-0.090307,2
1.9322,-1.1854,2
0.35713,-0.62344,2
0.91578,-2.6499,2
0.13072,3.1616,3
2.1576,1.6105,2
0.070633,-0.56992,2
0.18264,2.684,2
4.5278,1.2766,2
-2.5188,-0.62379,2
0.88445,-2.7909,1
2.5845,-2.0357,2
-3.7767,-3.0655,1
0.89824,-3.2502,2
0.58816,1.6477,2
-1.4938,4.202,2
0.48938,2.3831,3
-1.3469,-1.26,2
0.025083,0.33492,2
-2.4693,1.2289,2
-0.76635,4.1651,2
-2.3215,3.0483,2
-4.8626,-3.2966,2
-3.5668,-3.2145,2
-0.9374,1.8853,2
0.90326,-4.6096,2
-2.1616,-0.59311,2
1.247,2.872,2
1.3234,-0.66673,3
4.7983,2.898,2
-0.83378,1.703,2
-2.6383,-2.2847,2
-1.5083,-1.0285,2
0.72338,-0.7263,3
-3.0823,-0.49777,2
-0.80523,-1.3416,3
-2.4205,2.7937,2
5.5762,0.083134,3
0.728,3.3363,2
1.8775,3.4361,2
0.87255,0.89388,2
-0.25975,0.96056,2
-0.83385,-1.2702,2
-5.9372,-2.5898,1
-0.99474,0.78526,1
-3.9546,-1.2974,2
-0.42081,1.5626,2
2.1706,-1.6472,2
-0.015169,-3.3723,2
2.4183,1.1182,2
1.2953,-1.5472,2
4.4399,1.103,2
0.030002,0.5974,1
-0.9856,-0.25666,2
1.3242,-1.5151,3
-1.8912,1.9783,2
0.57459,-2.9655,3
-1.1253,5.0501,2
-4.3194,-7.0649,2
2.678,5.3847,2
0.28731,-0.57284,2
-3.7649,-3.8578,1
-2.1615,-5.2163,2
2.6379,0.028294,2
-1.6017,1.497,2
-0.22308,0.76704,2
-0.98668,-3.7641,2
1.2152,-0.065549,2
2.5018,0.74324,2
3.7952,1.0639,1
-1.291,5.2297,2
0.25997,0.21175,2
-0.48297,0.15445,2
0.14551,-1.5381,2
-1.1576,-1.0303,2
-0.032478,-0.13997,2
-1.4769,-2.5826,2
-1.7631,-5.7052,1
-4.2818,-0.25244,2
1.5239,-0.081507,2
-2.2537,-1.7181,2
-0.5652,-1.6396,2
-0.31968,-0.21146,2
-0.95217,-2.1435,2
0.98316,-2.9664,2
-3.2686,-4.577,2
0.86603,-0.34495,2
-0.59708,-2.3859,2
0.00011412,2.2865,3
-2.4314,1.3556,2
-0.66913,-0.54808,2
1.9908,2.3209,3
-0.17256,0.66286,1
-0.74008,-0.306,2
-0.62402,-0.38541,2
2.2958,2.0085,3
0.56985,-2.5329,2
3.1027,0.66036,2
-0.91645,1.3054,2
1.0925,2.3316,2
-0.4039,2.1918,2
-0.28499,-2.2865,2
-3.6316,-3.1718,2
-1.4014,-1.2342,2
2.2795,1.2663,3
-1.1134,-1.5069,2
4.8326,2.2113,2
0.89288,4.5564,2
1.969,0.65891,2
-0.14292,2.6902,2
0.9261,3.5473,2
-2.879,-1.0632,2
-1.3349,-0.66074,2
-3.429,-3.8441,2
-2.4772,0.74374,1
0.22205,-0.31719,2
3.5823,3.4756,2
1.7579,1.4193,1
1.0795,-2.529,1
-4.9756,0.80793,2
0.98528,1.2208,2
-2.4116,1.3301,2
0.8665,1.5249,2
-0.71016,0.27657,2
-4.252,0.23669,2
4.1398,0.14621,2
3.0416,2.8059,2
-1.7835,0.15342,2
0.45386,3.0162,2
-1.9656,3.2934,2
1.3142,0.19653,2
-2.8561,0.99864,2
-1.7046,0.33275,2
-1.3121,0.45802,1
0.87514,-0.37199,2
2.5841,-0.008584,3
2.6656,-0.95857,3
-0.83516,2.9301,2
0.27547,-0.31519,2
-0.020612,1.5059,2
1.1038,-0.92672,2
1.3497,-0.98623,2
-1.8753,-2.2255,2
-0.65491,3.3378,2
2.0925,4.6821,2
3.5111,-0.47657,2
1.9756,1.5599,3
-1.8044,2.625,2
3.537,0.19678,2
1.6771,-0.41447,2
-2.3398,-1.2085,2
0.89726,2.3,2
-3.7513,0.87273,2
1.2161,-0.065157,2
1.0537,-0.7774,2
-1.5377,-4.9268,1
-2.3488,2.3348,3
1.4569,2.0547,2
-2.0692,-1.0533,2
1.6623,1.4588,2
1.9862,-3.444,1
3.1614,0.46765,3
-1.6945,-1.7196,2
0.85137,-2.0789,2
-0.75276,2.0985,3
-4.2367,-1.3239,3
-0.71422,1.0871,2
-2.186,-1.1697,2
2.8305,-2.7569,2
-0.19073,-1.2211,1
-3.3095,-0.32005,2
-0.25114,3.7065,2
0.85594,-1.2732,2
-9.0351,-2.6237,1
-1.1893,1.433,2
0.72314,-2.0475,2
-0.61594,-2.8764,1
-3.2446,4.1195,3
-0.86786,-3.2352,2
-0.88531,2.5604,2
0.7001,2.6227,2
-1.9758,-1.1009,2
-1.9331,-2.8374,2
-0.14365,0.91953,2
2.2211,0.61607,2
-1.6543,-1.0224,1
2.1166,1.0789,2
-1.5592,-2.0512,2
-3.628,0.61825,2
3.2942,-0.73061,3
2.7399,1.9864,2
-0.57242,-0.89278,2
-1.8428,-2.6008,2
-1.6709,1.4143,2
1.9311,0.85891,2
-5.2502,0.86644,1
1.9901,-1.8323,2
-2.1872,1.7867,2
-5.8875,-0.5263,2
2.3142,0.83358,2
3.9988,3.436,3
-4.1431,-2.002,1
2.3826,1.5765,3
1.2143,4.7911,2
-1.4296,-3.6448,2
1.6321,1.1416,2
-4.4247,1.3442,2
1.3615,2.5971,3
2.1339,-1.1082,2
2.8769,5.1607,3
0.90304,-4.8319,1
4.4688,1.6462,2
0.020605,-0.64857,2
0.63193,0.30091,2
2.2098,-3.4369,2
0.54022,0.20162,2
2.4982,-1.8361,2
0.29037,-1.7473,2
1.6362,1.7344,1
2.9517,0.85091,2
-0.52883,1.4963,2
-1.8801,-5.0711,2
1.4131,-1.0973,2
-2.8622,-0.54156,2
-1.2745,-0.50538,2
-1.6103,0.49442,2
0.50669,-2.4032,2
-0.94931,-2.7316,1
1.284,-2.0301,2
0.43517,1.0869,2
1.8377,-2.4155,2
2.0096,-0.51512,2
-3.772,-2.6966,1
3.086,4.8874,2
-0.67116,-2.8275,2
2.8137,0.81379,2
-2.6589,-0.84301,2
-1.9527,-1.344,1
1.4522,0.46486,2
1.1381,-2.6312,2
-3.3212,-0.17043,1
-0.52747,-1.2697,2
1.229,-0.17714,2
0.51905,-1.5806,2
2.1853,1.1178,2
-1.4611,-7.6375,2
-0.42897,-1.0019,2
-0.99702,-1.1608,2
-3.5601,-1.7837,2
-1.031,-0.71228,2
-1.2318,-3.396,2
-2.9099,-2.6834,1
-3.5605,-1.8617,2
1.3609,2.873,2
-0.85261,-1.7934,1
2.0424,3.7398,2
-0.5299,-0.7384,1
-3.3237,3.7752,2
0.21573,-2.7743,2
1.7038,2.7568,2
1.1098,4.2989,2
0.63836,-2.9753,2
-4.2004,-1.1691,2
-1.099,1.9337,3
0.54616,2.3342,2
3.6143,-2.7736,1
2.5131,5.2598,3
1.1071,1.3364,2
-0.47,-0.69401,2
1.3017,0.5147,3
-3.0292,-3.762,1
2.8152,0.937,1
-2.2247,-0.52974,2
0.18621,0.99889,2
0.5241,3.4974,3
1.829,-1.9914,2
1.0927,-0.63571,2
-1.8029,-2.0394,2
-5.426,-3.4036,1
1.0115,-5.6754,2
1.736,-2.2719,2
-2.536,1.6388,2
-1.7704,0.5088,2
1.5623,-0.47941,2
-2.1195,-0.36489,2
-1.0732,0.98978,2
-2.1607,-4.6321,2
-1.9472,-3.1451,2
-1.0886,-2.0606,2
-3.1138,-0.52957,1
1.4155,2.798,2
-5.7347,-3.6115,1
2.059,-1.0443,2
1.8413,4.0875,3
-2.6587,-1.1883,2
0.47181,1.1437,3
2.5078,2.2658,2
0.033726,-3.2888,2
2.4711,0.20104,3
0.71865,4.486,2
0.96138,-2.6961,2
-4.473,-4.3467,2
-2.0103,-0.66731,2
-2.9015,-2.5996,2
-1.3145,-1.6245,2
4.7453,3.6914,2
2.3591,-2.3791,1
1.8267,0.14269,2
5.2173,1.648,2
-0.31658,0.8366,2
-0.78394,1.4636,2
2.3831,-1.7988,2
-0.43217,4.2716,2
-4.8601,-4.22,2
2.1047,0.42791,3
-2.3747,1.4237,2
-3.2129,-0.00030833,2
3.0811,-2.2442,2
1.6109,0.4672,2
-0.22667,-0.0341,2
0.3067,0.56136,2
-0.61233,-0.76785,3
-0.96171,1.0459,2
0.052862,-2.3896,1
1.3893,4.1594,2
2.1062,-0.058309,2
-2.1299,0.34793,3
0.95349,-0.30825,2
3.1358,-2.4127,2
-1.94,0.32254,1
-1.5368,-1.5571,2
-1.1252,1.345,2
-4.2376,1.3168,2
1.9216,1.0259,2
-1.0316,-0.53745,2
-1.5109,-0.96167,1
-1.3544,5.2619,2
0.69551,2.9755,3
-4.9696,-3.9819,2
2.2601,1.5196,2
2.3041,4.2722,2
-1.9582,-4.9664,2
-1.009,3.1623,2
-3.6195,2.1819,2
2.4028,-0.49254,2
1.7336,0.076179,2
0.84877,1.1966,2
0.1793,-1.0221,2
1.282,3.3911,3
-0.50349,2.3537,2
-0.37888,3.3194,2
2.6443,4.7036,2
-0.43684,2.2959,2
-0.22516,0.075113,2
-0.56364,-0.88569,2
-0.28487,-3.069,2
2.5682,0.47312,2
-2.3017,-0.68248,2
-3.3818,-3.3063,2
-1.0403,-0.89249,2
-2.0432,-1.5084,2
-2.7837,0.84899,2
-0.95224,-2.6746,1
1.1521,-1.1463,3
2.9761,1.2764,1
1.0343,-0.66378,2
0.35616,0.75508,2
-0.47882,-0.74187,2
1.8477,1.1975,2
1.2965,-0.62996,1
0.40767,4.0348,2
2.8258,0.32738,2
-2.107,-1.8754,2
2.2021,-3.2779,2
1.5426,0.85885,2
-1.2531,-0.56709,2
1.7149,0.3914,2
2.8143,0.1529,3
0.065761,0.76869,1
2.4297,-1.2741,2
-0.005764,1.8906,2
-2.3466,-0.88106,2
3.9775,-0.61848,3
2.3775,0.10314,2
-1.2237,-3.1816,2
0.41272,-0.29413,2
-1.6774,-0.21091,2
-3.0731,-0.43044,2
0.13428,1.9504,2
0.34634,2.1896,2
-3.6155,-0.44154,1
-0.56519,0.42419,3
-0.65105,-2.9882,2
-0.34915,-0.45002,2
0.96207,1.4839,1
-0.69561,-0.54176,2
0.68655,1.3707,2
1.4791,0.51118,2
-0.072862,-0.76622,2
-3.3986,-1.3245,2
0.66495,2.5688,2
1.125,3.5555,2
-2.3029,3.2061,1
0.72109,-2.051,2
-0.65174,-1.1917,2
1.1879,1.5836,2
-1.0249,1.3479,2
0.80748,2.9563,2
1.0413,-1.3623,2
2.9649,1.8784,2
-4.039,0.49841,2
-1.4779,-3.2531,1
0.75122,4.0655,3
3.0042,-1.4281,2
-2.1723,-2.2166,2
-2.2174,-2.1959,2
-0.41006,2.9082,3
-3.0072,2.1039,2
1.449,-0.078577,2
-1.9069,-1.8899,2
1.6952,4.0011,2
1.8465,2.6076,2
-1.2636,2.527,2
3.0214,-1.0221,2
1.6537,2.821,3
-0.63589,1.4874,2
-2.8506,-5.0915,2
-2.4699,-2.2073,2
-1.2997,-2.0219,2
1.1191,1.6027,2
0.89267,4.7098,2
-0.70648,2.8185,1
0.2091,-5.5319,1
0.32621,1.4168,2
-0.96185,-3.5007,2
1.4307,3.9502,2
0.85825,-0.3125,2
-2.7073,-1.2254,2
-0.63777,-3.6679,2
4.5108,1.4271,2
-0.03312,-0.89242,2
0.59262,-2.4942,2
1.5975,-3.2316,2
1.1534,1.0288,3
-1.3957,0.76584,1
1.0973,-1.5522,1
-0.76159,0.26916,2
1.297,1.7694,2
-4.3934,1.5054,2
-0.035675,0.37519,2
-4.7578,-3.2669,2
-1.4287,-0.6161,2
-3.8576,-1.3731,2
3.533,-3.9781,2
-1.9515,2.6408,1
-0.72625,2.1401,2
-1.2691,-2.9605,2
1.5971,2.0263,2
1.1312,-0.024532,2
-2.6439,-3.4367,2
-3.8871,1.1135,2
-4.4935,-2.7032,2
-2.3004,-3.2928,2
-0.88218,-0.1405,2
3.5149,2.2524,3
-0.66241,-1.8602,2
-2.8785,1.369,2
2.6817,-1.3712,1
1.2894,-1.9377,2
2.1642,2.4459,2
0.44622,5.9763,2
-1.5591,0.2728,2
0.94869,0.9055,2
-1.5632,0.65841,2
3.8337,2.7495,2
-5.5656,0.50863,2
2.1764,-1.6999,3
-3.1648,0.34722,2
-0.5144,2.3532,2
-2.4352,0.63004,2
-1.8812,3.3921,2
-0.82847,2.8259,3
-1.779,-3.1461,2
1.1369,1.4734,2
-0.37887,2.1263,2
-6.4737,-0.88919,2
-3.0934,2.1336,2
1.6515,-1.3552,2
-3.7778,4.812,2
1.7347,-3.0102,2
-0.2998,2.6113,2
3.8991,-0.35304,2
1.0016,0.75276,2
2.3213,-1.84,3
3.211,2.5171,3
-0.47426,0.2425,2
-2.5057,3.0667,2
1.1281,0.53712,2
-1.7229,-0.077526,3
-0.96758,3.663,2
-0.613,-2.9922,2
-2.482,2.8221,2
0.26058,-1.1274,2
-1.6394,-0.79335,2
-1.2597,-1.3106,2
0.26519,0.2319,2
-0.084361,1.9273,2
-2.6509,-3.2812,2
2.9084,0.89696,2
2.6101,-0.71933,1
0.59729,3.8849,3
1.2421,1.2012,2
0.21935,3.6264,2
2.884,1.6376,3
-2.9796,-2.5141,1
0.82851,1.566,2
-2.305,-2.3542,2
-1.9965,1.5271,2
0.76136,1.7347,2
-3.2397,2.1206,1
0.98659,-0.34375,2
0.21458,-0.15417,2
-1.0932,-0.81809,2
-1.6205,-3.6875,2
-4.5147,-1.9136,1
-4.0746,-5.4698,1
-2.5114,0.91975,2
1.5046,0.2831,2
0.64825,-0.83257,2
0.86506,-1.1531,2
-1.9026,-1.2247,2
0.88047,0.28387,2
2.5409,-0.43267,1
1.7505,-3.0867,2
-0.8581,-3.182,2
-2.3211,-0.23907,1
2.1403,-0.76521,2
-3.9496,-6.0114,1
1.1206,2.1404,3
0.77458,0.75425,3
-6.681,-1.3706,2
-0.62182,-3.6826,1
0.21008,0.37811,2
2.1812,1.6991,2
-1.9798,-2.5877,2
1.0655,-1.2964,2
-1.0982,2.9689,2
0.35287,2.2296,2
-2.4907,-0.79818,1
1.5234,2.9548,2
-0.17203,0.91206,3
-0.74473,0.88548,3
0.31708,0.47376,1
-1.7128,-2.7251,3
0.47634,-2.1488,1
0.86277,1.9462,2
-0.60208,-1.6818,2
3.8801,2.2032,2
-1.0049,1.6347,2
0.33794,6.8271,2
1.0085,-1.0942,2
4.2484,-0.40535,2
0.87452,-0.79493,2
-1.2961,-6.2722,2
-2.9611,-3.1216,2
-1.495,0.77524,2
-2.4727,-4.4228,2
-3.1397,-3.325,2
1.2358,1.3242,2
-3.4669,-1.5221,2
4.5651,4.9952,2
0.71958,2.6842,2
-4.2099,0.58856,1
0.63294,-0.84392,3
0.71079,3.2773,2
-0.99023,-2.9743,2
0.50785,1.2158,2
0.75602,-1.4902,2
1.3775,0.78721,3
-1.4099,-0.67547,2
2.0271,3.2137,2
2.1522,2.702,2
-0.55177,2.7865,2
0.11125,0.047824,2
-2.6026,-1.6202,2
3.9714,-0.96711,2
3.0459,-0.39882,2
0.73375,-1.8361,2
0.0019096,-3.3322,2
2.2014,1.2374,2
5.4142,1.4849,2
3.2068,-1.6708,2
0.54453,2.9907,2
4.2979,0.47548,2
1.3964,3.9921,1
-1.0915,-1.5175,2
-0.77502,2.3089,2
3.0977,2.4413,1
1.949,-1.4704,2
-0.74359,2.4778,2
1.7663,0.42603,1
-1.4826,0.12712,2
-2.8263,-0.57404,2
2.4673,0.87477,2
-2.6958,-2.119,2
0.50371,4.8676,2
-0.96163,3.2094,2
1.6098,2.137,2
2.6992,2.8142,2
0.26212,-2.9229,1
-0.54876,-0.07244,3
0.16243,-3.357,2
0.8037,-1.9095,2
-2.1307,-0.86332,2
0.5206,-2.3085,2
0.41064,0.68906,2
2.1511,1.8176,2
-2.1815,-0.66774,2
-3.6496,-1.2776,1
-0.49963,-0.10908,2
-4.7621,2.4448,2
-0.2237,-0.32984,1
0.84303,0.45286,2
1.8522,2.8554,2
1.9161,-2.8965,3
-0.48208,-3.6736,2
-1.4259,-3.343,1
0.16371,-1.8493,2
0.38535,0.12525,2
-2.533,3.1493,2
-0.55002,1.1417,3
-0.3962,0.075336,1
-6.4098,-5.3733,2
1.0264,2.9471,2
2.1439,3.2311,2
-3.7626,-0.75936,2
0.59721,-0.38891,2
0.82156,-1.8726,2
0.32433,-3.4376,1
-0.46439,-1.7798,2
0.97635,-2.2869,2
-5.041,4.0842,2
1.857,1.0231,1
-5.7571,0.1678,2
-4.0212,-1.0882,2
2.6929,2.4042,2
-3.221,-1.3198,2
-3.1296,-0.88637,2
0.047602,3.8519,2
1.6019,0.17849,3
1.3129,2.8528,2
0.84853,0.61044,2
0.87083,-1.3387,2
3.8773,3.539,2
1.7656,-1.2467,2
3.8854,-0.56069,2
2.6287,-2.7265,2
-1.0784,2.9205,2
1.8562,1.8894,2
0.19496,1.065,2
0.90434,-1.6274,2
0.38743,1.1134,2
1.748,-0.24688,2
-0.36396,0.45191,1
0.42526,0.8816,2
4.2249,2.6507,3
5.1959,-0.55631,2
-0.31608,2.2463,1
1.4064,-1.5311,2
0.27071,0.21637,3
-1.5524,2.5086,2
1.222,1.373,2
-1.1638,-1.9688,2
-2.6524,-0.96698,2
-4.3256,-1.2799,2
1.8959,0.21552,1
1.2166,-0.85272,2
1.8753,-0.64405,2
0.21187,-0.41921,2
-5.4995,0.15647,2
0.7946,1.3269,2
-2.28,-1.7176,3
-0.19278,-3.4582,2
1.3615,0.10105,2
1.2969,2.2625,2
-0.61475,-2.2252,2
2.7484,0.60995,3
1.5347,0.93663,2
-2.2725,2.1844,2
-4.7688,0.25067,2
-2.3696,1.7798,2
0.43219,0.59736,2
2.1411,-1.719,2
0.009078,-1.2823,2
-6.6888,-2.8426,1
2.5269,0.76368,2
-2.1159,-1.5653,1
-0.90498,-4.4615,1
-1.7303,-4.3712,2
0.85532,3.7234,2
-0.64842,-1.7098,2
2.3077,2.1926,2
1.1542,1.6241,2
-2.4156,0.96797,2
0.66413,-2.9039,2
-3.5341,-3.5633,2
-0.63853,0.28121,2
-3.5744,-0.15047,2
0.18426,-2.7172,1
-1.1245,0.34643,1
5.7,2.755,2
2.6858,2.3912,2
1.5089,2.3244,2
1.821,4.331,1
-0.25381,2.9705,2
1.2634,0.60388,2
0.17894,2.3145,2
1.3513,1.8372,2
3.3277,4.0064,2
-0.22217,-1.02,2
-0.38691,-0.96995,3
-1.952,-2.5397,2
1.0958,-2.1578,2
-2.8001,-1.5199,2
1.8694,0.31539,2
-0.45619,1.1185,2
1.0536,2.8277,2
0.086216,-5.088,2
2.0341,3.6215,2
1.3539,-0.14775,2
-4.7824,0.82791,2
-0.91274,-1.2684,1
-2.3803,-0.73391,2
1.8839,2.6635,3
2.0297,1.8713,2
2.8908,2.7524,2
-0.40898,-0.15254,2
-1.6485,-1.9094,2
3.4427,0.10501,2
1.6613,-1.0334,2
-0.051806,-0.87077,2
0.90937,0.74621,2
-1.3788,3.1444,3
0.21643,-3.2995,2
0.098861,-2.7219,2
-1.0178,2.0964,3
-4.689,0.88089,2
1.9102,5.2545,2
-4.9252,-2.606,1
0.22356,-1.2002,1
-0.36212,2.53,2
-3.6517,1.7882,1
0.81099,-4.9283,2
2.3254,-1.1446,3
-0.72948,-0.45298,2
0.62217,1.8344,2
2.555,3.1803,2
0.58144,0.40903,3
2.3184,1.1755,2
2.4922,1.7324,3
1.3949,0.48657,3
0.74256,0.48082,3
4.0909,0.7967,3
-1.1024,0.0021904,2
1.1527,0.58259,2
6.8618,-2.6693,2
3.0051,-0.28753,2
-0.11173,0.41324,2
2.5546,-0.57027,2
-1.1708,-1.6079,2
0.70532,1.2415,2
-1.184,-4.6813,2
-1.3839,-4.593,2
3.6482,1.8446,2
-1.4028,2.0388,2
1.4085,-3.0673,2
1.0386,2.4171,2
-0.20894,-2.7936,2
0.13385,0.15814,2
-2.4985,-1.879,2
0.89395,2.7839,2
1.4361,2.0964,3
0.9147,2.0945,2
3.2546,-1.7437,1
-1.2634,2.556,2
-0.3872,0.6869,2
0.82983,0.19961,2
0.21681,2.4431,2
3.0453,-1.1209,2
1.9064,0.060719,2
-3.7188,1.1921,2
2.4147,1.8686,2
3.7071,5.1782,2
1.0181,1.5294,1
-1.6969,0.052164,2
-0.47356,1.1837,2
0.054838,-0.49273,1
1.3311,0.99485,2
1.1102,2.6657,2
-0.66693,-0.77048,2
2.2513,2.2355,3
-1.9467,-2.701,1
1.7736,-1.0743,1
0.29022,1.665,2
-0.62172,5.6589,2
-2.9276,0.32948,2
-1.0014,0.57237,2
1.0654,1.8673,2
-2.279,-2.6416,2
3.7374,2.0857,3
3.3028,-5.0251,2
1.0472,-0.22583,3
-1.6991,1.0685,2
-0.42849,-1.1384,2
-1.024,1.4291,2
-1.5474,-0.31383,2
-2.1112,1.0916,2
-2.8073,0.46926,2
-1.8657,1.3838,2
0.39711,2.8012,3
-1.4965,0.98808,2
3.9881,0.45228,2
1.4633,0.32323,2
-2.0346,-1.7247,2
4.9726,-1.8058,2
2.6947,1.5568,3
2.7216,2.7175,2
1.0704,1.8276,2
0.80136,-6.7483,2
1.6538,-2.2008,1
4.1498,4.791,3
0.89657,-0.94309,2
0.56854,-1.8578,2
-1.5946,1.2601,2
-0.99549,3.6922,2
0.92313,1.094,2
-4.1627,-0.51012,2
1.0983,0.3354,2
3.2686,5.0022,3
2.2727,-2.0872,2
0.1632,0.27402,2
-0.25841,-1.0838,2
-0.47184,0.78098,2
-1.1844,-2.0187,2
0.74885,2.0865,2
2.5077,3.0842,3
-1.1212,-1.481,2
0.15018,-0.092812,2
2.1437,0.65901,2
5.3703,-0.42259,2
4.1321,0.92854,2
0.17417,-1.3112,2
1.444,2.2408,3
-2.4521,-4.5496,2
3.0745,-0.049668,2
-0.78643,1.2234,2
-1.5513,-6.2639,2
4.3109,0.076495,2
0.93725,1.3176,3
1.9205,0.44512,1
6.0206,2.6265,2
1.7436,2.4989,1
1.5855,-2.8905,2
3.0193,2.1558,3
-1.6801,4.2729,2
-0.26409,0.42862,3
1.0692,2.7161,3
4.2042,1.294,3
2.2785,1.2051,3
-1.9474,-5.6949,2
4.5944,1.6086,2
1.0682,-1.9251,2
-0.12393,-2.9964,3
0.0054624,5.2654,3
-1.1167,-0.58806,2
1.106,0.20236,2
2.5717,-3.7679,2
1.3725,-2.4496,2
1.2357,2.0361,1
0.59059,-2.254,2
1.3822,-0.14673,2
0.72308,1.5196,2
2.0909,0.43914,2
-0.5803,-3.0273,2
1.749,-0.27154,3
-0.014006,-1.0191,2
-2.6181,-2.8619,2
1.3152,4.4267,2
-3.0827,-0.80065,2
1.4616,-2.0444,2
3.0207,-0.25812,2
1.9496,-1.0191,2
0.61485,1.5387,3
-1.4173,-0.30882,2
2.7259,-0.68582,2
-3.3932,-4.7683,2
0.71272,1.9446,2
-0.15041,-2.9026,2
0.20076,1.1703,2
0.55756,2.6865,2
0.17464,-2.1881,2
0.54658,5.4455,2
2.1791,1.748,2
1.4905,2.2933,1
-1.087,-0.26649,2
0.44711,0.29589,2
-2.6032,4.1876,2
-0.28351,-0.74736,1
-3.1181,1.9955,2
0.32401,-5.9222,3
-0.54238,-0.1864,2
-4.4459,-2.5127,2
-1.0226,0.34723,2
-1.5562,-0.73564,2
0.26698,-1.1298,1
0.35336,-1.5161,2
-2.4018,1.6194,2
0.085212,-2.0659,2
1.1911,1.4036,2
2.6701,0.30129,2
0.016787,1.2643,2
-1.1629,-1.4696,1
1.0942,-2.2244,2
-3.7524,0.32306,1
-4.3842,-2.0838,1
-1.7027,-1.695,2
-1.7273,-1.9558,2
1.3584,1.9406,2
1.3739,3.3929,2
-0.81684,-1.3986,3
-2.1886,0.023283,2
1.3385,0.93298,2
0.99581,-1.4444,2
0.66915,4.0497,2
3.0976,6.0105,3
-2.6199,-0.74607,2
4.2215,0.18244,3
-1.4268,-1.9369,2
-0.97546,-0.70318,2
3.2535,1.8787,2
-4.0912,2.79,2
4.5534,1.1778,2
2.4623,4.628,2
5.6636,2.5416,1
2.1191,-0.28731,3
-0.75493,0.43182,2
1.6876,1.1877,2
1.4178,0.25613,2
-3.6867,0.12959,2
1.9729,-0.56228,2
1.162,0.7279,2
-0.52666,4.2373,2
2.2488,1.6838,2
-0.5167,1.3085,2
-1.3319,-0.3018,2
1.49,1.4372,2
0.96357,-1.1535,3
-0.9926,-4.15,2
2.5829,3.4383,2
0.36877,1.8246,2
-1.5157,0.92082,2
1.7995,-1.4688,2
-0.47088,-2.3684,2
-2.1168,1.6687,2
-1.1594,-0.048093,2
0.18288,1.9599,2
-2.2558,1.6889,2
0.14362,2.1389,2
-0.38106,0.53531,2
-0.08405,-0.87776,2
-3.3172,4.9454,2
-0.68428,-0.33319,3
-2.2488,2.3276,2
-1.3472,-2.8389,1
-0.24129,-2.8087,1
-3.5091,0.92894,2
-3.1751,-3.8667,1
-4.3678,2.0299,2
-0.97626,-4.5778,2
-3.7401,-3.2118,1
2.7985,-1.7995,1
-2.1725,-2.1768,2
-0.61555,0.84253,2
2.2581,-0.70316,2
-2.9097,-1.336,2
1.5569,1.8081,2
-1.2663,-1.7102,2
3.3535,0.41647,2
-1.2853,1.6399,2
-1.2731,-1.9507,2
-3.4873,1.8497,2
1.3411,0.36741,3
0.43747,-3.232,2
2.2394,1.7573,2
-2.3755,-4.78,2
-0.13371,-0.20262,2
2.3888,0.60011,2
2.1786,5.1182,2
0.24166,-1.908,2
-5.5179,1.4263,2
2.8886,1.0451,2
-2.8756,-0.76856,2
2.3833,1.5498,3
-2.3394,3.021,2
-1.1487,-2.9605,2
-0.97368,-2.6409,2
-2.2607,-3.0997,2
-2.6528,-3.6417,2
5.8298,0.23336,2
-2.9657,-5.0871,2
1.5743,-2.6054,2
-3.636,-4.554,2
0.18244,3.4808,2
0.96803,-2.7672,2
1.9999,-0.71922,2
-1.0168,-1.2266,2
0.46722,-1.731,2
-1.7615,-1.5843,1
1.3151,-2.1857,2
-1.5559,-0.99101,1
-0.12332,-2.9392,3
3.5158,0.94534,2
-1.2105,-2.2879,2
1.0833,-0.74212,2
1.6432,-1.0511,2
-1.7897,-2.1244,2
-3.0072,-1.3877,1
-1.2514,1.0655,2
-0.61871,-1.2268,1
2.1089,2.0737,2
4.669,3.6012,2
-2.1897,-0.8385,2
0.097016,-0.92025,2
-0.39321,0.9168,2
-5.9131,-1.5508,2
0.51568,-2.42,2
-0.78535,-0.96144,2
-5.0125,-6.309,2
1.004,1.2465,2
3.1601,-3.2214,2
0.14473,4.1574,2
-1.332,-4.4191,2
-1.6755,0.55933,2
-0.51483,-3.4739,2
1.4167,-0.44335,2
0.56049,0.5393,2
2.2003,1.4195,2
0.19593,3.5607,3
-1.4606,0.50668,2
0.054537,4.1045,2
0.16193,-1.2281,2
-0.39883,-3.2135,2
1.8879,2.846,3
0.45475,-0.70054,2
1.2854,2.68,2
1.4878,4.5675,2
-0.61911,-0.86873,1
1.0656,2.7299,2
1.7572,-1.1864,2
0.36069,-1.491,2
-2.6337,-2.2725,2
1.3695,-3.4089,2
-1.0006,2.2938,3
-2.9029,1.1517,2
-4.5362,-2.5197,1
-4.6191,-1.4522,1
3.1786,2.4378,2
-0.25258,-0.57538,2
-0.10873,-2.0565,2
0.28574,-1.2124,2
1.2702,-0.19755,2
0.95345,-0.27244,2
2.6249,5.3272,3
-0.062525,-0.0059322,2
3.5416,3.3815,2
-0.12293,-3.5599,2
4.9057,2.3103,2
-1.1412,-3.3862,2
0.67066,-3.5685,2
-0.41345,-0.15014,1
-0.15992,-5.0956,2
-0.44374,4.2387,2
-5.5602,-1.9465,2
2.3154,3.7181,2
-2.4106,0.71647,2
2.6426,0.3905,2
0.38089,-2.8709,2
-2.0743,3.4748,3
-5.0614,-3.094,2
1.9598,2.7178,1
-2.9012,-5.7034,1
-1.97,1.3828,2
-1.8184,-0.26134,2
-0.72206,-1.2593,1
-3.9108,-3.407,2
2.0621,0.3013,2
-0.29862,2.9536,1
0.0015727,-0.75445,3
3.1584,-0.15745,2
3.5212,-0.92737,2
-2.0331,-4.2879,2
0.58761,-1.0242,2
-0.91437,1.2098,2
-1.2176,2.0058,2
3.4424,1.2459,3
-2.0341,0.17927,3
0.43625,0.65889,2
-4.2011,1.3835,2
3.6398,-1.1191,2
-0.50351,2.9059,2
-0.79779,3.8504,2
0.26052,0.81519,2
0.15617,0.052978,2
-1.4018,-3.4389,2
-2.3044,-1.7662,2
-1.7792,1.5633,1
-3.7842,-2.0763,2
6.2815,-2.8268,2
2.343,-1.7487,2
-2.2094,2.0495,2
0.77196,-1.4633,2
3.3992,-0.66353,2
-4.3664,-2.2842,2
-0.19907,-2.3501,2
2.9057,1.4017,3
-1.2791,1.492,2
-0.24158,3.6059,2
1.2893,4.4274,2
-4.1618,-4.012,2
5.4681,1.0319,2
0.23026,4.1821,2
0.10588,1.2149,2
1.4612,1.2286,2
0.66897,-3.3424,2
-2.1909,-1.8097,2
3.0836,2.3507,2
4.9256,4.7733,2
2.8476,1.6107,2
1.546,1.0447,2
1.2847,1.1934,2
2.7516,2.0454,2
-1.1226,-3.6908,2
-3.176,-2.1937,2
2.3205,0.55868,2
2.0498,2.6835,3
-4.8502,-3.4188,1
-3.8897,1.0238,2
0.13992,0.63325,2
4.284,4.1858,3
-2.0376,0.54475,2
-2.2269,-1.2246,2
3.9082,0.99417,2
-0.52381,1.3834,2
0.86192,-1.4053,2
1.3387,-0.43417,3
5.59,2.2273,2
0.20472,-0.41162,2
-0.35852,0.73902,2
2.4212,-0.70558,3
0.031464,2.2668,2
0.13167,-1.4083,2
3.0918,2.6869,2
-2.3157,0.59927,2
-0.046098,-1.1571,2
-1.8011,-0.38901,2
-4.7304,-3.1144,2
0.92564,0.70031,2
-0.16484,2.4632,2
2.8673,-0.39089,2
2.7258,1.0156,2
-3.8368,-2.422,2
-2.6351,1.0161,2
-2.1299,1.0218,2
0.088437,-2.0477,1
-4.3061,1.3907,2
-0.29203,0.23474,2
-0.071197,-1.4349,2
-0.65624,-2.5793,2
4.0556,5.994,2
2.7314,0.52553,3
1.1133,0.8965,2
4.0664,1.2921,3
2.4705,0.82681,2
-1.0174,-3.3976,2
0.16024,3.14,2
0.14806,-2.3646,2
-0.63759,-3.6816,2
1.0196,-2.4513,2
-1.0707,2.4114,2
3.3972,2.1636,2
-2.3349,1.8807,3
0.33294,-0.69594,2
-4.1466,-3.0879,2
3.9956,5.1453,2
1.9703,-4.0334,1
1.3435,-2.8151,2
-1.3297,1.1535,2
1.8031,-0.91184,1
-2.1007,1.3284,2
4.7999,-0.14236,2
-2.391,0.53036,1
-0.41717,4.9412,2
-3.4328,-2.9975,2
3.1697,0.89307,2
3.5442,0.76636,3
4.9748,2.1124,2
0.10641,-1.3646,2
0.35129,-1.0223,1
4.5337,0.42389,2
2.0345,3.2836,2
-1.3821,4.5685,2
-0.3379,1.517,2
1.7951,-0.66365,3
-1.5176,0.45177,2
1.5685,-3.2127,2
-1.9766,-3.258,2
1.3884,2.3879,3
2.3009,-0.18208,2
1.3077,4.2509,3
-3.0672,-1.0431,2
-2.0423,5.2219,2
0.69137,2.3595,2
-4.0847,-2.1058,2
0.18739,1.4527,2
1.7655,2.6494,3
-1.2023,-1.1244,2
-1.9305,1.7045,2
1.1014,1.7954,2
0.61382,-2.0019,2
2.8723,-1.3496,2
-0.35513,-0.32034,2
3.7222,-4.0905,2
-0.43888,-1.6868,2
-0.16333,-1.0809,2
0.4262,-3.478,2
0.96297,3.3724,2
2.4415,2.7231,2
0.1597,1.8781,2
3.4189,-0.48024,2
1.2648,-1.7986,2
-0.54796,-1.6402,2
-3.6993,-3.105,1
0.4557,2.4381,2
-0.12026,-0.13194,2
-2.548,-2.6316,2
1.5382,0.57169,2
-1.7493,-2.8179,2
-1.3328,1.9352,2
-0.70723,-1.5914,2
1.5124,-2.3521,2
-0.012704,-0.63172,1
0.56312,2.4775,2
-1.1644,0.77323,2
-2.1702,0.12905,2
3.3335,-1.5436,2
-0.11697,3.6125,2
2.5231,0.85485,2
-0.10764,1.66,2
3.3702,1.1083,2
-0.43386,-7.2171,2
-1.3333,-2.3757,2
1.0274,1.7322,1
-2.6301,-2.0665,2
1.7711,1.1851,2
-0.014093,0.046169,2
0.48911,3.5202,1
3.5668,-3.878,2
0.15039,-1.4195,3
-1.4926,0.75168,3
2.2616,3.8376,2
-3.3506,-0.87296,2
0.44611,3.7354,2
-0.50628,-1.3317,2
0.29181,5.5521,2
-0.45821,1.2108,3
4.8235,3.2856,2
-1.7417,1.1856,2
2.4947,-1.2934,2
0.091736,-1.1548,2
0.13709,-3.8329,2
-2.7538,-1.6489,2
4.6233,3.4982,2
2.8331,-2.2349,2
1.5998,1.8524,2
2.2501,1.9043,2
-2.4114,0.46782,2
-1.2867,0.051868,2
-1.9585,-2.203,2
-2.5237,-1.0725,2
-3.2684,3.6759,2
2.4948,0.48438,2
1.8147,-0.27134,2
-1.8762,-1.3488,3
-2.2268,-0.73626,2
3.4554,-0.89096,2
-2.5089,-0.1226,1
1.6318,2.0138,2
0.012743,-2.7376,2
-0.36775,3.1691,2
1.0245,3.1035,2
-2.5766,-2.9454,2
-0.09355,-0.12614,2
0.38792,-0.82479,2
-0.63833,0.074157,2
-1.341,-0.66563,1
-0.62718,6.1385,3
0.97954,-1.5145,1
2.3654,-2.3311,2
2.9334,-0.1463,2
0.7133,-2.7069,1
-2.2791,-1.0587,2
-1.9294,-5.1703,3
1.9397,3.0786,3
0.76033,0.11304,2
-2.2034,-0.59621,2
0.62411,0.094638,2
2.3265,1.7726,2
-3.017,-0.08925,2
-1.2261,-2.0012,2
0.36121,-0.36276,1
-1.1304,-4.1769,2
-1.4128,0.28609,2
-2.9933,-0.30317,1
-1.4912,0.046142,2
-1.0727,-1.8626,2
1.6985,-2.6568,2
-2.5554,-4.2908,2
-0.15244,-4.0692,1
0.56402,-3.6234,1
-2.3744,-0.92647,2
-1.3756,-3.4556,2
-1.3077,-1.1078,2
0.057416,2.7429,1
-0.040151,2.3623,2
1.1702,-1.5677,2
-3.9291,-0.57706,2
0.32162,3.4094,2
2.1945,0.38069,2
-0.52094,-3.9359,2
0.4959,3.0079,1
4.3398,1.8873,3
2.1711,2.7653,3
1.6426,-1.8648,2
-0.27439,3.822,2
-1.3193,-4.7676,2
0.43633,4.0088,2
-2.3914,-1.7445,2
-1.2555,-0.31274,2
1.4819,0.19611,2
2.3914,2.5022,2
1.6774,-4.5091,1
-0.19059,-1.9579,2
-0.35468,-0.58594,2
1.2988,-3.9515,2
3.3931,3.0775,3
-3.1,0.47967,2
0.29031,0.88335,2
-0.34437,-3.2842,2
3.6606,4.3882,2
-1.105,2.5065,2
-3.4394,-1.4603,2
3.8329,-0.58508,2
2.118,0.10208,2
-1.9335,0.84429,2
-1.6862,-2.9184,2
0.88688,1.6281,2
-1.2689,-2.4595,2
-2.1175,-6.1756,1
1.6213,-1.9708,2
4.8501,0.47301,2
2.8712,2.8636,2
-3.6109,-0.003305,2
-1.5648,-1.0705,2
0.80833,5.3226,3
0.22136,-1.3066,2
2.889,1.3613,2
0.79305,-0.29059,2
-0.14935,2.3692,2
-1.8879,2.0755,2
-4.3408,1.2029,2
-3.3109,1.189,2
0.59653,-2.4572,3
1.5155,4.0635,2
1.6965,1.7979,2
1.7426,0.69609,2
1.0701,-1.8622,2
3.4832,2.92,2
1.9486,-0.26812,3
-1.9578,3.5755,2
-1.0291,-2.8393,2
-4.6346,-0.51116,2
-2.0314,1.7656,2
0.0035201,-0.32259,2
-3.1951,-1.7905,2
0.2446,0.12711,3
-0.88894,2.3643,1
-1.2672,-0.43878,1
-3.248,-1.1064,2
0.74991,-2.0103,2
-2.1825,-0.43286,2
0.89197,0.56761,2
0.70404,3.4932,2
4.7814,1.5974,2
-0.28973,-2.938,2
0.4757,2.8729,2
-3.3442,-3.3566,2
-0.6736,0.076587,2
-0.92394,0.52905,2
-0.37202,0.36454,2
2.1416,2.8228,2
3.9744,-2.1723,2
-0.40103,1.0574,1
-3.9283,-2.5184,2
-1.2495,-0.21494,3
-1.9264,1.747,1
-2.2688,1.183,2
-2.6687,-1.0691,2
-1.5601,2.7699,2
-1.6599,0.97117,2
-0.66937,0.84119,2
0.031022,-3.2377,2
2.039,-0.50172,2
-3.417,-1.4778,1
-0.52242,0.16138,2
-2.4824,-3.6144,2
-1.4774,-2.7646,2
1.5846,3.1947,1
-0.98838,-2.689,1
1.8901,-1.723,2
0.29058,2.6481,1
2.2355,3.8045,2
0.51559,2.0685,2
-0.20373,-2.8653,2
0.16581,-3.0696,2
-6.3117,-0.33199,2
-0.98863,-0.50317,2
-0.93474,-0.77674,1
1.5915,2.1838,3
2.121,0.29535,2
-2.1321,2.0132,2
-2.9114,0.42437,2
-1.8528,-5.1061,1
5.2207,-0.43707,3
-2.8153,-0.12372,2
-1.4653,3.6737,2
4.3947,2.6478,2
-4.6555,-2.1242,2
0.053168,0.38469,2
4.4079,1.6694,2
-1.1279,-2.1663,2
-5.5208,-0.99122,2
1.1397,0.37119,2
-0.71363,0.60124,2
0.15662,1.6485,1
-1.1016,1.2331,2
4.06,2.992,2
-2.0264,1.7198,2
-5.2568,-1.927,2
3.2878,2.6546,2
-0.47434,1.1639,2
-1.2071,-0.84075,2
-1.8445,-1.0117,2
-3.7015,-0.26258,2
-2.1199,-0.66282,2
8.5127,4.8839,2
0.64373,-1.7228,2
-3.6307,-3.1276,1
0.20475,-3.361,2
0.39762,-3.7411,2
0.62176,-0.10875,2
0.42435,-0.80225,2
0.93269,3.2274,2
-2.4016,-2.572,1
1.0795,1.1968,2
1.5136,-0.28975,2
3.2521,2.0545,2
1.7678,1.3183,2
1.2028,2.7876,1
-1.6246,-4.5704,2
-0.60941,0.28626,2
1.4396,1.9864,2
0.59558,0.53604,2
-2.3148,-0.80092,2
1.701,-0.95483,2
1.4756,5.8435,2
-0.94129,-2.9844,2
0.89975,-3.0089,2
-2.2422,1.8543,2
-0.073289,-1.7539,2
-1.243,-4.666,2
-1.9686,-3.9201,2
-1.1034,-3.4912,2
-1.7067,-3.8952,2
-1.3283,2.8562,1
-0.011536,2.1096,2
0.71359,-0.59208,2
-1.8523,-3.0258,3
-1.0898,-2.7294,2
-1.4302,-0.64759,1
-2.3629,0.55668,3
1.1561,-0.44117,2
2.1299,3.4709,2
-4.4338,-0.34601,2
2.1371,-0.075391,2
1.1755,-2.9545,1
-0.41694,-0.10933,2
4.2154,1.4188,2
0.92356,0.29415,1
-1.2759,-2.0367,2
-2.2706,-1.1303,2
-1.5864,-2.2375,2
0.33377,4.7256,2
-0.4376,0.87699,1
5.4322,2.7689,2
1.1347,3.0956,2
-0.36306,1.5366,2
-1.2873,-2.9677,2
1.4493,0.99988,2
-2.3416,-2.5616,2
-2.8226,-3.2399,1
0.13406,-0.12506,2
-2.1626,-3.6644,2
1.1407,4.5619,2
2.2551,-2.1348,2
4.7663,0.017787,2
0.22059,0.12996,3
-0.30845,-0.29317,3
-1.3979,-0.46861,2
1.3266,3.1725,2
-4.7981,2.2991,2
0.1511,0.17255,2
2.0041,3.9588,2
-1.8534,1.5531,2
0.43931,-1.6197,2
-3.8005,-1.765,2
-2.6206,-0.89537,2
-1.584,-4.4224,2
-1.0217,-3.9237,2
4.7436,1.8715,2
0.63072,1.0587,2
1.821,3.8998,3
-3.9039,-0.16767,2
2.5601,-1.8581,2
-0.28655,0.85294,2
-0.33245,1.4655,2
5.6807,-0.059832,3
2.851,2.17,2
0.8753,8.0625,2
1.1383,-1.3406,3
-1.8858,-1.5676,2
-1.6804,0.021855,2
-1.2128,-3.88,2
0.10187,0.56648,3
-0.94749,1.7953,2
1.3097,0.18319,2
2.8905,-1.8105,2
0.67058,1.5567,2
0.69863,0.57674,2
2.9009,-0.93788,3
1.0262,0.18968,2
2.8242,1.1533,2
-3.0095,1.3023,2
0.31686,1.0901,2
2.1031,0.11634,2
0.86984,2.2271,2
0.81504,1.1915,3
0.53606,-2.5325,2
1.1623,2.534,3
0.0059981,0.42175,2
4.7668,-3.5706,2
0.8701,-0.98099,2
3.1784,-1.2828,2
-0.067285,-0.74626,2
-0.17734,0.22989,1
-0.80634,2.3559,2
0.45333,5.1168,2
0.33549,0.29544,2
0.19614,-2.5609,2
1.3533,-1.6289,1
-0.96522,-0.53632,2
-1.0057,-2.1352,2
-2.1439,-0.52841,2
0.82539,0.59073,1
-2.293,-1.2391,2
-1.3318,-1.2743,2
0.66597,1.2362,2
-1.3295,-1.3305,2
-2.1604,-0.69428,2
2.9069,0.84133,2
3.9982,4.544,2
1.9098,0.51531,2
1.1081,-0.64103,2
2.3282,0.31015,2
0.72071,-0.039277,2
1.4768,-2.7952,1
-1.6173,-2.345,2
0.51512,-1.77,2
0.64966,2.5609,2
-1.242,-0.67309,2
1.9558,-1.2727,3
-0.4157,2.9013,2
-1.8723,-1.2965,2
2.2207,-0.36348,2
1.4553,-0.80598,3
0.80878,2.9785,2
-0.58009,-3.0513,2
2.8147,-0.70619,2
2.2416,-0.62229,2
-2.9096,-0.0090413,2
1.4447,0.93994,2
1.7266,1.4747,3
1.5461,-0.64403,3
-0.25074,-1.4775,2
-1.5121,-1.0695,2
-1.0356,-1.646,2
2.1997,0.85205,2
-0.81177,1.6935,2
-2.1661,0.10157,1
-0.55071,-2.4076,2
0.36659,-2.7075,2
1.2475,-1.9549,2
-1.0287,-2.8375,2
1.8145,-1.6886,2
-3.3866,-3.7124,2
-1.3621,-1.3337,2
3.4877,3.9433,2
4.0219,1.5742,2
1.2085,2.0354,3
-3.1095,-0.3062,2
-0.12496,2.4088,2
2.7964,-0.10636,1
-1.7816,0.52021,2
-0.70192,-2.1144,2
-0.61183,0.85355,2
-0.92073,0.6046,2
0.77312,-1.1336,2
-0.69861,-1.0781,2
1.7045,-0.44946,3
-0.60198,-0.37434,2
2.651,1.5873,2
2.9833,1.6832,2
0.60012,0.7675,2
1.9087,1.7577,2
2.2913,-2.3019,2
-1.3451,-0.27453,3
3.0071,-0.20743,2
0.31381,-2.6899,2
-3.7954,1.56,2
0.43803,-1.0301,2
3.4453,0.025727,2
3.3206,-3.3789,2
0.30409,-0.73497,2
1.716,-2.6964,2
-1.1851,0.97451,2
3.4605,1.3746,2
-2.8108,-5.858,2
-0.38006,-1.7889,2
-4.7359,-5.1147,1
2.6571,2.5034,2
-1.6831,-1.4706,1
3.3034,-1.1276,2
1.1754,0.434,2
1.7466,-4.2167,2
-4.5532,0.67894,2
1.0992,-2.7127,2
0.27779,-3.2093,2
-0.9193,-2.9466,2
-0.78853,-5.9458,2
4.4217,2.1292,3
-0.050925,-1.1936,2
-1.4767,3.0527,3
-2.953,-4.7039,2
2.8138,-1.9686,2
-5.1683,-2.4195,1
2.293,4.6567,2
-0.14789,3.8232,2
-2.4952,-2.5242,2
1.8367,0.30815,1
0.95177,-0.78089,2
0.7759,2.4286,2
0.57403,3.583,2
-1.6164,4.2594,3
3.3675,2.4519,1
-1.619,2.9319,2
-0.47576,-1.8675,2
-0.75771,-0.40859,2
-3.5634,0.13068,2
-0.65845,-3.5024,2
1.4377,1.6103,2
-2.643,0.67991,2
-2.1171,-3.3363,2
0.030894,2.0144,2
-2.1211,0.24315,1
-2.8156,-5.9654,2
2.7953,4.4824,1
0.29798,2.8288,1
-1.2098,-2.7401,2
0.02887,-0.31665,2
0.21675,4.8092,2
-4.572,-1.1234,3
-4.69,-1.2239,2
-2.3402,-0.6172,1
-1.5902,-2.0286,2
-2.8188,1.2917,2
3.0811,-1.4411,2
-0.28738,0.76906,2
2.6698,1.5149,2
-2.3243,-0.85414,2
-4.3709,1.9373,2
1.4966,0.95475,2
-0.027638,2.6024,2
2.3445,1.2592,2
-2.5513,-1.4411,2
2.4568,0.59366,2
0.43093,-0.42691,2
0.77634,0.56698,2
-3.5605,-2.4484,2
-3.2751,-3.1264,2
2.4743,6.1682,2
-1.0175,-2.3212,2
-3.0372,-4.4569,1
-0.51695,1.1293,2
1.5673,-0.032958,2
-1.0578,2.3776,1
-0.42382,0.55555,2
2.5774,-0.14536,2
4.2247,1.8631,2
-0.11887,-0.073189,2
0.074154,-1.4821,2
-0.58499,-2.4107,1
-0.85408,0.43543,2
-0.29255,-1.3506,3
-6.9429,3.6381,3
-0.28938,-2.485,3
1.8322,2.7019,2
4.5313,0.71921,2
-1.7163,0.089831,2
-1.7521,0.083591,2
3.0939,2.02,2
1.9247,-0.39564,2
2.0902,6.8122,3
0.099873,-1.0604,2
-4.3937,-1.3903,3
-3.6858,-2.2632,2
0.358,-0.52702,2
0.37983,1.8003,1
1.7226,1.1178,2
-5.098,-2.5295,2
1.1995,0.2725,2
-3.1995,-1.7984,2
-0.99601,2.7862,2
2.6378,3.655,3
-0.72779,-3.4765,2
-4.342,0.10646,2
0.85251,0.17921,3
-0.19023,-0.51912,2
-0.53881,1.8418,3
-1.447,1.8233,2
2.7769,0.6346,2
-5.3802,0.98168,2
-2.6712,1.2695,2
-4.6544,0.96978,2
-1.9577,-1.774,2
2.1985,1.2453,2
-3.1957,-2.0003,2
-1.3454,-0.27559,2
1.1184,-2.2376,2
-2.0851,-4.4446,2
1.6675,0.57897,2
-1.69,-2.0653,2
1.2471,1.1644,2
-0.5578,-2.8446,2
0.04542,-0.43719,2
-1.1539,-0.65766,1
-4.6252,-1.159,2
-0.022629,0.81559,2
-0.48005,1.577,2
-1.5331,-3.9819,2
1.9254,3.2084,2
5.9721,1.3452,2
-1.537,-2.1512,2
-3.6182,-1.0553,2
