2.2542,1.9544,1
1.4055,3.7291,3
-2.9639,0.18083,1
-0.080466,-1.7549,1
-0.8436,-0.38505,1
3.361,-0.034895,3
-0.14158,-0.83714,3
1.6734,3.9304,3
-0.72299,-0.9123,1
3.1859,2.6847,3
-1.7444,0.51469,3
5.9245,4.3554,3
1.4976,-1.0563,1
2.0619,-2.0619,1
0.19986,2.1578,3
0.50322,0.13113,3
0.41432,-1.1915,3
4.303,4.7656,3
0.22336,-1.4712,1
-2.778,-4.129,1
4.4755,1.4641,3
1.2683,-1.714,1
-0.7514,1.8582,2
-1.7081,-0.52825,1
-2.0125,-4.2283,1
-1.4821,-1.4113,1
1.4773,-0.076056,3
-2.2096,1.9127,1
2.8295,-0.6065,2
1.9747,1.1255,3
-2.4058,-0.79373,1
-1.0404,3.4428,3
4.0857,5.8857,3
2.3561,3.3377,3
1.0321,-0.33919,1
-0.36671,1.8372,1
-0.58704,0.29228,2
0.2681,-0.75867,3
2.1345,3.1645,1
1.7375,-2.4096,3
-2.0779,-3.2715,1
1.0628,0.60093,3
2.3214,-0.056781,1
-1.6218,-0.15497,1
2.6193,2.9654,3
2.2224,-1.9093,1
1.0271,3.1669,3
-3.4248,-2.6828,1
-0.082305,4.4699,3
-0.058155,-2.3697,2
2.2778,6.2405,2
0.54423,5.9417,3
2.5171,0.97785,3
-1.3928,-5.3498,1
2.9086,-0.76372,3
-0.21988,0.65829,3
0.063119,0.48387,3
2.0525,-1.1409,2
-0.47616,-0.63123,1
-0.53874,5.5817,3
-2.1835,1.6828,3
-2.1884,-3.5477,2
-0.85531,0.11819,3
-1.7548,-0.1527,3
0.54026,2.3829,3
-0.48382,0.58498,1
2.0462,2.8926,3
0.023311,-1.1708,1
1.3098,-0.11362,3
-2.7809,1.7831,1
-1.1003,-1.9505,1
1.5718,1.0791,1
-1.1531,-1.7948,1
-0.42842,0.58752,2
0.66283,-0.30838,3
-0.28132,-0.83143,1
-0.63584,1.9506,3
-2.1573,-4.4424,1
-5.5661,2.1699,2
1.1556,0.72893,1
-3.2326,-0.18996,1
0.2978,0.22406,2
-1.2613,0.61888,3
-4.1736,-3.5521,1
-2.1763,2.3977,3
-2.9424,-2.4957,1
0.5068,-1.5582,3
-0.069559,-2.8155,3
1.6433,1.2809,3
-0.24621,-4.9449,1
1.3908,3.6118,3
6.4714,-0.27247,3
0.30034,1.8279,3
-0.1523,-5.8934,1
0.27962,-0.28857,2
1.6195,5.6278,3
1.3179,-3.9803,1
-0.41382,-2.4059,3
-0.52392,-3.0534,2
0.4742,-0.27043,1
4.4658,3.6693,3
-1.9496,0.060415,1
2.7312,2.425,3
4.9931,3.1407,3
3.7984,0.065447,3
-5.2026,-2.0705,1
-2.6788,1.4126,2
-1.1188,-0.64191,3
2.6145,4.038,3
-0.45087,2.8239,1
-0.88338,-1.591,3
-1.7086,-0.84345,3
-3.3283,-1.4808,1
-1.0723,-0.14433,3
-0.09722,0.16463,1
1.1817,2.5465,3
3.0718,3.9488,3
-2.3715,-1.2053,2
-0.96011,0.63125,1
-1.4714,1.9579,1
-0.3837,1.2594,3
2.5002,0.13937,2
-3.1601,-0.64692,1
2.5354,4.6467,2
1.089,1.8815,2
2.1691,0.35562,3
-1.2514,-0.80772,1
1.6241,5.0414,3
0.23812,-6.2438,1
2.2112,-2.0151,1
0.90159,-1.844,1
-0.45878,3.9708,3
-0.93363,2.5408,2
-0.25511,-0.53158,3
-1.1772,-0.34839,3
-3.5645,0.44426,1
-1.1813,-3.8736,1
-1.7949,-6.1573,1
-0.49285,0.072355,2
1.9257,1.0825,1
-1.5346,-4.2637,1
3.4709,2.7075,3
0.80099,4.2196,3
1.1682,0.023987,1
3.0531,2.4564,2
-0.63436,-1.1454,1
0.41901,0.44606,1
-2.9102,1.7355,1
0.24259,-0.41564,1
2.2742,4.8047,3
-2.3476,2.4465,2
-3.9906,-0.21501,2
-2.9277,-4.52,1
-1.3262,0.22463,3
3.0845,-0.60658,3
-1.6294,2.9909,3
5.4831,3.6035,3
2.5129,4.7407,3
-0.96678,1.0342,1
0.2754,-0.23549,3
-3.365,-2.4327,1
2.3108,3.1222,3
1.1106,-0.04615,2
1.4912,-0.47725,1
-2.6463,-5.1905,1
1.9648,2.9307,3
-1.3324,1.3597,3
1.5321,2.135,1
-2.6677,1.9928,1
-1.0266,1.614,3
-3.423,-6.3181,1
-3.3765,-2.5779,1
-1.3445,-3.0378,3
-2.3983,-4.0772,1
0.93222,-2.9758,1
1.9942,-0.062257,1
2.3527,3.6309,3
2.487,-2.3663,3
-3.9902,0.24813,1
-2.665,-3.2212,1
2.4957,3.5703,3
0.0061548,-2.9619,1
-0.23671,-0.40486,1
0.2222,2.019,1
-3.5372,2.0725,1
-4.0361,-0.57978,3
2.736,1.5057,3
-2.4675,-0.88106,1
-0.006904,0.18517,3
0.77436,-4.3389,3
-2.3244,-1.3923,1
-1.4191,-0.55103,1
1.0221,-4.2919,1
-0.86492,2.6449,3
-1.9276,-1.8884,3
2.2203,-0.42075,2
1.9225,-2.2719,1
-0.54873,-4.6365,1
-0.80601,-0.16541,1
-2.639,-3.3068,1
3.5757,-1.2411,1
-3.4799,-5.3617,1
4.2211,-0.23279,1
0.5169,0.91873,3
3.0791,0.79296,1
1.7759,0.96931,3
3.1113,1.1238,2
1.5857,-3.6281,2
-3.4019,-1.5628,3
1.3114,-3.0926,3
-2.8687,-0.29381,3
1.8816,3.7719,3
-0.86314,-0.40266,3
2.551,2.9399,3
0.93258,-2.9226,3
-0.025842,-1.2236,1
-5.5397,-1.7179,3
0.65443,-2.7405,1
2.9757,3.3796,2
-0.9413,-0.40935,1
-1.1595,-1.0993,1
1.5009,0.52459,3
1.2738,-0.80558,3
-2.5336,-1.3197,3
-5.8488,0.68056,1
-1.6478,1.1285,1
3.9176,3.5995,3
-1.5356,-0.052483,3
-4.1736,0.98887,1
-0.94111,3.9313,3
0.23108,-0.49836,1
-1.9341,-0.67404,1
1.5754,2.1067,2
0.68103,3.914,3
-4.4306,-1.0172,1
0.17589,-0.54,2
0.32561,-0.83224,1
1.2869,-1.794,2
-5.5385,-1.4123,1
1.2995,-0.66106,3
0.64655,1.3738,1
0.10022,2.161,3
1.5146,-1.2559,2
3.8042,-0.3221,1
2.0394,0.85998,3
-1.2932,-3.6797,1
3.6623,0.72788,1
-4.1587,-1.6684,1
-2.3084,-5.6339,1
0.97791,0.95695,1
-1.8153,-2.4729,1
0.17506,0.0029881,2
1.8903,-0.088969,3
-1.4069,-2.9513,1
1.7003,0.88574,2
-2.8528,-5.4885,2
0.049698,-2.7984,1
-1.9977,-0.90526,1
-1.2928,1.0882,1
4.4536,3.1393,3
-0.62816,2.1562,3
1.4143,1.059,2
-0.92672,1.0858,1
-0.55909,0.77336,3
-5.4537,-3.5414,1
1.1473,1.1359,1
-3.5051,-1.7529,1
3.0992,1.4024,3
-1.2505,-1.0344,3
-5.7606,1.7985,1
2.7484,0.88779,3
-2.2097,1.1673,3
1.233,2.6525,3
0.64482,2.4978,3
2.7367,3.2902,3
1.6725,-1.5331,2
-2.3846,2.3309,1
1.4159,0.94049,3
0.41962,0.8381,3
-0.57406,-0.46955,3
-2.2693,-2.4049,1
-0.30387,-1.4109,1
2.155,5.8632,3
-1.2335,-2.4639,1
2.2768,2.1081,3
-0.49064,-5.6362,1
-0.84312,1.1073,1
-0.93773,0.36842,2
1.1232,-0.50025,3
0.27211,1.7755,3
-2.0819,-4.7586,1
-0.59887,2.103,1
-0.92329,1.3368,1
-0.35566,0.18315,2
-3.4251,-5.4586,1
3.5555,-1.1344,1
-0.89081,0.40753,3
0.12562,-2.3673,3
-2.7469,-2.3097,1
-0.36977,0.15974,1
1.6493,-3.4842,2
1.809,-2.1193,1
1.587,-0.53593,3
1.3015,1.4284,2
-0.87333,0.16711,1
2.6423,1.921,2
1.7726,-4.5798,1
-1.8865,-1.0224,1
1.367,2.6804,3
-0.92956,-4.04,1
-0.83685,-0.88772,1
-4.3214,-1.4242,1
2.351,0.0039916,3
-3.5241,-0.93549,1
-1.0943,-4.2702,1
-2.6608,0.78184,3
5.975,-0.22352,1
3.5639,-3.9056,3
-0.83739,-3.3211,1
-3.3103,1.2278,1
1.9694,3.2703,3
-2.5669,-5.3489,1
-0.93233,2.4365,3
-1.2238,-1.7124,1
0.2883,1.7735,3
2.8569,1.1354,3
-1.3002,-1.0131,3
-0.25734,-2.9156,1
-2.8878,1.3988,1
-4.1834,-4.4156,1
-0.28034,4.2885,3
3.5365,2.8959,2
4.8439,1.7903,3
-2.388,-2.7102,1
-0.88195,-2.0295,3
-2.0039,2.3532,2
-2.2849,3.2563,2
5.8223,3.0093,3
-3.571,-1.4013,1
-1.9666,-1.7662,3
-2.7942,-1.926,1
-1.3247,2.4947,1
0.19889,1.0726,3
0.41989,1.1848,3
1.6661,1.2763,3
-1.0135,-0.64281,3
1.2315,-0.26836,1
0.66487,-1.403,1
-2.2294,0.12635,3
2.4654,2.6204,3
3.9862,4.0152,3
-0.66426,-0.28831,3
-4.2244,-0.80881,3
-2.9403,0.40871,1
-1.8443,-1.5628,1
2.0659,1.6616,3
4.924,2.1942,3
-4.4157,1.8657,1
-2.6624,-1.7266,2
0.33667,1.5702,1
1.4754,0.67225,3
-1.2596,0.86724,1
2.3008,-2.1504,1
-3.4388,-2.0929,3
0.41771,-1.669,1
-0.046802,-1.3227,3
-3.2995,-2.7102,1
5.5831,0.90538,3
-3.3223,0.61811,1
0.60389,-5.789,1
0.55184,2.1072,1
-2.6571,-1.5319,1
-1.9017,2.7281,2
0.99299,-1.1023,3
-0.71514,-4.1892,1
0.037043,-2.8967,1
0.73266,-3.4549,1
0.26535,-0.83012,3
-2.8706,1.1412,3
-2.5428,0.38996,1
4.0018,1.0556,3
-0.58109,-0.33592,3
-0.30768,-1.0429,1
-4.2027,-2.2754,1
-0.181,0.13307,2
-2.3847,0.48441,1
-2.4989,0.32891,2
1.2564,-0.1246,1
1.8635,-0.8661,3
1.0578,-2.6283,3
1.2868,-0.45647,1
2.1301,-2.2536,1
5.2559,2.7812,3
1.3181,-1.9624,2
3.4037,2.3721,3
-1.2573,-0.38803,3
6.3158,2.7596,3
1.6645,-1.0735,3
2.0063,-0.8624,1
2.2625,-2.0295,2
-3.5197,-1.3912,1
5.0406,2.4248,3
-0.7718,-0.51009,3
-0.95526,-3.6933,1
0.52288,3.2187,1
0.4198,1.1844,3
-0.93419,-0.25036,3
-3.1016,-2.7188,3
-1.2116,-0.50386,1
0.36128,-1.7968,1
-4.7923,2.5037,1
0.66766,-1.7718,1
-0.92971,-2.4622,2
0.18071,1.5946,2
-2.4933,-1.8477,3
-0.23034,-0.26376,3
3.2344,2.8737,3
-1.6305,-2.8822,3
-0.25199,2.0287,1
-0.8896,-0.35644,2
0.79692,-2.0067,2
-1.0205,0.79,2
1.9894,0.649,3
1.1957,2.7083,3
-1.0706,3.3441,3
-3.1198,0.49743,1
3.9748,0.93908,3
1.2848,1.995,1
-2.779,-0.97641,3
-2.9487,-1.279,3
2.8047,-3.3094,1
-0.78035,-2.071,3
0.53295,2.0723,3
-5.1346,3.2182,3
-3.2137,-4.5561,1
0.60605,0.52095,3
0.92941,5.3793,3
-2.2395,0.11128,2
0.45,-2.1652,1
-0.038656,-0.78579,1
-1.1356,-1.8314,1
0.97218,-2.0762,1
1.9975,-0.71762,3
-1.7518,-0.19366,1
-0.75907,3.8183,1
-1.6225,0.24106,1
0.91918,-1.2576,1
2.5818,-2.5391,1
2.3304,-3.2778,2
-0.60008,0.95145,1
-4.2012,-3.7677,1
0.95489,1.2353,3
-1.1814,0.2918,1
0.36978,3.025,3
-0.49829,1.3509,1
-1.9334,-0.75264,1
-1.6899,-1.1133,3
1.5137,-2.7306,3
0.097616,3.1608,3
-2.3474,-2.6926,3
-0.80674,3.1273,2
-0.067791,-1.2936,3
5.3074,3.2561,3
-0.058429,-3.1876,3
-2.6084,1.4407,1
-3.7542,-1.5364,3
-0.83098,0.73256,2
-1.311,5.177,1
-2.4076,-4.5076,1
-3.228,-1.77,1
0.52549,-2.0201,3
5.1024,4.8221,2
-4.597,-5.5391,1
4.0798,1.415,3
3.2071,2.1277,3
1.4393,-2.8764,2
0.78055,0.80703,1
-5.5474,-3.8471,1
4.2623,-2.6481,3
-0.92144,1.3184,3
2.251,6.5709,3
0.78097,-2.8219,3
1.6766,-1.4937,1
-0.29878,5.0456,1
1.4103,1.2887,3
4.7925,-0.71068,3
2.8593,1.7929,3
-0.47429,2.0432,3
1.1631,-4.4148,1
-0.98032,-2.442,3
1.3321,0.040465,3
3.8081,1.8076,3
3.7823,1.4215,3
-3.0869,-2.3914,1
0.62416,4.2728,3
3.612,0.31139,3
0.044969,-1.3474,1
0.73631,-0.58911,1
-0.89946,-0.92744,1
4.4973,-0.1576,1
1.8405,-2.1085,1
-0.76327,-0.99152,2
-1.5703,4.387,2
1.6002,-0.61029,1
0.4454,-0.10611,3
2.6123,3.3308,2
3.2343,2.6572,3
3.6854,1.8531,3
0.96813,4.4912,3
-3.4338,2.7517,3
1.2036,-2.1891,3
-3.866,-0.3698,1
1.7757,0.33325,3
0.79716,2.5552,3
-2.368,3.436,3
-1.7051,-3.925,2
-1.5984,-0.11792,1
2.4296,1.1762,3
-0.56419,-1.4657,1
0.42241,-1.4931,1
1.9895,-1.174,1
-0.68578,3.8506,1
1.7304,-0.45481,3
6.6058,4.8257,3
0.30099,3.7841,3
0.59848,-1.8364,1
4.7792,3.0017,3
1.9274,3.1478,3
-1.7485,-1.6328,1
-1.6013,-1.4904,1
3.0866,0.69909,2
-0.50141,-0.35148,3
2.9798,-0.45764,2
-2.9267,-2.9733,1
-1.3475,1.5482,3
-5.554,-0.35566,1
0.32395,-2.507,1
0.40785,2.7654,2
0.79153,0.88817,3
3.3698,0.17676,2
-2.3656,-3.7125,1
-3.1067,-2.2496,1
-0.87475,2.1127,1
3.2094,1.014,3
1.2825,-0.46274,1
-0.40559,-0.34027,1
-0.033623,0.72955,3
-4.5046,-1.7233,3
-0.85497,0.18556,1
0.96144,-1.5936,3
3.1178,1.8315,3
2.8071,4.0176,3
-3.9157,-2.0361,1
-0.75876,-5.0907,1
-0.51261,0.057895,1
-3.4416,-2.8782,2
1.6086,-1.4609,3
1.1351,-1.9192,1
2.4518,-2.1463,1
-1.2561,4.0439,3
-1.5961,-0.63789,1
-1.5465,1.1403,1
2.0502,-2.7267,1
1.393,0.19048,3
-3.328,0.58426,1
-2.4185,-1.8072,1
3.5191,4.3746,3
0.2831,-0.022844,3
0.44409,2.9394,3
2.0174,-0.11804,1
-0.65046,-2.9974,1
2.0938,4.508,3
-0.66994,0.28583,1
-0.32764,-1.369,1
-0.7916,0.72437,2
0.64195,-1.1937,3
1.7403,-0.074125,3
-4.2043,0.80124,1
1.9892,4.5113,3
4.1563,3.9765,3
-0.29751,0.80186,2
-1.2137,1.5657,1
0.21445,0.62042,2
-1.7519,4.3381,1
1.0909,0.19766,2
-0.88815,1.5314,3
0.48728,2.8503,3
-2.1754,-3.7058,1
0.55208,2.6894,3
-0.86166,0.48295,3
0.16793,1.2434,1
-2.2663,-0.3948,3
1.5994,5.3551,3
1.9551,1.3149,3
-0.52967,1.553,3
2.7191,3.852,3
4.5463,3.8105,3
1.6812,-3.4618,1
1.9071,0.82605,3
0.93459,1.5097,3
-2.5129,-5.4067,2
2.2863,2.802,2
-0.081766,-5.226,3
-3.4222,-0.58217,1
2.1515,0.81028,3
-0.28242,0.89156,3
0.39636,0.30683,3
-2.7017,-3.3029,3
-1.2978,-3.6339,1
0.75432,1.2352,3
1.9194,0.86363,3
-1.2442,-1.2358,1
1.2776,2.1421,3
-0.98205,2.1084,3
-1.9885,-1.395,1
-3.7255,-3.314,1
4.7194,2.9436,3
0.6551,-0.46177,1
-0.22521,-2.2421,1
2.8383,-3.7067,3
-0.15391,-1.5825,1
-2.9022,-2.6333,1
0.86375,2.0596,3
5.3569,4.4429,3
2.9476,1.4387,2
-0.26146,1.2423,1
-1.3246,-2.3882,1
-0.5308,-1.341,3
5.4923,3.2875,3
-4.179,0.050969,1
2.464,3.6644,3
2.4762,-2.3171,1
3.5108,1.2376,3
1.5616,1.6537,3
-1.4742,-0.68622,1
1.224,2.6436,3
-0.38054,-3.2704,1
-1.1964,1.544,1
0.7332,-2.9423,1
1.4333,-0.75009,3
5.1835,2.3944,3
-1.2356,-2.3152,3
1.322,5.3557,3
-4.6532,1.8294,1
2.9194,0.11348,1
-3.0877,0.050039,3
3.5603,4.2135,1
0.82512,0.70895,3
2.6389,3.6671,1
-3.2215,-1.4896,1
-6.176,0.31628,1
0.52661,2.3629,3
2.3947,3.945,3
-4.1502,1.1556,1
-1.8017,0.95456,3
-0.78929,-0.6129,2
-0.66484,-0.98499,1
-0.49294,-0.47645,1
-0.70588,-0.52669,1
5.4176,1.3374,3
-0.35324,-2.3651,2
5.0163,1.3865,3
-1.4683,-1.5081,1
0.25289,-0.50765,3
-0.61036,2.4725,2
-0.8277,-7.5655,1
-2.9644,-2.7218,1
2.4836,3.5073,3
1.5435,0.17354,1
-4.1604,0.93793,3
4.8105,-1.1699,3
-3.9084,-2.6338,1
-1.4297,-0.18576,1
2.7963,1.4791,1
1.8315,-0.11351,1
-2.507,-2.314,1
-1.9614,-0.59592,1
-3.2233,-3.1042,1
-0.017881,-2.5082,1
-0.060228,-1.2225,1
3.1151,-0.52165,3
4.2646,-1.1944,3
-0.58228,-1.6736,1
1.9429,-2.677,1
0.68693,1.2732,3
-0.33441,1.5088,2
0.82105,0.62479,3
1.754,-4.1138,3
1.1484,1.296,3
-4.6772,0.13016,1
1.1866,0.066024,3
3.9394,1.3473,3
1.8525,-0.050487,3
3.8292,-0.43012,1
-1.9761,3.5408,3
0.21224,0.13107,1
4.2726,-0.2684,3
-0.94176,-0.18753,1
-2.6669,-1.85,1
0.74032,-1.4011,1
3.7333,3.6998,3
-4.7521,-2.6938,1
0.024212,2.0855,1
-2.7816,0.32109,1
-2.1448,-0.13946,1
-4.7927,-0.69407,1
-1.3959,-1.6773,3
2.2303,2.5325,3
0.30537,-2.3845,1
1.8043,4.2322,3
-5.764,-2.8758,1
-1.9205,2.4797,1
3.9513,-0.26956,3
-1.7609,-0.11268,3
2.0905,0.41374,1
2.7986,1.3744,3
-0.43809,4.4317,3
-0.40847,0.080141,1
-3.4823,-2.886,1
2.8675,1.5793,3
3.3506,0.71988,3
0.38447,-1.5436,1
-3.7194,-2.9953,1
-3.9753,1.1621,1
-0.66374,-0.1328,1
-0.94334,-0.72331,3
-2.8049,-1.9692,1
1.672,2.9373,3
1.4084,-0.84649,1
0.82789,4.4658,3
0.63988,-1.9597,3
-4.3275,-0.6129,3
-2.3932,-2.4375,1
-1.8572,-3.903,1
2.3452,5.7383,2
-0.78615,1.7562,3
-0.37475,3.5183,3
-0.24595,4.3006,2
-0.8962,-1.6673,1
-1.9447,-2.6522,1
-1.1783,0.8869,2
4.3236,3.939,3
0.64377,1.8926,2
-0.13505,0.96505,3
-5.5181,-5.5403,3
3.3176,-0.30266,1
-5.2484,-3.3792,1
3.8095,0.84091,3
-1.5961,-1.7936,3
0.10511,-1.8103,3
-1.0963,-3.3198,3
0.90023,-1.4935,1
4.7016,-1.0045,3
-2.134,0.82453,1
1.1568,-1.5584,1
-2.272,-0.32778,1
1.5167,-0.43905,3
-0.26666,-0.39801,3
2.6454,-0.585,1
-5.3751,-2.5564,1
-1.495,-2.0939,1
-0.18152,-0.82475,2
2.3539,3.6645,3
-0.39065,-0.32645,1
-1.8722,4.0007,3
1.0386,2.8164,3
2.532,3.0625,3
-7.3901,-1.1864,1
-0.33304,-1.1445,1
-3.1725,-2.4128,1
3.2899,4.5784,3
-0.86662,4.9622,3
0.20234,-0.092857,3
2.4899,2.9685,3
0.56007,-1.3704,3
-3.3169,-0.19369,3
0.67317,5.566,3
-3.1514,2.5189,1
2.1516,-1.7797,1
-0.20044,1.632,3
-3.103,-6.4227,1
-0.4704,-0.23988,3
-0.22934,-2.1868,3
-4.0903,-6.1495,1
1.4328,-5.2935,3
6.9355,3.4908,3
0.47538,1.28,3
-1.9537,-0.15625,1
-0.13691,-1.7234,2
-1.2566,-2.4835,1
1.8511,4.3491,3
-1.166,-3.9548,2
-4.1507,-2.6457,1
-1.1435,-6.0581,1
0.824,-6.1407,1
4.7065,0.73428,3
1.7133,-1.1692,3
1.8893,-0.37097,1
-0.58894,-3.5514,3
-4.668,0.22724,1
3.5106,1.7962,3
2.8856,0.22482,1
-1.0925,-1.6294,3
-1.1109,-1.4102,1
-2.192,0.89841,2
-0.93396,-0.94784,3
-1.6689,0.4562,1
-1.4339,-1.6362,2
-3.9787,-4.716,1
4.2988,2.9917,3
1.0122,-3.6464,1
-2.082,-0.77316,1
1.5581,4.8245,3
-0.29596,-2.0716,3
-1.2677,0.55263,3
-0.091582,1.5584,3
-3.2718,-3.6868,1
-1.1547,2.8262,3
2.4187,-1.607,1
-1.762,-0.39145,3
2.5222,-1.1825,1
-0.052394,-0.23295,1
-1.8148,2.4468,3
-4.1673,-2.6965,1
3.0022,1.8907,3
-0.031463,-3.1857,2
2.1019,4.5459,3
3.0629,0.040245,2
-3.855,1.5886,1
-2.5956,-1.1093,3
-2.3129,-1.2996,1
-4.0089,-2.648,1
1.0829,3.8087,1
-5.2483,-0.98027,1
-1.7515,-1.6714,1
-0.30664,4.7196,3
0.8387,2.9819,3
-0.75925,-2.5073,3
1.0588,-0.83164,1
-1.7054,5.5784,3
4.0278,-0.8213,3
1.2361,-0.6474,3
-1.621,-0.40137,1
3.0386,-1.4228,3
1.9042,1.1611,1
0.28022,-1.6777,1
-2.0507,-2.9487,1
-1.0753,-2.4727,3
1.8103,2.75,1
1.7101,3.6747,3
-2.6261,-3.1226,1
2.1236,-0.39968,1
1.4825,-0.87012,3
2.45,-0.23203,3
-2.9986,1.0923,1
0.32012,-2.331,3
2.4117,3.3526,3
-0.27,2.6707,3
1.9815,1.6605,1
1.0401,-2.0002,1
-0.16112,-0.76826,3
0.97378,-1.2704,3
5.4975,-0.15866,3
-0.85964,-0.58841,3
2.6915,-0.82147,1
-3.6388,-1.4394,1
1.6672,-2.4909,2
-2.0249,-0.30784,3
-1.6596,-0.0025286,3
-1.8515,-4.0736,1
2.1182,0.86283,3
-1.7083,-1.894,1
0.11877,5.0775,3
1.7171,0.82215,2
3.1674,1.6976,3
-2.7941,1.2414,3
-4.1765,-0.58284,1
-3.5453,-0.52346,3
-3.7851,-3.0342,1
1.7524,5.4978,1
-2.3271,-1.0892,3
3.344,3.9634,3
-0.92666,-1.5723,1
1.0863,1.4248,1
0.88084,4.0647,3
0.41021,0.063912,1
1.4061,-1.3957,3
-0.97134,-1.0432,1
1.3788,0.71699,3
0.40299,1.3393,3
1.6048,1.0234,3
3.3721,-1.3856,1
-1.7213,2.2591,3
1.1637,3.4319,1
-1.6401,0.60313,1
0.87525,3.394,1
-2.9068,-5.4574,1
1.8606,2.2897,3
-2.3462,-5.3114,3
-1.1849,-1.8739,1
-3.5739,5.6011,1
-0.34736,0.52552,2
-2.5636,-3.1544,1
-3.8256,-2.286,1
-5.1636,-2.5118,1
-0.56787,-5.1824,1
0.72574,0.43047,3
-0.13337,-4.048,3
-0.17827,1.0336,1
-1.3163,-1.1817,1
-0.2708,-1.0578,1
-5.0069,1.5454,3
-1.0191,2.3243,1
-1.2159,-0.38878,1
-2.0645,3.085,1
1.0943,-3.0754,1
0.33568,0.26259,1
2.9616,2.6196,3
5.8362,1.1543,3
-3.1932,-4.39,1
1.1609,-0.33263,3
2.035,-0.36916,2
-0.87524,-0.15158,1
0.59584,-0.92967,3
-0.79845,-2.0209,1
-3.8555,-5.0831,1
2.2574,1.7995,1
1.7473,3.6476,3
-4.7978,-2.5601,1
-1.751,-1.2396,1
0.59926,0.42785,3
1.4242,-1.4478,3
-1.2045,1.6901,1
-3.1428,-1.1918,1
-0.4851,-3.0005,1
-2.3975,-2.4689,1
-2.8246,2.3717,3
-3.4852,-1.8205,1
-4.3835,-1.8453,1
1.4165,3.8926,3
-4.8774,-4.1694,1
2.8195,3.9417,3
1.5065,1.4399,3
1.3244,0.73634,3
-0.099554,2.0235,2
1.7626,2.3351,3
-1.4567,6.1246,3
0.99415,-0.056797,3
1.7125,1.6376,3
-0.15771,0.1322,1
-2.6239,1.5425,1
-2.686,0.52611,1
-3.9421,-2.3767,1
-0.28254,-1.4006,2
3.3886,5.5584,3
-6.0549,-3.0772,1
-1.8188,-2.6619,3
-3.0504,-4.3613,1
-1.9369,-2.7067,1
-0.97639,-0.99207,3
-0.33069,-1.4419,1
-3.2922,2.4644,1
1.0728,0.40109,3
-1.5149,4.5132,3
-0.23811,-1.9023,3
-5.4009,-5.4562,1
-5.5021,-0.86034,1
-0.64256,0.34768,3
1.3939,1.557,3
-0.0821,3.323,1
1.2157,2.5511,3
0.92094,0.92539,1
2.5194,-2.2601,1
4.5807,1.7038,3
3.9312,0.071464,1
-1.3641,1.7763,1
0.76394,-1.6413,1
-5.7167,-1.6266,1
-2.5978,5.8605,3
2.6444,-0.079175,1
2.3354,-0.61703,3
1.3759,1.4653,1
2.1277,-1.3366,3
0.5085,-4.2768,1
-2.2843,-2.1343,1
3.8638,1.8112,3
-1.3693,-0.25824,1
2.5165,-0.046962,1
1.8442,1.211,3
-0.29697,-5.9748,1
4.2565,1.1725,3
-0.302,-2.3019,1
0.85186,0.4242,1
-0.33435,-3.7888,2
-0.42544,-4.3478,1
0.77827,0.25571,3
-1.9975,1.3578,1
0.48346,3.9277,3
-3.4652,-2.7814,2
-1.1617,1.11,3
2.2359,1.8832,3
2.1216,-2.9914,1
-0.2658,-0.085194,3
3.1377,1.8761,3
-2.6157,0.27783,2
-1.7683,2.2236,3
0.41104,4.27,3
0.5021,-1.7652,1
0.51286,0.52649,1
5.7373,3.6844,3
0.54995,-2.8427,1
1.0997,0.96111,3
2.3988,-1.9068,3
-1.5034,0.71164,3
-2.8138,1.9278,3
-0.87379,1.4538,3
-0.65661,0.41643,1
-2.5122,-2.2423,2
-1.5577,3.0052,3
-3.9742,-0.64877,3
0.57517,4.9145,3
-4.7474,-0.13758,1
1.9407,1.8891,3
2.7013,1.1058,3
-0.96384,-1.1802,1
0.82408,1.9849,3
-2.9419,-5.7864,1
-3.6276,-1.3008,1
-1.9548,-1.0237,3
-5.7721,-2.6138,1
1.7883,0.12077,3
-2.9586,-2.1977,3
0.52827,0.18923,1
-2.3779,-2.1623,1
3.7239,-1.6705,2
1.4185,-3.7028,1
2.8836,4.7917,2
2.6841,2.2453,3
-4.8848,-5.3785,1
-2.9053,-0.64534,1
-0.90725,0.5491,3
3.1744,-0.23525,3
-1.3598,5.0721,3
-1.5451,1.6441,1
-1.7846,0.76121,2
-1.4312,-0.93038,3
-1.2501,-1.2894,3
0.2389,1.5066,1
-0.46387,-4.8175,1
-1.5105,-0.16926,3
-2.5392,1.2424,3
-0.82426,-5.8083,1
-2.0561,-0.012881,3
2.6671,1.778,3
-3.9278,-0.33675,1
-1.1287,-0.71882,3
0.51363,-2.3249,1
4.2194,7.8684,3
-0.35747,1.5892,2
2.4304,4.2347,3
-1.3154,0.78246,3
-3.8782,1.9353,1
2.962,-3.8967,3
-1.5863,3.8803,3
-2.279,-1.0506,1
-2.2622,2.4098,1
-0.33911,-0.11056,2
-0.67233,-2.7337,1
-2.9793,0.20819,1
0.028245,3.5144,3
-3.5314,1.0691,2
1.2537,1.4794,3
-0.63837,-3.6895,1
-3.0721,-0.0043454,2
0.65338,0.25717,1
-1.8547,-1.8569,1
3.063,0.92905,3
0.56714,1.4441,3
-3.2369,-1.1078,1
0.64766,0.24086,3
-0.023215,1.7559,1
-1.9794,1.1093,1
-1.3732,2.9836,2
3.089,-1.713,3
-2.9857,2.97,3
-1.3664,0.31313,1
-5.3349,-0.8995,1
3.0656,1.9444,3
2.2772,-0.76202,3
-2.7185,1.5586,1
0.27045,0.71118,2
-2.2141,-0.045073,1
2.1592,2.1682,3
0.33737,-3.2107,1
-2.8504,1.4266,1
0.40246,-0.4799,1
1.6245,4.9489,3
-2.1098,-1.6748,3
-2.901,0.088076,1
2.0529,-0.62106,3
2.9694,-1.3997,1
2.5262,-1.6186,3
1.0655,-0.44476,1
-0.78246,3.7283,3
-3.0371,2.9254,3
-7.007,-2.653,1
0.95439,0.090363,3
2.029,0.3746,2
-1.459,2.8256,3
-1.8557,3.9125,1
-3.4266,-2.8002,3
1.1856,3.0729,1
-0.20511,-0.16148,2
-0.37523,1.7568,3
-1.0761,0.6196,1
-1.6745,2.045,1
-0.12645,0.79456,3
-0.17344,-2.4421,1
-1.9539,-0.054864,1
4.042,2.2395,3
-4.4395,-4.1767,1
1.3749,-3.8203,1
1.4181,-1.3374,1
0.20959,-0.26887,3
-4.2437,-0.81789,1
-2.5857,4.8081,3
-2.5932,-1.7494,1
1.8893,0.79399,1
-0.7588,2.0402,1
-0.46381,-2.3418,1
2.8092,2.8198,3
3.0135,-0.20142,2
-1.945,-2.0861,1
-2.2248,2.3298,2
0.8849,1.9102,1
-1.618,-2.4961,1
1.964,-1.1453,1
4.8027,0.79617,1
4.9243,-0.70642,3
-0.30642,2.2319,2
-0.6984,-3.7169,1
-2.8525,-1.2498,1
1.1666,0.054646,1
0.8199,2.8318,3
6.9674,1.1676,3
2.0617,-1.5511,1
-1.7449,-1.3008,1
0.28493,1.2834,3
-0.25938,2.271,3
1.1563,0.71554,1
2.6126,-2.1997,3
-2.6816,-0.97463,1
-0.11707,-0.97357,1
0.52141,-3.2344,3
-2.5464,-2.5345,1
-1.5646,-2.256,1
-1.59,-0.57331,1
-3.0792,-1.4179,1
0.68582,-2.4086,1
0.61631,-2.3256,2
-3.6855,-1.4652,1
0.97358,0.058562,1
0.084967,1.8678,3
2.447,-0.66841,1
3.8895,1.2144,3
-4.386,4.3117,2
1.5032,-2.1452,1
-2.5317,-3.8998,1
2.7052,2.515,3
0.13297,3.592,2
8.8741,-0.3345,3
0.75756,2.6928,3
2.4084,1.6882,3
3.325,3.6529,3
3.6446,-0.78261,1
1.4968,3.144,3
3.1719,-0.068863,1
-3.2708,-1.1529,1
1.1388,-3.8163,1
-0.53716,-1.0409,3
-0.66823,3.7071,1
1.1969,1.8651,3
-0.61062,2.1899,3
-1.2835,-0.88697,1
0.015303,-1.0125,1
1.717,-2.0528,3
0.27436,-4.7981,1
5.7577,4.745,3
-4.2251,0.49742,3
0.9148,-2.5711,3
-0.22266,3.0226,3
-1.1238,-1.4527,3
0.85209,0.13128,1
-5.989,-2.9604,1
1.686,-2.0106,3
-0.63736,1.2184,3
0.77772,-1.3263,1
1.9425,1.768,3
2.9891,1.607,3
-0.71009,5.7745,3
1.6677,1.9503,2
-2.3058,1.0081,3
-2.7992,2.2866,2
2.2862,2.9672,3
-1.1527,0.28441,3
2.3879,1.7258,3
0.84989,-1.5067,1
0.17069,-1.5737,1
-5.8421,-2.5568,1
0.61033,0.18118,1
1.2165,3.3695,3
2.3847,1.8,3
1.9531,1.11,3
1.2292,1.6186,3
-2.5005,-1.7332,1
-1.1992,-4.597,1
-1.2202,-1.8007,3
-0.90121,-2.6952,3
3.2292,-2.3597,1
3.5089,-2.6087,3
3.0595,0.73067,3
-0.8797,-4.8619,1
1.8982,-1.2533,3
3.0294,0.34941,3
-2.0585,-4.4007,3
0.082082,0.56775,1
0.6038,-2.3975,3
-3.4395,-1.2144,1
-1.6651,-3.6146,1
-5.0314,-3.2178,3
1.6777,1.2447,3
-2.3519,-0.17637,3
2.0561,2.2003,3
-0.76483,-1.7541,3
1.1752,-0.060149,1
1.9483,3.853,3
-2.2893,-3.8875,1
-0.5563,-2.0215,1
2.2776,2.5875,3
1.9067,0.89446,3
4.418,0.19851,3
0.11424,-2.1631,2
2.3678,0.11189,3
1.7911,4.3129,3
-5.1708,-4.3885,1
2.7297,-6.7819,3
-0.65021,-3.1487,2
1.9936,-3.4425,2
-1.7875,-3.544,1
-2.662,-4.1833,1
1.558,-0.66423,1
4.3599,3.4709,3
1.7993,4.509,3
-1.7378,-2.0071,1
0.48035,1.1555,3
-2.1829,-2.7555,1
0.80263,-2.2276,3
-4.2365,-2.6563,1
-2.1061,-3.0999,1
1.4977,0.68209,3
5.4278,1.8044,3
0.20409,4.5389,3
0.036336,-2.2938,1
-2.1441,-0.21622,2
1.473,-1.0952,1
1.8481,0.60627,3
0.33378,0.86596,1
1.7255,-1.7599,3
2.0022,3.0725,3
1.2869,3.4028,3
0.95802,3.0225,1
3.935,1.0629,2
0.78145,-0.28806,1
3.1882,-1.1948,1
2.0989,1.5789,3
2.7917,-0.15796,1
1.3065,-1.0772,3
-1.1587,-0.87887,1
-0.042905,4.2965,2
-1.8122,5.9247,3
-0.99833,0.068731,1
-1.4426,3.0653,3
0.85439,1.2363,2
-1.5088,0.5978,3
3.796,1.6775,1
0.82409,-0.039106,1
2.6894,3.122,3
-1.0276,0.56696,1
-7.5159,0.23913,1
-2.5055,0.048854,1
-1.4354,-1.2766,1
-1.8205,-2.9283,1
-1.0058,-4.579,1
-1.8796,1.7661,1
-1.2903,1.1888,1
0.14257,4.5416,3
1.9565,-1.1869,1
3.1,-1.6619,1
-1.2069,-6.5867,1
4.1547,-0.71991,2
-0.26687,-2.5037,1
-3.1067,-1.3868,1
6.0753,3.9566,3
0.57081,0.72374,2
2.9007,-1.8693,1
0.070247,-6.8645,1
2.5563,-2.5089,3
1.394,0.86355,1
-0.63604,0.5354,1
0.031714,-0.36877,1
2.3919,1.5725,2
0.27921,-1.914,1
0.76343,1.3222,3
0.53124,-3.1146,1
1.1622,0.88269,3
-7.2611,2.5689,1
-0.6154,0.5848,3
-5.7436,-3.6446,1
6.5916,1.8954,3
1.6026,-4.2265,1
-0.271,-0.64857,3
-0.80679,-0.86313,2
-0.45157,2.1075,1
0.69799,-1.3637,1
0.45986,0.8529,1
3.034,3.0136,3
3.4726,-3.9275,1
0.61421,3.6543,3
3.9481,3.3758,3
1.9206,3.7199,3
0.55212,1.7974,3
-2.3753,0.72153,1
1.8766,-3.346,1
-1.385,-2.4076,1
-1.8721,-2.5786,2
0.053268,-0.70187,3
1.8987,1.0401,3
-5.3174,-1.7999,1
-0.66791,-0.99618,3
3.1428,3.8429,3
0.61123,-0.75083,3
-3.7739,-3.3035,1
-1.731,0.054347,1
-3.2994,-0.68792,1
0.16555,-1.4249,1
-0.44441,-2.7901,1
-2.4788,1.8697,3
7.248,6.8984,3
-1.0926,1.4656,3
-3.0582,-2.5989,1
-0.20333,-1.2118,3
0.65302,-2.3593,1
2.1702,-1.061,1
-0.3863,-0.62945,1
0.90986,-0.1622,3
-3.9827,-0.75529,1
4.9198,1.7388,3
-0.89077,3.4398,3
-3.3111,-4.5019,1
-1.4704,-2.8275,1
1.9287,1.5236,3
-0.50937,0.95065,3
0.93021,-2.7381,2
2.3876,3.436,1
0.73332,4.2197,3
2.7053,-1.351,2
-0.13044,1.0464,1
2.4,-0.031589,3
1.3547,-0.91654,1
0.76479,0.96127,3
-2.6629,1.8052,1
-1.2729,0.40612,3
-2.1336,-1.3633,2
-0.70696,-2.0076,2
-3.9509,-1.7603,1
-0.83347,2.264,3
-0.85381,-3.5843,1
-0.99352,0.76128,1
-1.4278,0.99766,3
-4.4568,-2.0499,2
3.1536,-0.29771,3
-1.1686,-4.0793,1
4.2699,1.149,3
2.7971,-2.9138,2
-0.52455,-2.1629,1
1.6303,-0.14215,3
-0.57559,-0.37848,1
-1.3909,-0.7537,1
2.1865,0.74932,3
2.0824,-1.1375,1
0.51689,1.0218,3
-4.6678,-2.7064,3
3.4581,3.3092,3
0.20058,2.8305,3
-4.9545,-1.6326,1
-2.653,-1.3496,1
-0.73977,-1.8314,1
1.1066,1.7542,1
2.3748,-2.5718,1
3.3435,-0.37261,3
-1.5261,-2.2113,1
-0.17657,-0.031129,1
-1.3324,2.2182,3
1.7842,-0.45565,3
0.32337,-0.5208,1
1.2601,1.8945,3
0.18866,0.53516,1
-0.63334,0.16536,2
-0.75526,0.1227,3
-0.36816,-1.6412,3
-1.4999,-0.15269,1
-2.8041,2.8663,3
2.1051,-0.91869,1
4.0489,4.7254,1
1.5806,2.4599,3
1.3075,-0.2011,2
-1.8849,-2.488,1
0.42662,-1.4842,2
-0.8559,0.29502,1
0.96031,-2.2693,1
-4.06,0.41792,1
0.2633,0.44804,3
2.1509,0.93113,3
1.16,-1.2255,1
-0.16894,-1.1347,1
0.31588,-1.7247,3
-0.37717,-4.0182,1
-0.65199,1.6457,3
3.4619,4.3622,3
-2.4025,-2.4058,1
0.63495,0.57505,1
1.7474,-1.3708,1
-1.0291,2.95,3
0.60572,-0.89268,3
1.4803,-2.2066,1
3.1379,-1.6493,2
3.5805,0.76931,2
-1.8344,-2.6072,1
1.2693,0.41021,3
0.63973,-1.0137,3
0.88332,-1.2395,3
-4.2133,-1.4832,1
1.335,0.97256,3
0.91333,2.6711,1
4.5042,2.4834,3
0.56526,2.2011,3
-1.2085,-2.832,1
-0.64991,0.40279,3
-1.6554,2.4022,2
1.759,-1.446,1
0.46958,4.3281,3
0.035715,1.3274,3
-0.50892,-3.2632,2
1.1991,-1.1542,3
2.0615,-0.19639,3
3.6279,-1.1901,3
-1.765,0.71187,1
-0.54712,-2.4349,1
3.3183,2.7104,3
-5.7305,-1.0502,1
1.4235,1.7773,3
0.75743,-0.87172,1
1.6857,-1.0703,3
1.3946,-1.8624,1
-0.2323,3.4281,3
-3.1417,0.1928,1
-0.12574,2.9494,3
-3.683,0.14565,1
-0.85503,-0.17484,1
2.2606,-3.4321,3
-7.6331,-2.8597,1
1.5026,-3.6632,3
2.6536,2.2393,3
2.6637,1.2952,3
3.2202,-3.415,3
0.96084,0.71084,3
1.4086,-2.5105,1
-3.6019,-1.4056,1
2.6433,0.36202,1
1.9164,-1.0709,1
2.0642,-3.3364,1
0.62212,1.5522,3
-1.1805,-1.0502,1
2.8983,0.67826,3
1.4766,0.26945,3
-4.0044,-2.9611,1
0.5957,1.7702,3
-0.40525,-1.5284,3
0.78354,-2.9956,1
-2.7137,0.99106,3
-4.2071,0.77592,1
-0.97786,0.76493,3
-2.4192,1.2132,1
3.3887,1.2356,1
-1.8027,2.6814,3
-2.377,-0.35115,1
3.2606,0.36657,3
1.3023,-0.21023,3
-0.33858,-2.5955,1
1.7924,2.1861,3
3.1708,5.2074,3
2.3449,5.4781,3
1.2531,-2.4401,1
-0.057352,1.2348,3
-0.085911,2.997,1
0.60866,5.5016,3
2.4112,1.1789,3
3.6177,-0.34718,2
3.2423,0.22258,1
-0.070624,3.2216,3
-1.2577,-1.8192,1
-1.6104,0.78943,1
5.6184,3.3972,3
-1.2948,2.9313,3
0.15205,-1.8645,3
1.2829,-0.07023,3
0.40641,-0.47348,3
-0.28418,-3.9925,1
-0.13345,0.72399,3
-2.1223,1.6612,3
-3.4066,-0.29072,3
1.3412,0.19844,1
-0.77668,-1.8087,2
-3.0792,1.3817,3
3.7998,2.8145,3
0.17799,3.559,3
0.17676,1.3314,3
-1.0537,0.35115,1
2.1478,-2.7412,1
-2.3989,-2.9666,1
0.12127,1.3447,2
1.9788,5.6871,3
-2.731,1.5595,1
-2.1809,4.1965,3
-2.7238,0.2278,3
2.1979,2.5963,3
-3.2024,-0.2101,1
1.8677,0.45193,3
0.28217,-2.949,3
2.4787,0.81,3
4.4691,3.0219,3
-0.10555,1.5499,1
-1.4197,1.4303,3
1.5216,-2.484,3
1.4632,2.2862,3
3.6327,2.9192,3
5.8647,-2.5666,1
-1.4966,-0.0035075,3
-2.2828,1.5665,3
0.52905,2.1137,3
1.2388,-1.6275,1
0.57751,-0.40985,1
1.7153,1.5809,3
-2.744,1.7278,1
0.4001,-0.60195,2
4.7617,4.7618,3
4.6487,1.4157,3
-0.82734,1.4423,2
-2.4816,-2.8629,1
0.33836,0.54416,3
2.4945,1.9123,3
-0.1843,-0.69772,3
1.6559,2.728,3
-1.8403,4.1644,3
3.9698,0.76389,3
-0.51964,-1.755,1
-4.1883,-3.7364,1
3.1258,2.2505,3
-4.4605,-2.8403,3
3.1477,-0.079915,3
7.33,0.45438,3
5.185,-3.6685,3
3.8724,-2.4924,3
-2.2665,-0.43295,1
0.37332,-2.0874,1
-0.52362,-0.95939,1
0.23556,0.4202,1
3.7713,1.1192,3
-4.0866,5.0452,2
-1.6313,-5.3635,1
-2.3522,4.3207,3
-4.2044,1.1123,3
4.0634,2.2431,3
0.60969,4.9863,3
0.41532,-2.2193,3
-2.1993,-2.8739,3
1.4245,-4.1317,1
3.9476,-0.70167,2
3.6721,-0.48321,1
2.2136,-1.8259,1
-1.1452,-4.0298,3
-0.055438,-1.9885,1
-2.8554,-3.4975,3
-0.37535,2.0972,3
0.89172,-3.5698,1
-1.0245,1.9754,1
-0.72498,-0.66802,3
0.079326,-0.11528,3
-0.1994,-0.52633,3
-1.351,0.19794,1
-1.3353,-0.70644,1
0.94734,-4.0408,2
0.50583,-1.3354,3
0.56504,1.5106,3
-5.3176,-0.84083,1
4.0162,1.133,3
-2.955,-0.60024,1
0.93387,-2.6422,3
2.4341,2.4089,3
-1.0564,-3.0717,1
-2.3651,1.6162,1
-2.6078,0.47218,1
1.0356,-4.138,1
-2.5895,-3.8479,1
1.8799,0.34629,1
0.62778,-0.35381,2
0.24026,1.333,3
1.982,0.79809,1
-0.1633,1.105,3
-0.51739,-2.8883,1
-1.0212,-2.2099,1
0.90606,0.6591,3
-2.7253,-0.36212,1
-3.6252,-1.8185,1
0.23963,-1.5681,1
-2.1837,-2.0233,2
-1.1694,-2.092,1
0.76336,1.457,3
-1.197,-0.047909,1
1.3593,0.81294,2
-2.5255,-3.1195,2
-1.4005,-1.2338,3
2.8142,3.9581,3
-3.1186,-4.2145,1
-2.9754,-3.6403,1
-2.0418,-3.5487,3
1.9721,-1.1077,3
-1.7137,1.9042,3
2.7106,-1.4519,1
-0.57758,4.7392,1
0.21976,-0.6496,3
-1.4227,-2.4239,1
-1.7339,-3.1368,1
-0.79931,-1.7008,1
2.2777,2.6178,2
-0.41056,-2.0355,1
4.6427,1.6055,3
-2.7844,-2.3947,2
-1.2951,3.0749,3
-4.2297,-0.97425,2
-0.99032,-0.10138,1
-0.57541,-2.5362,3
-2.4013,-5.81,2
-1.9257,1.3752,1
-1.9148,-1.57,1
0.90288,0.58404,3
0.50432,-1.5571,3
0.83969,-0.64491,2
2.1556,4.4704,3
0.8879,-0.1221,1
2.2796,2.695,3
0.99021,-1.9797,2
-1.3657,0.33023,1
3.0613,4.9095,3
-1.8309,-2.1192,1
-1.3005,-0.042129,1
-2.4754,1.6479,2
-0.47314,0.24207,2
-4.428,0.56645,3
2.5451,1.3488,3
0.14358,-5.1089,1
2.9293,2.4467,1
3.4884,-1.6358,3
2.3882,-0.44421,3
-4.6973,-4.168,2
1.01,0.19544,1
-2.0199,-0.71741,1
-1.2738,0.10255,1
0.077886,-0.11979,2
1.4829,-1.9976,1
-2.0666,-0.66748,3
2.484,-0.37812,3
0.87488,-0.46915,1
-3.3731,-3.1416,1
2.6045,-0.50876,3
-1.034,-2.7279,3
3.6054,4.4874,1
2.6432,-1.4193,3
-1.6393,-4.7731,1
-0.74158,-0.91251,1
-0.54605,2.5936,2
-3.2991,-2.6397,1
4.183,3.8389,3
1.9377,0.91801,3
-0.36885,-1.6606,3
-3.0539,-3.7581,1
0.39198,-3.2355,1
3.3646,-0.64226,3
-1.0377,2.268,1
-5.0055,-3.9629,1
-0.65028,-0.52619,1
3.9546,3.5989,3
0.32481,-2.2738,3
0.77436,0.39285,3
-0.62532,2.7737,3
-1.1027,-1.2881,1
-0.44287,-3.0436,1
-0.12338,-2.9617,1
-2.1486,-3.128,1
-1.7561,1.1985,3
1.516,4.0028,3
0.25573,-4.3092,1
2.9749,-1.7727,1
-1.9789,-1.0238,1
4.2705,3.9511,3
0.71105,0.91209,3
3.0555,5.6287,3
-0.28078,0.53342,1
2.188,-0.92984,2
1.8498,-2.74,1
-2.293,-0.649,1
1.4955,-0.19269,2
4.5594,2.9583,3
-2.5554,-0.92486,1
2.3358,2.972,2
-3.5706,-2.2029,1
-1.5115,0.38029,1
3.6014,0.76628,1
-2.6638,0.46946,3
3.6301,0.43971,3
-0.93956,-0.64638,1
0.0087181,4.2354,3
7.4219,2.1778,3
-2.6293,-1.3779,1
6.3686,0.96828,3
-0.27864,-2.2302,3
0.020446,-1.1756,1
-2.4249,-2.0923,1
-2.4012,-0.3656,1
-0.10849,-2.7848,1
3.8432,-1.7675,3
0.72618,3.2126,3
1.4082,-3.9364,1
1.806,3.7348,3
2.6239,2.0035,3
-2.0674,-3.986,1
-0.067865,-2.5384,1
1.9764,3.2736,3
-0.93469,1.0438,2
-1.1587,2.1755,1
2.681,-2.1334,3
-3.3631,-0.86006,1
-3.1035,-2.0683,1
-1.3654,-2.6747,1
-0.70495,-2.5339,1
2.1355,-3.6334,1
-3.8005,-2.3966,1
-1.9636,-0.48101,1
3.1404,3.4454,3
-3.7519,-2.8347,1
-2.2609,-1.3452,3
3.0997,0.15102,3
-0.4693,-2.6585,1
-2.6327,-0.70205,2
-0.60053,-1.2486,1
-2.8967,1.0323,1
-2.1422,-0.72543,3
0.83392,1.9298,1
3.7484,1.2287,3
-4.1136,1.5069,1
4.2746,1.7422,1
-2.4954,-3.3717,1
1.1796,3.1638,3
-1.365,-2.7283,1
-2.5702,-0.46723,3
-2.0209,3.2053,3
2.1504,-3.1997,3
1.8505,0.36694,3
3.6189,-1.6387,3
1.6045,-0.50674,1
-0.44467,2.8311,1
-2.8302,-0.56174,1
-1.8929,0.49044,1
-4.3387,1.816,1
-1.2749,3.1171,3
-2.0863,-3.225,1
6.3605,0.47528,3
0.70157,1.4873,3
-2.5608,1.1106,3
4.0561,-0.20072,3
-3.3633,-1.2394,1
-0.75551,0.90268,1
-0.40414,-0.31215,2
0.078514,0.089852,3
-3.1133,-3.9777,1
-1.819,-2.2198,2
0.68222,-2.9533,1
-1.3335,-1.1,2
-0.18136,3.5992,3
0.38937,-2.341,3
-0.42987,-1.4945,2
-2.0704,1.5482,1
-3.43,-3.2116,1
0.43724,-0.8666,1
-5.2212,-4.991,1
-1.8358,0.75704,1
1.0878,-0.46059,1
-1.4545,1.7986,3
1.9809,0.95825,1
-0.42335,-1.8568,1
-0.51512,1.5917,1
5.0084,4.1982,3
0.37997,-1.0105,3
0.30997,-2.9416,3
-0.33434,-1.7845,3
0.86652,1.665,3
-2.1682,0.80401,3
5.8235,3.1424,1
-3.4944,-4.5051,1
3.6975,1.2386,1
-2.0283,-3.383,1
-3.5755,-2.4972,1
-1.0098,2.6158,3
-0.73593,-1.9775,1
6.3466,6.4869,3
1.3956,2.3427,3
0.41166,1.6448,3
-8.5901,-1.9022,1
-2.6371,-1.8429,1
-4.9548,-3.2782,2
-4.0236,-1.7632,1
-2.2167,0.82481,1
4.422,0.068935,3
-1.7129,-0.94013,3
-1.5347,-2.1464,1
-1.1088,-2.5698,1
2.2083,1.3053,3
-2.4432,0.89638,2
-0.95443,1.8062,3
0.92736,-0.82169,2
2.5146,-1.8809,1
1.4087,-1.18,3
2.242,3.9365,3
-3.0744,-2.8431,1
-1.177,-2.0656,3
1.6106,0.047544,3
-1.8065,-0.58785,1
-2.526,-3.9915,1
-0.31821,3.1298,3
-1.551,2.04,2
0.36006,-2.0756,1
4.3387,7.2798,3
-3.5065,-1.0478,1
3.267,-0.52218,1
-5.1362,-5.1454,1
3.4157,0.15146,3
1.3324,-0.40045,1
2.7166,-1.5929,3
2.2539,0.52564,3
-0.59189,-2.213,1
0.20264,4.9851,1
2.0677,-0.44924,1
0.43856,-1.5897,1
0.68112,-1.1779,1
-0.75904,3.3977,1
1.6043,1.7038,3
2.0676,-0.31964,3
-0.69888,3.411,3
-1.5368,-3.1392,1
0.24776,-1.3326,3
3.2828,0.0927,2
-0.42098,0.87412,1
-3.3285,3.6347,3
-2.8441,-0.0010432,3
-2.1897,-0.69828,1
0.12885,-0.54093,3
1.564,0.22421,3
1.7809,2.9181,1
1.8203,-0.70152,3
0.99657,1.5067,3
0.90344,1.6596,1
1.9294,0.63889,3
2.7875,-0.60999,3
-1.4003,-2.7342,1
-0.98851,0.4871,3
-0.068486,1.2252,3
-2.2913,1.1448,1
1.1954,-2.2638,3
3.7646,3.4007,3
-6.4137,-1.2554,1
0.049874,1.95,3
-0.85178,3.6478,3
-1.1174,1.0979,3
2.3593,1.5232,3
-1.262,3.233,3
-0.56683,-3.504,1
4.2253,0.4155,3
-4.0041,-0.14092,1
0.15045,-2.1502,1
0.35385,-0.67424,1
0.649,-2.1605,1
-2.31,0.39872,3
-1.3546,1.1301,2
-1.6483,-5.5881,1
3.0202,-0.62952,2
-2.0634,-1.9902,3
1.3364,-2.0454,1
-2.3403,-4.3544,1
0.97977,0.038299,3
2.8939,-0.70229,3
-1.8928,0.561,3
-0.17716,-0.28011,3
1.4433,1.7247,3
-1.9363,2.6511,3
-1.0047,2.5926,1
0.23863,1.0808,2
1.6892,-1.6768,2
2.5402,-0.1324,1
-2.2475,-1.8954,1
0.95995,-1.2612,1
-1.1592,3.3508,3
-1.9423,-3.7866,1
0.43316,1.0926,1
-3.7151,-0.73097,1
1.9497,2.8599,3
-1.9002,0.58312,1
-0.15437,-2.795,3
2.6482,1.8776,1
-0.90276,-1.9559,1
-0.67434,-2.663,1
3.0292,-0.49532,1
0.21222,-1.4639,1
-4.3192,0.5376,1
0.59431,-1.294,2
1.3151,-1.0703,3
-3.2177,-3.0601,1
0.40066,2.9878,3
-1.7697,-1.3579,1
-4.2983,-5.6527,1
-2.8483,0.93243,1
-1.7207,0.30193,3
0.87155,-0.21188,3
-1.2505,2.3843,1
-0.59672,-1.7824,1
2.2712,3.2564,3
-3.0767,-2.9557,1
-1.2355,-0.76819,1
-2.4021,0.13541,1
-2.738,0.71161,1
1.9593,-0.25201,2
0.48052,3.4545,3
2.1613,-1.1099,3
1.4685,0.83376,3
-4.1288,-3.269,2
2.6563,4.4985,1
-2.5639,-1.6838,1
0.51613,-1.062,1
3.6356,0.04203,3
-6.3657,0.54906,1
-2.0322,-0.022854,1
3.7522,0.20884,3
-0.5035,-0.16003,1
4.3516,0.47779,3
-3.2318,-8.4707,1
3.3297,-3.5616,1
-4.7087,-5.3731,1
-0.20558,-0.3549,1
-2.1863,-0.83346,1
-3.6447,-4.05,1
0.48097,0.65765,3
5.2286,1.6134,3
-2.6894,1.5899,1
-4.044,-4.0622,1
1.0063,-3.7343,1
-1.7811,1.7121,1
-2.5836,1.5904,3
3.9319,-0.83272,1
3.0542,0.1824,3
-0.88062,-2.7558,3
4.3595,0.82249,1
1.7175,2.6256,3
0.8098,1.3812,3
0.89344,-2.3295,3
-5.3888,0.087241,3
-0.5726,0.98563,3
-1.1084,0.39571,1
-3.8482,-1.6326,1
3.5749,1.6524,1
-0.65778,0.98098,1
-1.6998,-2.1663,1
-1.9478,-0.25787,3
-0.69685,-1.2744,1
-0.39341,-0.15236,3
1.7127,0.53502,1
-4.1764,-1.6988,1
2.2494,1.2598,3
0.26065,1.3691,1
0.6573,0.25544,1
-0.87218,2.6485,3
-3.5794,1.8135,1
-1.9987,0.1684,3
3.5306,0.98626,3
-2.3342,4.3187,1
6.1527,3.4992,3
0.49321,2.0373,2
0.80685,-1.7798,3
-0.090554,-0.4148,2
2.3957,3.9061,3
4.338,-1.2308,3
-1.4211,-0.88775,3
1.1454,-4.0907,2
1.2557,2.3066,2
-3.3633,0.66905,1
-3.5608,2.5087,1
-0.83839,-2.242,1
-3.7017,-1.3267,1
-2.208,-0.20347,2
1.4332,1.9628,3
2.7911,0.072846,1
-3.0877,-1.5911,1
0.34463,-1.1381,1
1.5202,1.2212,3
1.089,0.13216,3
-1.1548,1.7394,3
-0.58442,2.2957,3
-1.4485,-2.923,2
0.9281,3.8895,3
-4.5167,-0.81579,1
-0.21169,-2.3878,1
-0.27305,0.72225,1
-3.1446,0.35001,2
-0.28251,3.3883,1
4.2317,-0.16619,1
-2.4651,0.42694,2
1.9941,0.19315,2
-0.32315,0.94987,1
4.8007,1.2713,3
1.7181,0.78876,3
1.4782,-2.5134,2
1.3911,4.0241,3
-1.354,-1.2453,3
0.79699,-2.2016,1
1.1919,-1.2891,1
-2.1946,-5.866,1
0.043134,2.5041,3
-3.2118,-3.0791,2
-0.80509,-0.2489,2
0.65401,2.504,1
0.19843,4.3778,1
0.6509,2.4412,1
1.8453,2.0732,1
-4.18,-3.7124,2
0.008625,-0.51966,1
-2.8202,2.2637,3
-0.22831,2.1421,3
-5.6408,-1.036,1
2.5104,-0.9765,3
1.3792,-0.35254,1
3.9488,2.7115,3
0.57217,-1.1872,1
-4.0702,-1.2603,1
1.3131,-1.1785,3
4.6696,1.8861,3
-0.8442,-1.959,3
-1.4873,2.3243,1
-1.6039,3.7887,3
-1.613,2.6679,2
-1.4195,-3.0573,1
1.6804,1.1223,3
-1.3727,-0.35922,1
1.3164,-1.3376,1
2.7288,3.935,3
-1.8856,0.95206,2
-4.0738,-3.6453,1
1.0717,1.2542,3
-0.35619,2.0019,2
-1.0579,1.1082,1
-2.4461,-0.33438,1
1.5539,1.2553,3
3.5664,6.7551,3
4.6079,3.6322,2
2.1011,0.068561,3
1.2217,1.3291,3
-0.60004,0.65882,1
0.2473,-3.2828,1
-1.4579,-1.0726,3
-0.17875,3.7323,3
0.68852,4.2368,3
-3.4747,-5.3902,1
-0.83503,-0.1836,2
-0.40588,-1.9167,1
0.5387,-0.31,1
3.2146,2.0623,3
-3.0315,-2.1118,2
-2.9965,-5.1936,1
0.63266,-1.1648,3
0.63573,0.75117,1
-2.1869,-3.2125,3
-3.1723,-2.0544,1
1.018,0.14503,3
0.44524,-2.5902,1
-4.1884,-1.4483,3
-1.955,-1.1319,1
-0.18513,0.058624,3
-2.4565,-2.025,3
2.9139,1.1597,3
-0.30962,1.473,3
-2.3981,-3.641,1
-2.0333,2.4211,1
3.6178,1.468,3
-1.2008,2.0431,3
-3.9085,-1.0747,1
-0.27984,0.97743,1
-0.48772,4.2037,1
0.35871,-5.1942,1
2.378,-0.59954,1
0.7085,0.11956,3
-5.8774,0.91503,2
-0.12849,-1.476,3
-4.1101,0.37458,3
-0.00049243,0.37378,3
1.289,1.5305,1
-2.2177,-2.2441,2
-1.5184,-0.94974,1
-1.9906,-1.0408,1
0.48661,-0.82108,3
1.699,-1.9522,1
3.3146,4.6131,3
-1.7914,2.3309,1
4.4224,0.28311,3
2.3851,1.3431,3
6.2796,-2.5371,3
3.0093,-5.2106,3
2.2448,0.62968,1
-2.6317,-1.2409,1
1.7288,0.30802,2
1.0507,5.9629,3
4.2691,4.8505,3
2.2537,0.76756,3
-3.7931,1.4774,3
-2.2038,-1.5409,1
-2.0001,-2.1049,2
2.933,2.0653,3
0.89474,-3.0757,1
1.3472,0.32689,3
5.0453,2.87,3
2.5891,3.9811,1
-3.3968,-4.9041,1
0.69306,0.68009,3
3.6585,-3.229,3
2.8947,-3.3787,3
3.3629,1.2427,3
-2.1073,-1.3858,1
-0.66167,-2.2422,1
1.7564,2.7851,3
1.5324,0.066634,2
2.0134,0.82273,1
2.3617,-0.30513,3
-2.8009,-2.139,1
-0.49224,0.90278,3
0.038962,4.216,3
2.8772,-1.7095,3
-0.81136,-2.1635,1
0.47852,-0.73551,1
-0.41386,-2.3253,1
2.3172,2.4663,1
3.1128,-2.4913,3
0.98946,-0.83949,1
1.5271,5.5559,3
2.8358,-2.5498,1
1.8991,2.2837,3
2.95,2.5918,1
1.0861,2.2706,3
-1.5592,-1.7275,2
-4.319,-3.4091,1
1.8935,-1.1081,1
2.3039,-0.42535,2
1.8609,1.7797,1
3.119,3.0196,3
-3.4692,-0.52056,1
1.4131,-1.9521,3
0.85632,1.0394,3
0.60204,0.15047,1
-2.0772,-3.5806,1
2.5691,1.5803,3
-2.005,-0.94823,3
-1.1218,2.2101,1
1.2933,0.80112,1
-1.1386,-0.49802,1
-2.8266,1.0244,3
-1.6553,-2.7409,3
2.8248,1.0087,3
-3.1638,-0.95765,1
-3.8658,2.8906,1
2.1272,2.6169,3
0.046289,-2.3805,3
1.3645,3.0552,2
-3.5366,-2.1158,1
0.45814,-1.8426,1
0.3469,0.24958,3
-3.1789,-0.66066,1
1.7254,1.6549,3
4.157,1.1414,3
5.6887,0.60154,1
0.53431,1.9195,1
-0.53128,1.4606,1
4.6684,4.3001,3
0.97961,0.83148,3
2.7138,1.1239,1
3.4028,-0.74877,2
-0.24207,3.0629,3
1.8923,-1.9846,1
-1.2658,-2.4578,1
-0.59786,-2.7427,1
-3.3984,-1.6173,1
2.8745,0.35133,3
-1.8836,-1.6364,1
1.098,1.0655,3
-5.4589,-2.8972,1
0.57837,3.3263,3
-1.7888,-1.6066,2
-5.5483,-3.4482,1
-1.1603,-1.8084,1
-0.81293,-2.8028,1
-0.44222,-3.3063,1
-0.15503,-3.1257,1
0.56054,0.99095,3
1.2302,0.40917,3
1.0452,2.7537,3
1.154,-1.6031,1
2.278,3.9728,3
-5.0411,-2.885,1
-0.94492,-0.64536,3
0.59001,-2.3299,1
1.9184,6.1803,3
-3.0918,-5.6439,1
-1.6523,1.4195,3
4.1614,2.4636,3
-0.00071844,0.046234,1
-2.3009,-2.626,1
-3.4402,0.22631,1
5.0785,4.4349,3
-3.4208,0.77137,1
1.1393,2.7003,1
-0.81856,5.0822,3
-0.0091893,0.060054,3
-3.1394,-4.4994,2
-0.79672,-0.1544,1
-0.30753,-0.11246,3
-3.0332,0.60524,2
-1.005,-0.90061,1
-3.8669,2.5218,3
0.84947,-1.1718,1
-1.948,-0.72609,1
-2.0023,0.94938,1
1.0112,0.3377,1
1.851,0.33817,3
-2.1489,-2.4112,1
1.9019,2.3222,3
1.1107,0.099135,3
-0.18548,0.16259,2
-0.91326,-1.4602,1
-0.24969,2.1637,3
-1.4326,-2.9999,1
2.2071,-0.021378,3
-0.81788,2.4059,1
1.7482,-1.3742,3
-0.76069,-1.6206,3
-0.66198,-4.4165,3
1.1614,2.3925,3
-1.5864,-6.2589,1
-0.84844,-0.17058,1
3.2188,2.6834,3
-0.62511,0.85154,3
1.1684,-3.0748,1
-2.0303,-2.0055,1
5.5456,4.7258,1
6.513,-2.4926,3
-0.49421,0.70199,2
2.3767,-0.39916,1
4.9808,1.4543,2
0.26846,0.27122,1
0.94305,0.66499,3
1.7012,3.4765,3
3.9194,3.1261,1
-1.3065,-0.94888,1
3.921,4.9145,3
-3.0053,-3.2202,1
-0.041487,-0.64199,1
0.10545,1.9959,1
3.6475,2.0538,2
3.1114,1.0537,2
1.9985,-0.053277,3
2.9315,0.053152,3
-4.212,-6.5914,1
2.7661,1.879,3
-3.0165,2.6548,2
0.90602,-0.22377,1
1.6894,1.8286,3
1.0016,1.4646,3
1.1968,-1.0103,1
1.0033,-0.13329,1
2.4246,-0.26934,3
0.71762,-1.1633,1
-3.4811,-2.551,1
4.1519,2.952,3
-2.2071,-0.94475,3
0.68774,-1.0399,2
2.8322,3.8879,3
-3.6834,1.0705,1
0.92932,2.3958,3
-0.98855,1.3722,3
-0.77186,-1.5915,1
3.1569,2.7368,3
-1.0628,-4.7843,1
3.4411,1.2691,3
0.16621,-1.225,1
2.6539,-1.6957,2
0.33104,-2.9184,1
-8.0267,0.86187,1
-0.856,-1.3191,1
-2.8602,3.8748,3
-2.7658,-7.1236,1
-0.49248,0.3105,3
2.0794,-3.0379,1
-0.44552,1.4855,1
0.97936,0.57082,3
-1.9887,-2.2701,2
-1.1164,-1.689,1
-2.215,1.2083,2
-2.7704,1.6435,2
-4.3927,0.8238,2
6.0918,2.6975,3
-2.333,-2.7725,1
-3.2145,-1.3369,1
3.6725,-2.487,3
-0.80329,0.29206,1
-3.9848,-0.70546,1
3.0059,1.275,3
-1.9168,3.4366,3
-2.2295,0.39623,1
0.29096,-3.4249,1
2.3307,-0.076161,3
-0.059246,-0.64425,3
3.2497,5.3159,3
-0.65175,-1.0557,1
2.8455,-3.3663,1
1.9452,0.16821,3
-2.146,-1.8265,3
-1.6002,0.49496,3
-2.8165,2.6033,1
-2.2946,-2.6207,1
0.8348,3.231,3
-1.0336,-0.79147,1
-2.3788,-0.71046,1
-1.7881,-0.57436,1
1.8934,-2.8911,3
0.47438,-3.3946,3
-1.2235,-2.0756,1
-1.3319,0.70279,1
0.32027,-2.7115,1
-0.10774,1.1234,3
-0.89491,-0.041501,3
0.65276,0.83267,3
0.92912,-5.7664,1
-0.0434,0.9054,1
6.7021,1.7139,2
-2.4454,-0.035941,1
-1.7327,1.6475,3
-1.8806,5.1312,3
3.1872,1.9467,3
-1.9211,-4.2534,1
0.32659,0.58135,3
-5.5637,-0.71809,1
1.591,4.0112,3
-2.5686,0.71,2
0.96123,1.0936,3
0.5359,0.75136,1
1.5723,0.40479,3
-0.62646,2.5421,1
2.6886,4.2084,3
-4.2948,1.8676,2
-5.5411,-0.86925,1
2.0137,0.90689,3
-1.1714,-2.3796,1
-2.7763,-5.37,1
1.1686,1.1908,3
0.66473,-1.2116,2
-1.202,0.98657,3
-2.9873,0.81035,1
-1.5728,1.5597,1
2.9631,3.3392,3
4.8481,2.7073,2
-0.077586,3.8664,2
1.9478,2.4355,3
-4.2192,-3.2577,1
0.97739,-0.10776,3
-2.2291,1.8013,3
-1.4575,1.5096,1
2.1652,-0.29718,3
-5.666,-4.6371,1
1.6943,0.3648,3
-0.94216,-0.97886,3
2.039,-0.88969,3
-2.5384,-2.0577,1
0.83359,-1.1224,1
-1.8297,1.3615,3
-0.66371,-0.53598,3
0.1519,2.4178,3
-2.4988,-1.5389,3
0.37199,-3.0716,1
-4.2973,-1.6952,1
-0.80139,3.1866,3
2.7035,0.72206,3
-1.6116,-0.95961,3
-2.0712,-0.92759,1
-1.8554,-3.8912,1
0.3551,-1.8204,3
1.3537,2.0232,1
2.0392,0.75998,3
2.6775,0.19597,3
-2.0192,-1.7248,1
-1.0784,-2.5879,1
0.40305,-0.21362,1
0.32212,1.8417,1
-0.93575,-1.3509,3
-0.16739,2.7963,2
-3.0484,-2.7691,1
-2.968,1.7858,1
-0.96124,-0.44452,1
-0.85422,-4.4285,1
3.8654,0.66399,3
-1.5849,-5.2946,1
0.38207,-0.36392,3
3.5037,3.305,3
-2.7308,3.459,1
-0.34219,0.18804,3
-3.0814,-2.2619,1
0.0033006,1.6035,1
-0.86147,-1.2468,3
3.9309,-0.64197,3
-0.15274,0.18898,1
1.769,1.3486,3
-3.3207,-0.86524,1
-1.8696,-1.2436,2
-4.1848,0.24456,2
0.64058,-1.2267,3
1.2141,1.4474,3
-0.8742,0.66128,1
-4.4286,1.7316,2
4.6731,5.9296,2
-3.6628,2.599,3
-3.5785,-2.9026,1
-2.295,-0.75226,1
0.68261,0.81233,1
0.37952,-0.72212,3
-0.045639,1.4336,2
5.8553,1.3699,3
-1.5491,-0.771,3
1.0173,2.3871,3
-2.8214,-5.3169,2
-0.46196,0.78717,3
-2.4546,-1.9217,1
1.3422,-0.41927,1
-0.017895,0.6464,3
1.4343,0.75695,3
-1.6962,-1.0549,1
-0.29981,-0.6489,3
2.6065,-1.0213,1
-0.00027355,-2.6408,1
-1.4897,0.91444,1
4.6214,-0.64562,3
3.0526,0.84732,3
1.1314,0.83416,3
-0.91632,-2.1705,1
0.014777,-2.5977,2
-2.0651,-2.2056,1
-0.48797,1.9424,1
-2.7082,1.8732,1
-0.53611,-3.4301,1
-0.067864,1.6992,3
0.81893,3.1414,3
3.0813,0.045046,2
2.6317,-0.76363,1
0.43671,-2.6122,1
-1.6642,-3.4292,1
-0.16762,0.19773,2
1.2853,3.2554,3
-5.5927,-4.9576,1
2.5839,-3.0594,2
2.3818,-1.4335,3
-0.73022,0.17022,1
-2.9973,-3.8991,1
-1.4783,0.13333,3
1.1275,0.43267,3
0.18019,3.1868,3
1.5151,2.6646,3
3.7243,3.089,3
-1.1161,1.3509,3
-1.3302,0.46843,3
-2.0505,-4.5927,1
-1.7752,1.2627,1
-3.62,-1.0698,1
0.51416,0.1298,3
-1.4662,0.40838,3
-4.66,-1.6739,1
0.83523,-2.7669,1
-0.2574,-3.4453,1
2.3874,2.5986,3
-5.0665,-2.6146,1
1.2151,4.0072,3
0.089723,-3.0425,1
5.8385,1.3163,3
2.2782,-0.17887,3
3.6433,3.138,3
1.2484,1.9766,3
1.2669,4.5509,3
-4.0821,-2.8002,1
-3.2996,-3.513,1
-2.3042,-3.0846,1
-2.2396,2.6463,1
-0.33023,1.8603,2
-3.1982,-4.3273,1
-3.8637,2.87,2
2.7013,-0.99771,3
-2.025,-0.35098,1
1.6997,0.64696,3
1.7243,-1.8081,3
-1.1775,-2.6433,1
-2.1307,-0.084118,3
-0.41706,-2.5818,3
1.2116,1.41,3
3.979,3.7031,3
3.3718,-3.1965,1
-0.40401,3.4599,3
1.2662,0.847,3
-5.5806,-3.7411,1
-0.095352,2.1932,2
5.5578,-1.7424,3
-0.69685,-1.716,1
-0.088858,5.4646,3
1.2747,6.8022,3
1.1043,1.7408,3
0.62474,0.94267,1
-0.96758,-2.1905,1
-0.15583,1.0855,1
-2.7302,-3.8938,1
-0.099741,-1.0571,1
-0.19665,-2.6471,1
-0.069956,-0.14345,3
1.3795,-0.16917,2
-3.1879,1.6576,1
1.0672,0.14565,1
2.3772,-0.25703,1
-5.5274,-2.6921,1
-1.2467,-4.1641,1
5.2493,5.0375,3
1.0589,1.0452,3
2.1726,0.29398,1
0.9253,-0.69943,3
-1.0662,-1.6795,2
-2.7348,-5.8732,1
-0.56788,-2.0491,1
-1.333,-4.6589,1
-4.7583,0.30641,1
-0.8277,1.1523,3
2.0322,1.0499,3
1.3887,3.4776,3
1.5887,2.202,1
-0.55104,-1.751,2
2.4116,-0.036675,1
3.6547,-0.23613,3
-1.2521,-3.0036,3
0.77082,-0.39717,3
0.021941,-1.5347,1
-0.2685,2.2914,1
-2.4078,1.2687,2
1.6689,0.095988,1
-2.0276,0.80337,1
0.78965,3.939,3
-0.63805,2.3377,2
-1.5634,4.5421,3
1.7038,-2.244,3
2.894,1.6332,3
-3.008,-3.7259,1
-1.503,1.3008,1
-0.48767,1.5448,3
-4.6837,-3.6109,1
0.98583,1.1485,3
-5,2.0515,3
-0.29096,-2.8795,3
0.26281,-2.9724,1
-1.4016,-2.5692,3
2.1933,2.0239,3
2.4641,2.1893,3
2.9874,-0.87626,3
-2.2129,-0.86123,2
-1.3608,3.4848,3
1.2451,2.9459,3
1.144,-3.7442,3
-2.6926,-2.5162,1
1.8136,-0.29016,3
-0.18954,-0.54642,3
-1.5747,3.2151,3
1.8527,-1.4169,1
-1.0092,-3.505,1
-2.173,0.28938,1
1.6553,2.1981,3
1.7133,1.9651,3
3.1424,5.1691,3
3.5362,0.30852,3
-2.3086,-0.8734,1
-0.80331,0.09612,3
-2.6039,-2.2019,1
4.5679,-0.36054,3
-2.2441,-1.6513,1
2.7235,0.045943,3
-2.2736,0.18665,1
-0.38964,0.43831,1
4.1748,3.28,3
-2.8125,-0.96093,3
2.6133,-0.4203,1
-1.2872,5.1377,3
-0.94097,0.26044,3
-3.8209,2.1373,2
1.7245,-2.7637,1
-0.68509,1.8204,3
0.47012,-0.58658,1
0.93863,-1.4894,2
2.8481,-0.77745,3
1.3697,2.2966,3
2.144,3.7563,1
0.71998,-0.7299,1
-0.60021,-0.61316,1
0.24575,-1.3597,3
0.32286,0.86091,1
0.02679,-0.1848,3
1.6556,0.54969,3
1.1931,1.4533,3
-3.5032,-1.4141,1
2.3225,2.6096,1
-2.1557,2.7212,3
-1.4388,1.0566,3
-1,-0.26759,3
2.1318,1.228,3
-1.2696,0.042062,1
-0.39624,0.62081,1
0.58994,-0.049845,1
0.53717,1.538,3
0.33732,-0.77576,3
-1.1257,-0.19086,1
-1.3576,0.74704,3
2.593,0.50925,3
4.443,6.1947,3
8.9395,5.9845,3
-2.7031,-4.4825,1
0.010536,-0.00046875,1
-5.9361,-0.64305,1
-1.1619,-2.6463,1
0.82092,-0.26001,3
-1.3253,1.9609,3
-1.1167,3.3741,3
4.6981,2.2783,3
-0.14179,-2.8047,1
0.62825,-0.76973,3
-0.87835,2.7673,1
-2.4941,-3.1296,1
1.0555,0.18559,3
1.6608,-0.3223,3
2.23,4.1642,1
-0.79556,1.5797,3
3.2642,3.0975,1
-0.19746,0.77742,3
-2.2209,0.054551,1
-1.436,-2.9407,1
0.98536,-0.96882,1
1.0089,-2.5376,1
-1.7174,3.2862,3
1.0583,5.5108,3
3.6403,-2.1422,2
3.435,3.8784,3
0.86258,-0.17153,2
-0.048082,1.706,3
4.329,1.8695,3
4.3037,-1.4215,3
0.68295,0.68944,2
-0.458,0.80567,1
3.5658,2.2013,3
-3.0634,-2.9147,3
-0.20643,1.9023,1
-4.3095,-0.70916,1
2.6063,3.5458,3
-1.6936,0.98264,1
-1.525,-0.068586,1
2.2203,-2.8241,3
0.35674,-2.4114,1
2.041,1.5569,1
-4.2532,-2.5744,2
2.0311,4.3461,3
0.26696,0.70533,1
-1.6212,2.027,3
1.8675,1.373,3
0.57626,-1.6801,3
-3.5596,1.6209,1
2.3611,-1.3685,2
0.34984,6.5913,3
2.6794,-0.24565,3
5.7773,1.2936,3
1.2374,-0.50375,3
-2.4097,0.82749,3
-1.6463,-2.4502,2
1.8862,2.6879,3
-5.0482,-0.44309,1
-1.5137,-2.2609,1
-4.2794,1.185,1
2.3623,-0.10841,1
0.59592,-0.3045,3
1.2735,2.8221,3
-2.1451,-0.012947,2
4.0309,1.2234,2
-1.458,-1.9377,1
3.7922,0.80174,3
1.7858,1.2382,3
-2.0589,-1.2463,1
1.5406,-3.9361,1
-3.5485,-4.2611,1
3.5529,4.9996,3
3.438,2.108,3
0.13811,-1.2316,1
1.2111,1.5245,3
-1.1165,0.71329,2
3.0706,1.2465,3
3.9373,0.42544,1
-4.8482,-2.6971,3
-0.60414,-0.19487,1
2.9845,1.4897,3
1.6503,-1.367,2
-0.21049,1.3204,3
-1.4556,0.19015,2
0.79242,-1.3371,1
2.2906,-0.71119,1
-3.7165,-0.093755,1
0.70648,-5.6052,1
1.6641,4.7658,3
-6.0614,-3.6828,1
2.5905,-4.4438,1
1.6347,-0.061345,3
3.3498,-0.90717,3
-0.47683,1.1383,1
-0.073002,-0.35124,2
2.8209,1.9923,1
-2.9273,-4.6385,1
-2.0915,1.1727,2
-2.9864,-2.5229,1
1.4937,-2.4354,3
-3.5554,-2.6286,1
2.7218,1.5671,3
2.4311,0.7939,3
3.1044,3.9797,3
0.79597,-0.97497,3
1.9431,-2.9843,1
-2.6108,-2.7035,2
-0.24365,-0.93973,1
0.65035,5.1452,3
2.5485,3.4457,3
0.74688,1.1461,1
5.0266,1.8549,3
2.3011,-1.6714,3
2.529,1.8277,3
1.1587,-2.4448,1
0.53079,2.3973,3
-0.71885,2.2832,3
-1.8987,-4.2195,1
1.5895,1.5268,3
-2.3259,3.2704,3
0.4596,0.97826,1
2.5614,-1.2069,3
3.5757,3.603,3
-4.2319,-3.1105,3
0.67627,-1.1224,3
-3.4196,-3.4511,2
-1.2287,0.78689,2
0.41784,-0.77788,1
-1.4471,-2.2321,1
-4.0803,-5.7129,1
2.7627,3.1575,3
-0.78037,2.2939,3
-4.8112,1.5311,1
-2.2371,-1.9957,3
-2.0664,-1.1181,1
1.1831,-2.6537,3
1.3696,-0.82495,3
2.0917,1.4383,3
-0.72001,0.99401,1
-1.7136,-3.1271,1
3.2243,1.0046,3
-3.8986,2.2671,1
0.34726,-0.20337,3
-4.5038,-1.7138,1
0.59569,-1.8623,1
-0.036722,-4.5383,1
-0.0060432,4.4085,2
-1.4295,2.9105,3
2.836,-2.7904,1
5.4181,2.1501,3
0.4088,-1.1314,3
1.2747,-3.9259,1
-2.4707,1.2454,2
1.4586,2.3254,3
1.6154,3.081,3
-6.2388,-2.5311,1
2.3799,-0.68691,1
0.0088133,4.0317,3
0.1445,2.1237,3
2.6694,1.7929,3
3.5958,1.5432,3
-0.69263,-0.073498,1
0.60959,-0.98731,3
1.9749,1.5438,3
2.738,0.78861,3
-3.004,0.18575,1
-2.8298,-1.2382,1
1.8763,-0.29861,3
-6.1219,-2.1279,1
-1.105,0.26047,1
1.1839,-0.84069,1
-5.5838,-3.9732,1
-2.9845,-0.049631,1
-5.4226,-2.7656,1
-2.1089,1.1084,2
-0.062339,-0.76109,2
-0.2537,-1.076,1
-1.2238,3.0107,3
2.6749,1.0624,1
0.71445,0.58463,2
0.044044,-5.2984,2
0.14203,-1.9369,3
-2.0735,-0.5082,1
-1.1703,-0.43742,1
3.3119,2.4148,3
2.775,5.116,3
-1.5319,-2.5926,1
-0.8836,3.1364,1
-0.46054,0.016622,3
-3.5664,0.60038,2
1.7122,2.5261,3
-1.6611,1.0632,1
0.37797,3.87,3
-0.32788,-0.77891,3
-1.4716,0.1197,2
-2.5146,-2.3426,1
-0.20426,-4.5202,1
-0.55042,0.90076,1
-3.3086,-2.5408,1
2.479,-3.7503,1
-0.68922,4.212,3
-0.59164,1.4493,3
3.1176,0.44534,3
-3.8524,-1.8931,1
1.4913,-0.91053,3
-0.73956,0.21535,3
-1.4955,-0.30839,3
-1.2507,1.6815,3
-1.96,-0.71705,1
0.35129,1.5466,2
-1.7225,-1.7498,1
2.0731,2.4327,1
3.4923,0.53308,1
0.22132,1.9476,3
-0.16917,1.5692,1
-2.3466,0.93479,2
-3.4783,-1.7292,2
-1.0082,1.2545,3
4.5932,7.2635,3
0.82795,-1.5428,1
1.2677,-0.4767,3
1.6605,3.0854,1
-0.33644,-5.4606,1
-3.1272,2.417,3
2.4379,2.9935,3
-1.2129,-1.5841,2
-2.1691,1.2057,1
-2.9224,-4.6499,1
0.49769,3.5305,3
0.64917,-1.6355,3
-1.9274,1.0665,3
0.36644,-3.7146,1
0.4422,-0.49965,1
2.172,-0.3499,2
0.91714,0.48834,3
2.3709,4.6697,3
4.1393,2.3584,2
2.5119,0.76703,1
-0.60332,3.9494,3
-2.8642,0.90428,1
-0.1866,-0.42885,1
-2.3159,-0.48465,1
0.82747,3.3892,3
1.2393,0.35029,1
0.28874,1.4417,3
3.5427,1.2198,1
-1.1805,1.4501,1
-1.5255,-2.6791,1
1.0558,2.7716,2
0.67322,1.3914,1
3.7613,0.22653,3
-0.54854,4.8642,3
0.38987,-1.7415,3
-2.9546,-0.56109,3
-3.6735,-1.1697,1
0.5656,-0.12752,1
-2.0021,-1.0668,1
2.7794,-0.10753,3
-1.0434,1.0866,2
-0.65351,-1.0485,2
-0.74447,1.1063,3
1.6276,2.3989,3
-1.9835,-0.10117,3
2.1301,0.67004,3
0.33727,-0.58235,3
2.7319,1.0064,3
0.79971,1.0414,3
0.31381,-1.5824,3
0.054856,1.4242,3
0.76278,-1.4787,3
-2.0745,-2.6346,1
-0.014299,-3.7341,1
-0.50756,-1.0923,3
-2.0025,-4.271,1
1.8629,-0.79603,3
-0.96903,-0.22225,3
-1.4205,-0.73533,2
0.6814,-0.72144,3
-0.006991,0.54059,1
-1.3032,0.87371,1
1.316,2.7513,3
-0.39218,2.2351,1
0.17201,-1.3036,1
-1.0443,-2.0972,3
0.020097,-0.62035,1
1.658,-0.63438,3
1.337,-2.7339,1
1.465,0.10806,1
2.3019,1.1175,1
0.91807,2.0999,1
2.3401,1.2059,3
-1.1196,-2.3893,1
2.754,2.1079,3
-0.12005,1.5855,1
0.10124,-1.4698,1
1.9167,4.1365,3
-3.0641,-5.0487,1
0.64183,1.1891,3
-2.0069,2.2548,1
-1.6926,0.37503,2
-2.0901,-3.3451,3
3.4731,4.0057,3
-0.2895,-0.55191,1
0.39794,2.8925,3
1.5481,3.382,3
-4.8083,-4.7172,1
4.4578,3.0481,1
1.685,0.69049,3
-1.6591,-4.7217,1
-1.8803,0.30622,3
0.577,1.5838,1
-1.4061,-0.0018537,1
6.2207,5.6337,3
1.842,5.5968,3
2.292,-3.1857,3
-2.1717,-2.6111,1
-0.13259,-2.3089,1
1.468,-0.92096,3
-1.8779,-0.59302,1
1.6607,-2.5295,1
-3.7587,1.0813,3
-3.5392,-2.7486,1
1.7784,-0.13874,1
-3.9546,-3.05,1
-5.2126,-3.4887,1
-2.8704,-0.28848,1
-0.86704,0.011906,3
0.59503,0.38545,3
-0.88071,-1.0973,3
-0.65404,-1.5943,3
-1.0635,-0.43982,3
3.6716,4.1339,3
-1.3538,-2.8071,1
-1.052,2.5523,3
2.4986,-1.4011,1
2.7814,-6.9992,2
-1.8932,-1.0283,2
-1.964,-0.76211,1
0.37822,-0.10867,1
-1.39,-3.6768,1
-1.4104,-0.62447,1
1.4189,0.34256,3
0.9903,-2.5662,1
5.2417,1.8641,3
2.8383,3.4804,3
