7.0234,3.3333,3
2.0559,2.0335,3
-2.085,-1.9889,1
0.81742,5.9781,3
1.8849,2.7695,3
-2.5273,0.521,3
-0.18247,-1.7821,2
-0.47662,0.11796,3
-0.84991,3.3193,3
2.9957,-0.15335,3
1.5541,-0.31714,3
0.93063,1.8009,2
2.5874,4.0229,3
3.3941,0.93963,3
-0.85715,1.1996,3
0.8927,4.8105,3
-2.1114,2.9629,3
-1.6398,0.81133,3
0.38134,0.21343,3
4.6371,-2.3916,3
0.49103,-1.5635,3
0.7939,-1.7713,3
2.3629,1.902,3
-0.22496,3.0424,3
0.2409,2.6637,3
-4.8891,-4.5291,3
-0.4135,-0.21286,3
-2.0452,2.2717,3
0.8622,2.3729,3
4.0362,2.5051,3
0.014528,2.0537,1
-0.013387,4.1928,2
-0.156,2.129,3
4.1639,2.3762,3
0.20382,2.7976,1
1.4914,-1.0843,3
1.5716,2.8542,3
2.7484,2.4903,3
2.0723,0.077356,3
8.7924,1.4044,3
2.931,0.43515,3
-1.2802,2.0986,3
2.514,3.8431,3
-3.8352,0.90217,3
0.41902,-0.032167,1
1.541,-1.9583,2
-3.2429,0.76349,1
2.1752,2.6374,3
-0.98251,-1.8494,1
-0.48328,-2.0504,2
1.0573,2.2329,3
-3.0034,-0.28596,3
2.3595,0.12159,3
5.5306,-0.34232,3
0.34574,2.3134,3
1.1932,-1.8267,3
-1.377,1.5825,1
1.7668,-0.95139,2
3.4957,2.9605,3
-2.8454,-2.3505,2
1.2406,0.043314,3
2.5175,-0.50029,3
1.7867,2.1629,3
1.7269,5.3522,3
0.19554,-1.1041,3
-3.971,-2.6712,3
2.0221,2.7175,3
-3.4218,-1.1252,1
-1.2997,-3.7984,3
0.018596,0.53135,3
4.5954,2.9118,3
-1.2925,-5.5766,1
3.8748,3.1099,3
-1.3713,1.9649,2
0.72219,1.0221,3
-1.3031,-2.1179,3
3.0171,3.9401,3
0.35444,2.8844,3
-0.056623,1.0322,3
-2.4912,4.2696,3
-1.1732,0.66291,3
-0.00016154,4.2332,3
-0.70977,-0.92309,2
1.3063,2.1265,3
-0.076277,-2.2113,3
-0.31277,0.27782,3
-2.5854,-1.4202,3
2.1862,0.6706,3
-1.0769,1.6497,3
-2.8806,1.7086,2
2.6985,2.8234,3
-0.36714,0.18278,3
1.0036,-3.3059,3
0.82447,2.9252,3
0.3694,-5.1188,3
1.395,-0.96499,3
-1.9077,2.0312,1
-0.6553,2.3112,3
0.40754,-1.0064,3
1.7174,0.36471,2
-1.768,1.3519,3
-0.67868,1.037,3
-1.4814,-2.998,3
3.9663,-1.6278,3
3.9474,-1.0196,3
0.62137,-1.0198,3
-3.1636,3.2653,2
0.19041,-1.2766,3
2.8782,1.3084,3
-2.7684,-0.6502,3
0.99652,1.3066,3
-2.5319,-2.7593,1
3.0331,-1.455,3
2.573,-1.67,3
-1.3726,2.8789,3
-0.84596,3.819,2
0.29011,2.7923,3
-2.2317,1.2751,3
2.1093,1.7184,3
-1.9538,0.13094,3
0.036561,1.9315,3
-0.48158,3.5812,3
1.5324,0.44624,3
4.4736,-1.4735,3
1.176,-3.7932,3
-2.0257,-0.52371,3
-0.27205,-2.2517,3
-0.26385,-1.5965,2
-0.27395,0.16058,3
0.93748,-2.1604,3
1.5034,-0.19888,3
0.83033,-5.4954,1
2.672,2.4664,3
-1.2346,1.1746,3
-2.567,0.64105,2
1.191,2.4958,3
1.4887,-1.7347,3
5.6443,-1.4359,3
0.099382,1.7934,2
3.1474,-0.47385,3
-1.0235,1.5533,3
2.5321,-3.2124,3
-0.94828,1.3137,3
-0.85137,0.60444,3
0.85202,-2.4235,1
-0.38972,3.8393,3
0.26987,-0.26242,3
4.4948,2.1341,3
-3.5053,-2.3713,1
-1.0138,1.8574,3
2.4847,0.58811,3
-0.80234,0.85863,3
1.9217,-0.13949,3
0.9777,3.473,3
-0.52153,-1.7064,1
2.5647,2.4227,3
-0.33685,-2.2931,3
-0.26518,0.22002,3
-1.4229,1.3952,3
-1.5028,4.5895,3
-0.87362,-0.72731,3
-0.43569,1.1179,3
0.40059,-4.7378,2
1.0383,3.0603,3
3.4015,5.3473,2
3.1437,1.8626,3
2.0382,-1.4075,3
1.1992,-4.1267,3
2.9713,4.3107,3
6.7689,1.3158,3
2.5515,0.57925,3
-1.484,1.5268,3
0.95824,-0.48841,3
-0.57562,4.1223,3
-1.0818,3.9829,2
1.1683,-3.2111,3
0.66061,2.3274,3
-1.412,-3.1984,3
-2.2998,0.40635,3
1.6359,-0.06107,3
-1.1745,-3.0306,3
1.1491,-0.72752,3
-0.0024307,-1.5403,3
2.6621,0.19905,3
3.7935,5.0657,3
-0.29992,-2.0239,3
0.67051,-0.71693,1
0.39089,5.5972,3
-1.6311,2.8413,3
-3.8431,2.1566,3
-0.61795,3.6771,3
2.3728,5.7994,3
-3.6097,-1.9317,3
4.493,0.85877,3
-3.2515,-0.65205,1
-2.4804,1.5753,2
-4.0789,1.5925,3
-0.31112,-1.6099,3
1.5072,3.3057,3
4.5096,-0.40334,3
0.29456,0.54249,3
2.5596,2.274,3
1.0043,-0.76926,3
-2.0544,-2.1853,3
1.3761,1.976,3
4.282,2.4798,3
1.9343,-4.5859,3
-0.004721,0.98734,2
1.5336,2.7061,3
1.8793,1.6924,3
4.3351,-2.9385,3
0.94179,1.2269,3
-4.7582,2.354,3
-3.0673,-2.7579,2
3.4577,4.8699,3
-0.61489,0.54363,3
1.1371,1.6796,3
4.1982,-3.928,3
1.1871,1.5112,3
2.4578,4.9144,3
-0.041973,1.7059,3
-0.784,-0.73524,1
2.4654,0.99398,3
-2.6772,1.7606,3
-0.25227,1.6255,3
1.7888,2.2168,3
0.84345,0.96453,3
2.0323,-0.9007,3
1.2996,0.66106,3
0.42073,2.5858,3
-0.21074,0.75494,3
-1.6598,3.6252,3
3.3796,2.8587,3
-0.49242,1.2006,3
1.8121,0.34761,3
-0.85418,0.09888,3
3.3352,5.9076,3
2.8883,5.5606,3
0.64886,2.0846,3
-1.768,3.0534,3
2.4306,3.4738,3
2.8625,0.55123,3
5.7799,5.0599,3
2.0529,1.386,3
0.055628,2.3882,3
2.7058,3.0783,2
7.1807,0.8427,3
-0.59046,-2.8131,3
4.5139,2.3765,3
1.8567,4.766,3
3.7586,-0.81596,3
-1.0749,3.1859,3
-0.14965,-0.64806,3
3.7484,-0.44033,3
3.3401,3.0548,3
1.3617,1.5533,3
0.7875,-0.95646,2
1.0392,1.1033,3
-1.3592,2.3145,2
-2.7845,3.3723,3
1.6419,0.98455,3
2.5181,-0.47888,3
-1.5254,-0.51229,2
0.27817,-3.3249,3
0.078813,-0.26015,3
-1.6235,-3.1151,1
-0.63709,4.887,3
0.76189,2.896,3
0.45194,1.7261,3
-1.4538,-4.1177,1
4.6706,-0.2974,3
0.88039,0.41729,3
-1.3194,1.0124,3
-1.9267,1.6242,3
2.8196,0.84098,3
0.14249,3.6733,3
-1.5648,1.7685,1
-3.2174,-0.19051,3
1.7207,-0.1404,3
1.0107,0.62409,3
3.9491,0.6726,3
0.27795,1.0345,3
-0.25249,2.0078,3
-1.2261,3.148,3
-0.57011,2.1653,1
-0.20132,-0.77615,3
-0.077825,2.1723,3
0.087717,-0.95875,3
1.9814,4.8165,3
0.99456,2.4378,3
-0.53889,1.1672,3
0.81851,-4.1857,3
-2.1847,-4.3461,3
0.98013,1.6781,3
-0.47542,-0.97123,3
-1.7284,-1.7196,1
4.4628,0.86132,3
1.0101,2.3204,3
4.9617,2.9502,3
-6.3002,-4.9714,1
-1.5909,-1.5473,3
3.5888,-2.8852,1
-2.3045,-1.8018,3
-2.1324,2.4653,3
0.40291,0.27302,3
3.2446,-1.1491,3
3.9391,3.3885,3
0.84582,1.7728,3
-2.5459,-0.88565,3
-2.2118,-1.7621,3
2.3328,-0.46815,3
5.4868,-0.4633,2
-1.8074,-0.6093,2
0.41716,2.3607,3
1.9208,1.9022,2
0.86158,-3.9264,3
1.3409,-1.1846,3
1.0286,0.056727,3
2.3074,3.2868,3
-0.4406,1.1369,3
-2.5996,-1.2983,2
3.7487,2.0093,3
1.2022,5.2189,3
2.876,1.2648,1
1.346,-4.2948,1
-2.9576,-0.081021,3
3.4986,3.6885,3
1.1844,3.1351,3
5.0708,3.4698,3
3.2469,2.437,3
2.0147,0.35743,3
2.51,1.1741,3
1.898,1.5276,3
3.1194,-0.70534,3
-3.6504,-4.6183,1
3.7331,1.6948,3
1.6161,3.8537,3
0.80549,3.9212,3
4.3739,-4.4224,3
-0.62647,-1.3865,3
-0.84089,0.42264,3
0.8424,-0.76985,3
2.8794,2.7982,3
-2.8585,-2.6224,1
0.81175,4.9997,3
3.3385,1.3118,3
4.4742,0.97122,3
-1.3096,0.24185,3
-3.1671,0.79563,1
1.9418,-2.1817,3
-3.4328,3.0895,2
3.735,-2.1172,3
-0.3407,0.81558,3
3.0708,-0.46404,3
-0.36272,-0.54152,3
0.58037,2.5826,3
1.0266,0.31894,3
3.6241,2.4722,3
1.9208,1.6587,3
4.1836,4.8827,3
-0.72199,1.5067,3
4.112,4.959,3
1.4454,-0.75544,3
-1.5891,1.8611,3
-1.514,-3.0655,3
0.97121,0.78284,3
-2.7269,-0.13044,3
3.7908,0.79529,3
2.494,-1.4719,3
2.1124,-3.4047,3
4.2052,4.2868,3
1.9326,1.3064,3
-0.87858,0.64867,3
7.5331,2.5907,3
-1.0923,2.9983,3
1.4438,2.3713,3
1.4733,2.1823,3
4.6384,1.3047,3
-2.2403,3.6371,1
-2.4915,3.7149,3
0.53847,2.7584,2
2.6147,5.8779,2
-1.6527,0.23431,3
0.61304,3.8318,3
-0.090284,-1.4907,3
-0.81205,0.5256,3
1.6079,2.0481,3
2.4553,3.8868,3
3.827,6.8846,3
2.4914,1.1194,3
-1.9303,-3.0479,3
-0.42901,-1.2992,2
-3.4879,0.37851,2
-0.54564,0.16269,3
0.71788,-0.004211,3
1.6416,1.3596,3
0.77784,0.95823,3
-2.1833,0.69059,3
1.4774,-4.7462,3
2.5676,0.59944,3
-1.976,1.2489,3
4.312,4.2351,3
-0.77038,0.81066,3
4.9812,8.4838,3
-1.844,0.145,3
2.128,2.3581,3
4.2323,-0.5685,3
1.535,0.13659,3
-2.1639,1.6637,3
-3.0471,-2.5033,3
-1.265,1.9526,3
-1.7299,1.5545,3
-0.701,2.4379,3
2.0185,0.81367,3
-0.35242,3.5887,3
1.75,3.2513,3
2.1705,4.0949,3
-0.65128,1.7425,3
0.269,2.6323,3
-0.97505,-2.8997,3
1.3086,-1.4104,3
0.29679,-0.0034849,3
2.1599,-1.5204,3
3.0894,-3.734,2
3.0829,2.6197,2
-1.3536,-0.32863,3
-2.2514,0.51828,3
3.0069,-0.67093,3
-2.8733,-1.2105,3
-1.6424,1.7915,3
1.4976,2.3773,3
0.063394,0.16965,3
1.9475,0.92112,3
1.1432,-1.1858,1
4.5479,3.9509,3
-0.73585,-0.34851,3
-0.45273,1.3992,3
4.8952,4.0625,3
-0.39451,4.0111,3
4.5964,1.9752,1
2.2601,4.9351,3
-0.27946,-0.39118,3
2.8991,-1.0933,3
1.082,0.84557,3
-2.4667,0.46033,3
0.71914,-0.97479,3
1.2878,1.2214,3
2.8961,3.7696,3
3.6851,1.8286,2
1.3834,1.3342,3
-0.99555,-2.3384,1
2.2641,1.0934,3
1.4437,3.3428,3
2.7096,4.4137,2
2.8172,2.0272,3
0.003187,0.39481,3
-0.59821,-0.49915,3
-0.97893,-3.5384,1
2.397,1.3895,3
-1.4008,0.59538,3
2.6225,-1.374,3
0.70721,2.4676,3
-0.71104,0.29926,2
-1.529,-0.77648,3
-2.8756,2.7525,3
-0.89304,-5.7781,3
1.8873,-1.8269,3
-0.52083,-0.45934,3
1.8756,-2.7592,3
-0.26626,-1.212,3
1.226,0.30089,3
0.026548,2.2383,3
0.4957,-0.29252,3
0.067719,-1.5215,2
-2.0531,-1.4474,3
2.1297,3.2099,1
-4.6072,5.1093,3
1.1745,-0.42067,3
6.2854,1.3503,3
0.50211,2.6376,3
1.4553,0.55073,3
5.0782,3.2499,3
2.1388,-0.049003,3
0.75565,1.9891,3
-2.6506,-0.83285,3
0.37431,2.196,3
-2.236,1.6832,3
2.3927,3.8107,3
2.5168,-1.204,3
-2.3633,-2.1864,3
-2.9078,-1.2351,2
3.3164,-1.2493,3
-0.26406,5.156,3
5.9431,0.23592,3
4.1513,2.7071,3
3.5887,2.68,3
2.9767,1.5413,3
0.99048,-0.22088,3
-1.1056,0.83252,3
-1.8612,-1.8767,3
6.2523,7.2894,3
2.1188,-3.2276,2
-3.7225,0.15351,3
-3.2264,-1.0926,1
2.4629,1.1673,3
1.04,0.56862,3
-0.70912,-0.81327,3
0.5566,-1.8482,3
0.60076,-2.0515,3
1.6116,4.6479,3
3.1442,4.3585,3
0.47605,5.3253,3
2.7647,-0.37233,3
1.9052,-1.1724,3
1.5816,5.0831,3
1.8104,0.59403,3
1.0148,2.1269,3
3.1703,3.0825,3
0.86262,4.0399,2
-2.7883,2.4275,3
4.1465,7.4696,3
-1.0255,-0.28955,3
2.9041,1.7263,3
-3.3056,0.58754,3
-4.7433,-1.6653,1
-2.2367,-0.19784,3
5.0396,2.2181,3
-2.4506,-0.08052,3
-0.10111,4.1724,3
1.6883,1.1823,3
-0.16974,1.9736,3
0.30155,-0.82652,3
1.7948,2.5775,3
2.4391,4.7142,2
0.10331,1.099,3
0.46937,1.2514,3
4.3122,3.4434,3
-3.108,-0.33694,3
1.0546,1.6945,3
8.588,3.0331,3
-2.0251,1.5671,3
-0.35646,0.64291,3
3.5845,2.2065,3
-3.3794,-6.0366,1
-0.50861,-1.3963,3
-0.60816,-1.1971,3
2.5945,5.0617,3
3.9518,1.7323,3
0.52316,-2.5696,3
1.8811,1.6585,3
1.3709,-0.55492,3
-0.080339,1.8197,3
1.8981,3.6082,3
0.91136,-0.52842,3
3.6832,6.8178,3
0.15159,-1.2167,3
1.7283,-2.5588,3
2.9127,-0.58133,3
-0.29838,0.0012256,3
2.009,-1.3531,3
-0.20885,1.566,3
1.1666,1.0264,3
2.4542,1.4608,2
-1.4156,-3.1682,3
-0.41183,1.787,3
3.4032,0.79439,3
0.076222,-2.931,3
-0.89873,1.5657,3
-1.7534,-0.8101,1
1.1225,-0.32928,3
3.0064,1.182,3
-0.67669,-0.46674,3
3.9127,2.6702,3
2.6015,-2.1926,3
-0.45232,-5.346,3
-0.3627,2.4209,3
0.36787,-2.1685,3
-0.31612,-1.2215,3
3.3742,4.074,3
1.9297,2.17,3
0.52043,2.8048,3
2.1155,0.23921,3
-1.9247,3.711,2
-2.1589,1.0822,2
2.6861,-0.11384,3
-0.1597,-1.3871,2
1.4073,3.1092,3
3.2468,3.3187,3
-5.1365,-0.93664,3
-1.7333,0.64841,3
1.2504,-0.39714,3
5.0107,3.1684,3
0.64386,1.3103,1
2.7213,-0.0021412,3
-2.063,-0.72034,3
-2.8551,-0.50875,3
-0.57032,0.3214,3
1.6369,-3.3129,3
-2.9616,-0.65502,3
-0.74639,-1.9676,3
3.898,4.4217,2
0.12408,-5.4203,2
3.1915,0.99784,3
-1.1953,0.85328,2
1.1898,1.2217,3
4.1002,1.6755,3
1.2354,1.1297,2
2.2327,4.4123,3
2.8178,-0.19288,3
0.91367,4.9953,3
-3.7768,-0.29882,2
-0.18525,2.2135,2
1.6807,2.092,3
1.1608,1.6181,3
-0.96129,1.1123,3
2.7713,-1.5006,3
5.1211,1.6493,3
3.6788,0.85439,3
2.3397,4.1906,3
-4.6925,2.3766,3
2.1595,0.81522,3
-1.591,-0.33078,3
-3.2166,-1.5975,3
2.0685,-1.4977,3
3.3074,0.96364,2
-0.60233,3.1326,3
-1.0405,2.4448,3
1.7366,-1.4905,2
-0.1281,-1.9521,2
-0.50127,-0.42103,3
-0.3829,-1.4783,3
3.659,-0.71047,3
-0.95458,-0.19651,3
-0.96449,-1.5167,3
1.7934,-3.2559,3
1.2191,3.1883,3
1.9557,-0.98606,2
1.8113,-0.72673,2
2.2092,6.2714,3
-1.6198,1.3651,3
1.0671,1.8782,3
-0.89847,1.4894,2
1.3344,1.3034,3
3.3224,3.084,3
2.0867,4.7018,3
3.2429,-1.6566,3
-0.66375,1.6476,3
-2.4407,-1.5653,1
-1.3261,-0.49962,3
-3.0941,2.8369,2
3.008,0.86281,3
-1.1225,0.78817,3
-0.65569,2.5872,3
0.23109,0.25131,3
0.35284,1.2073,1
4.5392,4.9268,3
-2.2493,-4.0733,3
0.11674,1.4846,3
2.8693,-0.26056,3
2.7751,2.1574,3
-3.6203,2.092,1
0.85685,0.60285,3
3.2353,3.6986,3
1.4996,-6.1354,2
-0.27022,-0.14344,3
0.77318,-2.9436,2
1.7567,0.4131,3
-1.151,-0.51351,3
2.4718,1.3279,3
0.41136,0.87264,3
1.246,-0.75956,3
-0.68724,-0.57374,3
0.29828,-2.5211,3
8.6852,2.5215,3
-0.91513,-0.16323,3
-0.3385,2.8833,3
-1.3948,-0.78517,3
2.2384,2.2592,2
-1.1103,4.6002,3
0.28153,-1.8957,3
0.39757,0.73005,3
3.2242,1.6171,3
-1.0196,-0.47295,3
3.6395,2.212,3
4.3496,4.1112,3
-1.8705,0.17832,3
-0.58239,-0.53872,2
-0.72677,-1.0818,3
0.32241,-3.1216,1
1.7486,3.1699,3
2.1936,4.7188,3
1.0589,3.4234,3
-1.2691,-0.91065,3
-0.92441,1.2549,3
0.77302,1.3847,3
2.0376,1.9995,2
-2.667,1.0407,3
1.9915,1.2268,3
0.36067,1.286,3
-0.79277,5.1385,3
0.88862,2.2705,3
-0.486,-3.3762,3
-1.8075,1.9685,3
3.9277,4.3766,3
-0.58809,0.11651,3
-1.4181,-3.445,3
5.6636,0.90547,3
-1.7357,0.69267,3
0.60884,-0.45468,3
0.94568,0.98247,3
6.7997,2.2487,3
-4.1874,-3.6527,3
-1.7542,-0.62033,3
0.40103,-0.95069,1
-3.3927,-3.2162,1
2.5599,2.9062,3
-1.7663,2.0715,3
7.1111,2.8441,3
3.8191,-1.5585,3
3.6858,4.3488,3
2.6529,0.3495,2
-1.4056,1.0319,3
1.7339,5.1475,3
-1.4706,-2.4666,2
3.0157,2.1201,3
0.25468,0.85403,3
0.3788,1.4602,2
0.20522,2.4447,3
0.30068,3.2965,3
-0.60177,0.25715,3
-1.1658,-1.319,3
1.9944,0.91745,2
4.4345,2.8921,3
0.023896,2.0592,3
1.1678,5.583,3
1.0073,7.722,3
0.72814,-0.98631,1
1.6229,1.2858,3
-2.3922,-1.3331,1
-0.30663,-1.974,3
1.9841,1.1926,3
2.0558,0.40695,3
1.5488,-1.4608,3
-1.57,-1.1092,3
0.87281,1.2966,3
0.57047,3.4313,3
0.13362,1.6568,3
4.1436,1.4534,3
2.356,2.238,3
0.93686,0.73371,2
1.9776,4.2903,3
-0.62281,1.735,3
1.5104,1.1531,3
5.3649,1.4473,3
-2.9794,-1.8928,1
-1.7258,-0.23603,3
-1.2063,0.70599,3
6.1897,1.2651,3
0.82793,1.4045,3
-2.8581,3.0104,2
2.4308,6.415,3
1.3468,2.1532,3
-1.5637,-2.0101,1
-0.48067,1.1458,3
2.4738,5.5234,3
-4.3466,-0.50722,3
3.4808,4.7745,3
0.42603,3.5661,3
2.1009,2.6349,3
0.65736,2.6062,3
3.943,-0.32099,3
-1.6919,0.57838,1
1.5541,-1.7803,3
1.1287,-3.1589,3
3.2322,5.4125,3
0.75105,-1.58,3
4.2872,-2.5646,3
3.642,-1.919,3
0.70153,-1.1112,3
0.7305,-0.16068,3
-1.5298,3.5575,3
3.2367,-1.5068,2
0.87306,2.5186,3
-0.15707,1.4154,3
3.7163,0.087427,3
-2.3298,0.69313,3
0.7312,5.2077,1
1.4758,1.2921,3
0.030872,-0.76477,2
1.4899,-2.4444,3
3.3064,0.095706,3
-0.79271,1.655,3
4.6722,3.2138,3
0.1708,3.4984,3
-0.58824,4.2653,3
-2.5311,4.5048,3
-1.579,0.52804,2
-1.9191,0.79281,3
-0.8327,0.63564,3
-1.8223,-2.8477,3
0.81992,0.53318,3
-3.0964,-2.4308,3
-7.1426,0.12365,3
1.7666,4.4521,3
0.24904,1.9138,3
1.0995,-1.68,3
5.5032,1.4788,3
-3.2331,3.0696,3
-1.8157,1.1023,3
0.53443,3.1729,3
-0.12044,0.90967,3
0.96283,1.7621,3
1.4887,-1.4164,3
0.038693,0.82547,3
2.7805,1.6042,3
-4.6188,-6.1479,2
2.6833,3.0845,3
1.1912,0.65463,3
-0.46387,-1.9932,3
0.8452,-2.567,3
-1.8606,2.1448,3
4.3467,1.6301,3
2.5656,0.91081,1
1.2215,-3.7572,3
2.5961,0.99847,3
-2.4843,-2.7687,3
-2.3149,-1.7083,3
1.0554,2.3412,2
1.9551,1.3122,2
-1.4402,-2.9481,3
3.9216,1.5733,3
1.026,6.3848,3
3.1987,3.6492,1
3.5814,-0.081781,3
0.47545,-1.764,3
0.017541,-0.67754,2
4.0403,3.992,3
-0.68367,0.38633,3
5.2432,-0.56248,3
0.52674,4.7969,3
3.5564,5.5573,3
0.85669,-0.35953,2
0.93463,-1.8657,3
-3.0494,0.3521,3
-1.1584,-0.24857,3
-0.51399,-0.78818,3
2.7412,1.0751,3
1.6819,-0.40688,3
-0.34199,-0.30279,3
-0.73821,5.5625,3
-0.44754,1.3806,3
-0.56779,-0.89383,3
2.2926,-1.3825,3
-0.088814,2.8101,2
0.17658,1.8674,3
-1.5493,-0.5911,3
0.065918,0.4003,3
-3.4385,-1.5677,2
2.4049,1.8877,3
1.1676,0.051579,3
-2.4242,0.57549,3
2.1183,1.812,2
2.5848,0.5722,3
-0.15609,0.89738,3
3.0047,1.6491,3
0.40604,3.9016,3
0.0030056,-3.5192,3
-5.6677,-1.5407,3
2.2572,-0.74698,3
-1.6091,1.037,3
2.4124,1.0133,3
-1.1186,0.81406,3
-0.04324,2.8336,3
0.17421,-1.4273,3
0.59912,-2.7073,2
3.3537,1.5578,3
-3.0499,-1.9822,3
1.2781,0.85524,3
-0.60485,-0.61643,3
0.35441,1.1793,3
0.1746,0.48228,3
-0.68079,-0.1341,3
1.2704,4.3275,3
2.3437,3.9585,3
-2.7874,3.1046,3
-3.4674,1.0854,3
-1.1188,-3.3254,3
3.0763,0.29965,3
-0.76366,-1.9553,3
2.389,3.2252,2
1.1455,2.6591,3
-0.18795,3.8436,3
0.50985,-1.7497,1
-0.14718,-1.6216,3
-0.73085,-1.4621,1
-0.74231,7.453,3
4.1006,-0.79516,2
-0.10042,-0.61458,3
4.8643,2.44,3
0.8654,1.3862,3
2.0101,6.4145,3
0.72878,4.3771,3
2.645,-0.68892,3
-1.5414,3.6141,3
1.4081,-0.45703,3
2.5814,2.1634,3
-0.88165,3.2473,3
4.3701,1.7071,3
-0.14351,0.79395,3
-2.1112,3.8825,3
-1.2179,2.0208,3
0.32492,0.15043,3
-0.60774,-1.0053,3
4.0439,1.6423,3
2.3636,2.4766,3
0.40735,3.4487,3
0.48995,4.4823,3
1.4176,-0.48719,3
1.9837,0.92207,3
2.1981,2.1242,3
-0.74467,2.2426,2
-0.42859,-1.2641,3
-0.91736,2.1447,3
2.6759,-1.3142,3
3.2091,2.9666,3
2.7343,2.2691,3
0.91178,0.65473,3
2.3829,2.4441,3
0.50601,-1.0844,2
-1.3118,-1.9515,3
1.6425,2.9125,2
0.51634,-2.1512,3
0.90812,2.486,3
-0.0040918,-2.0903,3
1.5892,0.54954,3
0.35193,2.1382,3
-1.6125,1.4265,3
-0.99302,0.90395,3
1.3925,-0.75611,3
-0.82484,-3.3422,3
4.576,2.9798,3
4.7975,0.21272,3
1.9068,-2.1004,2
-0.74381,3.5847,3
2.293,-1.1264,3
2.2454,-0.88367,3
2.2762,0.63354,3
-0.28155,-0.73751,2
1.2669,2.6428,3
-0.99847,7.8604,3
3.8033,3.6295,3
0.21968,3.7867,3
-0.31978,-4.0747,3
5.1253,1.5025,3
5.2072,-1.5973,3
1.2234,4.0915,3
0.58839,1.8165,3
1.4207,-2.0048,3
1.6435,1.5833,3
-2.3281,-1.2152,1
1.8117,0.52154,3
1.34,-5.136,3
1.0213,0.8589,3
1.0474,0.71077,3
1.8101,-4.959,1
1.7062,-0.17548,3
-3.1942,0.0015526,3
4.5764,1.7896,2
3.3611,-0.90037,3
0.95666,2.5448,3
-1.153,1.7738,3
-1.5615,-0.13783,2
3.2001,0.76463,3
0.43902,2.7616,3
-1.2618,0.25661,3
-0.53719,2.6053,3
4.3776,-2.6765,3
2.2671,-0.041053,3
1.7646,-1.0129,3
-2.8127,2.1972,2
-0.53209,1.1383,3
0.43414,3.3025,3
-0.52714,-1.5244,3
5.3742,4.0148,3
0.30868,-1.7641,3
0.13925,2.7274,3
-0.66417,5.4181,3
5.3598,1.9476,3
0.70276,2.5438,3
-0.54918,3.7773,3
3.4429,1.0224,3
-3.4826,4.8787,3
3.5956,2.3777,3
-1.2151,-2.6042,1
2.8568,4.1578,3
1.0208,3.2575,3
1.7133,5.6892,3
4.4387,8.9329,3
2.1889,1.252,3
2.0669,4.4409,3
2.7459,1.3932,3
3.7924,3.3813,3
5.1158,0.45644,3
2.3329,2.9272,3
0.56586,-0.88402,3
3.433,-0.77004,3
1.0759,-0.25111,3
0.047309,-2.1706,3
0.069693,-1.6189,3
1.4064,4.3597,3
3.0156,-1.3757,3
2.575,-0.21482,1
1.1554,0.18133,3
2.0756,-2.5407,3
1.8748,3.2911,1
0.88311,4.5633,2
2.2946,0.28094,3
1.6324,-0.38301,1
4.2898,1.9767,3
-6.1144,1.3387,3
0.43399,6.4855,3
5.6235,3.1899,3
-1.9695,3.1048,3
3.2258,1.6017,3
3.0514,0.99116,3
-4.8521,1.5501,3
6.0606,5.8985,3
-2.887,-2.499,2
2.4319,-0.30442,3
1.2782,-1.3716,3
1.048,4.9334,3
4.2846,0.14415,3
4.126,2.7869,3
-0.18363,-3.1614,1
2.3669,0.15581,3
-1.5472,-0.55016,3
4.812,-0.27422,3
-0.96061,2.2677,3
1.0951,-1.4988,3
1.3016,4.77,3
2.281,3.8639,3
3.9479,4.2194,3
5.1518,-1.1883,3
3.8044,2.6011,3
1.0478,1.9058,3
2.2867,2.1774,3
2.527,0.44068,3
-0.32803,2.8392,3
1.9163,2.3108,3
1.9254,-1.4332,3
-1.5618,-1.8046,3
-2.3892,1.0371,3
1.8564,-1.4259,3
-0.86755,-0.25315,3
5.1023,4.6264,3
-2.0242,-2.4665,3
2.1026,-0.76241,3
-1.6538,3.8188,3
-0.35304,-3.3856,3
-1.8769,0.55599,2
1.4057,2.0083,3
1.6803,-1.5941,3
-1.0483,-2.0689,3
2.3797,2.8162,3
4.9637,3.241,3
1.9916,1.5858,3
-1.0521,1.5451,2
-0.89301,1.0506,3
-1.5864,1.853,3
1.8625,0.42806,3
-1.1311,1.1895,3
1.184,4.1968,3
-2.6076,0.54736,3
4.28,1.8127,3
5.8702,4.2904,2
1.3282,-2.1482,3
-1.9286,-3.2704,3
2.9114,0.91978,3
2.4021,1.2834,3
2.5452,3.3261,3
-0.13537,-1.7137,3
0.35234,3.6659,3
0.14262,-2.1054,3
1.8323,0.76537,3
0.21539,-1.02,3
-1.0466,3.028,3
3.018,-2.9016,3
3.083,-0.86442,3
4.5352,2.0183,3
3.9334,1.98,3
0.37645,0.16584,3
-0.024269,1.1562,3
3.7197,1.076,3
1.3393,4.0605,3
1.2067,1.3362,3
1.453,6.58,3
-2.6855,-0.58118,3
4.7235,2.8601,3
2.2128,3.5946,3
1.159,2.1369,3
2.7134,-0.74695,3
-2.6557,-1.9906,3
-0.093314,1.1939,3
-2.7981,-1.6184,3
-0.12205,4.0924,3
-4.471,-2.8596,1
-2.726,1.2248,3
2.3237,3.393,3
3.1627,-3.5761,3
2.1774,1.571,3
2.8819,-1.2318,3
0.17313,-3.5888,1
3.4177,2.5657,3
1.4774,0.77774,3
-0.73618,-0.019277,2
-3.2693,1.7474,1
-0.93825,3.9784,3
1.3682,-2.5558,3
2.2097,3.0931,3
-0.47368,2.8414,3
2.8628,0.99763,3
2.7833,3.6547,3
0.026595,3.44,3
0.15717,-2.3139,3
1.3174,0.68296,3
0.53902,3.037,3
0.30289,1.5733,3
3.1326,0.95241,3
-0.39972,-0.85234,2
5.5765,-1.6004,3
-1.945,2.8037,3
2.0379,-0.41579,3
-1.7208,3.7637,3
-1.5247,2.1694,3
1.7974,0.44244,3
1.9266,2.3476,3
0.3054,-3.0233,3
2.1279,1.4122,3
3.0988,3.5905,3
1.7567,-0.8565,3
-0.37255,-2.91,3
-1.8452,-5.3025,1
1.7091,-2.7971,2
-2.1317,0.74454,3
2.8112,-3.2544,3
0.61174,4.0954,3
1.1883,-0.6707,2
-1.3379,6.9308,3
3.0708,-0.63252,3
7.0332,4.9046,3
2.7552,2.7028,3
5.0198,0.0052179,3
3.4797,3.1434,3
1.2913,1.9428,3
1.122,0.48144,3
0.11404,-0.95695,3
-0.11255,0.46702,3
-1.5322,-0.26937,3
-0.81331,0.84985,3
-0.51683,0.68949,1
1.7512,2.5253,3
1.3596,1.8432,3
1.2791,0.31375,3
-1.1193,-2.3891,3
-0.99289,-0.15228,2
1.3908,0.39031,3
0.91746,-3.2012,1
1.1472,5.211,3
-0.6836,-1.4812,3
4.1885,7.0416,3
-3.1333,-1.1312,3
-3.0932,2.027,3
1.8685,-3.1422,3
0.66647,-1.7059,3
-1.19,-0.24326,3
0.64201,2.7466,3
-2.4524,-0.34584,3
2.1498,2.4397,3
2.0486,-0.13271,1
3.5213,-1.8066,3
0.235,-1.9375,3
2.6598,4.688,3
2.9369,0.52781,3
3.2634,3.4702,3
-0.48362,1.1589,3
-0.1867,3.8986,3
2.5981,0.71952,3
-1.3074,1.4587,2
-1.5427,2.5892,3
-1.4992,0.90415,3
2.0427,2.8898,3
-0.82728,3.0957,3
-0.30499,1.2635,3
-0.55017,-0.079626,3
2.1551,2.2884,3
1.13,-1.2788,3
1.249,2.3046,3
1.4394,0.014639,2
1.7769,-1.5723,3
2.1506,0.51309,3
-1.2672,4.0109,3
3.7868,-0.4459,3
-1.8959,-0.18013,3
0.59047,2.2204,2
1.1617,1.94,3
1.5848,1.4804,3
2.5838,6.1219,3
4.1428,3.9575,3
1.9716,3.0559,3
-1.7469,1.0074,1
0.43011,0.1821,3
1.4793,5.1919,3
1.8524,2.7078,3
2.6951,2.3461,3
3.1063,3.1023,3
1.4388,1.2175,2
0.37638,0.31099,2
0.8757,1.9127,3
1.555,-1.6575,3
2.4949,3.2178,3
3.0058,-1.3105,2
0.5419,-2.0878,3
2.9914,1.3813,3
0.32228,2.5962,2
-1.3655,-2.9071,1
2.9123,-1.5467,3
3.1049,5.0764,3
3.2033,5.1053,3
4.8978,-0.46122,2
2.0586,4.1023,3
-0.90737,1.3336,2
-1.737,-1.4768,2
-1.3716,-0.31779,3
-0.5854,0.56376,3
2.4252,5.1386,3
1.4414,0.51725,3
3.379,0.68232,3
2.8549,3.0543,3
0.19056,1.015,3
1.8266,1.5268,3
0.16972,0.36,3
2.9057,5.6192,3
-2.7324,-3.4293,3
2.0465,2.266,3
5.072,1.5267,3
4.1525,1.1967,3
-2.4251,-2.7279,1
2.0687,2.155,3
5.2575,1.2053,3
-2.1046,2.654,3
-0.79158,0.30648,2
5.3739,2.4296,3
3.5365,-0.61301,3
2.0044,-0.71483,3
5.024,-0.74354,3
4.4065,3.9811,3
3.6566,0.85074,3
0.76632,-0.028825,3
4.4316,3.4854,3
3.0936,1.3797,3
2.0536,-0.24366,3
-1.0664,1.2938,3
3.1892,3.202,3
-0.21296,3.3898,3
0.94256,3.2491,3
3.0945,0.69556,2
0.81295,0.063823,3
4.6266,2.229,3
2.1601,0.94826,3
2.0189,-1.0774,2
-2.1694,1.6127,3
2.0414,-3.2793,3
-3.8214,-3.7236,1
1.0552,3.5537,3
1.0943,0.8881,2
1.8036,-0.51173,3
1.165,1.482,3
-0.49219,1.8431,3
-1.9183,-0.74899,3
2.9241,5.1235,3
-0.2121,5.582,3
-0.9402,3.7879,3
1.8458,0.83687,3
-2.798,-0.15776,3
-0.16917,1.6705,3
0.24911,-1.2979,2
-0.39673,2.6447,3
-0.99958,1.7233,2
2.2974,-2.5039,3
0.91491,-0.15613,3
-0.39764,2.0759,3
0.29528,0.57221,3
2.3583,3.3419,3
-0.15539,1.6828,3
0.33461,-1.3617,3
-0.13502,1.4739,3
0.39262,2.5391,3
-0.94822,-0.66317,3
1.5941,4.6902,3
3.2083,-1.6446,3
0.32971,0.60901,1
-0.016392,-0.58828,3
0.32699,3.722,3
3.1814,1.4788,3
-0.80275,1.3118,3
2.5631,-1.5559,3
-0.49916,2.8165,3
2.536,-2.3849,3
0.50386,0.87868,3
4.9285,4.5597,3
0.44474,4.241,3
-0.60728,-2.2106,1
-0.30267,3.139,3
2.7798,1.1644,2
-0.37007,2.9965,3
4.0501,5.5659,3
0.13998,0.15892,3
2.824,0.75218,3
-2.5614,0.91163,3
-0.80384,1.1363,3
2.9262,2.5272,3
1.6362,6.6886,3
-1.036,0.95972,3
-3.2871,-2.7707,3
3.2764,-0.6088,3
-1.7824,-1.4858,1
0.1619,2.5311,3
-0.30024,4.5073,3
-6.099,-2.5234,2
3.984,1.7027,3
-2.0021,-0.2413,2
2.0187,4.6003,3
-0.39821,-1.363,3
-1.4461,2.0735,3
-0.45613,-1.9203,3
-1.2914,-1.008,3
-1.4422,-2.6542,3
2.6558,-1.1533,2
1.1131,-2.4724,3
1.5641,0.19313,2
1.3656,1.4002,3
1.7563,2.5963,3
3.1978,0.78827,3
-1.7475,-0.74931,1
-3.717,0.58748,3
-1.5528,2.9235,3
0.47906,3.6981,3
4.9769,3.7719,3
1.3298,1.2453,3
2.8778,2.6393,3
0.15597,3.3411,3
-0.26421,-3.9142,3
3.5962,4.2181,3
0.091672,-1.5387,2
5.0254,7.5052,3
0.2706,3.0171,3
3.6591,0.36968,1
0.89546,7.3941,3
-1.2742,0.12951,3
1.5053,1.805,3
3.757,0.79543,3
3.2401,3.3115,3
-1.063,-2.8749,3
-1.9163,1.7725,1
-0.9297,0.009188,3
1.3784,-0.41689,2
-1.0254,1.5889,3
2.4878,4.9088,3
1.5584,-4.1012,3
2.6514,0.96426,3
-1.4249,-3.3401,1
3.8049,-1.4056,2
1.1589,0.63044,3
0.35259,5.5342,3
0.3539,0.58405,1
0.85755,0.91689,3
-3.8631,-0.59445,3
-0.64889,-4.2035,1
2.1159,-3.0286,3
-0.97114,-1.6153,3
-0.15087,-3.0925,3
4.1416,3.9635,3
3.2471,0.3957,3
-1.4404,1.2223,3
-1.6754,2.3581,3
-1.0619,1.4887,3
0.56136,-1.4804,3
0.89138,1.4285,2
2.845,1.7755,3
0.46859,3.5003,3
-1.4311,3.4771,3
-0.21117,2.4288,3
1.4182,0.27632,3
-0.27812,-1.1927,3
0.23577,0.81147,3
2.0884,2.3485,3
1.9205,2.5278,3
1.0016,0.45126,3
-2.6448,0.5593,3
4.7055,2.0145,3
-1.9677,3.1128,3
0.17563,0.55485,3
2.713,3.8927,3
-0.9864,0.29382,3
-0.98349,-0.16046,3
-1.2174,-0.69407,3
0.8879,3.9146,3
3.8743,0.4121,3
2.3581,3.0722,3
-0.44088,-0.41425,1
4.482,4.1541,2
3.3487,-0.9791,3
-0.26656,0.78864,2
-2.5279,0.49603,2
0.5327,3.2328,3
1.4587,3.2869,3
1.1907,5.5743,3
2.1207,4.4379,3
-0.22088,-0.99316,1
5.496,-3.0641,3
-0.6818,-1.2535,3
2.9535,-0.31841,3
-2.2089,1.2682,2
0.081613,-0.1621,2
-2.5717,-0.42984,3
-3.9252,-1.8097,3
3.4722,3.1173,1
-2.364,-0.48837,3
0.77725,-0.28884,2
-0.94172,3.1402,3
0.54786,0.16338,3
-2.118,-3.414,3
2.146,2.2763,3
2.0068,3.0841,3
0.46294,0.83258,3
5.071,2.6029,3
0.94408,2.5304,3
0.82844,-2.7244,2
3.2765,2.3961,3
3.4851,5.9595,3
2.3449,0.97682,3
-1.1648,-4.2065,3
0.51184,1.6002,3
3.4743,2.274,3
3.3078,3.0004,3
-3.0401,0.76819,3
0.0026799,-0.51261,1
-1.3392,0.45093,2
-2.8966,-0.87696,3
-3.4658,0.43795,3
-3.6369,0.74453,3
-2.1219,-2.8134,2
3.0619,-2.1752,2
-1.9846,3.3827,3
-2.1855,4.1195,3
2.5175,-1.8823,3
-1.383,2.7776,3
-0.10201,-0.83573,3
1.1965,1.1148,3
3.0655,1.7494,3
2.8389,6.2832,3
3.3666,4.0774,3
-0.80661,1.5973,3
2.4984,-0.91634,3
-0.034454,1.5128,3
-1.0999,-2.5566,3
0.19082,5.6134,3
1.0892,1.3074,3
-2.6877,0.78275,3
-3.8833,-5.7611,1
1.2319,0.68625,3
3.3937,-1.519,1
2.6331,0.75994,3
0.046851,-1.1681,3
-0.53208,-2.0351,1
2.402,3.9807,3
1.4362,1.5857,3
0.91741,1.1748,3
3.3555,2.6604,3
0.0536,3.2982,3
1.6649,-0.75685,3
3.709,4.0915,3
1.3217,4.9985,3
3.6757,3.9281,2
0.18791,3.6477,3
1.9375,0.92456,3
2.8837,2.5423,3
-0.11742,0.019631,3
3.1376,3.5919,3
0.67803,0.49304,3
1.642,1.5945,3
1.5233,1.1472,2
0.61412,-2.391,1
-1.5288,-0.28487,3
1.3271,1.6135,3
1.8538,0.90759,3
2.2304,-0.61157,3
1.7902,1.7157,3
0.794,1.1254,3
-1.6597,2.8384,2
3.188,2.2595,3
-2.988,0.10059,2
0.060791,0.020994,3
1.6146,0.95236,1
1.2654,2.8665,3
3.3828,2.818,3
5.8353,0.57852,3
3.9745,5.4122,3
3.2411,-1.2376,3
1.58,1.3425,3
0.11506,-3.7949,3
-1.0492,0.7522,3
0.37639,4.1408,3
-2.199,-1.24,3
0.011286,-0.59452,3
0.26856,-1.9237,3
3.2604,2.2696,3
1.3657,2.4997,3
1.8485,1.9988,3
-3.6428,-1.1488,1
-4.0177,-4.6294,2
-2.3712,0.14832,3
4.6568,5.6415,3
1.4739,-4.3166,3
1.7215,0.96369,3
-3.489,-4.2842,2
3.4465,2.5784,3
-0.34776,2.1414,3
1.1914,1.7336,2
1.1663,2.9765,1
0.95742,0.11207,3
-0.71604,1.1365,3
1.888,8.9637,3
0.55516,4.4664,3
1.622,-0.93412,3
0.28865,0.42657,3
6.1642,2.3377,3
0.71364,1.9257,3
1.9255,1.9159,3
-4.4149,-0.053101,2
0.7224,-2.36,3
4.5842,0.90767,3
0.58808,4.2267,3
0.0028696,0.75301,3
-3.905,0.87245,3
2.3203,-0.069683,3
1.4523,0.36378,3
0.18152,1.2506,2
4.5963,2.7466,3
-1.2426,-3.4241,3
1.2989,4.4936,3
-0.083764,2.1796,3
1.3754,-2.2594,3
-0.54775,-2.6098,2
1.8373,6.5462,3
2.2758,4.8136,2
-1.1779,-3.1423,3
1.0043,0.5691,3
-1.3206,-3.8488,2
3.9552,0.1383,3
-1.2777,-2.0539,3
4.0378,-1.6638,3
5.2722,3.3276,3
0.33934,2.266,3
1.6295,1.1325,3
-0.58574,1.0289,3
4.313,-4.3038,3
3.5913,-0.35417,3
-1.4386,-0.72376,3
0.87377,4.5685,3
2.9374,1.5702,3
-1.738,1.0777,3
-8.4472,-0.70815,3
3.0346,2.3982,3
4.0072,-3.9799,3
0.7544,1.2935,3
-1.0526,-2.0403,3
0.77362,2.5683,3
-3.7608,1.5121,3
2.3166,0.34675,3
2.4174,2.8268,3
2.4103,0.92642,3
0.84011,3.7197,3
-0.069062,3.2936,3
-4.6979,-2.0375,3
-2.1146,-3.1033,1
1.6331,2.0415,3
1.4493,0.90842,3
-4.6005,-0.6831,2
2.527,1.4051,3
2.7741,1.7866,2
-0.13959,-0.5441,2
2.7217,3.2859,3
0.1443,1.7653,3
0.30944,-2.0145,3
-0.35012,2.8806,3
-1.9993,0.85665,3
2.8804,3.9586,3
3.3197,0.56616,3
-0.58097,1.0836,2
-0.76003,-1.5037,3
-2.7483,-3.5028,3
3.845,-1.8974,2
2.0657,3.0651,3
4.5927,0.24574,3
1.7259,2.7978,3
5.0143,-0.28242,3
2.1106,-0.19952,3
2.1686,0.37664,3
-4.8818,-1.1685,3
2.4357,2.2764,3
3.7958,-3.1732,3
-1.7786,-4.544,3
-1.3532,3.4941,3
1.3711,2.0095,3
-1.497,1.0246,3
4.1627,2.942,3
-2.0431,4.3291,3
0.663,1.2064,3
4.0774,1.9446,1
1.7717,0.62035,3
-1.7118,-2.859,2
2.8734,4.0877,2
2.1309,0.93366,3
2.1989,-0.014205,3
-0.6099,-1.3696,3
0.91888,-0.0056563,2
1.9202,4.0732,3
-2.8831,-0.93738,3
4.1719,5.0432,3
1.7296,2.3589,3
1.7356,5.0976,3
2.0212,-0.27831,2
3.623,3.9734,3
2.004,3.3371,3
0.763,0.79607,3
0.95842,1.5494,3
-0.81272,2.2492,3
1.7142,0.86858,3
4.8764,0.93462,3
1.0908,1.5344,3
-1.2201,3.6215,3
4.0189,-2.3193,3
2.5358,2.5065,3
0.5201,3.7871,2
-2.1055,0.58024,3
-5.192,-2.797,3
-2.413,0.16245,1
2.739,3.2613,3
2.295,2.7915,3
3.1391,0.38326,3
0.84526,0.31054,3
3.4801,1.5648,3
1.3083,1.3847,3
-0.96493,1.3357,3
-5.5408,-2.0482,3
-0.32763,-0.31501,3
-3.0682,-1.801,2
4.7766e-05,-1.6674,3
-1.1205,1.191,3
2.7257,3.8012,3
1.8885,1.4882,3
-0.3214,1.9382,3
0.33259,1.5851,3
0.64253,-0.4878,3
-0.040965,-3.3634,3
-0.03919,1.2612,3
0.84135,5.0543,3
4.4018,1.4944,3
-0.25817,2.0894,3
-1.3684,0.608,3
-2.2444,-0.015478,2
-0.020074,-0.51612,2
3.814,1.5097,3
-3.0851,4.5336,3
1.3353,0.60545,1
-1.3869,2.0913,3
1.9292,0.6508,3
0.33766,2.7406,3
-0.25797,1.8516,3
-0.50482,0.84446,1
-0.45117,2.9359,3
0.21415,-1.0629,2
2.431,1.1136,3
0.22595,-1.1759,3
2.9564,0.87086,3
-2.2061,-0.94206,3
2.8924,4.9977,3
2.6511,-0.79742,3
-0.84636,-2.3901,3
0.39281,2.9701,2
-1.6941,2.7467,3
-1.2066,0.61593,3
2.9581,-0.5571,3
-1.7633,1.154,3
-1.0701,4.2277,3
1.4303,1.9001,3
-1.6179,-2.2809,3
5.2074,-2.4618,3
-1.0832,1.4088,3
-0.9166,-0.67966,3
1.024,-1.6401,3
-0.59142,0.093229,3
0.91832,3.7825,3
-1.0136,-0.20482,3
3.7466,1.4126,2
0.69242,1.1353,3
2.916,3.3909,3
2.0594,0.86134,3
0.035852,-1.2024,3
1.0671,-2.6251,3
-0.12739,2.7861,3
-2.9752,2.4774,3
-1.0534,3.869,3
-3.0432,-1.7546,3
3.8237,-0.16567,3
1.638,-1.6185,3
2.2953,2.6112,3
2.9095,0.062635,3
3.4649,1.1689,3
2.6704,-1.2077,3
1.771,-1.0106,3
3.0132,4.0393,3
2.5081,-2.9896,3
1.4694,-1.5327,2
2.8226,1.2574,3
0.59956,-0.61646,3
0.48595,0.46639,3
0.25915,3.7206,3
0.31369,-2.5437,1
0.42638,-1.4008,3
2.8315,-0.19777,3
-0.096171,-0.68119,3
4.9107,-1.6951,3
0.40617,1.9071,3
3.546,1.4864,3
2.1403,0.91609,3
0.727,-1.5578,3
-0.98182,4.9145,3
4.2053,0.65054,3
0.8151,0.39169,2
0.41088,-2.5958,3
1.918,0.71642,3
3.2599,0.47863,3
2.2232,1.2233,3
0.10098,2.3682,3
0.20689,2.9346,3
0.49826,-2.7862,3
1.6917,4.8324,2
0.60296,-1.4647,3
1.5098,-1.4051,2
-0.56729,1.7827,3
0.57269,-2.8635,3
-0.3847,-0.33402,3
0.023776,4.5196,3
-0.4298,1.7115,3
2.6702,0.53033,3
-2.9444,-1.1437,3
2.7898,0.25165,3
0.01029,-0.60873,3
-2.0319,1.1381,3
-1.1848,1.483,3
0.97474,-2.439,1
0.30599,-3.6989,2
3.8825,-0.58547,3
2.9866,0.82448,3
2.9882,0.66175,3
1.9299,1.4017,3
-0.14735,-0.90847,3
2.4084,2.3879,3
-1.4731,1.2386,3
2.536,-1.6818,3
-0.39929,-0.025184,3
3.6444,-4.2329,3
2.8833,1.1005,3
3.3605,1.3133,3
-0.16621,-2.1511,3
2.5215,2.8551,3
-3.2341,-2.8919,3
-0.76343,4.7132,3
0.43213,-0.64736,3
2.2992,2.4493,2
1.0298,-2.9872,3
-0.45563,1.7315,3
1.2675,1.1168,3
0.23994,1.3924,3
3.0846,2.8442,3
3.8751,-0.1098,3
-1.8092,2.4063,3
3.8306,1.3402,3
0.53024,-0.26478,3
-0.93661,-0.5585,3
1.3636,-0.83801,3
0.5484,1.6349,3
-0.67435,-1.5111,3
-0.9401,0.65596,3
1.588,0.6646,3
0.45626,-0.79012,3
4.3368,3.5692,3
1.9146,-0.81591,3
1.3259,5.0732,3
-2.1339,-1.5755,3
-4.5395,-0.67393,3
-2.8826,-0.93378,3
4.2855,0.73337,3
1.7326,1.0858,3
1.4244,-0.024969,3
3.7483,0.40371,3
0.93241,0.91409,3
2.3794,3.9875,3
1.932,1.4182,3
-0.7508,-3.4427,3
0.13785,-1.0756,3
1.1737,2.1838,2
0.91822,2.2621,3
0.8232,2.2656,3
-3.1009,-0.078721,3
2.2917,-2.3738,3
-3.443,3.0212,2
-2.7971,-3.2004,2
1.6104,3.2166,3
-1.8809,-3.6416,2
1.0887,2.3083,3
-1.5792,-2.2433,3
-0.43312,-1.2341,3
3.3277,0.9269,3
0.53071,0.78281,3
7.4796,1.5793,2
-2.2915,-0.001899,3
1.0015,-2.6517,2
2.8203,4.159,3
-1.2517,2.8946,3
0.65184,0.55796,3
2.008,1.1982,3
2.9907,-1.5635,3
0.79301,-2.7315,3
1.0002,2.9002,3
-0.52678,3.4759,3
2.4977,-2.048,3
-1.5319,-1.6202,3
2.9706,-1.7452,3
0.049063,2.8921,3
0.56842,5.996,3
1.5855,-0.088334,3
2.6663,2.2475,3
1.8329,0.66763,2
2.3361,0.3524,3
1.4181,0.24778,3
-1.1293,1.3245,3
0.089459,2.7131,3
-1.9811,0.84807,2
-0.93732,-1.73,3
1.3574,0.54513,3
2.7326,-1.6208,2
0.79444,-1.5077,3
0.76724,3.0393,2
-1.6477,0.084981,3
-0.072394,-0.7804,3
2.371,2.2608,3
1.6012,0.14354,3
-1.085,-1.4807,3
0.52332,0.52776,3
0.55479,0.80426,3
-0.25813,-0.22786,3
-1.1191,-0.55197,3
1.6384,-3.4943,3
3.3306,-0.16246,3
6.8415,0.70243,3
-0.51583,-2.1694,3
-1.7998,-1.6435,2
-2.0864,2.939,3
-0.36841,-5.7544,3
2.2825,3.6201,3
2.0744,2.6253,3
2.767,-3.1032,2
3.1546,-0.14147,3
-2.3716,-3.1484,3
0.18044,-0.66839,3
0.51893,1.1198,3
2.6288,-0.68935,3
-0.54816,3.0622,3
1.4719,0.10146,3
-0.41597,-4.2743,3
-1.9807,2.9329,3
2.6197,1.4437,3
1.948,1.1702,3
0.43216,-0.47988,1
1.9395,-0.54946,2
-0.78986,2.2665,3
0.035711,-2.8639,2
0.17446,-2.3729,3
1.8903,-2.1184,3
3.7635,-3.4223,3
1.8759,-1.5684,3
-0.39893,-0.8678,1
-0.65348,0.76432,3
1.1638,0.3244,3
-0.63196,4.0802,3
0.28329,3.0103,3
3.2204,2.0537,3
1.6244,-1.6962,3
0.79865,-0.32506,3
-3.8943,-2.1295,1
3.4749,2.3766,3
2.1759,0.11647,3
2.1863,-3.3989,1
5.3151,-4.8094,3
3.1413,-0.93782,3
-0.11226,4.6161,3
-4.4314,2.5141,3
2.4333,0.17464,3
0.64196,-0.67373,3
-1.5426,3.6343,3
-0.065551,0.436,3
1.6118,1.0433,3
2.146,1.4965,3
0.51184,2.1351,3
1.8639,5.9044,3
3.4881,3.2092,3
-2.4988,-3.1992,3
-0.38775,2.5166,3
0.68815,-4.3554,2
3.6685,0.079898,3
2.9624,-1.0035,1
-2.5138,-0.78734,2
0.83504,2.3602,2
1.2852,4.1538,3
0.18713,0.031506,3
-0.81006,0.36273,3
0.38361,4.0697,3
3.1348,3.2026,3
-1.2779,-1.3033,3
-0.86483,-3.1267,3
0.27579,1.7008,1
2.0925,3.3744,3
2.0043,2.8416,3
1.5455,1.0591,3
4.5802,-1.1957,3
1.1989,2.1139,3
0.61271,0.81606,3
0.83823,2.4551,3
8.9108,2.2088,3
0.42607,3.0392,3
1.554,2.3018,3
4.7679,0.60797,3
0.78055,-0.58301,3
-2.1275,-0.58771,3
-1.2012,1.4571,2
0.33968,1.5541,3
-1.6888,0.0010486,3
-4.5799,-3.9834,3
-0.9549,0.0058667,3
-0.35496,-0.86717,3
2.2516,2.3833,3
1.0868,1.0333,3
6.2787,4.0469,3
2.0511,-1.3666,3
-3.6478,-1.6241,3
-2.2292,-0.47739,3
3.3772,-1.6207,3
-1.5675,0.12964,3
0.8348,-0.3101,3
0.54192,4.34,3
-0.29609,1.3345,3
1.1719,3.7202,3
2.332,4.6493,3
0.93279,3.1659,3
4.5303,3.9627,3
-0.7836,-0.89763,3
4.5185,1.3379,3
1.3422,-1.8852,3
-0.37645,1.1856,3
1.9798,-0.42022,3
1.1843,1.2681,3
-0.66276,4.4091,3
-0.64927,-0.22141,3
-2.4552,-1.6178,3
1.1091,2.0067,3
5.0112,4.1801,3
0.9324,-0.051542,3
-0.11886,0.27984,2
5.6506,0.3218,3
1.1177,1.7347,3
4.0667,-1.4722,3
0.55078,0.11286,3
1.9602,2.9922,3
4.2529,4.1783,3
0.053379,2.1111,2
0.25957,1.6777,2
-0.032678,-3.5164,3
-1.2335,0.68296,3
-1.7058,1.6295,3
-0.41536,3.611,3
-3.4756,0.8344,2
4.0028,6.4929,3
2.4594,1.8922,3
-1.9504,0.53215,3
-1.3873,-1.9023,3
0.55869,1.1619,3
4.5046,2.2074,3
1.7924,3.6648,2
-0.26443,1.1722,3
2.5466,2.1197,3
-1.6347,-2.199,3
3.0391,0.70755,3
0.41172,-2.0984,3
-0.079205,-0.67518,2
5.7916,-0.066468,3
-0.28284,2.0887,3
-0.17252,-0.95713,1
1.4088,3.1756,3
6.2078,9.6271,3
-3.1286,4.619,2
-0.92106,0.025378,2
-2.1784,2.2723,3
1.5553,0.20579,3
0.63419,4.4261,3
-0.69818,1.6509,3
2.1623,2.8245,3
3.6281,-0.34487,3
-0.23059,0.15278,3
1.5192,1.1087,3
-0.1404,3.3187,3
0.71183,0.89196,3
2.1906,2.4876,3
2.9334,-0.24809,3
1.5682,3.4867,3
-0.80985,2.1346,3
2.1583,0.91617,3
0.17804,-1.2725,3
-0.1095,0.65235,3
-1.9821,-0.39513,2
0.58321,-0.16684,3
0.53912,3.0819,3
0.87494,-0.40828,2
0.4095,1.0778,3
-0.50685,3.1903,3
0.17618,-1.379,3
-0.13922,3.3174,3
0.10419,1.6297,3
0.5204,2.384,3
-1.44,-0.18952,3
1.7083,4.2668,3
-0.24079,1.0479,3
-0.38037,2.321,3
-0.96257,-1.2461,3
1.2459,4.021,3
-1.0646,-0.69294,3
1.242,1.5129,3
-1.5187,1.1456,2
1.3517,1.5656,3
-1.1351,0.36845,3
2.1252,-1.2834,3
-0.21403,2.2408,3
6.0884,4.8085,2
1.6903,-1.5729,3
4.7202,-0.44984,3
1.7532,3.5206,3
-2.4658,-0.77578,3
2.3837,2.7121,2
-2.5061,-0.51146,3
0.1844,-2.6826,2
6.699,4.3437,3
2.0777,-1.2303,3
-0.54889,-1.6232,3
0.73168,0.8582,3
0.057932,2.3509,3
-0.12077,2.3883,3
2.2146,-0.29112,3
-0.24708,3.0276,2
-1.3357,0.95731,3
3.0392,0.36954,3
1.2998,6.3558,3
4.1153,-1.0723,3
3.6841,7.1507,3
1.9256,-0.19626,3
-0.73855,1.4691,3
-4.4852,0.20854,3
2.3973,0.93556,3
-1.6243,1.5194,2
1.9569,1.9914,3
0.95765,2.9742,3
-1.462,1.3218,3
2.3755,0.63971,3
1.8186,1.9593,3
1.8262,2.6165,3
0.21869,1.1173,3
1.5589,1.4225,3
0.78876,-2.2106,3
-0.4754,2.6855,3
1.2543,2.5854,3
-1.8793,0.41052,3
1.4698,2.8533,3
0.13634,-0.67623,3
0.14283,1.8531,3
2.3918,0.39322,3
1.664,2.0876,3
1.6101,1.2711,3
0.066734,-0.21773,3
2.9171,1.2821,3
3.6,2.3215,3
-3.3116,-0.50364,3
-2.7402,-1.9776,3
-2.689,-0.28213,3
-2.3367,-0.23317,3
0.16853,2.5919,3
1.8605,2.1877,3
4.3016,0.18149,3
1.9357,4.126,3
3.9625,-1.5939,3
0.91587,2.4158,3
-1.3032,0.42451,3
2.3941,7.6406,3
1.3025,2.4912,3
0.065772,0.5288,3
-2.6958,4.0555,3
2.3664,-1.2456,3
3.647,5.709,3
-0.5518,-0.53969,1
2.7903,2.6272,3
0.45538,1.8382,3
-0.39771,0.90557,2
1.4203,7.2208,3
2.3828,2.0307,3
1.4811,2.1383,3
0.48839,-0.38261,3
-0.18579,3.0573,3
0.057296,-2.3813,3
-0.82632,-2.4667,2
1.6766,0.44365,3
-3.4557,-0.28652,3
2.1089,1.4321,3
0.97869,1.1857,1
-2.6087,7.1872,3
2.0073,2.4449,2
-0.95445,2.1284,3
-0.75012,-0.88451,3
3.6559,6.144,3
-0.0087765,4.1624,3
-0.64301,-4.1924,2
0.58127,-4.972,3
0.51839,2.5744,3
-1.3745,-2.9337,3
5.0824,0.64454,2
0.85231,2.3735,3
-1.0402,1.8528,3
-2.6739,0.7105,3
-0.23496,-1.4421,3
0.56765,3.8842,3
0.4716,-0.30461,3
-1.841,1.5017,3
-2.1158,-0.89236,1
0.40123,2.016,3
0.84929,0.12411,3
-0.91179,-0.21129,3
1.6649,0.97538,3
1.8753,1.8846,2
3.5869,-0.10717,3
0.042012,0.69165,3
1.6516,0.45677,2
3.3197,0.57864,3
3.0966,1.9279,3
-0.48443,-1.1545,3
-0.18046,2.6734,3
0.89968,-1.579,3
-1.3507,0.46379,3
-0.24657,0.7279,3
-4.5153,0.89082,3
1.1966,2.0889,3
-2.863,0.80152,3
0.91251,1.2183,3
2.3056,0.79288,3
-1.1794,1.1298,3
0.11082,1.7752,3
0.79787,-5.3273,2
0.97634,-3.053,3
2.8949,2.7025,3
2.4544,0.32026,3
1.3351,5.2,3
2.8935,-1.8789,3
-0.62981,3.8989,3
1.1196,-2.2165,3
0.35404,-4.5298,1
0.8105,2.5779,3
0.59619,0.17264,3
-0.18182,0.86412,3
2.5821,2.4609,3
1.2148,2.1862,3
1.2836,-0.2586,3
2.0893,1.4657,3
-1.3394,-2.4203,3
1.86,-0.51522,3
5.5886,0.78198,2
0.6664,-0.4844,3
3.6933,0.9425,2
2.2679,4.4826,3
1.8198,1.7742,3
-1.1911,1.6463,3
1.0364,2.1012,3
2.5186,-0.2681,2
4.4912,0.82613,3
-0.74963,3.6106,3
1.7046,1.3458,3
1.2276,-1.6301,3
-1.8214,3.3714,3
2.0809,1.7225,3
3.02,-1.8371,3
2.2563,3.724,3
-1.2256,0.84427,3
0.55114,-1.0899,3
-0.66423,5.1197,3
0.7995,0.80144,3
0.63787,0.67736,3
-1.6371,2.5425,3
-1.5226,3.1927,3
3.3402,2.9708,3
0.50306,-1.4259,3
-2.266,-2.0873,3
3.9772,3.4681,3
1.8508,2.9028,3
-1.5223,2.3761,2
-0.62814,-0.23901,3
2.0957,0.82718,3
1.0323,-1.855,3
2.2579,0.51934,3
0.5284,2.0076,3
-0.341,-0.33263,3
-1.6515,-6.1816,2
1.3661,0.78204,3
3.4667,2.7888,2
-0.30426,3.1495,3
-0.14547,-0.20532,3
-0.16726,0.55073,3
-0.54567,4.4104,3
-6.1728,-2.6312,3
-2.4515,-0.065213,1
1.7512,0.34096,3
3.4966,0.6852,3
-2.6081,-0.2278,3
-0.8348,2.234,3
-0.8706,2.6311,3
-1.7462,1.5298,3
3.3573,2.4881,3
-0.49609,-0.41073,2
0.4238,-3.0554,3
1.4163,0.24804,3
1.4738,1.6474,3
2.5681,5.4026,3
4.56,-0.5034,3
0.7457,2.478,3
2.5341,0.94387,3
-0.7388,3.4914,3
1.4744,-2.9644,3
1.5718,0.87283,3
4.3203,-1.3483,2
1.0489,4.1928,3
3.6826,6.1112,3
6.384,2.4058,3
3.9441,-0.46417,3
1.9582,2.0175,2
1.7437,0.66842,3
2.2995,0.98058,3
0.67666,-0.4774,3
-0.76116,2.133,3
0.9677,1.4499,3
0.78968,-0.70409,3
-0.30148,-0.94742,2
-1.6874,0.79652,3
5.7417,2.4185,3
0.8241,1.236,3
0.065722,1.7827,2
1.2788,3.5201,3
1.7021,0.90153,3
-0.94782,1.3713,3
3.4333,3.4998,2
3.5729,3.1092,3
-0.67602,2.6576,3
-0.77379,1.1821,3
1.8452,-3.2705,3
-1.1824,-0.83775,3
0.7741,-0.093422,3
1.4819,2.8422,3
4.1411,2.9242,3
3.2393,-3.6502,3
-5.3551,-4.4293,1
3.0936,3.7447,3
-1.724,0.53413,3
2.2549,4.5368,3
-1.2875,2.8524,2
-1.1489,-2.3392,3
0.34783,-2.3397,2
-1.1311,2.2608,3
1.4522,-0.47405,3
-2.5965,-3.5977,3
-0.10298,0.1137,3
-2.9745,-3.35,3
-1.0795,-2.9517,1
3.3521,1.5232,3
-1.874,-4.8797,2
3.0023,0.95388,3
-1.2822,3.5186,2
-0.3785,-0.47173,3
1.1073,-1.9303,3
2.0615,-1.4545,3
3.8727,-1.3052,3
-0.9932,0.38522,3
-1.6152,-0.41575,3
-1.8019,3.4124,1
1.9778,1.2655,3
2.1676,1.3903,3
4.3656,0.40352,3
-1.4261,5.4249,3
0.038045,1.0213,3
-2.9137,0.45308,3
-0.5693,0.029064,3
-1.2225,0.19437,3
-1.3664,3.1301,3
-0.96857,-1.2121,2
1.7176,-0.65473,3
-0.28766,3.7687,2
0.083106,1.7098,3
-3.361,-0.6162,3
1.4305,2.9324,3
2.5819,3.0447,3
2.104,1.1374,3
-0.99921,-1.2006,3
2.9603,1.5298,3
1.785,0.53617,3
-1.5824,0.55643,3
-5.2051,-2.6957,2
2.6234,-2.2049,3
0.98392,1.0056,3
-2.929,-2.8226,1
0.44031,2.6477,3
6.098,1.7343,3
-0.46638,-1.3493,1
-2.2156,-2.5444,3
-4.4542,-4.5055,1
-4.0095,1.7712,3
1.027,3.2413,3
-0.51634,-0.6294,3
-0.86279,2.7201,3
-0.35173,-0.94113,3
1.9432,3.7078,3
-1.8003,1.5815,3
-1.1985,-1.96,3
-1.037,2.7657,3
1.0844,1.2149,3
3.3816,3.4183,3
3.8211,-1.0113,3
0.058404,1.7308,3
2.1437,1.7819,3
1.9557,4.5413,3
-0.7835,6.3,3
-1.3209,-2.4585,3
3.8757,-2.8718,3
2.1182,0.81896,3
0.67429,0.81354,3
3.4869,1.0824,3
0.29046,-0.79358,3
-2.7223,0.88572,3
-0.12359,-2.5645,3
0.53996,0.37543,3
1.1228,0.086449,3
1.3881,2.2117,3
-1.6425,-1.6729,3
-1.0119,-2.0221,3
-0.5791,-0.72827,3
0.54754,3.6614,3
2.9321,4.7409,3
2.093,0.37862,3
-0.59792,1.2427,3
2.0688,-1.3904,2
-1.4711,0.23083,3
1.8697,0.99708,3
1.5076,1.7609,3
3.7106,1.6855,3
3.562,1.513,3
0.13074,1.7902,3
2.0537,-3.5615,3
2.9391,-0.31379,3
5.5228,-1.2748,3
-0.64337,1.877,3
1.8461,0.50439,3
0.22524,-1.8494,3
-3.2039,-1.3673,3
0.37072,0.71328,2
3.3851,0.03682,3
1.7614,3.4584,2
-0.12462,-4.1056,3
2.9688,2.3494,3
1.4541,3.4075,3
4.315,3.474,3
1.5488,0.60192,3
2.1622,-0.06568,3
4.0417,1.2164,3
-0.31525,-3.5341,2
2.4716,-1.3502,3
2.3228,3.183,3
-1.8124,-1.0217,3
0.66491,0.82783,3
0.41212,0.88855,2
0.30034,-0.93055,3
-0.089717,3.1167,3
1.9253,0.36206,2
-1.3818,1.4572,3
-0.090689,3.6973,3
0.90032,1.6857,2
0.6975,2.3175,3
-2.962,2.97,3
1.5297,0.66269,3
1.1305,1.0529,3
2.4002,-1.1566,3
1.3998,2.6232,3
2.8974,-1.6319,2
2.7727,4.5946,3
0.69457,0.56021,3
2.6234,2.0192,3
-3.0883,0.09455,3
-3.3917,0.073723,3
-1.2777,1.9216,3
1.9296,1.1947,3
2.0714,-0.98081,3
4.8799,2.916,3
-1.0038,-1.9169,3
4.3801,1.9239,3
0.79277,0.40885,3
2.8001,2.7392,3
1.7919,0.12843,3
-2.5062,0.9609,3
0.22402,4.3817,3
-1.5269,1.8368,3
4.1646,2.5722,3
2.1512,-0.19053,2
2.3658,-1.6001,3
2.1757,0.22979,3
-0.19782,7.4599,3
-2.1774,1.6133,3
0.59977,1.7851,2
-1.4201,2.7099,3
0.88662,2.4635,3
-4.663,-1.1047,2
1.8661,-1.981,2
-2.0618,2.6991,3
-3.8698,0.24218,3
-0.098884,-0.78718,3
-0.98174,5.363,3
0.23205,10.043,2
-1.5343,-3.5093,3
0.10687,2.3744,3
4.5536,2.1363,3
-1.5139,-0.49821,3
4.4182,3.5343,3
1.5532,-1.0362,3
4.0893,0.81146,3
0.87823,3.1655,2
-3.0737,-0.10009,3
2.2207,0.9402,3
3.4555,1.6717,2
-1.0285,0.99937,1
3.0244,0.85316,3
1.1966,-0.91177,2
2.6066,4.0515,3
1.8833,1.8662,3
2.9281,2.5677,3
-0.2306,1.9564,3
-7.0976,-6.5758,1
4.5557,3.815,3
-0.77362,1.525,3
2.5566,-1.1422,3
1.3533,-2.1353,3
-1.1919,-4.0048,1
1.0097,3.2233,3
5.3324,3.8487,3
4.9935,5.185,2
-1.2325,3.6279,3
2.0311,-0.77821,3
1.0473,1.9371,3
1.3949,1.9581,3
2.3319,2.8214,3
0.59065,-0.65764,3
0.38768,-0.25267,3
1.8486,2.3572,3
1.6375,-2.4917,3
4.4233,0.61669,3
-1.2905,1.9852,3
2.1904,0.43226,3
1.7093,0.74629,2
0.71716,0.12143,3
1.3858,0.61434,3
1.2788,-0.7577,3
-1.4433,-3.1888,3
2.0521,0.87003,3
0.55716,3.3127,3
2.4087,1.624,3
-0.41845,0.98661,3
0.85325,-0.44078,3
3.7764,3.085,3
-1.2239,-0.075968,2
0.64802,2.7381,2
0.43805,0.85022,3
-0.35046,1.0339,3
-2.0163,-2.0091,3
3.0156,1.7795,3
0.081887,-2.3474,3
2.4643,-1.4241,3
1.7322,-1.1928,3
-0.33989,3.9835,3
2.772,-1.5135,3
-0.53001,2.0071,3
2.6193,1.525,3
2.8289,1.7518,3
5.4804,2.1396,3
2.385,0.13319,3
-0.31498,-1.2164,3
1.4103,1.1256,3
3.2529,-2.446,3
2.5424,-0.35858,3
0.90608,1.454,3
2.5851,1.3522,3
-0.12768,-2.4111,1
5.3322,2.4822,3
2.6825,4.3759,3
-0.7259,1.8222,2
2.8552,1.409,3
4.5546,4.9488,3
0.68256,5.8174,3
-0.13843,1.2576,3
-1.1715,-0.30425,3
-0.32216,1.1379,2
2.1344,0.14239,3
3.1096,3.6117,3
1.1796,2.8341,3
1.5848,0.23604,3
-1.9695,-3.3772,2
-2.8675,2.8418,3
4.595,1.49,3
-1.1536,-0.05212,3
2.2776,-0.60311,3
3.1785,-0.98339,3
4.6027,1.4258,2
1.8106,3.1113,3
-1.6182,-3.3576,2
-0.5646,-1.4015,3
2.6154,-1.0872,3
1.7634,1.3058,3
3.3863,3.1027,3
-2.0677,-0.98555,2
-2.5953,-0.056116,1
0.15304,0.84498,3
3.3376,-1.4358,3
-4.7547,-0.15792,3
0.17647,0.61552,3
-1.2305,-0.74944,3
-4.3666,1.9502,3
-0.47146,1.6837,3
-2.9299,-1.5193,3
-0.85168,4.8374,3
-3.8639,-2.2633,3
-0.29826,3.3282,2
-2.6955,-2.766,1
-2.9032,-0.41929,3
-0.7706,1.643,2
-4.5098,5.1418,3
-1.4568,2.0675,2
-1.481,1.2515,1
0.61191,0.49952,3
3.6714,1.9217,2
0.57801,-2.1633,3
-0.81736,0.9197,3
4.3113,4.7753,3
2.4969,0.59372,3
-2.8446,-1.0862,3
-0.51546,-1.794,3
-1.4141,-2.4618,1
1.4369,4.548,3
-0.41873,-3.3827,3
4.9047,3.167,3
-1.7458,-3.6835,3
1.718,0.13376,2
4.9983,-0.071059,3
-1.8765,0.11226,3
1.5469,-0.33367,3
3.8579,1.9727,3
2.6403,0.33958,3
-2.604,0.92691,3
-1.4598,-1.7312,2
4.5999,3.6704,3
4.5622,0.62795,3
1.1702,4.2968,3
-0.68591,2.7619,3
-2.9839,-0.302,3
4.8952,1.9303,3
3.7838,4.1037,3
2.1338,-0.15108,3
0.45806,4.7298,3
-1.9108,0.48661,3
0.89106,0.20284,2
-4.1544,-1.9193,3
1.1633,-2.2431,3
1.0227,2.3468,3
2.8831,-1.4282,3
2.6112,1.3415,3
1.1662,-1.7986,3
-0.94413,-0.7746,3
2.2478,0.97601,3
0.23932,1.022,3
-1.1647,2.1514,3
2.9794,1.9639,3
0.60406,1.3933,3
-3.5492,2.2928,2
-0.54908,2.6627,3
0.81037,3.8884,3
0.34361,1.0305,3
2.0513,1.1187,3
1.3157,-0.19136,3
-0.61494,0.82458,3
-1.7463,1.2221,3
5.972,0.56804,3
-2.727,-1.5711,3
1.9018,4.458,3
5.1192,1.1184,3
3.8267,2.9492,3
-0.65663,-2.1181,3
3.768,0.099137,3
2.8763,-0.75558,3
-0.82762,2.7035,3
2.3545,-0.089549,3
4.0691,-0.93879,3
1.7194,0.63145,3
-2.1422,1.1821,3
2.28,-4.8624,3
2.1697,0.23896,3
1.7205,-0.23211,3
0.032265,-0.80441,2
5.1633,-2.1043,2
3.936,2.7777,3
4.015,1.8403,3
-3.1085,0.58088,3
-0.32058,1.9398,3
1.1874,-0.93931,3
-0.39657,-1.1604,3
-0.74774,-1.7296,2
-1.5937,-2.9575,2
1.2636,-0.73262,2
4.4089,7.6719,3
-0.51942,-0.26021,3
1.6845,2.924,3
1.6315,1.0203,3
0.71492,-1.5881,3
1.034,1.3233,3
2.8598,2.8326,2
2.7989,5.9905,3
-0.076809,3.0294,3
0.74771,0.84207,3
1.4401,2.8809,1
2.1424,-0.74204,3
0.027106,-3.3976,3
4.5799,4.8783,3
5.9646,3.3065,3
-2.7406,-1.9131,3
3.7508,0.30238,3
0.49013,-3.6028,3
2.4111,1.1285,3
2.5954,0.99342,3
-0.32602,-2.7982,3
4.6617,5.9349,3
-2.7709,-2.577,3
3.942,4.9449,2
0.67048,-0.23113,3
-2.4396,-2.2999,3
1.9134,3.3515,3
0.16588,-0.76113,3
-1.1444,1.1249,3
1.2238,0.47388,3
-1.1533,-0.87153,2
0.41904,-1.9043,3
-2.2252,-1.5712,3
0.22564,1.195,2
2.123,1.468,3
1.9183,0.078911,2
1.0382,1.8096,3
-2.8036,0.36751,3
2.3637,4.7112,3
0.78104,-1.2652,2
-0.58388,-1.7896,3
0.80555,2.5852,2
-0.72915,1.2461,3
-0.45337,3.9033,3
-0.3388,-1.3553,3
-0.25031,-2.4781,3
-1.8005,-2.6099,3
-4.4671,-0.81856,3
-2.0578,-1.215,3
0.90373,0.39344,2
1.1501,-1.2533,3
-1.7661,3.4504,2
4.1367,0.99849,3
-1.4245,-1.0732,3
0.90113,-0.32263,3
1.7122,1.66,3
3.4035,2.2411,3
1.1818,0.022428,3
1.5924,0.16484,3
-0.11141,1.8839,3
-0.16108,1.4335,3
-2.5689,-2.1732,3
1.3242,0.33497,3
-3.6651,2.7269,3
-0.47513,-3.7518,2
1.5611,-0.062779,3
2.8332,0.21368,3
4.6592,-1.7081,3
-1.8076,-1.8514,1
-0.73499,2.607,3
-1.8542,3.7697,3
3.0292,3.1626,3
0.89162,0.53681,3
0.67719,1.8673,3
-1.6604,1.2958,3
-0.25339,3.9839,2
3.5229,1.075,3
-2.0435,0.42816,2
3.1718,1.5008,3
0.0096171,1.1629,3
3.3077,-2.7479,3
2.2337,1.166,3
2.1578,-0.28132,3
0.058932,0.25111,3
1.6904,1.866,3
-1.5107,-0.71978,2
-2.7868,2.6761,3
-2.9125,-0.018813,1
1.9579,0.62055,3
3.6336,4.1478,3
-4.9363,1.477,3
3.7795,-0.94262,3
2.9142,-1.6144,3
5.9928,1.7206,3
-1.0928,2.8328,3
2.4659,-0.34898,3
-0.23912,-0.62657,3
-1.2992,-0.74327,3
-0.41441,-0.68431,3
0.51756,-0.19831,3
4.9139,2.7798,3
-1.1589,-0.014297,3
2.2868,0.70066,3
0.95278,-1.8893,3
-0.244,-3.5576,3
-0.2839,-0.087555,3
-2.3196,-1.76,3
2.56,-2.7278,3
-1.1537,-0.14409,1
-1.923,-0.097894,1
1.6997,2.1507,3
1.0362,1.3336,3
-0.50257,0.90272,3
-0.9559,2.1428,3
3.4543,0.26345,3
4.3873,2.4322,3
1.4494,2.379,3
-1.6362,2.1638,3
1.3664,-1.3165,3
-0.48394,-1.3906,3
5.2108,1.6368,3
2.3109,2.3219,3
0.70538,3.5614,3
3.4588,4.3791,3
-1.6722,-3.5203,3
-0.98461,-1.5515,3
-2.8756,1.0203,3
-2.358,1.191,3
1.3502,1.2414,3
4.2198,4.8776,3
-2.9917,-1.4337,3
3.4853,1.4832,2
2.5734,1.0598,3
1.7498,-1.6042,3
4.4216,0.67481,3
-3.2332,3.1843,3
0.47071,-2.6949,3
1.5992,1.6769,3
-1.1777,1.5792,3
4.7167,4.7252,3
2.549,0.36097,3
-2.0756,-0.002147,3
0.23434,-2.6701,3
0.31172,1.5456,3
-2.8592,-3.0087,2
0.97823,-4.1845,3
-0.62549,-0.83159,2
2.7282,1.9584,3
-3.1916,4.3841,2
5.2788,-0.079358,3
-3.2112,2.8156,3
-3.0031,0.0079694,1
-0.91158,0.67362,3
1.3037,-3.0083,3
0.64277,1.9487,3
3.014,-0.31973,1
5.1535,2.0138,3
-1.3882,-1.6645,1
0.39236,2.6486,3
-1.3127,-0.42639,3
-2.091,-4.0413,3
-0.74989,3.1738,3
-0.79064,3.5271,3
0.044635,-0.52082,3
-0.41398,1.9938,3
1.7578,3.958,3
1.9412,1.1389,3
1.7738,1.9509,3
1.3329,-0.51575,3
-0.040551,4.2686,3
3.5295,3.3018,3
2.151,1.9764,3
1.2109,1.2038,3
-0.28305,2.1716,3
-0.17565,0.60765,3
1.9104,2.4047,3
3.298,2.3556,3
-2.465,2.4466,3
3.2911,4.6311,3
0.40539,-1.3344,2
3.2828,4.1949,3
-0.40558,3.557,3
4.4418,-0.10373,3
2.9639,1.4654,3
-4.25,-1.0091,3
1.9689,0.019822,3
1.4503,2.7029,3
0.81429,3.48,3
3.0027,2.1222,3
0.36538,-3.1585,1
1.4389,0.18855,3
4.473,2.5679,3
1.3888,3.191,3
-6.3789,-0.10319,2
0.47284,2.2462,3
1.6899,-0.78295,3
1.4037,-0.98979,3
2.5004,4.3103,3
-0.55544,1.6854,3
1.8384,2.8213,3
4.6006,4.4482,3
1.8612,0.33728,3
6.3373,-1.1515,3
0.17073,-0.51028,3
-3.0811,2.0437,3
4.3654,1.4042,3
1.9814,-1.0326,3
-0.68923,0.59077,3
-5.6941,0.92289,3
2.4647,-2.3097,2
-0.4228,0.46964,3
0.47167,0.74816,3
-1.2009,-1.8392,3
-1.479,-1.3916,3
-2.1654,3.4932,3
-1.9478,1.6238,3
-0.33904,-1.1274,3
0.8064,7.5353,3
4.3655,0.21954,3
-1.2881,-0.30515,1
1.7583,5.7284,3
-2.4124,1.7019,3
-4.2508,0.85895,1
-1.4817,0.92526,3
2.9063,2.2873,3
1.7943,1.9069,3
6.2489,-0.20753,3
-0.32095,3.17,3
-1.3732,-1.4723,3
-0.079667,2.87,3
-2.6573,-1.0517,2
0.070188,1.5172,3
3.4217,4.293,3
1.8299,5.5029,3
0.10271,1.7913,3
2.2111,5.9992,3
-0.57567,2.7682,3
2.8536,5.1589,3
-1.3092,2.2368,3
-0.91576,-1.0752,3
1.4222,-1.3256,1
-0.52853,-0.10355,3
0.54265,-0.27911,3
-4.6452,-0.44309,3
6.574,-0.37008,3
-1.4286,-1.4044,2
2.666,2.5538,3
2.1585,2.8186,3
2.1393,-0.27944,3
0.26433,0.65008,3
1.4482,0.48718,3
-5.2578,-0.64649,3
-0.29644,2.017,1
-2.5273,0.76626,3
-1.4903,-0.83368,2
1.5125,0.095688,3
4.0869,4.6165,3
2.1508,-0.00086208,3
1.3986,1.8241,2
1.2981,0.51362,3
1.0852,2.5665,3
-1.2029,3.6626,3
0.19553,3.2405,3
1.031,3.0463,3
6.1168,2.2817,3
-1.1698,1.3504,3
3.0455,2.5794,3
-0.98738,-2.4211,2
1.6299,2.9841,2
-0.030997,0.91942,1
-0.17602,-0.50134,3
2.4576,2.4667,3
-0.64371,-2.0603,3
0.58467,4.5539,3
-1.8637,2.549,3
4.5981,-0.99607,3
2.9604,4.2641,3
-1.035,-0.23365,2
-2.4148,0.57212,3
3.5033,2.1975,2
3.9199,4.1344,3
-2.5719,-1.8648,3
2.1059,-1.5224,3
0.84623,1.0186,3
2.8235,2.0271,3
-0.383,-1.543,2
0.45631,0.52366,1
0.21656,0.11184,3
-2.1283,0.70643,2
-0.11737,3.201,3
-0.90381,-1.8747,3
-0.060444,1.7959,3
0.89758,1.3459,3
0.97555,0.03764,3
0.46347,-3.5959,3
4.4615,5.7966,3
1.2813,-0.20628,3
3.9949,0.22583,3
2.9854,-1.164,3
1.5186,4.4028,3
-1.9076,1.1071,3
1.7956,1.7755,3
-3.9438,1.001,1
0.49967,2.0738,3
0.64246,1.1078,3
-0.097943,0.18801,3
0.755,-1.738,3
-1.041,-2.1482,1
-0.9359,-2.3789,1
-2.0564,-1.7116,1
-1.1814,1.8714,3
2.9794,-2.2264,3
-3.4238,-0.23251,3
1.3653,2.6705,3
-4.3903,-2.8329,3
0.71259,-2.0813,1
2.0673,0.10077,3
0.80661,-0.83373,3
-1.3949,3.6465,3
0.86855,3.3964,3
0.8327,0.28487,2
2.6655,4.1851,2
1.085,-2.5334,3
2.0474,-1.2822,3
-0.02286,4.1718,3
1.829,-0.36727,3
0.038148,-0.9522,3
3.2853,0.24702,3
0.83532,2.2459,3
-2.1426,3.7343,3
2.8307,2.775,2
0.74889,-1.1531,1
0.55694,2.6103,3
-0.69322,2.0422,2
1.4484,0.60786,3
-2.3956,6.2269,3
1.5099,-0.08424,3
2.4274,0.38239,3
-1.7142,-0.99386,3
-4.1612,1.4609,3
0.9956,2.5379,3
1.95,-1.7443,2
0.9745,1.8186,3
-0.69805,1.1929,3
1.4289,-0.78166,3
-0.57273,-2.2511,1
0.54574,-1.686,3
1.2097,0.3016,3
2.1428,2.0468,3
5.0359,2.6108,3
1.6997,-1.5077,2
-0.45931,-3.0574,1
-0.11478,-0.56134,3
-0.014945,3.5558,3
0.73892,2.8894,3
