0.69835,3.0505,2
-1.2606,1.156,3
1.1313,-1.5689,3
-2.8369,1.6784,3
-0.39964,-0.96463,3
-3.1452,0.28477,1
0.94427,3.0349,1
-0.63613,-4.1205,3
2.9729,-0.72095,3
0.058644,1.3667,3
1.5704,2.2735,3
-0.30248,-0.48843,3
-3.6325,-0.18672,1
2.7622,-0.055745,3
2.8575,-1.8073,3
-0.58793,-1.6782,1
1.7079,-2.3502,3
-1.2721,-1.9202,2
4.0711,0.40351,3
-0.39028,-2.5129,3
0.023631,-2.0253,2
0.41212,2.4725,3
-3.866,-2.9604,3
-0.18712,4.0105,3
-1.2186,-3.7607,3
0.35882,1.3064,3
0.96522,2.0078,3
-2.4731,-0.4023,3
4.3808,2.9455,3
-1.1553,2.5532,3
1.6808,-0.82988,3
-0.4974,1.5018,3
-1.0868,1.9523,3
2.4039,-2.8814,2
1.3681,0.87222,3
0.2189,-1.473,3
1.7202,-0.14048,3
1.9739,0.55454,2
-3.058,2.2439,3
-3.0896,-1.7226,3
-0.71022,1.6656,3
-3.3159,0.26364,3
0.74084,0.68939,3
5.2178,0.67815,3
2.0642,2.1799,3
2.2133,4.5186,3
-0.21244,-0.075578,3
-1.6259,-4.3672,3
-0.93841,1.6422,2
3.3715,3.4983,3
0.21424,-2.4386,3
2.1153,1.6211,2
4.0228,2.9387,3
2.0762,1.0725,3
0.72884,2.1465,3
-0.9438,2.83,1
1.7525,1.5716,3
2.7402,-2.2956,3
0.58445,-2.3577,3
5.7298,2.1462,3
0.29498,1.165,3
1.8042,-0.79569,3
0.3083,-0.087254,2
-1.5621,-4.3313,3
-0.37621,2.0308,3
7.2333,0.91654,3
0.32347,1.6387,3
-0.26001,1.8202,3
-1.3053,1.2253,3
-2.8516,0.66086,3
-2.2226,1.5439,3
2.7309,-3.7544,1
5.9541,4.7873,3
2.5182,1.2334,2
1.7387,2.1646,3
-0.83672,1.8139,3
0.14328,4.4786,2
-1.4421,2.7539,3
-1.5773,1.5957,3
0.38045,2.5969,2
-0.36439,-3.325,3
-0.8704,0.097289,2
1.5619,5.6381,3
0.42542,0.89233,3
-3.228,-3.8813,3
3.1024,0.40764,3
-1.3968,0.77845,3
-2.391,-0.21579,3
2.5786,-2.0817,2
4.2909,-2.6626,3
3.8019,1.3967,3
-0.83846,-1.2813,3
0.23143,0.8317,3
2.6457,3.273,2
5.1671,4.1764,3
-1.6959,-3.9835,3
1.9307,0.80442,3
1.4091,1.2104,3
-1.4194,-3.7884,3
1.3453,-0.9484,3
2.6183,-1.0554,3
-2.5599,-1.8874,2
5.0933,7.4401,3
3.1732,0.065165,3
-0.21945,3.6362,1
-1.9055,-1.7166,2
0.056469,-0.42098,2
1.2625,5.506,3
2.4947,4.3117,3
1.5709,2.9124,3
-1.8483,3.6605,3
1.5559,1.6976,3
0.60325,2.2061,3
-0.75747,4.7146,3
-3.2523,-3.0075,3
1.1628,3.3905,3
-2.4585,-1.186,2
2.038,4.3521,2
0.10123,-0.67344,3
0.98283,0.33382,3
-3.2048,0.48066,3
-1.2539,1.0853,3
1.5998,-0.82212,3
-5.3794,2.7932,3
1.3459,3.7207,3
2.982,0.34947,3
0.65333,0.5681,3
-0.97094,0.34191,3
0.72071,-0.3657,3
2.3151,1.6599,3
3.1603,2.3882,3
4.3702,4.7214,3
-3.9984,-4.2435,3
1.5012,6.2252,3
0.2446,1.7564,1
-1.7878,-0.69374,1
-1.5457,-2.7144,2
3.8158,-2.1029,3
-1.4653,-3.7562,3
-0.26405,-3.7938,3
-0.20923,0.1374,2
-0.57246,2.1837,3
-3.0503,2.8954,3
0.15633,-1.2108,3
-0.34539,-0.91057,3
-1.6452,1.6091,3
-0.54595,0.31788,3
0.69846,1.1317,3
-0.87058,1.8523,2
-2.2771,1.0794,3
0.30433,-0.6649,3
2.274,2.9858,3
0.4338,2.742,3
5.8113,-0.0029171,3
-3.361,2.2549,3
-1.4224,-1.9185,3
-1.9401,-0.32135,3
0.42781,0.44388,3
0.8944,-1.0255,3
5.2123,1.6813,3
-1.9,-1.8162,1
-2.1304,2.5061,3
-2.4713,-2.8972,2
2.2851,4.2216,3
-3.5938,3.407,3
0.39081,1.4983,3
-2.1853,-1.8202,3
5.1874,1.4434,3
-1.1604,-0.98796,3
-2.5803,2.2862,3
-0.89797,-1.3835,2
1.7829,3.1293,3
2.6918,3.788,3
0.5369,-1.2817,3
5.0673,-1.6872,3
-1.7675,-1.4089,3
-0.52667,-2.4181,3
3.1309,-0.34975,3
0.63814,1.2242,3
1.215,-1.6154,1
0.63234,-3.1785,3
2.0762,-1.1256,3
-2.6479,1.3881,3
1.6603,0.98381,3
2.8305,0.9329,3
3.4063,-1.8424,3
1.4334,0.77828,3
1.512,-1.4619,3
2.0111,0.95414,3
-0.80682,-0.19892,3
0.16978,0.54069,3
2.3862,-1.5587,2
-2.2616,-2.4746,1
-1.2928,-1.432,1
1.853,1.023,3
-2.326,-1.3645,3
-1.138,1.5861,3
2.509,0.96162,2
0.55812,0.62734,3
4.3981,-2.8928,3
-1.0435,2.7261,3
-0.042235,-0.55125,3
2.4382,-1.3705,3
3.6257,4.5451,3
-1.7418,-1.675,3
-0.032805,-2.9158,3
-2.0318,-0.94634,3
-0.55531,1.9044,3
-2.6812,-0.39163,3
1.0464,-4.2998,3
2.1939,1.4252,3
-2.6954,-2.668,3
-1.0664,0.39915,3
-1.4196,-0.83587,3
-2.5449,0.66581,3
-0.42962,1.1164,3
-2.5636,2.4949,3
1.9177,-1.1292,1
1.0664,1.4964,3
0.50904,1.9895,3
3.3958,2.5543,2
3.231,-0.20874,3
1.5914,4.4678,2
-3.1982,2.9805,3
1.0136,4.6342,3
-2.1525,-0.97435,2
-1.8628,-0.33953,2
2.5059,-1.7742,2
4.5569,0.78167,3
2.0516,-0.45128,3
-2.8435,-0.35583,3
2.4074,2.05,3
-2.0532,-2.2723,3
-2.395,-2.1528,3
-0.028198,0.47316,3
1.4051,1.0167,3
-3.0032,0.40135,2
0.94102,2.8551,3
0.051758,0.36353,2
0.98716,0.46857,2
-0.84029,-4.1492,3
0.037974,-0.3219,3
-2.6848,-1.7593,3
0.95558,-0.31927,3
1.8891,-1.5314,3
6.2299,-0.3637,3
-2.458,-0.51382,3
-0.67696,4.9135,3
-1.4812,3.4853,3
3.6686,1.3607,2
1.6977,0.99272,3
0.1221,2.2392,2
-1.2109,3.5232,3
-1.2536,0.50295,3
0.96372,0.32967,1
-1.581,-1.3539,3
0.81372,-1.56,3
0.0058759,-0.63982,3
-0.89096,-2.9388,3
0.42226,1.4307,3
-0.75834,-0.6373,3
2.9506,0.60594,2
1.3018,3.5185,3
4.9347,0.022161,3
1.3296,-5.4218,3
-5.8964,-2.0034,3
0.65033,0.43648,3
0.65627,2.1005,3
-2.9633,-1.7241,3
-0.73139,1.7312,3
0.063494,3.6458,3
2.1966,1.6262,3
-3.0426,-3.3343,2
1.6941,1.4206,3
-1.0568,0.68375,3
-0.36133,1.4119,2
-1.2133,-2.0239,3
1.2896,-1.9972,3
1.8361,-2.0775,3
-2.2328,2.3236,3
0.70772,0.66892,3
1.129,0.51557,3
-0.10974,2.7592,3
-0.93496,0.32127,3
-0.99372,-2.6727,2
1.106,0.60603,3
1.0858,1.1796,3
2.9938,-2.7242,3
0.50733,-0.93216,3
-1.955,-0.23611,3
2.4118,-2.0145,2
0.98014,3.3598,3
1.6822,2.732,3
-0.026466,1.4288,3
-5.2258,-1.5379,3
-5.8761,-3.197,3
1.7336,2.3782,3
1.7632,-0.12721,1
-1.3335,3.1029,2
0.63737,0.69159,3
-0.43875,0.40959,2
4.5356,1.8623,3
0.54387,0.56449,3
1.4481,1.4548,3
-1.8243,2.095,3
-1.4814,0.64697,3
-2.2121,1.9458,3
-0.1055,-0.10587,3
-0.20414,0.44625,3
0.6646,-3.9085,3
2.3864,2.6474,3
0.059328,-1.5466,3
-2.143,-1.3656,3
3.4481,2.1414,3
-0.55348,0.58609,3
-4.1657,-0.79477,1
2.1212,-3.0495,3
2.8217,-3.2521,3
1.2252,-4.0634,3
-1.4219,-1.769,3
-1.1158,2.7235,3
-0.5825,1.7237,3
-2.1987,-0.53284,3
-2.1869,-0.42899,2
1.4617,3.1918,3
1.5506,1.8655,3
4.3861,2.8786,1
-1.1366,1.6212,3
0.85087,0.81417,3
2.216,3.5728,3
0.86465,1.5916,3
1.7105,-2.4188,3
-0.99135,0.023233,3
-5.5105,-1.0451,3
0.14439,2.9813,3
2.8373,-0.021364,3
-0.80374,1.1531,2
1.6301,0.16708,3
3.9524,-1.3707,3
-0.24295,2.3496,3
-0.66818,0.050292,3
-1.9426,-1.4748,3
0.71776,1.0034,3
-2.9127,-2.0919,3
1.2314,2.1753,3
4.7084,3.3142,3
0.65314,1.487,3
-0.39397,-1.6379,2
-2.1057,1.7836,3
2.5498,1.2486,3
-3.5491,2.6225,3
-2.8177,0.0061955,1
3.6721,0.74146,3
-1.5932,-0.27371,3
-2.8942,-0.72186,3
-0.27708,0.64865,3
2.0764,-1.6725,3
1.9668,0.19213,3
-0.71002,0.92778,3
-2.7212,1.3855,3
2.2861,-2.7891,3
4.0491,2.9263,3
-1.5266,0.64007,3
2.1076,1.5971,3
2.391,-2.1977,3
-5.07,0.58672,2
0.35944,1.5147,3
3.8614,1.7114,3
1.9614,-3.97,3
-2.922,-2.962,2
2.3563,2.3585,3
-1.5605,-2.4449,3
0.86719,0.65959,3
1.5068,1.6659,3
-1.5404,-0.78666,2
4.6341,-2.1973,3
-1.279,-3.2633,3
2.0575,2.4557,3
0.80226,-0.40101,3
2.0228,0.78274,3
-2.8065,-3.3649,1
2.8674,-0.81169,3
-0.28057,-3.808,3
0.20898,0.32529,2
5.0712,0.66484,3
-2.0415,0.82054,3
-3.2349,3.3841,3
-1.3874,-0.27709,3
-1.5795,-2.2939,3
3.8503,-1.4696,3
2.4256,5.0675,3
1.8493,1.2302,3
-0.2521,1.4067,3
3.5421,1.7246,3
1.1155,-0.34514,2
2.5197,0.099737,2
-0.50105,-2.0561,3
1.1792,1.0196,3
-2.9347,-1.1882,2
-1.653,0.8552,3
-2.1513,-0.10218,3
2.4967,3.6753,3
2.3192,1.8602,3
0.99947,3.5122,3
-1.2411,-6.5305,2
1.1691,1.4937,3
1.6842,-0.17924,3
3.5753,0.9912,3
0.098104,4.7296,3
1.4046,1.3484,3
-0.48126,-3.4749,3
-0.13423,-1.1084,3
-0.07804,-1.4586,3
-0.83188,3.2434,2
-0.091662,2.8088,3
4.1198,6.1102,3
2.3594,3.1305,1
-0.60407,2.6195,3
-2.617,0.12647,3
-1.9028,0.3582,3
-0.18333,4.2687,3
1.9953,0.51901,3
0.27549,-1.0951,3
1.2611,0.31405,3
-0.77751,-4.0046,1
-2.1083,-3.8467,1
3.0259,-0.7948,3
0.23818,1.358,3
-2.9904,1.8364,3
1.056,0.063418,3
-0.032822,-0.14338,3
-2.2406,0.85417,3
-1.5615,-1.186,3
-1.1416,1.6378,3
-1.8913,-1.4001,3
-1.8735,-3.3104,3
1.0626,0.49954,3
-3.074,-1.9633,3
1.4589,2.3753,2
3.4251,0.63391,3
4.1529,-1.8756,1
5.1831,1.1469,3
3.7279,2.0046,3
1.0172,3.1415,3
1.9048,-0.81612,3
1.9994,2.503,3
0.99171,2.8894,3
1.1114,1.4993,2
-0.0043405,-1.7067,3
-0.3472,1.3909,3
0.63061,-0.49084,3
-0.51348,-2.4059,3
2.4818,0.99545,3
0.70319,2.3167,3
4.1763,-1.0971,3
-2.2516,-0.25261,3
1.3689,-0.89617,3
1.4287,0.95816,2
-2.3756,-2.5265,3
-1.914,1.1193,2
0.14755,-0.6139,3
3.0707,3.0287,3
-2.8556,1.0269,3
1.586,0.16802,3
3.1165,-1.2704,3
-0.22862,1.162,3
2.0829,0.72839,3
-0.8668,0.0061085,3
2.1143,-0.42248,3
2.1519,2.4463,3
-0.27501,1.0814,3
0.9781,0.18524,3
-2.4456,-0.57752,1
3.2741,3.1914,2
0.21622,1.0021,3
2.1859,-0.34785,2
3.5175,4.7486,3
2.2235,0.82925,3
3.5065,2.4804,3
-0.92361,0.97938,3
-2.0095,2.6222,3
-4.1462,-4.0019,3
-1.1944,-1.651,3
-2.0759,-0.1706,3
3.4099,-1.0285,3
1.3746,1.251,3
0.8623,-0.6959,3
-0.085895,-1.4696,2
-0.27338,0.7686,3
-2.7985,2.4578,2
5.6164,-1.319,3
2.0352,-0.92581,3
0.42822,2.7717,3
2.4343,3.9077,3
-3.3417,-0.92932,3
-0.95162,0.19421,3
-2.8895,0.11337,3
-0.41995,0.30166,3
-2.1757,0.39763,3
0.13602,1.2217,3
-1.8588,0.44566,3
-0.38195,-2.6553,3
-3.1212,-1.9747,3
-2.6137,-2.2176,3
1.1989,1.0331,1
4.3475,-3.1276,3
-1.7681,2.8237,3
4.6558,-1.3926,3
-1.5561,0.33927,1
0.85925,-2.8042,3
2.4952,-0.52186,3
-2.1474,-2.9948,2
1.7922,3.4297,3
-1.4515,2.2571,2
0.016477,-3.6005,1
4.6506,2.303,3
1.8746,1.7479,3
2.1355,4.5362,3
2.4541,-3.7278,3
5.4946,-1.8535,3
2.5538,-0.29071,3
0.41348,-1.5314,3
-1.098,-1.9501,3
0.913,-0.49456,3
-1.7114,-3.6515,1
2.6453,1.9022,3
2.2026,2.1823,3
-0.40766,2.3549,3
1.0987,3.2731,1
-2.0875,-1.2931,3
-0.0187,-1.2235,3
-2.664,3.2496,3
4.6495,0.6107,3
4.4979,4.11,3
-3.0901,-0.94193,3
4.3623,0.38809,3
4.9533,0.95364,1
4.1327,0.70258,3
-0.033557,-0.0008093,3
0.90053,-0.499,3
2.8542,-1.9778,3
1.4613,-0.5359,3
0.18886,2.7868,2
3.7316,2.3177,3
1.1532,1.8904,3
3.1895,-0.69968,3
2.6315,2.7848,3
1.2577,1.3856,3
1.6979,1.7988,3
-0.78125,3.326,3
1.7019,-4.7079,3
0.7142,0.54156,2
1.4489,-1.6675,3
1.3969,-1.7287,3
-1.3521,-0.73336,3
-0.23384,-2.8943,3
2.0145,1.0939,3
-0.65885,1.9463,3
1.8216,0.7525,3
-0.594,2.6866,2
1.4767,3.3174,3
2.9756,3.3585,3
0.51381,0.48778,3
1.2755,5.0052,3
-0.056777,-2.3075,3
3.8189,2.0182,3
2.9099,-1.8336,3
-3.971,0.92584,3
-0.54875,-2.7271,3
1.2444,-2.5539,2
-2.8467,-1.555,3
-1.7266,-2.6606,1
-1.3593,0.053775,3
0.63304,-1.4222,3
-0.92182,1.1332,3
0.97977,-0.35403,1
-1.032,-1.9407,3
3.4596,0.32059,3
-2.9139,-1.3162,3
0.35215,-0.37517,3
-3.0634,-2.2481,3
0.042592,0.33108,3
3.7324,2.2496,3
-1.5015,-1.0231,3
-1.4697,0.23896,3
2.2472,3.8758,3
3.0279,-1.8067,3
2.7924,2.1072,3
2.0449,6.1822,3
0.36931,-0.5463,3
1.9768,-1.6793,3
2.2218,0.77163,3
1.5942,-2.0417,3
-0.8806,4.6368,2
2.2159,2.9009,3
2.9192,-1.1041,3
2.1468,-0.5212,3
-0.74886,2.4217,3
1.6668,-0.16151,3
4.9626,2.9008,3
-1.484,0.7274,3
2.1038,2.2662,3
-1.8347,4.2756,3
3.3482,1.5512,3
-0.61193,-4.6883,3
-0.85121,-2.1305,2
-0.2431,2.2576,3
2.0733,-5.8849,3
-3.8758,0.70586,3
2.8766,-0.83164,3
0.57717,-1.96,3
2.0527,0.466,3
2.0643,-0.86703,3
-0.77988,3.3784,3
-0.32923,1.513,1
1.3224,-0.020802,3
2.8768,-0.28694,3
4.3568,0.097393,3
-0.60014,2.4255,3
-1.013,1.6179,3
0.033193,-2.2679,3
1.3489,-3.5479,2
0.28523,-2.2551,3
1.7059,0.11388,3
-1.2749,-2.1351,3
1.3177,-2.0408,3
1.3776,-2.3249,3
-0.66672,0.25552,3
0.48552,-4.9027,1
-0.30369,-2.3682,1
-0.9714,0.52906,3
3.1478,0.70259,3
2.5282,-1.2004,3
-0.6027,2.7292,3
0.72389,-0.57716,3
1.4112,3.0304,3
-5.2764,-3.5025,1
2.0598,3.5423,3
1.4382,-0.383,2
-1.0979,-1.123,3
-3.522,0.42743,1
0.71384,-0.16089,3
-2.9501,-1.1511,3
-2.398,-2.4624,3
-1.5941,-2.9071,1
0.78089,3.8092,2
-1.7898,3.7725,3
2.5749,-1.0713,2
-0.43261,-6.8146,3
0.11082,0.24528,3
-2.4477,0.71404,3
2.8166,0.6192,1
-0.44544,1.072,3
3.5799,0.30663,3
-1.711,-2.528,3
1.7803,5.5724,1
-2.3204,-2.3424,3
-1.5316,-0.639,3
0.82753,4.0956,3
-1.7516,0.793,3
3.6545,-1.2693,3
-3.9595,4.0836,3
0.40015,-0.62381,3
0.19435,1.6534,3
-4.0236,-0.31348,3
-4.9271,2.0264,1
0.91795,0.70432,3
2.6289,1.4677,3
4.0999,4.9034,3
-0.75115,-1.972,3
-0.26307,2.374,2
-1.4604,0.15536,3
-0.63645,-1.8817,3
-4.0681,3.1237,3
0.071371,-0.7527,3
2.0677,3.165,2
-0.21274,-3.246,3
-2.2156,-0.063433,3
3.0619,1.8856,3
-1.3443,0.59493,2
-3.2814,1.9466,3
2.6507,2.7838,3
2.6093,2.8535,3
-1.23,2.7596,3
-1.2561,2.1026,3
3.1772,-2.2885,3
-2.1547,-0.92233,3
1.2968,-1.312,2
1.3986,2.0621,3
-0.021559,-0.38085,3
-1.3485,1.0566,1
-4.5176,1.2458,3
1.0697,-4.0374,3
0.62599,-3.0044,3
0.83896,-0.22589,3
-1.4893,-0.17472,3
-0.76082,0.34655,3
-0.9068,1.1176,2
1.854,1.0073,3
-0.51352,1.4924,3
1.5401,1.958,3
-2.7559,-2.8828,3
1.6695,-2.9287,3
0.19872,0.64948,3
8.4184,2.8349,3
3.0467,-0.21082,3
2.4482,-1.7846,3
-0.092945,-1.1401,3
-1.6828,-0.14724,3
5.5138,0.59891,3
-0.072413,-4.8604,2
0.09793,-0.75102,2
1.9404,-1.1595,3
-0.19525,-2.7917,3
2.6138,0.85307,3
-1.0312,-1.8044,2
0.68129,-1.1898,2
-1.6466,1.2687,3
1.6814,-0.19268,3
2.2093,-1.178,3
0.40086,-1.4477,3
-1.7042,-1.9546,3
2.0259,0.76441,3
0.34125,-0.58214,1
-1.0156,-0.82924,3
2.1858,-1.357,1
-0.37639,0.87078,3
1.7887,-0.39296,3
6.6974,-1.3312,2
1.1809,2.0771,3
2.8995,3.2688,3
0.19502,0.32148,3
4.1673,-1.3001,3
0.42977,0.0044346,3
-0.89381,-1.7868,2
-1.756,1.8806,3
0.60912,1.1343,3
-1.2109,2.2271,3
2.6617,1.6963,3
-2.0619,-1.9405,3
1.5758,-3.6972,3
-1.9347,2.3239,3
1.0315,1.9026,3
4.029,1.6348,3
-0.83599,-1.7984,3
-0.29249,-2.5644,3
-1.1158,-0.72153,3
0.65308,4.1185,3
0.30504,0.10959,3
-1.8981,-2.0283,3
-0.072429,-1.9872,3
-1.7681,1.673,3
-0.41153,4.9907,2
-1.9369,-2.6278,3
-0.74234,-2.1306,3
4.3003,1.8856,3
0.95371,0.37533,3
0.6831,1.1599,3
0.98592,-3.5424,3
-2.9808,-0.65342,1
-2.9838,1.7427,3
1.7376,1.5254,3
0.77823,2.6133,3
0.05978,-0.11732,3
4.5375,1.8963,3
3.8553,-1.7394,3
2.2453,1.6167,3
2.4332,2.7336,3
1.3634,-1.2449,3
-1.1372,-1.8881,3
-0.1503,-0.20445,3
-0.61075,-1.0928,3
-0.49897,2.0975,3
1.492,1.052,3
-0.74318,-1.5578,3
-0.69652,0.37518,1
-4.8837,-0.029295,1
3.7089,-3.5462,3
0.0077581,-1.7136,3
-0.48816,-1.3852,3
-0.30912,-0.39567,3
1.2093,1.3531,3
-0.45193,1.7387,3
-0.53016,-1.4373,3
-0.23433,2.3432,3
1.4781,0.42985,3
-2.8487,-3.5358,3
2.1567,-2.9714,3
-2.0375,-0.88419,3
-6.5065,-0.58964,1
0.38773,-0.90766,3
1.5587,0.83148,3
3.3189,-3.5253,3
-0.90203,-1.3013,3
-3.22,-0.048977,3
-1.6581,-3.868,3
-0.40014,-0.13136,3
-3.4517,-2.8303,3
-0.90212,-0.52448,2
-2.3865,-2.1058,3
4.6043,1.0846,3
-1.8471,-0.01326,3
-0.46624,0.67811,3
3.3818,0.060449,3
-1.2981,4.7712,2
-1.0693,0.28788,3
1.2563,2.3216,3
-0.96116,-4.2331,3
-0.84564,-0.73224,3
-0.7399,-2.536,3
0.9132,0.24828,3
-5.2669,3.2033,3
-1.5617,-0.40398,3
1.7368,-2.7575,3
0.48556,0.72636,3
0.10178,-2.4694,3
-3.3233,-2.6917,3
1.4968,0.71043,3
2.1373,3.2078,3
0.76213,2.2664,3
2.3087,-0.25077,3
0.56158,-0.021855,3
2.8788,1.8726,3
-2.0801,4.453,3
-2.383,4.672,3
0.18793,0.056182,3
1.6349,-0.95291,3
1.3218,0.39109,3
-1.3724,-1.6956,2
-0.31932,-2.8318,3
1.3177,0.31687,3
2.2819,1.3075,3
-0.47401,3.9653,3
-0.47063,2.2694,1
0.38675,-0.53889,3
2.9266,1.6177,3
2.1801,1.3574,3
0.84673,-1.3189,3
1.2325,0.29553,3
-0.5559,1.3794,3
2.3918,1.4197,3
0.086481,-1.6075,3
-0.94819,-0.48486,1
-2.8109,1.7533,3
1.0248,-5.0587,3
-1.645,1.1643,3
-1.5505,0.35797,3
-0.56205,-1.6872,3
2.6699,4.0577,3
2.6497,0.75561,3
3.2482,-1.498,3
1.5446,2.3053,3
0.99492,2.0879,3
-2.3022,1.344,3
1.8071,-0.78013,3
-1.0904,-1.8418,3
-0.34583,-0.97807,3
1.1226,1.9201,3
-1.5068,4.6567,3
2.1272,0.56198,3
2.7316,3.4037,3
-2.6887,2.8217,2
2.2194,0.099926,3
1.9846,2.8923,3
2.4783,-1.1156,3
1.9592,-1.1442,3
4.1416,-0.187,3
-0.87613,-0.29647,3
0.29713,0.92041,3
1.4093,-2.7424,3
-4.9799,0.10847,3
1.4388,-0.87957,3
1.2671,4.7521,3
0.44387,-2.8663,3
-0.37441,1.0143,2
2.7388,0.90622,3
-1.908,-1.7161,3
0.35938,2.7232,3
2.4636,-0.88218,3
0.32516,-2.2671,1
0.62134,-2.2922,3
3.6303,-0.50633,1
1.0615,3.6679,3
2.8207,1.5411,3
-0.24746,-0.063724,3
-0.86242,2.8738,3
-0.57475,1.4487,3
1.8835,-0.2385,3
-4.7612,-1.2454,1
0.71937,0.7095,3
2.3535,-1.0925,2
-0.12331,0.039096,3
3.8544,2.5691,3
-1.0197,-0.92208,3
0.79006,0.68874,3
1.3505,1.0701,3
0.016712,0.5999,3
1.1933,0.47832,3
-1.1469,-2.1008,3
-3.251,0.72969,3
-0.22752,0.78744,3
0.11355,-2.3785,2
-3.4731,1.9691,2
3.804,2.367,3
1.3681,-2.1528,3
0.17136,1.895,3
3.0998,2.0875,3
-0.046997,4.5714,2
-3.7942,-1.1333,3
-3.033,1.213,2
2.6867,-2.9329,3
-1.2857,4.0601,3
-5.2985,0.86539,3
1.9823,0.54548,3
0.70722,0.11221,1
0.87467,-2.107,3
2.2227,0.51043,3
-0.83975,1.4778,3
0.71021,1.8618,3
1.0277,-0.76212,3
0.29817,3.0206,3
2.5642,0.17876,3
-1.6115,-2.2279,3
1.0731,1.5118,3
2.3073,1.6038,2
0.99261,3.6759,3
1.5026,-0.18928,3
0.16823,-3.0008,3
1.393,2.5667,3
1.2455,3.0165,3
0.91463,-4.7782,3
-2.7335,-1.4443,1
2.5814,1.048,3
2.2869,0.38513,3
0.14268,-1.1132,3
-0.055776,-1.7742,3
4.8456,-3.4762,2
3.3622,0.61281,3
1.7432,2.394,3
0.66623,-0.63388,3
1.7747,2.0145,3
1.6355,2.0129,3
-1.0477,-0.17896,3
0.97205,-0.45537,3
-1.7718,-1.0295,3
-4.5658,-0.37238,3
0.73309,-1.0854,3
-2.1408,-0.52728,3
-0.094991,-3.2606,3
0.7986,0.045233,3
2.0555,3.1948,3
0.010658,-1.489,3
2.494,0.30347,3
3.7493,3.1402,3
-1.2555,-1.7541,2
4.2748,5.6249,3
-2.7568,-0.6146,3
-2.1756,1.9588,3
-1.9415,-4.7103,3
-0.89096,0.91994,2
2.6458,1.3443,3
0.35582,2.9811,3
-2.3852,0.46312,3
0.96664,-1.1314,1
-4.8568,-1.947,3
-1.9708,2.8537,3
2.0405,-2.0764,3
1.446,0.3544,3
-1.9321,0.89852,3
4.4853,0.063185,3
2.9515,0.99835,3
-0.37298,-0.050062,3
-2.2907,-0.80046,3
0.56695,-1.2994,3
2.02,1.0793,2
0.40699,3.1611,3
2.3665,-2.2599,3
2.0915,3.9663,3
-0.23563,1.482,3
-0.90273,-3.5756,3
-0.11038,1.9454,3
4.918,0.76372,3
3.0231,-0.034308,3
1.3225,0.49145,3
0.7409,0.93054,3
-1.2638,-0.78522,3
1.2054,1.4316,3
-3.0455,1.459,2
6.5624,-1.1413,3
0.20997,2.6112,3
-3.3545,-1.8802,2
-0.78171,0.75035,2
-1.0256,-0.36971,3
4.4135,1.45,3
1.9833,4.7313,3
0.15234,-1.3299,3
-3.5007,1.0214,3
-2.2136,-2.4716,3
1.7531,-2.8303,3
-0.43164,1.0629,3
1.3253,1.1519,3
0.66687,0.45799,2
3.252,2.722,3
0.02913,-0.15162,3
4.1055,1.588,3
0.26197,-1.4079,3
0.48979,0.10725,3
1.3465,2.5891,3
-2.093,-1.1854,1
0.48804,1.7042,3
1.8213,-0.61162,3
-2.0225,1.4298,3
2.2854,1.3929,3
-1.3767,1.4886,2
-0.79345,-3.9081,3
-3.2666,2.139,2
1.9813,1.9179,3
-3.4082,1.6679,3
-0.61274,0.4831,3
0.38861,-1.7858,3
-0.40129,-2.2807,3
0.94591,2.8187,3
1.8985,4.4251,3
-1.5433,-0.33971,3
1.8254,0.84784,3
-1.3358,-5.2613,2
4.0783,2.4391,3
0.47403,2.2705,3
4.2319,-1.195,3
1.274,-0.12718,3
3.147,-0.41248,2
0.21325,0.82858,3
0.3867,0.053212,3
4.9269,2.3565,3
1.1189,2.3853,3
4.6369,4.7145,3
1.2429,0.70542,3
1.2404,-1.6496,3
-1.9951,0.14686,3
3.9815,-1.114,2
4.7487,1.5455,3
-0.49125,-3.4006,1
-5.2914,-3.9253,1
-0.39794,-0.17205,3
-1.3825,2.2682,3
-0.095218,-3.5702,2
-0.91739,-0.10232,3
-1.6534,0.33768,3
0.40417,0.65394,3
-0.25065,1.8715,3
-4.8272,0.52723,3
1.4911,-2.5985,3
3.0103,3.6326,3
-0.19672,-0.9034,2
0.33196,-2.224,3
1.6398,0.73417,3
0.30922,0.56395,3
2.752,2.1852,3
-0.47384,1.1394,3
1.0471,3.2101,3
-0.77258,-1.728,3
-1.7778,-4.6345,1
2.0242,-2.5602,1
0.89615,2.745,3
-4.0828,-5.0987,1
0.59467,3.2264,3
1.2098,-0.34789,3
-1.5697,0.74371,3
-1.5028,-0.58363,3
0.71128,-1.1975,2
-0.22413,1.7125,3
-0.90929,1.8777,3
-0.14266,1.657,3
0.10792,-0.51885,3
-1.897,0.80454,3
-2.6564,-1.047,3
2.0221,0.52743,2
0.33002,0.14163,1
-4.2931,-2.3764,1
-2.4714,0.5618,3
1.3506,3.5978,3
2.9852,-0.72788,3
-1.7042,-1.1221,3
0.24989,2.2687,3
-4.0702,0.86675,2
-1.3616,0.14577,3
-2.3464,1.7817,3
2.0773,1.2608,3
3.5727,-0.55521,3
3.6578,-0.32427,3
-0.79636,2.4235,3
0.42817,-4.153,3
-0.4694,3.1741,1
1.3459,-1.003,2
0.095838,-2.9318,2
-1.3549,-0.43409,3
1.1869,-0.45831,3
-1.8036,-1.4828,3
0.33936,4.2724,2
0.56048,-3.1718,3
-4.6949,-0.39961,3
-3.8396,-2.5026,3
-4.8466,-0.049471,3
-1.3923,-1.1041,3
-3.3879,-1.8845,3
5.762,1.119,3
-1.2144,-2.2193,3
-0.14132,-0.10639,3
-1.8798,-3.2812,3
-0.24052,4.27,3
1.7915,3.7129,3
0.0099026,-1.7182,3
2.2375,3.3713,3
-1.4814,4.298,3
0.66871,0.63106,3
0.9604,-2.3013,1
-0.99378,-0.74995,3
3.1899,1.7315,3
-0.52053,-0.14504,3
-1.1349,-0.27464,3
-0.15681,1.8707,3
-1.1419,-1.3253,1
2.7696,-0.1806,3
1.9462,0.75952,2
-2.0328,1.4562,3
-3.7775,-2.7191,3
-2.5787,0.592,3
1.5247,-0.98085,3
-1.7252,1.9707,2
0.7217,4.0049,3
-4.3016,-8.0828,2
0.99842,3.4307,3
2.8143,0.50487,3
4.0958,0.49525,3
0.83937,1.8644,3
-0.47665,2.6771,3
0.31006,-3.0357,3
-1.5276,4.246,3
1.801,-0.58398,3
0.29699,-2.0491,3
0.95794,0.027774,3
-2.0869,2.8861,3
-1.3385,1.117,3
4.206,8.9904,2
-1.1075,-1.7412,3
-0.23488,0.24642,3
1.4212,-1.2891,1
-1.4295,-2.1551,3
4.1012,-0.89723,3
1.7373,0.81554,3
2.2464,3.0462,3
0.61806,-0.23568,3
-4.2019,0.26791,3
1.2386,2.4745,3
0.15867,-0.66632,3
-3.4644,1.0169,2
2.2045,-2.4564,1
-3.0312,1.4837,3
-0.38944,-1.7216,3
-4.1106,-2.5635,2
-2.8617,4.2471,3
1.3933,1.7818,3
-0.13373,-1.3183,3
-0.075981,1.942,3
-0.48846,2.1458,3
2.2022,-0.29009,3
0.53076,-0.99364,2
3.5286,3.0666,3
1.7268,-2.9942,3
-6.0276,-2.624,3
0.54483,2.3878,3
-2.453,2.4302,3
-1.3341,0.96199,3
0.35118,3.8416,3
-0.88063,-2.8877,3
-0.47362,-0.26918,3
0.28857,1.3902,3
-2.696,3.4647,3
-2.427,-4.1158,2
-1.8253,1.3496,2
-2.3334,2.499,2
-2.627,-0.50072,1
2.3285,1.7805,3
2.8947,0.72702,3
3.0089,4.8235,3
1.8779,0.94817,3
2.4432,-0.50422,3
0.73184,-2.003,3
-2.5949,-1.2694,3
1.228,-2.6206,2
2.8597,0.94907,3
1.3795,-1.6471,3
0.78695,0.85641,3
0.93918,0.40443,3
0.98245,-0.29266,3
-0.62153,3.2976,3
5.6448,-0.57887,3
6.341,2.6257,3
0.38351,0.24008,3
1.2766,-0.1236,3
3.8212,1.9033,3
-3.0809,2.8058,3
-1.8007,-0.30115,3
-1.2337,2.4986,3
5.1592,2.9429,3
0.64547,3.208,3
1.3981,0.46907,3
5.1858,0.97298,3
-1.504,1.476,3
0.46408,2.0261,3
0.63569,1.8162,3
-0.015261,-0.19714,3
0.57343,0.54673,3
0.56255,0.44676,3
-0.53782,3.1175,3
-0.10069,-0.2584,3
1.4636,-2.6886,3
0.11361,-1.5288,3
-0.60555,-1.7604,3
-2.9064,-1.2883,3
1.6701,2.357,3
0.27824,0.57456,2
0.91916,0.0082812,3
0.29922,2.951,3
2.5342,1.2676,3
-1.3602,-2.5014,3
0.95119,0.94286,3
0.95046,-2.5223,3
2.8426,1.8661,2
2.2089,3.3775,3
5.0251,-0.50764,3
-3.8672,-2.5644,1
-1.2477,0.60157,2
-3.891,1.018,3
-1.5256,-1.7849,3
1.0786,-1.1124,2
0.31988,-0.93219,3
-2.8091,-3.0052,3
0.43523,-1.6942,3
0.62437,2.8059,3
0.72692,3.4445,1
2.6059,0.57989,3
3.5161,0.73975,3
3.6452,1.1629,3
1.3306,-5.3056,3
-1.8309,0.51907,3
-1.4579,0.93471,3
2.4937,-0.57133,2
-0.77297,4.9136,3
1.6266,-0.20253,3
-0.80989,1.6359,3
0.32321,-0.78337,3
-0.75261,3.2195,3
1.9879,-2.1302,3
-1.6429,-2.8045,3
-1.8616,2.3786,3
1.3002,4.5955,3
3.806,4.9805,3
0.30427,2.3793,3
-1.1294,0.69627,3
4.3946,1.6818,3
-3.7774,-2.3413,3
1.2111,2.7011,3
1.8025,0.91351,3
-1.7557,-0.94627,3
-1.0477,-1.6411,3
4.5093,-2.5529,3
0.28999,5.7709,2
-2.2379,-2.1958,3
-0.34161,2.6825,3
-1.6246,-4.009,3
-4.8758,-1.316,3
0.61639,1.2995,3
4.579,0.72843,3
-2.6426,1.1786,3
2.1106,-0.86992,2
-0.54501,0.41453,3
1.0283,0.046779,2
-2.5106,0.59628,3
-1.5243,-4.8971,3
4.8911,-1.5637,3
-1.7778,0.27777,3
1.8615,-1.6378,3
0.15755,4.1029,3
-2.9662,-0.27243,1
-1.6081,0.7937,3
-1.7774,-0.8336,1
0.97505,1.7437,3
-0.36421,-1.318,3
0.084215,2.2998,3
-0.14991,3.82,3
2.5913,1.1357,3
-0.17029,-0.76737,2
-2.3757,1.6535,3
2.1533,4.53,3
1.0733,0.32809,3
-2.3606,2.7383,3
-0.22956,1.9906,3
-4.1861,-0.10507,3
4.0592,1.3846,3
-1.3405,-4.4559,3
-4.0115,-3.5538,3
-1.8679,-0.16497,3
3.7994,-1.4797,3
-0.11503,2.6256,3
2.2835,0.76851,3
-2.0459,2.1438,3
3.0076,1.7808,3
-2.2046,3.0209,3
2.226,3.817,3
-0.15711,1.6892,3
0.63804,1.8237,3
-1.9303,1.9248,3
0.061104,-1.9822,3
-3.1629,0.36494,3
-1.5686,-0.81703,1
0.65545,4.1643,3
-1.3482,-3.1633,3
3.9588,2.7483,3
-1.9912,2.3002,3
-0.07801,0.26781,3
3.6683,-0.93211,3
-1.4999,-0.46961,3
-0.29873,-3.3576,1
4.1975,4.1049,3
-3.1109,-1.6784,1
-2.4336,0.13793,2
-3.442,-7.3963,3
-1.7552,-0.4435,2
0.78501,-2.048,1
4.4657,5.8152,3
-2.6403,-3.4068,3
-2.8604,-0.26444,3
2.3098,-0.83005,3
-0.9664,-0.45226,3
2.6575,-0.3582,3
-4.7565,-1.5645,3
-5.7466,0.27848,3
2.251,3.4576,3
-3.9251,-1.1317,3
2.4538,0.42315,3
-0.18668,3.1925,3
2.674,2.164,3
-1.3801,0.55,3
1.667,1.4794,3
-0.5955,-1.8959,3
0.3031,-1.5747,3
0.21346,3.1639,3
4.1083,1.1232,3
0.20422,-0.73266,3
1.7642,2.6626,3
-0.24626,1.6026,3
1.4616,0.27198,3
6.2595,1.5047,3
-1.9015,3.5529,3
1.2368,2.3126,3
3.869,0.12006,3
3.677,0.82772,3
0.48283,-0.78573,3
1.9888,3.347,3
-2.8247,2.7713,3
2.1231,-1.3177,3
2.3918,1.0788,2
2.2497,-2.2017,3
1.8198,0.25683,3
-0.92829,3.6724,3
-1.0947,-4.4619,1
0.61,3.1749,3
1.399,0.88707,3
-2.3785,1.1364,3
3.933,0.4613,3
-6.6912,-3.8304,3
2.9802,1.8459,3
-1.348,-1.0143,2
-0.64862,1.9363,3
1.7579,4.2107,3
-1.0767,1.6952,3
0.60362,3.0205,3
-0.92336,-0.80457,3
-1.6864,1.1835,3
2.1624,-0.88015,3
4.8704,-0.49782,3
-0.63251,-0.21328,1
3.1394,4.6365,3
4.3616,-2.7625,3
0.16381,0.17124,2
0.35785,2.8031,3
1.2642,1.0567,3
-0.79823,3.1611,2
-0.87816,-1.3684,3
0.11917,-2.1344,3
-0.76785,2.3166,3
2.0762,-0.4166,3
-0.96298,1.3174,3
-3.5049,-4.6097,2
-0.45919,0.15451,2
-1.6864,-3.2115,3
1.7942,1.9605,3
2.0673,0.92335,3
0.80955,3.4798,3
2.7169,2.722,3
6.7024,3.8289,3
1.8914,-0.020519,3
-0.4843,-2.0006,3
0.5947,-2.9971,2
-0.43961,1.346,3
4.0939,0.30232,3
4.4197,-1.7563,3
-3.6734,-0.80013,3
2.5155,-3.3676,3
1.9841,-0.96328,1
-2.2578,-0.30043,3
1.0971,0.15851,2
-2.9459,0.91036,3
2.9866,3.5889,3
-0.63845,3.5189,3
-2.2894,1.1457,3
-0.44038,-0.39133,3
0.132,-0.81881,3
0.48957,0.2988,3
-0.55336,-1.3745,3
1.5003,1.4629,3
2.5673,2.3455,3
1.0852,-0.20231,3
-0.90865,-1.1069,2
1.5648,-1.1941,3
-0.27159,-0.48651,3
5.3667,0.10487,3
-3.3305,0.93601,3
-0.58227,-3.2967,3
3.2491,2.0557,3
2.4297,0.78275,3
1.7547,0.14706,2
1.1426,-0.8605,3
2.2442,0.83801,3
2.2687,2.3599,3
0.736,-1.3229,3
2.6771,4.133,3
1.4111,0.24067,3
0.72846,0.66326,3
3.1575,1.6821,3
3.0475,-0.027372,2
-0.18624,1.3975,3
-1.0889,0.36341,3
-1.2456,-0.30764,3
2.1013,0.23563,3
3.1628,1.6575,3
1.845,3.846,3
0.17401,-0.34878,3
1.9995,2.6478,3
-0.23669,4.2344,3
-2.7375,3.3198,3
2.2748,1.0434,3
1.7616,1.4172,3
-3.8153,-0.8104,3
-1.1154,0.66,2
5.2,1.4238,1
2.5514,-2.7379,3
-1.8572,-1.7001,3
1.6481,-0.24371,3
-2.2573,-1.5207,3
1.729,1.2217,3
-0.069453,-0.06781,3
0.12411,-3.9834,3
-1.1003,0.33413,2
0.85811,-0.73764,3
0.70681,-1.3949,3
2.1913,1.7806,3
-4.2791,-0.53452,3
-1.6173,-2.0468,3
2.4225,-1.5487,1
0.72733,-2.0887,1
1.102,-1.8653,3
-3.3237,2.2811,3
-0.15393,2.4685,3
-2.6182,-1.3938,3
0.98261,4.5121,3
1.2544,-0.77392,3
2.1062,3.6185,3
0.82984,3.9375,3
-0.35777,-1.7822,3
-1.723,-2.3543,3
2.7942,0.49827,3
3.1073,0.64983,3
1.08,2.2843,3
0.79369,0.77744,2
4.4508,-2.2913,3
-0.69865,-1.3307,3
-0.58723,0.63762,3
1.8842,-0.20896,3
-0.82433,1.1205,1
5.8623,2.5496,3
1.4452,-0.33488,3
1.8119,2.4588,3
0.20461,2.858,1
3.1077,1.7128,3
3.4809,3.1844,3
-1.4714,-3.2391,3
0.76164,1.4201,3
4.4043,4.357,3
2.1909,2.0507,3
2.8755,0.47347,3
0.72329,-4.1728,3
-0.51011,4.5373,3
0.99119,0.99709,3
-2.3642,1.6011,3
-1.4223,0.49478,3
-1.3654,-1.6595,3
-1.4943,-3.5487,1
0.24582,-0.046983,3
0.64281,-2.5489,2
-3.6005,-3.5115,2
0.37591,-1.5925,3
2.5308,-1.5948,3
-1.7203,-0.68174,2
1.2521,1.8308,1
2.809,3.3601,3
3.6661,4.1772,3
1.9646,-0.11051,3
2.3642,0.22009,1
-1.3181,0.81627,3
1.5424,-0.89131,3
1.8634,0.85748,1
-0.53856,-0.1729,3
1.9507,2.302,3
-0.7905,-0.2913,3
0.4928,-2.9936,3
-1.756,1.9737,3
1.9201,-0.025676,3
3.6769,1.376,3
0.52939,-1.9892,2
0.17302,-2.2726,3
1.2704,0.14073,3
-1.1817,-2.6852,3
-3.0317,-1.2237,3
1.3995,-1.8536,3
4.4871,-1.9783,3
0.038536,4.0064,3
-1.1106,-2.6686,3
-3.6905,1.2838,3
-1.3265,0.81482,3
0.82703,1.457,3
-2.1205,-1.3632,3
-0.30034,2.8571,2
-0.43242,0.23102,3
-1.2446,0.4837,1
-3.234,-0.41826,2
-1.3743,1.0578,3
2.2624,0.66886,3
1.0167,-1.5963,3
4.3201,-0.33628,3
-0.46661,-0.86325,2
3.8637,2.4234,3
0.60857,2.7242,3
-2.729,-3.4612,2
3.6084,-0.49601,3
0.67812,3.4526,3
1.4212,1.6361,3
4.5559,0.82294,3
-2.4761,-1.2518,2
1.4709,-0.94072,3
-1.8475,-1.6204,3
1.7868,0.99063,3
-3.2524,1.4209,3
2.4351,-0.60894,1
1.4164,-0.19663,3
-4.1337,-0.028796,3
-1.7452,0.6701,3
1.9141,-0.74079,3
0.92947,3.5535,2
-1.1139,-0.46465,1
3.2663,4.2179,3
0.16956,4.3717,3
2.4562,1.9811,3
0.31745,-1.9332,3
1.4996,2.9289,3
-1.21,2.377,3
-1.9955,2.1674,3
-3.5046,1.6171,2
-3.0127,-0.18436,3
0.39512,-0.57695,2
-0.99862,-2.1853,3
-2.7599,-1.5586,3
-1.5309,-0.44171,3
0.39306,-1.6004,2
0.42803,3.6391,3
-3.2923,-3.3037,3
-0.98294,-0.60109,3
1.5768,1.207,3
1.4977,6.4717,3
2.2338,4.6206,3
1.9658,-1.1201,3
4.4553,0.51559,3
1.7641,-0.47587,3
-0.11328,-2.4043,3
-0.97556,-3.1692,3
-2.3377,-1.6767,3
1.6011,-3.172,3
-0.58146,3.2238,1
1.9968,0.8238,3
-2.4387,0.51889,3
0.25848,1.8574,3
-2.6629,1.944,3
3.2424,-1.6342,3
-1.6154,3.2653,3
-1.063,-1.0856,3
0.55055,-2.9554,3
-0.26205,-1.7,3
0.98037,1.9171,3
-2.3567,0.29405,3
-0.69403,0.35402,3
-1.5519,2.3528,3
-2.1159,0.045864,2
1.681,-0.84648,2
2.3074,-1.4245,2
-0.42339,-0.43458,3
-1.8855,-0.80658,3
2.9672,-0.79508,3
2.1378,2.5176,3
-1.2773,0.99765,3
1.5134,-2.0327,3
-5.1831,-0.34628,2
3.6685,2.5085,3
2.2873,3.0508,3
4.0022,4.2184,3
1.0119,0.48797,3
-0.76868,-2.2438,3
0.00012888,-3.4257,1
1.2627,-3.0421,3
2.4926,1.5549,1
0.46277,-0.5027,3
0.086403,-0.2398,3
1.2851,3.1731,3
2.9795,-1.6111,3
1.659,2.1551,3
2.3534,-0.72697,3
0.95815,-3.2439,3
1.6152,-0.5,3
-1.7853,-1.8957,3
2.1682,0.10726,3
-0.16303,1.0243,2
-0.22961,-0.47358,3
1.6869,3.7146,3
2.2227,-0.56392,3
-0.0092674,4.8773,2
1.8482,0.028212,3
-0.60659,-0.76494,3
2.868,0.22616,3
-1.4767,-0.5665,3
3.0737,-1.1555,2
-0.40547,1.0097,3
1.2754,4.8017,3
-1.5689,3.3505,3
-1.8327,0.30236,3
0.20304,-2.0845,1
-1.2764,-1.1269,2
2.4608,2.42,3
2.9361,6.2655,3
-1.9134,2.9483,3
0.62476,-0.96295,3
0.79845,-3.4138,2
2.2805,3.9163,3
-2.3837,1.2314,3
-0.5072,-2.9064,3
1.9031,-2.1637,3
1.7996,1.1485,3
-3.9896,0.94656,3
4.1546,3.3484,3
0.069686,-1.2555,2
-2.7392,-0.51318,3
0.06802,-0.69776,3
2.8708,-0.15369,3
0.67301,-2.9142,3
-0.54266,-0.014232,3
-2.3425,-0.6329,3
1.2482,6.977,3
0.011517,2.987,1
0.70027,-3.8471,3
1.9529,-2.7706,3
-1.0995,2.6364,3
-3.0008,0.97769,3
0.49683,1.089,3
2.4266,0.79155,3
1.3907,1.1212,3
1.4143,-1.9134,3
-0.29898,-2.566,3
0.25014,4.1665,3
1.4738,-1.6212,3
1.3192,-2.0573,2
2.3697,4.3858,3
3.7451,-1.9262,3
-0.60273,-4.4105,3
-0.13864,1.0924,3
-0.2161,1.3924,3
3.1991,3.4008,3
-0.42115,6.6228,3
-0.4417,0.77349,3
0.71295,-0.30955,3
-4.5948,0.528,3
-3.8073,-5.4727,3
-0.11327,-2.5482,3
-4.2408,-0.40701,1
0.65565,-0.25672,3
0.0094773,-1.5769,3
-1.2322,-2.0542,3
4.4421,-0.05844,2
2.3177,-2.0803,3
-4.5414,1.4191,3
-0.024167,4.4627,3
2.9785,1.869,3
-2.7115,-0.93847,3
6.0367,-0.31805,3
0.96084,-2.7227,3
3.707,1.9853,3
-0.86845,0.049399,2
-2.2396,2.5956,3
-1.4523,-2.8914,3
0.13265,0.0029297,3
-0.59507,0.77827,3
-3.8928,-3.4218,3
0.62455,3.5646,3
2.4633,1.1719,3
-3.6725,-6.079,3
1.1772,3.4366,3
2.5792,0.45225,3
1.8868,3.2518,3
-1.6375,-0.81838,3
-1.6447,-3.0632,3
1.9229,0.02545,3
2.7591,0.58409,3
1.7551,-0.58628,2
4.733,-3.0004,3
-1.3975,3.5799,3
0.50207,0.32788,3
2.3689,-1.5044,3
-1.225,-1.0165,3
0.24134,1.8187,3
1.2736,-1.2693,3
2.8795,0.27193,3
2.9485,2.2111,3
0.3009,0.90204,3
1.2156,0.51366,3
-4.0772,0.98669,3
-0.67709,-2.0807,3
-1.4611,-1.8376,1
3.7078,2.9526,3
-3.3526,0.47441,3
5.3936,1.554,3
0.24993,-2.5709,3
2.7543,-1.9903,2
1.8295,-0.36739,3
1.2275,0.84715,3
2.6418,0.35079,1
4.0256,0.72349,1
0.1092,-3.6027,3
1.6606,4.8619,3
-0.84549,1.4925,1
1.6587,1.7873,3
-2.2609,0.1159,1
-1.5574,3.1294,3
-4.0043,2.2085,3
0.53788,3.3128,3
0.027484,5.3896,3
3.1899,2.3909,3
-0.035113,2.5327,3
2.6084,3.3348,3
0.8175,-0.71616,3
-1.1127,0.68089,3
2.7227,-2.5632,3
1.0347,-0.37245,3
6.3901,-1.7878,3
-0.59348,2.1133,3
-0.066665,1.5432,3
0.26986,-0.080087,3
0.38673,0.11645,3
-3.4725,-3.2978,3
0.81193,-0.97735,3
0.18396,1.4576,3
0.66969,1.3767,3
-3.0665,-1.7367,2
2.566,1.0567,3
2.4254,2.1187,1
4.6121,0.71552,3
-0.72324,-0.59287,3
0.74876,2.0602,3
2.5583,3.0381,3
2.8426,3.2993,3
-1.336,-0.19627,3
1.4552,1.3414,3
0.79468,0.99597,3
2.8734,4.2717,3
0.33083,0.11152,2
-0.81181,1.9517,3
2.1551,1.5469,3
3.5365,1.3014,3
-0.019485,1.53,3
0.65687,-0.48038,3
0.41959,-0.75743,3
-1.8588,-0.65906,3
1.6938,4.0903,3
0.3734,0.97557,3
2.6177,-0.70171,3
0.9868,0.31661,3
0.94754,-1.5884,3
-0.14145,-1.4829,3
0.69181,2.8675,3
0.76112,2.1771,3
0.5696,5.3968,3
4.8842,0.29351,3
1.3839,-3.8153,3
2.543,3.9798,3
2.4354,1.5324,3
4.1666,4.2518,3
2.4072,3.2156,3
0.52081,0.79485,3
-0.19308,-2.2491,3
-3.3973,1.3492,3
2.5717,0.00051643,3
-4.1643,0.84245,2
0.3573,5.9172,3
-0.17228,0.077674,2
2.6665,2.4639,3
2.5082,-0.37927,3
0.53196,0.87898,2
1.9,2.9118,3
2.8894,1.1187,3
-1.7575,-0.19495,3
1.3013,-1.025,3
-0.81595,7.4141,3
-0.58102,3.0593,3
1.8513,0.85707,3
0.19577,3.2632,3
2.7544,-1.9702,3
2.445,2.7761,3
-0.34853,1.8862,3
-3.0074,1.9387,3
1.5233,0.23664,3
-0.86406,-0.26897,3
-4.1967,-2.7925,3
2.7069,-1.1992,3
0.11625,6.7887,3
0.96536,2.5697,3
-1.633,-1.6841,3
4.3848,2.827,3
0.59896,-1.0953,3
-0.58607,-1.0927,3
-2.6567,-2.3734,2
2.1365,3.6999,3
2.3622,0.36455,3
3.5,0.72323,3
-0.44225,-2.464,3
-0.24522,1.157,3
-1.2399,0.94111,3
5.1041,0.16639,1
1.7123,4.2507,3
-0.74715,-0.1271,3
0.92039,-0.69737,3
1.0617,2.1521,3
-3.9251,1.5841,3
0.8591,1.8833,3
-1.4998,0.92938,3
1.2885,0.5067,3
-2.0601,0.15174,3
1.1598,-0.37447,3
-2.3516,-1.0512,3
1.8684,2.1071,3
-1.1647,-4.1537,2
2.6452,1.7438,3
3.3606,-0.28789,2
-3.1684,-2.0099,3
-3.8751,1.1863,3
0.047656,-3.7648,3
4.7306,0.2979,2
-1.2512,0.099081,3
0.44291,-0.037795,3
-0.534,-0.55124,3
1.4731,1.5315,3
-1.2144,-1.5467,3
1.8562,1.4693,3
2.7863,2.9518,3
2.4541,-1.8559,3
-3.3389,-0.12389,2
-4.1779,-1.7625,3
1.9577,3.1551,3
0.48077,6.072,2
5.5862,0.12544,3
2.0661,-2.6779,3
-0.17597,-1.3004,2
-0.8486,-2.3676,1
-2.3483,1.7924,3
0.055754,-1.9786,3
-1.3724,0.023149,3
3.3833,2.0564,2
1.1132,1.3625,3
1.1971,-1.135,3
1.2671,3.0336,1
2.7091,4.8645,3
0.46197,-1.9483,3
-1.2073,-0.16757,1
2.1515,-0.091838,2
0.38903,1.264,3
-1.1737,-1.4717,3
2.7173,0.32864,3
3.839,1.2127,3
1.9364,1.1096,3
1.956,1.5483,3
-0.84184,-0.6846,3
1.6055,6.5428,3
2.5472,0.47147,3
1.2971,4.5895,3
-1.2751,-0.60102,3
1.7305,0.081096,3
3.0127,1.6864,3
-0.047326,3.6844,3
-2.0153,4.2906,3
2.9204,1.5803,3
-0.5061,0.31781,3
3.3269,2.9002,2
1.1914,0.51772,3
3.2908,3.4364,3
-1.2754,2.8054,3
3.2893,-0.69551,3
-0.80576,-0.9149,2
0.1742,5.3994,3
-0.49281,4.2209,3
-1.0638,-0.27733,2
3.1779,3.4608,3
2.027,2.3205,3
-0.29004,-2.3309,3
0.63049,-3.6472,3
2.1784,1.9332,3
2.8413,-1.3837,3
-0.035467,-1.2762,3
-0.91333,-2.2427,3
-1.5864,1.3809,3
-0.047101,-0.2269,3
-0.0061632,2.4176,3
3.5054,5.1334,3
5.3145,-0.39326,3
-2.4029,0.98236,3
2.3641,0.96349,3
2.0552,2.3366,3
-1.8559,-0.70701,3
-0.33159,2.0673,3
-1.7989,-0.22461,3
-0.44721,2.692,3
-1.7222,-0.16224,3
-3.5745,-1.8001,3
4.2143,-3.3266,3
0.23746,2.0077,1
0.61901,2.0229,2
-0.12757,-1.2037,3
-0.55777,-0.52256,1
0.2316,-5.0927,3
1.7672,3.4425,2
-2.1609,0.69463,3
2.4223,0.6412,3
1.8263,-0.94507,3
-0.22685,-0.49663,3
2.0229,-0.4863,3
-1.8671,-3.9449,3
0.58821,1.1744,3
-0.63977,-1.4908,2
0.034554,3.9579,3
-1.6951,-0.71155,3
-2.332,0.058073,3
-2.0707,-0.3812,3
-1.4403,-1.037,3
-1.3854,-0.34808,1
0.60103,-2.4099,3
-3.5829,3.2805,2
2.5837,3.2861,3
-2.5135,-1.3779,3
0.25331,-2.7959,3
-0.22611,1.3417,3
-0.4697,-1.7433,2
0.42868,0.92561,3
-2.5221,-5.3782,3
-1.2895,-5.5035,1
0.84654,-0.92873,3
3.7816,-0.10193,3
1.6455,0.96784,3
-5.7681,0.95975,3
1.954,-2.7555,3
0.029084,-1.2068,3
1.5265,-0.83738,3
-4.3046,2.2659,1
0.54629,-1.1902,3
-2.7971,0.43383,3
2.8545,-2.8663,3
-1.5281,0.10739,3
1.7672,0.74208,3
-2.6793,-1.545,3
0.45973,2.8953,3
-1.8598,0.31789,3
-1.7872,-2.6816,3
2.427,-1.6587,2
2.9272,-0.49487,3
-1.11,-1.0336,3
-0.69342,-1.0273,3
-0.43368,-0.45805,1
1.7878,1.4128,3
0.45649,0.46065,3
0.041757,-0.11678,2
0.20886,-0.51524,3
0.052845,2.9799,3
1.8516,-0.70946,3
-4.5494,-0.19925,3
1.6758,2.0883,2
-0.64751,-1.088,1
2.5296,3.1964,2
-0.70678,1.6961,3
-0.24493,0.16324,3
-0.58699,6.3376,3
0.27058,1.759,3
5.1332,3.8521,3
0.1967,-0.1357,2
-2.4843,-1.488,2
0.29414,4.1533,3
3.4742,-1.2659,3
2.3177,1.9407,3
-0.5008,-3.4414,3
-2.1484,-2.4213,3
2.4082,0.78485,3
-3.5285,-2.5144,3
-0.55334,1.0226,2
3.0632,-1.5738,2
-0.70564,0.19881,3
2.1721,2.2281,3
3.9913,5.1994,3
0.057077,-0.47535,3
-0.97385,-1.7262,3
0.99712,3.3549,1
4.0836,1.6072,3
4.3727,4.4082,2
3.4257,-0.39761,3
4.8774,1.5976,3
0.2145,1.6963,3
0.37017,3.0888,2
4.5829,-1.5291,3
3.1196,4.4241,3
1.7292,-3.1317,3
-2.2666,-1.1614,3
-2.0402,0.45534,3
-3.5884,-0.55297,2
-0.0964,-0.82767,3
-1.2864,-5.5071,3
-0.80878,-1.3582,3
-0.15863,-3.9857,2
1.644,0.82446,3
-1.6046,0.034259,3
3.1127,2.2614,3
2.2244,1.1211,3
-1.4753,-1.4282,1
-0.32428,1.4392,3
-0.37201,-0.30286,3
0.3657,1.2437,3
1.4029,3.5919,3
0.37625,-1.3138,2
-0.60427,4.0501,3
4.1369,-0.86831,3
-3.3004,2.1294,3
-4.071,-1.3016,3
3.8997,-0.057613,3
-0.79132,-2.134,3
-0.32689,1.9969,3
-1.1535,3.4956,3
-0.57262,-0.027766,3
-1.7188,-0.99548,1
2.3659,2.0937,3
0.61675,-1.495,1
1.0007,-1.0016,3
-1.3271,-2.5028,3
0.42738,-3.942,3
0.4113,4.9084,3
3.0067,1.2856,3
-1.583,-1.7685,3
-0.89378,1.0196,2
0.40438,-3.2729,3
-0.58297,2.2358,3
0.22599,0.13755,3
3.0941,-1.6813,2
-1.7995,0.56855,3
1.7413,1.55,3
-0.18258,-1.509,2
1.5708,3.721,3
1.8191,2.3107,3
1.5157,1.5903,3
1.5565,4.9426,3
2.4675,0.99127,3
-1.9358,-1.1909,3
0.85375,-0.73096,2
-3.9147,-0.57609,1
-1.2357,-0.57238,3
2.2265,3.4514,2
0.90326,-0.70203,3
2.335,-3.402,3
1.4404,2.5647,3
-0.95369,3.7219,3
-3.3064,-2.086,2
-0.78414,4.51,3
-4.272,-3.0397,3
-1.9425,2.6722,3
2.3757,1.612,3
1.8156,-0.77881,3
0.32704,-3.2369,3
0.9526,-1.6302,3
-0.63732,1.3266,3
-0.69187,1.3715,3
-3.4139,1.9674,2
2.0627,-2.0011,3
-0.50851,0.87276,3
1.4255,0.09324,3
0.50315,-3.4831,3
2.5526,2.1075,1
0.90449,-0.23188,1
4.3747,-3.9546,3
-0.6202,1.0398,3
-2.5016,0.80082,3
2.7516,1.3027,3
1.5076,-0.53796,3
4.6156,5.4285,3
-3.5189,-1.5142,1
3.282,1.9503,3
2.1291,2.9653,3
-0.38141,0.85988,3
1.9988,-3.5002,3
0.98723,2.6534,3
2.0724,-2.3754,1
1.3956,-0.14625,3
2.5998,0.07072,3
2.1951,2.421,2
3.9407,-0.49498,3
-4.3737,-0.45629,3
3.0802,2.7778,3
-3.8739,-2.8768,3
0.071454,-0.58807,3
4.6542,1.505,3
1.0425,2.4081,3
3.5216,0.53403,3
1.5641,-2.768,3
1.434,-2.3764,3
-1.3047,2.1275,1
0.51858,-4.25,3
1.8221,-2.1659,3
-0.57184,-3.3591,3
0.24933,-0.0025038,3
0.69814,-0.064853,3
0.68599,1.7305,3
3.5128,2.3289,3
0.071476,0.38178,3
-0.50651,0.084806,3
3.6935,0.64634,1
-3.8844,0.88355,3
-1.6979,-0.1048,3
0.83225,3.9892,3
0.5686,0.7323,2
0.44252,1.3296,3
-0.71238,-0.67046,3
3.9227,0.63852,3
-0.91526,-0.38991,3
0.32431,1.4946,1
2.9092,1.1397,3
0.63258,-0.85681,1
-6.2316,-1.8482,2
5.0137,1.4008,1
4.4114,1.6325,3
1.392,3.3933,3
0.98779,4.4943,3
-3.3735,-0.95489,2
4.314,-0.3659,3
-0.15981,-4.8797,3
-0.90853,0.74925,1
-0.90309,-0.10894,3
0.79346,-0.81656,2
2.8818,1.5164,3
5.9463,-0.082292,3
0.047949,0.77241,1
2.7863,2.2777,1
-0.72424,-0.98133,3
-0.81505,-1.3819,3
-3.3354,4.1655,2
0.0097499,0.086763,3
-0.5179,0.55882,3
3.0286,5.7307,3
-2.3986,2.6711,3
0.066847,1.208,3
3.5769,3.8073,3
0.53675,3.0304,3
0.96251,1.2634,2
-0.92253,2.0949,3
-1.6181,-1.3869,3
0.15969,-2.9892,1
-1.184,0.53067,3
-1.4708,-0.95699,3
-0.92312,1.3998,3
1.178,1.1606,3
1.3433,-3.5649,3
-3.2469,0.42869,3
-0.19017,0.11429,3
0.97985,-0.1499,3
-0.93086,1.3398,3
1.3357,0.19906,3
0.60314,1.5907,3
0.278,-2.0427,3
2.7526,4.0766,3
2.728,4.2394,3
4.4935,2.412,3
1.1934,0.79729,3
-1.769,-2.0598,3
2.8645,0.65471,2
-0.91476,-2.9255,3
1.9763,4.556,3
4.0185,-3.1759,3
0.0042377,-4.1607,3
-1.9613,0.85955,3
0.90593,3.6316,3
0.72823,0.42125,3
-3.5154,-1.3983,3
0.28344,0.04467,3
-0.079594,-5.7311,3
-0.41023,-0.27818,3
-0.010912,1.4163,3
2.1026,-1.1054,3
0.39359,-0.02758,3
-2.3789,-1.9325,3
-0.52799,1.9027,3
-2.8077,-1.9409,3
-1.6484,-0.50822,3
2.4801,-1.4206,3
-3.5341,0.058328,3
-1.1905,-1.4865,3
-0.042915,1.9521,3
2.2361,0.098985,1
3.7484,-3.5612,3
1.8204,0.11648,3
2.7518,-0.12712,2
0.77377,0.44748,2
-1.2271,-0.052666,1
1.7167,-2.9673,3
-3.4861,-2.6618,3
1.5811,3.6256,3
-2.6689,-1.7183,3
2.7524,-0.33298,3
-3.444,0.68684,3
-1.284,0.80868,3
-2.2542,-0.63261,3
2.461,-3.2525,3
-0.39398,1.8636,3
1.3489,1.8352,3
-0.15421,-4.4119,3
1.9968,1.5015,3
0.71577,-2.2304,3
4.1711,3.567,3
2.1443,1.0146,3
2.5481,2.348,3
-0.41552,2.2438,1
-2.6263,-1.5441,3
-0.30146,0.44053,3
2.0123,-1.1754,2
1.202,1.6576,3
3.1076,-3.0837,3
-1.6419,2.8423,3
-2.2502,-1.2312,3
0.81766,2.4835,3
2.6441,3.9665,3
2.9686,-0.99933,3
3.9077,-2.6148,3
-0.30335,0.62536,3
-3.5881,2.5161,3
-3.9587,0.36845,3
0.58686,-4.069,3
-1.9587,0.19068,3
3.1854,-0.62827,3
-0.275,-0.14343,2
-0.51862,3.089,3
-3.5789,1.7096,3
1.3687,1.7805,1
1.8709,-0.62854,3
-0.035592,2.327,3
2.9765,0.24867,3
1.437,-0.70983,3
2.164,1.5996,3
2.8535,0.20094,3
-0.0012511,-0.31716,3
-0.60868,-0.75792,3
3.0257,-1.0341,3
0.91516,0.75357,3
1.0776,-0.16916,3
3.1972,1.8072,3
-0.41435,0.76372,3
0.056499,-0.81739,1
3.9037,-0.085719,3
-0.1126,2.3261,3
-2.7461,1.9163,3
-3.123,3.2778,2
-0.51007,0.34924,3
2.7799,2.1989,3
3.0853,2.2434,3
-3.9912,-2.2617,3
-1.7607,4.773,3
-3.7392,-1.2465,3
1.2547,-1.4838,3
3.2455,3.8548,3
4.4276,3.9115,3
1.9716,-3.2947,3
-1.0923,0.46728,3
2.2624,0.010768,3
-2.6138,0.49741,3
1.8042,1.897,3
1.277,1.7742,3
1.4529,-0.16671,2
-0.8467,1.5097,3
1.6036,-2.2278,2
-0.018916,1.5299,3
-0.030823,-4.2713,3
1.4032,-0.22377,3
4.448,-0.85053,3
-3.4107,-0.94469,3
1.6118,-1.7026,3
-0.28611,4.1424,3
-0.16821,1.1984,3
-2.1519,0.73247,3
4.3936,0.61481,3
0.10862,4.1812,3
-1.529,2.2768,3
1.1129,3.5227,3
-2.2629,-0.33225,1
-0.37646,-0.40227,3
0.7668,0.53516,2
2.6777,-5.2238,3
2.1927,0.78372,2
0.13747,-1.0067,3
-3.9525,-0.48239,3
0.34952,-2.2357,3
-0.90986,-3.3498,2
1.1454,4.4459,3
2.9962,4.0881,3
-2.5637,-1.0704,1
2.546,-0.33927,3
0.17634,-2.6327,3
-2.4094,1.0505,2
3.4694,0.21808,3
2.9014,2.3673,3
1.2008,2.6422,3
-2.8222,0.63624,3
0.67987,6.1201,3
0.42268,-1.4543,1
2.395,-4.0685,3
6.776,0.4313,3
2.6838,0.10338,3
4.604,2.9547,3
-1.793,-2.4944,1
-0.94307,0.86888,3
2.8111,-1.5372,3
-3.4115,-3.1652,3
-0.29397,-0.96502,3
-1.7295,0.37052,3
4.4791,3.6794,3
-3.1045,-0.49264,1
2.0461,-0.89732,3
-4.1937,-1.1831,3
-0.33937,-0.84169,3
3.7288,0.68544,3
0.28414,0.93727,3
2.4672,-0.63658,3
-3.2691,1.5867,2
-1.5993,0.69189,3
-2.141,1.3832,3
2.6415,2.1588,3
2.1924,4.0863,3
-0.95683,-4.5238,1
2.8619,-1.2007,3
1.4542,-1.6286,3
0.77643,0.40178,3
2.2446,-1.2161,3
-1.2551,-2.2386,3
1.025,-1.0348,3
-1.1215,0.84285,3
0.48756,2.3106,3
4.0437,-0.88932,3
5.3911,6.1866,3
0.80466,3.4305,3
-2.6078,-0.20731,3
2.5607,-1.1131,3
1.479,-0.44424,3
1.6546,3.9384,3
0.75087,1.0837,3
-0.225,-1.6901,3
3.2342,0.72766,3
3.636,1.8705,2
-0.63168,0.13286,3
2.0531,4.0888,3
1.9847,0.63525,3
1.469,-1.7961,3
1.4438,1.7524,3
2.5592,-1.0029,3
-0.53176,-0.74751,2
2.8698,3.5041,3
-3.5265,1.3516,3
-2.2452,-4.7758,3
-0.23628,0.9912,3
-1.1636,-2.6957,3
-1.076,-2.5178,3
-3.557,0.17414,3
-1.9511,1.2736,3
-1.1616,4.4373,3
-0.31725,0.073421,3
-2.0195,2.3653,3
1.401,0.243,3
1.0182,5.5252,3
0.33998,-1.8206,3
0.47807,-0.84589,3
1.1055,-0.97561,3
4.8721,1.0375,3
1.9223,2.9781,3
-0.42215,0.24963,3
2.0813,1.4514,3
0.65656,0.42226,3
1.7804,-0.36853,3
-3.1419,3.0331,3
5.1722,6.2078,3
-1.0785,-4.0099,3
1.1675,-5.4395,1
1.7348,1.1425,3
1.6023,0.28666,3
-1.3451,1.4952,2
0.16613,-0.66884,3
0.43029,-0.30066,3
-1.2929,-0.59189,1
-2.805,1.911,2
0.5162,-0.54543,3
-1.2693,4.5381,3
-0.35047,3.2921,3
2.0478,0.18441,3
0.7648,2.416,3
6.4927,5.9183,3
0.38837,1.1175,3
-1.8128,-0.045004,3
3.7667,-1.7026,3
-1.1688,1.8574,3
2.8612,-2.9958,2
2.2664,4.0697,3
0.0040569,4.1609,3
0.82266,1.1554,3
-1.5502,3.5861,3
-1.7746,2.7341,3
-4.3398,-5.7316,3
-2.7778,-3.0705,2
1.6077,-1.4055,3
0.30429,2.9479,3
2.8558,4.4286,3
0.68939,0.9602,3
1.8794,-2.0136,3
3.9306,1.4575,3
-4.1365,-4.2889,3
1.359,0.66241,3
-0.88945,-1.3964,3
-0.2482,-0.71043,3
1.5389,1.7373,3
-1.6169,3.4484,2
-0.6512,0.68485,1
-0.61174,1.6159,3
1.013,-3.5504,3
-1.3031,-0.14278,3
1.5619,-1.1668,3
2.0642,2.6879,3
0.48538,1.9375,3
-0.96599,2.0827,3
-4.4382,-0.14174,3
0.28139,-1.6715,3
-0.76447,4.2072,2
1.1386,-1.7181,3
-2.5031,-2.0185,3
-2.1945,0.99336,3
0.37938,1.6616,3
-0.059257,-1.6262,3
-1.5305,-5.669,3
-0.44861,-4.0424,1
1.0535,2.0387,1
-0.74701,2.3312,3
0.3528,0.25425,3
-0.32385,0.86941,2
0.48546,3.0576,3
1.5407,2.7571,3
3.9425,-2.6282,3
-1.4705,-0.71812,3
-1.071,0.84347,3
0.74599,-1.2596,3
-0.041056,-2.1874,3
2.4682,4.6971,3
-1.4621,-2.8546,3
1.0366,-2.3697,3
-2.7882,-1.8769,1
0.87446,-1.1294,3
-3.27,1.2433,1
2.2795,-0.4157,3
-0.42451,2.3653,3
1.5606,1.6527,3
-1.3678,0.71227,3
3.345,1.1,3
-1.6874,0.26155,3
0.27598,-1.2618,3
2.1165,-0.51003,3
2.5415,2.9889,3
5.1244,-2.7181,1
-1.3993,0.34664,3
0.69784,1.5292,3
3.6896,3.5194,3
-0.013721,1.5874,3
0.66261,3.1634,1
2.2151,-2.1445,3
-2.6741,-0.88741,3
-2.5321,-2.1843,3
0.75458,-0.76185,3
-1.7784,-3.2714,3
0.83922,-0.14797,3
1.9881,1.3968,3
-0.90543,2.6168,3
1.4338,-0.47133,2
2.4495,-2.6087,3
-3.2729,1.5606,3
1.8321,-1.3425,3
3.7747,3.6019,3
2.024,-1.2984,3
-0.043433,1.3178,2
-5.0375,-0.6943,3
-1.7663,-0.25372,3
1.4353,0.38187,2
2.7834,2.0738,3
3.9164,-0.26226,3
0.23286,4.2239,3
-2.6783,1.2567,3
6.0894,-0.6752,3
1.226,4.1303,2
1.9448,0.74436,3
0.99421,1.5456,3
-1.0638,0.9397,3
0.97814,-0.87588,3
1.9701,-0.088201,3
-3.1356,-3.8018,3
0.56297,1.9344,3
1.6881,0.88617,3
-0.63247,-3.3649,3
5.3145,0.91712,3
2.06,2.2878,3
-0.59687,1.5295,3
2.5655,6.3952,3
-1.8716,-2.0901,3
-1.1154,-2.0341,3
-1.2041,6.8734,3
2.1531,-2.2473,3
-0.65094,-2.9911,3
-2.4143,3.8986,3
-0.4824,-0.41551,1
-0.98435,1.3224,3
0.20229,4.0534,3
-1.0549,-0.17794,3
-0.3084,1.1514,3
-1.2814,-0.75439,3
2.594,4.1939,3
0.28516,0.31741,3
3.0422,1.1391,3
-0.69385,-0.32422,3
3.8381,1.7264,3
-2.3893,2.6587,3
1.6465,0.2974,3
1.2117,-1.0483,3
1.4624,2.7206,3
0.38381,0.68705,3
3.5171,-0.52946,3
0.51103,2.7161,3
2.5904,5.0073,3
-2.5063,-0.5883,3
1.0546,-0.14999,3
-4.3386,-0.51225,3
0.16577,-4.0898,3
1.9538,1.457,3
0.50923,-1.5961,3
-0.39453,2.219,2
-1.4166,-2.2157,3
1.9947,-4.2643,1
4.2791,-1.8887,3
6.6935,2.3021,3
-0.16233,0.29181,3
0.54269,-1.108,3
0.70728,-1.9689,3
0.96961,4.0455,3
0.32466,-2.2576,3
4.2292,2.9708,3
4.7611,0.93858,3
-0.51522,3.3821,3
-0.44019,0.5358,2
0.4376,-1.0156,3
-1.0756,1.9775,3
1.4416,-3.6025,3
-1.9956,-1.1626,3
-2.4235,-1.6342,3
0.80137,3.9577,3
2.6399,4.0231,3
1.1624,-1.8267,3
3.3217,6.3524,3
2.3603,1.2259,3
1.7354,-0.26887,3
0.52969,0.45459,3
4.865,2.0494,3
0.06758,-1.9471,3
-0.79987,1.1677,3
-3.6194,-0.71861,3
2.7782,1.5323,3
-2.1431,-2.7823,3
-5.8042,-2.1395,2
-0.4302,-0.4936,3
-1.7568,-1.9766,1
-0.1271,0.88483,3
-2.3784,-1.3376,3
3.2508,0.34483,3
-1.7211,2.4238,1
-4.3363,1.1981,3
5.6248,2.2585,3
0.90414,-2.6804,3
-4.8608,1.8576,2
1.8927,2.9924,3
3.6325,1.5104,3
-0.27479,-0.97245,2
0.58945,3.9934,3
-0.55947,-1.3913,3
2.571,2.9159,3
1.7402,-3.5151,3
0.98872,-1.3782,3
3.8791,4.0975,3
0.25452,1.2426,3
1.8048,-1.881,3
-0.53756,-0.95099,3
-3.1772,-1.9975,3
-2.75,0.49947,3
-3.1957,0.56326,1
-0.87981,0.57534,3
-3.1733,-1.2331,3
0.3332,-0.11126,3
-0.017402,-0.55829,3
4.2527,3.1816,3
-2.0912,-2.5419,2
2.7972,4.2933,3
0.052297,-0.4464,3
-2.0533,1.9898,3
0.82669,1.8041,3
1.9359,1.7638,3
3.2064,0.89726,3
-1.0395,2.8488,3
2.6198,-1.5667,3
1.0435,2.136,3
0.79693,1.0961,3
-0.084709,2.9514,3
-1.3407,-0.48572,3
-1.0405,1.881,3
-0.21336,0.26621,3
0.54078,0.5922,3
4.4592,2.6036,3
-0.22872,-0.45358,3
3.7899,2.048,3
1.5132,0.99621,3
1.1556,-3.3843,3
-2.7547,-1.4063,3
2.8589,0.00021965,3
-0.38607,5.4312,2
4.5205,-0.041546,3
1.0293,-1.4775,3
-1.2845,0.97952,3
0.91782,1.748,3
4.9888,2.4367,3
0.85987,-1.1336,3
-0.87476,1.8902,3
1.201,-4.9044,1
3.2861,-2.8127,3
1.1622,-0.56007,2
0.396,-1.6799,3
3.9113,-2.5458,3
1.8279,-0.11653,3
6.7736,4.2079,3
0.030245,3.1026,3
2.0248,0.29302,3
3.5321,-0.034268,3
0.61738,-4.1971,3
0.57286,0.89057,3
-0.71289,2.8652,3
0.85802,0.56904,3
2.0299,0.13689,3
-0.4359,3.5976,3
-0.51885,0.41317,3
0.83785,0.61671,3
-3.6043,1.6839,3
2.1367,-0.076748,3
-1.8235,4.3446,2
1.8045,3.1295,3
0.044659,2.5852,3
1.4971,-1.4383,3
1.5321,3.3317,3
2.4093,1.0206,3
1.5582,-1.7723,2
-1.2804,-2.3831,2
4.9517,3.1823,3
-2.6801,-3.0162,3
-5.0018,1.9092,3
2.7754,-2.8865,3
1.4907,-0.97364,3
0.82342,-0.95899,3
0.98484,2.4629,3
2.9119,-2.1936,2
-0.81989,0.86096,3
-1.2196,-1.7473,3
-1.0435,-1.8561,3
0.82072,-0.62676,2
-0.3203,-1.7361,3
0.41916,1.6109,3
1.2474,-2.7786,3
1.1453,0.18795,3
-0.88861,1.272,3
1.3075,-1.0043,3
-3.0649,-0.10943,3
1.2362,-1.1914,3
1.7414,-0.90393,3
-0.50398,-2.4807,3
3.6904,6.5964,3
-0.18007,-0.41373,3
1.2357,1.3363,3
2.2477,1.63,3
-2.9205,-1.1791,3
1.8922,1.6121,3
1.0942,-0.46766,3
1.7458,-2.7128,3
3.9968,4.2861,3
4.1413,0.52938,3
0.27692,0.11694,3
-1.181,-2.7819,3
-1.8188,-3.0396,3
2.7295,2.8244,1
-1.6468,8.1571,2
-1.0887,-3.2159,2
2.709,0.50991,2
-1.2224,1.1714,3
-0.23144,1.5849,3
-2.0894,-0.46166,2
3.9924,-4.7539,3
-0.46386,-2.2886,3
1.6676,-1.7151,3
1.8279,-1.3118,3
0.9314,0.12101,3
-1.3283,0.40817,3
3.3986,-2.4837,3
2.0833,-2.6368,3
2.2301,0.68289,3
-1.8779,0.81207,3
1.6947,3.447,3
-2.8595,-4.4196,3
1.3556,1.9927,3
-0.53472,-2.4619,3
0.25775,3.8116,2
1.2361,1.8512,3
-2.4241,-2.2609,3
0.50108,1.1829,3
-2.0503,0.27507,3
-1.4284,-0.18439,3
-3.0387,1.3586,3
-2.142,0.37145,3
0.8526,2.8173,1
-0.6287,-3.8109,2
-1.1971,0.37416,3
1.703,-4.2041,3
5.4959,0.23258,2
0.063276,0.16853,3
0.15946,2.7887,3
3.2432,1.4971,3
-4.2782,3.2865,3
-2.5426,4.146,3
-3.6955,-0.54227,3
4.1554,2.7763,3
1.0583,1.7539,3
-1.1961,-3.5036,1
-0.57452,-0.53529,1
0.64884,1.0119,3
-1.5684,2.8455,3
2.8405,1.5885,3
1.1485,1.5862,3
-1.1768,3.2189,3
-1.8328,-0.35999,3
4.184,-0.24727,3
1.3388,2.3658,1
-0.16179,0.17889,3
4.8144,-3.1589,3
-0.3168,-1.7545,3
2.1047,0.2568,1
-1.1807,-0.86759,3
1.7309,0.2597,3
-0.006222,1.0825,3
-1.9031,-2.3651,3
1.9959,4.1815,3
2.4351,1.39,3
-1.8847,0.39815,3
-3.0744,-0.46961,3
-6.6692,0.53924,3
0.035344,-1.6296,3
3.1524,0.54092,2
-1.4494,0.21829,1
-1.4678,1.9001,3
1.1982,-0.57469,3
-2.8957,2.1314,3
-0.83734,-2.0258,3
1.6713,1.2769,3
3.196,-2.5053,3
2.3314,-0.48256,2
-1.1082,-2.6495,3
2.4637,-1.4759,3
0.24914,0.92802,3
0.96759,-0.60602,3
4.0378,2.9787,3
2.7919,-0.91582,3
0.16083,4.1163,3
-0.79061,-0.64876,3
4.2178,2.2636,3
-3.761,0.51034,1
3.65,3.5564,3
0.20637,0.4149,3
2.9797,0.42177,1
5.3415,0.29977,3
0.47233,-0.18751,3
0.071276,0.017513,3
-2.9321,0.96552,3
-0.35484,2.711,3
-1.7342,0.91244,3
5.2065,0.73228,3
-0.31642,0.22344,1
2.3288,-3.6658,2
3.0127,-0.018769,3
-1.1503,-4.2799,3
-4.1301,-1.3617,3
1.3064,0.69013,3
-0.2352,-2.9964,2
2.7566,2.5834,2
-0.76945,0.79241,3
-0.23839,1.5656,3
4.7785,2.8446,3
-0.013024,3.0548,3
0.80284,-2.4975,3
3.8805,0.4146,3
1.8381,-0.82934,3
-3.219,3.4725,1
-1.8117,-1.1189,3
-0.46733,0.81068,3
0.39872,3.1809,3
2.9473,-2.7291,3
3.8069,6.2938,3
-0.62368,-0.23908,3
4.0851,6.6439,3
-1.6703,3.0929,2
-2.3937,-2.7068,1
-0.33445,2.1964,3
-1.2251,-1.0595,3
0.46863,2.7728,2
-0.83439,-2.4391,3
0.48821,1.6226,3
-3.7446,-0.46763,3
-0.044512,-3.8105,3
-3.3061,-0.50391,3
0.90163,1.2049,3
-1.2966,0.36418,1
1.0648,-3.4336,2
-1.0694,-1.0733,1
0.43351,1.8657,3
2.7546,-0.30534,3
0.2654,-1.5226,3
-4.6014,-1.7079,3
1.1175,0.79663,2
-0.15205,-1.0986,3
2.4079,3.5739,3
5.0814,1.2022,3
3.3044,-1.4862,3
-0.4168,-0.013329,3
3.7381,-2.9669,3
1.3027,4.7462,3
0.16166,0.040848,3
3.4935,-0.5148,3
2.3363,4.9523,3
-0.96428,-3.5021,1
-2.2239,0.15505,3
0.12621,0.39849,3
-1.4835,2.6969,3
-1.0212,2.0871,3
-0.47319,4.4194,3
3.739,3.9715,3
-1.2435,-2.0741,3
2.6731,-0.26348,3
-1.9026,-3.2129,1
4.1112,3.9123,3
1.0435,2.8848,3
3.1475,2.667,3
-1.2569,-1.1983,3
-0.60014,0.10784,3
-1.232,0.23444,3
-1.1077,-4.006,3
-0.79275,6.1962,2
1.1599,0.49916,2
1.2367,2.8595,3
2.2186,0.88651,3
-2.2423,1.3835,3
3.7918,0.33383,3
1.962,0.24609,3
-0.33319,-2.607,3
0.14488,-2.3153,2
-3.0081,-1.7634,3
0.31424,0.1975,3
-3.3676,-1.4827,1
1.3854,-0.9636,3
0.37823,-1.5482,3
2.8666,1.8148,3
2.6888,1.0458,3
2.2093,-1.3328,3
0.15089,1.3738,3
-0.44533,1.1253,3
-3.4543,-2.0324,3
-0.97624,2.8834,3
-1.6571,4.1284,3
3.0649,-0.41008,3
-0.29788,0.13664,3
-1.7176,-0.37895,1
0.52851,-2.5195,3
-0.13755,4.182,3
3.3164,2.5212,3
2.8985,0.89483,3
-2.54,-2.7821,3
0.43947,2.1794,3
1.6544,-1.2136,3
4.0916,-0.07704,3
-0.033306,1.3486,3
-0.28541,0.70311,3
-1.3033,1.7247,3
-0.99717,2.5114,3
1.354,3.2976,3
0.95316,0.67127,3
3.1103,1.2806,3
-0.41072,1.851,3
0.23842,0.067251,3
-0.65531,0.1636,2
1.604,2.137,3
-0.47618,0.40816,3
2.3881,0.31161,3
-1.8188,-0.30774,2
0.70315,-1.3696,3
-0.96038,1.8947,3
-0.59259,2.1712,3
0.78431,0.78292,1
7.2983,2.8284,3
0.51264,1.7955,2
-0.5048,-0.4658,3
0.79425,2.8915,3
-2.7207,1.4245,3
3.5766,0.4375,2
-1.955,0.74599,3
-4.3897,-1.7074,2
-2.0697,-1.7341,3
-2.1478,1.7679,3
-0.76949,0.3019,3
-1.9803,1.244,2
-3.685,-1.3487,3
-0.14479,0.53569,3
-2.3262,-4.0351,3
-2.1204,-0.9583,3
1.1317,3.5757,3
3.8517,1.9733,3
-1.1134,0.269,3
2.8125,1.7294,3
1.3138,0.12296,3
-2.5756,1.1707,3
-3.0887,-0.28854,3
2.7293,1.9744,3
2.4047,2.1082,3
0.78207,-1.9699,3
1.4541,6.1505,3
-0.80863,0.085084,3
-0.45349,0.71842,1
2.1322,0.84903,3
1.5005,-0.65482,3
4.6898,3.2337,3
-1.2166,-0.89161,3
0.81246,-0.17235,2
0.04996,1.3449,3
2.822,-0.70391,3
-1.5058,-0.59575,3
0.054444,0.40669,3
-2.5052,0.61869,3
0.77852,-4.0384,2
2.0253,-2.3221,1
5.3124,4.2502,3
0.64718,2.558,3
-1.9792,-1.1566,3
0.32528,-0.19696,3
-0.63824,-2.1486,2
-1.8082,-0.046806,3
-1.3566,-3.7912,3
2.3737,2.0372,3
