-0.6998,1.6549,1
0.14413,0.51918,2
-2.3422,-1.8333,1
-0.48656,-1.762,1
-1.8433,0.4357,1
2.5783,-0.73213,3
1.0832,3.8585,1
1.2442,-0.835,3
1.4449,2.4295,3
-5.0615,-3.4789,1
-1.0651,2.3875,2
-3.4577,-4.2605,2
-1.6089,1.9966,2
-3.2561,0.030512,2
-4.6539,-0.97166,3
-0.67085,0.20959,2
-1.4186,-4.8798,3
1.2202,0.54623,3
4.1867,3.3739,2
-2.0548,1.7838,1
8.6886,3.9398,3
2.1954,-0.75118,2
-1.0729,-1.5878,1
0.88436,-2.2075,1
-0.70071,-2.2603,2
-2.2372,1.4544,3
0.17411,2.1114,2
1.8367,-0.17034,1
-1.0654,0.143,1
2.4966,3.4625,3
0.092881,1.4899,1
-0.87128,1.7484,2
0.90993,-2.1265,1
-4.5799,-2.0278,3
0.49564,1.4072,2
0.32811,-2.5737,3
4.0389,1.6733,3
0.28114,-0.018161,1
-2.4941,3.7539,1
-1.6875,-6.1417,1
-3.9876,-0.11642,3
0.35872,-0.52131,1
1.1647,0.20538,3
-1.4233,-2.5651,2
0.62832,2.0106,1
-3.6947,0.38423,1
1.2147,-1.9647,1
-1.3767,2.3553,3
-1.9216,-1.4997,1
3.6285,-0.19274,3
-1.6532,-1.8158,1
0.068742,-2.0448,1
-0.99672,-0.74583,1
-1.4982,-1.1812,1
2.9646,1.7052,3
1.2726,-3.1339,1
1.4516,0.85286,2
-5.7434,-3.5218,1
-1.4598,0.057716,1
1.548,3.0634,3
-4.4036,-2.5399,2
-1.3274,-1.7013,2
-4.5706,-1.3279,1
5.0316,-1.252,2
-0.099109,1.3124,1
1.8229,-3.6481,3
2.0998,-2.006,3
-3.9355,-3.97,2
2.273,2.1788,2
2.3151,-5.1336,1
1.4332,-1.908,2
-0.058929,-1.2155,1
-0.44551,1.2504,3
-1.2732,2.4852,1
3.3876,0.65417,1
-0.87439,-3.878,3
-0.31593,-0.39218,1
-2.3485,-4.6949,2
2.3066,2.534,3
1.6367,-1.8878,3
-1.1032,-0.25128,1
-5.8325,0.76628,1
-3.6344,-3.6724,1
0.23908,2.2405,1
0.20287,2.2834,3
2.4271,-0.66133,1
-5.4408,-7.631,1
4.2561,1.408,1
-3.9445,2.879,2
2.5567,0.47935,1
1.766,-0.9918,2
1.2991,3.4486,2
-1.1206,-0.83787,1
-0.95564,0.72657,1
-1.6003,-0.18859,3
0.14058,1.6485,3
0.96012,1.6826,3
1.9714,1.729,2
0.62398,2.2149,3
1.9752,-1.8652,3
3.4468,0.58235,3
-0.87214,2.3455,1
3.6441,2.7049,3
3.4809,1.937,1
-4.2178,-1.0727,2
0.87497,-1.0441,3
-0.97282,-1.9506,2
2.3736,1.7214,2
0.038367,2.4856,3
5.0471,2.0628,3
1.7614,-3.6417,1
-4.7264,-0.32386,1
3.8635,1.1192,3
-3.6315,-1.4,1
0.80862,0.54085,3
-0.61951,0.42664,1
0.65151,1.774,2
1.4875,-3.2817,2
4.21,0.95114,2
-1.7146,0.2989,1
1.1727,-0.16933,1
0.31255,-1.8773,3
1.8794,3.0061,2
5.1659,-0.61861,2
-1.5923,0.67502,1
-2.406,1.0591,1
-3.4785,1.2182,1
1.7675,-0.65242,2
-2.1423,0.3106,3
4.3133,4.8256,3
2.4572,2.6472,3
0.28413,0.012411,3
-0.70604,-2.3664,2
3.8203,1.4138,3
-0.054612,0.55698,2
1.5032,2.214,1
1.8998,1.7629,1
-3.0174,2.928,1
3.2665,0.82402,3
-0.89524,2.4395,2
-1.7503,-0.71457,2
-1.6344,1.2005,3
-0.63009,-2.5203,1
0.97933,1.9965,2
-5.0749,-1.64,1
0.036477,2.3861,3
0.18201,-4.775,2
1.5782,-0.72239,2
-4.9249,-3.2774,2
-0.85374,-0.35087,1
0.16672,1.523,3
-4.1487,1.3988,3
2.3712,1.584,2
-3.623,-0.62683,1
-4.2043,-0.71442,2
0.1774,-2.2937,1
-3.9667,1.2519,2
2.7184,2.8817,3
1.7693,-1.3361,3
-1.2934,1.0766,3
-0.44755,-0.13044,1
-3.9503,-1.0364,1
-1.0447,2.828,1
0.40646,-4.6737,1
0.062954,-4.4199,1
2.4453,2.7255,3
2.5786,0.44659,1
2.5587,3.6381,3
4.0363,5.0188,2
4.7267,-2.7574,1
-1.7816,-0.72463,2
0.085392,1.8803,2
-1.9537,-0.73277,3
4.0364,0.64209,3
2.7275,1.658,3
1.7518,2.3641,3
5.3432,-0.095757,3
6.3259,0.064781,3
-2.9378,-0.1086,1
-2.4541,-2.2523,1
-3.3731,-1.7977,2
-0.056365,-4.3611,2
-0.72546,-2.905,3
1.3798,1.1542,1
-0.78024,0.039723,2
-1.3066,-1.8517,3
-5.5683,0.52659,1
1.2308,-3.1009,1
1.5988,0.32858,1
2.725,0.81676,1
0.0024236,1.39,3
-2.7535,-2.214,2
-2.3796,0.14637,2
-1.3266,-3.1137,3
1.8555,-1.5343,1
-1.8852,-0.19268,1
-0.0067064,-1.3491,1
0.70436,-0.39627,3
-3.8805,1.7979,3
-2.2778,-1.8261,1
1.4924,-2.8983,1
0.51844,-0.45681,3
1.1697,0.59342,2
-2.4735,0.73542,3
-0.056391,-0.25672,2
0.16594,2.9127,3
-0.29952,3.0425,3
-3.1545,-0.89568,1
-2.4008,-4.3034,1
0.64716,-3.2746,3
-0.021078,-3.066,1
1.4941,-1.1751,2
2.7872,3.4476,3
3.2347,0.76801,3
-2.0267,-0.8337,1
2.216,4.865,3
-1.2172,-3.8175,2
1.3323,0.27939,2
-1.9091,-3.2799,1
2.7342,1.6123,3
-0.59571,1.3263,2
0.35969,2.6078,3
-3.5604,-0.25558,3
-2.5826,-1.6234,1
0.1864,-0.43267,1
-0.31751,-0.3065,1
-3.746,1.0027,3
-0.83945,1.0171,3
0.41938,0.77923,3
-1.2278,-0.22011,1
-2.8192,-0.28763,2
4.7288,3.4519,3
-2.8626,-3.1873,3
-1.2151,-2.3632,3
-0.10813,-1.8268,1
3.4003,-0.57258,2
-1.0968,2.2907,3
1.2816,2.141,2
-7.5997,-5.0599,1
-0.45705,-1.4905,2
3.084,1.233,3
-3.3542,-1.8338,2
-1.3654,5.1412,3
2.2796,-2.9719,1
0.22467,-0.9604,2
0.37616,0.99372,3
-0.049238,-0.56229,1
3.3412,-0.042313,1
2.5851,0.56178,3
-1.3957,2.4107,2
-1.6579,-1.6922,2
4.3764,0.37524,3
-0.12137,-1.0425,2
1.7777,-0.46072,3
-3.6589,2.7598,2
-0.61476,-0.05242,3
1.3956,4.6161,3
1.0467,-0.92254,1
0.50563,1.2076,2
1.054,3.7509,3
4.0975,1.131,2
4.9484,3.8309,3
-2.0445,4.946,3
1.3399,1.4492,1
2.3099,0.41959,3
-2.4019,0.0063737,1
4.2426,2.4162,2
1.048,-1.8348,1
-3.9079,3.4381,3
0.031871,-0.2192,3
0.020793,-1.0764,3
1.0462,-0.56225,1
-1.9831,1.803,1
0.8414,3.5176,2
-0.79627,1.5202,1
-0.92679,1.4866,2
0.98629,-0.25163,2
2.1852,-1.5922,3
-1.7638,-1.6451,2
2.5332,2.3011,3
-0.77054,-3.8973,1
-1.8692,2.3375,1
0.34313,5.1753,2
1.6501,1.554,3
-1.212,-1.3642,2
-0.20443,2.4052,3
0.9646,-2.4783,2
-0.15991,1.0138,3
4.0113,3.0886,3
-0.47034,-0.28307,3
2.0626,1.9792,2
2.1742,5.7257,3
-0.2126,1.2778,3
-0.27837,1.9594,3
-0.74738,-1.7722,1
1.5992,2.4792,2
-2.7495,-1.2772,2
0.69485,2.5915,3
-5.1422,-3.311,1
-3.0977,0.64304,3
-0.47226,1.8667,2
1.0656,-1.1452,1
-0.023788,-0.56519,3
0.8666,1.3787,1
-0.8189,-4.7913,1
-0.85366,0.017688,1
-3.1607,0.51703,2
1.1395,-3.7387,1
-1.0261,-2.309,1
0.65619,1.8669,2
-0.91837,-0.6974,3
-0.12762,-5.2125,3
1.3815,-0.24576,3
4.2408,-0.081704,1
0.63153,0.17393,1
-2.0993,0.48758,1
-3.4139,-1.1317,2
-0.2606,2.7565,3
-4.9769,1.7932,1
-1.3312,-0.24341,1
2.7358,-1.0282,3
-0.16898,0.73326,1
-3.0781,-1.0108,1
0.12919,-0.28193,1
-1.5951,1.6629,3
-1.6188,1.3366,1
-2.4809,-0.69617,3
1.3667,-1.9285,1
1.2619,-1.9842,1
-3.3219,-6.3486,1
0.66056,-2.7447,1
2.1136,2.9091,3
2.3817,3.311,3
3.18,3.0592,3
1.0506,4.5232,3
-1.2863,1.1059,2
-0.065095,-1.0298,3
-0.80231,1.1442,3
0.47933,0.87738,1
0.80465,0.1641,3
-1.5605,1.3678,3
-1.4017,0.015675,1
0.65876,6.9946,2
3.426,2.4753,3
-1.3883,1.1461,2
0.70725,2.7875,1
1.7366,3.5604,2
4.1255,-0.55304,3
-1.9272,-2.5146,2
-0.93595,-0.60454,1
4.7364,4.7218,2
0.11324,2.7442,3
-0.090449,-0.072226,2
-2.5619,1.1277,2
3.7332,-1.5579,3
-1.6825,2.3098,2
0.23428,4.8884,3
0.018211,-2.8633,1
0.53324,-2.2878,2
-0.52481,-1.8669,1
4.4634,4.2277,3
-2.76,-0.61798,3
-0.93424,3.059,3
-5.5027,1.6044,3
5.526,4.4386,2
-2.3151,-1.5986,1
-0.71995,-0.83664,2
-0.59373,1.1568,2
-2.7973,0.26119,1
-2.3324,-1.9749,1
-1.7195,-2.0315,1
0.26192,0.731,2
-1.8585,1.5022,2
1.7478,3.2834,3
-2.872,-1.4102,2
-0.27678,-1.5722,2
1.441,0.66619,3
1.1897,1.9959,3
1.8235,-3.5184,1
-5.0613,-0.99553,1
3.6434,0.078103,1
-2.6789,-0.36899,1
-0.91579,-2.654,1
2.5268,0.83461,2
0.56731,-3.0981,2
-1.8801,2.0817,1
4.0811,-1.7324,1
1.9074,-2.8396,2
-1.466,-2.2897,1
-2.0879,-0.94335,1
-2.5762,0.87761,1
-2.1294,1.4024,1
-1.451,1.8696,3
3.6197,1.5879,2
4.5961,1.9308,3
3.3374,-1.6601,2
-1.575,-2.4809,2
-1.0559,-0.16672,1
-1.5103,3.9742,1
-0.4899,-0.36139,2
0.020688,-0.35031,1
-3.9784,0.53971,1
-2.8357,-3.7286,1
1.9417,1.7085,3
-2.2464,0.82181,1
-2.6586,-3.4545,1
3.1568,2.5457,1
-0.51976,1.8562,1
0.030217,1.4978,2
1.3933,4.8834,1
0.22106,3.1554,2
4.1908,1.4802,1
0.36008,4.635,3
1.2711,-0.52213,3
0.37481,1.9845,3
1.8702,-0.48242,1
0.87385,-1.5877,2
4.0998,2.3416,2
1.4396,-0.13382,2
-2.5131,2.0067,3
-2.9178,0.12085,2
2.8703,-3.2744,3
-0.20052,-3.3814,2
-1.2477,2.6934,3
3.8369,-2.1624,1
0.43869,-2.3197,1
-1.1982,1.3949,1
0.17548,-2.3962,3
-1.8257,-2.1751,1
5.7288,0.27142,2
2.8708,0.34256,3
3.4676,0.65564,3
-0.49259,-3.7644,2
-1.0867,0.13562,2
-1.4757,0.38694,2
2.958,4.0488,2
-0.95633,-4.8909,1
-0.10009,-1.3747,1
-0.27195,1.4348,1
-1.6007,-3.4279,2
-2.432,1.5535,1
2.1896,-1.5954,2
-4.4651,-1.7364,2
0.39585,-0.61696,3
-0.53211,-0.86262,1
0.59968,-3.9061,1
-0.90361,1.3079,3
-1.2649,-0.95806,3
1.9069,-1.1294,1
-2.6129,-1.1477,3
-3.2118,-1.3359,1
-1.6701,0.033355,1
-1.7784,-1.3064,2
1.6632,-1.1307,1
0.67324,2.7003,3
-0.27449,-0.78866,2
1.9868,5.3815,1
-1.6237,2.0055,3
1.7341,3.5107,3
-0.50612,-4.3758,1
2.5541,1.5779,3
-1.5222,-0.87646,1
2.1635,2.4335,3
2.0207,0.67551,2
-1.2471,4.0751,3
0.0038362,-1.2766,1
2.0821,-2.7039,1
-0.0020345,-2.8062,1
-3.3839,0.63194,3
-3.3766,-1.9068,1
2.4183,-0.2694,3
2.5616,2.2577,3
1.9087,0.73278,3
1.7558,-0.43568,2
-2.0896,-4.2692,1
-1.6781,3.9696,1
-1.3876,0.38373,1
0.64141,2.6619,3
0.46131,-0.043154,3
1.2362,-1.9242,3
3.8146,-1.7152,1
0.9372,1.6471,3
-3.6403,-2.1544,1
4.5169,1.788,2
-4.9991,-0.47452,2
-2.1185,3.5701,3
3.4343,2.2355,1
-0.34589,1.3478,3
1.2422,-2.9978,2
1.1098,-0.42245,3
0.31632,4.1881,3
1.5532,0.34141,3
-0.27205,-0.59615,2
-3.8764,-2.9091,1
-2.4573,-0.38058,1
3.191,-0.59509,2
3.5976,2.6023,3
1.3014,1.8162,3
-1.3875,2.5604,3
-0.2578,-1.3935,1
-0.98456,-5.2759,1
1.3492,2.6947,3
3.7345,-0.70597,3
-3.5366,2.4219,1
-1.6266,0.036957,3
-2.1065,-1.6785,2
2.1262,2.9889,3
1.1604,-0.058026,3
-0.61899,-0.91747,3
-1.1474,-1.4531,3
-1.7382,0.70084,2
-4.6363,2.3283,1
-1.4134,1.4878,1
-0.5445,0.78993,1
-0.10662,-0.98941,3
-1.3122,-0.43462,3
1.3351,-1.4578,2
0.31714,-2.6697,2
0.39648,-0.22211,2
1.1538,-0.40841,3
0.055572,-1.6282,1
-2.2765,-0.79047,1
0.94589,-1.1948,3
-2.4768,-4.4909,1
1.0456,1.8859,3
4.0819,0.37931,3
2.3392,2.5832,3
-0.16307,1.2099,1
1.914,2.5773,2
2.0547,-0.38925,3
-5.001,0.2902,1
-3.5054,-2.2904,2
-1.2091,0.89289,3
-3.6566,-2.2491,1
-0.29405,-1.4635,2
-5.2121,-3.6536,1
0.9479,-2.5169,1
-1.0398,-1.5991,1
6.7104,2.3842,2
1.2726,3.822,1
-0.71024,0.97385,2
-1.0406,-3.3348,1
0.65851,3.4765,3
-0.078696,-2.6704,1
0.030999,-2.2064,1
-4.5394,-0.23596,1
-1.272,-3.0413,1
-2.8241,-1.5751,1
1.9023,-0.5981,1
-0.76028,-3.5948,1
-3.5539,-0.12671,1
-3.6267,-1.7,2
1.898,1.6131,2
1.0758,3.4872,3
2.3882,1.3874,3
-3.1273,0.50297,2
3.5499,2.7878,1
3.0494,-2.9598,3
1.8866,1.1833,3
1.0915,0.921,2
-3.4595,-2.3755,1
2.8551,-2.9257,2
2.5404,1.1124,3
-0.26817,2.899,2
0.15698,-0.86099,2
-1.6139,-5.0054,1
1.1704,-1.5319,2
-2.7276,-1.2265,3
1.1607,-0.79416,2
-2.1486,-0.82787,1
-5.0417,-3.9806,1
-2.8411,-1.1687,3
1.4683,3.1516,3
-0.41816,-2.0453,1
0.1518,-1.1691,3
0.88336,-0.059115,1
-1.2313,-2.1291,1
-2.3892,-4.3989,1
0.44608,0.47923,2
2.8672,4.667,3
-0.010819,0.64708,3
0.83811,1.2954,3
-1.2614,1.6705,3
0.53261,-2.8524,2
-0.9119,-0.11232,1
3.9248,-0.31198,2
-3.5591,2.236,2
-3.3255,-4.3126,1
-2.4979,-4.06,1
-2.8546,-2.5233,1
0.44913,4.0838,2
2.8822,1.4687,3
1.314,-0.82494,2
-2.3787,-3.7631,1
0.072584,-3.1445,2
2.0104,0.32661,2
-0.37402,-0.073906,1
2.4893,-3.3963,3
0.040722,0.083926,2
-1.7519,-2.2435,1
-0.28531,-0.20733,1
-1.4751,0.016141,3
-1.1515,3.8537,3
-2.0424,0.47389,2
4.2062,0.060958,3
1.4888,-2.2076,1
3.7108,0.47217,3
2.8463,-1.2823,1
6.2343,1.1897,2
1.2934,-2.5262,2
0.40316,1.0202,3
-0.3879,1.4289,2
-1.4091,-1.1227,3
-0.53178,0.99551,2
2.4309,5.9878,3
1.1103,1.5634,1
4.78,0.98029,3
-0.38474,0.35767,3
-3.2558,-3.2861,1
5.0383,-2.3286,3
-2.8931,1.0418,3
1.5099,-1.7045,1
1.5219,-1.8444,1
-2.6246,-1.9757,1
4.42,1.8889,1
-3.2926,-2.8033,1
0.98763,0.42653,3
-0.73043,-3.2871,1
-2.0482,1.7712,3
1.531,-2.5072,3
-0.54975,0.45782,2
-2.4267,-4.6677,1
0.24055,-1.9993,1
0.73048,0.65585,2
2.7923,1.9744,2
1.8531,1.4957,2
-3.7787,-0.23677,1
-0.23416,1.911,1
-0.95033,-3.3201,2
-3.6417,0.32545,1
-0.61017,-1.8426,3
-0.29534,0.80034,3
0.6593,-7.2666,2
-4.6893,-3.8024,2
3.4519,-2.3106,1
-5.9306,1.6933,1
2.0575,1.5024,1
-0.46191,0.28799,2
-1.7198,-4.695,2
-3.3834,0.27252,1
-0.70548,0.23693,1
0.10251,2.4552,1
-1.3947,0.18886,3
-0.13228,-1.8502,1
0.071666,-1.3863,2
0.72837,-1.7758,1
0.011023,3.5582,2
2.0495,2.1232,3
1.8263,1.248,3
-2.9192,1.9845,1
-0.0037257,-0.23096,1
1.9911,0.12476,3
-5.811,-3.9452,2
1.2549,3.7344,1
-2.948,-1.7568,1
0.21121,-1.3821,3
4.7172,2.126,2
4.2288,2.0478,3
-0.50924,-1.7099,2
3.4712,3.4008,3
-3.7012,-3.7297,1
-2.3077,3.8724,1
-2.9102,0.69005,1
-5.2166,-1.1234,1
2.2836,2.0318,3
0.68654,0.33864,3
-0.88574,-2.6184,3
0.34434,5.5008,3
0.94393,5.3251,1
-0.74803,1.0802,2
-1.3768,0.76094,3
-1.9653,-2.4095,1
-0.20745,1.5012,2
3.7084,1.9092,3
-0.6978,1.8899,2
4.3586,2.8545,3
-0.82302,-0.44861,3
0.87654,1.2994,3
-0.49127,0.6324,1
2.9106,1.2036,2
1.3334,-2.0363,1
-1.57,5.5243,2
-3.715,-1.8887,3
1.9864,3.0082,2
3.1884,1.5164,3
-1.3532,-1.3607,1
-0.037581,1.4249,1
1.1616,-1.145,2
3.1649,0.39013,1
0.90394,0.97522,2
3.625,-3.6443,3
-2.8989,-0.29032,3
-0.081147,1.9864,2
0.70628,-2.424,2
3.3935,-1.0763,3
-1.6903,-1.3856,2
0.042756,-1.0342,1
-0.83172,0.81585,3
-4.9352,-2.5287,1
-0.37396,-0.66234,2
1.2865,5.0863,3
-2.1263,-0.24183,1
1.1315,2.5969,3
-0.68977,0.30074,2
-3.4053,-3.1055,2
-2.1674,4.5199,2
3.0678,0.57508,3
2.0467,3.6012,3
1.3706,-0.7185,2
-0.32865,-0.31758,3
-3.5684,-1.2889,3
-2.7334,-3.5474,1
2.0844,0.19319,1
-1.5628,-1.1759,1
3.7432,1.3788,1
2.1071,3.5791,3
-2.3048,-0.18232,2
-0.44576,-4.9543,2
0.11567,0.86343,2
3.9423,3.4689,3
-2.0267,0.30918,2
4.7983,1.3047,2
-1.1202,-1.532,2
1.0583,0.8679,1
-1.9041,1.4069,2
1.5538,-0.66887,3
0.19325,-0.32344,1
-1.082,2.9466,3
0.27287,-1.078,2
2.3321,0.075929,3
1.7031,3.3705,2
-0.13826,-1.1053,1
2.7812,-0.17193,3
-3.6372,-3.544,2
-3.3223,0.99182,1
-0.59151,-4.0711,1
2.557,0.49844,1
-0.69636,-0.69548,2
-3.6245,-0.33172,1
1.5191,-3.5113,1
0.93769,0.22198,1
-0.13778,-2.1406,1
0.31397,-0.9907,1
1.1631,1.4224,1
1.8844,-4.0386,3
2.0435,-0.74905,3
-3.4666,-2.6997,1
0.39037,-3.934,3
1.6107,-0.66522,2
-2.0072,-0.64935,2
1.9705,0.47324,3
1.2858,-0.21037,3
0.69724,3.1272,2
0.30365,6.3338,3
1.0398,3.6331,3
2.7201,1.5571,3
-2.808,0.51398,2
-3.0718,1.1069,1
2.7452,-0.7116,3
1.803,-0.55752,2
1.2044,-3.8135,2
1.3013,-2.5587,2
2.8745,0.20907,3
0.59976,0.59794,3
2.2534,2.7767,1
3.1952,1.9629,2
5.1607,4.0615,3
-2.9422,1.8982,3
4.4568,0.29493,3
1.9345,1.4368,3
1.7435,4.552,1
-0.15935,-1.6609,2
0.93288,-1.4946,1
-1.6942,-1.1276,1
-0.28946,3.2095,1
-0.78794,-0.18787,1
-1.7223,0.90068,2
0.12341,-5.0075,1
-0.22028,-2.3785,1
3.4172,1.7229,3
-1.5703,1.4438,3
-0.63727,-0.031341,1
4.674,-2.7881,3
0.030755,-0.59145,1
-2.3283,0.4477,1
3.6278,2.3294,3
-0.34269,1.0273,2
4.1651,0.26144,3
3.9963,0.81033,3
2.1387,-2.3108,3
0.37023,-0.53702,1
2.0788,-1.4105,2
-1.8068,-5.0449,1
-5.068,-3.4368,1
-2.6376,0.40082,1
-5.4174,3.4532,1
2.8264,3.6571,3
0.023721,0.43129,3
-2.3332,-5.4825,3
1.0422,2.0025,1
4.6427,4.815,3
0.54343,6.2329,3
-0.16615,-2.2889,1
0.57278,-5.6586,1
-1.5858,-0.47199,1
0.035196,0.59485,3
4.5851,1.2721,3
-1.003,0.3498,2
-1.7756,-0.47805,1
2.5048,-1.5278,3
0.6269,4.0061,1
-1.2401,-2.5752,1
1.5664,1.7738,1
3.6558,-0.22241,3
-1.8878,-2.4275,2
-2.4468,-2.4493,3
2.2153,4.2747,3
-2.0194,-2.0969,1
2.4439,2.9163,3
-0.18399,0.48811,1
0.87198,0.52751,3
-1.2613,-6.0813,1
1.9647,-0.53032,3
0.40281,-0.70258,2
-0.18696,5.3227,1
3.7269,0.5108,3
1.1996,-0.18683,2
0.061265,-0.58822,1
4.7412,2.4393,1
1.4762,-1.0713,1
-0.64926,2.2401,2
1.4346,-1.496,2
-2.1009,-2.6568,1
1.2087,-2.6736,2
0.14961,0.88407,3
-2.855,0.98273,2
-0.66119,1.1721,3
-1.7971,-0.66045,3
-2.2161,0.45514,2
-1.2621,-2.4063,3
-1.8773,0.70998,1
0.19072,3.3528,2
3.5563,1.2202,3
-1.6012,-2.6847,1
1.3785,-2.7084,1
0.29147,-2.1639,1
-1.8901,-2.9903,1
1.2403,-0.18645,3
-0.9383,1.7477,1
-1.6225,-1.524,1
0.086071,3.1939,3
1.6468,0.60143,3
-0.73727,1.9094,2
3.4625,-1.8492,1
-2.0443,3.8268,2
0.08518,-2.3311,1
3.3175,3.3148,3
-0.046257,2.7347,2
-0.14781,-2.5959,2
0.7061,5.7538,3
1.1735,1.6085,2
-4.5433,-5.2093,1
1.2358,-2.6873,1
-0.76978,0.50499,2
-2.617,-4.9702,1
2.781,-2.4518,2
1.9011,-0.70973,2
-2.5678,-1.8983,1
-0.28849,1.761,1
2.4076,-1.9109,2
4.0843,0.76109,2
0.55149,-5.0212,1
1.6187,1.5166,2
-4.3948,-2.7505,2
2.0461,-1.5274,3
2.2166,3.4932,3
0.60302,-0.61206,2
-2.2662,1.8219,1
-0.82238,1.8538,3
-1.8225,-3.3831,1
3.2249,-3.0052,1
2.4967,3.2082,2
1.0669,-2.9543,1
3.7235,1.069,1
3.7963,6.0913,3
0.41124,-0.14137,1
2.9356,-2.3554,3
-3.5035,1.8468,2
0.79125,3.1375,3
2.9267,2.681,3
-0.10324,0.84642,1
0.61073,4.2163,3
-0.59963,-1.6016,1
-2.6447,2.2638,3
2.9376,1.0476,1
-1.5719,3.1088,2
1.3009,-0.35656,3
1.241,-1.1198,3
-2.8525,0.63439,2
2.5589,-2.8366,3
3.592,0.89349,3
1.4839,-1.5107,2
-2.2217,-1.586,1
-1.302,0.73555,3
-0.42827,-1.644,1
-5.4111,0.074748,2
1.8564,1.1489,2
-3.997,-1.3832,1
-5.3273,-1.9848,2
0.72659,-0.96415,1
1.0799,-2.7415,3
0.22262,-1.4218,3
1.3935,-1.4466,1
-0.67864,-2.7112,3
2.2819,2.655,2
0.14068,-0.55171,3
0.97636,-1.2731,3
-0.40633,-2.9682,2
1.3397,-0.071798,3
-0.76952,0.0074352,1
-1.0172,0.66136,1
-0.12732,0.51911,1
0.0014016,-6.4701,1
-1.587,2.28,3
0.67247,-3.748,1
-0.15232,3.5735,2
0.3697,-0.46225,1
-0.72825,-0.11677,1
-1.0159,1.0981,2
-3.4695,2.2398,1
2.341,-1.2116,2
0.90234,-1.7126,2
1.9025,0.040534,3
4.084,-0.88272,3
-0.096187,-3.4409,1
0.97649,0.73513,3
-0.53017,-1.272,3
-5.6381,-2.6818,1
-4.1009,3.1368,1
2.6522,2.3564,1
0.23436,0.69027,3
1.7261,-1.972,3
2.7278,2.2916,2
-2.9007,-1.6573,1
-2.0307,4.7355,2
0.031752,-2.5464,3
1.0289,-2.2112,1
0.50746,1.2051,2
4.651,3.3781,3
-3.2276,-0.6153,2
0.47275,1.1475,3
2.3919,1.2434,3
-2.1808,-2.3673,3
1.4055,-2.1299,2
1.5399,3.7042,2
-1.9786,-0.35693,3
-0.47145,-1.2562,1
-1.79,0.57868,2
-1.8356,-1.4169,2
0.56307,-0.34644,3
1.0664,2.8962,2
1.481,1.6983,3
0.15867,2.4536,2
-0.60435,-1.8473,2
2.1736,-0.25966,3
2.4506,-2.4964,2
2.1072,1.6561,3
-4.4717,-0.62837,1
-0.30426,2.6323,3
2.0655,2.4198,2
-0.40289,-0.3522,1
-1.9681,-4.1157,1
4.1165,3.0261,3
-1.2315,-2.0329,1
2.3355,1.8603,2
1.1969,-2.9285,3
-0.63913,-1.7571,1
-0.093207,-4.3798,2
-0.093123,-0.016504,1
-0.22972,2.352,3
1.8039,-0.11969,2
2.0787,-3.8962,1
-0.74594,1.1,3
0.1817,0.39262,3
-4.7309,2.5209,1
1.3659,-1.7346,2
-0.39258,-1.826,1
-2.951,-1.9097,2
-2.9548,-3.2467,1
2.6279,1.1636,1
1.3738,-0.44996,1
1.4902,0.147,1
-1.7569,-2.2798,1
-1.2507,2.8727,2
-1.4234,1.5815,2
-0.16796,-0.51231,1
-1.788,-0.51314,1
-0.5787,0.036324,1
-2.165,-0.87374,1
-0.10606,-2.6799,1
2.0075,2.0037,2
2.4396,0.37596,1
-1.8439,-3.114,1
1.4336,2.235,2
-2.123,5.043,3
0.48728,2.049,3
-5.7106,2.9234,1
-0.57609,0.1829,1
-0.8271,-0.92795,3
1.7985,1.6667,2
0.43568,-1.0022,1
-2.9118,-0.8813,1
0.58012,1.8292,2
-0.10421,-2.3772,3
2.6218,2.1802,3
-0.74754,0.47244,3
-2.1718,1.1914,1
3.4984,-0.28701,3
4.9792,-0.0089407,3
-0.31132,0.25893,3
0.8506,-1.628,2
-2.7149,-0.26095,1
-1.4046,-0.80186,2
-2.8759,1.962,2
0.75443,-0.69671,2
-1.7943,-1.198,1
1.4367,-3.7758,1
2.7325,-1.5395,1
-2.5259,4.2096,3
2.4508,2.0425,3
2.4907,-2.3801,2
-2.3333,0.79255,3
-3.2205,1.3756,1
0.75538,3.7994,2
2.3555,2.5715,3
0.76575,-1.558,1
-1.7573,2.8852,3
-0.47803,0.013144,3
1.8487,-0.85405,2
-1.2836,0.48261,3
0.56577,0.83462,3
1.746,1.0508,2
3.4115,-0.94633,2
-2.3201,-2.0553,1
-5.1603,-0.42418,1
3.4678,-0.17462,3
4.374,2.3962,3
-3.767,5.5377,2
-1.6365,0.93914,1
-1.4432,-7.8431,1
-2.4468,-0.29923,3
-3.4785,1.9687,3
5.0942,1.3304,3
-2.8055,-1.0936,1
3.0155,-0.25365,3
0.72887,2.3454,3
-1.451,2.1034,2
-0.037768,-1.252,2
-0.14454,3.0133,3
-1.0445,-0.44437,2
1.1783,2.1383,3
0.25812,-0.14518,1
2.8846,-2.9855,1
2.3102,2.245,3
-1.7651,1.8918,2
0.35975,2.1926,3
-0.9951,-2.1865,3
-2.3936,0.82858,1
2.5047,3.0936,3
2.0807,1.5903,3
-0.27805,0.20588,2
-3.1683,-2.7261,3
0.94161,2.0329,3
-1.9123,2.6756,2
2.1093,1.8461,3
-0.22776,-2.7381,2
-2.6741,-1.0742,2
-1.165,1.7585,3
-0.40286,1.4857,3
0.94383,1.9098,2
-0.12053,-0.4465,1
-0.01609,0.58961,2
-2.8313,2.6795,2
0.13947,-3.1545,3
4.4502,-0.51111,1
-0.075168,1.0679,1
4.1304,-0.040803,1
0.56854,1.3932,3
0.75362,0.68062,3
-0.84968,-0.87962,2
0.50455,5.7675,2
3.5267,1.3623,3
-0.22352,0.94055,2
-0.5387,-0.38725,3
1.8991,1.1689,1
-1.5273,-3.2269,1
0.75799,0.31116,1
1.7391,4.9026,3
1.8751,2.0572,3
-1.6328,2.3042,3
2.3301,2.7546,2
-2.047,2.9431,2
-2.3051,0.99356,2
0.033855,-1.9734,1
-0.17062,-2.3417,2
-0.6805,-0.64679,2
1.2058,1.1764,1
1.0807,2.1825,3
2.3676,1.0844,3
1.7626,3.1039,1
1.5954,0.67188,2
1.7657,3.6133,2
2.6276,1.4071,3
3.6204,0.29076,3
0.82382,4.8128,2
2.6687,2.5585,3
2.4188,3.3688,3
2.3365,-3.6737,3
-1.2988,-2.3602,3
-1.9944,1.9663,3
-5.9237,-3.4162,2
-1.2074,2.5864,1
1.6445,1.4483,3
-4.1558,-0.19433,1
4.7132,3.9535,3
2.8028,0.48004,2
1.442,-1.439,2
-1.1228,2.5047,2
-1.7929,1.1818,2
1.6693,5.3909,3
-2.7932,-1.6969,1
3.0064,-5.0193,3
-1.0376,-3.0365,2
-0.065215,-4.7011,2
-0.72939,1.0125,1
-2.0085,-2.8628,2
1.4078,0.48339,2
0.70379,-0.16629,1
-0.36192,1.434,2
2.6387,1.6143,3
2.3139,-1.6872,1
2.7121,0.73154,3
-2.3633,-1.1967,1
-1.323,-2.678,1
-4.0929,-0.66913,1
1.4433,2.1561,2
-2.1015,-3.6946,3
-2.5646,2.5299,1
-1.3898,-0.42504,2
-0.81981,4.8152,3
5.7979,-4.1365,1
5.376,-5.4759,2
-1.8332,-6.5035,1
-2.7593,-4.4871,1
2.9102,3.5584,3
4.0331,2.3076,2
1.4453,-0.32512,2
-0.55461,0.93623,2
2.7899,-0.8649,3
6.1462,2.6423,3
4.2164,-1.9963,3
3.8659,2.4506,3
-1.5853,-0.67456,3
0.084003,-3.1752,1
-4.9818,2.8666,1
1.5468,-1.7631,3
-1.211,-0.74894,3
2.3509,-0.68231,2
1.2106,-5.4542,2
1.2541,-0.30354,1
1.4051,4.1197,2
-2.5049,-2.7869,3
-3.5836,3.366,1
-1.0407,-1.2663,2
1.7893,2.743,3
0.65376,-0.15137,1
0.60136,-0.51281,1
1.5924,4.8062,3
-3.3763,-0.54827,1
3.5943,-0.32711,2
0.3389,-1.1749,1
-1.8328,-2.8456,1
1.337,-2.2994,1
-4.7725,-2.673,1
0.75269,-0.83468,3
-2.8943,-4.2756,1
-0.33855,3.3692,1
-1.5077,-2.4662,2
2.0837,4.9451,3
3.6485,4.6038,2
-2.0355,-1.2886,2
0.52894,0.72393,3
-3.0443,-3.4447,1
-1.1644,0.6153,3
1.9503,4.6399,3
-3.7802,-1.9474,2
-1.372,-2.8417,1
2.9034,-2.0899,3
-4.5744,-3.9016,1
-1.2665,3.4853,2
-0.50668,-3.9757,2
0.42412,-1.5906,1
1.8012,0.2275,2
1.0114,-1.6113,1
-1.4367,-2.4503,2
0.47052,-1.534,3
-6.0565,-4.4545,1
-1.0401,-2.5907,1
-1.9733,-4.0894,1
-3.2161,-1.586,1
-2.7001,-1.3738,2
-1.9138,-3.6686,1
3.2057,-2.1176,1
1.7047,1.077,2
-0.89764,-1.0828,2
-0.44192,0.14919,1
-2.3503,2.8483,3
-1.8089,-5.3265,1
3.0493,-3.8328,2
-1.2556,1.0015,2
-0.99854,-4.8664,3
-2.2076,1.574,1
5.325,2.7576,2
0.70485,-0.14559,1
1.2596,-0.2628,3
2.4193,-0.63304,2
-0.7533,-1.984,1
5.7132,3.2863,3
1.7393,0.24179,2
-3.3666,0.1552,2
-0.68427,-1.3545,2
0.34324,-2.5613,1
-1.6097,0.42478,1
-3.0361,4.3208,1
0.050748,-1.0099,3
4.0152,2.6971,3
-6.6874,-1.9226,1
-2.4403,-0.14546,2
-0.82178,-0.73543,1
-2.3445,-0.98789,1
-0.010225,-2.3132,1
1.4882,0.73354,1
0.81164,0.44237,2
0.82529,0.59347,2
3.5699,-0.25936,3
1.8382,1.4812,3
3.6099,-5.6341,2
2.1151,4.016,3
5.3044,-1.9176,1
1.7035,-1.2063,2
-1.9514,0.74373,1
-0.70749,-5.6444,1
1.8374,-0.99603,1
2.5228,2.3092,3
-1.0131,-0.069201,1
-1.2691,1.8064,1
-3.3442,-3.84,1
0.16651,-2.3432,1
-0.55268,2.2426,2
1.438,1.5338,3
-1.7481,1.9479,1
-1.369,0.23473,2
1.5991,1.2445,3
3.0549,4.0613,2
-0.099191,-2.074,1
-0.93965,-0.24811,3
0.022925,1.2349,2
0.34326,-0.32493,2
0.016181,1.8611,2
4.745,3.9544,3
-2.5301,-4.1173,1
-5.6691,-0.88728,1
-2.3848,0.65709,2
-3.504,-2.9521,1
0.063183,1.7233,1
-0.41037,-0.69038,3
-2.9173,-0.97332,3
-2.6431,-3.7554,1
0.60316,-0.24176,2
1.3314,2.8392,3
-2.7467,2.8234,1
-5.0031,-1.1841,1
-0.27545,0.85788,1
-1.4484,-0.88917,2
-4.4362,0.98167,2
0.0085259,-0.74049,3
-4.6606,-1.1604,2
-4.218,0.3207,2
0.60477,-1.1864,1
0.95962,5.217,3
-4.5987,0.042166,2
-1.1953,-3.1281,1
-2.2125,-0.87538,3
-0.40707,1.9869,1
0.011076,-2.8416,1
-1.2434,-0.26701,1
-0.057692,0.22279,3
-0.48075,3.8912,3
-2.9348,1.6696,3
1.3929,2.3297,3
-1.0186,0.3933,2
-0.55646,-3.3977,1
-1.0246,0.35122,2
1.8971,1.0538,3
2.3134,2.2692,2
-0.6901,-4.3276,1
-3.1985,2.1501,1
-1.7974,-1.9451,2
-2.4931,2.4202,3
-2.8315,-0.3649,1
0.69653,-1.8888,2
-2.4952,-2.5448,3
-0.53187,-1.139,2
0.22336,5.0197,3
-2.7427,-0.75911,2
1.3769,2.0666,3
1.2851,-1.7685,1
1.3244,0.75271,3
0.32953,-1.1709,2
0.1655,-1.2506,3
0.41487,0.17237,3
0.33836,0.644,3
-1.134,0.303,2
-2.8087,2.8858,3
0.13849,1.1994,2
0.46618,2.2999,1
5.2407,3.0125,3
-1.8758,-0.56176,1
-3.842,-3.7567,1
-1.1991,-0.3847,3
-0.83561,-1.9246,3
0.38489,-4.3622,2
-0.47334,-0.77419,3
0.15105,1.9961,2
-1.7276,-1.5538,1
1.0546,1.0906,2
2.2132,-1.0984,3
-2.0597,1.9342,1
-3.3169,2.9731,2
-3.3251,-0.24828,1
0.76834,-0.022757,2
3.9221,1.0422,2
-1.4917,-2.0514,2
3.8411,0.7688,3
-1.248,-4.0032,1
-2.4745,-2.1436,1
5.3341,0.043797,3
-4.1046,-1.7439,2
-2.51,-0.028329,3
4.3706,-0.46711,3
1.7165,-5.5187,2
-2.3707,-1.4788,3
-0.96654,1.5303,3
2.3164,-0.58435,2
0.42084,2.2486,3
-2.026,-1.4549,3
1.3611,2.3223,2
3.2978,2.8731,3
-3.59,0.8578,2
2.8731,-1.2247,2
-2.9611,-2.6284,3
-2.4666,1.0007,3
1.4505,-1.0785,3
3.1072,1.4383,3
-2.367,-1.8886,2
-0.82197,0.19304,1
-5.6142,-4.1512,1
1.7764,-1.0818,3
-0.9627,-0.70291,2
-1.1528,-2.9999,1
-1.8109,-1.1832,1
2.178,3.1363,3
4.0739,3.8994,3
-0.45105,2.0433,2
0.39987,-0.65783,3
1.0592,4.6048,1
1.1751,2.0604,3
-1.4054,2.8077,2
-2.2392,2.947,2
2.2032,-1.1368,1
5.0489,3.2589,3
-2.0087,2.579,3
1.2209,0.077373,1
2.7787,-0.53809,1
-0.081282,3.0319,3
-0.12802,3.3556,2
3.5315,0.29488,3
2.2034,-5.7678,1
-0.55927,-1.0041,2
4.8219,3.4018,3
-0.43501,0.92939,3
-3.485,-3.9324,1
1.9805,1.1965,3
0.59807,-1.5154,1
-0.20227,-0.60788,2
-2.0914,-2.993,1
-3.2602,-0.32043,1
0.094044,1.2669,2
2.3334,1.4985,2
0.027823,2.7336,2
0.36084,1.4724,3
-1.4407,-4.261,1
1.6927,1.5896,2
3.589,-2.2887,3
0.061698,0.50377,3
-0.64252,-0.12816,3
0.0043894,-5.471,1
-1.605,3.0237,3
1.5071,-6.8858,2
1.1481,0.17278,1
3.2784,2.5769,2
-2.1476,-0.95089,1
-0.072844,2.246,2
-2.2092,-6.3896,1
1.0421,1.2041,2
0.041963,1.9949,2
-0.24169,0.36039,1
2.5888,3.7229,3
0.34668,0.61986,1
-0.15903,0.10739,1
-2.2121,0.6355,3
3.6138,3.2386,2
0.54737,1.6105,3
2.0618,1.1383,2
1.6491,0.99361,3
2.0483,-0.12235,2
-0.81686,0.36611,1
1.1244,3.8653,3
3.5065,-2.407,3
4.2573,2.0129,3
0.60286,1.1968,1
1.6111,-0.030443,3
-3.3806,-0.51804,1
-1.6482,-1.2139,1
2.5654,2.1392,3
-2.5684,-2.7566,1
0.37806,-2.1318,2
0.90177,-1.3209,3
-1.7111,-1.5862,1
5.4676,6.5857,3
4.7194,-0.16266,3
5.2247,3.8829,3
0.62376,0.55647,2
-1.0062,-5.2101,1
-2.2306,-2.5053,2
0.5183,2.5214,1
-0.4268,3.6571,2
-1.2495,-0.40778,2
2.4427,1.4587,3
2.1102,-0.50149,3
-1.9862,-3.7482,3
-2.723,0.84971,1
1.6282,1.9972,3
5.5965,0.56401,2
4.9445,3.9895,2
-1.554,2.7798,1
0.32224,1.382,1
0.78695,-2.6951,2
2.6155,1.753,3
-1.9141,1.2012,1
3.0504,-0.27554,3
-1.9176,1.7316,3
4.0487,1.7599,1
1.0623,2.3816,2
-0.28011,3.4172,3
0.079349,3.2186,1
2.7806,-1.7811,2
-3.1617,-1.6031,1
0.46353,0.84408,3
3.0512,4.0659,3
-0.11366,0.19474,2
-3.3343,1.1634,1
0.53165,-1.863,2
-1.9111,0.2503,1
-0.44956,-0.70818,1
-0.8658,1.91,2
-1.3545,-0.67459,3
-2.4803,0.52645,2
-3.3767,1.6245,3
0.55957,0.41167,2
0.89345,-1.8237,3
0.63079,1.8248,3
-3.2449,-0.96915,1
4.1833,1.6687,3
-0.20053,0.93819,3
-2.4391,-3.3442,2
-2.1673,2.7604,2
-2.0317,-1.2204,2
2.3434,0.074665,3
0.3402,-0.39982,2
0.95477,0.75728,2
-2.5886,-2.7976,1
4.3306,1.0773,3
3.5545,-0.24727,3
-1.8131,-1.896,1
-0.32372,0.28494,2
-1.2228,3.1717,2
-4.0799,-1.2452,1
2.2081,1.7778,1
-5.4665,1.3061,1
-0.63566,0.19581,3
0.66279,1.7143,1
4.013,0.28568,3
2.4812,2.3198,3
2.0768,-2.4869,2
-2.9808,0.40711,3
-4.3635,-0.5046,1
-1.3068,-1.0154,2
0.14192,0.61467,1
-2.2555,-0.43721,1
-0.81748,-1.6148,1
-0.072838,1.8046,3
-0.64509,-2.803,2
1.9803,3.5423,2
1.3989,4.3239,3
0.64715,1.5416,2
0.089457,-3.7305,2
0.57764,2.0362,3
-2.7927,-2.8857,1
2.2242,2.9517,2
0.82077,0.27589,3
-0.91432,1.5357,3
-0.21037,-1.8924,2
-0.077063,1.8708,3
-1.3108,-2.6214,2
0.52928,0.93078,1
2.7433,-2.6727,3
0.66245,-1.9523,3
1.3425,-0.87593,3
-0.29236,1.031,3
-1.6941,-2.4084,1
2.7394,-1.1576,2
1.3855,2.1434,2
2.3853,-3.1405,2
0.74946,-0.084269,2
2.205,-2.9869,1
1.6252,-1.493,3
-1.7443,-0.73625,1
-2.7581,-6.0789,1
1.4043,1.7484,2
-0.30492,0.070942,3
-2.1866,1.3454,3
-3.0705,1.7434,2
-2.6053,0.79218,3
-0.099325,0.1783,2
1.4859,3.9995,3
0.39533,-4.7542,2
2.5338,3.4413,2
-4.8638,-2.6627,1
0.40131,2.3748,1
1.2502,0.10503,2
1.4354,-2.6182,2
1.6923,-0.099023,3
-3.5122,0.37024,2
-0.33046,-2.445,2
0.45371,0.72556,3
1.376,-3.4045,3
3.9978,2.7411,3
0.49505,3.8996,3
0.39375,4.6526,1
-2.1618,-0.63064,1
1.1806,2.3754,3
-3.0733,1.4821,2
-2.168,-2.7197,2
0.67392,4.1433,3
-1.8466,0.50977,3
-2.6449,0.72875,2
-1.1136,1.2065,1
-3.7048,-2.377,1
-0.51323,-1.2839,2
0.38795,-0.50207,1
-3.549,-3.3878,1
2.5644,1.4486,3
-1.1831,-2.9538,1
-0.3764,-0.40336,3
-0.98629,-0.95977,1
-3.6617,-1.5898,2
2.9097,-4.059,3
2.3801,-3.5815,2
1.3402,3.6182,2
-3.1387,0.83189,1
-1.3357,0.67556,3
1.3297,3.284,3
2.3742,-0.088327,3
-4.8817,3.1895,2
2.3597,-2.2468,3
0.043352,-1.2706,3
-0.51672,1.4593,2
3.4643,0.28171,2
0.2145,4.1032,3
3.2205,3.1733,3
5.1581,1.1867,3
3.2524,2.5201,3
0.91074,-0.30412,2
-1.6209,-2.7028,2
-1.3859,-3.0476,2
0.062702,0.80257,2
1.5731,5.673,3
0.017157,2.7974,3
2.7198,2.0913,3
-2.2087,-0.95032,2
1.6615,-0.31137,2
-0.51463,-2.9883,1
0.09146,-0.26579,3
-3.4473,-0.44801,1
0.80611,-0.33721,2
-1.3775,-2.6307,1
4.6739,1.6668,2
-0.30859,-1.4034,2
1.4798,0.82524,1
0.63525,-0.98246,1
2.5976,-2.2908,3
1.8338,-2.6108,1
-1.105,-0.49862,1
-0.99445,-0.073732,2
-2.6234,0.14055,1
-1.4105,1.4374,3
-2.432,0.62799,1
4.1941,-0.95907,3
5.2425,0.45152,1
3.094,1.1131,3
0.99795,0.94609,3
-1.4947,-2.3751,2
1.1224,-0.31218,1
1.2915,3.8928,3
-1.1897,-4.6131,3
3.5057,3.8543,3
2.4687,0.2265,3
-1.501,-0.75844,2
-1.2493,-0.22532,2
-2.2008,-1.1589,3
1.1015,0.47078,2
2.0677,0.89853,2
0.2815,-1.5938,3
3.9582,2.02,3
-3.0256,-3.0008,1
-1.4771,0.15232,1
0.10479,-0.051019,3
-0.4423,2.1857,3
1.8906,0.1668,3
4.2563,1.001,3
3.2056,0.26008,3
-1.0581,-2.9402,3
4.6631,2.4454,3
-3.5901,-4.8392,2
0.58101,3.4606,1
0.88073,-0.013241,3
-3.1779,-2.811,1
-1.8948,-3.7862,3
1.4375,4.078,2
-2.9833,1.0915,1
-3.5249,-1.0393,2
0.96781,5.8355,2
-2.6982,-2.2077,1
-0.2415,0.78584,1
-1.4486,-1.7992,2
2.2758,-0.32481,3
0.62811,-0.42446,1
-5.2423,-1.4861,1
-2.771,-2.4318,1
-1.7812,-2.1922,2
1.1283,-0.93794,2
0.79254,4.2695,3
1.2123,0.33175,3
5.3759,0.19044,2
3.1325,1.7235,2
1.0221,0.68096,2
-1.0468,-4.5019,1
-3.9944,-2.2909,1
1.7829,-0.41711,2
-1.4363,-2.2187,1
0.29065,1.182,3
-1.28,-0.94899,2
-0.039449,-1.8494,3
-0.43618,0.82691,3
2.1574,-0.15829,3
-1.6315,-5.2857,2
1.6594,0.50355,1
0.55765,-1.3172,1
0.3264,-0.38639,3
3.5237,0.59166,2
-0.93192,-0.5116,1
1.3491,0.62503,3
-0.010208,0.65776,1
1.1544,-0.57768,1
1.755,2.074,2
1.0471,-0.912,2
2.3354,2.0588,3
2.1332,1.1105,1
-0.1493,-3.3165,2
2.6887,1.1302,3
-2.3773,-0.77299,3
-0.10216,0.78535,2
-0.87448,-0.33041,1
-1.2784,-2.7807,3
-0.66629,-0.532,3
0.13834,-0.56956,2
-0.62114,0.91124,3
0.65343,-0.20511,2
3.1564,0.94124,3
1.7543,0.65762,3
-2.7666,-3.4183,1
-2.35,-3.2693,1
2.0938,1.9826,2
-2.0401,-2.4444,3
-0.53601,1.4884,3
-0.86992,-2.5712,1
5.1778,-0.55517,3
0.15633,-1.0127,3
0.13257,-2.1969,1
2.6589,3.1582,3
3.4299,0.98981,3
-0.021953,5.6254,3
2.8989,-1.7138,3
-1.9495,2.7789,1
0.56498,2.1597,1
3.96,3.107,3
-2.881,0.65149,2
2.6897,1.9649,3
3.3912,1.6107,3
-0.40961,1.6885,2
-1.3498,-0.43564,1
0.52633,-0.032755,1
2.9878,2.7719,3
0.1943,0.1832,2
1.7971,1.4194,3
6.488,2.7023,3
1.9918,3.0072,1
-2.2941,-1.9619,1
-1.388,-0.16684,1
-0.19076,3.1365,3
-1.5554,-1.2392,1
1.4885,-2.1355,1
1.2034,-1.4586,1
-0.10713,-0.12883,2
0.89556,-0.43659,3
-1.3373,0.099943,1
-1.8402,0.055197,2
-0.58991,-3.2638,1
-2.4184,0.2194,3
4.9529,-0.48956,3
-2.0457,-3.2063,1
2.312,-0.28256,3
0.54319,2.7159,2
3.416,0.40406,3
-1.6993,-5.1377,1
1.2859,-1.882,2
-1.6365,0.1969,2
-0.79413,-2.5195,3
0.23267,-2.0493,1
3.3099,-0.028093,2
1.6939,0.67691,2
-4.3771,-3.9067,1
-2.6711,-2.2998,1
0.22516,-0.85663,2
5.1031,-0.86101,3
3.4972,0.10699,3
-1.1218,1.2739,1
-3.4384,-4.4235,1
1.0769,3.4987,3
3.0733,-0.22684,3
1.3072,-0.055209,3
4.9071,0.47411,3
-0.32141,-1.364,1
-4.2054,-3.1538,2
-0.19401,0.88738,3
-0.35505,0.89469,3
2.9415,-2.1004,3
0.8161,-0.79754,2
-0.33528,-0.14226,2
-2.2739,2.507,3
1.8947,-1.6331,2
1.0862,-0.79152,2
-2.948,-1.6519,2
-1.7135,-3.4418,1
-2.0019,0.65464,3
-3.4509,-0.76227,2
1.803,-0.53451,3
1.9608,1.7132,3
-0.01852,-0.2531,2
0.39538,-1.6552,1
-2.8974,0.90602,2
0.34765,-1.9018,1
-1.1747,-2.1096,1
-1.7848,-0.30097,3
4.0946,1.2134,3
4.6425,5.1713,3
1.1657,4.257,3
0.56312,0.32046,1
1.25,-0.58169,2
0.85326,1.1873,3
4.5488,0.037224,3
3.7534,0.36488,2
2.1651,0.86355,3
3.2733,4.405,3
0.19981,0.53622,2
1.3136,1.7942,1
2.9765,3.0339,3
-1.0878,-1.6132,2
1.3762,0.68424,1
0.19347,-2.452,3
3.9823,-0.78199,2
-0.24374,0.45053,3
4.1306,1.2063,2
-2.6308,-4.0047,1
2.5249,-0.1625,3
-0.40533,2.174,3
3.9102,2.7066,2
0.060351,-4.9346,1
-2.2264,-1.7495,1
-0.91472,-1.8725,2
-4.2763,-1.9727,2
2.5158,5.1961,1
0.59064,-0.47673,3
-1.3472,-0.65318,1
-1.065,2.6543,2
2.6303,-1.022,3
0.25731,-1.3677,3
-0.036483,-0.81136,1
-0.11478,1.0845,2
5.0574,1.0968,3
-0.87257,3.9329,3
1.8429,-0.92559,2
4.3986,3.9262,3
-0.005309,2.278,3
2.2425,3.2067,2
1.1836,-3.0479,2
2.7801,5.1234,1
-3.5262,-3.3337,1
2.4561,0.06391,3
0.031364,4.2553,3
-0.86383,-0.82701,2
-1.218,-0.57341,1
3.3751,0.78556,1
2.5665,2.101,3
-3.1927,-3.0724,1
-4.3431,1.0143,2
-1.8448,0.27355,1
3.7572,-0.1394,3
1.9115,1.6987,2
2.6732,2.7608,2
-0.90368,-4.7855,2
1.2051,1.4423,3
0.43266,0.87134,2
3.0556,2.6657,3
-3.2168,-0.83974,3
2.0611,2.2082,3
-1.0422,2.2451,1
-3.0115,-2.611,3
-2.4911,-1.367,2
1.312,1.8157,3
-0.93848,-0.74582,1
4.4192,1.5017,2
-2.5527,-2.6291,2
-0.23852,1.8431,2
-0.41746,2.2502,2
3.7633,-1.158,3
-1.6954,-1.3057,3
2.1615,0.27555,2
-3.0245,-0.48851,1
-0.54395,-0.55541,3
-0.52456,4.7596,2
3.1464,-2.6787,3
-1.6824,-1.1853,1
1.9753,0.81993,3
3.9021,0.98736,2
2.4966,4.3052,2
-3.8152,-0.27152,1
0.96874,-0.68019,2
4.4291,1.1413,3
0.74051,2.0951,3
0.64132,-4.8454,1
-0.39422,0.62517,1
0.54376,-1.1226,2
4.2603,1.8164,2
1.1201,1.5817,3
-3.7579,-1.3139,2
0.46689,-2.0339,3
3.0696,-1.0462,2
0.17323,3.0785,2
-2.6445,2.0726,2
-2.4664,1.0357,2
5.8083,4.6354,3
1.2925,0.5662,2
3.787,2.9287,2
-2.0272,0.39676,2
2.4933,0.35655,2
1.0605,1.1353,3
0.50336,-0.7078,3
-0.07036,-0.49349,1
-4.564,-0.40861,1
-0.34415,-0.56155,2
-1.1957,0.50396,2
0.61785,0.41953,2
1.5594,-4.3278,2
-3.3794,-0.69196,2
-0.46532,1.0569,1
-2.5716,-0.51251,1
0.94604,-3.0553,1
-1.4914,-2.9129,3
1.7514,1.2513,3
-1.7299,0.26793,1
0.20213,-2.0516,2
0.89909,4.2356,3
-2.8078,1.1453,1
-1.3831,0.35781,3
-0.67422,-2.2647,1
-3.7521,1.0373,1
4.4747,-1.7436,2
-0.83847,-1.6966,1
-0.37548,-0.44694,3
-1.1415,-0.43363,2
3.189,4.671,2
-0.90552,0.79653,2
-1.7455,-0.66029,1
-0.12045,-1.2834,1
0.26964,0.85398,3
-5.1121,0.41652,2
1.8304,2.8028,2
1.6336,-1.4626,1
1.28,-1.2644,2
-0.16963,7.3835,3
5.0868,1.8053,1
0.78681,1.11,2
3.9444,3.4244,3
-0.3102,0.067076,1
1.9847,1.97,2
2.7033,1.5542,3
1.7521,1.7427,3
-0.03182,1.7021,2
0.57838,2.0048,3
-3.0586,-0.58756,2
-1.5953,-1.3812,3
-2.3999,-0.82214,1
0.15244,-2.8848,1
-2.7184,1.7643,3
3.7263,2.3229,2
-0.5368,-2.7965,1
4.1731,0.76967,2
-4.9849,-3.4538,1
-3.7614,-5.9931,1
0.79164,1.1678,3
-2.3096,-3.5354,1
0.35403,-5.4211,2
0.47385,-1.265,1
1.5789,-0.2301,1
-1.1211,0.35103,2
1.9538,3.7193,3
-3.6004,-0.70683,1
0.38613,-0.43529,2
0.42936,-0.32689,2
1.7488,1.5123,3
-0.73933,-1.6778,3
2.6046,1.5857,2
0.85039,2.631,3
3.6592,-1.0785,3
2.2988,2.6695,2
-5.3543,-0.20763,3
-1.8785,-1.3372,1
1.54,1.2877,2
-2.0098,-2.1876,3
-2.1617,-0.58251,1
-0.90605,-2.3909,2
-1.0514,-0.31094,1
-1.4951,1.7865,2
-0.53453,1.9241,2
4.7247,1.7026,3
2.7847,0.61507,1
-1.31,1.3365,3
-5.5079,-4.0303,1
2.1587,2.9815,2
1.8829,0.73252,3
2.8239,3.6335,2
-1.441,-0.17257,1
-1.4247,-1.3602,1
1.556,2.513,3
-2.4806,-1.9816,2
-3.096,-0.46499,1
2.2072,1.8416,2
1.7952,-1.9075,2
0.38447,-1.5263,3
1.9058,1.0713,3
-0.69757,0.11734,2
-2.73,-2.7397,1
2.1115,6.3267,2
-0.3191,-0.046752,3
-1.9203,-1.798,2
-2.6877,-0.15624,2
-2.6838,-0.23473,3
1.2313,-0.60573,2
3.341,1.8051,2
3.2195,3.1974,3
1.0043,-2.6681,1
0.65944,0.86222,3
4.7007,1.9392,2
-3.5464,0.20495,1
-2.1609,-2.398,1
1.2068,4.244,3
-0.6621,-0.31926,3
-3.1472,-0.1947,2
1.7544,-0.80837,3
3.9997,-2.1,3
-3.434,-0.34809,3
-4.7812,-4.8679,1
-2.8815,0.33993,2
-3.8479,-2.3079,3
-2.5718,-1.6973,1
-1.5186,-1.9113,3
-2.734,-4.2676,1
3.1702,1.3367,3
3.6541,5.1625,2
-0.0042035,-5.8323,1
-2.1151,-1.8725,3
1.4647,-0.7,1
-3.1739,-2.0136,1
4.2179,2.415,1
3.1226,1.3675,3
-0.73289,0.93426,3
-0.88066,1.3731,2
0.36787,-0.57025,2
-0.32625,3.1225,3
-1.3114,-2.328,3
-0.66971,0.58922,3
-0.95141,-0.23131,1
1.7155,1.1437,3
-2.5346,-2.417,1
-1.6408,1.5438,3
1.5365,2.8374,3
0.56508,-1.4282,3
1.3011,3.5182,1
1.8095,1.5245,2
1.0207,-1.0016,3
-3.2489,2.4828,1
2.0284,1.8431,3
0.38025,-1.491,2
1.2171,1.0929,1
0.84699,0.19119,2
3.9422,-4.1844,3
0.48065,1.7491,3
1.5167,1.2731,3
-1.0982,0.86483,2
3.048,1.8564,2
2.3202,0.097004,2
-0.84879,-1.6447,1
1.2531,3.4283,2
1.7486,4.4121,3
1.0594,2.549,1
-1.7541,-3.2525,2
0.0020095,-2.6976,2
1.1119,5.5505,3
0.71257,1.0689,2
-2.9415,-3.6164,2
-1.6661,-1.3027,1
0.83478,-1.0627,2
-0.64999,-0.59531,1
3.0078,1.79,3
0.96768,-1.7979,2
3.2284,0.9049,3
-0.10205,3.4244,1
6.4299,0.6676,3
-2.7067,-0.90741,1
-1.4728,0.27809,1
-2.766,-3.3977,3
-1.4806,-0.43235,2
-3.1541,0.32141,1
1.1094,-0.09495,1
1.8829,-0.99882,1
2.2591,0.95835,3
3.3202,-2.6714,3
-2.638,-0.43561,3
-0.85584,-5.1446,2
0.49696,-0.20136,3
0.32579,1.5667,1
-1.2622,-0.50258,1
-0.17423,-1.6651,1
3.7629,2.293,2
4.7849,-1.7885,3
6.383,2.4141,2
-1.7635,0.97324,1
1.7564,-0.30582,1
0.57419,-0.19344,3
-2.021,1.6485,2
2.0152,-1.3731,1
4.247,-1.5101,3
-1.4575,0.51,2
1.7694,-1.0353,2
3.715,1.1389,3
-1.2845,3.2201,3
4.2458,2.2279,3
-1.7376,2.314,3
-2.5304,-0.14728,3
1.2693,0.53879,1
-2.026,-1.0114,2
-1.3608,-4.2696,2
-0.60849,-1.7815,1
0.20676,-2.5849,2
-0.32925,3.1088,2
2.8955,3.8109,3
-1.7711,1.1973,1
0.96928,-2.0284,3
0.87014,-0.35054,1
-5.2769,-2.0126,1
0.91493,0.84455,2
4.8047,3.0954,2
4.1248,2.4651,3
1.61,5.1653,3
-2.3005,1.179,2
-2.7346,2.1053,3
-1.8818,2.0031,2
1.0751,3.1892,3
4.0393,4.9928,3
2.6225,-0.10788,1
-0.87602,4.3004,2
-0.016923,5.2169,3
0.33426,-1.1336,2
-0.93678,-0.47873,1
-2.5899,3.9987,3
0.67296,0.66618,1
-4.3487,-2.3629,1
4.1466,1.4333,1
0.8626,2.1919,3
-3.3239,0.28717,1
-3.6179,-5.3433,1
-3.7656,-5.1324,1
3.4409,1.1068,2
1.3158,-3.9429,2
-2.2431,0.20344,1
-1.3891,2.9469,3
2.8968,0.81339,3
-0.12492,2.4232,3
0.93,3.1334,2
2.0894,2.3578,3
0.60422,-2.4251,3
-2.2917,3.3329,1
-1.5285,-2.125,1
-2.1367,-1.5483,1
4.4687,3.2142,3
1.6073,1.5739,3
-3.4528,-1.5739,2
1.5831,2.4978,3
-0.47452,-0.25428,1
-3.0622,1.1353,1
3.8414,1.5648,3
0.93077,4.7618,3
5.6841,2.7176,3
1.5039,-0.75664,3
-2.9875,-1.4298,2
-0.4825,-1.8589,1
-0.16099,3.9865,3
-4.4279,-3.0413,1
-3.9456,-1.8287,2
-0.9429,1.8947,1
-2.2947,-3.2466,1
-0.17227,-0.36321,3
-0.65526,0.14255,2
-0.43672,-0.35911,1
0.9143,0.94241,1
-1.3133,-3.8642,2
2.0313,-0.92274,3
-0.22293,-0.7948,2
-4.385,-5.2211,1
0.60062,-4.1075,1
0.43108,0.42127,1
3.3743,-2.5699,1
0.55731,-0.065694,2
-2.8607,-2.913,1
-0.99301,-2.1916,1
4.2738,0.79376,1
1.5878,0.0019777,2
-1.1423,-2.0752,1
6.2012,1.1047,2
1.845,0.73832,3
-3.1033,-0.63842,3
-1.1421,2.3628,3
-1.5512,-2.7109,2
2.0484,-1.0843,3
-1.613,-3.8933,2
-3.8406,-2.0288,2
2.7447,-0.23843,2
0.40794,1.6414,3
-1.6346,-0.17884,1
0.72342,0.80315,2
0.19308,-3.3163,1
3.4976,5.4242,3
-1.4311,5.8097,2
3.3106,0.32417,3
1.7941,0.24908,3
0.92817,0.16357,3
3.3562,1.8922,3
-0.85047,2.1866,3
-0.25831,-0.61513,2
1.7627,-2.043,1
-1.3014,1.0668,3
0.32892,2.6003,1
2.193,1.2553,2
1.9155,0.65152,2
0.23903,-0.99051,3
-1.9117,-2.5389,2
-1.5817,-0.891,1
-0.1002,-1.2929,2
-0.42892,0.84236,1
-1.9963,-4.0775,1
2.297,-1.7228,3
-4.4618,-2.9582,1
-2.441,-3.6084,1
4.3301,2.043,3
-0.86058,-1.5515,3
3.5917,-2.1834,2
7.7293,5.3464,3
1.0247,2.5443,2
-0.20092,-3.0779,1
-1.8756,-2.7714,1
-0.82141,0.49603,3
-3.2813,-0.35478,1
-2.256,-1.2352,1
2.2693,0.67333,3
-3.4628,-1.0944,3
0.073915,3.8329,2
-0.20572,2.7331,3
2.8591,-2.8054,1
-1.231,2.7871,2
-0.74242,2.0937,3
3.3766,-0.43325,2
0.50715,2.205,3
-0.6107,-1.7722,1
-3.1532,-1.1555,2
-1.1125,-2.7479,1
0.31747,-2.4148,3
1.0989,0.63723,3
0.026103,-3.0741,3
1.795,3.3948,3
-1.5452,1.3658,3
3.7163,2.4551,3
0.06354,0.9281,2
-0.5919,-2.9757,1
-0.24058,-0.71593,1
0.2613,-1.8095,2
1.5357,2.9776,1
-1.9036,0.17324,1
-1.0707,-1.6432,1
1.4974,0.75166,1
3.6851,-1.9046,3
-2.7729,-0.62662,3
-2.5989,-0.091858,3
0.10815,2.8939,3
0.96634,1.1193,3
-1.2328,2.879,2
-3.1745,-2.1525,1
2.468,1.407,2
-0.69294,-0.05589,2
-5.7731,-1.0033,1
4.7367,5.025,3
1.5902,-1.633,1
-1.5972,2.8429,3
-2.6488,-1.7547,1
0.34095,-3.0448,2
1.2348,-0.58778,1
6.1656,5.3907,3
-3.0395,-3.3474,1
0.48223,-0.2492,1
2.9842,0.41516,2
-1.2418,-0.85748,1
0.8809,-4.0785,1
-0.70218,5.563,1
-0.58781,-4.9033,1
-2.1584,1.5916,1
2.1692,3.2705,3
-0.4871,-3.2712,1
1.4354,5.4407,2
0.33048,2.5798,1
1.573,5.4476,3
-0.42496,0.42285,3
-1.2997,0.4474,2
-1.3014,-2.7164,2
2.7814,1.9722,3
0.88076,3.1269,3
-0.5649,5.3638,2
2.77,0.18936,3
2.4162,-0.078884,2
-0.76998,1.3697,1
-4.4497,-1.8854,3
1.1003,-1.0742,2
-5.8264,3.4981,2
0.80544,-3.3534,2
-0.20265,1.6894,2
3.893,-0.41154,1
0.12056,-0.44376,1
2.6721,2.3048,3
-3.9523,-0.46512,3
-2.4633,0.77075,1
-1.7378,-3.1219,1
0.30518,2.4828,3
-0.90836,-2.5423,1
-3.1389,4.0009,3
-0.44188,0.059467,3
4.4538,4.4008,3
-2.8193,-3.6815,1
1.6789,5.5266,2
2.032,0.73466,3
3.1904,0.089531,3
1.3387,0.14779,3
1.2158,-2.9037,2
0.58124,-1.2873,2
-0.062127,-1.7047,3
2.1464,3.9434,3
1.1899,1.4565,1
0.3308,-0.79632,2
-1.787,-2.3636,1
2.254,2.5277,3
0.52784,-1.2794,3
2.7647,0.72162,1
4.7792,2.8304,3
2.0825,7.9209,3
0.21706,-0.28337,3
-0.11953,-1.0173,2
-2.2882,-2.4376,2
2.294,-2.6076,1
-1.0481,-2.3683,1
-3.8473,0.70443,2
-2.2596,-2.1894,2
3.7641,-0.4,2
5.0249,-0.47224,2
-6.477,-0.52311,1
2.442,0.69119,2
0.57298,-0.59972,1
-0.23032,-1.7987,2
2.4981,1.7388,3
2.183,3.3684,2
2.4691,1.4443,2
0.12081,2.7334,2
-0.58459,-2.7896,1
-0.33762,-0.11825,1
5.8496,-0.11653,1
-0.18904,0.033986,2
2.0404,1.6643,2
6.7557,3.369,3
0.24383,1.6571,1
0.010193,0.81421,1
0.85099,3.4205,3
-1.7093,-2.8498,1
-6.621,-1.2688,1
-0.22994,-0.55988,3
1.1004,2.913,3
0.16387,4.7498,1
0.63744,-3.0376,1
1.3963,-0.20594,3
-0.016875,2.8435,3
-1.6371,0.53077,1
-3.8389,-1.9858,3
-0.71563,1.7269,2
-0.6015,-2.1802,1
0.96339,-3.0063,1
-1.5436,0.24399,3
0.6761,-0.095419,2
-0.69263,-1.0164,2
0.52816,-0.64921,1
-0.88922,-1.789,2
0.25483,-1.8856,2
1.5193,-1.4018,2
0.56606,0.27033,3
3.965,-1.5833,3
-2.0941,-2.6014,1
1.0671,0.56334,3
-2.2363,-2.2875,2
0.54951,0.60153,1
-1.3497,-6.1702,1
-0.28207,1.7227,1
-0.3592,-1.2591,3
2.2988,2.3345,2
-0.91395,-2.8893,2
2.0685,4.8003,3
2.5113,-0.53722,1
-3.3508,-2.7083,2
1.1526,-0.79711,2
-1.0385,-1.6876,3
-3.6749,-5.3654,1
-2.9266,0.087275,1
-1.7692,0.37651,1
-2.6359,-5.9381,2
-4.9879,-4.7372,2
1.269,1.2125,3
-3.2503,-2.2665,1
0.61636,0.20419,1
6.699,-0.49876,3
0.46157,1.2331,3
-0.17545,-1.6799,3
-1.4111,-2.1545,3
6.1294,3.3733,2
5.2293,2.2754,2
3.3839,-2.567,1
2.0568,5.4576,2
-1.7731,-6.5851,2
3.2522,0.95219,3
-1.1428,-5.9864,1
0.050795,-0.79759,3
-2.1073,3.3272,1
0.1389,0.81159,1
-0.58761,-1.0343,2
3.4823,-0.41923,3
-2.8521,1.6165,1
1.3316,-0.036013,3
2.3393,-0.72431,1
-3.8963,-2.8604,1
-0.15566,0.88342,1
1.882,0.3275,1
1.2469,0.91107,2
-5.9815,-2.407,1
-3.1193,1.7163,1
5.9888,3.6174,3
0.81614,-1.8836,2
-0.93703,-0.16554,1
3.1155,2.9658,2
-2.382,1.0806,3
-0.37001,-0.037643,1
-0.96288,-0.61706,3
4.3254,-2.545,3
2.5969,0.56828,1
1.2001,-1.2601,2
1.3665,2.3324,3
0.57947,1.2183,3
1.014,0.21323,2
2.8222,2.7563,3
0.68205,0.16737,1
-1.2037,-1.4239,2
0.7984,-0.19555,1
0.85953,-2.0715,1
8.2278,1.9897,3
-3.2316,-4.086,2
-1.1272,3.8594,3
-0.90461,-0.44474,3
1.2164,0.26757,3
3.2159,0.75771,3
0.45133,0.45255,1
2.106,1.7614,3
-3.8574,-3.2105,3
2.6054,-0.70224,3
3.6029,4.2516,3
-2.2975,-0.76406,1
-5.2883,-4.5208,1
2.3048,4.0415,2
-2.9624,-0.81827,3
0.96627,-1.0384,3
1.2896,-2.5375,1
-3.2215,-3.1438,3
4.6194,-1.5077,2
-1.6233,-0.028345,1
-2.4555,-2.61,1
-0.19937,-1.613,3
3.0775,2.7807,3
-2.6377,0.2088,1
1.3889,-0.27391,3
4.7445,-0.79545,3
4.5494,0.18549,2
0.33035,-0.9819,3
-4.1675,-0.95497,1
2.1733,1.1956,2
-0.4751,2.0223,2
-0.041435,0.53132,3
-2.1142,-0.21564,2
-0.34427,-1.3638,2
3.8155,2.6446,1
-0.76296,0.8175,2
-1.7395,0.72378,3
2.9945,-0.45753,2
3.6703,2.7711,2
0.80865,0.15952,3
-1.3342,0.76778,2
1.1264,0.34159,3
-1.6951,0.32912,2
-1.872,3.773,3
-0.1758,-2.0746,1
2.2133,-0.19494,3
1.5703,-0.48002,2
1.7367,0.60653,2
-0.48926,0.62473,2
2.3438,2.5675,2
-2.3982,-2.1456,1
1.1608,-1.0794,1
0.53825,1.2979,3
2.2033,-1.8859,2
-0.95045,0.98,2
2.0195,0.040534,2
-0.87717,-2.8352,2
-0.089342,-4.9208,1
3.7612,5.1399,2
-2.5308,0.055826,3
-0.52677,-1.3803,2
0.40597,-3.3138,1
5.1249,0.27702,2
-3.7922,-5.1729,1
-0.14413,1.7381,2
-0.95749,-3.7258,1
-2.1752,-0.47921,3
-0.51629,1.2849,1
-2.0713,-1.8428,2
0.60472,2.7343,3
-0.82475,-3.9858,2
2.4169,0.3155,2
0.067429,0.74674,3
2.1412,-3.1329,2
-3.1883,-1.4942,1
0.3297,1.1811,3
-0.20647,2.3341,3
1.0433,-2.1035,2
0.70642,-0.99742,2
5.2017,-1.0016,3
-1.4666,0.87082,2
-0.23942,1.1091,2
2.1326,-3.1786,1
1.2173,-1.6976,1
2.0057,0.49344,2
2.1979,2.6654,3
-1.957,-0.25415,2
-1.3114,-0.10828,3
3.8489,-0.43574,3
2.6264,0.0091412,2
-0.3093,1.7992,3
0.45588,0.017144,2
0.28664,0.21339,1
-4.2981,-0.19482,2
0.30583,0.31153,2
-2.5115,0.44896,1
1.5743,0.67965,1
-0.75263,-0.68998,3
1.453,0.74569,2
0.98704,2.7264,3
-3.162,-3.3012,1
5.0253,-0.22477,2
1.7016,-1.6906,1
-1.3995,1.4606,1
-3.0605,-3.9036,1
-0.55681,3.6739,2
0.96961,-0.035736,3
-2.6167,-1.6989,2
1.1475,-4.2968,1
-1.3751,-0.12821,3
2.2038,2.2572,3
2.7784,-2.0404,2
-1.661,-6.6616,2
3.1107,-0.35453,1
3.1036,3.6307,3
2.3814,-0.18068,3
2.744,4.1306,3
-3.1139,-4.2553,2
-2.4263,3.1818,1
-0.78851,0.29556,3
-0.98695,4.5425,1
-2.0707,0.72133,2
-1.7598,1.7337,1
2.0393,2.3142,3
4.8964,0.24734,3
1.3191,0.37671,3
-3.6006,-1.9442,2
3.7183,-0.092748,2
-2.5332,-1.1907,1
0.31767,2.2025,3
1.2341,-2.0198,2
1.7086,3.2363,1
4.9773,3.337,3
-1.6868,-3.7361,1
-1.3936,1.4218,1
-1.3134,1.3353,3
0.25648,-4.685,3
2.6209,3.2821,3
-1.4737,1.618,1
-0.5352,0.36736,2
1.6893,0.73502,1
-1.6565,-0.0054793,1
-1.7337,1.7515,2
4.501,3.4531,2
-0.90372,-0.20666,3
0.95006,-2.9407,1
-2.0814,-2.0378,1
0.23625,-1.9058,2
1.2344,4.3917,2
2.4481,1.7652,3
-0.36216,-0.31298,2
-5.7895,0.34145,1
-2.613,-1.7604,2
-1.2141,-4.6258,1
-0.33579,-1.6081,1
-0.74118,1.654,3
0.82749,-1.8935,2
6.6156,2.7851,3
-3.8677,-0.060476,2
-5.8476,-4.0102,1
1.9909,1.3804,3
-2.3006,-1.2257,1
2.4836,5.5288,3
-0.10693,-4.5502,3
-2.5433,2.1514,1
-0.80756,-1.1316,3
1.5489,2.7129,3
1.9211,-1.199,1
0.9236,2.4733,3
-0.011849,3.7322,2
-0.39393,-4.2332,1
-1.6235,-3.451,1
0.54924,4.4398,3
-3.0508,-3.8462,1
-0.66005,-2.8354,3
-1.1662,2.3213,1
-1.453,-0.84322,2
-0.37109,-1.5385,2
2.3561,0.3376,3
0.43153,-0.1874,2
-2.1027,1.4012,3
-0.65253,0.058397,1
2.7983,4.039,3
-0.94921,0.099553,3
-4.0547,-2.0741,1
1.5413,-0.8338,1
0.84669,-1.703,3
2.4196,-2.2841,3
-0.15144,-3.2627,1
0.75668,-2.2752,1
-3.2789,-1.9389,1
0.27041,0.27462,1
4.8189,4.0296,3
-1.7105,5.351,1
-0.64604,2.6939,3
-4.8579,2.4242,1
-1.0863,1.6922,1
4.6579,3.3011,3
-0.084976,0.69629,1
1.2759,-2.029,1
0.99742,3.1221,3
3.6866,2.1564,1
2.7655,-2.5411,3
5.1748,-0.4871,2
-0.3059,-3.9582,1
3.8782,5.7189,3
1.351,-1.8407,1
2.1321,0.33722,3
2.6795,2.075,3
-1.0009,-2.9745,2
0.019403,-0.014728,1
5.2767,1.2265,3
1.6618,-0.28343,2
-0.85148,0.67603,2
0.78847,-0.92267,2
2.344,-0.21161,3
3.4544,5.3303,3
2.1627,0.051465,3
-0.51494,-3.694,1
3.5902,-1.9868,1
3.5168,3.957,1
0.33748,3.4549,2
3.7358,-0.29253,2
0.86065,0.22716,2
2.2443,-2.2076,2
0.27725,0.36608,2
-0.5455,-4.6735,3
1.5761,0.029507,3
-0.26128,-2.2001,2
-1.7666,-1.8853,1
-3.9333,1.7166,3
5.0894,2.9446,3
2.2501,0.75765,3
1.4652,3.2024,3
-2.2278,0.83129,1
4.5223,-0.91231,3
-3.86,-1.6141,2
0.78167,1.2525,2
-1.0865,-0.62465,2
3.9741,4.4332,3
-0.21825,-6.1269,2
4.0116,1.0347,1
1.0474,0.18116,2
-1.9901,-2.4969,1
-1.6843,1.2407,3
-1.5071,-3.0529,2
-1.3152,-4.3508,3
-1.5161,-2.3163,1
0.72701,2.675,3
3.7053,1.3427,2
1.0626,-2.9843,3
-5.1375,0.81959,2
-1.0219,-1.932,1
-2.9603,-0.20914,2
5.0502,-1.8047,2
2.0077,-0.93072,1
1.8664,1.3525,2
2.6922,-0.9887,3
2.871,3.1529,2
-1.1301,-2.4104,1
2.4885,-4.0937,2
1.8988,1.6593,3
-4.7645,0.16823,1
-3.8124,-1.8074,1
-1.2615,0.23192,2
1.8115,-3.329,1
-4.1113,0.53392,1
0.35422,-0.74188,3
-0.33693,-0.96737,1
-0.097723,-4.9927,2
-3.8765,-3.7703,1
0.42011,6.2937,3
3.1384,-2.4458,1
0.8875,1.4969,3
3.2713,-2.0824,1
-2.808,0.29198,1
2.7155,4.0911,2
-0.19365,2.3857,3
-0.90007,-0.81631,1
0.29899,2.5043,3
1.3109,1.1608,2
3.5667,2.7444,3
-1.1952,0.52452,1
1.1672,2.803,3
0.64155,-1.5792,1
-0.94704,-3.765,1
-3.0573,0.17802,1
1.6536,-1.6373,1
-2.4452,-0.9983,1
-4.1734,0.11768,1
-2.9789,-1.288,2
2.5305,2.8796,3
-1.8466,-5.6411,1
-2.3973,1.0381,3
-2.6788,-2.6696,2
-3.4376,0.84501,1
0.75693,-0.36559,3
-3.1236,-3.5448,1
-1.2733,-2.4434,3
0.78975,2.0106,2
0.52742,-3.3516,2
1.389,-2.6967,3
1.6235,0.94014,1
1.1541,-4.3126,2
-0.80483,1.9576,1
3.204,0.038516,3
-1.8556,4.5245,2
-2.2734,-0.38841,2
-0.091699,-0.68813,2
2.271,1.8626,3
0.602,-0.18043,1
4.3586,1.2058,2
-3.2041,-1.5782,1
-1.8477,-1.9483,2
2.3754,2.0068,2
-2.2541,1.4032,1
0.3003,0.88855,3
-3.0079,-0.69027,1
0.55858,1.4757,1
2.9064,1.0146,1
-1.2864,-3.9972,2
-0.34225,0.4098,3
5.1079,0.69329,3
3.2591,2.3072,3
-1.7532,1.2988,2
-3.9931,-0.61375,2
3.2779,-3.117,3
2.183,-1.9601,2
2.018,0.69043,2
-3.0063,0.31247,1
-0.1842,-3.468,2
-0.33746,-1.1946,1
4.1433,3.8509,3
-1.1131,4.7926,2
-0.56654,3.2127,2
-2.6186,-1.4258,1
3.5744,1.0536,3
1.3671,-1.1999,2
1.2679,-1.3171,3
0.1585,-2.2499,2
-3.0572,-0.079128,1
-4.2314,-1.4561,3
1.9816,3.1595,3
1.4986,0.60039,2
-4.1714,2.0954,1
-2.0449,-3.5619,1
2.4755,-0.98738,3
-5.6661,-0.76634,1
-0.73126,-1.1208,3
3.8655,-1.5566,1
-1.3222,1.6193,1
-1.7222,1.9883,2
2.3469,3.3815,2
-2.8461,-0.54888,1
-1.171,1.4656,2
4.0617,-0.74537,3
2.9778,-2.2776,1
-3.4636,-4.4545,1
-0.45903,-4.5636,1
-3.043,-0.070109,1
0.47813,4.6498,3
4.8167,1.8411,1
3.4911,0.91802,2
-2.3099,-2.7935,2
0.80253,1.4298,2
-3.2486,-1.4208,1
1.2789,6.9819,3
0.72418,1.2214,3
-1.8646,-0.97783,2
4.9192,1.3788,3
6.4113,4.6148,2
2.0655,1.5678,3
-2.234,-0.14819,2
-0.86613,3.0259,1
-2.3555,0.35933,2
-2.7215,2.2614,3
-0.23517,2.6534,3
-0.18623,-1.2345,2
1.0793,1.7802,3
1.805,-1.5195,2
2.7754,3.3086,1
1.96,0.75832,2
0.24974,3.2499,3
-0.67849,0.11417,3
-0.23789,-4.8632,1
-2.3442,2.5038,3
-1.0493,-0.68509,1
0.28645,2.4482,3
2.8834,-0.35305,3
4.7467,3.3982,2
-0.012484,-0.72565,2
0.66907,4.9945,2
-2.2097,-1.2439,1
0.0076782,0.83475,3
6.0119,-1.6609,3
-0.44205,2.2227,1
1.1938,-2.4013,2
0.53082,-0.98324,3
2.1022,2.0287,3
-5.0167,0.21053,1
-0.32797,-0.41389,3
1.0815,1.3071,3
-4.7407,-1.6971,1
6.492,2.786,3
-0.17597,-1.5749,2
-0.38877,0.15127,2
1.2077,-0.77181,3
1.3261,0.38141,2
0.35683,2.1479,3
-0.67262,-3.0207,3
1.7637,4.7554,3
2.525,0.55515,3
-1.0792,0.25017,1
0.86204,0.87157,3
1.3564,-0.17388,3
3.1519,5.1295,3
0.14403,-1.9351,3
-4.5729,-2.6593,2
-2.1676,1.3414,3
-0.90229,3.0057,1
-4.7685,0.079908,2
1.7545,0.78697,3
-2.8128,-1.7438,2
0.80667,-0.33401,2
1.4231,-4.4518,3
-1.2739,0.28478,2
3.4239,3.8111,3
3.7646,2.5467,2
0.72518,2.0217,3
-1.2512,1.304,3
-3.5967,-1.6736,3
2.6135,-2.5007,2
-0.57566,-0.20027,1
1.1527,1.3065,3
-2.1361,-3.7867,1
-0.74492,-0.93773,3
-6.9246,-4.9827,1
1.099,-2.0627,2
-2.6529,1.0238,2
-0.90707,-3.8886,3
1.7777,0.82985,3
2.8758,1.115,2
-0.68579,-2.7154,2
5.0636,4.4194,3
3.4374,1.1532,2
0.24341,0.48391,1
1.5032,2.3277,2
-4.2082,-0.19558,1
-3.8199,1.2563,2
0.21293,0.18221,3
-1.6292,-2.3917,3
4.5101,1.6853,3
-0.23138,2.3817,1
-4.3541,-2.5113,2
3.8066,-3.0763,3
3.0389,2.8381,3
2.1787,0.523,2
-4.3381,1.5367,1
0.78952,1.3397,1
4.1149,0.67419,3
-1.9046,-0.1261,3
4.2785,0.55498,2
-4.0721,-0.067325,1
-0.7058,-2.2771,2
0.61672,0.87641,2
-2.7875,0.84107,2
1.5826,-0.87208,3
-1.0676,3.3331,3
0.68591,-2.4753,1
-1.2106,0.076618,3
0.9035,-0.13252,2
-0.11666,-3.4546,2
2.4844,-0.2643,2
-0.27297,-0.32074,2
1.1491,5.5494,3
0.19299,3.9955,3
0.87304,0.10558,3
2.3983,-2.1554,1
-0.22654,0.85749,2
-2.8967,-0.84192,1
0.05784,2.1718,3
-4.0008,2.2669,3
-2.4457,-1.0791,2
-3.2444,2.4735,3
0.77995,-1.5037,3
3.4488,1.161,3
1.1687,2.4775,3
-0.35979,-0.33821,2
-3.2102,1.6009,3
-3.3446,0.699,3
2.812,2.2348,3
-0.32768,0.73767,3
-2.9264,-2.4798,1
-3.5626,-1.6595,1
-0.72208,0.015108,1
2.9335,3.6957,3
4.3106,2.06,2
0.53289,1.8463,1
1.4021,-0.26532,3
2.4198,3.5799,3
4.2437,-2.5684,1
0.71578,2.6519,2
0.30581,-2.3698,3
3.0294,-1.2483,3
-1.3688,2.0238,3
-0.79481,-0.36589,1
2.6973,6.7739,3
-2.6302,-2.3575,1
-0.33898,0.64873,3
0.75047,-0.53359,2
-0.043061,-3.31,1
1.308,3.2047,3
-0.44475,-1.0286,1
-1.6054,-0.55347,2
-0.99841,1.3297,2
0.12766,1.0476,1
0.67986,-0.59201,1
-3.5781,-2.5413,3
2.8002,-0.61689,3
2.3629,3.3797,3
4.6236,0.90681,3
-4.5577,0.30386,1
-4.7262,-2.9721,3
3.5725,0.36287,2
-0.92879,0.79098,2
0.98306,0.18637,1
3.6189,0.016645,3
2.7907,-0.014556,3
1.4983,2.6843,3
0.47155,3.4348,3
-4.8479,-2.3663,1
0.45069,3.2062,3
1.0107,0.98572,2
-1.9992,-1.3318,3
-0.73201,-1.2725,1
0.59453,-3.6085,2
-1.0541,1.3998,1
2.1471,1.3123,3
4.8594,-2.5459,3
0.10093,5.7044,1
1.73,1.0128,3
-0.68051,-0.76827,2
0.91847,0.635,3
4.3794,3.3341,3
0.67831,-2.2454,1
0.042314,-2.6137,1
1.6246,2.3581,2
-2.0531,-1.4081,1
-3.1041,-1.4597,2
0.57396,0.076661,3
0.24914,2.1081,2
-0.49759,-2.3603,1
-1.0294,3.9272,1
-2.0709,-2.5143,1
1.648,2.3193,1
1.9784,4.9547,2
-1.6088,1.0834,3
-4.3336,-3.7203,1
0.4469,-3.4491,3
0.74624,0.90971,3
-0.88884,0.5387,1
-2.4709,-0.57585,3
2.9327,1.3576,2
0.97277,-0.99303,1
