1.9354,1.7957,3
-4.0268,-0.60797,2
-1.245,-4.2791,2
7.0356,5.0645,3
2.1188,-2.2633,1
1.272,-0.91573,2
-1.359,0.59042,1
2.95,-0.49633,2
-0.78114,-0.2081,3
4.1648,3.5683,3
-4.2321,-0.64717,2
-1.7988,3.122,3
-4.0316,-2.4019,2
0.50005,-2.2782,2
-3.1431,-0.40377,2
-3.3149,-2.6836,1
0.23883,-0.049414,2
1.1555,4.6085,3
-0.9609,0.52577,3
-4.0924,-2.3815,2
-3.0064,-3.0016,2
-3.1283,0.1624,2
2.5521,-1.9876,2
1.3672,-2.8397,2
3.3091,5.4281,2
-4.4387,0.25963,1
1.3264,0.22849,2
0.078213,-0.9092,1
-1.9714,-1.581,2
2.0873,1.4616,3
2.2408,1.0798,2
-0.019141,2.7769,2
4.1539,0.19839,3
-0.27057,1.4741,3
0.34421,-2.8068,3
3.1298,-0.77012,3
-0.088607,-2.124,2
-0.0015533,0.73963,3
0.0040467,0.62246,2
0.30917,0.57132,2
-1.8927,-4.9743,1
-1.487,1.4546,2
-3.9262,-0.66174,2
-3.9507,-3.0074,2
1.6343,5.446,3
0.53282,-0.42593,2
0.85302,2.064,2
-2.1471,-0.48138,1
0.98763,3.5668,3
-4.0912,0.13527,2
-1.8501,-1.0065,3
-2.7535,1.7433,2
0.11657,-2.8618,2
0.51233,-0.59903,2
-4.4531,-0.87183,1
1.7297,-0.16356,2
2.1478,1.8728,2
-0.94069,2.4807,2
1.3012,1.2275,1
-0.18392,0.22714,1
-0.63499,1.384,3
-2.288,-2.649,1
-0.66018,3.3432,2
0.0080654,-2.2896,2
-1.3125,1.4337,2
0.11698,-1.9648,2
-0.65502,1.7123,3
0.70115,-0.86439,3
1.4839,0.90953,2
0.91613,-2.3207,2
-1.4338,2.0633,2
-1.1531,-3.6492,2
-2.8715,2.5157,2
2.5143,-1.4358,2
3.2025,-0.89892,1
1.3019,-0.11807,2
-4.7397,1.2631,1
5.3512,-1.06,2
1.4675,-2.4252,1
0.8292,-2.1382,2
0.86767,-2.0369,2
-2.669,-0.61911,2
-1.7591,4.9919,3
3.8454,-0.70071,2
0.33443,-1.5684,2
-2.071,-0.31674,1
-3.0621,-3.5912,1
0.31394,-1.4093,2
-1.3711,-3.5099,2
-0.19083,3.1774,2
2.1447,1.2914,2
-0.68656,0.36905,2
-2.2697,0.49233,1
-0.2097,2.569,3
2.4691,0.38796,3
-1.6046,-4.0457,3
1.5413,0.52696,2
-0.075933,-1.2253,3
-0.93742,-0.72264,2
1.3053,1.2973,3
1.0801,-0.41652,2
1.8461,3.4604,3
-2.3275,-0.22422,2
-1.362,-0.27603,1
-0.1439,-2.0013,2
1.3855,1.8765,1
3.3109,-1.1045,2
0.12741,-1.5613,2
-4.3459,-5.9806,1
-0.54912,0.75963,3
3.0514,3.0343,3
2.2751,1.8742,2
2.3887,-0.71278,1
-2.7265,1.6894,2
-0.008301,-3.8128,1
0.8139,0.32435,3
4.2773,2.0388,3
1.3037,-7.7135,2
-0.012849,-1.7759,2
-0.22256,-6.3895,3
1.504,2.6912,3
-2.347,-3.4519,2
-1.2049,-1.985,2
-7.1263,-3.8683,1
-1.8266,-1.3311,3
0.16995,-2.1123,1
-1.6557,2.0125,3
-2.8361,-0.51314,2
0.47558,-0.13537,1
-0.52108,5.7384,3
-0.40885,-0.78025,2
4.8473,4.5783,2
0.087941,0.77623,2
-1.412,0.32348,3
1.2482,-1.9345,2
1.4693,-0.47822,2
1.3652,0.026089,3
-4.5475,-4.9787,1
-4.3072,-1.1544,2
-1.0232,2.0207,1
-0.088041,-1.337,1
0.89014,-1.3293,2
3.0946,5.717,3
3.6512,-1.1758,2
1.6143,1.7929,3
1.7197,1.5562,2
-4.4893,-0.32859,1
-3.6936,-0.22427,2
0.53568,-0.52487,2
-1.1193,-1.3353,2
-3.057,-1.2018,2
1.7294,4.8344,3
4.5151,2.3489,2
-0.0043618,-2.0551,3
-3.4929,2.1171,2
0.16456,3.0329,3
-4.7054,-1.7843,1
0.30145,3.0722,3
1.1371,-0.2877,2
1.9124,2.9187,3
1.5617,0.1531,3
1.2803,-2.5243,2
4.8641,0.70646,2
1.3726,1.0682,1
2.8757,-2.3475,2
2.7435,2.8247,3
-0.21202,-2.4656,2
-0.42358,-0.20744,1
2.4246,-0.25151,1
0.16634,-3.939,2
-0.47539,2.8144,3
-0.15221,-2.5548,2
-0.83779,1.2511,3
-1.1653,-1.9842,1
-1.161,1.1353,1
0.92355,-0.21383,1
-2.2447,-0.64865,1
2.6365,1.7456,2
-0.25265,-2.6083,2
-0.44423,-2.3589,1
2.4537,1.153,2
-2.7342,0.75673,1
1.8331,0.92655,1
3.538,2.3367,3
-3.2715,-4.3844,1
2.6271,2.4791,2
1.0428,1.1095,2
-5.5206,0.70776,2
0.51087,1.1039,2
0.54793,-4.6812,1
2.9573,2.3539,2
-1.0736,-5.91,1
0.086524,4.6698,2
-2.7184,-0.95197,1
-1.8126,2.2976,3
3.2549,1.337,2
-3.2592,-1.6183,1
0.15581,-0.98702,3
1.9162,0.76626,2
-1.3281,-0.97014,3
1.473,-1.0261,3
1.6664,2.1745,3
0.41423,-0.18452,2
4.015,1.7097,3
-1.8258,-2.0943,2
1.6096,-0.80464,2
1.5117,-1.6054,2
-0.28843,0.55208,3
-0.5616,1.5837,1
-1.9468,0.44908,2
0.23473,-5.3815,2
-0.20311,-0.55774,3
-4.1247,-2.2724,2
0.07146,-2.691,3
-3.3881,-2.0873,2
2.2827,-1.3957,2
5.8749,2.6059,2
-0.14759,-2.28,2
-0.53848,-2.2149,1
-0.84618,-1.3099,1
2.8981,1.6295,1
-5.7171,1.2333,1
-5.3096,-0.64578,1
0.45348,1.9242,3
0.55831,-0.57774,3
-0.092013,-1.596,3
1.4609,0.066399,3
0.88878,-1.4029,2
2.5348,-2.6296,1
0.60893,-2.3527,3
2.201,-0.48149,2
0.35517,0.094401,2
6.2159,1.0914,3
-1.3565,1.0479,3
-1.0313,-0.25527,2
1.9012,0.31642,3
-0.72765,-1.7662,2
1.7552,0.10789,2
0.1633,-2.0437,2
-1.4677,-3.1301,2
-2.4782,-4.2544,1
1.163,-3.5261,1
3.8687,0.19027,3
1.2012,2.0931,3
-0.32196,3.5094,2
-5.7431,-0.54242,2
1.7883,0.33759,2
-1.5734,0.14568,2
-5.798,-2.2864,2
-0.26664,-0.056959,2
0.3488,0.0060793,1
0.97708,4.6707,2
0.027367,1.3172,1
-0.058094,-3.8422,2
-1.8088,-2.6902,2
-2.4234,-0.88786,2
-6.6139,-1.4127,2
-0.79747,-0.49259,2
0.12788,0.62157,2
0.66053,-3.4042,1
2.0815,0.69838,2
0.57342,-1.8923,2
-0.29206,-1.7215,2
-0.83447,1.7156,1
0.39165,-5.1825,1
-3.6786,-0.63588,2
-1.5887,-1.7449,1
-6.011,-0.77585,1
-1.3528,-1.317,2
-1.0839,-1.6104,1
-2.8649,0.89041,2
0.35629,-0.57287,2
0.92062,-2.3542,3
1.1783,-2.176,2
-4.7876,-2.222,1
-0.098127,-0.68874,1
1.0867,3.598,1
0.12454,2.0485,2
-0.71154,-2.5956,2
4.5669,4.3603,2
1.254,2.9305,3
0.46494,-0.70965,3
-0.35506,1.9732,3
5.2538,2.7833,2
2.6339,0.49554,1
-0.40937,0.36234,2
2.6806,0.61475,3
3.7358,5.3999,2
2.2861,3.7044,1
-2.1125,-1.1663,3
1.8917,1.7347,2
5.8309,4.7138,3
1.659,0.29429,2
-3.9602,-1.3494,1
2.1845,-0.98857,2
0.63587,3.4694,2
-1.6113,0.98164,2
2.9633,2.7988,3
1.1345,-1.3635,2
0.21832,0.90636,1
1.316,-0.26581,2
-0.24474,6.2632,2
4.7089,4.1025,3
-0.85724,-0.17586,3
0.64937,2.8651,3
0.037281,3.8424,3
0.094278,2.626,2
2.2438,-1.9375,2
1.2745,0.16289,1
-5.0409,-0.22334,2
2.0848,3.9193,2
-2.1262,-0.84575,2
0.92297,0.075662,2
5.1698,2.6999,3
-3.1175,2.6374,2
-0.041851,1.9551,2
2.3646,2.3159,2
-2.6334,-0.074066,1
-4.1773,1.2069,2
-0.91048,-0.17891,2
0.98296,0.37433,2
-1.7676,-1.4211,2
-1.9331,-2.6746,2
-2.3981,2.2138,2
-1.2057,0.11298,2
-0.045342,1.3021,1
2.8928,3.2721,2
-3.0208,-2.4123,3
3.2873,0.72731,2
-0.87066,-3.7195,1
5.9829,3.9353,2
1.5592,-1.3521,3
1.1742,-2.0492,1
1.8407,-0.70362,3
-6.0247,-3.8469,2
-3.122,-0.63199,2
1.9398,3.0883,2
-1.7208,0.91884,2
-0.46009,-2.6984,1
-2.2854,-1.3631,1
-0.23339,1.9754,2
4.3876,0.8651,3
-2.4034,0.48395,2
3.4655,0.99837,3
-3.9531,0.091383,2
-1.0641,3.5743,2
-2.5147,0.85994,2
0.36065,2.4618,2
-0.49249,3.623,3
2.7382,3.375,3
1.9313,-0.1084,2
-2.7388,2.3492,2
0.5281,1.3571,2
-0.68386,-2.1917,2
5.1215,4.5243,3
1.0139,-1.044,2
3.7246,1.2757,3
-2.0242,-1.5354,1
1.1547,-1.3586,2
-2.1926,-2.3746,2
-2.2734,-4.1796,1
-3.2318,-3.1688,2
0.22685,2.8215,2
-0.88457,-2.5482,3
-0.74305,1.7308,3
4.5102,0.84724,3
-0.048576,0.83554,1
-2.4734,-3.0513,1
-0.26988,-0.10509,2
-0.38269,0.02502,2
1.1951,1.4032,2
-1.0408,-0.36439,3
0.2418,1.469,2
-0.44599,-0.38032,1
2.1639,1.294,2
3.9153,-0.045912,3
-1.9312,2.2736,2
4.1989,2.3159,2
3.0338,5.2067,3
3.3382,-2.3328,3
-3.7167,-1.7054,1
0.53555,3.0371,3
2.5652,0.33661,3
-2.0319,-2.7066,2
-1.9203,-0.71953,1
1.0364,-0.6771,3
-0.67284,-2.1656,1
-1.0033,-2.445,2
-1.815,3.3708,2
-4.6884,-2.1696,1
-0.17045,-3.0974,1
-1.9834,5.047,2
-2.6956,-1.8988,3
-0.3441,-1.2539,1
-1.0438,-4.7757,1
0.027102,2.3901,2
-1.1594,-0.88972,2
1.5443,-0.3419,3
0.57114,-0.54876,3
-1.7571,1.4048,2
2.5619,1.0138,3
0.42963,-0.35275,1
-0.49365,1.0066,2
-1.2632,2.7734,2
2.1501,-2.4454,1
-1.2469,2.3673,1
-0.21245,1.9564,2
-3.4703,-1.4108,2
1.6109,0.51305,3
0.96826,0.1543,3
-0.88941,-0.18514,1
1.7309,0.009114,3
0.6554,-0.44343,1
1.7566,-0.9982,2
-0.0088921,1.0344,3
1.8715,-0.13456,2
4.5331,4.4071,3
-0.62597,3.336,1
0.33889,1.4921,3
-1.1095,-3.5893,1
0.19507,0.11413,3
-1.3284,-0.5615,3
1.5319,-1.8705,1
-3.4246,-0.88652,2
-0.13979,0.24004,2
1.6752,0.67985,3
-1.1633,-2.476,1
5.4772,0.6002,3
2.0259,0.49631,2
3.9167,2.6257,3
-1.0584,0.61178,2
1.1291,2.0176,2
1.5139,0.50015,2
1.1774,1.6586,3
-2.0338,1.7101,2
-2.6423,-2.3289,1
-2.1113,1.3731,3
1.4944,1.1541,3
-2.2144,2.3728,1
-0.064713,-0.5361,3
1.6027,3.4351,2
-2.4301,-1.1077,3
-3.9242,-1.9632,1
0.50776,-1.5229,1
1.825,-0.40951,2
-0.55439,0.18269,3
2.4162,6.054,3
-1.6074,2.1729,2
0.74329,1.9526,1
1.846,1.6406,2
2.6133,3.4996,2
-1.107,-3.7118,2
5.5445,1.0792,3
-0.31454,-1.1707,2
-5.1633,-1.2871,1
-0.80078,1.5657,1
0.25569,1.2389,3
-1.997,2.9298,3
0.21874,0.53669,2
1.8229,-1.734,1
0.54201,-3.7296,2
0.64643,-0.79998,2
-2.53,-2.0261,2
-0.52935,-0.43214,2
-1.6774,-0.96332,3
-0.5717,3.3346,2
-2.6374,-4.6586,1
1.1749,-3.0415,2
-1.9008,-1.0302,2
-3.2532,-4.0417,1
-1.459,-0.34292,2
1.0389,-2.2772,2
0.49288,-4.8651,2
-0.016679,-2.8212,1
-2.5284,-1.9955,1
2.1821,1.0193,3
-0.13576,1.8287,3
-1.9491,-1.7873,2
7.1289,2.9673,3
-1.6525,1.7901,2
3.9166,0.53872,3
-3.9096,-0.16214,1
0.14234,4.6093,2
0.79978,-1.4381,2
-0.41292,-1.4265,1
-1.0204,-2.7647,2
1.1877,-1.0825,2
-0.13714,0.22796,1
3.1153,-1.7414,3
4.8832,5.588,3
-3.2005,-1.0663,1
8.3143,1.1544,3
-0.85222,0.56031,2
-2.9375,-2.5294,1
-0.056716,2.6446,2
-1.8933,3.8897,1
1.394,2.806,2
-1.6484,-0.50346,3
-2.4013,-2.846,1
1.1346,-0.0074485,3
0.62197,-2.1735,1
3.6367,1.0968,2
-1.1612,-0.080449,2
4.9925,0.2639,3
0.7457,-2.4165,1
1.6429,0.93439,2
-3.8841,-3.4253,1
0.56025,0.33945,2
-1.4486,-4.2484,1
-2.1393,0.25165,3
2.2999,0.95662,2
0.46414,2.8598,2
2.6674,2.3776,3
0.14736,2.8184,1
2.2789,2.7097,3
-3.121,-0.097272,2
-1.9834,1.253,2
-5.5546,-3.7444,1
-0.98793,-0.82715,1
-2.8073,0.69863,2
-2.7241,-0.0403,2
0.39526,-2.771,2
0.060931,1.1359,3
2.746,-0.061836,2
-2.6485,-4.0391,2
1.2568,-2.821,3
-3.8873,-3.5523,1
-3.6085,3.6965,2
-1.7133,-0.12141,1
-6.3779,1.7135,1
-0.87946,-2.9368,2
-0.68845,1.1088,1
1.3249,-3.7762,2
-0.10584,4.4348,3
-0.39866,-1.3005,2
-1.7989,-3.3779,1
3.0359,-3.7858,2
-0.82695,-3.888,1
-0.52481,-3.3224,2
-1.2179,-1.5182,2
-0.98272,0.005113,2
-0.024327,-3.12,1
1.528,-1.6443,2
-2.238,-2.2396,1
3.8354,1.1024,1
-0.72059,1.8097,2
3.0686,2.7035,2
-2.9894,4.8793,2
1.0485,-0.057809,2
-2.3329,-2.6864,2
-1.6923,-4.8177,2
2.4382,1.7081,2
-0.54083,-0.68013,2
0.7134,4.4583,3
-0.57222,-2.0267,2
0.97155,0.68346,1
1.6469,3.0079,2
0.0062001,2.5905,1
-2.996,1.6559,2
-1.0431,-1.1852,3
-2.6001,-1.6672,1
2.7604,4.145,3
2.2077,2.861,1
0.11076,1.3624,2
0.053097,-1.3322,2
-0.53805,-2.2441,1
-0.79328,-4.9344,1
-2.1502,-1.1699,2
-2.3683,-1.0861,1
0.30359,-0.64129,3
3.4126,0.24458,2
-2.385,0.38721,2
-0.22602,4.4171,2
3.655,3.5712,2
0.34405,-0.16541,2
0.17369,-0.52355,2
-0.47435,-1.7154,3
-3.7792,2.4199,2
-2.9148,-1.9212,2
-0.35559,-0.23527,3
1.9218,3.9245,2
-1.0096,0.1188,1
0.015166,-0.741,1
-2.6952,2.3492,2
-0.0084634,-3.9018,1
1.923,2.9464,2
2.7258,-2.3556,2
-1.4844,-0.7165,3
0.39455,-0.87864,3
-1.2172,-1.7103,1
2.7303,3.5786,2
-0.029751,-1.3101,1
3.9012,0.95799,3
-2.2833,-5.7235,1
0.14184,-1.9104,2
1.0313,0.18594,2
-1.43,-2.6342,2
4.15,0.42983,2
-2.0506,-0.84167,2
3.8386,0.038983,3
-4.1577,-0.00095511,2
-4.4621,1.1145,2
-1.1009,-1.9895,2
1.9424,-2.0898,2
-1.7002,-0.35547,1
-1.4975,-3.134,2
-4.8757,-1.3439,1
-1.9934,3.7065,1
-1.0029,0.79324,2
-2.6593,-0.37348,1
0.2219,2.6437,3
3.3947,0.19318,2
-2.4071,-1.3189,1
2.708,-3.2618,2
-3.8737,1.2583,3
-2.9621,-1.2808,3
0.23777,1.9997,2
3.068,0.98598,3
-1.9366,-1.0841,2
1.5243,3.8452,2
1.1951,0.98681,1
-0.86358,-0.82718,3
-1.7172,-0.25875,1
0.86512,-0.052644,2
-0.57395,-2.6986,3
4.6262,4.2185,3
-1.3402,0.68082,1
2.7968,1.0396,2
-1.6479,-2.6982,2
-3.1122,2.1778,1
2.2792,-1.294,2
-2.8746,-1.3357,1
-2.163,0.44211,1
2.5464,-0.20734,1
-3.6758,-2.9953,2
2.1505,3.3812,3
-2.3124,-3.4734,1
1.7162,0.74902,3
-1.3621,-1.8118,2
0.77786,2.7835,3
-0.39771,0.93193,3
0.49331,-0.089724,1
-3.6629,-5.9868,1
-4.1109,-5.3523,1
-2.3495,-1.6869,2
-3.8265,-1.551,1
1.4829,-0.41096,3
0.057582,-0.68486,1
-2.6097,-2.3152,1
1.9342,-1.7458,2
3.0377,-1.8389,3
0.82841,0.78602,3
1.0024,-5.7321,2
-3.3817,-2.089,1
3.0804,1.7711,3
0.55044,1.6173,3
2.6589,-3.6713,1
1.0707,-3.3491,3
-2.1991,-1.0538,2
2.0254,0.80042,2
-0.85775,3.2277,2
1.9631,0.17124,1
-3.8989,-4.3348,1
1.5109,-0.055292,2
-1.2422,3.7918,2
0.69239,0.72719,2
3.226,-2.3418,2
-3.4293,4.2956,1
-0.85216,-0.69029,3
-2.778,0.74821,2
1.1206,0.66283,1
2.3705,2.2632,3
-3.6,-1.6112,2
-2.1704,2.1028,3
5.1526,3.4136,3
-3.6624,3.7521,1
0.95078,3.1961,2
-0.38647,2.072,2
-1.1197,-2.821,2
-2.8988,0.68859,2
-0.75766,-2.9383,3
0.095238,-1.7009,2
-4.0564,-0.99073,3
-0.32163,-0.76072,3
-0.8267,-1.3009,1
-0.78712,0.11831,1
3.6495,0.038241,3
1.3594,-1.5328,1
4.1117,0.75313,3
-1.099,0.28395,3
-0.052442,-2.1785,1
-5.6344,1.3868,2
-2.3001,0.49492,2
4.0406,3.6727,2
-2.3158,-0.75529,2
-0.84287,-0.21564,3
2.7872,-1.973,3
-1.7191,0.85549,3
-2.5044,0.88681,2
3.5203,1.0898,3
-1.3619,-0.072196,2
-0.45405,-0.39356,2
-0.57884,-0.47688,1
-1.3274,2.673,2
2.2744,-0.086353,2
-3.3752,2.2926,3
-4.6641,1.0869,2
2.0614,-1.5153,1
0.4261,2.9094,2
1.6565,2.9906,3
1.6279,5.6967,3
-2.3979,1.6462,2
-0.23332,2.493,3
-3.4191,1.5908,2
-2.2896,0.4271,1
-0.64116,0.1407,1
-1.2636,-1.0899,3
0.46227,3.7928,3
1.0306,1.7335,2
-0.9055,2.5926,2
-0.71491,-2.4268,2
3.4086,-1.8799,1
-4.5387,-3.5297,2
2.2116,-2.5057,2
-3.3717,-5.2572,2
-1.1989,-4.4541,1
0.69951,0.93831,3
1.0017,0.40589,2
-3.9817,-3.6711,2
-1.6907,-0.75795,2
0.80192,1.5869,3
-1.0083,-2.9074,2
1.2031,2.8004,3
-2.6885,2.8859,3
-0.54154,-0.30066,2
-2.0921,-1.7192,1
-1.4532,2.1105,1
0.38885,1.0975,2
-1.5307,0.21691,1
2.2001,0.71944,3
4.4758,-4.3382,2
-1.5727,-0.54662,1
-0.18603,2.1466,2
-2.91,-1.1419,2
2.8096,-0.28692,3
3.9601,-1.6432,3
3.2984,-1.3718,2
4.1689,-1.405,3
-4.7958,-1.0015,1
1.0736,-1.5987,2
2.3219,1.3234,2
1.6214,1.8832,1
0.089989,2.8594,2
3.4439,-0.81413,2
-2.1716,3.5133,1
1.5922,0.34078,3
3.2885,2.5317,2
2.5665,-2.1179,2
-2.1991,0.03547,2
1.2412,-3.5584,2
-0.47757,-3.2389,1
2.9321,-0.38155,3
-0.71769,-1.2418,1
-1.6663,-2.3531,1
4.6558,-0.25026,2
1.4423,-0.8403,2
-1.5839,-0.89248,1
-0.83241,-1.1519,2
5.2966,0.7541,3
1.0984,-0.77629,2
-1.7622,4.5351,3
5.1531,3.4186,3
-2.4345,2.8026,2
-3.4545,-1.7372,2
5.7771,-0.68947,2
-2.4678,-1.4848,1
-2.1522,0.0034575,1
-0.070634,3.6818,2
-1.1537,-1.0114,1
-3.1548,-1.4491,1
2.7476,-1.65,2
-0.71551,3.169,2
-1.2646,-6.316,1
-2.784,2.0002,2
-1.8474,2.9142,2
0.71089,1.378,2
-4.1688,-1.688,2
-4.0036,1.3691,2
3.1656,4.63,1
-0.3521,-0.48003,1
0.035499,-0.88282,3
0.0068694,3.7577,3
1.4707,-3.1269,2
-0.61319,2.8375,2
-0.59146,-1.7163,2
2.2216,-2.7393,2
-1.6752,-3.325,1
3.0279,-0.94723,2
0.94657,-0.11762,1
2.1492,-0.88442,2
-2.6523,-1.9327,1
1.5718,-0.313,2
0.75868,0.99727,2
-2.6303,-2.8972,2
-1.2976,0.82487,3
-0.68547,0.24474,2
1.6019,2.6225,3
1.3807,-2.1318,2
0.25359,0.1986,2
1.4047,1.3188,3
-0.6264,2.9261,3
3.7754,0.62605,3
3.46,2.7252,2
-5.2945,-2.3273,2
1.8798,0.10439,3
3.0147,1.8562,2
6.0724,4.3434,3
-0.70062,1.8353,1
-0.99258,-2.8374,1
-0.18424,-1.0866,1
0.44437,1.0171,2
0.61074,-1.9702,3
-2.1776,-2.1049,1
2.6724,-0.31064,2
-3.6633,-1.5099,2
3.3423,3.0385,3
1.3491,1.6498,1
1.7913,0.58942,2
-5.9403,-3.8984,2
-0.30546,1.5057,1
-2.4633,-0.38644,2
3.4141,-2.7215,1
-1.3091,0.4327,1
1.2364,-1.7795,2
0.61441,-0.9253,2
-0.27083,1.7532,2
2.3075,-0.40471,2
1.4692,2.2231,3
0.20761,-1.9943,2
-0.59877,-3.5832,2
-3.077,1.4134,2
0.26898,-0.74353,2
5.4181,2.8941,3
-3.1981,2.4948,2
-0.89319,1.304,2
-1.4895,4.0938,2
-2.382,-0.41496,1
-0.039389,-0.57269,1
1.2496,1.4627,2
3.7965,1.242,3
-4.733,-0.29368,2
0.63116,-1.3776,2
-0.20739,1.6935,2
-0.69694,2.6228,2
0.79667,0.73212,1
-1.3324,-0.98118,1
-1.5244,6.3516,2
0.21843,2.3463,2
-3.9886,-2.84,1
0.50228,2.4533,2
3.8659,2.8207,3
-1.443,0.015119,2
1.4831,0.51438,3
0.63986,3.9969,2
-1.837,-0.43721,2
0.17206,-0.81814,2
-2.0041,-1.2958,2
-1.3614,0.86657,2
-4.4239,-0.45653,1
0.385,-0.022619,3
-0.26986,1.647,3
1.9056,-1.1449,3
-2.0267,-3.4541,2
-2.5225,3.7896,1
0.62364,-2.1452,3
-2.5063,0.04368,2
1.049,-1.4172,2
-0.94355,1.0275,2
-2.9812,2.0539,2
2.092,1.0342,2
3.4522,3.098,3
-3.8923,-4.241,2
-2.9457,-5.2423,2
-1.2311,-1.0673,2
3.5391,-2.1656,3
-1.0061,1.5113,1
3.7047,-0.024207,3
1.9606,0.86012,3
-1.1306,1.8489,2
-2.6336,1.8909,3
-0.38935,0.010584,3
0.21252,-1.7118,1
-0.35614,4.4994,2
-1.5369,-1.7305,3
0.50206,-0.4789,1
-0.56694,0.62998,2
-0.14314,0.27263,2
-2.2254,-0.10784,1
1.1704,4.6812,3
-0.30864,3.1077,3
1.9468,2.3339,2
0.54688,-0.12165,1
0.85273,3.8097,2
-2.3838,0.79738,2
-1.4617,1.9026,3
-1.0428,2.8268,3
1.8427,-2.174,3
3.8454,-0.13849,2
1.0937,-1.9912,3
1.9753,2.8967,3
1.8834,2.3773,3
-3.9689,-1.3146,2
2.8538,0.91272,2
-0.48078,-1.0255,2
-2.6267,-2.7978,2
-3.1144,-5.8743,1
0.37415,1.2058,2
-0.69745,2.9657,2
0.70433,0.41583,2
-3.8316,-0.0052899,2
-2.1941,-7.3983,1
-1.8165,-4.1281,1
0.036697,1.291,2
3.8608,0.86832,3
2.0737,5.9814,2
1.3469,0.58399,3
1.4276,4.1414,2
-3.3802,-1.1953,2
-0.38441,4.7051,2
1.868,2.023,2
-1.4021,-0.05723,2
0.9689,1.5885,2
-1.1918,2.2442,2
1.6235,2.6771,1
-0.15049,-2.3331,2
-0.45356,-2.3864,2
-1.0536,-3.1654,1
0.25293,0.0078627,3
-2.774,0.44065,1
-0.31642,-1.6377,2
2.2358,2.6776,3
2.8217,-2.0437,2
3.1253,0.080758,2
-0.68342,-0.55533,2
1.6891,-0.22643,2
-0.62281,-5.5256,2
-1.0877,-4.6631,2
-2.699,-6.2931,1
7.0373,3.7905,3
0.23917,-1.7524,2
-1.4603,3.3037,2
-1.4516,0.50316,2
4.3231,3.8591,3
-5.1077,-3.1843,1
2.3973,1.2876,3
-1.2956,0.35124,2
3.5304,-2.6365,1
1.6402,2.2414,1
2.5074,0.19884,1
-2.589,2.3518,2
0.00096572,-1.5977,2
-2.9874,-1.5973,1
-1.1283,1.1995,1
-0.079636,-4.117,1
-1.1995,1.1065,2
1.193,-3.0834,2
-1.3762,-4.0292,2
1.1174,0.65184,3
0.19147,0.25177,2
1.5579,1.6409,2
-0.66842,-1.072,2
-2.2649,-0.95033,2
-1.2736,-1.6854,1
-2.8979,-4.6683,1
-0.92296,-1.7887,1
-3.0597,3.8334,2
-0.47041,-1.9906,3
-1.3584,2.5155,1
2.2375,-0.1928,1
0.38192,1.5695,1
0.65876,0.96414,1
3.1663,1.9383,2
-1.2831,2.1315,2
-2.6456,-0.05969,2
-0.030298,-1.1264,1
0.2699,0.60137,1
0.64461,4.4479,2
2.9885,-0.19674,3
-1.869,-3.275,1
-1.4775,0.92959,2
-2.6626,1.2484,2
-4.9487,0.69312,2
0.88308,-1.9986,1
0.71111,3.6097,3
-1.1496,1.0118,2
0.74657,1.5146,1
-0.17557,-2.7579,2
-0.91497,3.9961,3
-1.0538,-0.36158,2
1.9376,-5.308,2
3.5418,1.0609,1
-1.1678,0.9482,1
-0.28571,2.8107,2
-1.3805,1.7672,1
2.3889,-1.6092,3
-2.3088,3.455,2
1.9496,2.2684,2
4.619,-0.75286,2
4.3853,2.9179,3
0.6695,-3.1845,2
1.9291,2.7964,2
0.18459,-1.7409,2
-1.5857,-1.4721,2
2.6043,-0.80453,3
0.75137,-0.64012,2
2.6582,0.53103,2
-0.58871,-1.0623,1
2.0665,-0.059646,2
1.4334,0.34239,2
-4.9104,-0.7594,2
-0.69229,-0.71308,3
1.7711,1.0187,2
1.7122,1.2467,2
3.1074,-3.5031,3
0.27162,0.2811,1
-0.9978,0.88464,2
-2.5714,-2.2529,2
-0.94964,-1.9468,2
-2.5597,-4.3638,1
-3.6767,-1.6234,3
-0.67502,6.044,2
1.7645,2.8713,1
1.2927,2.063,2
-4.3519,-1.4475,1
-2.5928,-2.9737,2
-0.57984,-1.9975,3
0.018953,2.4798,2
-0.81352,3.8065,3
7.1838,1.2308,3
0.24269,0.70462,1
3.2229,2.8133,2
-2.0208,-2.2388,1
-0.99771,-4.2042,2
2.2043,3.055,3
-1.1437,-3.1702,2
-4.6987,-2.0699,1
1.2767,-0.14738,2
0.33213,-1.2251,2
1.2205,-2.6485,1
3.0977,3.7819,3
3.3575,-2.4182,3
0.69339,0.31177,2
-1.3828,-0.65197,1
0.51537,4.1436,3
-1.1852,-1.0965,3
1.744,1.2742,3
0.42632,1.9223,2
3.2137,1.6136,3
0.81631,1.632,3
2.3789,-1.2174,2
1.5074,0.74015,1
-3.2061,-0.67487,2
-2.1903,1.384,1
1.8699,1.1229,2
-0.33943,-0.33527,2
-3.0345,-4.0575,2
0.56297,-2.7829,1
-3.6318,-1.0347,1
-0.34488,-1.167,2
0.84927,-3.0985,1
-0.91485,-1.113,2
-1.7899,2.0917,3
3.4606,-2.7777,2
3.4173,2.0626,3
2.0836,2.0726,2
1.0603,-0.97956,1
-1.2545,-0.37453,2
-0.93756,-3.8349,1
-0.45777,0.35689,3
-3.6208,-5.1427,2
-0.94808,1.6609,3
-0.36913,-0.43283,1
1.1922,1.4617,2
-1.2873,0.90928,2
-1.8835,3.4651,2
0.21394,2.8149,3
0.19511,-1.7572,2
-1.7138,0.96326,1
-7.5185,-2.3065,1
-0.26177,1.6838,2
2.2533,-0.58648,2
-1.1585,-2.3461,2
1.4069,-1.4037,3
3.4015,1.4973,2
2.7782,1.8559,2
4.1839,2.7402,2
1.2294,3.1492,3
0.77156,3.7521,2
0.26169,-1.885,1
-1.4604,3.0203,3
-0.73408,4.1053,2
-3.4526,-2.361,1
-3.5596,-0.76422,2
-3.5044,-1.2492,2
0.066722,2.0315,3
2.7033,2.0154,3
-0.059632,-1.079,1
0.67439,-0.77314,2
-2.2776,-1.8056,1
4.5053,-1.0076,3
0.19115,1.0228,3
-1.1917,-3.1609,1
1.3897,0.51759,3
-1.721,-1.4726,1
1.7678,2.4771,3
-0.055763,1.3005,2
-0.12109,2.0516,2
-3.0196,-0.084388,1
0.18994,1.1001,3
-2.3282,-2.2722,1
-0.68997,0.71087,2
-3.392,-1.0489,1
1.5895,1.6668,3
0.5286,-1.4897,3
1.1017,-2.4602,3
-3.5446,-0.76384,2
1.007,3.7614,3
-4.8229,-1.4267,1
-2.2417,0.22252,2
-0.29607,-1.1859,1
1.0826,0.46903,2
-1.658,2.2228,2
-2.1675,1.0436,3
1.0503,-1.4309,2
-0.089835,-3.1463,1
-2.3475,-0.86581,2
-2.1023,-1.2717,2
1.3506,-0.3202,2
0.24724,0.94742,1
-1.5975,0.02662,1
-0.47274,2.3368,3
1.5323,2.2064,2
-1.6575,-0.37474,1
0.48919,-0.60905,2
1.9315,-3.3515,3
0.21335,0.14061,3
2.1897,2.1593,1
2.376,-1.9595,2
-2.2979,-4.1321,2
-0.65394,-1.5798,1
2.8392,2.2456,3
-1.5055,-1.8143,2
-2.5061,1.4999,2
2.0812,-1.293,3
-3.6769,-0.38996,1
3.1929,2.7979,1
3.4316,3.0067,2
-2.653,-1.4746,2
0.31082,0.82156,2
-3.1571,-1.3405,3
-0.14661,1.5952,1
-1.0681,-3.8531,1
1.8118,1.331,2
2.8712,2.9129,3
0.23838,1.2512,1
1.8471,0.33082,3
-0.92094,-0.28615,2
-0.12843,-2.2219,2
1.2964,-0.9713,2
0.59902,-4.5814,1
-0.42539,-0.93017,2
0.88574,3.5884,2
-5.3218,-0.78509,1
2.6489,-1.7519,3
3.1659,0.85348,3
-0.091752,0.066501,2
0.68262,-0.99248,2
-0.68506,-2.0285,2
2.419,2.2936,1
0.26216,1.5948,2
0.53678,0.328,2
1.5265,-3.0486,3
3.0114,2.74,2
-2.9556,1.25,2
2.4748,0.42877,3
2.8921,5.1454,2
-0.015568,0.7723,3
2.8323,4.3882,3
1.4453,-0.41972,2
-3.392,2.7319,1
-0.033655,-2.1204,3
1.0331,0.97041,2
-1.3305,-1.5704,3
-0.31463,-0.026998,2
0.82445,1.0516,2
3.1837,1.4203,2
0.046925,0.73663,2
-2.6742,-0.86872,2
-3.3749,-0.90266,2
-2.7536,0.34088,2
-5.3154,-2.4675,1
0.71376,2.0202,2
5.3317,-1.7689,2
0.40913,0.45103,2
1.6109,2.3163,2
-1.2939,-3.8954,1
2.9842,-2.0904,2
-1.323,1.404,1
-0.62861,-0.34027,2
3.4525,3.8609,2
1.6782,2.5385,2
1.1253,-1.9443,2
0.13338,3.0431,1
-4.0051,2.2411,1
1.9103,1.0052,3
-2.7945,-2.0252,1
0.40462,1.1693,2
4.3926,3.3243,3
-0.19322,1.6528,3
-0.90948,-1.2843,2
-4.9602,1.9308,2
1.9943,-1.5191,3
-0.47089,-2.754,2
-0.16669,-2.6574,1
3.7091,-2.2172,3
-0.47838,0.5115,1
3.5611,1.4725,2
3.4308,0.85736,3
-1.3213,-1.5351,2
1.9566,-2.2627,1
0.75679,1.201,2
-2.229,-0.42211,1
1.5639,-3.1691,1
0.43319,1.1892,2
1.6032,6.4531,2
-3.7055,3.2143,3
-0.9009,-0.14634,2
0.63554,-1.3983,2
2.425,0.88245,3
2.8894,2.0164,3
1.3317,1.1208,2
-2.2426,3.6182,2
2.4529,2.9977,2
-0.59867,2.3948,1
1.1295,-0.92527,2
-0.076644,1.7999,2
2.3797,1.3874,3
1.9078,3.7465,2
-0.6197,-3.1126,2
1.9856,-0.10076,2
1.9133,0.012414,1
2.4475,2.3576,2
-0.37628,-0.052436,2
-0.67894,1.4658,2
-0.22851,1.4203,1
-0.20973,2.7005,2
2.8104,-2.6447,2
-0.19708,-2.9995,1
0.74636,-0.77442,2
1.612,0.56918,3
0.61644,2.9403,3
-1.1873,-0.77713,1
0.37629,-0.55081,3
-1.2186,-0.050755,2
-1.3401,-1.2001,2
3.1403,4.326,3
-1.607,1.3004,2
-0.085861,4.0572,3
1.4155,-1.4533,2
0.92972,-3.9976,3
0.21689,-1.1702,1
-0.30824,-1.6225,3
2.0515,-0.0043884,3
0.38421,-3.7694,3
0.36408,-1.8334,1
-1.2013,-3.1283,1
-3.4894,3.9707,1
-0.51205,0.38333,2
2.3461,3.0015,2
2.8177,-1.8422,2
0.19551,-2.5869,2
1.0312,-2.9117,1
-4.6928,0.54812,1
-4.7278,-0.46045,1
3.0547,0.6375,2
0.97631,0.45333,2
2.756,1.0362,2
-0.62106,-1.6652,3
1.3822,0.40942,1
-2.2788,-0.60927,2
-1.653,1.8006,3
-0.68425,-4.9474,1
-2.2967,3.4508,2
0.50786,-4.799,2
-2.6067,-3.3899,1
-0.23731,0.94586,2
1.7519,3.4504,2
-1.4416,-1.3572,2
-0.59265,-1.9756,1
2.3505,1.5882,3
2.1804,-0.16528,2
1.8747,1.4699,3
-0.56463,-3.5173,2
-0.35082,-1.8686,2
-4.5099,2.3992,2
-2.3606,0.429,3
-1.3544,0.8024,1
-2.6842,1.5386,1
-0.76444,-0.4929,2
3.5927,-4.0846,3
1.5942,-0.88704,2
1.9435,-0.99756,2
-1.2786,0.8991,2
-1.1781,1.7936,1
0.92835,4.4439,2
-2.3439,0.10661,1
-0.28145,1.2664,2
-2.0356,2.0592,2
-1.5707,0.54689,2
1.0788,1.6217,3
0.16279,-0.35198,2
1.6146,1.9927,2
-2.6243,0.49446,2
2.919,1.1728,1
0.81206,2.6967,2
-1.6984,-0.12367,1
1.8847,-1.2618,2
-0.12013,-0.89041,2
1.5706,-0.93251,3
2.3771,1.6979,1
3.0138,-2.033,1
3.2112,-2.0365,3
-1.599,-0.49308,2
1.6594,-4.4798,3
-3.3608,-3.0369,2
2.0587,-1.0156,1
1.8746,-2.761,1
-2.6343,-5.905,1
-1.6161,-2.3025,3
-0.4105,4.7564,3
1.768,0.25877,3
0.17519,0.67748,3
-2.5502,0.60747,1
-0.73426,-3.4621,1
-0.78343,-7.5011,1
0.44939,1.733,2
1.2103,-0.82189,2
1.2377,5.4889,3
1.703,4.7597,3
-0.55293,1.0668,2
1.0715,1.9753,1
-3.8599,-5.7177,1
0.58889,-0.9536,1
-2.064,2.6591,2
4.8283,3.4481,3
2.7381,-1.3401,3
2.0917,-0.44954,1
-0.54833,1.9567,2
-0.94878,-1.9839,2
-2.0696,-0.6375,1
-1.3551,-2.5972,3
-1.8189,-2.9584,1
2.145,-0.35477,3
-0.39211,-0.25486,2
1.7106,0.17138,3
2.4009,1.2171,2
-2.0372,1.756,2
-2.5408,0.99306,2
1.3999,0.14085,3
-4.6257,1.2425,2
0.00095195,1.2457,3
-1.7099,-1.1442,1
-1.1674,0.7857,1
-1.3267,-0.038981,2
-3.3024,0.47718,2
-6.5822,-1.4907,1
1.8768,-5.3174,1
-4.041,0.11027,1
-2.4966,0.5576,3
1.8229,-0.28344,2
-0.72954,-3.3128,2
-3.1713,-2.1479,2
-1.9922,4.1837,2
-0.86792,1.1339,2
-1.082,-1.8446,1
-0.82725,-2.3794,1
1.0772,1.6217,2
1.3393,0.58347,3
-1.6399,-3.8629,2
4.3905,2.386,3
-2.5743,-1.6939,2
0.53513,0.4385,3
1.6361,-2.493,3
2.0547,1.7524,2
0.54033,-1.2653,3
4.3746,3.748,2
-1.2719,-3.6908,1
-0.65528,-1.9444,2
-1.5329,-1.4503,1
0.33239,-3.7685,1
2.1815,-2.554,1
4.0826,0.861,3
1.4217,2.8788,2
1.1784,-1.7884,1
5.2757,-3.1447,2
-2.3543,-1.6245,2
0.7197,1.4822,2
-3.059,2.1204,2
-1.3428,2.4896,2
-3.4516,-3.2729,1
4.1666,2.4919,3
0.14229,-0.40071,1
-1.0789,-0.1298,3
1.6293,-0.75189,2
-3.2121,-3.4514,1
4.4499,-0.44995,3
-7.5678,-1.2579,2
1.7219,2.5189,2
-1.4136,-1.9312,1
-2.8499,-0.88066,3
-2.5938,-1.225,2
0.41888,-0.77577,1
-2.4608,-0.4551,1
1.4415,1.7723,1
1.7209,3.7149,3
1.3677,2.9281,2
-1.1128,0.96649,3
-1.6826,-2.0962,1
1.318,-2.5506,2
-0.86252,-0.46387,3
-3.6042,-0.75866,2
1.0023,1.8476,2
1.1078,1.9621,2
-0.15939,-0.77014,2
-1.2913,-5.0724,1
-0.77154,0.95534,2
3.12,6.054,3
2.1272,-0.82359,2
3.2274,2.5212,2
3.4469,0.69722,2
1.59,3.1741,3
-3.072,-1.2734,1
-2.7895,-4.0539,1
0.60257,1.3718,2
1.9818,0.98388,1
-0.87813,-1.1496,1
-1.2776,0.58261,3
-4.0603,-4.072,2
-2.3929,-0.55296,1
4.0302,0.24829,3
-3.2854,0.79736,1
-2.8736,1.5892,2
0.7781,-0.53583,3
1.4755,-1.06,1
3.8835,2.7226,3
-1.6707,2.1714,1
-0.91958,3.7342,3
-0.68563,1.4831,2
0.039861,1.0203,2
-1.6109,1.0481,1
2.2312,1.3839,2
-0.62166,-5.0302,1
0.59706,-5.011,2
1.4576,2.432,1
1.3351,2.7359,2
0.73998,-0.28679,1
-4.0707,-2.2265,2
-2.2427,-3.338,2
3.6607,0.71829,2
-1.116,-3.1639,1
-0.87577,4.653,2
-0.66271,2.7988,2
3.2426,1.0344,2
-1.2006,3.718,1
6.3102,2.8877,3
-1.0311,4.4779,1
3.5214,1.9742,3
1.8099,1.4682,1
5.8631,1.7633,3
0.17617,-4.5674,2
0.72607,2.2744,2
-0.26094,0.32725,1
-4.4305,1.7788,2
-0.18595,4.4813,2
-2.0441,-2.2572,1
-1.5606,3.0959,3
-2.3494,-0.25616,2
-0.0088471,-0.19733,2
3.5998,0.31733,3
-0.58193,0.58096,2
0.20177,3.2673,2
-3.3972,-1.9299,1
1.8654,0.50641,2
1.1333,1.563,2
0.36913,0.1551,2
-2.5975,-1.5948,1
1.3453,-0.023036,2
-0.18104,1.6572,2
0.37683,-2.1176,2
2.9628,-1.5654,2
-2.0874,-0.80519,2
-2.2513,-0.87165,2
0.96069,1.3093,3
1.5668,-4.6136,2
4.0901,0.010941,3
0.16845,4.1511,3
2.4091,2.1956,2
5.0072,0.052494,3
-1.0076,-1.8349,1
4.1695,3.8403,3
4.347,3.698,2
-2.7853,2.1042,1
-3.7724,-2.867,2
1.7406,0.80632,1
-1.585,1.636,3
1.3247,4.3624,3
-3.891,-0.54152,1
1.2337,0.039571,2
-3.0449,1.573,2
-1.9146,-1.0657,2
-0.67686,-1.9222,2
-1.6301,1.1518,2
1.6459,1.4362,3
2.1341,-2.3408,3
0.089185,0.5713,1
1.6343,1.6258,3
1.223,-2.5818,1
-0.52662,0.65191,2
3.2104,1.4356,1
2.7591,2.4083,3
0.74873,-4.4425,2
-2.2061,-1.1374,1
0.58877,1.3145,2
0.77858,2.3654,3
-1.5978,1.506,2
1.7092,1.3266,1
-1.1453,1.3016,2
0.18736,-2.3992,2
3.563,0.72693,3
0.64323,0.77901,3
1.2091,0.2853,2
1.354,-2.1417,2
2.6663,-0.3115,3
2.9197,4.2357,2
1.8841,2.4661,3
1.0485,-3.5394,1
-0.084412,1.789,3
-2.0042,1.9965,2
-1.4564,-3.8698,1
-5.8581,-3.5244,1
-1.1611,-0.6169,1
0.85812,-2.1643,3
1.609,0.75643,2
-2.4398,-2.6836,2
0.52436,5.869,2
-3.4485,-0.72421,1
3.4056,0.080847,2
-0.9087,-0.59248,1
1.6054,-0.82731,3
-1.3354,-2.1017,1
-1.287,-1.5287,1
1.6358,-4.4803,3
3.349,5.3396,2
-1.1868,-1.4656,2
1.4809,-0.49398,3
-3.6086,-2.864,2
2.1404,2.4372,3
-0.69336,-2.168,1
-3.2485,-1.1751,2
-1.443,-4.1608,2
1.7739,-1.6747,2
-1.7287,-1.2967,3
-0.28284,-0.39811,3
-0.20673,0.92429,2
-1.1459,-1.8964,1
-1.8497,1.0311,3
-2.8,-2.6133,2
1.8871,2.6441,1
0.64698,1.3599,2
-0.64931,1.8676,2
0.40512,-0.12901,2
-4.3653,1.0573,2
0.16164,1.6029,2
0.55741,-2.5634,3
1.6879,-0.63076,2
-1.6555,0.42034,2
0.033341,-1.3538,2
-4.5481,0.83293,2
1.5464,-1.7514,2
1.8052,-0.34456,2
5.7492,3.9901,3
0.53092,3.8304,1
2.2542,5.0106,3
5.7927,6.7048,3
-4.2111,0.30262,1
-1.3459,-3.8552,1
0.83525,-0.96474,1
-0.2033,-0.57053,1
-1.3994,3.3706,3
0.15701,0.30765,2
3.4103,2.8041,2
2.6153,0.71034,2
-1.6574,-0.21809,2
-2.0724,-4.2711,1
-1.4659,3.3706,2
-1.0845,-0.42243,2
-1.6344,-0.74241,2
-2.0362,-1.9303,2
1.8559,-0.82014,2
2.7274,1.6265,1
1.3749,4.2252,3
-2.6963,0.42217,2
-0.61348,1.7167,2
-1.1678,-2.6882,1
1.3525,-1.0032,1
1.383,5.6582,3
1.0054,-0.064684,2
-2.3821,2.0489,2
-0.74171,-0.064043,1
3.902,1.864,3
1.3038,0.5628,1
-2.4066,4.0592,3
-0.44322,-3.85,1
0.011564,3.9708,2
-2.9465,-1.7909,2
-2.4132,-0.26257,2
-5.3222,-2.2537,2
-1.2478,-0.60641,3
-4.0309,-5.8439,1
-1.259,-2.8167,3
-2.4926,1.3055,1
-2.3087,2.124,3
1.7238,-2.4888,2
-1.1941,2.7332,2
0.1978,-2.4305,1
-0.75947,2.4936,1
-0.41514,1.1038,2
1.6531,-0.072115,1
1.1236,0.95677,1
1.9451,-1.5225,2
-2.5063,-5.3453,1
-0.84109,-0.55328,2
-6.5186,-1.0951,1
2.2222,1.9319,2
-1.8377,-4.5518,1
-5.3551,0.78282,1
-0.42829,-2.8474,3
0.4931,-0.40779,2
-0.88192,3.6697,2
1.3463,-4.2787,3
-0.71414,-0.54108,2
-2.5752,-1.4337,1
4.4716,4.7314,3
4.9528,-1.4442,1
-1.4919,-1.1803,2
0.19837,4.2169,2
-2.011,0.19581,3
3.5438,-0.95783,3
-0.29303,0.80641,3
1.3818,-3.7252,1
1.2222,-1.975,3
-0.29137,1.0872,2
2.0951,-0.84012,3
2.3739,2.7007,2
-0.49202,1.3552,2
0.60992,6.4896,2
1.8925,-2.3096,3
3.0876,0.74974,3
0.24499,-0.81071,2
-2.5587,-2.9686,1
0.57412,0.77965,2
-0.30348,1.3311,2
-1.1072,-3.5713,1
4.6677,2.4282,3
3.6223,2.6354,2
2.9521,-2.1215,1
-0.63145,-6.5844,1
2.1491,-1.9401,2
-2.7228,-3.3687,2
3.2174,-0.48499,3
-4.8347,-0.22824,2
0.67324,1.0447,3
-0.008412,3.6312,2
3.3025,-2.6527,2
0.18399,-2.4402,1
0.17377,-0.39272,2
-0.57349,-3.5684,2
-4.3443,-1.0877,2
-5.0092,1.8251,2
0.47226,3.2777,3
-2.2839,2.1636,2
-2.7145,-0.74477,2
-1.6702,-0.80937,2
1.9972,4.7739,3
-0.91833,0.24559,3
-0.22802,-0.27154,2
-0.22175,-0.27785,2
1.031,-0.29049,2
-0.61061,-1.2562,2
1.3359,1.2663,2
0.26638,-1.0014,2
-0.92679,1.3741,2
3.7566,-3.0879,2
-3.2196,-1.1091,1
-4.9162,2.9774,3
-0.49997,1.3667,1
-3.8228,1.8212,2
-1.3661,-0.24567,1
-0.080261,5.8252,1
-0.78672,-0.0083754,2
0.53724,-3.6103,2
-2.885,2.1076,2
-2.3272,4.0423,3
-2.5937,1.8804,1
0.42293,5.9264,2
-0.27012,-0.88227,2
-0.48136,-1.7594,3
-1.5046,2.0532,2
3.0401,2.15,3
-1.8815,-0.72483,3
1.2072,0.807,3
-1.0412,-0.25118,2
-2.3303,-2.0344,1
3.054,-1.2358,2
-2.3502,-3.9614,2
1.536,-1.2149,2
-3.0635,1.3295,1
4.2347,2.16,2
0.10642,0.37027,3
-2.5844,-4.4247,1
6.7474,0.23978,2
-2.9607,3.3967,1
-3.2446,-0.84442,3
-1.365,-1.834,2
0.65841,0.38064,2
2.5221,-0.73325,3
0.036403,2.9292,3
-0.02714,-5.2392,1
0.12656,0.81259,3
-5.8156,-0.12896,2
-2.5145,-1.8569,2
-2.1199,-1.4328,1
4.669,-1.8087,2
-3.9892,-1.1162,1
1.3592,5.1674,3
-3.3212,3.0774,2
-0.72975,4.2131,3
-2.6656,-1.0125,1
0.97565,-1.3113,3
1.8165,0.18404,2
-2.2675,-2.4446,1
-2.0754,2.2609,1
1.6528,2.4872,3
6.3613,0.2923,2
-2.8617,-0.36333,2
0.9089,1.6742,3
-1.487,-0.21982,1
-0.21337,0.049027,1
-0.24074,1.4281,3
-4.3847,0.32916,1
1.1943,0.49203,2
-1.3984,2.7738,2
0.030741,0.4371,3
0.26122,-2.0564,3
-2.0269,-2.9843,1
3.8469,-1.3269,3
-2.1264,3.8474,2
-3.1495,-1.6301,1
-2.1446,-4.4317,1
3.0617,2.1289,2
-0.87513,4.2012,3
-2.0614,2.0013,3
-1.2829,4.1613,3
2.9572,1.4471,3
-3.8345,-1.4782,1
4.3321,-0.88962,2
-0.39391,-0.89048,2
-0.68738,2.0734,3
-0.16081,-4.6388,2
-2.8927,0.19624,2
3.0439,2.1185,3
0.37452,-3.5677,3
-1.307,3.3477,2
5.0665,1.9301,1
0.14651,4.1655,2
0.57941,1.5596,2
-1.5997,0.9699,3
1.8313,2.7587,3
0.15471,-0.67848,2
-2.0983,-2.9045,1
-4.086,-0.78265,2
-0.70676,3.0345,3
-2.9284,-3.8156,2
-0.037043,-3.9263,2
1.1281,3.4803,2
-3.4198,1.2843,1
3.9436,3.0577,2
-0.56501,-0.20261,2
-1.7876,-0.29667,2
-2.0752,-1.5665,1
-0.77611,-3.0182,1
-3.0256,-0.26019,1
2.1801,0.45526,2
0.3336,1.1735,2
2.6646,5.6211,1
-4.1034,-2.3278,1
-2.4549,1.3463,2
-0.70022,-0.00057105,1
1.1974,-2.3238,2
-4.8972,-0.56366,1
1.0497,-0.98908,2
-0.15146,1.7291,1
-0.69704,-1.1044,2
-2.1272,-2.8165,2
-1.3271,0.5156,2
-0.10439,1.6476,1
1.9171,1.3042,1
1.5984,-0.32877,2
2.3896,1.9756,2
1.1477,4.5644,3
-2.0449,0.80112,3
0.91297,-1.029,3
-1.4052,1.3573,1
1.4049,3.705,1
0.40718,5.7592,3
-3.4137,2.4738,2
2.2318,1.8122,2
-1.5726,2.3259,2
-3.5492,-1.0957,1
1.3191,0.44235,2
1.8906,-4.545,2
2.5379,4.1686,3
-2.6452,0.10442,2
-0.8148,0.89793,3
-2.7947,0.74789,2
-2.6497,-0.048283,1
-1.5647,0.90274,2
2.591,1.5628,2
-0.67499,1.1842,3
4.4346,1.0641,2
0.26746,4.9377,1
-3.3546,0.53632,1
2.6692,-1.2323,3
-0.062688,-3.5916,2
-0.52012,-2.4194,2
-1.3489,1.949,2
0.71981,2.7949,1
1.6907,2.1616,3
0.58174,0.29468,2
-2.6326,-0.44871,2
0.2686,-0.38414,1
7.2167,2.9769,3
3.2244,2.9828,2
-2.0687,-1.6725,1
2.6352,2.0817,3
1.2889,5.9807,3
4.5991,0.95829,2
5.3659,1.4356,3
-0.3941,1.0839,3
-0.15169,-1.2588,2
-2.1659,-1.8974,1
-0.36149,-3.1673,1
5.2954,1.3662,3
-0.88908,-2.6296,2
0.083657,2.9049,3
-0.085259,2.8309,2
-2.0329,-1.8987,2
0.12649,-0.64875,2
-3.9739,-4.4996,1
-1.437,0.05757,2
-0.80665,-2.3932,2
-2.4059,-0.60983,3
3.2982,-3.7259,1
2.4549,2.4652,1
-0.88931,3.102,1
-0.38936,1.3961,3
-1.5142,3.6435,2
-0.31879,-2.8966,1
-0.48955,-1.3529,1
-0.35337,1.7083,3
-2.8277,-1.7503,1
-2.4404,1.0895,3
0.58309,3.1577,2
-0.42647,1.1162,2
-1.2117,-2.4745,1
-0.66559,2.627,2
-0.079407,-3.4614,2
2.0166,1.8032,2
0.41571,-1.5118,2
-0.86873,-1.3589,2
2.0229,0.63789,2
-3.6389,-3.1341,1
-0.03841,-3.8467,1
-0.63841,-0.89229,2
-1.5723,-2.3374,1
-1.673,-0.29621,1
0.9844,2.4843,2
6.448,1.1785,3
0.46105,-1.1164,2
1.7909,-2.0258,2
3.3138,0.9922,2
-3.2154,-1.1257,1
3.9951,4.0439,1
-3.9297,-5.2239,2
0.021628,-1.4307,2
-0.91191,1.4741,2
0.28224,1.0787,1
0.023899,3.5332,2
2.2628,-0.13953,1
-0.16299,0.31701,1
3.3205,1.3307,3
-0.25831,-0.034144,1
1.3477,0.053028,2
0.61858,-0.70083,3
-3.1543,0.41238,3
-0.4003,-5.5448,2
2.5329,4.6447,2
1.9278,3.4762,3
1.5993,1.7475,2
-2.2954,1.1796,2
-0.23683,-0.34511,1
-1.039,1.1849,2
3.1664,-0.023444,2
1.6834,0.065,2
2.3475,1.6597,3
0.66253,2.5091,2
1.6962,-0.72946,3
-0.9548,-1.9267,2
1.1414,-1.0186,3
-1.4368,0.75648,2
-3.4395,1.8902,1
-0.4203,-2.3302,2
-0.065378,-4.1402,1
0.85391,-1.2937,2
-1.6933,-2.7668,2
3.6102,3.2872,3
-2.5422,0.82012,2
1.0476,0.79928,2
-2.4803,0.81674,2
-1.6643,-0.042621,1
2.6696,-2.4465,2
-5.265,-1.6977,1
-0.31557,-2.7178,1
0.51572,4.062,2
3.0324,0.38161,2
1.5792,-4.1529,2
-0.98784,-2.9873,2
-1.8662,-1.148,3
0.033763,-3.3285,1
2.0513,-0.70071,3
-1.246,1.0579,1
-0.25588,2.1911,2
-6.7665,-0.80968,2
1.9455,2.6567,3
-2.2145,0.21249,1
-1.7331,-0.82176,1
-0.062349,0.90735,2
-1.9047,-0.79923,3
-0.79192,-0.88993,1
-4.125,0.34853,2
0.90801,-2.124,3
1.3299,-1.7552,2
-1.7651,-0.7369,2
2.2441,-0.61075,1
1.0552,1.0233,3
1.3962,0.4286,2
-0.28803,1.9644,2
-5.2398,1.3106,2
2.2841,4.2827,1
-1.2655,-4.2374,1
-1.9149,2.2805,3
3.4172,0.14718,3
-1.803,-0.36082,2
-0.098206,0.38143,3
-0.68981,-1.3877,1
0.64191,-2.0275,2
0.56955,-0.19553,2
0.68373,1.6881,3
3.2558,1.4445,1
-3.1239,-0.13506,1
0.75785,-1.6611,2
-1.6616,0.96302,1
2.5088,1.3398,1
1.1872,5.0488,1
0.56692,-0.72049,2
-0.093571,1.5169,2
-0.54461,-0.053077,2
0.64725,-1.2891,2
0.97375,-0.052112,2
-0.72561,-2.0399,1
0.82823,-1.2891,2
-0.42256,-2.6234,1
0.61068,1.3803,2
-5.3834,-3.082,1
-1.6227,-5.2556,3
2.4337,0.77807,2
-1.4719,-6.1907,3
0.048808,0.96467,3
-4.4762,-2.0179,1
0.14188,3.3823,2
4.0394,5.3871,3
-1.1406,-5.1717,1
-4.1606,-2.4595,1
2.9607,1.6334,3
0.22858,1.9084,2
4.204,2.7337,3
1.0702,2.0737,1
3.1356,1.6094,1
-0.21061,2.2748,3
-3.2543,-2.6081,1
-0.71626,-1.9214,1
1.3437,1.0662,1
-1.3534,-4.9442,2
1.8287,0.95336,2
-2.6606,-1.0583,2
-0.84166,2.4106,3
2.6199,2.6077,2
1.9173,-2.0739,2
-0.038784,-0.75745,3
2.2349,1.468,1
0.49986,0.50163,3
0.19375,-2.8479,3
0.35459,-2.6905,2
0.75593,3.9378,3
0.10304,0.5043,2
2.025,-1.2054,2
-3.0322,0.36042,2
0.54049,0.49111,1
4.7561,-0.42462,1
3.5437,1.6301,2
0.10317,0.23582,1
1.0347,-0.74312,3
-1.1932,-0.36849,2
2.5704,2.414,2
-0.48021,-1.4955,2
-3.7506,-1.4733,1
-2.335,-1.2887,2
-0.14912,0.53636,2
-2.9271,2.4439,2
-1.5807,0.082647,2
0.49219,1.7922,2
-0.75763,-1.0959,2
-0.95986,2.4656,1
2.849,4.8794,2
1.4712,-6.2085,1
1.5017,-0.11308,1
-1.3906,0.92388,2
1.4807,0.45717,2
-3.7201,2.2545,1
2.3752,2.329,3
-2.5248,-2.3359,2
-0.066929,-2.2845,3
-3.8629,0.95451,2
1.8698,3.45,2
0.41705,1.056,2
0.74343,1.0122,2
3.3291,-0.97298,3
-5.0659,0.94396,2
-3.5688,-1.5838,2
3.644,1.5659,3
2.6148,-0.54656,3
0.26539,2.7333,2
-0.45571,0.23189,1
3.3213,1.0497,2
3.5711,1.3021,2
0.6855,2.1103,2
0.41319,-0.73319,3
5.3905,0.085135,2
-1.8995,0.94539,2
-2.7427,-4.2091,2
-1.1205,-1.3813,2
-2.6302,-3.0278,1
0.57129,-1.1988,2
0.30338,0.56889,2
-3.0666,-1.2136,1
-1.757,0.84297,3
0.66555,-1.0018,3
-0.54708,-1.1924,3
4.6245,2.1179,2
-1.8332,1.4446,1
-2.3621,-4.2515,2
1.8777,-0.53245,2
-0.048032,-1.1832,2
-0.41664,-1.8038,2
4.053,0.1622,2
3.9471,1.431,2
-0.78612,-3.2342,1
2.7848,1.4522,2
1.0319,-1.8716,1
-1.862,-1.8755,2
0.94547,-4.1675,3
0.21041,-3.619,1
-1.8629,-0.42981,2
-2.3806,1.1812,2
3.0267,0.83176,2
0.48572,2.2782,1
-0.70052,1.1548,2
2.2424,-3.6594,2
-3.7899,-3.5082,1
-4.469,-1.4901,1
0.48972,-3.0315,2
0.5988,-2.2891,1
3.8312,1.8348,2
4.0079,2.881,1
1.4433,0.70535,1
3.7048,1.2424,3
-4.929,0.054358,1
3.1154,1.1441,3
-3.3951,0.72543,2
3.2697,3.1268,3
-1.6083,6.9417,2
-3.0021,-0.31567,1
1.0869,3.4474,2
-4.5648,-1.4291,1
-2.6904,0.63526,1
-0.29172,-0.49488,2
-0.47064,0.11688,2
-2.6996,-2.0693,2
-1.3495,0.88267,2
-3.1043,-0.40486,2
0.41321,5.506,3
-3.0178,-1.3624,2
3.4895,-0.65098,2
-0.35215,-3.1077,2
1.9147,-0.55293,1
0.60443,-0.50361,1
-1.4467,1.011,2
-6.4727,-4.5994,1
4.3226,3.739,3
0.19385,-1.0126,1
2.8056,5.0215,3
-1.0309,-0.62173,2
-0.82001,-0.92401,1
0.24288,2.233,3
3.2419,1.3008,3
-3.7618,0.58003,1
-1.8663,-1.4775,3
-4.3247,0.75068,2
-0.23243,-2.5937,3
-1.6057,-0.25444,2
2.4901,-1.3182,2
-0.058548,1.7686,2
2.829,-1.4153,1
-1.8378,-1.5946,1
-2.5246,2.8501,3
-0.012539,4.1973,2
0.27026,1.7917,3
-1.4762,-0.99919,1
3.7419,-0.34477,2
-2.0076,-0.43534,1
-1.3202,4.8704,2
0.52077,2.4952,1
-3.1737,0.24875,3
1.4685,2.5728,2
-0.97291,1.1002,3
-3.5305,-4.0991,2
-2.9487,-0.19074,2
-2.0583,-1.8471,2
-1.951,1.2277,2
1.3042,1.3205,1
-3.4313,-2.537,3
-0.86346,1.0455,2
0.13633,2.4725,2
-0.082803,-0.43266,2
-0.41328,-0.61649,2
6.9613,-0.71666,2
-0.76057,-4.1193,1
2.6604,-1.2488,1
-1.7628,-3.1691,1
-3.2558,-0.85014,1
1.3014,2.4619,2
0.5879,1.3225,2
2.3933,-2.505,1
-0.27356,0.70642,3
-4.7593,-0.70366,2
-1.9723,0.42938,2
0.50454,-2.2562,1
0.39372,2.0464,3
-1.7,1.6446,3
-0.94998,2.9504,2
2.9821,0.48511,2
-3.7742,-2.5197,2
-2.2821,-4.4414,1
2.6146,0.88224,3
1.9665,3.7061,2
4.0095,2.4002,2
1.78,-1.3836,3
-0.57813,0.26716,3
-0.52615,-0.4052,1
0.74901,2.5436,3
4.6638,1.1052,2
0.18331,0.94341,3
4.5856,-2.8903,2
0.19049,-2.3401,1
0.83958,-1.2914,2
-3.1019,-4.6877,1
-1.3535,2.8885,2
4.108,0.13474,2
0.15034,-0.78997,3
0.96346,-2.3201,2
-1.9081,2.5273,2
-0.85881,1.2158,2
3.66,1.9094,2
2.4999,-0.2493,2
-5.0592,-1.2008,1
-1.8062,-1.6627,3
-1.5951,1.2141,1
-1.7498,0.078107,3
-1.6958,-0.25069,2
0.27266,-1.5267,1
0.75744,-1.6365,2
-2.9401,6.9871,2
2.083,-1.9807,1
-0.66847,0.84407,2
-2.7923,-2.3931,2
-0.71045,-0.92621,1
-1.0736,-3.9927,1
3.1098,1.9579,2
3.2209,1.4204,2
3.6506,5.5742,2
-1.443,-4.3308,1
-0.49412,0.95203,3
-3.7242,2.0832,2
-1.661,1.5224,1
-0.56342,-1.788,1
-0.61445,2.1576,3
2.7534,4.0455,3
4.068,2.1055,3
-0.5841,-1.4627,1
-0.68363,0.34728,2
-0.069444,0.25646,2
-2.3016,-4.0642,1
5.174,3.4658,3
0.94037,3.7974,3
1.6176,5.954,2
0.64391,-0.084093,2
0.77475,0.2832,2
2.3603,-1.4857,2
1.924,0.77828,2
0.36017,-2.5497,2
1.5366,-0.011776,3
-1.8179,-0.39644,3
-0.4104,0.51924,3
-1.8133,0.60331,2
4.9627,3.2141,3
-0.38263,-0.82378,2
2.0429,-4.1399,2
1.3795,-0.82901,2
-0.35906,-3.0138,1
4.134,1.0158,3
-3.1051,-2.1547,2
-0.74185,0.25687,2
2.0807,-0.77959,2
-0.84023,0.62231,1
1.4045,2.0772,1
2.1422,-0.21446,3
0.50897,-3.1391,1
2.0406,-1.0221,2
-3.0756,-3.3282,3
0.77429,1.214,2
1.6255,0.73466,2
-0.18587,4.342,2
-0.85748,0.57621,3
0.17049,-2.2941,2
-1.1699,0.2294,1
0.030922,0.75387,2
-0.32704,-1.3689,1
-1.4054,-1.3436,2
2.1739,3.5453,3
0.37734,0.112,1
-0.46781,-1.6701,2
-3.9222,-1.4292,3
0.8864,0.42663,3
0.90197,0.24863,2
-3.1425,0.6229,2
-0.74802,1.4181,1
-0.6626,1.5708,2
1.1791,4.6073,2
3.0255,1.7391,2
-0.93761,-2.0272,3
-0.45197,4.3286,3
-1.9939,-0.31386,2
-2.8415,-4.038,1
1.4719,-1.6568,3
-1.6711,1.0704,3
-0.47352,0.18564,2
3.4595,1.7621,2
-2.017,4.5504,2
-3.1449,0.75011,1
0.48022,0.14433,1
-0.49369,-1.6207,3
1.8993,-1.2164,2
1.6844,1.8762,2
1.0605,-1.7915,2
2.3643,-1.0744,2
-3.5457,-2.8988,1
-0.55583,2.2021,2
-1.439,-2.2733,1
0.089555,1.9438,3
1.2693,0.45773,1
3.2354,0.52571,1
-1.1039,-1.7705,2
-3.3199,-1.6931,1
2.6599,3.6222,3
1.1084,-1.1629,3
-0.17428,3.2082,2
-1.9677,-0.78068,1
-1.5554,-1.5437,1
-0.36469,4.1367,3
0.44567,-3.8015,2
-1.775,-3.8182,2
-2.1832,1.3131,1
-0.13566,-1.3704,1
3.5399,-0.53372,2
2.4643,1.8099,2
-5.7356,-1.9054,2
-0.29353,-0.96254,3
-1.1041,-2.8256,3
0.34073,3.6348,2
-0.058119,-1.2361,1
-0.75442,-1.6444,1
-1.0315,3.5084,3
-3.5582,0.84096,2
3.3458,-1.3572,1
4.3815,-1.8468,2
-3.063,0.41988,1
3.8098,1.492,3
0.22537,0.25857,3
-1.3974,0.56254,2
-1.1872,-4.8097,2
-0.71586,-1.3315,3
-2.0997,-3.3055,2
-1.8819,-2.4499,1
1.3104,2.3928,3
1.0228,-0.15583,2
4.3031,0.37743,2
-1.0454,-2.0595,1
1.1593,-2.4358,2
0.29422,-3.4051,2
4.5257,1.952,3
2.8919,5.9904,3
-1.5753,-0.64565,2
-0.14866,-2.4903,1
2.7659,2.9465,3
0.20978,-1.5153,2
-1.9222,3.8415,3
2.0673,-3.664,3
0.56179,-0.27288,2
0.14403,-1.3955,2
0.18996,1.2905,1
0.57856,-2.2494,2
-1.1256,-0.86756,1
2.8972,0.23081,1
2.7275,-0.92758,2
-3.5839,1.7833,2
3.8899,-4.2076,2
1.0835,1.6062,3
-2.3542,-2.6055,1
-1.3609,2.2668,3
-0.9994,-0.70008,3
0.77495,2.0499,2
-3.6496,-3.2251,1
-0.03715,0.74097,1
-1.8745,0.54102,2
0.1915,-0.78254,2
3.5708,-1.0959,2
-3.2292,1.0429,1
-4.9653,-0.94862,1
1.7988,2.7878,3
2.8098,-0.58786,3
0.18173,3.533,2
-0.018076,-1.6259,1
0.57103,6.3223,3
4.7722,4.2251,2
-2.5317,0.29386,3
-1.0702,3.3335,2
-3.2921,-1.0625,2
0.4567,1.7058,1
-2.8781,-2.1179,1
0.7398,-0.58208,1
-4.1387,-1.1133,1
0.22803,0.95344,3
5.6204,1.7981,3
1.0838,1.1082,3
2.2473,-1.7578,2
1.2568,-0.16062,2
1.5567,0.71281,2
2.8082,-1.5685,1
3.8734,3.6177,2
0.049187,0.27118,3
1.4425,1.0073,2
0.81814,2.2385,1
2.9133,2.6608,2
-0.33178,-0.17236,3
-0.45952,-0.34794,2
-2.1277,2.6962,2
0.76108,0.084249,2
-1.3044,-4.7099,2
-0.36851,2.3173,2
-2.3568,-1.4352,2
-2.0463,1.798,1
2.1926,-0.55416,2
1.336,-0.036179,3
-5.9125,-2.0643,2
-3.2297,-1.774,2
2.2598,3.504,3
-2.7804,0.44525,1
-1.4138,-3.0359,1
-0.18802,-2.2779,2
-0.1601,-1.7682,2
3.6093,1.7208,3
3.8791,-2.4955,2
0.97004,-0.4107,2
1.0746,4.6538,2
0.64455,4.6341,3
-0.30422,3.9519,3
-0.4575,0.7051,2
-0.23809,0.88533,2
-1.8904,1.6888,2
-1.7973,-0.36862,2
-0.23771,-1.643,2
1.8745,-2.2557,2
4.5782,3.7363,2
-0.16926,-4.8342,2
-2.6799,-4.8186,2
-1.2221,0.016046,2
2.5716,1.6668,2
0.92855,-0.19584,2
-0.52353,0.13778,2
0.94598,0.44088,1
0.49898,2.0439,1
1.0963,-1.5485,2
-0.47567,-1.7252,3
2.9324,-4.1187,3
-0.81407,-0.64063,1
0.38663,1.351,3
2.0531,-0.011167,2
-4.8987,-0.64656,1
-2.1713,-0.30182,1
-4.6339,0.83696,2
-0.62179,1.2331,1
-0.16696,2.8882,1
3.1757,5.1842,2
-0.46927,3.5631,3
-0.84276,-1.6901,2
-3.5659,-2.7693,1
2.2549,-2.9067,1
-1.828,3.6523,3
-0.22365,0.38326,2
-1.3893,-3.3288,2
1.9263,1.1072,2
3.5892,4.5287,2
2.4188,-2.584,2
0.068538,-0.42272,1
2.4565,3.0835,3
-2.0585,2.8491,3
5.5873,1.1631,3
1.9858,-1.2916,2
1.6756,-0.54893,2
-5.7182,0.79087,2
1.9749,4.5466,3
0.7808,-0.26126,2
-0.82224,0.082824,2
-1.592,-3.6651,1
-5.8521,-2.1625,1
-4.0306,0.10753,1
-1.7651,-2.6219,1
-0.12492,-1.8713,2
-2.1913,0.36294,2
3.2059,3.6917,2
-1.0317,0.56523,2
1.9242,-1.368,2
5.1277,4.3751,2
-0.60453,-0.76164,1
-1.7186,-3.9384,1
2.4249,-3.7521,2
1.1495,-2.3869,3
-3.9946,-2.0518,1
-2.6335,0.18109,3
-1.9255,3.5772,2
1.1599,-3.1392,1
-4.864,-2.4177,1
0.42225,-1.1548,3
2.3863,-0.57981,2
-1.4814,-2.3747,1
-2.6756,-4.9612,1
-0.90766,0.19895,3
2.4424,0.18194,2
1.9231,-1.2452,1
1.7478,-2.7222,2
1.0018,2.0909,3
0.57948,-2.1461,2
-2.5372,4.1066,3
1.4637,-0.28628,2
-2.9281,-0.31642,1
0.86493,-0.82731,1
-0.60093,-2.9958,3
-0.99714,-2.3979,1
0.87387,-0.18134,2
1.2869,4.8488,3
-0.27409,0.35933,2
-1.3317,0.37486,1
-1.1983,-1.0067,1
1.4047,4.3579,2
-9.0839,-1.72,1
1.824,-1.0645,3
1.8122,-0.2742,2
1.5337,-1.5774,2
0.61475,-1.1642,3
0.6013,0.35788,3
-3.1912,1.5143,2
2.951,-1.0645,2
-1.2215,0.028356,3
1.181,-2.1212,2
-4.7498,-0.87985,2
0.3883,1.3329,2
0.5329,3.8461,2
-2.5963,-3.8114,1
1.4299,0.53177,3
1.8874,-0.79567,2
4.3995,0.72627,3
0.40322,2.0032,2
1.1755,-3.1352,1
-1.345,-3.1099,2
0.12831,-1.6965,2
3.274,1.9431,2
-1.0435,3.518,2
-0.35684,-2.1473,2
2.6165,4.147,2
0.6134,-1.7203,3
1.6582,-2.6567,2
0.0080019,0.45999,2
0.57736,1.8816,3
-6.87,1.4378,2
1.4177,1.2865,1
0.23839,-0.0015068,2
0.5759,-1.5436,1
-4.2098,4.3534,2
-0.37954,1.0955,1
-0.32038,0.84807,2
-2.8884,0.92033,2
0.89143,1.5601,2
-2.0311,0.28406,2
-4.4398,0.87513,1
1.6534,0.7371,2
0.43172,-1.3048,2
3.6707,1.9735,3
0.48546,-1.6814,2
0.49076,2.4007,3
3.0512,-1.1078,2
0.96064,1.6993,2
-3.1625,2.0956,3
-2.7318,1.7318,2
-0.58368,-0.53546,1
-0.14395,4.0642,2
1.9781,0.046519,2
2.1949,-0.92844,3
0.81101,-1.6332,3
-3.0313,-4.5045,1
-2.0427,-0.67635,2
-1.3904,2.5185,2
-3.1901,0.34166,1
5.6271,-0.7152,3
0.8659,4.8294,3
0.073697,-2.16,2
-5.581,2.822,1
-0.18941,2.4573,2
0.14118,1.0394,3
1.0245,1.0217,2
-4.589,-0.48976,2
0.96013,1.7227,2
-2.1561,0.1386,2
-1.1953,3.6797,2
-2.0053,-0.83183,1
-2.9353,-0.52936,2
-0.28833,-0.99809,3
-0.42448,-2.2395,3
0.026204,-0.93643,2
1.9154,0.89348,3
4.109,1.7235,3
-3.078,-2.5282,2
1.1122,-2.2765,2
-0.24676,2.3463,2
-2.2802,-3.6773,3
-0.29875,0.73517,3
1.8249,-3.7065,1
-5.56,1.2803,3
5.4241,4.3093,2
2.6562,2.0873,2
-0.24592,-1.0615,1
-4.0912,-3.0675,2
-1.5034,0.72961,2
0.31741,0.17222,2
-1.587,-0.1686,1
2.3688,1.2757,3
0.6924,-1.2835,1
1.2822,1.0449,1
-1.0837,-1.2248,2
-5.2229,-3.1846,1
5.9838,0.15795,3
-4.6824,-2.725,2
2.4757,-2.7064,2
0.017009,2.1651,3
0.71758,-2.9781,1
-4.3714,-3.4584,1
-0.95467,-1.6321,1
-1.7784,4.2616,3
-2.8726,-4.8686,1
-0.72654,-0.71602,2
2.3533,1.9883,3
3.8859,0.64601,2
1.8408,0.53694,1
-2.5082,-1.4305,1
1.5424,1.1812,2
2.7439,3.5111,2
2.4037,2.044,2
1.9269,1.6881,2
-1.5097,-1.7383,3
-1.4288,4.0442,2
0.2199,-0.56779,3
-2.4416,-3.3346,2
0.51827,1.3155,2
1.6317,1.2391,2
-3.4393,-1.6505,3
-3.8713,-1.4236,2
-0.24809,-2.5363,1
-3.7903,-0.47247,1
1.2109,1.6442,3
2.2998,3.6018,3
2.7193,1.514,3
-1.6007,-1.3364,1
0.14277,1.0458,2
-1.0522,-0.22844,1
3.269,3.1688,3
-0.20865,3.3756,2
-0.36287,-2.9164,1
-0.059753,-2.5719,2
0.05249,-0.031988,3
0.41846,-0.49416,2
-8.0164,-2.5912,1
3.9223,3.9775,3
-6.6101,-3.889,1
1.0098,-0.78784,2
-3.1797,-2.9583,1
-2.4638,-2.4643,2
-1.7354,0.040711,2
0.10943,0.42254,3
-1.3096,-2.0466,2
0.062222,5.3972,2
-1.38,-0.4036,2
-1.2658,4.0332,3
-0.21782,-1.1089,1
-1.5849,-1.7385,1
0.0084422,4.1458,2
-0.73286,-0.70181,3
-1.1945,3.6451,3
2.0209,0.15417,3
1.4748,0.38871,2
2.3958,4.067,3
0.85289,3.0779,1
-2.6927,0.54848,2
-2.1237,-3.372,1
0.73451,-0.39911,3
0.31739,1.7027,2
0.58789,2.33,3
1.2933,-5.9219,1
0.44356,2.4171,2
0.9253,-1.643,2
-2.0418,-0.74281,2
0.77372,0.19447,3
-2.4665,-0.45903,1
5.2872,-0.32272,2
-2.4585,-1.7974,2
0.54018,2.1799,3
2.84,3.5503,2
2.5136,-0.84138,2
-2.2148,0.18903,2
0.31895,-2.8962,2
2.9995,0.43561,2
-1.2109,2.3722,3
-0.99702,2.41,2
-1.0294,4.7161,2
-2.1547,1.2813,1
3.4988,0.45563,3
-0.51714,2.3153,2
3.5748,-1.7951,2
0.18902,-0.54784,2
-2.3095,-0.1842,3
0.80403,-3.8366,2
-0.56679,4.1104,3
0.63244,2.8784,2
1.798,-0.34695,1
-1.339,3.1208,2
0.71223,1.8614,2
-3.1714,-3.7697,1
2.6882,4.762,2
2.0685,1.3947,2
-0.30511,-2.6519,2
-0.36247,2.9425,2
1.8498,2.3553,3
-2.5951,-1.3268,2
0.85,4.7239,3
-0.96123,0.56619,2
-4.1382,0.91508,1
1.7152,3.82,1
-3.3908,-0.32867,2
3.4133,1.5174,3
-0.20055,2.554,1
0.49654,0.69664,2
2.3855,-0.88563,2
0.64786,2.1899,2
-0.26653,-4.9627,2
-1.0122,2.5656,2
-3.325,-3.3076,1
2.0114,2.8208,3
3.2178,1.0726,3
0.091193,-1.1315,2
-1.7994,-4.0843,1
3.1497,-0.78306,3
0.71719,0.35951,1
-0.48132,-0.59165,2
0.81694,1.301,2
1.0246,-0.41027,1
-0.032119,1.9202,2
-2.0507,-3.5783,2
5.8831,5.1804,3
1.6558,-2.1235,2
1.3535,-0.4063,2
-0.71284,5.2186,2
6.1949,3.717,3
-3.7864,-1.2087,2
-3.3231,-1.7221,1
1.3469,-1.9801,1
1.4098,0.29038,2
-1.0739,3.623,3
2.9,0.85389,3
-0.35957,2.15,2
-0.030952,0.88231,2
-0.34965,0.70199,1
-4.1691,0.36902,3
3.5877,2.8923,2
-2.396,0.040983,1
2.2745,0.98828,2
0.23795,0.52203,2
2.2563,3.7426,3
-3.1811,0.54227,3
0.17858,-2.1987,3
5.1092,0.15866,3
1.6317,-0.87817,2
2.0384,2.0729,2
-2.6235,-0.68383,3
0.62303,0.14982,1
1.8396,-4.3419,2
-3.6605,-1.2068,2
-0.49105,0.85497,1
-3.3942,0.36683,1
-0.1277,-1.903,2
-0.16202,-0.97313,2
1.0245,2.9235,2
-3.6004,-3.3475,2
-2.0506,-5.2108,1
1.1702,4.184,2
1.6543,3.0917,2
3.0404,1.275,3
2.4259,2.8244,2
-1.6526,1.8475,2
-0.041765,-3.0617,2
-5.1762,-5.1347,1
-1.6625,0.94228,2
2.2702,1.4849,3
0.38908,1.0892,2
-0.33774,-1.8948,1
-0.7307,-6.4086,2
-0.014231,5.9958,3
-1.2982,1.0951,2
0.015561,-0.4423,2
-2.4613,-2.007,1
1.5289,3.2295,2
-2.1396,1.2335,3
3.9346,0.60575,2
3.9811,0.47378,3
-1.3234,1.0985,2
-5.6817,0.53892,2
2.3736,-2.0939,1
2.0432,-0.57064,2
0.056731,-0.48514,1
1.7511,0.57174,3
2.1938,4.0608,3
0.78788,-0.37239,2
0.61424,1.5635,1
0.82066,-0.27535,2
2.6754,0.9382,2
-1.7211,0.12426,2
-2.8306,-0.22982,2
3.0021,-4.0729,3
-2.1623,-3.3828,1
-2.4947,-0.77986,1
-0.60687,-6.1698,3
-0.14062,-3.2302,2
-0.91433,-0.45316,1
1.9364,-1.7029,3
-1.6336,-3.0847,2
-2.0269,0.76281,3
-0.71138,-0.68894,1
-0.74854,1.6508,2
-4.0727,-5.2386,1
-4.5027,-2.5908,1
-4.1193,-5.447,2
0.288,1.1974,2
-2.6124,4.1339,3
-1.4663,-1.5087,2
-2.1671,0.96854,2
4.3681,1.1415,3
3.6654,3.172,3
-2.5904,1.0042,2
-1.6652,-2.0725,2
3.1199,0.75433,2
2.2219,0.94705,2
1.515,-0.26466,2
-1.1818,2.2004,2
-1.7055,2.5271,2
-2.1923,1.2087,2
1.4708,1.2392,3
-1.7855,-3.3754,1
-2.1888,-1.8814,2
-2.2281,-1.3734,1
0.12433,-2.7092,2
3.4006,2.9405,2
0.55546,-0.59749,3
1.0428,-0.93175,3
0.058553,3.1637,2
0.18664,-3.0577,1
-1.8249,-0.37386,3
-3.011,-2.2238,2
-4.2872,-2.2745,2
-8.2051,-1.9196,1
6.5873,4.522,2
-0.68276,-2.3637,2
0.18741,5.1423,3
-4.1104,-1.8733,2
3.1278,1.4232,3
-0.69758,1.5216,3
3.7938,4.1947,3
2.0673,1.6615,2
-0.17447,0.93174,2
0.49706,2.2545,2
-0.47523,2.0803,3
0.90549,3.3018,2
-0.85408,2.7856,3
0.32099,-0.53741,3
-2.0412,-0.040765,2
3.745,1.1866,2
3.4676,4.7151,3
0.25627,2.057,1
-1.22,-2.9625,1
0.6565,0.96887,1
-2.1829,3.9452,2
-3.5664,1.1214,1
-4.347,-2.1753,2
-1.2534,2.8478,2
2.2601,-0.86408,3
-1.8762,-0.39132,2
2.5465,4.2306,3
-3.6885,0.063869,2
3.3371,-1.0006,2
-3.0399,-0.33955,3
-0.88433,1.0899,2
0.36204,-3.0097,1
-2.2318,-5.8648,1
-3.8912,2.4345,2
-2.0464,1.3992,3
-3.369,-3.2619,1
1.1635,-4.6491,1
1.0631,2.4782,2
2.5424,-0.38999,2
-1.4942,-0.53508,2
1.5175,-0.75388,1
-2.3604,0.44166,2
1.6157,-1.9947,1
-1.2039,2.5992,2
1.7863,-0.39691,2
-1.6686,0.82382,2
-2.4797,-4.1097,3
2.2988,2.8529,2
3.6753,1.8017,2
5.3937,4.6597,3
1.9679,-2.4248,1
1.7675,-5.0123,2
-0.058934,-0.086638,2
1.7477,-0.50321,3
0.9015,0.34508,2
4.9376,1.0323,2
3.8013,2.446,3
-1.5465,-2.1388,2
-0.9567,1.2078,1
2.0954,-0.53812,2
-0.39399,2.7875,2
1.2849,4.6716,3
-0.76895,5.4834,3
-1.2783,-2.3095,1
-0.3363,1.2611,2
-0.73267,-1.9155,2
0.71559,-2.653,1
2.994,2.8085,2
-0.64264,0.1364,2
-0.21621,2.1912,3
-3.4844,3.2803,2
0.96919,-2.7294,1
4.85,1.0641,2
3.384,1.8318,3
-4.0343,-3.6779,2
1.3115,-0.33017,3
1.3554,-0.11366,1
-4.8934,-6.2448,1
-1.4167,2.5494,3
-3.2953,-0.042337,2
0.07827,1.2036,1
2.1972,-2.3065,2
-0.31889,-4.8334,1
-3.5764,2.0172,2
-4.1996,-1.3663,1
3.2915,3.2206,3
1.6484,-0.96432,2
1.4058,-0.0063445,2
-1.4027,-1.1749,2
1.8841,0.89374,2
-0.35745,2.7495,3
0.38653,0.047558,2
-3.2018,-1.9922,2
-3.4663,1.0089,2
-1.1761,4.6028,2
-2.3287,-1.4958,2
-0.37756,0.081763,2
-0.51861,1.7291,2
0.82234,-2.5519,2
-1.1064,-3.1132,2
-0.20338,4.7362,2
1.1065,-1.6631,3
-0.40714,2.1322,2
2.7584,-0.22913,2
3.1031,1.9382,2
4.0396,0.34076,3
0.057557,-0.15383,3
-1.1785,-1.9774,2
2.7302,-0.21487,3
-0.10763,-3.7518,1
-0.065914,-3.5807,2
-0.12799,-1.3011,1
-1.3407,-1.9271,3
-1.883,-3.0983,2
1.3738,-0.43877,2
-0.41458,-1.9832,2
1.861,-3.286,3
0.1083,-2.8884,1
0.58951,-2.2843,3
-0.83611,0.014824,2
-0.14327,3.0551,2
0.94173,2.0366,3
-0.64972,-0.89421,2
1.872,3.9777,3
-5.554,-1.0486,2
3.1469,2.2635,2
2.439,3.5712,3
-0.50599,1.9513,1
-2.0171,2.2745,1
-3.8837,-3.3472,1
-0.69297,-1.444,2
-2.5068,-5.0294,1
-1.403,1.3684,3
1.6399,4.2101,2
0.59585,2.6276,2
-2.8835,-1.7929,2
-0.26296,0.49017,2
-0.23213,-1.9071,3
-2.0053,0.52587,2
-0.13177,2.9809,2
1.8396,2.4895,3
-1.8123,1.7267,2
-2.2739,1.4305,3
-0.49019,1.6305,2
-1.6926,-3.7298,1
0.84637,-0.46592,3
0.31945,-2.4544,2
-1.5118,-2.2578,2
0.84875,0.18708,2
1.0751,0.51956,2
-2.6737,4.3533,2
0.52356,2.1795,2
-3.4919,-0.93197,1
1.4336,-1.8993,3
-2.6563,-0.55584,2
-1.8963,-3.2678,2
3.8277,2.4918,3
3.8746,4.0603,3
5.7289,0.27342,2
1.6239,-0.71203,2
0.49413,-2.7918,1
-1.9104,3.1407,1
0.58187,-0.77741,3
-0.13079,5.5328,2
