-2.1877,0.62731,2
-2.13,-2.0343,2
1.3454,3.244,3
-2.0548,1.955,2
-5.2735,-3.2096,2
-1.273,-3.3327,1
4.2902,2.2882,2
3.555,-0.82145,1
1.1965,-2.2583,2
1.6086,1.3742,3
-2.1161,-1.0933,2
-1.7168,-3.3064,2
0.22614,-0.91674,2
-0.21427,-2.3797,2
-3.6694,1.3108,2
3.6979,-0.59338,2
2.5434,3.073,3
0.11999,2.837,2
-0.83699,-2.9869,3
2.1447,5.937,2
-1.4651,-0.038573,2
-1.682,-0.90371,2
-0.73528,0.4226,2
-0.3525,0.39409,2
3.485,4.2955,3
1.4411,-3.2428,2
-3.0825,1.5542,2
-0.85622,0.12268,2
-0.92831,1.7656,2
-5.2605,-4.9437,2
1.2877,-0.87268,1
-1.0532,-1.3356,3
-0.66741,2.5577,2
1.2391,0.56398,2
0.015039,-2.5583,2
-2.7507,0.11577,2
-1.4095,1.0866,2
1.6083,4.1894,2
1.4797,4.2896,2
-0.68332,1.46,1
-2.6576,-0.65075,2
-0.6539,-0.37507,2
-3.6995,0.18537,2
-1.4613,0.82627,3
-0.12533,-1.5424,3
-0.41074,1.6714,2
-0.6357,-1.3967,1
2.423,-2.6759,2
0.24581,-3.7991,2
0.60639,2.4756,2
0.60306,3.1815,3
0.77724,-2.7168,3
-1.5201,-1.242,2
0.58089,-3.7172,2
-2.7577,0.30991,2
0.69546,-1.7438,2
-1.0299,0.55693,2
-0.22157,-1.3117,2
-2.9168,1.3869,1
-0.86349,-1.2879,2
-0.30446,-3.0945,2
1.1363,-0.059011,3
3.9334,3.3542,2
1.5259,-0.74987,2
-2.2673,-1.3842,2
0.25381,3.3019,3
-0.91974,-3.1994,1
-0.34967,2.2298,1
-1.1196,2.1503,3
-0.2886,3.1308,2
1.9858,2.0772,2
-2.0761,-2.771,2
0.84572,2.3181,2
-0.65987,-0.14677,2
-5.0433,1.4396,2
-1.9205,-1.3624,3
-0.003795,1.136,2
-0.0061652,1.3648,2
2.8409,1.3023,1
1.9281,3.9803,2
2.0052,-2.1763,2
1.938,-0.57495,2
-0.53808,-1.9436,2
-5.6739,-1.2925,2
-0.16674,2.6555,1
1.4268,0.81589,2
-1.746,-1.0991,2
-3.0207,-0.87488,2
-0.32333,-2.4643,2
1.0037,-1.7982,2
-0.023113,2.4352,3
-0.15732,-0.69014,2
1.9872,3.3705,2
-3.7072,1.1933,2
0.041343,1.1382,2
-2.1097,-0.033069,2
3.2691,1.5435,2
-4.0061,0.045079,3
-2.7191,0.51283,2
-2.5362,-0.11914,1
-0.40738,0.75008,2
-0.25111,-3.8751,3
-4.8152,2.7751,1
-3.1236,1.27,1
-0.2944,-0.96754,1
0.20822,-0.64015,2
-0.29988,-3.5859,2
0.74698,1.6313,2
-2.3612,-3.0068,1
-3.1169,-0.23654,1
3.8814,-0.63344,2
-2.1595,-1.6646,1
1.4554,2.1076,2
4.9155,1.4245,2
2.8801,-0.15322,2
-0.24748,-2.0087,1
1.6722,1.5259,2
-1.2215,1.3221,2
0.005811,-2.6521,2
-0.5762,-0.41512,2
-1.6649,-4.3477,2
1.0748,-1.6566,2
2.3061,3.321,2
1.009,-0.94115,2
0.52791,3.5917,2
-3.6033,-0.87336,1
2.1394,-1.7857,1
4.4621,-1.6868,2
0.3219,-0.16438,2
1.863,0.92673,2
-3.2992,-2.1268,1
3.6011,1.0343,3
-4.524,1.6257,2
0.25454,-0.14251,3
-0.17573,0.65257,2
2.7247,-0.19108,2
0.30602,0.36853,2
-2.6074,0.51821,2
-3.069,-0.67854,2
2.4555,2.8915,2
-0.24558,-2.3794,1
2.2244,-6.9572,2
-1.5254,1.8818,1
-0.77051,-1.9138,3
5.5749,3.7642,3
0.54115,1.6862,2
-1.8649,-2.0398,2
1.3599,-2.3397,2
0.73968,0.41209,2
3.8975,1.4914,2
0.44803,0.82903,3
2.7781,1.1721,2
-1.051,0.39875,2
-3.4956,0.89644,2
-1.2,0.54058,2
2.0027,-3.2164,3
-2.6545,-3.7717,2
3.3544,1.122,2
-1.4204,0.80686,2
0.37587,-1.6044,2
2.5802,2.0633,2
2.5647,4.1824,3
1.6596,-4.1638,2
2.0939,3.479,2
-1.6378,-4.5187,1
1.3792,4.6369,3
-3.7433,-3.94,3
0.16423,1.881,2
0.91982,-2.4067,2
4.5101,-0.28317,3
-1.6582,-3.0158,2
-2.5133,-2.2204,2
-1.774,1.2725,2
3.4967,-0.22196,3
0.87624,-4.4658,2
0.31558,2.9192,3
-0.78256,2.045,2
0.6344,1.9574,3
-0.25211,-1.3641,2
0.074555,-0.9253,2
0.092884,1.1304,1
-4.0958,-1.6883,1
-2.5723,-1.5369,2
-0.7892,1.0442,2
-0.35801,1.2059,2
0.91203,-1.1129,3
-1.4482,1.0037,2
-1.8024,-2.2624,1
-0.035657,2.1236,2
-1.5425,-2.961,2
-2.5107,0.5071,3
-1.8966,-3.8093,1
-5.2341,0.57283,2
-0.98335,1.7684,2
-3.2472,1.5858,3
3.2483,-0.40708,2
-1.3223,-1.1996,2
-0.75732,1.4766,2
-3.5315,-2.718,1
1.6934,0.48464,2
2.0569,0.13853,2
0.46101,-1.8635,2
1.307,2.8,2
0.83251,-1.181,2
1.1116,1.404,2
-4.0756,-3.5379,1
-2.8082,-1.3376,2
-4.3384,-2.3465,1
0.083461,-1.0328,1
1.2855,-4.119,2
0.75283,0.086813,2
-5.1549,-2.0906,2
2.341,1.8014,2
0.91602,1.4413,1
2.7395,3.3052,2
5.4998,-0.79266,2
-2.5799,-2.4046,1
1.0054,-0.83403,2
-2.5158,-2.7452,1
0.80031,-2.2386,1
-3.5223,-2.9391,1
3.4182,0.72928,3
-2.0978,-1.4645,1
1.4883,0.85275,2
-4.3959,-3.7963,1
3.9989,2.3696,3
-3.1678,3.1017,2
3.9075,1.1219,2
2.682,-0.75097,3
-5.0483,-3.9636,2
4.9353,0.63426,3
-1.829,-1.1804,2
-2.9361,-3.1435,1
-0.86516,-0.061076,3
-4.0701,-5.4894,1
-2.3947,-0.56333,3
-0.12628,-3.6716,1
4.4338,1.116,3
-0.68244,1.5652,2
3.202,1.8407,1
1.291,0.55478,2
0.48938,1.3457,2
-1.2261,-1.6327,2
2.7994,0.46065,3
4.0717,-0.85954,2
-2.2485,-2.1106,2
-2.8867,-2.5107,2
-0.12126,5.7438,2
0.971,-0.49138,1
1.7501,-2.1831,2
1.8993,2.9034,2
4.4715,1.2948,3
3.1898,2.6898,2
0.51553,-4.7281,2
-0.10214,0.62919,2
2.2442,1.057,2
2.375,-2.9928,2
-1.7298,-1.1337,2
-1.0343,2.1871,2
-0.53718,6.5561,2
0.30096,-2.4359,2
0.086232,-2.8674,1
0.85662,-1.8363,2
3.2692,1.0984,2
-5.6517,-1.6105,2
-2.1222,-3.9587,2
-0.59339,0.67102,1
-1.0133,0.88805,2
2.1755,0.75722,2
-4.9023,-1.4521,2
0.32861,1.8233,2
0.69479,-2.3852,2
0.38647,1.8138,1
-3.7646,-1.1135,2
-1.6346,1.2071,2
-1.4314,2.1676,2
-1.3457,5.6097,2
2.4594,-2.1789,2
3.0174,0.33955,2
-0.62835,0.097029,2
2.4053,-0.63659,1
-4.317,-3.5432,2
-1.2609,-2.4245,2
0.73623,1.8762,2
0.55547,0.88347,3
5.848,5.786,3
-0.025025,4.8054,2
-1.415,0.40074,2
0.877,-3.2187,2
5.0964,-1.8436,2
-1.0596,2.5618,2
1.834,0.17464,2
-0.457,2.6878,3
1.0249,3.0183,3
-6.815,-0.22467,1
-4.0563,-0.053318,2
4.1211,4.59,2
0.67417,1.3158,2
-2.5847,-4.1315,2
-0.36491,1.3151,3
3.184,-4.1041,2
3.6211,2.3069,2
1.5855,-0.20837,2
-2.8525,3.185,3
-1.027,2.1618,2
-0.73372,-1.8117,2
5.0521,0.66546,2
-2.5121,-0.69271,2
4.2691,-2.8816,1
-3.5018,-0.20474,2
0.32904,-0.96291,2
-2.9248,-0.010873,2
-0.67218,-0.22299,2
2.7497,-0.73137,2
-0.15879,0.45195,2
2.3944,0.63207,2
-2.3412,-1.2097,2
-1.4673,0.28247,2
2.0286,1.143,2
-1.143,0.57709,2
-1.9507,2.3384,3
1.0956,-2.6665,2
-0.52446,-0.31567,2
-1.1723,-2.1426,2
-4.3416,1.7316,1
2.2178,5.7013,2
-1.3191,0.39896,2
0.21706,2.8366,2
2.7782,1.5848,2
0.10498,0.5567,2
-0.70888,-0.51629,2
-2.5919,-4.6613,2
0.89068,-1.4082,2
-4.7482,-5.1112,1
1.9546,2.8014,2
2.5594,1.461,2
-1.6686,1.9279,2
2.5579,1.217,1
0.1104,-2.2743,2
-0.80809,0.21559,2
-1.505,-3.4189,2
-0.98062,-2.2098,2
-0.99809,-3.2474,2
-0.11763,1.8644,2
-0.46039,0.83085,2
3.9135,2.3185,2
3.6872,0.78091,2
2.6851,3.3052,3
4.2176,-0.54179,2
3.6673,1.5655,2
-0.16185,1.8876,2
1.5755,0.85008,3
0.02804,-2.1917,2
-1.4793,3.0871,2
2.4694,1.4888,2
2.5133,-1.1463,2
2.6911,2.0083,2
1.1616,1.8207,2
-3.7517,-3.8456,1
-3.7618,-0.84493,2
-0.84055,-3.4011,2
0.13349,0.29058,2
0.79548,-3.0319,2
1.4519,1.3707,2
1.0849,-1.9034,2
0.26983,-3.2289,2
-2.0333,-2.1978,2
3.928,1.5101,2
1.43,1.7482,2
1.48,0.5059,2
1.0206,1.3277,3
0.14819,-0.37765,2
0.46511,-1.4393,1
-1.8431,3.381,2
-1.9318,-2.0512,1
2.224,2.7431,2
4.1887,2.558,2
-0.36045,-1.3527,2
0.9743,5.0423,2
-1.2528,-3.6834,2
-0.79049,2.5519,2
0.37323,0.81895,2
-2.3871,-1.4112,1
1.8894,0.36025,2
2.4396,8.6107,3
0.29276,2.1686,3
-2.1639,2.5501,2
-0.42964,0.28532,2
-1.7488,-1.09,2
0.54297,1.5365,3
1.5938,-0.75701,2
5.8905,-0.42879,3
-3.0944,1.3784,3
0.75057,-2.6451,3
0.24451,-4.0492,2
-0.38151,-1.9076,2
-1.7747,-0.083971,1
-0.77775,-1.0615,2
1.4789,1.8322,3
-0.90185,-0.66035,2
-1.4705,0.078882,2
-1.5093,-0.43488,2
-2.1735,1.9411,2
-2.2707,-2.1145,2
1.7791,1.4324,2
1.4958,6.2602,2
2.2942,-0.086535,2
0.22214,0.38754,2
-0.93226,0.46715,1
0.83036,-2.4615,2
1.653,-1.5667,3
-0.47668,-2.696,2
0.16283,-0.37311,2
-2.997,-0.1565,3
0.08258,3.2748,2
-0.7411,1.0844,1
0.12357,-1.7688,1
-1.003,0.7174,2
3.2262,0.11142,3
0.95793,0.14102,3
-4.8832,-2.6757,2
-1.1815,-2.679,1
0.89837,3.3998,2
2.0434,-2.3802,1
-3.2074,0.37639,2
2.3336,-3.946,1
1.1343,-0.42557,1
2.2702,1.0593,3
-1.5073,-2.8477,2
4.1429,-1.3843,3
-0.35036,-0.55132,2
-2.6886,-1.1254,1
2.1306,-0.20979,3
-0.29141,0.068076,1
-0.7709,-0.40768,1
0.33171,3.5622,2
-0.090424,-1.6557,2
-3.8323,-2.7425,3
2.491,0.17765,2
0.44873,1.7011,2
-3.6647,1.7906,2
3.0548,-1.6525,2
1.2134,4.6709,2
3.6728,-2.5863,3
-2.01,2.2542,2
-1.7259,-1.3062,2
-4.9194,0.35853,1
0.50043,-0.98511,1
1.1071,5.7701,2
-3.4433,3.4289,2
-1.3996,-0.85527,2
1.1648,-0.35755,2
1.3307,-0.26302,2
-0.63286,-0.75013,2
2.835,4.7856,2
-2.1024,1.119,2
-3.253,0.11564,1
1.9037,3.7345,2
2.2194,4.0335,2
1.491,0.98683,2
4.4644,2.4777,1
-2.7202,-3.6989,2
-4.492,1.3317,2
3.7254,-2.3804,2
1.934,2.9446,3
-2.3693,-1.2541,1
-0.30661,-2.5295,2
-0.76829,-0.37097,1
0.91695,2.3912,2
-1.6217,-1.0276,2
4.2256,1.3024,2
-1.7402,-4.3317,1
-2.1616,-0.66169,2
-3.2198,1.1664,2
0.42591,-0.32725,1
0.00081136,-0.7735,2
0.97426,1.3769,3
-4.2864,-0.62561,2
0.10931,0.94536,2
-3.0342,-3.8173,3
0.9926,3.9927,2
-3.052,1.5834,1
-0.36268,-2.4555,2
3.1647,1.0387,3
4.6877,2.5781,2
1.6229,2.8071,2
-0.079976,2.7057,2
3.9243,4.0981,3
-1.3791,-1.3095,1
-0.32001,-3.6778,3
1.2175,-0.19198,2
2.5458,-0.010922,1
-3.3849,1.4371,2
6.1184,4.7421,3
5.9396,3.5949,1
1.9611,-1.8152,3
4.3617,4.1091,3
0.33327,-1.3858,2
2.0945,-1.3841,2
2.3743,-0.45574,2
0.37068,2.8285,2
-1.1019,5.3477,2
-2.0313,-0.18643,2
0.20747,3.9296,2
-2.5572,4.1573,2
4.4467,0.46008,2
-1.1374,0.010992,2
1.0423,-1.0323,2
-0.89049,2.2517,3
-0.87175,-0.26587,2
-1.3653,-3.0009,1
-0.22948,3.1537,3
0.37985,0.59691,2
-0.96103,-2.4082,2
-1.5122,-4.7718,2
2.546,-1.5239,2
5.1203,3.3399,3
0.14888,5.3188,2
2.2227,0.60402,2
0.40828,-0.109,2
1.5578,-2.5825,2
-0.8033,0.94113,2
2.6645,-1.8822,2
-0.68326,1.6484,2
0.19201,-2.6215,2
-0.3036,1.7648,2
-0.092591,-1.1144,2
1.4042,-1.5567,2
1.9736,1.6701,2
2.1149,0.53353,2
-0.32049,-2.0771,2
1.4436,-1.9812,2
2.4364,2.3322,3
-1.3158,-0.49769,2
1.0119,-2.0739,2
-2.6326,2.1549,3
-2.8656,0.69677,2
2.2762,-0.60763,2
0.83696,0.295,3
-2.0854,1.8819,2
0.50178,-1.0285,2
2.6622,2.5125,3
-0.011221,-3.2608,2
2.5291,2.6027,2
-0.38943,1.1564,2
0.38074,0.11364,2
3.1065,-1.3146,1
-0.11428,0.64769,2
3.3383,-0.39302,3
1.7633,0.44203,2
1.0544,1.6452,2
-1.2655,4.8191,3
0.3015,-2.7298,1
-4.7791,-4.1561,1
-1.6493,2.1437,2
-0.14004,5.2891,2
-1.9343,1.3939,2
1.6065,-1.4054,1
1.4281,-0.75189,2
-1.1529,-0.97417,1
0.93821,1.6101,3
-6.0573,-3.5578,1
1.5608,1.2685,2
-2.6456,-2.0022,2
-0.25033,-2.711,2
0.31276,4.2309,3
1.0496,1.3394,3
2.5644,0.54769,2
-1.6323,-2.4976,2
-0.88455,-2.3487,1
-1.5905,2.2613,3
1.2329,-1.7375,1
0.38277,4.667,2
-0.41247,2.849,2
0.12741,-3.382,1
0.66012,-0.14553,1
-2.4804,2.671,2
-0.84763,-0.71696,3
-0.15447,0.4789,2
-1.9445,2.2958,2
-1.7631,-3.1208,2
-2.2187,-4.3946,2
1.1951,-3.7857,2
0.94523,-1.2305,2
0.88324,-4.242,3
0.79934,3.8946,3
3.2836,-0.56996,3
-2.4611,-0.91123,1
-2.8918,-0.094265,1
-0.10636,-1.521,2
-4.4459,-2.3237,1
-3.6869,0.76955,2
-1.3846,-3.59,1
-2.7197,-2.0588,2
1.6647,-0.92038,3
2.7818,0.14371,2
0.28264,0.06718,1
-0.54042,-4.0002,2
-3.7281,-1.2863,1
-0.35615,-0.27026,2
-1.5093,-0.20063,3
2.9393,0.17878,1
-2.7265,0.98669,3
1.0523,-2.6172,2
3.0288,0.58013,2
-1.0983,2.4086,2
0.45006,-1.1994,2
0.077816,2.8551,2
-1.8196,0.19401,2
0.83274,-0.64414,2
1.3901,0.047985,1
3.8466,0.83563,2
-1.2564,-0.38038,2
6.0382,4.4008,3
-0.080021,-1.6587,1
-1.105,1.8133,2
1.6486,2.0532,2
5.3175,2.8447,2
0.19958,2.6889,2
4.8955,0.90603,3
-0.79727,-0.47366,2
2.2332,0.043695,2
-0.0084168,1.3096,2
-1.3231,4.0526,2
-1.1053,-4.46,2
-1.331,2.0951,2
2.1736,-1.5733,2
0.82018,2.215,2
3.4021,-0.366,3
1.419,2.9952,3
-1.7158,-4.4257,3
-1.1954,-0.78969,2
3.9953,0.63378,2
0.78378,3.5346,3
-0.5521,1.0242,3
4.9568,0.42088,3
3.2835,0.79337,2
-0.5534,2.1023,3
-0.716,-0.84205,2
-4.8346,-0.61918,3
-3.3078,-0.96621,2
-1.3995,-0.77777,1
-3.8922,-2.4346,2
-1.7999,-2.7174,2
-2.9252,-1.3101,2
2.3752,4.0455,3
-2.9082,-2.2587,2
-1.5451,-0.29083,1
-1.5722,-1.6148,2
0.93109,-0.67205,2
-2.551,1.1414,3
-0.36044,0.33619,1
4.6494,2.291,2
2.171,1.3087,2
3.7858,2.9475,2
4.2307,-1.1559,2
-2.2658,-2.806,2
-2.4765,5.5294,2
3.1068,-0.27457,2
1.3949,-0.081796,2
1.9141,0.39922,2
2.0356,-1.1585,2
-0.10998,1.1488,3
-0.6014,-1.8356,2
0.84686,-2.7561,2
3.7314,1.7287,3
-2.8966,-4.7044,1
0.88804,2.7513,3
-1.5299,1.8206,2
0.11061,4.152,2
-2.0055,-3.3486,2
-0.82641,-2.2888,2
1.3251,1.4797,2
2.3695,1.2713,2
-2.5057,-0.90658,1
-1.2204,3.3938,1
0.32747,-2.4778,2
3.9074,-1.395,2
-4.4119,-2.904,1
3.7094,4.7271,3
1.5613,-3.1238,2
-3.2036,-2.0233,2
-1.1287,0.13347,2
-1.8397,-2.6535,1
2.129,-1.8898,2
0.68333,-0.46702,2
5.6329,2.5466,3
-6.3493,0.25482,1
2.6047,-2.2561,3
-1.8485,2.6841,2
-1.0116,0.43563,2
-2.6849,-2.8317,2
-1.1554,1.232,2
3.452,2.0471,2
3.7829,-0.93058,2
2.9481,4.7628,2
-0.092516,1.0938,2
5.2985,2.7036,3
-0.079101,3.5637,2
3.6572,-0.31516,2
1.2245,0.68851,2
-2.5741,-0.11438,2
-2.8051,-0.22086,2
1.4874,4.4531,3
0.61122,-0.53566,2
-4.614,-0.81703,2
-1.4019,-3.7851,1
3.675,-2.3974,3
-0.27766,-2.4344,1
3.7368,0.61395,2
-4.0799,-2.2005,1
-2.4617,-0.86979,1
0.86621,0.074995,3
1.238,6.6229,3
0.46086,-3.7734,2
1.2982,-1.0751,2
2.1283,1.8449,2
-3.9415,-0.64813,2
0.79687,-0.40804,1
4.4067,2.2812,3
3.8939,1.0977,2
2.7147,4.1611,2
4.3338,-1.031,2
1.1249,2.5845,2
-2.8999,-4.6337,3
-0.50658,3.8626,2
0.18082,2.7786,2
1.4028,-4.52,1
0.86173,2.7523,2
-4.1577,-1.948,1
-2.7961,-1.8106,2
-0.42147,0.1836,2
1.3119,1.0723,2
-2.299,1.1301,3
-2.2944,-0.39496,3
-0.92613,0.99376,2
2.1083,2.8791,2
-3.3222,-1.5481,2
-2.4816,-3.7424,1
1.0725,-1.5711,3
2.4596,0.031173,2
0.53688,1.2475,2
-0.25629,-3.4363,1
0.07794,0.086583,2
5.0208,-0.97861,2
-1.3675,-0.91889,2
2.017,-0.48032,2
-2.3623,-2.7996,2
-3.5189,-3.6452,2
-1.0787,1.5284,3
-4.1154,-5.2111,2
-3.4366,0.77284,2
-1.0002,-1.3527,1
2.822,2.4529,3
1.8346,-0.62057,3
-2.3992,1.1463,2
-0.11032,1.1718,2
-0.41672,-0.4965,2
-1.4866,2.3643,1
0.69246,-1.3152,2
-1.467,1.018,1
2.9595,1.7523,2
-1.2846,-4.5272,1
0.037494,-0.5445,2
0.80736,2.8462,2
0.012263,0.49129,1
1.8208,3.207,2
1.9805,-0.2577,2
3.669,-2.1542,2
-0.5672,-1.4919,2
1.4487,-2.3144,2
2.0076,-3.4268,2
-0.23404,-0.36052,2
0.60281,0.45567,2
1.2255,-2.2391,3
-3.5571,-3.7498,1
1.2848,-2.6303,2
-3.3273,-1.8331,2
-1.1648,0.51602,3
-1.1901,1.375,2
2.0145,7.0401,3
-1.3005,0.070985,2
-2.4462,1.2881,2
-0.49845,0.71447,2
-0.16884,-0.39782,1
-0.72778,0.10999,2
-0.017547,-3.1696,3
-0.85971,-1.8623,1
1.6272,-1.4175,2
-0.58354,-1.9437,2
-4.1702,-0.62647,1
-1.7189,0.7231,2
6.4374,1.9401,1
0.19703,1.941,2
2.0902,2.8319,3
-1.4719,-0.12922,2
-2.6503,-0.79206,3
-1.3063,-1.7672,2
-0.76504,-0.1702,2
-2.3687,-4.4752,2
-1.0844,-2.2901,2
2.5056,-0.53384,2
2.7288,4.1685,2
2.5861,-1.9169,3
5.5948,2.0178,2
-3.3731,-2.1797,2
-2.4862,-3.4473,2
-1.5107,1.5069,2
-2.9244,0.41434,1
-2.758,-1.0163,2
-0.72902,0.53305,2
-2.5618,2.7596,2
2.3341,1.4727,2
-2.3208,-7.3309,1
0.4534,0.31686,3
-0.14663,1.2122,2
-0.67151,-1.5678,2
2.6253,-4.1032,3
2.3262,-2.1042,2
-0.31319,0.46823,2
-0.29897,1.1462,2
-5.0323,-0.39075,2
-2.5387,2.0635,2
0.16491,0.59418,2
0.59171,1.0091,3
-2.1839,-0.14888,2
1.8183,2.063,1
-1.3509,-4.0336,1
1.2764,-5.9074,1
-2.0803,3.3278,2
-1.992,-4.1125,1
-0.94363,0.3136,2
-0.40286,4.0245,2
1.1498,-3.0527,1
3.0347,0.634,3
-3.5533,1.6432,1
-2.463,0.60808,1
-1.6533,0.90244,2
3.1006,3.0438,3
-0.34391,-2.998,2
2.2491,1.5637,2
0.95606,0.45692,3
5.2156,0.063628,2
-1.4523,-3.7801,1
-1.5354,-0.55257,2
-2.5765,4.3961,2
-3.6723,-3.7487,1
1.2923,1.7107,2
0.41303,-1.3025,2
2.5252,1.2254,2
0.3714,-0.728,1
-3.8411,0.21141,1
0.8673,2.4314,2
0.55613,0.2779,2
1.6741,-0.89468,2
3.1763,2.352,2
-0.28712,-1.0606,2
-3.39,0.19668,1
0.44583,-0.4063,2
-0.49247,1.9521,2
2.3966,3.1748,2
-0.58021,-0.055518,3
0.57978,-0.067135,2
0.21121,-2.9603,2
3.1432,-1.7196,2
0.50494,-0.62918,2
4.0851,1.8754,2
1.403,4.7167,3
-0.14259,1.4617,2
-0.21056,-0.50465,2
-5.8811,-4.6818,1
-0.29004,2.2503,3
-2.0825,-2.9124,2
2.2816,2.0684,2
3.8108,1.0497,2
-0.0062055,0.03459,2
-0.30274,3.4125,3
-4.3274,-4.2886,2
-2.8351,-4.0455,2
-0.66898,-1.7348,2
-0.36765,0.15438,2
-0.4704,1.0839,2
-0.14304,-1.1377,3
0.32213,-2.2402,2
-2.6814,1.3717,2
0.48843,-0.28175,2
-0.70646,1.3242,2
-4.6068,1.2526,2
-0.50838,-1.9494,2
-3.2145,-0.99014,2
-1.5391,-1.5647,2
-0.55606,2.8674,2
0.92599,5.123,2
0.16357,4.7216,3
0.28119,-0.64859,2
0.35983,2.2677,2
0.37354,1.5658,2
0.63414,-0.8704,2
2.3105,1.786,2
-1.3781,-2.1507,2
-0.30188,-3.6503,3
-3.1213,-2.7845,2
-1.1487,-3.5955,2
4.5135,1.4463,3
2.8744,0.38617,2
-1.9555,0.94222,2
5.168,2.2483,3
-1.0898,-0.079514,2
2.5092,0.55187,2
-3.2561,0.39391,2
-0.53154,-1.7992,2
-0.56354,0.31759,2
0.49743,1.4726,2
0.71344,-3.3398,2
1.8112,1.8649,2
1.1223,0.8248,1
0.61936,1.0944,2
1.0842,3.7137,3
-2.1892,-6.6857,1
0.41758,8.8805,2
2.8412,3.0889,2
-0.048337,-1.1299,2
3.1265,-0.11722,3
-0.24302,1.5853,2
-4.7763,-1.6552,2
-3.874,-1.9618,1
3.2693,-0.39409,2
3.9801,10.472,2
-1.8602,-0.79735,2
-0.57092,0.65593,2
-2.5086,1.0438,2
-0.34635,1.9495,1
2.9672,-1.2509,2
-1.2714,-0.80819,1
-1.0748,0.89522,2
3.192,-1.9116,1
-1.0144,2.5512,2
-0.98436,0.64047,2
-3.1565,-2.2232,2
4.619,2.2729,3
0.14162,-3.322,2
-1.8249,-0.54597,2
0.47034,-0.37411,2
-3.7256,-0.61388,1
0.73732,-2.1495,2
-3.729,-4.4585,2
-0.87652,1.5553,2
3.5422,0.32375,2
1.9918,-2.4207,2
6.7133,0.63533,3
2.5054,2.4715,3
-1.0577,-1.444,1
-0.28523,-5.8096,2
3.8094,-0.1946,2
-1.1488,-4.5064,2
0.54737,0.73113,2
-2.9395,-0.35989,2
0.80935,-1.586,2
0.36866,-0.1678,2
-4.7559,-0.212,2
-1.4233,3.4484,2
-2.4245,-1.3437,2
-0.58765,-1.7835,2
-6.4762,-2.979,1
-1.0108,-1.5018,2
-2.7237,-1.1346,2
0.94443,0.66481,2
-1.7999,-3.0956,2
-3.1227,-5.351,2
1.4471,0.57763,2
-1.6977,-0.39079,2
3.8501,3.637,2
-1.5667,1.8483,2
1.0935,-0.084461,2
1.6982,-2.6286,1
2.9739,1.7743,3
-0.75462,-0.4479,1
-3.6537,-0.10206,2
-1.72,2.0199,2
-1.2045,6.1923,2
-0.30814,-2.7558,2
0.21939,-0.24169,2
2.005,1.8458,2
1.5347,-1.6435,2
1.3146,0.4358,2
1.2994,2.7438,2
-2.059,-3.2023,2
-0.94566,-0.038658,1
2.3502,0.052551,2
0.77218,1.1815,2
0.97449,-0.12675,3
-1.2804,-3.673,2
-2.0526,1.8206,2
-4.0704,-2.2061,2
0.24227,0.65606,2
-3.8478,-1.4344,2
0.43613,3.3456,2
1.0438,-0.14134,2
3.04,1.2506,2
4.2325,-3.2117,3
0.36309,0.29523,2
1.3608,1.9003,1
1.6609,-0.36253,3
-1.3926,-0.36447,2
-1.8735,-2.4605,2
-2.321,3.7926,2
-0.57758,-1.9579,2
1.9459,2.3314,3
-3.3728,-1.5533,1
-0.81684,-0.24373,1
3.032,-3.0183,2
-0.37378,-1.8912,3
-1.3436,-0.51183,2
-2.2421,0.19348,2
0.94587,1.2802,2
0.76755,1.8168,2
-4.099,-0.37026,2
-3.966,2.2904,1
-2.3617,0.51104,1
-0.44897,-1.1455,2
1.9213,-0.14356,2
2.6946,1.7912,2
2.1044,-1.2771,1
2.9903,-3.8208,1
0.75838,-0.052718,1
1.7048,2.2629,2
4.231,0.55908,2
0.06511,0.38768,2
2.9499,0.56912,2
-2.0428,-4.6049,2
-2.3796,-1.1726,2
-1.4244,-2.9962,2
0.45209,2.1977,2
-0.92714,3.9247,3
-1.9179,-2.7526,2
0.0084208,2.6606,2
-1.3148,-1.4371,2
3.2497,1.5223,2
-3.6684,-3.4734,3
-3.5001,-1.2615,2
-0.089187,0.49817,1
0.84791,0.56508,3
2.0277,-0.21687,2
3.5983,4.002,2
-2.2322,1.218,2
-8.0252,-5.2473,1
3.7148,-0.73421,2
-0.227,-3.2055,2
-1.9844,-1.0861,1
-1.5074,0.71934,3
0.44755,-1.3537,2
1.7102,-0.061419,2
0.60342,3.437,2
4.577,1.2892,2
-2.5711,0.37394,2
1.8448,-0.14522,3
-0.50905,-0.12318,2
0.30172,0.64951,2
-2.5087,-0.14044,2
2.424,-0.44333,2
-2.6874,0.70551,2
-1.8358,-0.59856,2
-3.6146,1.342,1
-0.45816,-2.7268,2
3.3839,2.4709,3
3.1362,5.1216,3
1.4619,-2.0231,3
-0.16012,-3.4661,2
1.3115,2.6325,2
6.8722,0.24519,2
-3.4698,0.37209,1
3.3326,-3.2298,2
5.2592,2.3729,2
0.20036,0.8117,3
-7.3949,-7.4447,1
-1.9156,5.8004,2
3.0182,-0.046903,2
-4.0952,-1.4361,3
0.59114,-1.3139,2
1.9497,-3.4866,2
-1.3967,-0.16873,2
0.043744,0.93362,2
-2.188,-1.4246,2
-6.2952,0.95197,2
-1.0345,-2.8159,2
2.7355,-1.1061,2
-2.6559,1.91,3
-0.18503,0.54119,3
-0.74216,-2.567,2
-2.9315,-3.6124,1
0.38745,-0.40605,2
1.5527,0.029983,2
2.243,-0.032797,2
-0.0064862,-0.03,2
3.1048,0.48253,2
2.7214,-0.82302,3
3.3877,-0.12539,3
0.59799,-2.1992,2
-1.8201,-0.63283,2
-2.3148,1.9886,2
2.2588,-1.4596,3
0.39392,2.6151,2
1.8151,2.16,2
-1.7024,-1.1504,2
-3.1585,1.9932,2
-2.0355,1.4746,3
0.71642,1.5205,2
-0.70121,0.15975,2
-2.0811,-1.6852,2
0.85276,-1.5421,1
0.95914,-1.8134,2
-0.9261,1.0967,3
4.3881,-0.41815,3
-2.5896,-1.7794,2
-1.7868,-0.60068,3
-4.2911,3.0903,1
3.4048,-0.72572,2
-1.4393,-0.47256,2
1.8662,-1.6437,2
-1.81,2.6445,3
-4.1207,0.53818,2
-1.7688,-5.8901,1
-0.069804,-1.6921,2
-3.451,-5.0872,2
0.46148,-0.5403,1
1.13,-1.0862,2
1.8841,0.051535,2
4.5883,1.5499,2
-2.0277,-2.6522,2
0.33438,-2.0503,2
0.93607,-0.17175,3
-0.45838,-2.726,2
-1.4372,-0.75678,3
5.1302,-1.3151,2
-4.1381,-0.54565,1
0.83645,-0.48075,2
-0.96811,-0.072449,2
-5.4126,-1.6421,2
-0.77918,0.4511,2
0.81143,3.3437,2
-3.6981,-4.3436,2
-0.42098,-0.16556,2
0.42884,0.63127,2
-0.82069,-0.53377,2
2.3699,2.4677,2
1.7808,1.4564,3
-0.73851,-2.388,1
0.99536,-1.8542,2
3.1206,3.36,3
0.31564,1.2237,2
0.49344,-2.2296,2
0.26897,-4.0676,2
0.9105,2.8385,1
0.27257,-0.81986,2
-3.625,-3.984,2
2.9253,-1.3139,1
1.1862,-0.42366,2
2.3459,-0.054026,2
0.69198,0.11443,3
-0.72653,0.97728,2
1.621,-2.0358,2
5.9869,-0.27396,3
0.24376,-3.7344,2
-2.873,-0.46627,3
2.6366,1.7682,2
-0.54572,-2.5549,2
-1.8335,5.9631,2
-1.576,-0.16993,3
-3.4832,-2.7864,3
0.30873,5.421,2
0.91669,-3.377,2
0.34846,3.415,2
-1.4124,3.4069,2
2.0915,0.48772,3
-1.8278,-2.8811,2
0.85037,2.0359,2
1.4132,-3.3457,2
0.40542,2.6798,2
-0.66105,0.7335,2
1.1124,1.5772,2
2.5028,-0.61061,3
-2.2936,-2.0004,2
0.72444,-0.45723,2
-4.074,-3.2421,1
2.5804,2.0981,2
2.1268,-5.3976,2
1.7929,-1.0472,3
3.4987,0.45723,2
0.076842,2.668,2
3.5491,0.016631,2
1.7895,2.1169,3
0.59893,1.4107,2
3.0738,1.6916,2
-0.36678,0.28009,2
0.59156,1.8402,2
1.1079,-1.2329,3
-1.8767,-1.8798,1
-1.7464,-1.2673,1
0.90118,-4.3891,1
0.50396,-1.3902,2
-1.4705,1.874,2
1.2818,2.6055,2
1.0543,-3.1889,2
2.8256,2.5172,3
1.2895,-0.1853,2
-2.5016,1.789,3
-2.5697,-2.1024,2
-1.2787,-0.70635,1
-3.733,-1.1717,2
-1.2536,-3.0133,1
-1.3298,2.9353,2
-1.1377,-1.6573,2
-2.0698,-1.9402,2
0.95386,-1.825,3
1.0226,-1.8292,2
-0.40425,-2.0679,2
-3.5724,1.1542,2
-4.359,1.6737,1
-1.0993,1.1333,2
0.62846,3.6902,2
1.1823,-2.6058,1
-1.1894,-2.746,2
3.6839,1.8987,2
2.1698,-0.64133,2
-0.67827,1.0983,2
-1.3451,-0.52376,2
0.43017,-1.3859,2
0.14787,-2.1976,2
-0.68736,-1.0567,2
-4.1839,-2.5305,1
-5.1392,-1.2997,2
2.8429,2.4065,2
-2.7283,0.97987,2
2.4313,3.2303,2
0.75263,2.516,2
1.9501,1.6316,2
-2.0211,0.30204,2
4.7835,3.8318,3
-0.29975,-2.4007,2
1.0851,-0.33217,2
-1.9759,-4.0018,1
-0.44794,-0.85781,2
2.3918,-2.8438,2
-2.8259,1.3737,1
-0.83506,-1.9702,1
0.86252,-0.58211,2
4.6575,0.82449,2
-1.4578,-0.78361,2
1.411,-1.7766,2
2.3063,3.8348,2
2.1661,-0.078453,2
-4.7856,-0.60418,2
5.2353,0.76116,3
-1.579,-1.0628,2
-0.046133,-1.5736,2
2.6594,1.1622,2
-2.0042,-1.0481,2
-1.6441,-0.76558,2
-2.9817,1.5126,2
-3.5377,-1.8609,2
0.19288,0.42584,2
5.3429,0.48767,2
3.7635,0.2413,3
-1.226,-0.033815,2
0.75844,2.2296,2
-1.7378,3.2354,3
-2.2225,-4.4003,2
0.27897,0.052559,2
0.95092,-2.9384,2
-8.0096,-0.99826,1
2.8244,-0.82452,2
-3.2127,0.19631,2
-2.8439,0.8774,2
-1.7786,-4.2685,1
0.10635,0.62715,3
1.2691,-0.2331,2
-1.2634,-2.4123,1
-3.5798,2.0728,2
0.38243,2.5996,2
0.89566,3.5527,3
1.2598,-0.8918,2
1.5128,-0.92773,2
0.35708,1.9091,2
-3.8862,-2.3993,1
-2.4265,-0.69142,2
-0.16482,-0.84108,1
1.6511,-1.6294,2
-2.1637,1.9994,1
-0.2828,-1.7125,3
-0.21209,2.4704,1
0.61356,0.40605,2
6.3402,0.62894,2
-3.4013,1.9655,2
2.8608,2.6834,3
2.6344,3.6082,3
-1.8261,-2.3677,2
-4.1398,0.55444,2
-1.1819,2.0241,2
2.5496,1.2939,3
-0.0755,-1.1979,2
-3.7439,-0.04478,2
-2.4432,0.070143,2
-3.6912,1.4093,2
1.863,-1.981,2
-1.7193,1.1181,2
-0.30702,-3.2516,2
5.2864,1.4794,2
-2.113,1.3676,2
1.395,0.22241,2
-1.149,2.9096,2
1.9106,1.5293,3
-0.61223,0.42611,2
-3.9852,-0.24561,2
0.036366,-3.2888,2
0.78324,1.7413,1
-0.88496,0.85785,2
-0.11281,-0.4737,1
6.4689,2.5055,2
-1.9729,2.9029,2
0.15794,-3.634,2
1.5637,0.62616,3
0.34642,1.1787,3
1.3812,0.74275,2
-0.62842,-1.3474,1
0.2187,-0.45239,3
2.8936,1.2663,3
0.015827,-0.75784,3
-1.8223,-5.8673,1
0.38466,1.9197,1
0.022665,0.23964,1
-0.61701,-2.1357,3
-1.0825,-4.2784,1
-2.5413,-4.0318,2
1.7099,5.1749,3
1.1699,-2.665,1
0.48877,-1.9665,2
1.8439,1.8835,2
-0.16078,-1.4475,2
-3.4878,-1.9579,2
-2.245,1.3993,2
5.9016,1.7446,2
-1.9558,-1.7379,2
-4.0374,2.9071,2
-2.4979,-1.8269,2
1.2167,-3.3518,2
-0.33744,0.52355,2
0.60091,2.0511,2
-1.1274,1.0165,3
-1.3833,-4.0052,2
-4.4356,-1.9036,1
0.31574,-3.2339,2
-2.7636,-3.0113,2
-0.71432,3.2421,2
1.6486,0.73559,1
2.915,-2.0854,2
-0.55432,-0.88687,2
0.096372,-1.1516,1
0.32129,-1.7612,3
0.096663,1.1294,1
0.84045,0.12934,2
1.3486,1.9596,2
2.3923,-3.3174,2
4.0812,0.28254,3
1.7955,0.17814,1
-2.0494,2.678,2
0.97598,2.4923,2
1.0026,1.7924,2
-2.2962,0.6573,2
1.9684,0.4086,2
-5.4234,0.69923,2
-1.3737,-2.8042,2
2.171,0.94008,2
1.2364,2.268,2
-0.34657,-0.89898,3
0.94219,-4.3295,2
3.1806,2.6898,3
-2.4734,0.53611,2
-1.3418,0.0040541,2
3.9144,1.7429,3
2.7845,3.8871,2
4.7963,1.3222,2
-1.1044,3.4617,2
0.72309,1.1068,3
0.21785,-0.22641,3
-3.1322,0.75787,2
-2.2366,-2.7589,2
1.8688,-2.2841,2
3.0249,4.2614,2
-0.93617,-1.3154,2
-4.5249,1.3374,2
-0.24574,-6.24,1
-0.65019,-1.6717,2
0.53657,-0.31271,2
-2.1632,-5.3459,1
-1.6633,-0.8134,2
-1.3892,-2.2724,1
0.067223,2.1111,2
-0.62427,4.3586,2
1.2334,5.5096,2
-1.7699,-3.8509,2
-2.9645,1.9074,2
-2.63,-1.5374,2
-0.81714,1.2795,2
1.6834,2.1101,2
-2.9718,-0.79853,2
0.77651,1.359,2
-3.0209,1.0114,1
0.58485,-0.01369,2
-0.21743,2.6075,2
1.7393,-0.5619,2
1.7376,2.9048,3
2.2837,-1.6357,3
-3.9292,-0.41718,2
4.2562,2.0604,2
-2.0325,0.67379,2
3.4194,6.2645,3
1.2391,-2.3407,1
-0.61802,-0.042954,2
-0.065154,2.1967,2
-0.77816,-2.6317,2
2.3964,2.0633,2
1.2702,-3.423,2
1.6249,-2.0016,3
-5.6408,-2.6185,2
-3.3075,0.4401,1
1.351,0.42953,2
-4.2463,3.1415,3
-0.025135,-0.51355,1
-1.2876,-0.17222,3
0.95139,-1.4548,2
-0.43,0.0036447,3
-0.13807,-0.46014,1
0.71276,0.7356,2
1.5661,0.92331,2
-1.548,-0.17755,2
-1.0289,0.80232,2
-2.87,-1.1824,3
-2.2351,-3.0367,2
-0.40987,-2.394,1
-1.094,1.7349,2
-3.38,1.6979,2
-0.047737,-1.5339,3
-0.019735,1.1522,2
0.58071,0.22433,2
-1.4854,-3.5596,1
3.3882,0.40064,1
3.3365,-2.7583,2
1.6409,2.062,2
-0.10895,-1.367,1
-2.1711,-5.3073,1
4.0378,4.1266,2
3.562,-0.94818,2
-2.956,1.905,1
-0.96735,0.62542,2
-0.47621,0.28048,2
0.82,-1.0534,3
2.763,-0.76635,2
-0.72014,5.7642,2
0.85724,-0.93565,2
-3.0854,-0.53576,1
-0.42186,0.88397,2
0.73373,-2.2881,2
-3.1414,-2.7821,2
-3.8404,-1.1415,1
-3.0689,-1.8648,2
0.27742,0.61128,2
3.4408,-0.77949,3
1.7513,0.70297,1
2.4467,-1.8023,2
0.78075,1.1363,2
-1.9495,1.6333,1
1.6754,0.95278,2
3.3855,1.9862,2
0.12515,1.2174,2
2.3905,0.7378,3
0.77338,3.6791,2
-0.63494,-0.74297,2
0.32272,-2.3553,2
-3.4243,-4.8685,1
-1.7443,4.8533,2
-0.58317,-1.375,2
-0.92234,2.4187,3
3.1776,3.6174,2
4.5455,0.95393,2
3.1194,0.94416,2
-0.22077,2.0724,2
1.0735,0.41589,2
-3.8989,2.7629,2
2.1668,4.1456,3
-2.1129,1.7532,1
-0.62932,1.2669,3
-0.15441,1.268,2
-1.5681,-1.0981,2
-0.84433,-2.2049,2
2.2528,1.9671,3
-0.9193,-1.1236,2
3.236,-1.5042,2
0.39045,-0.95253,2
3.1744,-4.3544,2
-0.74876,-0.78537,2
0.76662,-5.5109,2
-0.75558,-4.0233,1
0.44629,0.041635,1
-1.5094,0.91681,1
-1.0586,-2.9718,3
3.9283,-2.4847,3
1.8576,-2.6603,2
-2.0348,-3.9702,2
0.45515,-1.7789,2
0.8305,-0.18367,2
-0.58038,-0.62912,2
-0.9484,2.7696,2
-0.3013,-1.4687,2
0.77268,-2.7867,2
1.9776,1.793,2
-1.7264,0.38296,2
0.65028,-2.0591,2
-1.7077,0.45094,2
-0.039528,0.68945,2
1.5014,2.9813,2
-2.4746,-4.4831,2
-0.048799,-1.1667,2
2.6205,-0.26123,2
4.2184,2.3132,2
0.95325,3.496,3
-1.2496,-1.5925,2
-0.029989,-2.3901,2
-1.3322,-1.0059,2
2.5881,-1.1413,2
-1.4473,-4.1205,2
2.6213,2.3221,2
0.84834,1.4585,3
2.7779,0.03283,3
2.5976,1.5915,3
-0.98756,4.8519,3
-1.0046,-1.5682,1
3.3791,3.1727,2
-1.5469,1.314,1
0.70497,1.1859,2
2.7522,-1.2242,2
0.82896,7.1022,2
3.1049,1.3102,3
1.6079,-1.274,2
-0.99971,-3.4142,2
0.3722,3.0803,2
3.0502,2.573,2
-1.1614,-1.2809,2
0.7928,4.1615,2
-0.13474,-2.5584,2
-3.2965,-4.6758,1
-0.86341,3.2675,2
3.0608,2.3159,2
1.3181,2.8146,2
2.3516,1.5209,2
1.2041,0.24098,2
4.8629,-2.5312,1
-0.26715,-4.6876,3
1.6447,3.2635,2
-1.375,-0.14144,2
-1.7569,-0.71615,2
3.702,-1.1098,1
1.1696,2.6284,2
0.91365,-1.0047,2
-1.1457,2.6984,2
-0.48024,3.7675,2
-2.4425,-1.7135,1
-4.3141,-5.0275,2
0.77725,2.4815,1
-5.5758,-2.4998,2
2.5793,-3.3252,2
1.8819,-1.6126,1
0.46103,-2.7029,2
3.2882,2.2092,2
-1.7647,0.96387,2
0.40972,0.94974,2
0.15612,-2.5357,2
0.99898,0.32004,2
2.4011,0.70476,2
-2.7905,-0.51242,2
-1.6201,0.87405,2
1.1075,0.11366,2
0.84185,0.10002,3
-1.3231,-0.38783,2
1.2876,3.0063,2
1.5286,7.2834,3
-0.44384,-3.6549,2
-4.7172,-4.0575,2
-0.7089,-2.995,2
-4.2061,-1.6073,3
-0.94189,-0.034622,3
0.11849,-1.1545,2
2.3841,0.89476,2
4.7106,1.4836,2
1.4813,1.5179,2
-3.596,0.14987,1
1.0008,5.8035,2
0.66251,-1.6153,2
-4.4938,-4.5843,2
-5.0497,-3.6053,1
-0.67438,1.5303,2
-2.9392,-2.9952,2
-1.7933,-1.6815,2
0.46702,2.4338,2
3.2626,4.4295,2
-2.0001,5.3852,3
-0.37925,-1.3467,2
-0.037772,-1.139,2
0.71284,0.35138,3
2.4385,4.9805,2
-0.21408,-2.7596,2
1.9593,1.1557,3
-2.9781,-1.5934,2
0.31098,2.4238,3
-1.5728,-0.62351,2
0.87768,3.138,3
1.205,1.3386,3
-2.6444,4.0576,2
0.51637,1.4147,2
-1.7059,-3.6332,1
-0.46268,2.8798,2
0.35341,-1.5669,2
3.8664,-2.4309,1
-4.7571,-2.3485,2
2.3047,-0.99701,2
-3.3974,-4.5611,2
2.881,1.0146,2
4.3504,1.6886,2
2.909,4.0229,2
-4.1545,1.2322,1
1.2654,-2.226,1
-2.0811,-0.33996,1
1.7379,1.8176,2
2.3277,-2.3717,1
-0.041345,-3.3416,2
-1.8516,-0.30372,1
-1.2162,0.80703,1
-0.30354,-0.49408,2
-1.0173,-0.28731,1
-5.4039,3.1537,2
-2.5267,-1.0371,1
0.9515,-1.0724,2
-3.0826,-1.6015,2
0.7846,-1.2742,2
0.30104,4.1986,2
2.4155,1.3971,2
0.59766,0.25456,1
-2.2658,-0.4843,2
-2.1409,-2.7241,1
3.1567,4.9511,3
2.0328,-0.7258,2
-0.49642,2.7823,2
-0.47998,0.83238,3
1.2928,-0.83428,2
-4.6244,0.051698,2
1.5813,1.1396,1
1.8582,-0.064707,2
-2.6513,-3.0102,2
-1.0305,-0.39846,2
3.2474,4.1125,3
-1.912,-2.5259,1
-3.5144,-0.70861,2
1.2276,1.8373,1
1.3691,-3.5773,1
1.4256,2.1947,3
-0.83165,2.7505,2
-1.8705,-2.754,2
-2.0649,2.8572,1
2.1615,-1.7734,2
1.3127,1.0782,3
-3.5639,-2.8491,2
2.3428,0.81064,2
0.72836,0.42966,3
0.59371,-4.159,1
-2.8473,-2.7771,1
0.95302,2.0389,2
-1.4256,0.55773,2
-0.43034,0.5545,2
1.2663,3.4101,2
-0.8464,-1.9441,2
1.1009,3.2439,2
-2.7828,-2.9155,2
0.050196,3.9094,3
3.756,2.9106,1
1.0656,-3.0876,2
1.0232,-1.2248,1
3.014,-1.0028,3
0.037495,2.8487,2
-4.5102,1.2237,2
1.5031,2.9133,2
3.4492,1.7526,2
2.4455,4.1765,2
-0.99973,-1.8274,1
3.4501,3.0636,2
-0.54826,-0.025704,2
1.1374,2.2927,2
1.671,-0.71772,2
-6.003,-1.5294,2
1.3449,1.1378,2
-0.4812,-2.662,2
-1.9005,1.6877,2
3.5156,2.6098,3
0.079964,0.41149,2
-1.799,1.9452,2
1.4885,-0.349,3
0.98509,0.11524,2
-1.4876,3.2529,2
-3.8384,0.20764,2
1.8432,-3.7609,2
1.0847,1.1411,3
-1.8985,-1.7262,1
-1.7156,3.8714,2
2.354,-0.013915,3
-3.4209,-2.8942,2
-1.7348,2.4402,2
2.6937,2.6799,2
0.086208,-2.8008,2
-2.8388,0.044608,2
2.0995,0.68611,2
-0.68997,2.0688,2
0.73912,-3.5763,2
0.36675,-3.0783,2
2.7794,0.053447,2
-3.5473,0.016856,2
0.84333,-1.8327,2
-0.20184,-2.1392,2
-0.094483,-3.9081,1
0.42571,0.72756,2
0.40775,3.447,3
0.94971,0.28074,2
-1.7454,5.4248,2
-2.9151,1.458,2
1.7442,1.5905,2
-0.90872,-2.6532,2
5.2399,2.4766,1
-2.1819,5.1883,2
-2.3243,0.99696,2
2.9085,-2.8605,2
-0.048347,1.4349,2
-2.1723,0.62082,2
2.2469,-3.4746,2
3.1557,1.0243,2
-1.6134,2.2409,2
-0.082388,-4.3412,2
-0.20742,0.22398,2
-3.0856,-2.6653,2
0.2781,-3.7043,2
-0.60295,-2.2461,2
-0.54245,-0.23497,2
2.2147,1.8987,3
2.7974,3.29,2
2.8091,-0.99164,3
-3.9181,1.041,2
0.97446,0.079261,2
3.4933,2.3833,2
1.3801,0.43132,2
-1.5987,1.547,2
-1.9056,-1.879,1
-1.2565,-3.4244,2
-0.48826,-1.5061,1
-1.4735,-4.0781,3
-0.97058,-1.5591,2
-0.48867,-3.1803,2
1.2686,-1.9792,2
-1.2383,-4.0762,2
0.61965,0.21272,3
2.5092,-1.7361,2
-2.6678,1.4388,2
-1.1224,-2.1127,2
0.91371,0.56525,2
0.61686,-0.10139,1
-1.9869,3.7963,3
1.8187,-0.49414,2
-2.2384,-0.32274,1
-4.0771,0.4444,2
-0.73262,-3.9953,1
-1.7991,-0.80638,2
-0.44934,-0.10286,2
3.8861,1.6927,2
-1.8109,0.55758,2
2.395,1.23,3
0.70179,3.0788,2
0.1233,1.1731,2
-0.89918,-0.744,1
-1.1426,-0.034434,2
-0.23815,0.086823,2
-0.65681,0.38125,2
0.11459,2.2095,3
3.2294,-1.8027,2
-4.1295,-1.2011,1
-2.1587,-0.074054,1
0.020747,-2.1443,1
0.57241,-2.2858,2
1.1879,-0.65217,2
-1.457,2.4027,2
1.3035,-2.1912,1
-2.8076,-2.7009,1
-1.1158,1.4581,3
4.2185,-2.7063,3
-1.7706,3.8,2
0.44286,-1.0172,2
1.6275,0.42733,2
0.19125,-1.2085,2
-1.0306,3.0083,3
0.64962,1.9727,1
-3.693,-2.0432,2
-2.6786,-0.087782,2
-3.9017,-2.7135,2
3.0587,2.1396,2
-0.9119,1.5622,2
-0.71866,-3.1914,2
0.0079381,-0.62425,2
1.538,-2.8653,2
-1.6622,0.81521,2
-0.067406,-3.5298,2
1.584,-3.0583,2
-0.53765,0.92118,2
0.24001,-1.8251,2
-1.3546,-2.7238,2
-5.0836,1.5506,1
-0.24076,3.16,2
2.5886,1.6474,2
-3.6048,2.4898,2
-2.8322,-0.96717,2
-1.4901,-2.1658,2
-0.61653,-5.0739,1
-0.77807,0.80053,2
0.044923,3.45,3
-1.3252,-1.1732,3
6.199,-0.90444,2
-2.7897,-0.21789,1
2.4493,1.2117,2
3.0916,2.5573,2
-2.2545,-0.85953,1
2.3416,2.1445,2
1.2809,2.3904,2
0.28846,-3.1535,2
-0.71471,-0.72751,2
1.997,-2.0213,1
1.9175,-0.59158,3
3.659,2.2524,2
0.73752,-0.53167,2
-1.4315,2.7531,1
-3.4459,-1.4851,1
0.24078,1.902,2
-1.3255,2.7448,2
-3.8401,1.1362,2
0.31964,-1.1083,2
0.10008,1.4554,2
3.3522,-0.98918,3
0.1844,-0.30703,2
-2.5767,1.6195,3
4.3351,3.9234,3
-1.4201,2.1993,2
-0.71608,0.56086,2
-0.64007,-1.7351,2
1.5576,5.7828,3
0.50411,-1.1975,2
1.3022,-3.4853,2
3.4405,-1.3388,2
-2.2077,-1.3938,2
0.38264,1.7908,2
0.44832,-0.27969,2
1.1832,-5.9861,1
0.96231,1.7293,2
-1.9688,0.42147,2
0.96787,0.5592,2
0.2728,0.65716,2
-0.55443,0.09182,1
4.7781,-1.2188,3
0.76623,3.2606,2
-2.395,-2.423,2
-0.93129,-2.032,2
-2.0092,-5.2682,2
1.1238,-1.2441,2
-0.038748,-1.8523,1
0.54738,4.8725,3
2.0478,-1.4999,1
2.6474,1.1727,2
0.36591,-2.7518,2
0.92584,0.027405,2
0.75979,-0.31209,2
0.010968,-1.4741,2
-4.4604,-3.7781,1
1.2212,0.26644,2
-2.3085,-0.12563,2
-2.5485,-3.4018,2
4.111,-2.0209,2
-0.47891,-2.8229,2
1.6094,2.3581,2
-0.76809,1.7123,2
-1.1705,1.1043,3
1.0468,-1.6004,2
2.4023,1.8194,3
-0.079967,-2.5213,3
2.8358,2.8153,3
-4.2536,1.4232,2
3.2268,5.3821,3
-0.24906,0.042906,2
2.0425,-1.4614,2
2.5918,2.0631,2
1.678,-1.4187,3
-2.6815,-0.38108,2
0.98638,2.747,2
4.3539,4.2303,2
-0.32771,0.58522,2
2.573,2.1495,3
4.5668,-0.30403,2
-1.2097,-0.1216,2
0.5869,0.096069,2
4.7836,2.8434,3
-0.20263,2.5989,2
3.7392,-1.3852,2
2.4422,1.0638,2
0.96795,-3.0858,2
-0.66419,-0.92469,2
-2.3069,-3.1857,2
1.8066,-1.6875,2
-1.0684,-1.5031,2
-1.999,-2.2639,2
-3.3763,-2.7729,2
0.74422,0.99532,3
0.657,-0.63175,2
1.4065,-3.6897,2
0.18018,-0.6946,2
-3.8534,-2.5088,1
0.086889,-2.8747,2
0.36199,1.5367,2
-0.68916,1.0505,2
-1.7501,-2.0952,2
-0.62265,1.7496,2
-0.5668,-0.30297,1
1.6134,0.46763,2
0.21916,1.618,3
2.2745,4.2725,3
-0.17911,2.2395,2
1.6772,0.77625,2
-1.4782,1.6729,2
-0.70316,0.23256,1
0.9766,-3.0194,2
2.1186,-1.1495,2
2.0932,-0.67186,2
2.4546,1.9335,3
1.4872,-2.4102,2
-0.39051,-1.0321,2
2.4024,-0.0022962,2
0.29447,-1.2275,2
-3.1387,0.57452,2
-3.7207,-2.6261,2
1.7918,-0.7832,2
3.3703,0.62172,2
0.76443,0.82987,3
-0.0896,2.8045,3
-0.95099,-4.5279,2
-2.372,-2.6701,2
-0.39383,-2.2973,2
2.0348,6.212,2
-1.3669,-0.36731,2
1.4002,-1.4453,2
-1.2101,-2.9578,1
-0.22833,-2.1792,2
1.2888,4.459,2
-0.16228,2.8177,2
-1.4008,0.77054,2
-3.704,-2.2671,2
-1.0316,3.8529,2
3.5746,-0.23225,2
0.82269,-1.3158,2
-2.3345,-4.7727,2
2.4745,-1.45,2
0.27704,-0.12741,2
-1.922,2.6004,1
1.5966,-2.6472,1
0.4884,-0.3684,1
0.38318,-0.76789,1
0.59528,-3.0818,2
-2.6435,1.844,2
-1.289,-1.2839,2
1.9534,4.8339,2
-3.2616,0.30502,2
-2.0023,-3.83,1
-3.1239,-5.6955,2
-3.3439,-0.6304,1
-1.5439,1.0144,2
0.087873,-2.8659,2
-1.4731,3.0737,2
0.76198,1.1395,2
-1.6392,4.6281,3
2.9199,1.1593,3
-2.597,-3.5212,1
1.4575,2.1327,1
-4.1193,-1.8984,2
4.7142,-0.62379,2
-0.25699,-0.75965,2
0.49272,-2.6361,2
-0.75127,-0.38722,2
2.3968,4.1743,2
3.166,0.5303,2
1.0295,2.7917,3
-3.8715,-6.6214,1
1.996,1.7063,3
-1.2558,1.2854,2
-3.7056,-3.8014,2
0.59769,-3.1545,3
-2.9457,0.67318,2
-4.6396,-1.2902,2
2.289,2.6007,3
-1.6617,0.17284,2
3.3473,2.9818,3
0.8472,3.6982,2
-1.9803,0.50158,2
2.2545,-2.5423,2
-1.2089,1.5297,2
-2.8189,-3.0982,1
-0.81314,2.0197,2
2.6049,1.4054,1
-2.9737,1.596,2
1.8,-3.2316,3
0.35683,-0.43332,2
1.7649,4.9722,2
-1.8807,0.2083,2
3.7816,1.5974,3
-1.0879,1.2025,2
0.44505,-2.9666,2
-2.1302,-1.0435,1
-0.71648,0.51473,2
3.0393,-1.2019,2
1.5563,-0.93755,3
0.12883,-1.3455,2
4.1161,3.5429,2
2.0434,3.7136,2
-3.9192,-1.236,2
1.3774,-3.6895,2
4.5769,1.3527,2
0.99365,-1.0152,2
0.99093,-3.0625,2
0.6165,0.45566,2
-0.60572,-2.5662,1
-1.0135,-3.9172,2
-1.5533,0.89025,2
-0.67317,-1.7819,2
-0.46728,-2.1381,1
0.050038,0.90994,2
2.5751,-1.4383,1
-2.0085,0.51933,2
1.0256,0.4118,3
-1.9592,-2.4953,3
4.7483,-2.2169,2
0.07024,-1.0327,2
-3.4263,1.9889,1
3.4048,5.5447,3
-0.75419,-4.9487,1
-3.7313,-3.1863,1
-3.273,-4.8933,2
-3.2833,-2.3808,2
-2.7819,2.9033,2
-2.6181,-3.0459,2
2.9506,2.5068,3
-0.92156,0.92077,1
0.25617,0.81229,2
1.4315,0.45822,3
7.5653,2.2116,3
1.3266,-0.24626,2
3.2233,1.18,3
-0.98798,2.8243,2
1.0087,-3.2314,1
0.015717,-1.2659,2
2.2368,0.91039,3
-3.7032,-2.0535,2
7.4048,1.6198,3
-2.762,0.39145,2
-3.4752,1.9702,2
0.45322,3.964,2
-1.9117,-3.5935,2
-3.2475,-1.4362,2
-2.2598,0.19538,2
-1.574,-3.157,2
-0.70949,-1.7816,2
-6.5897,-1.3682,1
-4.4724,-0.0017911,1
0.52417,2.9881,3
-1.256,-1.521,2
-2.4669,0.92093,2
-0.0091335,1.6058,2
0.71877,1.5397,1
3.1848,1.3426,2
1.9086,1.1597,2
-2.4801,1.2059,2
-3.2289,0.83202,2
-3.6299,-5.4538,2
-0.63552,0.93437,3
0.0050633,0.31468,3
-0.092492,3.8768,1
4.0848,2.1823,3
4.2857,-1.4927,2
-3.4815,-1.0582,2
-1.1771,-1.6694,2
0.8036,1.0211,2
-0.38551,-3.7103,1
-2.4901,-5.002,2
-0.84075,-0.36761,1
0.71442,0.0033755,3
1.0011,-1.4903,2
0.9302,-1.8698,2
1.6574,1.6485,2
0.40437,1.7561,2
-2.3621,-1.6261,2
1.7585,3.9758,2
0.84827,-2.8226,2
1.9373,-0.287,2
2.1585,3.4586,3
0.13518,-0.92742,2
4.8332,0.54743,3
-2.1287,-0.85067,1
-2.6082,-0.20559,2
0.86567,2.8342,2
4.205,3.403,3
-1.7024,-1.4057,2
0.66107,-2.0351,2
-0.12814,-0.55227,2
0.48012,-0.88952,3
-1.4441,1.5565,1
-6.1083,4.7149,2
1.5045,-0.1825,2
1.6503,1.6779,2
0.88355,0.69991,2
-0.74884,4.1882,2
-0.41536,0.16079,2
-2.3053,1.1952,2
0.8911,1.6282,2
1.1826,3.5819,3
-1.6551,-1.1189,2
-0.67418,-1.6858,2
2.8086,1.0279,2
1.4762,2.3544,2
-0.24241,2.2064,3
2.8437,1.2186,2
0.4555,1.4487,2
-0.49318,-2.77,2
2.7894,-0.4194,1
1.4472,0.89917,3
-0.90939,-1.7322,2
3.427,-3.3809,2
0.3021,-0.30586,2
-3.3566,0.73088,2
-2.3616,1.2406,1
-2.3174,2.021,2
0.27368,-1.0441,2
0.049129,-0.46355,1
-1.2324,-0.19891,1
-3.0578,-1.7926,2
4.7277,3.9602,1
-4.1345,-2.0474,2
-4.201,0.74549,2
-1.5714,-0.86798,3
0.89451,2.7413,1
2.6662,1.9779,2
1.1896,-0.15382,2
2.4455,0.49969,2
2.5877,1.7277,3
1.0155,2.6556,2
-2.9402,-3.539,2
-0.23092,0.18586,2
-1.3956,-1.7093,2
-2.5999,1.7731,3
-1.3276,-2.8224,2
-0.41288,2.5369,2
2.34,-2.35,2
4.8743,6.2904,3
-2.2618,3.7135,2
3.0102,2.4264,3
-2.1628,-0.98898,2
-2.0578,-0.62041,2
-1.5517,6.243,2
4.3991,1.5988,2
-0.10799,-4.4269,2
4.0187,0.91414,2
-0.50305,-0.26282,2
-3.9,-3.9914,2
0.10389,2.0809,2
0.71845,0.64258,1
-1.8046,2.1375,2
-1.7933,3.0772,2
-0.28367,0.2511,2
-4.6671,-2.6151,2
-0.34375,-0.086889,2
0.69384,3.0234,2
-1.119,-0.76725,1
-0.16944,-0.29908,3
0.94152,1.4856,2
-0.0601,-2.178,2
1.3677,-2.6491,1
1.0934,0.25203,1
1.0663,2.3504,2
-1.0506,-0.88916,2
0.011025,0.7916,2
1.1498,-1.2954,2
-3.3707,1.5158,2
3.2413,1.8555,1
1.2684,-0.040394,2
1.9278,1.4024,2
-1.3163,-2.7905,1
-0.035777,-0.56585,2
-2.5109,-1.9358,2
-1.2723,0.11306,2
2.4932,-2.1215,3
5.2305,-2.1551,2
1.6751,2.4297,3
3.6237,1.0237,3
-3.2821,0.90514,2
-1.8753,1.1178,2
-2.7318,2.5007,2
1.5085,0.61987,3
-1.4192,-5.7699,2
-0.025069,0.31392,2
1.2783,0.87046,2
0.68842,-1.7633,2
1.7107,1.0659,2
6.2618,3.3077,2
-3.5915,2.8525,1
1.2484,3.4714,2
0.1516,3.3475,2
-4.639,-0.43118,2
-2.901,-1.7379,1
-1.1731,0.5836,2
-0.15031,-3.1819,2
0.46665,-1.0613,2
2.5977,-0.30444,2
0.20439,-0.56305,2
0.57345,1.4328,2
1.7871,2.631,2
1.0592,1.5797,2
1.2259,3.0067,2
0.54297,5.7265,2
-0.0086212,3.3041,3
1.0878,-0.51459,2
-2.3417,1.5626,2
-2.2412,1.2177,2
1.9682,1.7853,2
4.477,1.2828,2
1.0421,-0.44658,3
-2.6149,-3.5275,2
1.5505,0.83937,2
-1.9796,-0.52667,2
3.1805,2.1225,2
-0.58956,1.6993,2
0.51161,1.973,2
-0.33789,-0.09889,3
5.3893,4.2624,3
1.5442,2.5897,3
4.508,-1.4429,2
-0.90455,0.90641,2
0.096083,-0.78079,3
-2.3514,0.16157,2
0.37506,-0.053981,2
0.11955,1.7204,2
2.3198,0.35327,3
1.6412,-1.4913,2
-1.1277,-2.0242,1
0.94498,0.35684,2
-4.1214,-1.3247,1
-1.0898,-1.196,2
0.37514,0.9598,1
0.504,-1.6873,2
-2.2047,-1.4698,2
3.4743,1.3815,3
-3.5719,0.81683,2
-1.7313,3.0203,2
0.98617,-0.60191,1
-0.085261,-1.732,2
-0.58746,2.0975,3
-1.009,-0.45732,3
-0.59047,0.60939,1
0.81411,1.5662,2
-0.4043,2.4283,2
0.43058,0.51171,3
-0.84973,-2.7358,2
-0.39563,0.208,2
1.8516,-1.1623,2
3.9492,2.0827,2
1.0375,0.13558,3
1.9612,2.4435,3
1.1837,-4.1882,2
-2.2531,2.1594,2
3.46,-1.8305,1
1.7568,3.4476,3
1.2114,5.7162,2
-3.572,-5.159,2
-0.95873,4.181,2
-0.75386,-0.10225,2
-2.7663,2.9286,2
1.1673,2.1513,2
2.9673,1.5396,3
-0.46621,3.2462,2
2.0882,-0.044338,3
-5.2719,-1.6345,2
0.19455,2.9118,2
0.92002,1.7145,2
-0.12763,2.6811,3
-0.046041,2.194,2
-2.2938,0.371,2
0.059881,0.0095928,2
-0.22879,-2.3437,2
-0.67929,-1.823,2
-1.0359,1.4505,2
4.0253,-0.49109,3
1.859,-3.9481,2
1.7782,0.021381,2
2.6091,6.2395,3
0.75335,1.6747,2
-3.0345,0.59028,1
-2.1562,2.3707,2
-1.373,2.4401,2
-1.9051,1.4578,1
-2.1544,3.1166,2
0.29518,-1.7977,2
-1.3668,0.78851,2
0.24386,3.3231,3
0.78487,0.20913,2
-0.20359,4.4216,2
0.45933,-0.010952,2
-2.2199,0.44258,2
-2.0661,0.09975,2
3.1458,0.98383,2
-1.2156,-0.87509,2
0.089611,-1.6171,3
4.025,0.12911,1
3.3256,1.9407,2
0.78406,0.62926,2
-1.4599,-3.6084,2
-3.0539,3.8463,1
0.8292,-3.0952,1
3.6949,1.1134,2
3.0165,1.8226,2
-1.1634,1.7958,2
-2.8633,-2.0581,1
-4.5083,-2.2369,1
-2.6893,-1.9932,2
2.7505,1.3068,3
1.1539,0.27927,2
2.7588,0.81231,2
5.5276,-1.3368,3
1.5244,-1.6837,2
0.57403,3.435,3
3.6341,4.9227,3
-6.1743,-1.0326,2
0.90503,-0.25224,3
2.1369,1.9622,2
0.68708,3.2979,3
-0.31619,-0.2713,2
1.1325,0.65435,2
0.23576,-1.235,2
0.14049,2.5226,1
-0.84528,-5.022,2
-0.95147,-0.80026,2
0.98213,-2.1406,2
-0.26359,-1.3943,2
0.25778,1.2961,3
-0.51594,-5.1925,2
-0.50138,1.2106,2
-2.4274,0.10067,1
-4.5207,-0.85219,2
2.3896,2.5834,3
1.9943,-1.0695,2
-4.2651,-0.14199,2
-1.8596,1.5997,2
2.8769,0.35606,2
-0.064442,0.25547,2
-0.35959,-3.1553,2
3.2093,-0.22891,2
1.6497,3.6186,2
0.84165,-1.2505,3
5.9873,0.43717,2
1.5019,0.63544,2
0.25801,-3.7136,1
-0.91601,4.289,1
-1.5403,0.011042,2
-0.73314,-0.18537,1
1.3293,1.6453,2
0.068671,2.4725,2
-1.8662,0.90569,3
-2.2629,-0.069493,2
-3.5355,-0.090751,2
0.43222,-1.0474,2
0.51787,-3.7683,2
3.2984,1.2653,2
1.2323,-0.23489,2
1.8169,3.4355,2
-3.0777,-2.2759,1
-2.6594,-4.1629,2
3.2315,1.2064,2
1.2618,0.52763,2
-0.57279,1.8207,1
-0.18176,1.2288,2
1.4252,1.8881,2
-0.24244,-1.0697,2
1.7394,1.4064,2
-1.1602,-4.3237,2
1.0044,0.64244,2
-1.6034,1.6189,2
-3.937,2.1741,2
-0.33179,3.3046,2
0.088159,-0.073238,2
-1.7943,-0.40164,1
0.58857,0.35093,2
-1.927,-0.99378,2
-1.8382,-4.1711,1
0.053593,-7.014,2
-2.6891,-1.3767,1
-1.4592,-0.11221,1
-2.0911,3.6765,2
-0.29363,2.5898,2
0.5916,0.63489,3
1.7423,-3.0843,1
3.9775,0.54592,3
-2.5397,1.6796,2
3.1726,-2.1283,2
-1.2907,-0.21874,2
0.43173,2.9644,3
-1.8419,1.8055,2
-0.83303,1.5654,2
-0.89595,1.878,2
1.3318,-2.554,2
-0.68585,0.43648,3
-2.5144,-4.472,1
0.87243,3.5033,2
1.7441,-2.1071,2
-2.9044,-0.45564,1
3.4162,0.037463,2
1.1886,-0.82114,2
0.7762,-1.9354,2
-4.9712,1.152,2
-2.4359,-2.9601,2
0.68223,-5.2334,2
3.2084,0.89735,1
-1.2819,3.0405,3
1.5795,-4.0026,2
0.84263,-0.67374,2
3.3967,3.0465,2
0.68582,-0.88725,2
1.7022,3.5998,2
-2.4548,-1.6367,2
-0.84258,1.6009,1
-0.35237,1.939,2
-0.69592,-1.2293,2
-2.9219,-2.6054,1
-3.0911,-3.596,2
-1.2386,-0.79057,2
-0.97463,-2.21,2
-0.79314,3.701,3
-0.6418,-3.3508,3
-4.2774,-1.0038,1
2.5177,2.8727,2
-2.0123,-1.7514,2
-1.6757,2.2814,2
2.3711,-0.62451,2
-2.5274,-2.2357,2
-2.9018,0.30734,2
-2.4697,3.1494,2
-1.789,1.0124,2
1.2997,-0.82294,2
0.84943,7.1569,2
3.6743,3.1279,3
-1.2575,4.0922,2
-1.7376,1.0651,3
-0.87978,-0.61393,2
-1.7133,1.3814,3
0.74931,4.2909,2
-1.2064,-4.4329,1
1.489,5.2109,2
-0.50844,-6.1828,1
2.4003,-2.6024,3
0.32904,-0.19072,2
-1.4481,-0.87751,2
-1.916,0.74832,2
1.3713,1.5239,3
3.2863,-3.1171,2
4.6375,-4.6525,2
2.8618,0.47298,2
-1.6185,-1.5235,2
2.1195,1.2114,2
-2.8532,-0.78729,1
-3.2794,1.6787,1
-5.1968,-4.0501,1
0.19434,-2.4578,1
-0.45229,2.6071,2
0.80362,0.52366,1
-1.8339,1.5405,2
-1.1699,5.9821,2
-3.9022,2.9217,2
3.3301,-1.4518,1
-1.3344,1.0706,2
-0.63431,2.7989,3
0.39719,2.5655,1
-0.8367,1.3559,1
-0.47728,-1.9861,1
2.748,-0.62118,3
-1.6376,-0.97876,2
-0.15271,1.9303,1
1.1905,-0.44582,2
-0.31376,-3.8327,2
-2.1934,3.9274,2
-2.2721,-0.20988,2
0.11476,0.21043,2
-2.2048,0.22366,2
-1.4423,0.94873,2
-2.3501,-1.814,2
-0.77509,-2.4014,2
-2.3816,1.789,2
2.7307,0.38352,1
-0.86287,-1.1159,2
-0.90025,-0.35924,1
-1.6084,-3.076,2
1.7772,1.7111,2
-0.69665,-1.1075,2
-4.5089,-3.8691,1
3.2593,0.20096,3
0.64516,5.7062,3
-2.764,-0.67988,2
0.67777,0.85096,2
1.0904,-1.9721,1
4.4249,2.2121,3
-0.94166,3.1812,2
4.3186,0.19246,2
-0.95038,1.4819,2
-2.1385,-2.567,2
2.1978,-3.2566,2
-0.80726,0.37924,2
-0.54753,-2.8175,2
2.6647,3.4044,2
-1.1831,2.4155,2
0.63608,-1.7332,3
-2.2025,-0.035837,2
-2.7875,1.8524,1
1.2087,-1.943,2
1.8053,4.8214,2
-3.5858,-0.22229,2
1.3131,2.0993,2
-1.1414,-2.978,2
0.9829,-0.14778,2
5.5933,-3.3321,2
0.83694,-0.90096,2
1.6163,2.8575,2
-2.6889,-3.4113,1
4.7562,-1.0582,2
-3.4609,-0.93749,2
2.2035,4.7655,3
-1.847,3.0407,2
-1.3964,-0.78508,2
2.0613,-1.5166,2
-0.20095,0.59025,2
-1.4445,-4.0081,1
-1.7434,0.69234,2
0.0068086,-2.6429,3
1.7906,1.5963,2
-0.71021,1.4782,2
0.7894,-1.5303,2
0.11285,1.5052,2
-4.1519,0.39502,1
-0.60576,5.8972,3
-0.84758,1.6643,3
0.40475,2.3781,2
0.17366,1.7008,3
0.63357,2.3528,1
-3.0501,-1.2547,2
4.9467,-1.9308,2
0.080775,0.2637,2
-2.1561,1.4,3
2.6648,5.5021,2
-2.6315,-2.2328,2
3.451,2.4812,2
2.9042,0.89303,2
-0.26124,-1.7177,2
0.18815,-0.50465,2
-0.027412,1.1882,2
-3.6656,3.607,2
2.8413,-1.7709,2
-1.637,-2.5602,2
2.3184,-5.1375,2
0.0079455,-4.3897,1
2.5672,3.6638,3
-3.7504,1.9941,2
-1.0856,-0.70164,1
-1.6758,1.2777,2
-1.6724,1.9732,2
2.408,0.086326,3
1.0347,-3.121,2
-0.81128,3.9059,2
-0.095632,3.1254,2
-2.2724,0.94338,2
-1.3199,0.90879,2
-4.4444,-0.48012,2
0.4436,-0.65458,2
1.1812,-1.9995,2
0.32527,2.8346,3
2.9387,1.5733,2
1.3574,-2.2425,2
-0.14038,-0.37197,3
-0.4646,-2.4429,2
0.53212,1.5139,2
2.6854,0.93892,2
-0.9245,1.8868,1
-0.61059,-0.40969,3
0.5773,-0.95058,2
1.1287,4.1226,1
-1.688,-2.2092,2
-0.29478,1.4247,2
2.1805,1.1329,2
-0.50274,5.6363,2
-1.6705,-3.679,2
2.8137,1.3118,2
2.6624,2.5902,2
3.3956,0.7091,2
1.3545,1.8082,2
-0.37117,-0.62487,2
-2.8801,0.2489,2
3.0432,2.8216,2
0.67868,4.1455,3
-1.4552,0.25614,2
1.3046,2.1438,2
1.1726,2.5994,2
2.0533,-0.54708,1
1.0256,0.62641,2
3.5021,3.7252,2
1.5621,-2.7454,2
1.3972,1.708,3
-4.1625,-1.9597,1
-1.0521,3.1393,2
-3.1765,2.4726,2
-0.12255,-0.58189,2
-1.6364,-1.2067,2
-2.7252,0.21275,3
-0.69142,1.9656,2
2.2853,0.93049,2
1.7137,2.6972,2
1.8508,-1.1323,2
1.526,1.6252,3
-1.1356,-1.0123,1
-1.7592,3.0426,2
-3.2462,2.2754,2
-2.9641,-3.2363,2
2.8814,2.3524,3
-0.11924,0.16158,2
2.6564,1.2088,2
0.78753,1.2238,2
0.41474,2.7664,2
-3.8561,3.0646,2
1.9741,0.85376,2
0.41984,0.078095,2
2.3573,-0.52729,3
-1.6972,-0.35085,3
-2.7094,1.3182,2
2.9329,0.21257,2
2.0824,-2.6289,2
1.4288,0.48907,2
0.55552,-1.0811,2
0.25512,-1.0274,2
-1.3686,-4.6869,1
-0.86254,1.1757,2
2.3613,-0.012222,2
1.0826,1.2808,2
-3.3807,1.4357,1
1.5852,1.7438,3
0.049772,1.9857,2
-0.54977,-3.2397,2
0.041782,1.4952,2
-3.5476,-0.25965,2
-1.2707,-0.6884,3
0.83138,2.486,2
0.075963,-3.3223,2
-1.0092,0.26995,2
4.5045,-2.0987,1
1.8516,0.71164,3
3.1917,4.814,2
3.3602,1.9204,2
-0.33265,-1.4852,1
-2.6558,1.8198,2
3.0297,-0.80726,2
-1.6293,-0.73666,2
-3.478,1.4344,2
-1.819,-3.8099,1
-0.70216,2.0671,3
-1.6118,-0.79968,2
-1.6308,1.5717,2
-0.969,-0.028369,2
-1.4239,-0.46562,2
0.82226,-1.4443,2
-0.9465,1.2991,2
-1.7763,1.6515,2
-2.0512,3.7255,2
-2.5503,-3.4677,1
-0.064597,1.7423,2
-3.5048,-1.9365,2
1.744,0.35963,2
-0.37116,0.0034116,1
3.1038,2.376,2
-1.8731,-0.20986,2
-2.3466,-2.0479,2
-1.42,-0.60367,1
-2.91,-1.8088,1
0.6735,1.2505,2
-3.1757,-2.2394,2
2.6674,6.1505,2
-4.054,1.8474,2
5.4913,4.0727,2
2.008,1.5018,2
2.6204,1.4853,3
-0.51748,1.7585,2
-0.595,3.6891,2
4.8621,4.6616,2
-0.061093,-4.3342,2
1.5341,-1.2658,2
-2.6956,-2.8381,2
1.8983,-1.614,1
-1.9553,-3.7882,2
-4.1217,0.049917,1
0.85421,-0.22169,3
0.64351,-0.73661,1
-0.1123,1.5112,2
-0.69271,0.95002,2
-3.9739,-4.6909,1
3.8311,-1.6094,2
-0.055177,4.7847,2
4.868,2.673,3
0.60434,2.7581,3
-5.6166,-4.1772,2
-1.9306,-0.15625,2
3.9434,1.3941,2
-0.56546,-3.3187,1
-0.80695,-0.21465,2
-2.124,-1.0804,1
1.7202,2.1568,2
-0.040709,-2.8885,2
1.4111,3.2887,3
2.903,-1.0276,1
0.9319,2.2185,2
2.2853,-1.8444,3
2.413,3.3827,3
-0.92329,-5.5806,2
0.98556,-1.6347,2
-3.539,-0.12385,2
2.8746,1.1411,2
-2.1579,0.50352,3
-3.7292,0.50397,2
-2.6696,-2.5029,2
-0.25381,1.2072,2
-0.43191,-2.2174,2
-0.1493,-1.0923,2
1.0951,-0.54652,2
-0.076334,0.50235,2
1.5226,2.1001,1
0.28984,1.8973,2
4.1192,1.7834,2
-1.8454,-3.732,2
3.0393,1.8446,2
1.9011,1.6939,2
2.7172,0.10549,2
0.87142,-0.25979,2
0.97631,-0.31066,2
-0.54968,1.9018,3
0.90081,1.273,2
1.8557,4.2605,3
3.186,-1.4151,2
-2.0072,0.39528,2
-2.8768,1.1532,1
0.48794,-1.4681,2
-0.56236,-1.9846,2
-1.2127,1.6224,2
-0.9493,2.0371,3
-2.8348,-2.9131,2
-5.5134,6.2539,2
-0.10016,2.065,2
3.6028,-0.22488,2
-0.7175,-2.8722,2
1.9164,-1.2419,2
4.4559,3.414,2
2.0475,-0.43418,2
-0.90051,-0.31217,1
-0.44218,1.238,2
1.6805,-1.479,2
-1.021,1.4878,2
1.2879,-5.1038,2
3.6143,-0.67868,2
0.48038,-3.4011,2
0.64906,-0.26197,1
-3.218,-0.5421,2
0.60095,-1.7582,2
-1.4243,2.2723,2
-1.6608,1.8303,2
-1.8604,-2.1218,1
-1.7396,-1.3489,3
-0.18985,0.28053,3
0.77853,-1.965,2
-0.34773,1.1327,2
1.1671,-2.2707,2
-0.97718,-0.71676,2
0.29165,-3.5404,2
1.085,-2.6739,2
-0.76326,2.6295,3
-3.3002,1.6469,2
-4.6017,0.97088,2
-3.2681,-0.2987,2
-0.66696,2.2235,2
-0.16646,2.7411,1
1.9456,2.0293,2
1.8612,1.5104,3
3.4883,-2.3965,3
2.2659,-4.336,2
0.37364,0.35363,2
-2.4985,-0.26652,2
-0.019719,0.90883,1
0.12444,-1.7856,2
-2.4555,0.28194,1
1.0786,-3.6054,2
0.57206,-1.78,2
-0.60008,-1.156,2
-3.0141,0.77356,1
0.35226,-1.9561,3
3.3052,3.852,2
-0.0028141,1.3254,3
0.38761,-1.1089,1
-3.4112,-0.10287,2
-0.13447,-6.2413,2
0.58397,-3.1296,2
-2.0456,-0.75812,1
-1.5079,4.6279,2
5.4937,4.4872,3
-0.4203,0.15835,2
-1.682,1.112,2
1.4727,0.38314,2
-3.7344,-2.4441,2
4.2398,1.4442,2
-1.4117,-0.86459,2
-0.21425,1.4554,2
2.5766,-2.9266,2
-0.3473,-1.2146,1
-0.13719,0.72205,1
-1.9552,-2.4523,1
-0.83025,0.0030823,1
-1.4797,-1.5198,2
2.5762,-3.1481,3
-2.3157,-0.43041,1
-1.2733,-1.6358,2
1.4552,1.0564,2
1.8504,5.2073,2
-2.4372,2.7276,2
4.245,-0.0018265,2
4.4479,1.6661,3
-2.2942,-2.6203,1
3.6609,2.1508,3
0.89637,0.27123,2
-0.56269,0.20934,1
2.7432,0.16524,3
1.1104,1.0643,2
-0.50184,-1.5865,3
0.98592,2.063,2
-2.5847,-3.0926,2
-1.3141,-2.2901,1
2.6787,0.97561,3
1.2401,0.2936,2
-1.1954,1.6993,2
-1.688,-2.5867,2
0.31861,1.9836,2
-3.8221,-3.3099,1
-1.989,-3.0297,1
3.6417,0.99733,3
0.22935,-5.7511,2
-0.54525,0.61314,2
-1.9418,6.5506,2
0.12087,-3.4303,1
-2.2552,-2.2935,2
-0.81923,-2.5097,1
-0.62934,-2.6711,2
-1.7307,-3.6182,2
-5.4351,2.316,2
3.5052,1.119,2
0.92227,3.0021,3
-2.1609,-3.2614,1
-2.0279,-1.4511,2
0.19445,0.63317,2
-0.93789,-2.9559,2
-3.2535,0.5494,2
4.4571,-1.6476,2
-3.6487,2.7027,2
5.1395,2.1497,3
0.3671,-3.0425,2
0.16461,-1.3285,2
-6.263,-3.7101,2
-0.74709,-1.6677,2
2.4563,3.378,2
-1.4276,-0.056447,3
-0.50578,-1.0471,2
1.137,0.14498,2
2.0564,0.92058,2
-3.8315,-2.1453,2
0.85878,1.4058,2
-1.6051,-2.7807,1
-0.30943,-2.5246,2
0.092957,-0.40591,2
1.7364,-2.1543,2
-3.3035,5.5563,3
-0.21071,-1.2711,1
2.4397,3.7562,2
-2.5188,-0.25509,2
-2.4967,0.45958,2
-0.26223,-0.2185,2
-0.61407,-2.8444,2
-0.6813,0.72085,2
-3.5366,-0.76036,2
-4.4727,-0.68664,1
1.0563,-0.42155,2
-0.45496,-4.2853,2
-0.85962,-1.9496,3
0.63302,0.63966,2
2.7974,-0.089046,3
-1.0597,-1.3794,1
-1.316,-1.9474,2
-1.3191,-2.7288,1
-4.2094,-3.4541,2
-2.0268,0.17598,3
-0.82562,0.061305,1
-2.6415,3.3042,2
-1.9354,5.0022,3
2.2731,0.86225,2
-3.8217,-1.828,2
1.418,-0.5987,2
0.67578,0.6658,2
-2.6179,-0.94137,3
0.46101,-0.62176,1
0.66221,1.3564,2
0.022516,-1.316,1
0.13496,-1.2102,2
-2.6439,3.4937,2
-2.7312,-2.6924,2
-1.6691,0.069839,2
2.689,4.0213,2
-0.42322,-1.0292,2
-4.5651,1.1687,1
-4.4673,-4.3993,2
4.0357,1.3166,2
-0.84349,-0.76222,2
1.0582,0.44355,2
2.8082,2.394,2
0.61943,1.0957,2
0.55634,1.7608,2
-1.4755,2.0152,2
2.2817,3.0216,1
5.2506,0.26237,3
-0.15684,2.1113,2
-0.9307,-0.019191,2
2.6347,4.1901,2
0.52816,2.3943,2
0.2281,-4.5194,2
0.12533,-0.42511,2
-5.0202,0.22085,2
-2.1531,0.80568,2
1.2465,2.2878,2
-0.66114,-1.5874,2
2.4835,-2.8267,2
1.2413,2.3408,3
-1.2005,-1.0146,1
-3.3876,2.2684,2
-1.8735,2.7694,2
-4.8039,-0.069694,2
2.2793,4.9787,2
0.86029,-2.9955,2
-1.9575,-0.98982,1
-0.34569,-1.6497,2
4.2905,-1.8596,2
0.70794,-0.19756,2
-1.069,0.91775,3
2.8968,-0.98129,3
-2.2698,3.3333,1
2.1247,-1.4808,2
-0.15377,2.4228,2
1.8821,3.3521,2
1.768,-2.5458,2
-2.3585,-5.4302,2
3.6222,2.6639,3
-0.96505,-4.2796,2
-1.1756,-0.6062,2
0.19627,3.7412,3
0.76289,-0.024891,2
-3.3748,1.3227,2
0.46293,-0.72795,2
-0.99665,-1.2862,2
0.35573,2.0648,3
3.1481,0.54227,2
-3.9365,-0.87609,2
-0.42178,-0.1027,1
0.37098,1.5759,3
3.5603,0.93732,2
3.2971,-0.64141,2
2.3727,1.011,2
2.7462,-0.90754,2
-2.7862,-0.099195,3
-4.0563,-0.21768,1
-1.3582,1.0731,2
-3.0422,-3.2102,2
0.028097,1.4657,2
3.3849,0.98832,2
