1.3051,-0.0018878,2
-1.2044,-3.4378,1
0.066848,0.57017,2
-1.3781,1.1734,2
2.663,-3.4952,2
5.9825,1.4562,2
-5.3138,0.2389,2
-1.3533,1.1068,1
-2.8089,-2.3825,2
-0.77646,-1.6816,3
-4.3041,2.0298,1
-0.35643,-2.3455,2
-0.67358,1.8922,2
2.0452,-1.5357,2
-1.4457,-2.7391,2
-2.204,2.4282,1
-1.9867,-1.6784,2
1.8414,-2.0529,2
-2.9722,-1.7337,2
-4.7077,-1.6607,2
-1.0262,0.4763,3
-0.71138,2.3006,3
1.1892,-0.7096,2
1.7231,1.2737,2
2.4682,-4.2483,3
3.6755,1.3418,2
-1.8243,-3.223,2
-0.56313,-5.7786,2
-5.5018,-3.3902,2
1.24,2.6064,3
1.4563,0.08388,3
-1.0341,1.8943,2
1.0178,-2.7575,1
-0.49857,-2.3563,2
1.1094,-1.3204,2
0.2029,1.7593,3
-5.539,-1.7584,1
0.67333,2.0963,2
-0.4269,-0.037013,2
2.1696,0.48393,1
-4.0499,-3.1168,2
1.448,-0.71968,2
-4.9211,-1.1024,2
0.8143,2.0741,3
1.3827,2.6871,3
0.0311,-3.1089,2
0.59251,4.2133,2
-1.8881,2.0819,2
2.1883,1.8991,2
-0.87682,-2.0403,2
-0.46001,-0.99628,2
1.1203,-1.9934,2
-0.85802,0.5993,2
2.1221,-0.42385,2
0.56121,0.35208,2
1.6834,-0.68381,2
1.8104,-0.62268,2
-1.7005,1.1001,2
-1.7517,-0.072737,2
-0.2233,1.4096,2
-2.7103,2.4999,1
-0.30462,-3.7579,2
-2.5744,-3.2657,2
0.030981,-6.3428,2
-1.7168,-1.4083,2
3.2194,-0.67835,2
0.89895,0.3178,2
-3.8539,0.72815,1
5.7652,1.1639,2
1.2102,2.4974,2
3.9478,6.1199,2
-1.4814,-4.1377,2
-0.016512,-1.0269,2
-0.24428,1.932,2
1.9746,0.88942,3
-4.118,1.5273,1
0.23809,-1.4207,2
5.1098,2.7097,3
-3.0089,-2.9988,2
1.1278,-1.5244,3
0.81835,-0.75052,2
1.2339,0.29802,3
1.9145,2.6799,2
-1.6486,-3.0555,2
-0.92806,-1.8031,2
5.0758,0.98187,3
2.346,0.5952,2
1.3112,-0.2036,2
1.31,1.2124,2
0.020242,2.57,2
1.4003,4.1092,2
-0.82031,2.4218,2
0.84152,3.9752,2
-0.80829,-3.5425,2
2.262,-0.66717,2
4.285,-0.28568,3
0.77054,-2.284,2
1.1309,2.7061,2
1.4665,1.0667,3
-0.75889,0.24339,2
0.52182,-2.3269,2
-1.8904,0.57925,2
-0.66848,0.71511,2
1.6898,0.19357,3
-1.4483,0.11081,3
1.9394,-1.612,1
-0.47253,1.0755,3
4.307,1.4669,2
3.5817,-0.81657,1
2.933,0.6601,3
-0.15853,-2.772,1
5.1882,-1.6903,3
1.1308,1.42,2
-0.77485,0.47527,2
1.6571,0.35508,2
0.85126,-4.3285,2
-1.3736,0.6801,2
0.76312,2.5737,2
2.4216,0.2293,2
-0.56073,1.2283,2
-2.0733,-0.78837,1
0.64527,4.2375,2
-0.92003,0.061742,2
0.50903,-1.4792,2
-1.207,-0.00096294,2
-5.7619,-3.7389,2
1.6659,-0.74114,2
-0.54558,-0.37481,2
0.35656,0.47836,2
-0.63274,-1.725,2
-2.7643,0.52222,3
-0.64352,-5.6177,1
-2.4732,-2.1864,1
0.70002,0.73662,2
0.36223,1.6801,1
2.6583,-2.6583,2
-0.4485,-3.247,1
5.6756,0.2883,3
-3.2436,0.34979,2
1.6136,1.2316,2
2.4245,-0.37863,1
-0.69441,2.0773,2
-0.58238,-4.5877,2
-0.51405,-2.6763,2
-2.6954,4.8421,3
-0.036821,-1.9133,2
-2.3903,-2.0264,2
-4.014,-1.1012,2
0.66318,0.38416,2
-0.33985,-0.73534,2
0.23472,0.28727,3
0.49974,0.76484,1
0.36178,-0.17311,2
-1.7447,-2.6859,2
1.6217,-1.7086,2
6.167,0.043571,2
-1.6216,1.5037,3
2.9617,0.057962,2
-0.6768,0.6333,2
0.17513,2.4197,2
-0.52197,2.5277,2
0.93878,-1.0332,2
-0.064856,0.084104,2
-3.2254,-4.448,2
-0.12685,1.7047,2
-1.0156,-0.098353,2
0.36104,-2.6005,2
2.7691,6.6158,3
2.7307,1.0287,3
3.6654,-1.3903,2
-1.2628,-1.4851,2
-1.6596,-1.4983,2
0.091848,0.49347,2
-2.6464,0.32861,1
1.4626,-4.994,1
-0.63354,1.3123,2
0.31903,-1.355,2
2.3485,-1.1964,2
-1.3297,0.69641,2
1.5892,1.8642,2
0.038362,-0.47885,2
0.52892,-0.91931,2
0.95809,-1.2267,1
-0.10264,0.56623,2
-2.6913,-0.75881,2
-2.1371,-1.5062,2
3.2207,3.2596,3
0.0022954,-0.63937,2
3.2189,-1.8157,2
-1.7604,0.69025,2
0.44006,3.6294,2
-2.4684,-2.0981,2
2.776,1.442,2
0.64633,2.1748,1
-0.61571,-0.85696,1
-0.87524,1.509,2
2.6378,0.20663,2
-0.058474,-1.82,2
-0.53961,-1.3543,2
0.72137,-1.7777,2
4.131,4.6067,3
-0.47372,-0.052314,2
2.4488,1.5845,2
-0.57573,-1.9862,1
-0.78965,0.039076,2
5.3526,-0.31916,3
1.3791,-0.90556,3
-1.0908,-0.70419,2
-3.2167,-4.7703,1
-5.3176,-0.20009,2
-3.2906,-3.8369,2
-1.8637,-2.1906,1
-0.46673,-4.5838,2
-0.079512,1.7205,3
0.23014,-3.899,2
-4.6609,-1.9285,2
2.2125,-0.76442,2
0.74671,-2.5629,2
1.4067,-0.53379,2
-3.5759,0.84307,2
-1.5235,-0.39657,2
-0.32229,-3.0949,2
1.9725,-0.36551,2
-0.54321,2.043,3
3.4018,-1.9107,2
-1.0749,-1.3162,1
-2.359,-2.1847,2
0.94789,2.5106,3
0.090361,-0.060619,1
-1.2232,0.017124,2
-2.3719,0.67569,3
0.56727,4.2658,2
-1.6234,-0.92784,2
-0.79105,2.9775,2
-0.8137,-1.2178,2
2.2417,2.3513,1
-1.9657,3.2295,2
-1.1488,-3.4752,3
-0.045628,1.6355,2
-2.1086,0.89424,2
-1.7495,-0.75468,2
2.876,0.86956,1
4.7717,-3.3188,1
1.0783,0.4139,3
0.38981,1.4645,3
-1.4482,-0.97928,1
-3.8469,0.33258,2
2.3703,0.82435,2
3.8077,1.8393,2
3.3845,4.5274,2
4.4026,0.86475,2
-0.25575,-1.7274,2
3.4153,-2.0992,2
0.22262,-1.7508,1
0.32574,0.60331,2
-0.37679,-1.9091,2
2.9867,-0.6739,1
2.0471,1.223,3
-1.7628,-0.93564,2
2.1453,-1.5006,3
-1.8235,2.072,2
-1.2604,-3.7037,3
0.11909,-0.86448,2
1.046,-3.0158,2
2.3987,0.026985,1
-0.76167,2.2032,2
-3.7655,-2.0218,3
-2.2603,-2.3467,3
-0.89902,-5.4737,2
-1.6047,-1.5924,1
-0.027203,-2.2791,2
2.8416,1.236,2
-1.184,-3.6578,1
1.0667,0.86174,2
1.7045,-0.95958,2
0.14926,-1.1437,2
-1.2569,-1.8724,3
1.3958,-2.3732,2
-0.56005,-3.1192,2
-1.6162,-1.6503,2
1.7455,2.174,2
0.78838,-2.0322,2
-2.5832,-4.9471,2
-1.1455,-0.049633,2
-0.60211,-3.8913,2
-1.8262,-2.8591,2
-0.5925,-1.5098,2
-0.5927,-3.8868,1
-0.60436,0.064701,2
-0.59639,3.3811,2
2.0237,-1.1279,2
1.8781,2.1361,2
-2.3732,2.4775,2
2.6481,3.8555,2
-0.54595,0.32362,2
1.5729,-3.864,2
-2.1221,-2.7794,2
0.55499,-1.5437,2
-0.25593,1.3648,2
6.2504,3.0057,3
4.0282,-0.9753,2
-0.55444,1.5482,2
2.4832,0.75738,2
0.60643,-0.62394,2
2.2441,-1.6121,3
-2.6343,-1.9872,1
-0.74833,2.633,2
-0.38873,1.6782,1
-1.2037,-0.94774,2
-1.94,-1.4025,1
-2.7035,2.2686,2
0.23603,-0.49169,2
-2.2029,-2.2618,2
-1.905,-4.7325,1
-1.3891,-1.6493,2
-0.77506,0.67275,2
0.68181,3.8759,2
0.65942,0.15983,2
1.7555,1.0897,3
-4.7843,-1.1137,2
4.4394,-3.9919,2
2.0579,0.94774,2
4.9665,-0.50823,2
-1.8953,-4.1536,2
0.7858,0.67092,2
-1.8123,-1.0952,2
0.060531,-2.3264,2
0.023091,-0.0576,2
1.5692,0.45829,2
-1.1224,3.7225,3
0.31132,0.873,2
1.0548,-0.25391,2
-0.7525,-0.72167,2
-4.5692,-0.85737,1
2.1494,-0.60706,2
-3.986,-1.5181,2
-2.7522,-3.5106,1
-0.86277,1.998,2
-0.014842,3.3853,2
1.2697,1.395,2
1.975,-0.13256,2
1.094,1.5909,2
-0.68713,-2.0109,2
-0.21062,-1.9118,2
2.8911,2.5443,1
0.52859,-0.99515,2
0.23141,2.6838,2
-2.148,0.45992,2
2.069,0.43769,2
0.21963,-2.7579,2
0.77286,-1.9785,1
2.8784,-0.96666,3
0.48985,0.72468,2
-2.297,1.241,1
1.9319,-0.90467,2
-0.067202,-1.3204,2
2.1603,1.7698,2
1.8638,-0.38352,2
2.9996,0.23572,3
1.0143,2.8348,3
1.391,4.8006,3
0.38591,2.9427,2
1.4763,-0.6943,3
-1.7046,-2.6719,2
1.5848,4.0569,2
-2.8286,-0.82217,2
1.6071,-0.4271,2
3.9813,1.4066,2
-1.8099,0.15943,2
-0.67464,-0.85469,1
6.1036,0.92105,3
3.0299,-0.26763,2
0.25391,-2.8881,2
-0.1439,2.3965,2
1.3106,0.58338,2
-0.27446,-2.38,1
4.6753,8.1466,2
-1.3322,-0.82851,2
6.0023,1.8592,3
0.64185,3.4524,1
-2.6805,-1.8835,2
-2.3079,2.3352,2
3.1397,-0.99759,2
1.1299,-0.46094,2
-1.1594,-2.422,2
0.66092,-0.55202,3
-1.6118,-4.1871,2
-1.4284,0.24735,1
-1.028,-0.099958,2
-1.2053,1.0738,2
-4.876,-2.6009,1
0.60635,0.32154,2
-1.7631,-3.6936,1
-0.10528,-3.0965,2
1.5487,1.8007,2
-0.57516,2.1322,2
0.20841,-2.352,2
2.1794,0.21883,2
-3.7288,-3.7757,1
-4.8812,-0.55149,1
0.59198,0.032757,2
0.44601,3.7989,2
3.8048,-1.4138,2
2.5187,0.73594,2
-2.5672,2.1767,2
1.034,5.5314,2
-1.1607,-2.9394,2
-3.4039,-1.2758,2
1.2336,-0.15565,2
-0.20098,1.9175,1
-4.797,0.17641,2
-0.59189,-0.64623,3
0.90439,-0.67503,2
1.8018,-0.20491,2
0.75729,0.13856,2
1.3123,-0.67157,2
0.063703,2.1183,2
-0.034793,1.6057,2
1.2226,1.2259,2
3.9755,5.8471,3
-1.7911,-1.2174,2
0.26686,0.84683,2
3.5913,0.060354,2
1.3343,0.4512,2
-0.092987,1.9168,3
0.90656,2.1707,3
-3.1033,1.3819,2
-0.39225,0.27069,2
-2.2467,-2.0608,2
4.8996,2.1187,2
0.85011,-0.040055,3
2.1566,-1.5846,2
3.0569,-0.60226,2
1.9261,-0.95808,2
-0.82221,0.21927,2
-4.1101,-1.9389,2
0.77905,-3.3825,2
-3.0796,-5.4165,1
4.7104,0.83507,2
-1.2684,-0.72704,3
6.7899,1.4617,3
5.0061,6.1525,3
1.3939,-1.6466,2
-1.6197,-0.46428,2
5.815,-2.3597,2
5.6721,4.3078,3
-3.4998,-0.65693,2
1.3907,-0.62906,2
1.6305,0.20948,2
-2.1885,4.1465,3
0.94572,0.56057,2
0.093796,-3.565,2
-2.2463,-4.7707,2
-3.1204,2.1295,2
1.8401,-0.20568,2
-2.368,-1.1974,2
-4.2614,-1.7363,1
3.4406,0.042107,3
1.9619,-2.0516,3
0.20241,-0.20603,2
-0.01575,1.9543,2
1.1259,-1.1227,2
-1.4922,0.93139,2
-1.0275,1.4752,1
1.8848,-1.8866,3
1.8901,-2.298,2
-1.9767,-2.1392,2
1.5709,3.8844,2
-3.2274,-1.9031,2
0.26037,-2.2274,1
-1.2942,-1.4408,2
-2.07,-5.3067,1
-2.0937,-1.6776,2
4.4065,3.5388,3
-2.7166,1.3224,2
-0.17605,0.74837,2
-3.9413,-0.16004,2
-0.83128,-2.4014,2
4.0526,4.0666,3
-2.0328,2.1715,2
0.21062,2.576,3
-1.2183,-1.8978,2
-0.75644,-0.87026,2
-0.32112,-4.5295,2
-1.4923,-1.542,2
2.2877,1.4704,3
-4.8353,-4.0632,2
-4.5553,-1.1192,2
-1.1364,1.9014,3
-0.74559,0.12992,2
-4.9699,-1.4592,2
-1.5297,0.0086146,2
1.463,-4.2245,1
2.8947,-0.37016,2
-4.4547,1.6656,2
0.66074,4.1337,2
1.5582,2.9897,2
-1.6525,-4.4506,2
-0.91743,1.3302,3
-0.11593,-3.4051,2
0.97418,-1.0929,2
0.063632,-2.0692,2
3.1942,0.45684,3
1.1709,1.5372,2
-0.70225,-3.7209,3
0.65265,-0.57918,2
-1.8512,3.2565,2
-0.37719,-0.46752,2
0.25076,-0.46092,2
-1.2132,3.429,2
1.4733,3.2695,3
1.9196,0.72384,2
-2.0415,-0.93039,1
1.2827,1.2628,2
1.381,-0.90573,1
0.12545,-3.6839,3
-4.2522,-2.9371,2
3.4134,3.6569,2
2.6208,1.272,3
-1.0362,-4.7202,2
1.2279,6.3183,3
-2.9336,-2.8695,2
1.6392,3.7014,2
-0.055649,-2.4575,2
1.8096,-0.72438,2
0.43397,-1.9429,2
-1.0496,-0.8036,2
0.53479,0.79756,2
-0.73993,0.97495,3
-2.975,0.4017,2
0.19438,3.7862,3
-0.85899,1.6961,2
-3.0425,-0.98767,2
4.9473,-2.303,1
-0.44101,4.0112,2
1.9773,-2.4765,1
3.3229,-2.016,2
0.91088,3.371,2
-0.76094,-0.39091,3
-1.1511,-1.1659,2
-1.2303,-1.5927,2
1.0467,0.50062,2
2.9704,2.3105,2
-4.0453,0.45196,2
4.431,-1.059,2
-0.090136,-2.0992,1
1.7894,4.0364,2
6.501,1.7371,2
-6.0163,-2.9611,1
2.7203,3.2899,2
-0.14337,1.1582,2
1.9908,1.861,2
-0.36593,-0.89603,2
-0.018043,-2.3801,2
-0.92921,-3.4731,2
-1.919,-0.29726,2
-1.6003,0.37918,2
0.72522,0.7078,1
-0.16365,2.0674,2
3.5588,-1.7352,2
-2.3817,-2.8296,2
1.9453,-0.95972,2
2.8323,3.0899,2
2.331,1.7998,3
0.51737,0.79117,2
-2.3331,-3.2405,2
-1.0003,0.40864,2
0.40908,-1.3043,2
-0.5627,-0.62622,2
-2.4464,-0.79445,2
-0.9152,-2.5043,2
1.7537,-3.6649,2
2.7285,-1.4439,2
-2.5157,-0.26683,3
-2.3675,-5.7644,2
4.8995,4.4878,3
1.821,0.046868,2
0.39588,3.4817,1
1.3215,-2.3893,2
-0.76329,0.0035371,2
-0.74204,-1.5763,1
-0.056615,-0.48621,1
-2.7177,-0.86076,2
0.91837,-1.7626,3
-0.48778,-1.001,1
-0.017152,-1.3424,1
0.60789,2.108,2
-1.3542,-1.3616,2
0.86706,-2.2661,2
1.1367,1.297,2
-0.33386,3.3011,2
-2.228,-0.068582,2
-3.5837,5.6561,2
1.4106,-1.2713,2
-3.7663,0.80522,2
4.209,0.7483,2
-2.6393,-4.1476,2
-2.9818,-1.0039,1
2.261,2.5304,2
-2.4211,-2.356,2
-0.74778,1.9996,2
1.5426,0.053346,2
2.0621,-3.3455,1
0.76703,0.88811,2
3.1063,3.5121,2
-2.9609,-3.0136,2
2.1623,-0.84713,3
2.9487,-2.0057,2
0.99656,1.84,2
-0.28026,0.46134,2
-0.38238,-0.95299,3
-0.64595,-2.4573,2
-4.0598,-1.896,1
2.5603,-1.9794,2
-0.44597,-3.5057,2
-0.95939,-0.011259,2
-2.5851,0.35021,3
1.7828,1.6491,1
1.0347,-0.25624,2
-1.3389,-1.2583,2
-2.671,-0.023219,3
0.78863,5.5009,2
-1.291,-1.8609,2
-2.9058,-0.20487,2
-0.78601,-1.8922,2
-1.0001,4.5926,2
0.94788,-2.3118,2
1.1035,-0.079168,2
-4.2917,-0.64943,1
0.31312,1.2397,2
-0.073944,-0.72489,2
-2.0818,-4.8376,1
0.4718,-1.6125,2
1.8695,-0.75088,2
0.48605,3.7271,2
-1.3138,-4.8221,2
-1.0967,1.7388,2
1.957,-3.4324,2
1.9236,-1.6013,2
1.9811,0.24413,2
-0.90243,1.5134,2
-0.12632,-0.49703,2
1.8515,-0.15597,2
-0.41653,1.7418,2
1.7698,-0.61408,2
-5.1224,0.98664,2
-0.49735,2.8902,2
-1.968,-0.2062,2
0.32303,0.20837,3
0.27299,-1.2043,2
-1.0305,-1.1818,2
0.67183,2.02,3
-1.5438,-4.2923,3
4.5463,3.5751,2
-0.45245,1.3997,2
1.4248,-0.056108,2
-2.3005,-4.309,2
3.714,0.1511,1
-1.3998,0.20638,2
-4.3191,-1.9425,2
-1.5124,0.41213,2
-0.48008,0.13184,2
-4.6327,-1.165,2
-3.1973,-2.8634,2
3.6163,3.018,2
-6.2866,1.4782,1
-2.6995,-2.8804,2
-1.2199,0.61369,2
-3.6299,3.3765,1
-3.4692,-5.5661,1
2.463,-2.6388,2
-0.027324,2.7764,3
-0.37331,-2.528,1
-5.03,-3.8435,2
2.4583,-2.85,2
0.68855,3.8219,3
-0.5227,-3.6743,2
-0.21809,-1.5041,2
-4.4781,-0.89629,1
-1.2307,-4.7469,1
-0.94094,-1.3706,2
-2.3036,-0.31482,2
-3.5049,1.0942,2
2.6346,-2.2331,2
4.1147,0.12883,2
0.40557,2.3769,2
1.7492,-1.7475,2
-6.6081,-1.2537,2
-0.42105,-1.5427,2
0.19696,1.8762,2
-0.56086,0.060039,3
1.1299,7.0748,3
2.8171,2.697,2
0.50888,-0.060683,2
-1.503,2.7988,2
1.0041,-1.3817,2
-0.036851,-1.3575,2
-4.2695,-6.5944,1
-1.0298,2.2343,2
-0.58641,1.9169,3
-1.5386,-2.613,1
-1.4812,-0.28333,1
-1.5808,1.1028,1
-3.7109,-0.83716,2
2.0556,2.5317,2
3.9397,0.65971,2
1.0048,0.6048,2
-0.17688,-0.67007,1
-1.5564,-0.48321,1
0.077955,0.76907,2
0.21461,0.3902,2
0.80552,1.4441,2
-0.098789,-4.2132,2
2.1123,0.11967,2
-2.7737,1.1629,2
-0.78755,-3.1674,2
-2.1381,2.0036,2
-0.3819,-2.6304,2
1.6366,-1.102,2
3.492,-1.2211,2
0.80833,4.233,3
-0.97718,1.514,3
-3.9451,1.5613,1
-1.9769,0.074036,2
2.2366,1.4148,2
0.43883,-1.1862,1
-1.0568,-2.6121,3
2.4527,1.149,2
-3.3375,-4.4465,2
-3.0712,-1.6036,1
1.9205,0.30719,2
-2.0113,5.3048,2
0.32999,-2.4597,2
0.46191,-2.2734,2
1.5111,2.9568,2
-2.6009,-0.094133,1
-1.0308,-1.7801,3
1.143,1.235,2
-2.0444,-5.1086,2
1.2706,-0.76022,2
1.0734,-0.12886,3
3.2447,-2.8459,3
0.094519,1.7932,3
5.5329,-0.16656,3
-2.3736,-2.7564,2
4.6234,-1.1854,2
-4.8609,-2.361,2
0.47153,0.21405,2
0.82887,4.028,2
0.28196,0.59434,2
-1.6278,-0.020648,2
2.1408,0.35261,2
-0.21735,0.88672,2
-0.43799,-0.64741,3
0.98852,0.045742,2
0.14329,-0.61559,2
1.349,-1.5176,2
-2.851,-1.8874,2
-2.5883,-2.8542,1
-1.4256,-3.587,2
-2.7808,1.0246,2
-1.3477,0.068684,2
-1.9153,0.14273,1
-1.8836,-3.4664,2
3.5125,-1.6513,2
-0.62873,2.5591,2
1.3118,0.040341,2
-0.86063,1.5147,2
-0.84898,0.23732,2
-1.726,-1.0015,2
2.5118,0.30286,2
1.7343,2.3445,2
-0.7094,-1.7057,2
-5.1624,-1.5377,2
-0.038798,0.63156,2
0.020058,2.4291,2
-3.2705,-1.1962,1
2.3508,2.0352,3
1.9949,1.5571,2
2.2974,4.299,2
-1.387,-0.71568,2
-0.75551,3.3318,2
1.3074,-1.0052,2
0.065103,0.48106,2
0.13346,-2.7442,2
-4.1577,2.4704,3
1.0922,-0.40259,1
-0.567,-0.88984,3
2.9779,0.0091454,2
1.217,1.8087,2
0.3965,3.0712,3
0.63297,-1.0873,2
0.61109,-0.23296,2
1.4032,3.929,2
3.4548,-3.6426,3
-1.6466,1.0738,2
-2.2392,0.45681,2
0.53259,0.32818,3
0.14888,-0.3518,2
1.9619,0.78462,2
6.1568,-1.8666,2
-1.3845,-1.5622,2
-3.1844,-0.63654,2
-2.0562,-2.4071,2
-0.89888,-1.846,1
3.1616,-1.4923,2
0.52013,3.1293,3
1.2826,-1.2602,3
2.8626,1.3587,2
-0.61209,-1.3886,2
0.11704,-1.6283,2
-2.2271,-1.5048,1
1.5986,-0.70677,3
2.1967,0.61273,2
-1.4665,-1.6032,2
-0.37817,-0.8098,2
-4.1373,0.96811,2
2.1005,-1.3958,2
2.3951,-3.8286,3
-1.4413,1.411,2
-0.26982,4.1263,3
1.4715,-2.7542,2
4.554,3.5077,2
-0.21581,-0.6806,2
-3.4032,-1.7596,3
1.6403,0.093309,2
-1.6177,-3.515,2
0.39728,0.24784,2
-5.1624,0.54109,2
-0.33453,-0.78924,2
-0.66285,-0.81738,3
-3.3241,-3.7327,2
-1.0377,-1.3475,3
-0.63958,-0.21901,2
0.44755,0.9496,3
-1.0681,-4.4459,2
-1.5052,-1.8771,2
3.2457,1.2424,3
-0.94778,0.9744,2
0.46855,1.7981,2
-2.0045,-0.41458,2
1.2125,2.6698,2
-4.4379,-0.9781,2
0.73901,1.9579,2
0.10506,-0.79437,2
-1.7913,-4.6354,1
-0.29162,1.9538,1
0.11118,0.81527,2
0.25052,4.657,2
-2.9765,-0.19884,2
-1.4561,0.41542,2
0.5715,-3.1293,2
-3.5754,-2.2986,1
-1.6097,3.4052,3
2.1437,1.1502,3
-2.1397,-2.1336,1
1.6408,0.70317,2
-2.6628,0.99108,1
-0.80759,0.33385,2
2.6834,-0.47437,2
3.6916,-1.1651,3
-0.99275,-0.42437,2
1.9655,3.5925,2
2.3312,3.6179,3
-0.14926,-2.1734,2
-2.2766,-0.88326,2
-0.97935,-3.111,2
-1.0877,0.52799,1
-0.055343,-0.33078,2
1.2362,-0.80593,2
-1.9419,2.6413,2
1.9048,3.7738,3
0.98759,0.48999,3
0.27106,-0.26909,2
-0.91791,2.8533,2
1.1115,2.2028,3
0.22021,-0.26879,3
2.1038,-0.92003,2
0.70853,0.90608,3
-1.0998,4.8129,2
1.4247,1.5267,2
0.7704,-0.32338,2
2.6495,0.97419,2
0.31516,-2.1122,2
0.539,-2.619,2
5.4952,3.9569,2
2.7887,1.7761,2
-3.8993,-0.41936,2
1.9206,1.0989,2
-1.0798,1.0682,1
2.2669,-1.1256,3
3.3553,-1.3626,1
0.0006155,-0.32247,2
-2.9057,-1.9888,2
-2.1132,0.39635,3
-0.11059,-1.4018,2
0.79751,-0.75916,2
-2.6502,-1.2916,2
-2.3298,2.7827,2
-0.66644,-0.51733,2
-2.6208,0.59329,2
-0.40475,-0.14827,2
-2.4789,-1.2672,2
-2.4427,1.0935,3
-0.86876,-2.4227,2
2.0072,0.20067,2
1.0186,0.2777,2
-0.87691,0.47124,1
-0.89789,-3.0212,2
1.8555,0.46635,2
3.1198,-2.6888,2
0.43727,-0.81093,2
0.12291,4.214,2
-2.6653,-1.3671,2
-3.784,3.5966,2
0.54439,0.05447,2
1.4712,4.0245,3
1.1368,4.0859,2
1.6964,1.4354,3
-0.91229,-0.31276,2
-1.4059,1.5684,2
-3.6311,2.0718,2
1.2629,-0.19933,2
-6.6385,-3.0293,2
1.8077,0.98042,3
0.4233,2.1116,2
0.091664,2.4846,2
-2.8524,0.68365,2
-0.097959,2.5594,1
-1.2016,-0.7431,2
-0.31813,-0.1191,2
-0.1356,-0.25696,1
-0.99563,-1.2635,2
0.03045,1.1258,1
0.61072,0.86498,3
-1.0917,-1.8788,2
1.1576,1.6483,2
-0.68147,-2.4067,2
-1.1123,0.15116,2
-1.3458,-0.45567,1
-2.3018,1.0342,2
0.41174,-3.4002,2
-0.4215,-1.6662,2
2.7856,4.4232,2
4.6812,3.3401,3
-0.56506,2.206,2
0.78708,-0.61797,3
0.091035,0.76732,2
-0.60266,-3.3182,2
-1.0377,-2.2342,2
-6.2876,-3.1244,1
1.6795,1.6254,2
-0.51227,2.5335,2
-1.2956,0.17215,2
0.56755,0.2435,3
0.64111,0.63467,1
1.2863,-0.92164,2
-1.6635,-4.3208,1
-4.5839,0.14423,2
0.39099,-0.098053,3
-1.8092,-0.65774,1
-5.5169,-5.6934,2
4.4893,3.2212,3
1.3161,1.3092,3
1.0309,1.8464,2
0.81129,0.90786,2
-1.0686,2.5599,2
1.6355,0.66239,2
1.3978,1.6882,2
-3.1826,0.99006,2
-2.072,-1.3795,3
-3.0571,-1.7348,1
2.1569,3.4132,2
4.7278,0.37532,2
0.44111,0.073745,2
-0.2629,-4.5682,1
-3.1208,-1.7513,2
-0.16578,-1.8924,2
-3.0824,-0.63701,2
-2.5061,-5.0948,2
1.0908,0.98477,2
0.156,1.7003,1
3.5373,2.0504,1
-4.6272,-3.0919,1
-1.6242,-1.0587,2
-2.673,0.74745,3
0.68833,-1.2455,3
0.97716,-3.8029,2
1.7777,1.5989,3
0.69183,0.63473,2
-2.488,-2.3973,1
1.5659,-1.0764,1
0.88996,-0.41978,2
-0.16944,-1.887,2
2.3709,1.8609,3
5.5121,0.78883,3
-1.6209,-3.1254,1
-1.8923,3.8244,2
0.0036186,0.15157,2
4.6096,1.1607,3
0.63122,2.4574,1
1.449,1.1434,2
2.177,-2.0756,2
0.78247,2.3112,2
-0.94785,-2.4849,1
-1.1317,-4.9199,2
0.047623,1.8279,2
-1.1772,-1.7814,2
-0.026286,-4.887,2
1.2816,4.1553,2
-1.4708,-1.2,2
-1.0332,-4.4507,1
-3.1204,4.1117,2
-0.36901,3.0299,2
-0.80406,0.92855,2
-1.8564,0.61361,1
0.73693,1.7103,3
0.079853,0.62981,2
2.6121,-1.8286,2
4.8402,3.9099,2
-3.3415,-1.9649,1
-3.3514,-0.72522,2
0.90138,-3.5235,2
-1.9111,-0.76424,1
-1.2879,-3.1679,2
-3.6538,-1.785,2
-2.3337,-0.5295,3
-1.7084,-2.4787,1
0.38144,3.1092,2
-2.4613,-3.5679,2
2.5407,0.20818,3
1.5358,3.0217,2
0.90692,-2.5755,1
0.11171,-1.962,2
2.9,2.563,3
4.6803,0.1562,2
-4.6531,-2.2257,1
0.17935,-1.0934,1
-2.4526,-3.594,2
-5.207,-1.2375,1
-0.10676,-3.432,1
-0.51155,-4.729,2
2.3852,0.5524,2
-0.61321,2.9657,2
1.122,3.666,3
0.67905,-2.9524,1
2.1429,0.34033,2
-0.60914,2.0202,2
-1.681,-1.3753,2
-2.1879,-2.0682,2
-4.4005,-2.1943,1
-0.22213,-0.0056507,2
4.067,1.1416,2
-1.9306,0.91995,2
0.33491,2.7902,2
0.84444,4.3787,2
-1.986,-0.55619,2
1.9989,0.577,3
0.066138,-4.3707,2
1.3416,-0.73225,2
2.3684,1.6307,3
1.3219,0.78374,3
3.1937,-1.9759,3
0.69457,-1.934,1
-0.95879,3.8606,3
1.8466,0.95515,3
4.3928,0.8375,3
-1.49,-2.0316,2
0.25602,-2.2868,1
-1.5772,0.45305,1
-3.6703,-0.66503,2
-0.014501,-0.049746,2
2.6654,4.3,3
0.18033,-4.325,2
4.7988,1.8566,2
-0.10823,-0.1187,2
-0.8771,-1.5396,2
-3.3289,-0.55908,2
-1.5135,-3.6811,1
1.2257,-1.9139,2
-3.6718,-3.1576,2
1.466,2.3211,2
-1.3911,-0.9476,2
-0.24871,0.71723,2
1.7265,2.1282,2
-1.2223,-0.67555,2
0.17123,0.81237,2
0.030337,-1.0671,2
3.3252,-0.099507,2
5.917,0.85294,2
1.6956,-3.1685,2
-3.1312,-3.4208,1
-1.5501,0.32274,1
-1.6406,3.1006,2
-1.0799,-2.1441,3
-1.2177,-5.3621,2
-2.7062,-2.1017,2
0.32115,-0.80016,2
2.7277,-2.1134,2
3.3569,-0.12772,2
2.5276,0.44603,2
0.39936,2.3233,2
1.6335,2.1735,2
-2.4515,-3.1077,1
4.0992,1.7167,3
-0.24055,-1.5508,2
3.2277,1.0004,2
2.0514,3.0376,2
-4.0234,-0.61008,2
1.4996,-0.63995,3
0.91239,0.55309,2
6.3055,1.085,2
-0.17922,-0.68696,2
-1.031,-0.40287,2
1.8746,2.2269,1
-3.9496,-0.087662,2
-1.3243,-2.6688,2
-1.8272,-0.91845,2
-1.0914,0.84047,2
2.7169,3.6236,3
2.2361,-2.1532,1
2.1551,-2.2198,2
3.2972,0.58892,3
-4.0285,-3.7511,1
1.4761,0.83142,3
-0.23106,-0.7965,3
0.92554,0.17868,2
-3.6693,-0.89365,2
-1.0809,1.8251,2
0.99181,1.3664,2
4.2799,0.45626,1
2.152,-5.9585,2
-1.39,-3.0571,1
-2.3491,0.025326,1
0.23742,3.2696,3
0.57256,4.3174,2
1.9055,0.060938,2
-1.2209,3.5716,2
-0.54384,-1.3125,2
0.7524,-2.641,2
0.44714,0.03656,2
0.82289,-0.50453,2
2.4896,1.0969,2
1.7797,2.7586,2
1.011,0.13027,2
-5.0007,-3.0725,2
1.1883,1.8023,2
-1.1563,2.6187,3
0.69529,-0.52457,1
-0.23123,-1.669,2
4.1498,0.48758,2
-5.1165,1.9039,2
-2.8519,-1.3286,2
2.7417,1.8849,2
2.741,1.2294,2
-0.72847,1.2637,1
1.4374,3.9429,2
-0.63579,0.75969,2
0.87478,1.3704,2
1.9019,0.85118,2
0.097442,-0.38199,1
-0.59297,-0.47844,2
-1.5958,-0.09525,3
-1.1076,-2.2674,1
0.447,-1.3606,2
-0.82542,3.3496,2
0.98721,0.658,2
0.010085,-2.3847,1
3.2815,0.88861,2
2.1667,-2.4933,2
2.2373,2.1215,2
1.0385,-3.2633,2
-0.17979,0.7929,2
-0.60496,3.119,3
1.6168,0.40219,2
-3.308,1.6775,2
0.13421,-2.9782,1
-2.2077,-0.564,3
-2.2405,-3.4945,1
1.0198,-2.0839,2
-1.0877,3.6494,2
0.0064401,1.6955,2
-0.87067,-2.3487,3
0.99571,-0.48845,2
-0.20944,3.717,2
-0.66069,-1.4695,2
0.9014,1.739,2
1.2324,2.6672,2
1.9351,-1.292,3
-0.078083,-1.6878,2
2.2752,1.3364,3
3.3562,0.25857,2
4.4353,4.2922,2
-1.1965,0.94993,2
3.507,0.42301,2
-0.49821,0.84863,1
-3.0291,-0.9476,2
1.7596,2.5289,2
-2.0368,-0.81697,2
-0.64334,-0.8223,3
1.7762,0.70468,2
0.053106,-3.8023,2
1.1191,-3.0263,2
-0.74724,-2.5677,2
-0.013185,4.0806,3
-1.2534,1.475,2
1.2589,-2.7443,1
3.2581,-0.37977,1
-1.0447,-1.6836,2
1.1079,-0.031731,2
-2.3538,-2.7689,1
-0.80142,-0.7312,2
5.0781,1.43,2
-2.3878,-0.3324,2
-1.4105,-1.1337,1
5.2024,3.9593,2
1.1423,2.1432,2
-2.6177,-2.4989,2
0.77676,2.8095,2
2.736,5.0142,3
2.1903,-0.76474,3
-1.807,-5.5626,1
1.0091,-2.1565,2
-2.9416,-3.8402,1
3.38,4.044,3
-0.77495,-1.3384,1
-0.27723,-0.87323,3
0.28001,1.8136,1
4.6031,1.7036,2
-2.853,-2.7693,1
-0.56683,-1.7496,1
-1.013,1.2433,2
0.53627,-0.070476,2
-2.0032,-0.31816,1
-2.2797,-1.7855,2
0.79042,2.3404,2
2.2564,1.0356,2
2.4698,-0.72735,2
0.78804,-0.33634,3
2.2465,-0.48916,1
3.3203,2.8534,2
-1.5199,2.7329,2
-4.8473,-3.8697,1
-0.9018,-1.8913,1
0.89601,-0.058805,1
1.0776,1.8416,3
-1.6254,-0.071979,1
1.1246,-4.2491,1
-1.5581,-3.7817,2
-2.6885,-0.59933,1
2.5961,-0.77209,2
1.2014,-1.023,2
1.3232,0.69228,2
-0.781,-0.84626,2
-0.98825,-1.582,2
-0.34089,-0.4763,2
-3.1577,-0.76916,2
-1.9816,2.5564,2
0.95576,-3.8987,3
3.4291,-0.90614,1
5.9517,0.65006,2
0.12317,2.6926,2
-0.95204,-0.76773,1
-0.46015,2.7519,3
-3.0461,3.5278,2
-0.76485,1.6786,3
-3.4115,-1.7502,3
-3.0689,-2.2421,2
-2.4231,2.9051,1
2.079,-1.2911,1
-1.0756,1.2405,3
-0.17862,-4.3955,2
-0.12521,-0.71107,2
-2.5235,-0.99344,2
0.070545,2.2953,2
1.7006,6.4383,2
-0.42806,0.17123,2
1.8267,-0.6115,1
1.8334,-2.7181,2
0.40279,3.5517,3
-2.429,-2.8225,1
-1.7682,-4.341,2
-2.1521,-4.2338,1
-1.1645,1.2739,2
1.344,-1.6894,2
0.77644,2.7207,3
-1.4597,3.6927,2
-3.4129,-2.2274,2
1.3177,-0.58547,2
2.3501,-0.72754,2
1.9493,6.8326,3
-3.326,-0.25439,2
1.3444,1.6029,2
-2.9491,2.5854,3
-0.25208,1.678,2
-3.5348,0.74475,1
-4.8291,1.5959,2
-2.2359,-0.055769,3
0.77042,-0.55841,2
1.4648,4.254,3
1.8476,-2.2368,2
0.89659,-0.21485,2
-4.466,0.0031368,2
-0.44921,-0.67299,2
3.5794,-0.60676,2
-0.27667,1.8543,1
4.5351,-1.1924,2
0.14285,1.6571,2
0.73692,-4.4426,3
1.246,-2.1899,2
0.80389,-0.95214,2
0.33252,-0.95263,2
0.12909,2.605,1
4.5341,4.4847,3
1.4019,-0.57615,2
1.8101,1.4287,2
0.23845,-1.0871,2
1.0368,2.2065,2
-1.5129,-2.4799,2
-0.87869,0.51103,2
1.7872,0.36704,2
0.27119,0.39826,2
1.0293,-0.49305,3
1.4313,4.7416,2
1.0283,-4.609,2
0.014905,-0.093567,2
0.23824,-0.05834,1
-0.46474,2.1489,2
2.0978,-1.3531,2
-0.12153,1.4524,2
-2.6449,0.26215,2
0.67833,0.49921,2
0.0095142,2.4062,2
1.8559,-2.0325,2
1.1077,-0.71189,2
0.23928,0.69483,2
2.7071,0.92482,2
2.4978,-0.24232,2
4.2822,1.1407,3
1.1187,1.5202,2
1.5573,3.8095,2
-2.4555,-1.5647,1
2.0599,-4.0337,1
0.67528,2.2072,2
-1.8105,-4.8996,1
4.058,2.1085,3
0.79072,-1.7976,2
3.5472,3.9824,3
1.1054,-1.6944,3
-0.29133,1.3167,3
1.1516,-2.5432,2
0.80157,0.7831,3
0.85797,2.6711,2
0.48175,-2.144,2
0.2253,0.26537,2
-4.4817,0.20893,2
3.0035,-0.062791,3
-6.5105,-1.4076,1
-5.5005,-5.3438,2
4.6698,-1.2401,2
-1.3644,-0.7937,2
2.2505,1.0465,2
-4.0062,2.5753,2
-1.4748,0.75002,2
-1.7671,3.4166,2
0.84799,1.7764,2
3.2454,0.23206,2
-0.18591,-0.68725,2
3.8102,-0.76908,2
-2.1912,0.23631,3
1.2885,5.4174,2
2.1695,-0.38268,3
-3.1207,-1.7832,2
1.1172,-4.1298,2
-2.7478,-0.88363,3
1.316,0.032577,2
2.5044,1.4029,2
-0.63857,1.4586,2
-2.5194,-3.2805,1
-0.749,-3.3573,2
0.61842,1.8149,2
1.4235,0.37874,1
-2.9444,2.4372,2
-6.1047,-4.528,1
-3.8578,-1.567,2
1.2438,1.899,2
1.8109,2.8163,2
2.9168,3.0536,1
1.9319,1.4233,2
1.0133,-1.1895,2
-0.52214,-1.5135,1
-0.53886,1.1072,3
0.098606,0.81015,2
0.0020984,0.42739,1
0.0096941,0.63582,2
0.73163,3.6751,2
0.31309,0.71259,3
-1.4295,-1.8925,2
2.3976,-0.36786,2
0.71057,2.692,2
-1.0449,2.5042,2
0.78636,5.6028,2
-4.6733,0.80302,2
0.57382,1.469,2
1.8361,2.0073,3
1.6831,-2.499,2
1.2957,-1.8736,2
-2.0486,0.16981,2
-2.7695,-0.50945,3
-1.8291,-0.68189,2
-1.8537,-0.35392,2
0.4369,2.5183,3
-2.1901,1.4265,2
0.8127,-2.7604,1
-0.96779,-0.38582,2
0.60918,-1.5941,2
1.2839,-1.193,2
-1.6015,-0.77063,1
-1.2402,2.5818,3
-0.51176,1.8709,2
1.8127,0.30963,2
-2.9092,-0.069067,2
4.2196,-2.5533,2
-0.52949,-3.1874,2
2.4543,1.4749,3
-0.70508,0.56821,2
-3.7388,-0.52294,2
-0.26903,-3.3093,1
-1.3254,1.3797,2
2.1907,-0.043658,2
1.0082,-2.4889,3
4.8555,-0.51181,2
-1.3176,1.7704,2
4.7762,1.5233,3
1.7218,-0.47055,1
-2.0695,-0.58202,2
-0.69166,-3.0769,1
0.11845,-1.6162,1
1.8019,1.0299,2
-2.8132,-3.104,2
-4.2439,-0.24482,1
-3.412,0.30806,1
-1.4403,-2.7676,1
-2.1241,-0.28817,1
0.57461,2.0065,2
-1.9032,-0.25675,2
0.84419,2.3688,2
3.7869,0.30226,3
1.469,2.725,3
1.2891,0.069787,2
1.2366,0.29565,2
-2.3061,-5.9073,2
0.27189,4.6638,2
2.9129,1.2557,3
-0.82253,0.46833,2
-4.615,-2.3925,2
4.1631,0.016452,2
0.38977,-2.5563,2
-1.6974,-1.7502,1
-1.1566,-2.6912,2
-0.35067,-0.647,2
0.45869,0.63049,2
-2.6375,1.9026,2
-1.1911,-0.2084,1
-0.50742,2.2818,2
-0.44239,0.21682,3
1.8704,3.2916,2
4.1942,-0.1255,3
1.2173,-1.4503,2
1.4713,1.508,2
-1.6679,0.049795,2
-0.60781,-0.66175,2
-1.715,-1.8,3
-3.2021,-0.26826,2
-4.0191,-1.0712,2
-1.3052,0.78143,1
1.9279,-0.11971,2
-0.37884,-0.14591,2
-1.7303,1.9405,2
-1.7194,-1.319,2
1.8404,-0.50836,2
-1.8274,-1.9632,2
0.80533,2.9002,2
1.5259,-2.8509,2
-0.19608,1.9119,2
-2.1072,4.6567,2
-3.8121,-2.1384,2
1.8431,-4.876,1
-2.5283,-1.6107,2
-1.8125,-6.392,1
-3.8261,-2.8548,1
-0.43727,1.5255,2
1.2495,-2.529,2
-1.523,1.8654,3
2.5178,-0.45727,1
-0.72275,-0.61727,2
0.55702,0.1873,2
-3.1144,-6.451,2
-0.4347,2.4077,2
2.1049,-2.8733,3
4.7609,-1.501,3
-1.0112,-1.2751,2
-0.94377,-2.1825,2
3.4643,2.8311,2
-1.4871,2.4041,2
-0.10298,-0.39064,2
-0.75417,-0.65243,2
3.8074,1.4427,2
-2.0236,0.25656,2
-0.66927,1.9378,2
4.6605,1.7046,3
-1.1759,-3.363,2
-1.328,-1.102,3
-2.4086,3.267,3
-2.5363,0.19145,2
-3.5295,1.3078,2
-2.356,0.98868,1
1.9242,-0.050327,2
0.35276,2.8487,2
0.20833,-2.4316,1
-1.9654,-1.5121,2
-1.1376,0.087091,1
1.0393,-0.62228,2
-3.3001,-0.26609,2
0.89086,0.62196,3
3.6909,2.0351,2
-1.5147,0.34322,2
0.14688,3.617,2
-0.12811,0.37245,2
3.1125,-1.8377,2
-4.5171,-4.9755,2
-5.4746,-0.89155,2
-2.629,-2.2126,1
-0.8338,0.085261,1
0.60827,2.0825,2
-0.50012,2.4301,2
-0.1301,0.98575,1
-2.6143,0.41667,2
-3.3454,-0.38672,2
-3.8482,0.44882,2
5.2761,1.4019,1
0.31959,-1.7798,3
2.3127,1.1508,2
2.4949,4.0997,3
1.3087,-1.0696,1
0.14632,3.4179,2
2.7873,4.2034,3
1.9123,0.88163,1
-1.9889,0.91439,1
-0.51559,-1.5902,2
1.1256,0.27015,3
0.062013,-1.0874,2
0.6291,-1.2244,2
0.38549,2.6008,2
-2.8538,-1.7493,2
3.0432,-1.9236,2
1.8473,-2.0999,2
-2.6056,0.40407,2
0.73981,0.70189,2
0.55024,2.3318,2
1.6673,1.7852,2
0.80594,-3.8049,2
1.3778,0.61662,2
0.41322,-0.17114,2
0.67351,-4.2022,2
-3.732,-4.1709,1
0.046977,4.946,3
-1.5148,1.5468,2
-0.92519,-1.7308,3
-3.3077,-3.5795,2
-2.7809,-6.4185,1
0.26624,-0.41534,2
3.5187,4.5533,2
-1.4102,4.2867,2
-0.35783,0.48756,2
2.0188,4.8655,3
4.3095,6.6718,3
2.7583,-0.22704,2
-0.99586,-1.3556,2
-1.4154,1.2358,2
0.40074,2.9964,1
-2.3869,-2.1416,2
0.48127,-0.11661,2
-0.14233,-4.5085,1
-0.79118,-0.29884,2
-2.3281,0.6463,1
2.9851,0.81363,2
4.4923,2.8357,3
-2.2746,0.8994,2
-0.060567,3.3208,2
4.9532,-1.8554,2
-0.59476,6.8371,3
1.3066,-1.4284,3
-0.35829,2.3804,3
3.3782,0.2085,2
-1.7518,-2.2727,2
4.9019,-1.9341,2
-1.6121,-0.83327,2
6.7761,1.172,3
0.77422,-2.1139,1
-0.47083,0.19533,2
0.18352,0.63932,2
0.75903,1.3538,2
-1.3164,2.1181,2
3.9698,-2.9087,2
1.3539,-0.24705,1
-1.271,-1.9263,2
4.2021,2.8174,2
0.36919,-1.3162,2
1.525,1.956,2
-0.83368,-2.8281,1
0.16004,-4.5562,2
-1.7494,0.63215,2
-4.6224,-4.3377,2
0.31451,0.79763,2
1.7709,-0.0254,2
3.7963,-1.8458,1
1.8305,3.1126,2
-0.16965,-0.08131,2
0.81116,5.076,2
-2.279,-1.467,3
-5.2605,0.23959,1
-6.2723,-2.2553,2
3.3495,3.5332,3
1.1542,2.063,3
0.31627,1.5399,2
0.33533,2.055,2
-0.67529,3.0274,2
1.9365,-3.5146,2
-0.53663,-4.1324,2
2.3291,0.27809,2
3.3278,1.5257,2
-2.2873,3.0669,2
-3.9039,-1.7678,1
-0.69514,-4.7652,1
3.803,1.0774,2
0.011062,-0.39864,2
-0.95178,1.0852,2
2.6363,-2.8096,2
0.1327,0.33415,2
0.27882,0.91059,2
0.046677,-0.22684,2
1.8736,-2.43,2
-1.0976,-2.5658,2
2.9943,-0.29729,2
0.57054,-0.42644,2
-2.4928,2.1127,2
-0.046478,-2.4817,3
2.7294,2.6593,2
3.4222,2.1204,2
-3.2335,-0.65476,2
-2.6389,-1.2585,2
2.6105,1.8848,2
0.019476,0.74933,1
-3.0154,-1.9273,2
-1.1236,-1.9299,2
-3.3414,1.3107,2
0.058114,-1.2508,2
-2.2693,1.3293,2
-0.55629,2.2587,2
0.13493,-0.25922,2
0.87077,0.45555,2
-3.0875,-0.88781,1
1.5641,-2.9151,2
-0.17073,-0.92832,1
-1.7934,-1.8118,2
1.7043,-2.481,2
-0.53378,1.9438,2
-0.77032,2.5555,2
-1.6348,-1.5159,2
-3.4101,-1.3651,3
0.47838,-1.2051,2
0.69008,0.61723,1
1.7003,4.3399,2
0.12965,-4.3823,2
-2.8741,2.4557,2
-0.82467,-0.31895,2
1.9412,-2.4861,2
2.0363,1.6677,2
-0.21751,3.3213,2
1.0881,-0.15686,2
1.7929,2.1331,2
2.1784,-0.066016,2
-0.78855,1.5434,2
-0.38389,1.4201,2
1.7584,5.3463,3
-4.5952,-1.409,1
-0.69114,-1.5422,2
2.5708,0.017881,2
0.38871,1.908,2
-2.1328,-0.12076,3
5.963,2.9248,3
-1.5542,-0.95923,2
2.8101,2.8572,2
-0.13028,0.61804,2
-1.9153,-2.0931,2
1.8281,-0.58279,2
-4.5598,0.27484,2
-0.30148,-3.0109,2
0.082154,0.88231,2
1.8664,-0.066807,2
0.28784,-1.1124,2
-1.7838,-1.2507,2
1.3247,-0.02666,2
1.1091,-1.9252,2
-0.47132,-1.7444,2
5.2155,-1.4875,2
0.66082,-0.39337,2
2.6493,-2.4381,3
0.79238,0.19665,2
1.6268,1.5577,2
0.96353,-1.1254,3
0.86121,1.4277,3
1.0757,5.6073,2
-0.22762,3.6321,3
0.80959,-1.7405,1
0.66474,-1.9104,2
2.9601,-0.027693,2
2.4893,-0.71895,3
-0.9415,0.81278,3
-1.4896,3.2778,1
3.2071,-3.2999,2
-1.0436,-2.4847,1
0.8573,0.070051,1
1.142,2.3839,2
-3.1033,-1.8989,2
1.9201,1.6616,3
2.5947,-1.0714,2
0.79639,2.9935,2
-2.1459,-2.57,2
-4.0341,0.42746,2
0.57082,-0.67188,2
1.6561,-5.9785,1
3.3354,4.9728,2
-4.3007,0.15881,1
-0.56665,0.32322,2
2.0862,-0.57981,3
0.32745,0.10684,2
1.7267,3.2755,3
-1.6657,3.133,2
0.28146,-0.76175,3
-1.3977,0.045025,2
-0.46827,-6.6952,2
0.20659,-1.2427,2
0.33706,-1.2423,3
3.8554,1.6891,3
0.28274,-1.0597,2
3.913,2.7354,2
2.3146,1.1438,2
-4.5154,0.12786,2
-1.769,-6.9704,1
4.3585,2.4481,3
-1.6686,-1.5123,2
0.87446,-1.8716,2
1.5277,2.8672,2
-1.6036,0.014113,2
-0.078419,0.79248,1
-2.1801,4.6223,2
-0.17388,-1.9169,2
-0.96454,-0.19085,2
-2.2813,-1.7044,2
-1.3326,1.1733,2
1.1755,-3.5776,2
-3.2548,1.1996,2
-5.9339,-2.3649,1
-2.3751,0.7136,3
0.020407,-0.071404,2
-2.6143,0.49159,2
3.7084,-0.79238,3
0.32979,-2.1783,2
4.1863,-1.5438,2
2.5947,-1.1367,2
0.58091,0.67476,2
0.3508,-5.2572,2
-0.49026,4.0822,1
-1.665,-0.74787,1
1.0276,-0.40534,2
0.29999,1.1419,3
-0.82262,-0.62374,2
0.48056,-0.98825,2
-2.0962,-2.3103,2
-1.3284,-0.23615,2
-2.9163,2.5225,1
2.6283,2.3662,3
3.6803,-2.4834,2
-4.4488,2.3485,2
-2.8275,-1.2206,2
1.1758,-2.7207,2
-3.1891,0.89513,2
-0.024343,0.53553,2
-1.3736,-0.48051,2
-2.018,-2.8568,2
-0.1431,3.8648,2
1.0566,-0.97823,2
-0.72408,-2.1188,2
0.61361,-2.8647,2
1.4821,0.78551,2
0.071519,-0.4578,2
1.2638,-3.2765,2
2.1941,-2.0219,2
1.9317,-1.4049,1
-1.4565,0.82573,3
2.5104,0.23623,2
-0.05357,2.1433,2
-2.2399,-3.7883,1
-3.6756,-2.5259,2
-2.1998,-2.3127,2
-3.0953,0.016454,1
0.18068,-0.14728,1
-2.8017,-1.8229,2
1.5002,-1.8495,2
-1.0382,-3.4929,1
0.29835,-2.6357,2
-2.8582,1.347,2
1.7556,3.3896,2
3.0181,1.8439,2
-3.0954,-0.80513,2
2.0777,1.9226,2
-4.4586,-2.204,2
4.1004,5.1947,2
0.36453,1.5749,2
-0.80341,-0.87523,2
-1.0096,0.1321,2
-3.3356,-0.36982,2
2.1743,-0.82806,2
-1.3158,0.79278,2
-1.8251,-2.2616,1
1.7961,1.6202,1
1.786,3.3316,1
-0.91002,-1.7925,2
0.4168,-1.9237,2
1.34,0.69133,2
-0.42272,0.69167,2
-2.1521,0.90313,2
0.33018,4.5313,2
1.3883,-1.2453,2
5.4159,1.4962,3
-1.0665,-4.9658,3
1.8365,0.55077,2
0.33214,0.17746,1
2.7431,2.9584,3
-0.67526,3.817,3
-3.5408,-3.2681,1
1.6032,-0.23418,2
2.6425,0.034164,2
1.5386,1.2034,3
7.2122,5.6661,3
1.5041,-1.0118,2
0.84729,5.232,2
-4.1966,3.5995,1
-0.13146,-1.4731,2
-2.1717,1.0121,2
1.5496,1.5472,2
2.7318,-1.2951,2
1.4432,-0.86801,2
2.0328,2.5051,3
0.15519,3.3027,3
0.072699,-0.67113,1
-0.55979,-0.39497,2
-0.16427,-1.1452,2
2.0626,0.33275,1
-0.8489,-5.1323,2
1.6286,-1.5672,2
2.3911,1.0738,2
-3.1897,-1.0993,2
2.5913,-1.6773,1
-0.51493,0.15608,2
-3.5764,2.2817,2
2.16,1.3667,2
2.9691,0.15409,2
-0.21887,-0.22598,2
-1.0532,1.2713,2
-0.16197,1.5022,2
-1.0008,1.0608,2
1.12,1.5228,2
0.82228,-3.0361,2
-0.051856,-0.1418,2
-4.1634,-5.2536,1
-0.5752,1.0167,2
0.056826,2.1964,2
2.6568,4.1478,2
-0.9902,1.925,2
-1.6047,-2.4415,3
-3.1015,-1.2543,2
-1.2345,-2.6738,2
-1.2768,-5.2253,1
-3.2033,-1.1441,2
-0.79514,-0.91364,2
-1.9751,-4.3194,2
-0.73881,2.466,2
2.4935,-0.53127,2
2.8606,-1.0806,2
-0.46453,-1.0116,2
-1.1053,-2.1964,2
0.10461,-2.9165,2
-3.0895,1.6896,2
0.71027,0.98279,1
-0.71757,0.39944,2
-3.6255,-0.4466,2
0.94486,-1.1858,2
-5.927,1.5842,2
2.7607,-0.55016,2
4.5467,0.6891,2
1.9693,0.38287,3
-4.1786,-0.30099,2
1.6919,-2.6707,3
-2.2591,-0.84873,1
2.2698,-1.1903,2
5.4485,4.4839,2
1.4748,-4.9635,2
-2.4471,1.5749,2
-0.22843,5.9441,3
0.29884,-1.8528,1
-1.6349,2.339,2
-0.95835,1.0615,2
0.47709,-4.9345,2
0.38183,0.94237,2
-0.10924,-0.50162,2
1.4037,0.962,3
1.2845,-2.7805,2
0.55906,0.88533,1
2.0633,2.5639,2
-1.3894,2.0389,2
0.43135,5.2001,3
0.30865,1.4441,3
0.11497,1.233,2
-3.8207,-0.84892,2
3.609,-1.7138,2
-0.60679,-3.0781,2
-1.248,-1.7702,1
-1.2813,-1.8207,2
2.0801,-0.016409,2
-0.55037,-1.1154,2
-1.4815,0.75397,2
2.2492,0.24306,3
0.29433,-0.53835,2
2.1655,5.5001,2
2.7404,-0.50694,3
-0.42662,-1.0823,3
4.1747,1.9222,2
-2.0333,1.0348,2
-1.8234,-1.7895,2
0.7797,-1.7555,2
-0.46553,-0.61377,2
0.27122,4.1571,2
-3.3822,-2.5407,1
0.79433,-0.94009,2
-1.2724,-2.239,2
-1.8436,-0.53976,2
1.5346,0.036504,2
4.776,-0.62654,3
2.2272,-0.69185,2
-2.575,-2.9634,2
0.64457,-0.92584,2
-1.4101,-2.6973,2
2.1715,1.3508,3
2.7258,-0.55892,2
3.9808,2.9603,2
0.051506,-2.8496,2
-2.2476,3.5555,3
1.3238,0.82884,2
0.48066,-1.9705,2
0.30232,6.1455,2
-0.82406,0.12901,3
-0.3694,-1.9623,2
1.4798,-2.9468,2
-0.32812,-2.1605,2
-2.7937,-0.31353,2
1.2043,-0.31327,2
2.2627,-0.0036286,2
-1.8372,-1.5057,2
2.3672,1.4743,2
-2.353,1.4424,1
3.9588,2.9354,3
-0.50983,-1.9525,2
5.2705,0.10134,2
-1.6798,0.71816,3
-3.5788,-4.9616,1
0.25599,0.92547,2
1.3872,0.1541,2
-3.5369,-0.14722,2
0.036203,-1.877,2
-1.1305,0.42358,2
-2.897,-2.8301,2
-4.5611,-2.6271,1
-0.94383,-4.3213,2
-0.56113,0.43817,2
-3.6693,1.0668,2
3.2039,-1.5118,2
1.0155,-2.2144,2
1.1289,4.8596,2
4.7359,0.5544,2
1.3564,-2.2842,2
0.090422,1.1797,2
-0.85771,0.48723,1
-2.9991,-2.265,2
5.1156,0.90077,3
0.24647,-0.75065,3
-1.9926,1.7324,3
4.6536,1.021,2
-1.7573,1.0005,2
3.2077,0.71396,2
-0.4348,0.20727,1
-0.010366,1.6948,1
1.8426,-0.43211,2
-0.84864,0.70779,2
-2.9633,-0.34835,2
-2.1977,-1.6946,2
-1.1772,0.15444,2
0.48785,-2.1843,2
0.87866,1.3157,3
-2.7854,0.52491,2
1.5951,3.8702,2
-1.1712,1.2842,2
0.80918,-0.27093,1
2.1509,-2.6769,2
2.529,1.3934,2
3.2888,1.3509,2
0.09578,0.19366,2
-3.4926,-1.8939,2
-1.3882,-2.2102,2
-0.08839,-1.4234,2
-1.3021,0.83056,1
0.33247,-0.88985,2
0.45272,0.19759,2
-1.9299,-0.53864,2
1.2377,1.5857,2
-0.12695,2.6627,3
-0.043181,-1.7185,2
-2.7498,1.447,2
-1.2036,4.6808,2
2.8437,3.6831,2
-3.7915,-2.0131,1
-2.2547,-3.3404,2
-0.091609,3.5319,2
3.0873,-0.86652,3
-4.8826,-1.2536,2
4.5984,5.9279,2
-3.803,-2.6694,1
0.35826,1.6074,1
-0.48122,-2.7702,2
0.89582,-5.9211,2
2.2439,-0.92748,2
1.886,-1.3402,2
0.72606,3.6941,2
-1.5779,-3.9869,2
-1.0813,-0.8021,2
0.34649,-2.0273,2
2.8033,-3.7431,2
3.3373,1.9469,2
-3.1571,-0.34252,2
-0.20188,-4.4993,1
1.5177,-3.6382,2
-0.83575,-2.4681,2
4.9275,1.2918,2
-6.6708,-2.1788,2
0.83833,0.66998,3
-1.1381,-1.1421,2
2.0221,0.98983,2
0.14384,-1.7667,2
1.2716,-0.24155,1
0.41654,0.57836,1
-0.63034,-1.705,2
1.6158,3.9581,2
1.9925,1.7156,2
-0.27432,-3.1499,3
-2.3484,0.67009,2
1.2336,0.26482,3
0.70056,-2.2396,2
0.14504,-1.1459,3
-4.4793,-6.3032,1
1.0314,0.99214,2
-0.21358,1.5869,1
0.28322,1.1061,3
-1.7714,1.8556,3
4.1453,1.392,2
2.1664,-0.12856,2
-0.81598,-1.2598,2
-3.6125,-2.2282,1
0.47615,2.1096,2
-1.9958,-3.0117,2
0.66974,-1.3354,2
2.7754,-0.65422,3
-0.063895,1.8173,2
1.3909,6.5096,3
-0.051119,0.57699,3
2.0548,1.5299,2
3.6033,-4.6376,2
-5.3769,3.3879,2
3.3502,0.84979,2
3.1091,1.5861,2
1.1837,2.6608,2
1.5433,1.8896,3
-2.2741,2.7166,2
3.2721,3.0412,2
-0.41622,-2.3997,2
-2.2181,-3.3065,2
1.07,-4.3111,2
-0.098156,0.11563,2
0.25864,-3.7189,2
-0.81834,0.080669,2
3.7086,-3.2153,1
1.1352,2.5883,2
-2.1536,-0.042671,2
-1.6017,1.1799,2
-0.072051,-3.628,2
4.5743,4.4135,3
2.3307,-0.035083,2
2.6135,0.41467,2
0.43756,-1.4895,2
-1.2448,1.1984,3
0.83655,1.7276,2
0.14669,6.2434,2
1.3025,5.4882,2
-3.911,0.41143,2
-1.5775,-3.9357,1
0.7828,0.022631,3
0.28486,1.2967,2
-5.582,-2.5832,2
1.9996,1.2474,2
1.9094,-2.1945,2
-0.42981,3.2476,2
0.88166,-5.0334,2
1.5205,-3.1709,2
0.68525,-2.9259,2
-1.5043,-1.0699,2
0.54812,-1.6917,1
-0.24399,-1.9225,2
-0.30999,-0.91742,2
-2.3429,0.20752,1
3.3591,-0.84975,1
-1.1058,1.4574,2
0.84896,-2.2078,2
4.5612,3.1579,2
-1.2931,2.617,2
0.22095,-2.2189,2
-0.024492,3.7485,1
-2.0455,-3.626,1
-2.7591,-0.97313,1
-2.5834,-1.5751,2
-0.51251,0.22648,2
-0.33548,3.0726,2
2.4767,2.9973,2
0.77105,-1.1731,2
2.2133,3.5276,2
-0.9479,0.64937,3
-0.33041,-0.17481,2
-0.81085,0.747,2
2.4076,3.7723,3
0.65146,0.64618,2
0.75964,1.5166,2
0.16818,-1.9399,2
3.657,2.82,3
1.3125,1.8845,2
-0.13302,1.1318,2
-2.1071,-1.1014,3
0.19074,0.40206,2
-0.32546,-2.0497,2
5.2528,-4.1119,2
3.4627,0.46138,3
-0.063333,2.3352,2
-1.6492,0.0092024,2
-0.54447,7.1701,2
3.4986,-1.0353,2
0.34773,4.3112,3
-1.5495,0.15349,2
0.81465,-3.8773,2
-1.8998,-2.21,2
0.26143,2.0547,2
-3.612,-1.745,2
5.4599,3.8161,3
-3.901,-0.51455,2
1.3185,0.14073,2
3.9709,3.6526,3
2.1985,1.1668,2
2.1008,0.61035,2
1.718,1.4867,2
-0.89894,-1.3782,2
-0.71556,-1.7433,1
-0.99484,1.5041,3
-0.89016,0.24274,2
4.0644,4.0757,2
2.1496,0.61202,2
-2.0584,2.9854,2
-0.88921,-1.2364,2
-3.1566,-3.1711,1
0.10291,-0.56362,2
-0.16341,-2.3444,2
-1.194,-1.049,1
0.35744,-5.243,2
0.64778,0.90144,2
-0.62835,2.4707,2
1.4568,0.52508,2
0.73029,-2.3403,1
2.3412,1.5468,2
0.78557,5.9336,2
-3.4863,-3.3682,1
-2.8093,2.731,2
0.0030614,3.1932,2
3.1087,-0.38682,2
2.3279,0.44699,2
0.25222,-0.42867,3
1.2789,1.3223,2
-4.3968,-1.1302,2
-0.66942,-0.77661,2
-1.6237,1.5102,2
0.49602,-0.53308,2
-2.9055,-1.4861,2
1.9103,2.385,2
-2.3665,0.67748,2
-0.28501,1.9333,2
-0.35519,2.543,3
-1.7374,0.36612,1
-3.9531,-1.9225,2
-1.6269,3.6936,2
1.4203,-0.3932,3
0.56198,-3.6912,1
-1.7847,-0.908,2
5.6557,0.19027,2
-5.264,-3.0721,1
0.13967,-0.98884,2
1.9187,4.4433,2
0.416,-1.3836,2
-0.45169,1.5479,2
0.76814,-0.19151,2
2.1514,1.5503,2
-1.6533,-2.2863,2
-0.01505,1.1331,2
3.5734,3.0146,2
-0.12044,1.9159,2
0.80822,-0.71659,3
1.9452,-1.0672,2
-0.11197,-0.54166,2
-3.4828,0.67688,2
-0.40456,2.846,3
-2.5205,1.4696,3
3.2143,-2.9808,2
-1.9436,4.8934,1
2.0016,-2.4493,2
-0.62601,0.759,3
0.88372,0.7523,2
-0.99919,2.3086,2
-1.7001,-0.65816,2
-4.3484,-5.1938,2
1.2652,2.5298,2
0.86692,-1.2406,1
-3.2699,2.2799,2
-3.2104,-2.2793,2
-1.0587,-0.09055,1
1.6654,-3.9556,2
2.5189,0.11324,3
0.87846,3.0781,2
0.46444,-0.94771,3
-3.5167,-1.5866,1
2.1559,-2.3089,3
0.13656,1.8412,3
0.99123,0.33991,3
-2.6682,1.5105,2
1.6423,-1.1198,2
-0.29339,-0.18686,2
-1.7392,-2.0616,2
0.35694,1.8492,2
1.5506,1.6001,1
-1.5828,-0.78218,2
-2.7202,1.7108,1
-4.1416,-0.72992,1
0.19206,-0.13512,2
0.54441,-4.1892,1
-2.2079,-1.7612,2
-0.28529,-0.31476,2
1.7717,-2.3869,2
1.2221,2.6013,2
4.4268,0.98034,3
3.7263,3.2027,3
1.4892,1.5324,1
-1.4979,1.1181,3
-1.2743,-2.3261,2
-3.5034,-3.5486,2
-1.3914,-2.6693,1
3.4075,1.0809,2
2.2795,1.4568,3
0.33411,1.238,3
-1.5763,0.075477,3
-3.3305,-1.6223,1
1.8347,0.53438,2
-0.17781,-4.1718,1
1.3019,2.9116,3
-5.3001,0.83301,1
3.5602,0.016064,2
-1.6356,2.1009,3
2.214,0.76868,2
2.0595,-0.30087,2
-1.3538,-1.126,2
0.405,5.9143,2
-3.8794,2.1423,2
-0.48099,2.8491,2
-1.7054,-1.1677,2
-0.3857,2.1654,2
0.1616,2.886,3
-3.7803,1.3977,2
1.4769,2.422,3
-0.8897,-2.149,2
-3.2923,-0.44979,1
-1.8117,1.2514,2
-0.13909,3.2152,3
0.55,1.9736,2
-2.8804,-1.6387,1
0.060528,0.40941,3
3.1537,5.2219,2
2.535,0.12681,2
-0.56672,2.2652,2
0.46998,-2.0905,2
0.20444,-2.7739,2
-5.2905,-0.89982,2
1.3758,0.5452,2
2.5421,0.98234,1
3.4441,4.8343,2
-3.3365,-0.38691,2
2.1596,0.24348,3
2.3054,1.1415,2
1.895,-2.745,2
-1.3278,-4.3156,2
-1.628,-0.19675,2
-0.042794,-3.1478,3
0.23686,1.0673,2
2.1533,1.5501,2
1.5992,2.3803,3
-1.8937,-3.5776,1
-1.3242,0.90133,2
1.761,2.0278,2
-1.219,0.40656,2
1.8764,-0.38736,3
-6.6264,-3.2173,2
2.1954,0.54091,1
1.6169,0.64888,1
-0.62013,0.21733,1
-3.4839,3.4372,2
-0.86725,0.87855,2
2.677,5.6498,3
0.81829,1.9521,2
-0.29689,-1.2196,2
1.2366,-1.3353,2
1.7401,1.7833,1
1.1496,-1.9663,2
5.0272,1.6908,3
-0.017,-1.4554,2
1.712,-0.92893,1
1.2433,0.72233,2
4.5239,2.2071,3
-2.963,-0.53843,2
-2.1136,0.56501,3
2.2834,0.33986,2
3.5911,-1.0479,2
2.0791,-0.99477,2
-1.0151,-5.4971,2
-0.16745,1.1684,2
-0.70353,-2.045,2
0.84689,0.28942,2
1.303,1.0163,3
-4.0494,-0.097535,2
3.4786,2.5244,2
-2.6745,-1.438,2
-1.9807,-0.70706,2
1.0199,0.75075,2
1.8935,1.2176,3
-1.0121,1.3482,2
-0.58632,0.93292,3
-6.5277,-5.8755,2
-1.7377,1.1655,2
-1.6838,-3.4422,1
3.4061,1.7844,2
1.1169,-1.4343,1
0.95978,-3.1435,2
2.9465,4.5697,3
-1.2351,-1.5304,1
-2.8767,4.1494,2
4.6961,-1.5095,2
2.4289,-0.8799,2
0.43512,-0.81317,2
1.6164,-1.8824,2
5.9214,0.39089,2
2.8841,1.7133,1
1.2532,0.90969,2
-0.60198,2.4552,3
0.76456,-3.0271,2
-3.9375,-1.55,1
-0.81264,1.8579,2
3.5446,1.0443,2
-1.0664,1.1895,2
1.2046,4.0807,2
0.79508,2.3713,2
1.2116,-3.3665,2
1.9714,4.3861,1
0.086633,2.8807,2
-2.1983,2.5143,2
-0.98111,1.2962,2
-6.2625,-1.0814,2
-0.30009,2.0969,2
-7.9009,0.14844,2
-0.26394,2.262,2
1.3352,-1.5468,2
-1.9869,0.099676,2
-0.4546,-4.1622,3
1.4334,0.87257,3
1.9324,3.5014,2
4.1557,1.4022,2
-3.9416,-0.50207,2
1.1078,1.8232,2
0.41728,1.4009,2
0.18427,3.8834,2
0.71143,-0.88455,3
-1.008,-2.3189,1
0.68396,2.4837,2
1.5061,1.3154,2
-2.2121,-1.2807,2
-0.70427,-1.5508,2
-4.3032,-1.9215,3
0.44382,2.4889,2
-0.88111,0.026807,2
-1.329,-1.9003,2
-3.014,-1.7655,2
-2.5553,-1.5221,2
-0.12893,-4.0554,2
1.2886,1.4714,3
4.3918,-1.5874,2
0.90289,1.9146,2
0.54663,0.42286,3
-1.1819,-1.7423,2
1.0373,-2.4473,2
1.5223,3.9074,2
-2.8131,-0.48794,2
-0.24098,3.4187,2
-2.0614,-0.92469,3
1.6055,-1.3627,2
-2.1844,-1.9278,2
7.3037,1.8992,3
1.397,-0.77176,2
0.9109,0.8568,2
3.7866,-1.5631,2
-2.1148,-2.2536,2
0.094006,-1.2316,2
0.74293,2.6271,2
2.4799,-0.49474,2
1.6374,-1.9449,2
3.6238,0.16328,2
0.60735,-0.16362,2
-0.57324,-5.1433,1
-1.2353,3.5712,2
2.9469,0.058379,2
2.4073,-1.4971,3
-4.8212,3.0474,2
2.5213,2.5416,2
5.8876,-1.0519,2
-3.1109,0.51787,2
0.52054,1.6719,2
-3.1094,4.3245,2
0.39904,-1.4735,1
2.9522,-0.42236,2
-2.7255,2.7738,2
-0.51606,-4.4998,2
-3.2808,-3.7106,2
3.8705,-0.53797,2
1.8805,0.84798,2
-1.8446,-3.0973,2
-0.84423,-0.16828,2
1.2194,-0.64349,2
-0.86162,0.56594,1
-1.6708,-0.83773,1
-0.95313,0.075254,2
-0.37543,0.49612,2
5.4583,1.7436,2
-2.5472,-3.4825,2
-2.4929,-3.1735,1
2.1535,0.25356,2
1.0094,1.52,2
3.3408,4.2872,2
-2.3406,-4.856,2
-0.74778,0.016562,2
3.8819,-2.6411,1
-4.1458,-1.6485,2
2.9518,0.21459,3
-7.8645,-0.41399,1
4.827,-0.85293,3
1.2987,2.3609,2
-6.7594,-4.1688,2
-1.7852,-0.39852,2
-0.92152,-4.0709,2
1.2846,-0.20123,2
2.1219,-0.57769,2
1.8194,3.7423,2
-2.6051,0.89514,2
-2.7822,-3.6559,2
-0.40161,-1.64,2
-1.3133,0.44594,1
1.5925,1.1309,2
0.99236,0.13729,3
0.4037,-1.0093,2
2.0497,-2.5852,2
1.8743,-2.1038,2
1.4252,-0.45429,2
0.83169,-1.7411,2
-0.56887,1.3875,2
1.0181,-2.5686,1
-3.0342,-2.4493,2
0.5983,2.5459,3
-3.118,-2.3744,2
-0.5676,0.82717,2
-1.4246,5.6437,2
-3.4895,0.16453,1
-4.4717,2.0312,2
-1.6954,-1.0205,2
4.0074,0.55635,2
-2.9052,-2.4873,2
-1.2634,1.1015,2
4.8757,-0.67356,3
-0.33754,0.69947,1
-2.0742,-0.38853,3
-1.8905,-1.1389,1
-4.0037,-2.584,2
-0.18237,-0.95392,2
0.39429,-4.1652,2
4.0852,-0.14521,2
-3.0716,2.8377,2
-0.81904,-3.8497,1
1.9261,1.6053,2
-1.27,-3.1418,2
-2.0148,3.3252,2
1.2046,4.2877,2
1.7693,3.6137,2
3.4847,0.16437,2
0.50424,-0.30264,2
4.4218,0.81232,2
2.2377,-0.88382,2
-3.2244,2.5089,2
-3.385,-1.9208,1
-4.8302,-1.5739,2
5.6621,-1.5916,2
-2.4955,0.47859,2
-2.6447,-6.0226,1
-2.3318,2.3073,3
-6.5355,-3.2749,2
-0.30431,-3.0236,2
0.16802,-0.0097682,2
-1.4545,2.1954,1
-4.6812,-1.468,2
3.67,-0.64171,2
-0.30624,-1.0897,3
0.9604,0.60327,1
-1.9048,0.3435,2
-3.4727,1.7083,1
0.61904,-1.1612,1
-0.5936,-1.8119,1
3.0941,-3.2836,2
-6.1547,0.45221,1
0.061644,-1.7091,2
0.92031,4.7516,2
-4.7272,-0.929,2
-0.55313,2.0477,2
0.018362,-3.637,2
-3.1878,-1.1026,3
0.85263,3.3275,3
1.2539,2.952,3
0.44469,-1.895,1
1.5876,0.1077,3
-0.5432,3.9527,1
-1.1768,1.854,2
-5.2888,-3.2634,1
-2.2657,1.1842,3
-1.1002,0.42233,2
3.6978,-0.59478,3
-1.166,2.9268,2
-2.8272,1.6259,2
-3.1233,-1.9524,2
1.5657,-1.0007,2
-5.615,-2.5789,2
-1.7934,-2.7057,2
2.1535,-0.29306,1
0.58085,2.1521,2
-1.5879,-3.862,2
-0.68768,0.033964,2
1.5599,1.3395,2
-2.9371,-3.9866,2
-3.129,-3.9696,2
-0.20716,1.5029,1
-0.23465,1.2296,2
-0.88422,0.56718,2
-0.65409,1.2649,2
1.9664,-1.101,2
2.2942,-0.15572,2
-0.23013,0.52525,2
-2.2365,-1.1283,3
-1.144,0.90607,2
1.3624,1.3509,2
-1.6988,-0.014899,1
1.7879,2.1285,3
-3.0401,-2.1148,2
-2.1938,-1.7066,2
-1.1167,-0.41292,1
2.8642,4.3275,2
0.7921,0.72717,2
-2.2938,-0.6245,3
2.8606,-3.3503,1
0.098298,2.2148,2
-0.72828,-0.1811,2
-1.5229,1.6643,2
2.0462,-1.3869,2
0.76346,2.4622,1
1.0999,-5.7231,2
-2.9086,1.3039,1
0.22087,-2.4239,2
0.45206,0.30541,2
0.44755,-2.8914,2
-3.2204,-2.1191,2
0.69217,0.64444,2
-2.1637,5.4725,1
1.8648,1.7623,3
-1.4823,-4.6822,1
0.62307,-1.7845,3
1.869,-0.060513,3
-4.0206,-1.1518,2
-2.2605,-2.8108,2
-0.63804,-1.005,3
3.3318,1.608,3
0.32801,2.8057,2
1.5553,-3.0415,3
4.4413,5.2392,2
-2.7299,-0.6024,2
-2.1762,-3.6894,2
-1.0438,1.6962,2
1.215,0.57744,2
0.91272,-1.572,2
3.0927,0.88735,3
2.4046,2.9711,2
0.51732,-2.0558,2
1.4802,0.66438,2
0.80854,4.1931,2
-0.3902,-0.32352,2
-3.2025,1.1103,2
0.75733,-0.16345,2
1.999,0.037996,2
-2.7226,-0.75864,2
-3.1146,-1.235,2
4.5535,2.4962,2
-2.2027,-1.5815,2
1.4862,-0.91529,2
0.047206,0.27886,2
0.64326,-1.8131,2
-1.1113,-0.52937,2
2.798,1.4924,3
-2.4163,1.881,2
-2.7579,-3.1926,1
-0.59636,1.88,2
1.7319,2.1054,2
6.7301,2.8786,3
-3.5324,-5.0569,2
1.2655,-2.2747,2
2.4412,1.1365,2
0.16315,2.832,2
-1.1748,-2.3491,2
-0.65724,-3.1831,3
0.10856,-5.3529,2
-0.38644,1.7009,2
-0.26413,2.4099,2
2.1032,3.8093,3
-1.3982,0.0085519,2
1.5943,-1.0546,2
-2.9058,1.4934,2
-2.8815,-1.0845,1
-5.3001,-2.9944,2
-1.2195,2.4307,2
-0.30005,0.62659,2
-0.52086,-1.1878,2
-2.7293,0.0032667,1
-0.96764,2.9237,2
3.4287,-1.2444,3
2.9144,4.7481,2
-2.3367,0.52887,2
1.3595,0.44452,3
-5.0612,0.04752,3
-1.2034,-1.6263,2
-3.8147,-0.20325,2
-6.2614,-2.6595,2
1.8257,-0.17369,2
-4.4737,-3.5725,2
-0.23617,-4.7147,2
3.8736,-2.0971,2
-1.4766,-2.497,2
0.26616,-4.3846,1
-2.7252,-1.446,2
5.8642,3.9687,3
-1.9712,-0.79792,2
2.8542,-2.6272,2
5.2249,0.79027,2
4.2573,5.1777,2
-1.1312,1.7264,1
4.1483,7.8444,2
0.059725,1.3252,2
-0.59087,-0.13955,2
0.98154,0.69944,3
2.6878,3.1704,2
0.76074,-4.5998,2
2.4445,-2.1286,2
-0.61801,1.0072,2
2.361,-1.25,2
0.62454,-0.4384,2
0.082324,-1.5791,2
-2.7819,-2.0524,2
-5.2364,-3.2146,1
-0.58596,-1.2262,1
-4.8618,2.5348,2
-0.58152,3.8852,2
5.4139,3.7573,2
0.51007,-1.9256,2
1.7445,5.7318,2
6.3721,2.133,2
-0.20051,0.22488,2
-2.1538,-0.18728,2
-0.68797,2.9747,3
3.1816,3.0124,2
-2.2638,1.3966,2
-0.67729,-0.58876,2
-0.68211,-1.9907,2
-3.0414,-3.743,2
1.9661,3.0766,2
0.67478,-1.3874,1
-2.6412,-2.0397,2
-1.2005,1.1736,2
-0.14342,0.21825,2
-1.5942,0.453,1
0.81498,-2.7244,2
-0.39647,3.3314,2
2.0058,-0.94838,2
-2.7438,0.36903,3
-4.0501,-1.6138,1
-1.4022,-1.4722,2
0.14726,1.0939,2
-0.74598,4.2,2
-0.49088,-0.67968,2
0.29887,1.1408,2
-1.2219,1.1171,2
0.61672,2.3269,2
0.35782,-4.2708,2
-1.9388,0.45277,2
-1.1335,2.579,2
-2.0852,4.7341,2
-0.4738,-0.19128,2
4.9232,1.892,2
-2.9418,0.85881,2
-3.6973,0.23283,2
1.2274,-0.22599,2
3.6535,-1.9679,2
-0.97772,-1.3513,1
3.7391,0.65313,2
1.8332,1.7189,1
1.7733,0.52192,2
1.7867,-1.8621,2
-0.15288,-1.4256,2
-2.5959,-0.87839,2
0.76547,-2.333,2
-1.8597,-2.2626,2
-3.4728,-2.732,2
-1.1983,-4.4044,2
-0.75655,-0.071761,2
5.0317,-0.055166,2
-2.8516,-1.6789,1
-0.55519,-4.2613,2
-2.9503,-3.0151,1
-0.57295,2.7669,2
0.83263,0.45704,3
4.7663,-3.4484,2
0.41629,1.1514,2
-3.7578,-3.0633,2
-1.6397,-4.1836,2
1.5084,1.7488,2
0.96373,-1.7621,2
-0.26769,-1.1223,2
0.4141,0.74288,2
-2.1755,-2.8887,2
-0.094397,-1.2157,3
-0.40976,-1.0302,2
-2.1253,1.5011,3
-1.4899,0.060033,2
0.40922,-0.60813,2
-3.0983,2.7044,1
-1.3219,2.5849,3
-0.59819,-2.0226,2
-0.93702,0.74451,2
0.069034,-0.48851,2
0.94162,-0.64511,2
-6.4476,-0.69161,2
-3.5248,5.3496,2
-0.83397,-1.2081,1
-3.9122,-1.0425,1
-4.4096,-1.2672,2
-0.14171,-4.2774,3
-0.5649,1.4603,2
0.68191,-1.2678,2
2.0188,4.8097,2
-0.7869,0.89597,2
-6.72,-2.9237,2
-0.44071,2.8289,2
-2.2168,-0.18292,2
0.52214,-2.913,2
1.274,-0.58284,2
0.63119,-2.8273,2
3.2484,0.028634,1
-2.4865,-4.8749,2
-1.0983,1.8689,2
-2.1992,-1.5033,2
-3.4046,-2.1299,2
1.2038,0.59243,2
2.1124,2.8639,2
-3.5838,-2.6242,1
-1.3035,0.61679,2
-5.6613,-0.73567,1
1.0093,0.84939,2
2.4977,3.9297,2
-0.16003,-0.49352,1
4.1353,1.6941,2
-2.8493,-0.43342,2
-0.036058,-2.4102,2
-1.1293,-2.5176,2
-2.2106,-1.2123,2
-1.2895,0.6361,2
0.22716,-0.98909,1
-0.45436,2.8945,2
-3.0388,-4.1514,2
2.1806,0.6781,2
-0.88682,2.0356,2
-3.7866,-3.0853,2
1.7231,0.12888,2
-2.1298,0.78393,2
-1.3402,-0.012809,1
2.0046,0.41628,2
0.87939,1.92,2
-2.6987,1.8047,2
-0.27838,3.5441,1
-2.8581,-0.54348,2
-0.32258,2.5037,2
-4.0826,-1.8138,2
6.1299,1.6124,2
-0.042134,-0.33274,2
1.0265,0.27186,2
-1.3959,-0.042307,1
4.9112,1.9082,2
-1.6867,-2.1184,2
0.88471,1.2338,2
4.6478,-3.4421,2
-0.21148,-2.7998,2
3.5536,-1.0421,2
-3.0505,2.0046,2
1.8899,-0.031164,2
-0.97617,0.034266,2
0.40763,-3.4938,3
1.1177,0.39563,1
-1.736,-3.5665,2
-0.84607,-5.4622,1
-5.8399,-0.32051,1
0.74173,-0.38124,2
-0.90096,1.4601,2
0.70623,0.8237,2
1.4529,0.61072,2
-0.75919,1.8127,2
1.9509,-2.2899,2
0.058075,-0.93256,2
-3.2277,-0.061886,2
-0.14922,0.56569,1
1.5212,1.4033,3
-0.19483,0.097759,2
1.4452,-0.84937,2
-4.1145,-6.9372,2
0.4233,-0.7647,2
0.29178,-0.30187,2
-0.87389,0.44027,2
0.057402,-1.219,2
-1.0702,-2.44,2
1.8224,2.0503,2
-0.54149,3.2917,2
-0.64388,-6.3811,1
-2.8266,-0.17833,1
-3.7783,-0.76917,2
-0.81349,-0.16351,3
-0.32091,2.2958,2
-3.0669,-0.23638,1
-0.89824,-2.8714,3
0.70395,-0.85217,3
1.2246,0.14023,2
3.2845,3.4647,2
1.176,3.257,2
-0.26323,-3.3453,1
0.28458,-0.32891,1
6.5305,-0.30942,2
-3.645,-0.41174,2
-1.6687,-5.8469,3
-1.594,2.4654,2
0.75605,-1.5027,1
0.96908,1.4926,2
-0.85563,-0.39724,2
1.4917,4.5037,3
-1.1505,3.7572,2
-1.8585,-4.2134,2
0.96612,-1.6579,2
0.37574,-0.47906,2
1.2746,-0.013333,2
0.18235,-0.40322,2
-2.7902,-1.3546,1
1.6853,-1.2652,1
-2.2723,-1.0975,3
-2.0725,0.65904,2
-2.1845,-1.2898,2
-4.4052,-2.3693,1
0.82082,-1.6835,2
-3.229,-1.4665,2
3.5492,1.5561,2
2.9645,-0.073674,2
-0.73827,0.74306,2
-2.7782,-0.39791,2
-0.58032,3.1298,2
4.1678,3.8198,2
4.4844,3.7983,2
2.2867,0.1254,2
0.23584,1.2411,2
4.0749,-1.0116,1
-3.477,0.19988,1
1.5771,1.848,2
2.8497,-1.5079,3
1.3319,1.0538,2
0.15517,-2.4532,1
1.8923,0.43547,2
-1.8755,1.611,1
-4.0161,1.0559,2
5.7685,2.5021,2
2.2045,0.96638,2
2.6111,-2.1663,2
-2.8806,1.0323,2
3.1382,3.7059,2
0.80942,-3.7764,2
3.4595,2.2016,2
-1.1637,2.36,2
2.4901,-1.8409,2
0.6756,3.3463,2
2.3414,6.8454,3
-0.0054716,2.6429,2
-0.40482,-0.97427,2
-2.325,-0.76625,2
-3.9076,-7.8257,2
0.57366,-0.81259,3
0.072795,-2.2377,2
0.91965,1.1744,2
-4.0079,-4.4029,2
-5.217,-4.678,2
-0.10661,-1.2295,2
-2.2641,3.9592,2
4.7509,1.9287,2
1.1282,1.2479,2
-2.4485,-3.0776,3
-2.067,0.84189,2
4.2373,3.6711,1
-4.389,-1.5883,2
0.36504,1.4885,3
-2.6073,3.2706,1
2.6625,0.42201,2
0.26205,2.0325,2
-1.8326,0.85481,2
-3.0089,-0.2906,2
-1.8635,-1.0461,2
-4.6076,4.4225,3
-0.21288,1.8537,2
-0.96278,-0.46464,2
4.1561,0.17183,2
-2.6528,2.422,2
-0.81491,2.3469,2
1.2102,-0.70662,1
3.6647,1.71,2
-1.1149,1.4293,2
0.0040087,-0.38885,1
2.8539,1.6505,2
1.2939,-2.0735,2
1.4139,1.9847,1
4.5019,1.1382,2
-1.9331,-3.292,2
2.2152,2.7147,3
1.6728,-3.009,2
-0.7279,-0.73262,2
4.5015,4.9041,3
-2.0874,3.7664,2
2.6919,1.2684,2
-2.9583,-3.8446,2
1.4906,0.22765,2
-2.1448,-4.1612,1
-0.99646,0.93707,2
-1.2583,0.17841,2
0.43802,4.611,3
3.8263,-1.1853,2
2.4607,2.1794,3
0.3245,2.2722,3
1.063,-0.42796,2
-1.0194,1.3266,2
2.8204,1.5801,2
-0.46648,-3.4556,2
