0.1962,-1.7948,2
0.74729,1.8104,3
-2.0999,3.0884,3
3.3494,-0.84704,3
1.98,0.34261,3
2.8994,0.64621,2
3.7745,0.56532,3
5.237,1.4113,3
-1.4004,-1.4554,3
-2.5552,2.7546,2
-2.5302,1.1938,2
-1.9675,1.3193,1
-2.5524,-0.23819,2
-0.15272,-2.222,2
0.54522,-1.2776,1
2.2697,-0.45495,3
-0.78883,1.1854,3
-1.507,1.4877,1
-1.766,0.92043,2
0.14479,-0.58019,2
-0.60678,1.9025,2
-1.7285,3.197,2
-2.817,-2.4459,1
0.46999,4.5618,1
1.9859,0.69621,3
-2.0173,0.32439,2
-0.25026,2.285,1
-0.13702,2.6216,3
-0.67538,-1.3787,1
0.040897,2.8546,1
1.501,2.6492,2
-1.1904,0.29535,3
2.2966,-0.17427,2
4.0835,6.7617,3
-1.5369,-0.16942,1
0.96685,-0.93545,2
-0.55761,1.8793,2
-3.1075,0.26549,2
-2.618,-0.24249,1
-2.6026,3.4724,2
-0.23868,1.675,1
-0.8573,-1.0539,1
2.9094,2.9622,3
-0.23445,3.2757,3
-4.413,-0.9313,1
-1.6298,2.7183,1
-2.4504,2.0105,1
1.2539,-0.86789,3
-0.56204,1.4435,1
3.0492,1.2076,1
0.181,1.6675,2
2.8335,2.2845,3
-0.54344,-0.66883,1
0.73659,-1.6328,3
1.3507,7.3935,2
0.1848,-1.3955,3
-0.29659,3.7278,3
2.0317,1.5125,2
-1.041,4.2494,2
0.15637,3.7853,2
0.89924,1.842,3
1.3289,-0.41571,3
-1.6389,1.2879,1
-3.4822,-1.7095,3
1.786,0.64618,2
0.49276,-2.034,2
1.4652,0.73861,2
-2.3852,-0.9394,2
-1.6085,-0.5448,1
-3.3626,1.9675,1
4.9651,0.87529,3
2.2439,1.0285,1
1.6775,-3.1598,2
0.65463,3.947,1
2.5925,2.9367,3
-2.0741,1.8897,3
3.6382,6.5418,2
2.2242,-1.2906,3
-3.7472,0.041527,3
0.23883,2.5595,2
1.0651,1.1226,3
0.88255,-0.5124,2
4.0331,2.6391,3
-0.076073,1.2342,2
-2.9905,3.1365,3
2.7791,-4.4201,2
-0.97509,-0.031051,2
0.86021,-2.0881,3
-1.1774,-2.1271,1
1.8024,0.81652,1
0.17328,-8.3922,1
2.5169,0.57318,3
0.37448,1.0293,1
2.5221,0.99587,3
2.9562,2.8311,3
-0.10776,0.8933,2
-2.8156,1.529,1
0.53592,-1.9727,2
1.8542,1.4819,3
-1.1287,-2.5023,1
-0.69367,2.2362,1
-0.20519,1.5764,1
-4.0368,-1.5779,3
3.5309,2.2022,2
-2.0907,-1.5037,2
1.3745,-3.3352,2
-1.4349,-6.1451,1
0.50614,0.39985,2
4.4512,0.62314,2
4.1227,2.9051,2
1.9486,-1.6607,1
1.2984,1.0811,3
1.5759,1.2784,1
4.6859,4.4705,3
0.18714,3.7454,2
-1.5842,-4.6315,3
-3.5254,-1.5397,1
-2.4737,-3.4272,1
3.883,0.079378,2
-0.66236,2.8114,3
-2.7071,-4.6069,1
1.9432,1.8862,3
1.2911,-2.9908,1
-1.3169,0.57297,2
-1.6089,-1.0979,2
3.656,2.5759,2
1.5719,0.68378,3
-1.464,0.15215,1
0.65304,1.2369,2
-3.4702,2.1824,1
-3.409,-0.29148,2
3.2565,-1.9868,2
1.9063,-2.5936,3
-1.6968,2.352,1
1.6018,-3.3907,1
-4.6782,-0.57885,1
-0.45617,3.6615,3
1.7557,-1.897,1
1.2173,2.4106,3
0.19752,-0.64361,2
1.1234,0.46489,1
1.6748,-1.5391,3
0.14068,1.1753,3
-5.6257,-5.5668,3
0.81957,-3.5434,2
2.133,-0.98313,2
0.0092865,1.6434,2
4.7374,3.0271,3
2.1023,-0.071298,2
1.8984,1.9622,3
6.1871,4.0489,3
-0.44964,3.6362,3
-2.8472,2.3947,2
-1.0421,-2.9438,3
3.0089,0.075986,3
1.8216,-0.96795,1
1.2189,1.9702,2
1.0556,-1.2973,3
-6.289,-0.119,2
-1.8629,-1.2357,1
-1.7565,-1.4278,1
-1.2128,-2.4032,2
-0.74566,-3.1507,2
1.4168,5.2285,2
2.4813,-0.50439,2
-0.19502,2.2028,2
-3.5381,1.673,1
1.8822,-2.7611,1
1.5145,0.46549,3
0.86288,-6.122,1
0.74127,-2.0445,1
1.3065,-0.10512,3
3.2899,1.9534,1
3.408,-2.6222,3
6.358,3.628,3
-0.19629,0.29179,3
4.7518,4.3713,3
2.4933,-1.3463,1
-3.6294,-1.5004,1
4.1323,3.5562,2
-2.2333,4.4145,3
-0.91528,0.35132,2
-0.91143,-1.637,1
3.872,1.8902,3
4.6932,5.086,3
-0.56732,-0.043202,3
-1.1505,-0.62056,1
3.5346,-1.0921,3
0.69511,-1.8225,1
-3.4998,-0.081512,2
1.6447,3.434,2
4.9948,3.1223,2
1.4069,1.482,3
3.6093,-2.7083,1
-1.6982,-0.21597,2
3.4863,1.7513,3
2.7693,-0.65915,2
0.43566,0.84056,1
-3.3267,-4.8061,1
-5.4992,0.44654,2
2.1553,3.8525,3
6.4354,-0.30632,2
0.86424,-3.7441,1
-1.4246,-0.080411,3
-2.5067,0.14454,2
1.1637,2.716,2
-0.12977,1.4146,3
-0.60625,1.0575,2
1.9588,-2.5895,3
-1.5992,-1.8754,3
2.0758,1.596,3
-0.0033922,1.6042,1
1.0382,3.6985,3
1.5786,0.52614,3
1.6959,-0.035367,3
1.3859,2.537,3
0.66318,-0.39753,3
-2.7001,-0.66685,2
-0.32191,-1.3701,2
-0.9588,2.9415,3
0.72932,-0.31591,2
0.55967,-4.0495,1
1.873,1.3379,2
2.3996,5.0845,2
-4.0479,-0.87786,1
0.5897,5.8472,2
-0.16125,0.95895,3
1.1079,-1.7396,1
0.10197,1.3247,1
-0.63121,-3.8927,3
-0.5909,-5.9296,1
0.93474,2.2363,1
-2.8328,-5.6953,3
1.1407,0.045122,2
-2.0169,-4.1042,2
-0.50873,-3.2686,2
-2.1975,-0.5337,1
3.3235,0.71777,2
0.13705,-2.7785,1
-1.8887,-1.8229,1
-3.9269,-6.1493,1
-1.9429,-0.8759,3
1.5614,-3.0049,1
-0.31389,-0.91566,2
-1.7749,1.3159,2
-1.1401,3.5758,3
-0.84764,-5.3203,2
-2.6075,2.3427,1
2.155,-0.57482,2
-3.7729,-2.3301,3
0.96407,-0.38999,3
-1.7334,-1.2304,1
-2.6258,-1.4675,1
0.87119,1.593,2
2.5625,0.072198,1
-0.10204,6.2984,3
-1.0849,-3.1637,2
4.7406,-0.46598,2
-0.75766,-3.2586,1
-2.153,0.2473,1
2.5484,-2.592,2
-3.8059,-1.8382,2
-1.0563,5.1815,1
0.4959,0.77894,2
-3.5677,-3.1073,1
1.4029,-4.4388,2
2.775,-0.021622,3
-1.9735,0.86291,1
-1.8241,-1.97,2
-0.21316,-4.3985,3
5.9294,-0.2855,3
-1.6024,2.7882,2
-2.8064,-0.97528,3
2.7488,0.7631,3
-5.7908,1.5497,1
2.7048,3.4757,3
0.34462,1.9548,1
5.4015,0.82287,3
-2.0571,-0.34557,2
-3.2415,0.89598,2
1.598,5.2638,3
0.7541,-0.94892,3
0.56501,0.32156,3
1.62,-0.50785,3
0.87212,-2.7204,1
0.58695,1.1317,2
-0.46834,-1.1495,1
-3.1533,-3.4853,3
2.3773,1.8764,3
0.84912,2.569,3
2.0473,-2.7205,3
-1.0568,-0.9914,1
0.56584,-0.42734,2
-4.3799,-2.4215,1
0.85983,-0.81692,3
-4.4623,-1.9733,3
-4.6919,-0.94341,3
-5.5997,-1.1339,1
2.5465,-1.7061,2
7.0341,1.5264,3
-4.7359,-0.99557,1
1.2154,2.064,1
-0.8797,-2.5778,1
-1.8344,3.3175,2
1.9602,-0.16223,3
-2.7451,-2.3567,1
-1.2218,-0.33302,2
-3.2416,-0.25417,2
-1.904,-2.3895,1
0.79386,0.42499,3
3.2183,-0.52643,3
3.2244,1.5691,3
-1.7131,-4.2018,1
-2.0014,1.6369,3
-1.9983,0.61223,2
1.8514,2.5398,3
2.1231,0.93473,3
0.81526,-0.44449,1
0.96029,-0.6131,2
-0.022419,-0.069871,2
1.3188,5.2235,3
1.4529,-1.8319,2
-2.8925,-2.6667,2
5.4014,5.3957,2
4.5388,0.87359,2
-3.6683,-1.1643,1
-1.2304,0.96625,1
-1.7564,0.91464,2
-0.86111,3.0498,3
-2.5596,-2.7189,1
-2.2017,-3.2151,1
-2.0307,-2.6725,2
-1.7264,3.2193,3
-1.2893,-0.86867,1
-2.9357,-0.63864,3
-2.5837,-0.31043,1
-0.36768,-2.2634,3
1.7167,2.1015,2
-2.9651,-0.81918,2
0.82565,2.0227,1
1.2508,-1.6234,3
6.0151,1.7059,3
-3.2678,-1.3101,1
-6.5174,-1.0091,1
-0.12025,-0.048868,2
-4.5293,0.65938,2
-0.13091,3.6158,1
0.72421,1.2209,3
7.3923,1.8401,2
1.6232,0.85697,1
1.608,-1.3583,2
0.90712,4.3823,2
3.3999,-3.4096,1
-0.3012,2.9231,3
-2.1156,-1.3854,1
1.7213,1.7276,3
-2.225,0.80037,1
1.7139,3.3902,3
2.0933,1.4626,1
0.24778,3.4001,2
2.417,3.6922,3
1.9093,-1.5254,3
0.21894,-0.38777,3
-1.1506,3.9815,3
0.72846,2.5345,2
1.3193,1.797,1
-1.1615,2.6684,2
0.16138,-0.093294,2
-1.6474,1.5483,2
-1.4984,2.697,3
-3.12,4.4041,1
-1.8056,-1.8358,3
-0.62529,-2.6283,3
2.1373,0.98663,1
2.8673,0.073074,3
2.8311,1.668,3
4.242,4.5611,3
2.2872,-1.8503,2
2.0855,-2.2121,2
-1.0823,0.243,3
3.0755,2.2514,3
1.4277,-0.26642,3
2.8786,-2.6985,3
1.8258,4.1795,3
3.1283,2.0465,3
-2.4955,1.9595,1
3.8405,3.9034,2
-1.988,2.5521,3
2.6439,-1.4907,3
0.17728,2.9604,1
2.4359,-2.6784,3
-2.4199,1.7759,3
-0.50391,0.53641,1
4.142,-1.1869,2
-0.9907,-3.274,3
-1.2111,-0.32037,1
-6.1748,-1.8416,2
-0.923,-2.7889,2
-2.982,-1.2471,2
-1.9179,0.91937,1
-0.32233,-3.0721,1
-1.5549,3.9006,2
-0.6203,-1.8407,2
-1.0556,-1.3074,2
0.023573,5.3004,2
-0.96741,3.4508,2
0.57494,-0.70095,2
-1.1265,-0.61846,1
-0.1675,0.44896,3
-0.1932,1.5165,3
-2.7318,-2.166,2
4.7273,0.056456,2
-5.012,-1.3012,1
-2.4439,2.5188,2
-1.4251,-0.079718,1
-0.60053,-3.1507,1
-2.2813,-1.9678,3
0.13642,0.70231,3
0.86011,2.4984,1
-1.9894,2.7645,1
5.3298,-1.6412,1
-1.2128,1.8847,3
-0.96063,-1.1176,3
-4.2041,0.63937,2
3.0042,2.7428,3
1.6382,3.474,3
0.099254,2.7534,2
-2.4416,3.8219,3
-5.0219,-0.9597,1
4.8507,1.8692,3
-3.1645,2.0029,3
-0.76237,0.93878,1
2.615,3.8714,1
-2.2631,-2.5177,1
-0.43977,-2.876,3
2.377,-2.1148,3
2.0014,1.3247,3
-3.3128,2.9345,2
-0.33724,-0.24501,3
-1.608,-2.2151,1
-4.6148,-2.4114,1
-1.925,-1.3175,2
1.1436,1.0215,2
-1.6742,-1.1083,1
1.3399,0.6419,2
-0.72527,3.9554,1
-2.3421,-2.3365,1
0.36099,-1.9176,3
-1.0835,-1.9344,1
-0.25395,-1.1729,2
2.9069,0.011219,2
-0.61353,-0.31209,1
4.8333,-0.95827,1
0.088922,2.7491,3
2.3434,1.3665,3
0.059612,-1.5874,3
-1.6434,-1.5145,3
0.52736,4.2762,3
-0.43956,-2.0365,3
3.9669,1.2295,2
0.82999,-0.12836,2
4.7031,1.2585,3
0.41522,-0.43304,3
-1.4584,0.78116,2
-0.8685,-2.0743,2
-2.1877,-0.17344,2
-0.57248,-0.57807,1
0.4438,1.2056,1
3.2387,-2.7262,1
-3.0581,0.49764,2
-1.7619,-1.3073,2
-2.9148,-0.12859,1
-0.11136,2.5741,3
3.5269,2.8587,2
-0.98309,-3.0987,2
-0.73646,-1.7886,3
-0.18469,-1.2538,2
3.9736,-1.1498,3
-0.21195,-0.489,3
3.671,-2.1942,2
-3.762,-4.2316,3
-0.21639,-1.6138,2
-3.9532,-3.4131,2
0.3792,3.3618,2
0.15114,-0.33001,2
1.2209,-1.9997,3
0.61882,-2.1701,2
1.32,3.4014,3
-1.5337,-1.2849,1
-4.96,4.1129,3
2.674,2.8898,3
-1.871,1.0165,2
-3.9686,-1.3598,1
1.2178,1.4526,2
0.27865,-1.795,1
-1.2552,1.2107,3
0.87693,0.56028,1
-1.9893,-5.0211,1
-1.6612,-0.25159,2
-0.82914,-1.2881,1
-2.379,-1.7525,1
0.016294,-4.8246,2
-1.15,-1.5816,2
-0.78696,-1.3817,2
-3.4212,-2.4974,1
-4.3251,1.0669,2
0.56175,-2.4441,3
2.8915,-1.0789,3
-1.6322,-2.768,1
0.0031713,0.069788,2
-0.033518,2.4814,2
-2.6576,0.92339,2
-5.2143,-2.5159,1
-0.10218,-3.9346,2
-3.0287,-2.6857,2
3.2757,3.9185,1
0.51849,1.5222,2
-1.7123,-0.73353,2
3.902,4.8031,3
-0.17361,-2.0361,2
1.5982,1.6169,3
2.8096,2.4673,3
-4.2679,0.72466,3
2.5601,-2.7288,1
0.23536,0.27295,2
1.2164,-2.9272,3
-1.4036,-1.0596,2
-0.074845,0.69849,2
-0.22864,1.2911,2
2.3411,4.1001,3
-0.5757,-2.1751,1
0.76783,1.3429,3
0.91719,0.05583,2
0.43883,1.3271,2
-0.16922,1.0867,1
0.95868,0.67355,3
-0.30956,0.39966,2
0.37672,1.1622,2
-5.0673,-1.049,2
-1.1768,-1.3626,1
2.8981,3.9896,2
5.0068,0.18459,3
-3.5009,-3.502,1
2.3906,-2.9786,3
-2.3547,0.056832,1
0.52917,1.0394,3
-1.3004,-0.61181,2
0.44343,-2.409,1
0.30046,3.0161,3
-6.476,4.8347,2
3.1064,3.3602,2
-2.5732,0.45683,2
1.2247,1.4669,3
-2.7201,-0.90218,1
-3.6111,0.64123,2
-0.89721,-0.2879,2
2.1933,1.849,3
-0.089123,-2.2643,3
-2.4454,0.97563,2
-1.673,0.99795,1
-2.9872,-1.8886,3
-2.5144,-1.5686,2
-1.4029,0.22861,1
-4.5895,-1.9365,1
-2.9488,-0.25567,2
0.89159,-0.79004,2
-1.6588,-0.58158,1
1.2379,0.1582,3
3.5252,2.2882,3
-0.091093,-1.9673,3
0.40947,5.5096,2
-1.9947,-2.6195,2
0.14379,-1.8362,1
1.7056,-2.035,3
-3.2933,-0.023823,2
-1.3103,-1.5682,3
1.6407,-1.2752,1
-2.3082,2.3034,2
1.534,3.816,3
-1.0722,-1.2853,1
2.14,2.8631,3
3.1015,1.6657,3
0.68467,-1.6757,2
-0.32888,-1.7046,2
-0.5516,2.2974,3
-0.23556,-3.3257,2
-0.073635,-0.784,2
-0.054873,2.8908,3
0.90419,0.59275,2
2.5612,2.4203,3
-0.51285,1.2479,3
0.16235,4.3116,2
0.94723,3.9658,1
-0.37002,0.79913,2
-1.4807,3.6267,1
-0.10191,-3.5414,2
1.7072,0.77001,3
1.1059,1.0641,2
-1.883,3.062,1
0.13254,-1.6564,2
0.51309,1.6395,3
2.7511,-2.4386,3
0.23395,0.16943,2
-3.2862,2.0276,3
-0.97891,0.37414,1
5.4065,1.8085,3
1.3044,2.3055,3
1.4913,0.071008,3
-1.2881,-6.9696,1
1.2687,0.90405,3
0.09795,1.9982,2
0.45937,0.97053,2
-0.94712,0.33062,2
-2.1749,1.8399,3
-4.2596,-2.0339,1
-4.237,1.161,2
0.043914,0.33658,3
0.085362,2.9248,1
-0.23557,-1.199,1
-0.55625,-0.27516,2
0.71712,-6.0538,1
-5.6627,1.2475,3
-0.332,-0.87458,2
-0.12935,1.9934,1
-4.2224,-0.032194,2
-3.6904,0.62075,2
3.0859,0.8829,1
-6.9178,-5.0328,1
0.17092,-1.8257,2
0.91606,-0.33562,2
0.71783,3.8907,3
-0.23984,-3.3535,1
-0.61761,1.7154,3
-2.1166,-5.1221,1
-0.63752,-2.6969,1
-2.1745,-1.2423,2
0.010055,0.45901,3
-2.2538,2.2079,2
0.43435,1.4998,2
-1.0354,-1.728,1
1.811,2.0252,3
-0.094844,0.22908,1
0.2296,0.65056,1
0.3815,-1.8108,2
-0.59478,-2.7806,1
0.43856,-1.0462,3
-2.827,-1.6079,1
-1.5008,-0.15132,2
1.1216,0.42907,2
-2.5116,-0.47853,1
1.7237,-0.092598,2
-3.958,-0.7399,2
-1.2452,-1.6747,1
1.591,4.6553,3
2.0026,1.4728,3
0.83064,-0.03523,2
-1.1866,2.6913,3
-0.92155,-0.63194,3
-0.70213,-2.0089,1
3.2941,-1.5808,3
-0.57917,0.85719,1
0.93574,-1.9181,1
0.87261,2.2203,3
0.61705,-1.7828,2
0.51682,-0.31365,3
0.85249,-2.9398,3
5.5952,2.7463,3
-2.1712,-4.5997,1
0.75999,-1.0129,1
-1.1467,-2.2014,2
1.4817,-0.75346,2
-4.3277,-4.6997,1
3.1829,-1.4914,1
0.78007,-0.22836,3
-0.23867,-1.846,1
-0.49583,0.83642,2
3.0927,6.2582,3
-1.8765,-1.4369,1
0.43891,-1.236,3
-2.5254,-1.411,2
3.4765,1.0511,1
-6.1635,-0.55022,1
-3.373,-2.3361,1
1.4081,2.4072,3
-2.6677,1.1405,3
3.3117,0.88382,2
-0.4323,7.3796,2
1.5217,0.49989,3
0.68735,0.74301,3
2.6559,0.26103,3
0.1516,-0.33866,1
2.0103,4.806,1
-0.078626,-1.4032,2
-0.062778,1.5595,3
2.4673,-1.8493,1
-2.5783,-1.961,1
-0.13364,-2.9538,1
7.5172,2.2794,3
-2.262,-0.88138,1
0.80983,-0.05349,1
4.0391,2.5374,2
1.4477,-0.71637,3
2.2327,3.5828,3
-2.2584,-1.7836,1
0.41856,1.0026,3
-0.60352,2.3249,3
3.3742,2.9299,3
-0.17824,-1.2549,3
0.41405,-0.39773,2
-0.31988,4.4088,3
-0.42898,0.15405,1
3.5036,3.0316,3
4.9888,-1.0684,2
-1.9089,1.6552,2
-1.3862,3.0796,3
0.83121,-5.3648,2
1.3302,3.6328,2
-2.8576,-2.989,2
-3.0659,-2.2732,1
-3.7747,-3.573,2
4.37,2.8627,3
-0.095234,2.0068,2
-2.1134,4.6359,3
1.3397,0.80459,2
2.0903,-1.4382,2
2.0658,-2.7613,2
0.75005,-1.5453,3
-4.6272,1.4644,2
-0.62262,1.1992,2
2.8367,1.056,3
-0.84004,1.6909,1
-5.293,-4.9999,3
1.4727,0.74574,1
-1.3801,-2.1744,2
4.182,0.81646,2
0.77511,1.7616,2
-1.1792,-0.35077,2
-2.5142,0.55146,2
2.1472,1.8776,3
-1.1377,4.8289,3
0.18756,-5.2387,1
-0.27551,-3.3279,2
-2.0047,-4.0327,1
-1.5606,-3.2646,2
0.95913,-3.879,2
-1.7399,-2.5781,3
0.33976,-0.72862,2
1.9652,-0.71147,1
4.9336,-0.3235,3
-1.4395,-0.8713,2
2.532,0.35708,3
-1.438,-2.5962,2
-3.3184,-0.3683,2
-3.7933,1.4556,3
-0.86059,-1.2327,2
-0.74374,-5.6377,1
-4.1777,1.1331,3
-1.7939,-1.0933,1
-0.18646,2.0494,2
0.70701,0.75059,1
4.8261,4.9899,2
2.4812,-0.20254,3
2.3163,-0.64042,1
5.3674,2.8872,3
-4.5147,-1.0637,1
2.3743,-0.74508,2
2.7343,3.8039,2
-0.63813,-0.66096,3
-0.50982,-0.37785,1
2.0172,0.030782,3
-1.6015,-2.2396,2
0.54813,0.024001,2
4.088,1.9201,3
1.0651,2.3094,3
1.8139,0.12847,3
1.2437,1.672,1
-1.417,-3.6611,1
-0.054654,-0.085607,1
-2.619,-1.6588,2
0.6615,2.4707,2
1.0418,2.1442,3
-3.4349,-0.81288,1
1.7432,-0.21501,1
0.30717,0.010694,2
-3.1365,-5.021,1
-1.3319,-1.4111,3
4.7655,1.8338,3
-1.2613,2.6052,2
0.28442,-1.2792,3
2.784,-0.10117,2
-3.7354,-3.9159,1
-2.2998,-0.95134,2
0.15084,1.8482,2
-1.282,-0.88465,1
5.5913,4.7917,1
0.62075,-3.5297,1
2.5252,2.9496,3
1.9313,0.83566,2
1.8888,5.0972,2
-4.525,-0.90707,1
-1.3887,3.4512,2
-2.0568,-4.6596,1
-2.1044,-3.518,1
2.2744,0.63432,3
2.1387,3.7462,3
-1.218,1.8289,2
-0.20733,1.2094,3
3.471,2.0403,3
-2.3513,-1.0961,2
0.35073,-0.52128,1
1.5964,2.0997,2
2.304,0.018865,3
2.0676,0.46374,2
0.23148,-1.8693,1
3.7878,2.4825,3
1.2056,-0.70349,3
4.0197,1.1282,3
-3.7164,0.49802,3
1.5789,2.8409,2
1.8875,0.23157,2
-3.7207,-4.539,2
1.5309,-0.7077,3
1.3667,6.4441,3
2.7704,0.24815,3
-1.0429,2.7159,3
0.78099,-3.1231,1
3.6349,-2.1674,2
2.8106,1.2438,3
-3.3294,-2.3673,1
-1.1362,0.1852,1
-1.383,0.78017,3
-0.55641,-2.361,3
0.16995,-0.66563,3
2.0095,0.99161,3
-2.0072,-1.4705,1
-1.5789,2.4443,1
-0.95903,1.7911,2
-1.2937,3.9844,2
3.6198,3.0961,2
1.781,-2.5993,1
-3.3633,-4.9961,1
6.6461,3.6565,2
2.756,1.7311,2
-1.0126,-0.61793,2
-2.9445,-0.71014,1
1.0565,-2.5928,2
3.2211,1.8296,3
0.36304,-2.6891,1
-3.8706,-3.0702,1
2.4146,-0.10767,3
3.1073,2.7299,3
-3.9068,-1.9366,2
-2.2113,-2.605,1
2.5557,1.905,3
1.7636,3.4472,2
0.0053715,0.92541,2
-1.9726,1.3589,1
1.7743,4.2655,2
-1.3669,3.9155,3
-2.9248,-4.0141,3
3.0491,2.7696,3
-0.24767,1.8147,2
-1.2723,-2.7099,1
-3.345,-2.5707,2
-2.37,1.4368,1
0.28229,0.72397,1
0.38108,2.3279,3
0.55236,-2.3095,2
1.0444,3.6886,3
1.9507,0.80099,3
1.5393,4.3274,3
-1.0744,1.9261,1
2.4718,-2.8487,2
1.6955,1.5554,3
0.48497,1.9536,2
2.588,2.66,2
2.9849,1.6141,3
-0.95857,-0.65954,2
0.41718,0.92467,1
5.4378,6.7339,2
-0.27087,0.37318,1
-1.5801,2.6064,3
-2.8555,-3.3496,1
-2.1862,1.2125,1
1.9709,-0.29544,3
5.6506,1.8435,3
-0.64217,-1.6722,2
0.22688,-1.5301,1
-0.27511,-4.9569,1
-1.7681,-0.41807,2
-3.8158,-1.0086,2
-2.8962,-5.9062,1
-2.655,-1.2502,1
2.774,4.4675,2
-1.6264,1.4126,1
1.851,-2.6688,2
-1.6441,0.32072,2
1.4475,3.4955,2
1.6749,0.15292,2
-0.72512,4.4345,1
1.6537,2.361,3
5.3163,-2.0311,2
2.0334,5.6517,3
-3.5709,1.2527,1
-2.8242,2.1318,2
-4.9738,-1.5331,3
3.2789,-2.0364,2
-3.0177,-3.1699,1
-2.1947,-1.9436,2
-2.6498,-1.3169,2
-1.2147,-3.7572,3
3.1224,2.8468,3
-4.3337,-1.7877,1
-0.90895,3.0499,3
-1.5051,-2.5504,2
3.0797,-1.5215,3
-1.7123,-0.57326,1
0.33455,5.3034,3
-1.9609,5.534,2
0.48061,-1.0044,1
-0.70144,1.6801,3
1.8674,1.9106,3
0.98466,-1.4246,3
0.40576,-3.4145,1
-1.8244,-1.0384,1
-0.083374,-4.0154,1
0.47249,-2.0693,3
1.1456,-1.2257,2
-0.9757,3.1556,3
0.10315,-0.26887,2
-1.6203,2.3873,2
2.4009,2.8482,3
3.3495,3.4567,2
5.091,5.6599,2
6.2978,1.5801,3
4.8437,-1.2416,2
1.8589,-1.0995,3
-0.87812,-3.6659,2
0.10425,-0.87856,3
-3.8549,-2.2862,1
-0.63105,0.63306,3
1.0877,0.60623,3
0.61752,0.19894,3
-3.1001,-1.3767,1
-0.40186,-1,3
-4.3279,-2.2191,1
2.3537,0.72419,3
-0.79132,2.8198,3
-5.9714,-0.059649,1
4.9166,2.3869,3
-0.71465,-5.4399,1
3.1164,0.076941,3
-0.82047,3.5696,3
1.7126,-0.58521,2
3.1692,2.2172,3
-2.3452,-3.1471,1
0.46762,-0.029265,2
-3.5754,-4.7209,1
-0.37898,1.0285,3
-2.6125,-1.0874,1
-1.0186,-2.0585,2
1.9373,1.5924,3
-0.75799,1.9485,2
2.1937,1.6436,3
1.567,-0.59944,2
-1.0635,0.26131,1
-2.1975,-4.0238,1
0.7105,-2.3974,2
1.9021,4.7654,2
3.1462,-1.5764,2
1.7218,-1.1291,3
-1.407,-1.3467,1
2.4338,2.3706,3
1.457,0.92086,2
-0.1518,0.33249,2
2.8106,-0.21088,2
-0.3539,-0.24022,1
-0.7139,4.0211,3
-3.0591,0.16727,1
-2.1403,0.35114,1
1.5419,-1.2302,3
0.75796,2.1549,2
0.52661,-0.59433,2
-2.8723,-0.51969,2
0.023557,-0.23155,2
-3.1622,-1.8345,1
5.7037,0.45859,2
-1.4454,-5.4359,2
-3.7893,1.1287,1
-1.9561,1.4495,2
-1.0581,0.22066,2
-2.0219,-0.71688,3
2.9324,-2.4228,1
5.6985,-0.75831,3
0.74309,0.89531,3
-4.0938,-1.3619,1
2.6678,-3.2703,2
-0.26372,-2.0414,2
-4.4998,-0.12567,1
-3.228,3.1439,1
1.1081,-2.7799,2
6.872,-2.6137,1
3.8155,2.1725,3
-1.3403,-1.8281,2
-1.5689,1.6787,1
-0.011493,-0.91714,1
3.6026,1.5417,2
-1.5158,0.58874,1
-1.7208,0.53207,2
3.2663,-1.9665,2
3.4191,2.2996,2
1.1898,1.0396,2
0.61769,-0.31018,3
0.98413,4.866,3
-3.7752,-0.10203,2
-1.4392,3.3565,2
-2.003,-0.071624,1
5.3881,-1.4107,2
0.58845,-0.31568,3
1.4747,-0.7168,3
-0.73323,-1.2347,3
1.6361,4.201,3
-0.51249,2.8596,2
-1.6652,-2.3766,3
-0.72484,-1.5334,1
3.4861,1.121,3
0.45301,0.19063,3
-0.32516,-2.405,1
3.6444,0.33238,2
4.0038,1.6863,3
2.8784,0.25442,3
0.071108,-0.73839,2
-2.2619,0.42536,3
1.0997,-1.6874,1
2.4502,2.738,3
2.2314,0.51366,1
-3.2665,-4.9962,1
-0.95966,-3.45,1
1.7657,1.3736,3
0.28185,-3.6611,1
-1.8986,-4.2969,2
-0.092893,0.26868,3
0.23579,-0.65472,2
-0.13191,0.083442,3
1.9489,0.73478,1
0.14838,1.0469,3
2.8916,-0.99032,3
1.529,-0.44704,3
-0.43033,0.56806,3
4.2347,-1.4576,2
2.2279,-0.80295,2
-0.88664,-1.1136,1
-0.43297,-1.9105,1
2.7858,-1.7858,3
2.9677,-1.6315,2
3.3934,-0.84381,2
2.1031,1.1047,3
-1.0613,-0.87506,2
-2.1987,-2.6654,1
-4.4974,-1.5781,1
2.7346,3.1462,3
-1.1056,-2.3491,1
-1.4603,-1.5631,2
-0.55651,2.6677,1
0.91787,-2.8052,1
0.93599,1.8082,2
-1.5941,1.9215,3
-2.9572,-2.347,1
-0.84367,-1.0198,2
0.96087,3.7278,3
2.2408,-2.9543,2
-0.36555,4.8201,2
1.5005,4.2277,3
-0.1694,-0.79094,3
1.9001,1.8025,2
4.83,6.694,3
-0.95621,1.3306,2
-0.0019336,-1.0904,3
-0.25643,-2.4379,1
-2.1434,-1.4922,1
-2.7652,3.1572,1
-0.25005,1.354,2
-1.0588,-2.1048,1
-2.5706,-2.4999,3
1.0092,-0.99127,1
1.2626,-1.6305,2
-1.9544,-3.5187,1
-1.2057,3.5336,1
-3.1285,3.532,1
-1.5571,0.83681,2
-5.0991,-3.7096,2
1.6494,1.0984,1
0.66705,-4.7012,1
-3.5075,-2.5665,1
-1.5697,2.0742,2
0.71134,-3.0897,2
-1.6995,-0.29856,2
-0.4337,-1.0654,1
-0.82142,-1.4497,3
5.0227,4.2697,3
-3.0403,0.26495,1
1.1042,4.2231,2
-0.96705,-2.6243,2
-0.72151,-1.2017,2
0.4596,1.9857,1
-2.8281,-0.812,1
-0.79944,-1.7235,1
3.3297,-4.8647,2
-2.3797,-2.3669,1
1.769,-2.311,2
1.9203,-0.09184,3
-2.4196,0.49619,2
-3.9389,-2.9276,3
-5.6009,-4.0555,1
2.6439,3.3924,3
-0.23371,-1.0662,2
-1.0956,3.4733,2
2.2573,-2.647,2
-0.033929,-3.1863,1
1.3122,0.50843,2
1.4892,5.3453,3
-1.3908,0.54273,2
-0.96364,-2.2874,2
1.1546,-0.43591,2
-1.1927,-3.223,1
-1.207,0.7725,2
0.3943,-0.88256,2
-1.0221,-0.49725,1
1.366,4.9036,3
-2.6344,-2.6752,1
1.3212,-0.93898,3
-0.078647,-1.0716,3
-1.2504,-1.7085,2
0.91897,1.9523,1
1.6955,0.58413,3
-1.7669,-0.30352,1
1.4136,-2.1458,1
-2.0937,-2.8719,1
-0.76311,1.0502,1
-4.3009,-0.18764,3
-2.8111,-4.5555,1
0.71608,2.8436,3
1.6857,2.8831,3
0.94508,0.77803,3
2.0494,-2.1718,3
-2.014,-1.695,1
1.6539,2.2515,3
-1.8436,-0.051106,2
-3.29,-1.0185,1
0.3527,-2.6567,3
2.7248,0.77472,1
-1.627,-0.37665,1
-4.4682,-2.3984,1
-1.8744,-0.96625,1
-1.9503,1.1944,1
-2.0461,-1.618,1
0.78463,1.9067,2
-0.71185,0.81305,2
0.95741,2.0324,3
-3.0067,-1.6608,1
-0.66352,-0.79772,1
0.79702,-3.3412,2
-0.34441,2.1854,2
-0.20864,1.7808,1
-1.8105,-0.11295,1
2.1964,3.2128,2
1.1993,0.34702,3
1.4505,-2.4437,3
0.054673,-2.0739,2
-2.8348,-0.49907,2
-1.1863,-4.1926,1
0.84098,-3.5865,1
1.6824,-5.6735,1
1.513,-0.41546,2
-1.5983,-1.118,2
-3.6421,-2.3201,1
-0.47254,3.128,1
-3.5257,1.9271,1
-1.2773,-1.1791,2
0.54365,-1.4706,2
3.3477,-0.0057646,3
0.31439,0.62146,3
4.8857,0.31488,2
-0.049372,3.3236,3
2.8097,0.16204,2
1.6619,2.1138,2
1.5416,2.7299,2
2.5091,2.0247,2
2.6656,1.0739,3
-0.71115,1.4503,3
-2.7153,0.52934,2
1.1086,-0.91474,2
-3.1992,0.26116,1
1.0683,4.0236,1
-0.46709,0.50781,3
-3.0982,4.8308,3
2.44,0.54385,3
-0.90743,-2.4502,2
-1.5395,0.052524,1
-3.2382,2.9474,2
5.9273,-2.754,3
-0.58357,3.5948,3
2.9505,4.1971,1
1.8825,1.6361,1
1.4427,-0.84439,3
2.0414,5.9845,2
2.1218,2.306,3
-0.084437,0.84514,1
-1.2182,-1.4316,2
1.617,-2.7243,1
0.43255,-5.0923,2
-0.69199,3.1484,2
0.87065,-0.80254,3
3.0607,1.3598,2
0.33605,1.8764,1
-1.5206,-0.23545,2
2.4886,0.48601,3
0.18,2.6719,3
2.817,-2.6806,3
-0.082246,0.77455,2
-2.7624,-2.5901,1
1.7174,-4.4585,1
-0.60637,-0.723,2
3.8517,2.1507,3
-2.0012,1.9066,3
0.62383,-1.7341,2
-2.3666,2.5227,2
-2.4652,0.96941,1
-3.549,-0.90488,1
0.44854,-0.36548,1
-0.67064,1.8891,2
0.10085,2.7058,1
-1.8494,1.5644,1
1.4997,-1.4309,2
0.16388,1.9983,2
0.98389,-1.48,3
1.3336,0.39422,3
-2.2786,-4.0045,1
0.34749,-0.35845,2
-0.94944,-1.0331,1
3.448,7.109,1
0.49587,1.146,2
3.5975,-1.8866,2
1.3397,-2.9261,3
0.13754,-0.10782,3
-3.942,-4.5896,1
-1.3095,1.7152,3
0.28614,3.1945,3
-4.1143,1.7185,1
1.1993,-0.62008,2
1.7922,0.67757,3
-0.14617,1.2745,3
1.0258,3.1647,1
1.6408,-0.80696,2
1.6031,3.2506,3
-2.1309,-4.0129,1
-3.1465,-0.59188,3
0.083214,1.766,3
2.0463,-2.1095,2
-0.86758,-0.59655,1
-2.5864,-1.2559,1
4.0342,4.8722,3
1.2368,0.13562,3
-0.44398,-0.46448,1
-1.9087,0.3548,2
2.9018,3.7104,3
-1.835,1.3628,2
0.85668,-1.3949,1
-1.9157,0.87565,1
-1.8482,-2.7941,2
-2.7428,-3.7791,1
-3.2116,-3.0743,1
-3.5234,-2.0944,1
-3.9323,1.7454,1
1.7111,3.4854,3
2.8128,1.0849,2
1.2995,-0.19546,1
2.4393,3.9243,2
1.9374,-0.14036,1
2.6772,-3.4954,1
0.42316,-1.6595,1
3.7532,-3.8706,1
0.11462,-1.5867,1
-1.5816,2.6361,2
-3.8219,-5.3286,1
4.0003,-2.4595,2
-0.67897,3.4631,3
1.2328,4.2987,3
2.7481,2.1648,3
-2.3379,-2.3671,3
-2.7298,1.7981,1
-0.46007,1.1734,2
3.1324,-1.482,1
0.10414,-0.31842,2
0.27114,-1.07,2
0.85155,3.0832,2
2.9332,8.1946,3
-1.9739,4.414,1
5.1018,2.6584,3
0.74959,-2.1293,1
-5.3327,-2.6051,1
2.9026,-1.4917,3
2.2244,4.8011,3
1.8016,1.359,3
-0.40844,2.4041,2
1.4668,2.3057,3
1.6485,0.6173,2
-2.9352,2.97,2
-3.1507,-3.9744,1
-0.46488,3.9209,3
1.1904,1.7102,1
-0.47655,1.6608,2
1.1927,-3.7202,1
1.2211,0.076921,1
1.9583,-0.15839,3
0.099382,0.21558,3
1.1886,2.663,1
5.3903,-0.87897,3
-2.7568,-2.2984,3
-3.0346,-3.6148,1
3.1663,3.709,2
1.4361,-1.2789,2
-3.1153,-0.89584,2
-2.4289,0.95079,2
1.329,4.2488,1
1.1518,1.6321,1
-0.81939,-1.1932,1
-1.9223,-0.45207,1
1.5089,1.8668,3
-1.069,-3.0851,1
-0.59615,-2.9265,1
0.23808,1.171,1
0.20241,-1.9928,3
0.55565,-6.7682,2
0.45252,-0.094701,1
1.6113,0.73665,2
-0.13846,1.4403,1
-3.159,-3.3002,1
0.25173,-0.2061,2
-3.1471,-0.88861,3
1.7533,2.8087,2
-6.2701,-2.2029,1
2.1238,-0.39057,3
0.27496,1.1467,1
2.1239,-1.0957,2
-3.9455,-1.4439,2
0.28351,0.39533,1
1.0089,0.25799,3
-2.7715,-3.9609,1
0.88932,3.4095,2
-1.3428,0.93902,1
-0.10799,-2.6602,1
2.3457,2.5468,3
-0.48517,0.030442,1
1.4735,1.0521,3
0.87489,-1.2581,2
1.3237,1.6673,1
0.21238,1.8691,3
1.8818,0.92393,2
-2.8479,-5.3783,3
0.4611,-5.2342,2
-4.4349,-1.1416,1
-0.21609,-3.6102,3
1.6014,2.1231,3
3.9062,1.0662,1
1.0372,-2.0338,3
-0.17591,-0.50265,3
3.8172,6.5564,3
-3.3934,-3.6483,1
6.0752,5.3108,2
-0.23139,2.9851,3
-0.022826,-4.194,1
-3.3099,2.1134,2
2.9985,-0.46157,2
-6.5328,-2.5413,1
-0.36482,-2.23,2
-0.92796,-3.4968,1
5.7618,4.9564,2
3.5029,-1.9735,1
3.0563,-1.5263,3
-0.29458,-0.15711,3
2.4233,2.9128,2
1.0616,3.1476,3
1.2345,1.0866,1
-0.7551,-1.4645,2
-1.1121,1.1593,2
0.18975,2.6846,3
2.6417,1.9839,1
-0.86457,-1.4887,1
2.3617,5.2953,2
-0.074424,-0.7173,2
0.34871,0.31044,1
2.7547,2.2621,1
-2.0425,0.04177,2
-3.1961,0.46408,3
-0.10146,4.6283,1
1.5832,4.2322,3
4.5318,-1.9299,3
-1.9924,-5.0087,1
2.9157,-0.24793,3
2.7159,-0.79558,3
-2.1127,0.12087,1
0.75576,0.42598,3
1.1275,0.43025,3
-0.4597,-3.2177,1
-1.7885,-4.2155,2
-1.3967,-0.94767,2
-3.7363,-0.051459,1
0.70312,1.2888,3
-0.8045,3.734,3
1.9544,-4.9979,2
-2.0553,-0.011503,1
1.2988,1.301,1
-2.675,0.089666,3
3.8157,4.4965,3
-0.46403,2.7981,2
1.9548,1.8287,2
-1.4442,-2.3834,1
1.3273,-1.515,2
-1.3601,1.1183,2
-3.8937,-1.9247,2
-0.88246,2.9072,2
2.0405,0.75615,2
0.96902,-0.81019,1
2.1614,-0.41893,3
1.5911,0.45793,3
-0.62338,-1.885,2
1.3757,-0.32634,2
1.9876,-0.75365,1
1.8767,-1.5384,2
-1.6853,-0.17125,2
0.7657,3.9252,1
3.5913,4.4691,2
-2.294,0.66185,1
1.7216,0.38754,2
2.3198,3.8213,2
-1.0376,-3.421,1
3.3665,1.595,3
3.724,-0.96176,3
-1.7485,-1.4032,1
2.406,3.8693,3
-3.6527,-2.3628,3
4.1227,0.48515,1
-2.7831,-1.2235,1
-0.47861,0.99599,3
0.17376,1.6308,3
0.17599,2.3347,2
-0.54783,2.9808,3
1.6713,-2.8737,2
-2.7406,0.413,1
0.30662,3.0873,3
2.1664,2.4691,2
-1.42,-2.5474,2
3.1368,-0.36467,2
-0.37815,1.1468,3
-0.28712,-4.5925,1
2.0099,0.40174,3
2.2508,3.8987,3
-3.1621,-2.4363,1
-3.1195,-1.1582,2
1.4301,0.033692,3
-1.6965,-1.0392,2
1.2232,-2.345,2
0.90232,-3.9174,1
1.7346,0.53551,2
1.5441,0.19349,2
-1.5796,0.36881,1
1.0573,-3.0601,1
2.801,1.6613,3
-1.8693,-0.9793,1
-1.1181,0.25422,2
-3.2699,0.23913,2
-1.8138,0.5531,3
-0.14645,-0.10497,2
0.464,1.3551,3
3.2003,1.3296,2
1.1507,4.6125,2
-0.90664,-4.6689,1
-1.33,1.883,3
-0.22498,-1.8477,1
0.85043,2.672,3
-3.7415,1.2039,1
2.2766,-3.7302,1
-1.0159,1.0789,3
-0.0031859,-4.0196,1
0.52205,-2.2908,3
-3.9296,1.8895,2
2.213,3.6227,2
0.44096,2.8747,1
0.39873,2.9415,2
-0.99106,-0.34085,2
0.88034,-0.38464,3
-2.7052,-3.3632,2
2.7834,2.4042,3
-0.08207,-2.0868,3
2.5131,-3.3815,2
-1.9372,0.53151,1
1.5838,-0.33105,1
-1.9866,-3.5986,1
-3.6005,-4.1761,3
-2.0225,-3.7934,1
-0.72161,-1.9007,3
7.1674,2.603,3
-2.1562,-3.0206,2
-3.3309,-4.4524,2
1.5215,-1.948,2
6.0111,-0.18581,3
1.9781,2.8178,3
-1.3168,0.10911,1
3.714,4.972,3
4.9607,0.75657,2
-0.51211,1.8659,2
-0.31587,-1.3603,2
1.388,4.0048,3
1.5066,0.39241,2
-3.1146,-0.78304,1
-1.6978,-3.3345,1
-6.1332,2.053,3
-3.6334,-1.2641,1
3.2883,4.1172,3
0.096058,-1.217,2
-1.4908,-1.6786,2
-0.1909,-0.65293,1
-0.80775,-1.0382,1
0.72741,-1.5093,2
5.473,0.51602,2
0.11082,-0.81416,2
2.4104,-1.2135,2
0.81486,3.0175,2
1.9494,-1.4682,3
-2.0112,-3.4871,2
3.0184,0.46518,3
-4.2311,-1.9689,1
1.3617,-0.49828,3
-0.13675,-2.2513,1
1.6046,-1.2742,2
-0.92403,-1.9606,1
1.5071,1.1719,3
2.1272,1.5955,3
-0.25658,-0.80404,2
-1.1776,0.88462,2
0.50969,1.983,1
-4.5793,-1.4336,1
-2.5059,0.29511,1
2.6034,-0.59785,3
-1.9245,-4.5373,1
0.87957,2.2537,2
1.9512,2.6775,3
-2.6711,4.2584,3
-1.4695,1.6723,1
4.1173,0.31602,2
0.41474,1.0232,3
0.33618,-1.6972,1
-2.6187,1.5162,3
0.050394,-0.97121,1
0.98799,-4.1434,2
0.76842,-1.5197,2
-1.07,-3.6575,1
0.12919,-1.096,1
0.17129,-1.5717,2
-1.7307,-0.97048,2
1.8373,3.5073,3
2.2642,-0.22558,3
-3.4902,-4.5737,1
-1.6293,-0.37299,3
-5.7067,0.77075,3
-0.23903,0.026646,2
-4.4684,-2.2762,1
-1.5238,-3.7729,1
-2.7222,-1.5005,1
-0.97031,-1.1686,2
-2.246,-3.4978,1
0.98554,1.0905,2
0.87225,2.6124,2
-0.62275,1.8864,3
4.7129,-2.2274,2
-6.0559,1.0778,1
-3.1605,-0.52601,2
4.2651,3.2613,3
-2.1201,-3.3922,1
-0.19294,2.1726,3
-2.7445,-4.4015,1
2.2933,0.89928,3
-3.9763,1.8307,1
2.8143,4.5959,2
1.4988,2.5612,3
-1.8432,-3.4937,1
-0.22735,0.84925,1
3.7622,3.1237,1
1.7711,2.8314,3
2.8714,0.1888,3
-0.6579,1.298,3
-5.3366,-4.1318,1
3.4318,-0.91058,1
-2.7987,-1.9167,1
-0.8909,0.4593,2
-1.8875,1.4756,1
-4.1398,-1.8271,2
-0.79795,-2.8636,1
-0.23014,2.8588,1
-1.7922,0.41114,2
1.1316,2.7606,3
0.053159,-3.9809,2
0.20351,-0.42522,1
-3.899,2.5829,2
-1.4214,-2.8042,3
1.1685,-0.71918,2
1.0907,3.5879,2
-2.703,-0.46986,3
-0.41477,0.81333,2
-0.68383,-2.2287,2
0.57281,-1.4304,2
2.3089,1.7737,3
-1.543,-3.4825,1
-3.5517,-2.4595,3
0.055791,-4.1127,2
2.5235,-1.7058,1
-1.3474,-1.7766,3
1.7165,-3.5743,1
1.018,0.10811,3
0.25106,0.073238,3
-0.42137,-1.0607,3
-4.7319,-0.011598,3
3.5787,6.7028,3
-2.9183,-2.8246,1
-3.202,1.7516,1
-0.53953,-3.0685,3
-1.718,0.33031,1
1.7767,-1.2581,2
-0.83545,-0.87985,1
-2.1959,-3.4236,1
-1.0221,2.0788,1
2.8423,-0.98894,2
1.1333,-0.10898,2
2.6637,1.107,2
2.5174,-0.48087,3
-0.45257,0.16677,2
-0.26888,-3.2472,3
4.6155,0.044236,3
-1.6626,-0.058645,1
-1.118,-0.82845,2
2.3006,0.89259,3
1.5187,2.5541,2
-1.7846,-0.52447,2
-4.3345,0.058973,2
-0.75693,-2.1459,1
-0.86761,-4.7879,1
-0.39466,-1.7115,2
3.162,-1.2448,3
-4.9546,-0.27044,1
0.30183,0.1398,3
3.4554,-2.7496,3
-0.67793,-3.2709,1
-1.6641,-0.67218,1
2.1979,5.4612,3
-0.60313,0.10364,3
0.49026,2.5261,1
3.804,-2.2566,2
0.76076,-3.5283,3
-5.2847,0.65161,2
3.8525,2.3658,3
4.9164,-2.7764,3
-5.1923,-3.2118,2
-4.5712,-3.1767,1
-5.0771,3.2225,2
-1.8954,-4.2338,1
3.2025,3.9388,1
-0.43999,-2.582,1
5.0323,5.1015,3
-0.028655,0.23921,3
-0.97398,0.49347,3
-0.58111,-3.0688,2
1.3907,1.1475,3
0.013202,3.286,3
1.7187,3.6514,3
0.20999,0.42968,2
1.0326,1.8887,3
1.1099,0.10393,2
2.0452,-2.248,2
2.172,-0.89287,2
0.74404,2.3514,3
-2.389,-0.50758,1
-0.63265,1.3849,2
-0.78633,0.48801,3
2.2154,-2.8177,2
-2.0604,1.1434,3
3.1236,-1.4815,2
-2.0053,-0.73177,1
-0.16517,-2.1452,1
-0.22242,2.4293,3
-0.055731,1.2295,3
-0.85559,-1.8496,3
-0.87704,-5.2129,1
-1.1141,-1.8231,3
-2.7251,-0.97005,2
1.137,-1.2704,1
-0.58183,-2.2331,1
-5.1917,-1.5136,1
0.36594,-0.32875,2
1.0972,-1.5644,2
-0.67987,-1.2658,1
5.7144,2.0562,2
-2.3593,2.3424,3
2.0064,2.8815,2
0.10913,-3.1252,2
3.025,-3.2058,1
2.2765,1.6656,1
1.8839,0.18638,1
-0.29779,-0.10294,1
-0.28153,3.2732,2
-2.9118,-1.5253,1
0.44815,-1.0433,3
1.3038,-3.1845,1
3.7625,-2.0252,3
-2.3311,-1.1129,1
-2.7875,-3.3236,1
-3.1989,3.4473,1
-3.3221,0.21188,1
-1.4253,1.1163,2
-4.06,-1.193,2
-0.75123,0.072393,3
-1.7075,1.9485,2
-3.4154,1.6319,3
0.55158,0.58124,3
-0.073707,-2.3692,2
-2.339,-0.089041,1
0.63549,-0.57186,1
-2.3354,-4.7853,2
-3.997,-1.283,1
5.8203,-0.04523,3
-0.84453,-0.041651,3
1.3705,-1.6806,1
2.4028,-1.2651,3
1.7743,-3.8594,3
1.4853,1.4769,3
-2.2498,0.23746,1
0.3924,-0.2335,3
4.0537,0.061167,3
1.6243,-3.1752,2
-0.49156,-0.32171,3
-3.2909,-1.8337,1
-3.726,1.0113,2
-0.54539,0.15282,3
6.0214,3.2114,3
2.7292,-3.0906,2
2.7308,2.4789,2
-1.3898,-0.64531,2
-1.0799,2.2305,2
0.22606,1.1028,3
-2.1293,-0.60725,3
-4.1913,-1.5968,2
-1.7314,-2.2672,1
0.16978,0.89882,3
1.7809,1.2776,3
1.4208,-4.5532,1
0.55786,-8.0089,2
-0.57499,1.0104,2
-0.47781,1.8894,1
-0.32697,-3.6502,1
0.29063,-1.14,3
-2.8501,-1.4964,1
0.64555,4.5317,3
-2.3076,1.2587,1
-0.6299,-1.7947,1
-0.026391,-0.4921,2
3.4156,-0.52461,2
0.89365,-3.9572,2
2.0745,-1.511,3
1.4638,-2.3894,1
-2.5122,0.075203,2
0.81564,0.41953,1
-1.2579,-0.31843,3
2.8736,3.5832,2
-1.9015,-3.4048,1
1.2545,3.1355,3
0.14414,2.4416,2
3.9731,3.2654,3
-1.4059,-2.4307,3
2.3339,-1.1404,1
-0.38674,-0.28809,3
4.8014,-2.2429,1
-0.46336,0.9631,1
1.9546,-0.095351,3
4.12,4.6361,3
0.28571,0.65616,3
-1.0863,0.14978,1
-1.6762,0.61653,1
-2.9868,1.6979,3
0.92074,-1.0376,3
1.7527,-4.2835,1
0.33896,-5.4275,2
3.0624,2.7867,3
0.93595,-0.90903,3
-0.41202,-2.5812,2
-3.3173,-3.2586,3
0.79131,-1.3578,3
-3.9878,-0.64098,1
3.9281,0.10957,2
2.5795,1.0286,3
-0.58096,-0.14572,3
0.73917,1.1036,3
2.3779,2.2337,3
-0.028321,0.99735,2
-1.644,-2.3243,1
0.31728,0.59411,3
0.59625,0.84944,1
-1.3683,-2.0702,1
0.68078,0.078654,2
5.4709,3.8384,3
0.14866,1.453,3
3.2278,1.3712,2
4.3867,6.0822,3
-1.7472,1.7247,2
-2.5326,0.47565,1
-2.436,0.98993,1
1.0437,-0.044143,3
0.063936,-0.64833,1
-0.1963,-0.30923,2
1.5336,1.1096,2
-3.4413,-0.59545,1
2.4417,0.45306,1
1.5018,0.12338,3
2.4825,6.438,3
-0.49717,4.7994,3
0.85876,-1.5456,3
0.70254,0.62829,3
0.45046,0.29866,3
4.4867,2.2173,1
-0.58168,0.31372,2
-2.1997,0.47118,1
-3.9605,3.2949,3
1.3408,0.22644,3
-2.0334,3.7805,3
-1.237,-2.6658,1
0.20915,1.6355,1
-0.30803,-3.1333,2
1.942,2.4298,2
-0.045052,3.5789,1
4.8278,5.3512,3
2.7827,5.7108,3
-3.0046,-1.6722,3
2.9561,2.8012,3
-3.7813,-4.1508,1
-0.022629,-1.7019,1
-4.3682,-2.6367,1
-3.2292,-0.65933,1
-0.9632,-0.80356,2
-8.7854,-2.0978,1
-0.26001,-0.65257,2
-1.4852,2.4138,2
-1.3798,-1.225,2
-1.1611,-5.5812,1
4.1035,2.9028,3
-2.5302,-3.1374,1
-2.7701,1.005,1
1.1373,2.4728,1
1.3237,1.854,3
2.2447,0.87684,3
-1.628,-4.6969,1
-1.8444,-2.7378,2
1.4924,3.7857,3
1.4684,-0.19528,3
-2.6036,-3.1553,1
4.1361,1.7194,3
-2.4639,-2.5812,1
1.8547,0.12503,3
0.89591,2.565,1
-4.4188,0.14183,1
3.9978,-3.3994,3
2.512,-2.2143,1
1.168,2.6328,3
1.2275,0.26683,3
-1.4006,1.5908,3
1.0381,0.35919,1
1.8813,-3.225,2
-0.93122,1.272,1
-0.98046,-1.3559,3
-1.5268,0.98381,1
-1.8863,-2.9963,2
-3.1363,1.4275,1
4.6163,1.8338,3
-0.4581,-0.6399,1
0.0003935,-0.30858,1
-0.71138,-3.5022,1
0.14539,-0.91483,2
1.7646,0.18991,3
2.64,0.89789,3
0.70506,-1.6955,1
-1.4693,-1.6897,1
-4.3713,-2.2402,1
-3.0575,-1.5746,1
1.5407,5.5194,3
-2.9245,1.2598,2
-0.30794,-3.9853,3
-2.2075,-1.1402,1
3.9676,5.1447,3
-0.70536,-3.1561,2
4.2504,-6.0816,2
0.45397,0.50767,1
1.6466,2.2483,3
0.079951,1.8301,2
0.12081,0.52318,3
-0.44961,2.34,3
0.68273,1.4693,3
-0.39859,-0.059793,2
-3.6265,-4.6328,2
6.8793,-1.196,3
0.89979,2.1402,1
1.5861,1.6706,3
0.77182,-2.8085,1
-1.7803,2.3479,3
1.4406,0.33163,2
-2.0436,-3.3829,1
-2.9604,-2.2483,2
0.69392,2.3579,3
-4.9447,-0.16705,1
0.5699,-0.069874,3
-0.71503,-0.37759,2
-1.2582,0.47939,1
-2.2598,-1.5283,2
1.6264,-2.6935,2
3.5226,1.4241,2
-0.91077,-1.357,3
1.7296,3.7747,3
-0.56731,0.16385,1
1.7341,0.089095,3
2.0858,-0.4557,3
-5.8669,-1.8659,2
2.0019,7.1841,3
0.35292,1.19,2
1.8357,-1.2685,3
-3.1253,-1.3663,1
2.2323,4.0666,2
2.253,-0.57559,1
-0.96692,0.56566,2
4.2486,0.2164,3
0.25426,0.48703,2
-2.6046,1.1713,1
-0.42268,-0.12066,2
3.4565,1.055,3
2.1415,1.5346,1
-2.391,-2.6962,3
0.29997,3.8826,3
2.4273,0.70247,3
-0.47412,2.0925,3
0.81703,2.768,3
1.2149,-1.0865,2
-1.6921,-5.015,2
-3.5789,-1.3363,1
0.51831,-3.512,1
3.2621,3.3,3
-0.43017,-1.1129,2
-1.3598,1.045,2
2.2506,2.6172,1
-0.49541,-2.2357,3
0.9439,-0.2214,2
-0.25915,-0.72816,2
2.3505,3.2698,2
3.9264,-3.9396,2
-4.5089,-3.5057,1
-2.5249,4.3608,3
-2.5581,0.15537,1
-4.926,-3.7175,1
-2.7269,0.31202,2
0.33435,1.1334,1
-2.167,1.0025,3
-0.67918,-4.2352,1
-0.25804,1.9438,2
-3.9267,1.4421,2
-2.436,-2.6117,1
1.527,1.1004,3
-1.0406,-0.16024,2
-2.6763,1.3207,1
1.5231,0.33455,3
2.6334,2.621,3
0.44595,4.8564,2
0.25302,0.13795,2
-1.1351,-1.1061,2
-1.5469,-2.6302,1
1.0078,-1.0554,3
2.8528,-2.3405,1
-0.59314,-0.92111,2
-0.91577,-0.12987,3
-2.4276,-1.4456,3
-0.20396,-0.20218,3
3.0965,0.46042,3
-4.2541,-4.6862,1
4.8082,-2.047,3
1.0424,-1.8412,1
-0.28258,-0.32013,3
-0.84915,-3.7757,1
-0.63778,2.6582,2
-2.1538,-0.35335,3
2.6303,-0.84213,3
-2.0098,-1.8621,1
-1.0962,-1.3257,2
-2.9862,-3.4736,1
0.6247,2.6181,3
-2.1228,-3.6287,1
0.39584,-2.5841,1
-1.7468,1.4776,1
-3.8077,-1.842,2
-1.6022,-0.52687,2
-0.14058,4.1232,1
1.8871,6.121,3
2.3507,-0.78005,2
-1.418,-0.1045,2
-1.2172,-0.03325,1
-0.57824,-1.2861,1
-1.6907,1.2151,1
-0.039905,3.847,3
-2.4516,-2.5258,1
3.9906,3.2419,2
-4.0198,-6.6533,1
-0.30864,3.3183,3
2.4959,-1.4992,2
0.17726,0.62178,3
-1.1932,-0.38458,3
0.26219,-0.55574,2
-2.1005,2.2266,1
0.69356,2.8773,3
0.21434,0.021864,3
1.6029,-0.43303,3
1.7992,3.515,3
-4.4063,-1.5847,1
-0.3256,-6.3309,2
-0.24914,-1.0062,1
1.415,1.2596,3
-2.1695,1.553,1
-2.224,-1.0742,1
-1.1158,-3.4994,1
-4.5551,-2.1991,1
-1.7993,0.55199,2
-2.339,1.2726,2
-2.2235,-0.30196,1
0.22961,4.1329,3
-2.8405,-1.1588,1
1.3871,0.59642,2
1.7162,-1.2407,3
-0.10761,-1.718,3
0.40743,0.76684,3
-2.2014,-1.005,2
3.8856,3.2572,3
3.5515,-2.5732,3
-0.57051,-3.495,2
4.7201,2.9857,2
-1.0663,-1.3759,1
-5.3129,-0.69832,2
-0.5329,2.2318,2
1.9565,1.3627,1
-0.79793,-4.4048,1
1.7699,0.99023,1
-0.4346,-3.9882,3
-0.13583,-1.8065,2
2.4844,-0.27484,2
-0.49176,0.096605,3
3.0458,-0.36313,3
-0.81535,-0.13331,1
-0.62452,2.9826,3
-0.3417,0.20711,2
1.219,3.1309,2
-2.2889,-2.5256,1
-4.7246,2.5353,2
-1.5074,-1.4087,2
7.1105,-0.45204,3
1.2257,-0.67731,3
1.9034,1.9501,2
0.58623,5.6366,3
-0.49765,1.0082,2
1.2973,2.1127,3
0.5302,1.7933,3
-3.9718,0.74621,1
-2.9248,2.8302,3
-5.3714,-4.2187,1
-0.38943,-0.61094,2
1.2679,0.020458,1
-0.35251,0.48013,2
-1.5671,-4.5623,1
2.1472,-0.89816,2
-3.4428,0.44138,1
-3.58,-6.3504,3
-2.9171,0.08533,3
0.034963,-0.56786,1
2.9915,0.064699,3
-4.7913,-3.2949,1
-0.71345,3.3745,3
-2.9621,-1.6858,1
-4.8892,2.1411,1
1.1206,-1.6394,2
0.13432,-2.5502,2
0.47082,0.1238,2
1.7908,-0.30038,2
1.6719,4.1556,1
-3.0858,-3.328,1
4.5711,1.4789,2
-0.85613,-3.2013,2
1.4484,-2.6062,1
-2.4503,-0.851,2
2.2423,-3.1921,1
-0.84613,2.6964,2
-3.9035,3.1376,1
1.9919,-0.11653,1
-2.9545,-0.74619,3
0.88862,-2.127,2
1.8193,3.099,3
0.52478,4.2937,3
3.6908,2.2555,2
-0.99093,0.55613,2
1.2285,0.35988,3
-1.7678,0.33812,1
2.8594,-0.29174,1
0.77452,-0.41218,2
-3.5626,-2.5072,1
-3.5059,-4.9618,2
0.83922,0.29146,1
-3.8468,-2.8221,1
-2.2875,-2.8672,1
-2.6576,-6.5924,1
1.932,-2.0077,2
-0.028675,1.2864,2
-3.2868,-0.1706,1
6.2994,1.0612,3
2.6067,0.72772,2
-1.6448,0.39848,2
-1.7437,1.5417,2
0.046598,-0.67399,3
-0.37407,1.4022,2
-4.8489,-0.14136,1
0.82625,2.3224,2
0.17841,-1.9743,3
0.75295,-0.12993,3
0.30485,-0.77854,2
-0.33018,0.88031,3
-0.18429,1.3082,2
2.2851,0.74596,3
1.134,1.2967,3
-0.4924,-1.0117,2
-2.8181,3.4729,2
5.2213,0.6898,2
0.076923,-0.4337,3
-0.30549,-2.5466,1
2.7042,1.92,3
-3.056,-1.6904,3
0.73685,0.071733,3
2.2065,0.96605,3
-0.38936,-0.72485,2
1.8447,1.0503,2
-1.557,-3.2732,2
-1.3305,-5.2544,2
-2.708,-1.7413,2
3.1367,5.1288,3
0.080385,-0.49588,1
-0.045904,-1.7828,1
-0.80836,-0.25899,1
2.6016,1.9236,2
-0.9113,-0.46396,2
-2.1848,3.0277,1
2.2802,0.043285,1
-2.9872,-0.176,2
0.36895,1.7465,3
-3.0383,-0.36372,1
2.2795,3.0229,2
-3.8821,1.0771,2
4.9352,6.5439,3
-2.8197,-0.39281,2
-2.3103,4.4072,1
4.5462,3.3116,3
0.69722,-3.8545,1
-0.90702,1.1904,3
0.16794,-2.7411,1
-1.3108,2.6914,1
-1.6385,-2.2103,2
0.35017,-1.0567,1
0.52621,1.7526,3
3.8415,-1.614,3
0.052228,0.85405,3
3.8546,0.66296,3
1.7144,1.4945,3
2.1905,5.4682,3
1.4865,1.1004,2
2.1905,1.5895,1
2.3108,1.1533,2
2.5947,-2.7537,3
0.62881,0.4158,2
-0.90246,0.031337,1
4.0419,2.5198,2
1.7767,4.2682,3
3.6114,3.1617,2
0.57941,0.083701,1
-0.12403,1.5028,3
0.43725,3.8668,3
0.073485,0.089443,2
-0.96765,-0.73665,1
-3.4354,-1.8196,1
-2.4388,-1.4014,2
-2.0696,-0.44414,1
0.8546,-0.43698,1
-1.5167,0.70934,3
4.1162,2.9651,3
-2.6834,-1.8935,3
-0.9334,-1,3
-1.036,0.86574,1
1.7642,3.1145,2
-0.11636,-1.3161,1
2.115,-3.9208,2
0.51343,-2.1892,3
-0.12168,-3.5323,2
-2.135,2.9208,3
2.4057,-0.83392,3
0.096183,-3.0245,2
4.5767,0.91345,3
3.3519,-2.4694,2
3.2825,0.87058,2
-3.7761,-6.9031,1
-0.36823,-3.3022,2
-1.9146,0.7767,2
-1.6858,-0.082166,1
0.60764,2.5839,3
-1.3881,-2.9841,3
2.7445,4.8278,3
1.7832,-0.57704,1
-0.00011802,1.7788,2
1.6406,0.1734,1
1.4039,1.9605,2
-1.8981,-0.40974,3
-4.93,-0.92507,2
0.85532,0.39896,2
-1.1805,0.010892,2
-0.97622,-3.351,1
2.7134,-1.8023,1
-2.319,1.2969,2
0.50552,2.1486,3
-2.736,-0.30151,1
-2.1248,0.44202,2
3.9195,5.0369,3
-2.2107,-2.2315,2
1.0707,-1.3932,2
-2.4269,1.154,1
-1.0536,-2.3376,3
0.222,1.5069,3
-2.6203,-7.6031,1
0.15052,-2.023,3
-2.5534,-0.66585,1
-0.55935,2.3533,3
0.52658,4.854,2
1.8328,1.5579,3
-3.0383,-1.0344,3
0.37796,-1.124,1
-1.7259,-2.6733,1
2.9273,3.1617,3
-2.5918,-2.5647,1
-0.11938,-3.5046,1
0.64872,1.919,2
6.263,0.87505,2
1.3687,-0.84267,1
-1.7528,1.3868,3
1.831,1.163,1
0.70069,2.9814,2
-0.4215,0.46578,3
-1.7892,-2.2953,1
-2.1324,1.0908,2
-1.2234,-3.2823,2
1.286,1.9137,1
0.84028,1.9413,3
-4.0714,-0.5381,1
-0.72416,-1.3233,3
-3.2561,0.066818,1
0.70475,3.9632,3
-1.9518,-1.4264,1
-0.52377,2.2032,3
2.1229,3.392,2
2.1684,1.8499,2
0.36009,2.4901,3
0.12249,2.2986,1
-5.7086,1.8105,2
0.26012,3.7124,2
-2.9527,-2.7467,1
0.054836,-1.0557,2
-1.5202,0.0058071,1
0.69486,-2.3105,2
4.0871,2.8539,3
-4.0631,0.89773,2
1.446,2.5327,3
-3.0358,-2.5664,3
-0.30914,-1.488,1
3.8074,-1.7644,1
-0.24513,-1.1247,1
1.7071,0.308,2
-0.017669,-1.7332,1
1.3834,-1.7052,2
-1.2742,-1.6097,1
-2.6414,1.1503,1
2.2113,-0.08803,1
-2.3433,1.6545,2
4.2923,1.989,3
1.7589,1.1146,2
3.0332,2.7027,3
1.5588,1.1879,1
4.3806,-0.56519,2
-1.1983,1.5706,2
1.3268,2.3004,3
-1.7494,-1.5416,1
4.9176,0.69409,3
-3.5181,-6.6731,1
3.6898,-1.4796,3
0.56857,-2.3283,1
3.1989,0.81345,3
-0.69498,-1.7848,2
-0.18374,-2.2929,2
1.9374,-0.68308,2
-1.4382,-4.1371,1
1.4667,1.4133,3
0.43083,-3.2601,1
5.3397,0.85887,2
0.35813,-4.6686,1
0.65206,-2.7495,1
-1.1679,0.40642,2
-2.0798,-0.65193,2
1.1823,0.034121,3
-0.84367,3.333,2
-3.9253,-1.646,3
-1.4153,-1.8394,2
-1.4349,-0.2962,2
-4.0172,-3.6033,2
1.0991,-0.18708,3
0.41937,0.02208,2
1.695,-1.4786,1
-3.1754,-0.99148,1
0.25687,4.5018,1
-2.3276,-2.9218,1
-0.42647,0.76568,1
-1.4427,1.4977,2
-2.3871,-2.5703,1
0.7612,2.4013,3
-1.3163,-4.6342,2
-0.30664,2.6937,3
-2.7085,0.70617,1
-4.1307,0.010887,1
-0.61391,0.17584,2
-0.48335,1.8188,1
3.447,1.6818,3
-0.070983,1.2241,3
-0.099162,-0.60429,1
1.0524,2.1666,2
1.4564,3.4189,2
1.6788,1.8733,2
0.40732,-1.6837,3
-0.028075,-2.0661,2
-2.4063,-0.43242,2
-0.43487,0.74859,3
-0.94462,-0.33373,2
-1.698,2.6394,3
-1.2151,-0.97217,3
0.68307,1.6678,2
4.623,-3.2506,1
0.14743,-0.11228,1
-1.3009,-2.2952,1
-0.96935,-1.246,1
0.59105,2.1423,2
1.1802,1.8831,2
0.91799,1.4894,1
0.2675,5.7845,3
3.0289,1.4969,3
3.9741,1.1459,2
2.4003,1.9528,1
0.12875,1.9638,2
3.3104,0.81146,3
4.9467,1.9342,2
-2.6599,-5.3721,1
1.2879,4.2192,1
-0.60057,0.77902,1
-1.6979,-0.56031,3
0.54144,3.7648,3
-0.90737,1.942,2
0.22675,0.9124,3
-0.088482,-1.2203,1
-1.1862,-4.4773,2
1.6737,5.4032,2
3.0343,1.1306,2
-0.22315,-0.13783,3
-4.341,-0.19338,1
-3.0192,-5.6193,1
0.56157,-0.6425,1
-0.30532,5.5741,3
-1.3898,-1.5167,1
1.1131,-1.2564,2
1.4861,0.58987,2
1.111,-0.21146,3
3.3186,3.2566,3
-3.789,-2.9805,1
0.3463,0.15454,3
6.5676,-3.7818,2
-1.4398,0.57748,3
-0.22599,2.4977,3
-1.3359,-2.3233,1
1.0441,1.1726,2
2.2229,2.2721,2
-2.6355,0.7131,2
-3.3675,-5.1417,1
-1.1991,-3.878,3
0.47787,0.78741,3
-0.71684,-2.7176,1
5.0191,-0.58348,2
0.94265,3.3131,3
1.2384,0.31258,1
-1.4421,0.094194,3
0.95421,-1.6972,2
2.9525,3.6398,3
2.5808,4.3011,3
2.5236,-2.1525,2
-0.90274,0.13436,2
-4.2753,-0.5945,3
-0.93394,2.1723,1
2.9091,2.6153,3
-3.1512,-0.86958,2
2.0707,-1.9238,2
0.71362,-0.34915,3
-0.79351,-1.0773,1
-0.48028,1.6944,3
-1.216,2.9029,2
0.97754,1.8988,3
3.9895,1.5227,2
-0.87431,-1.8902,2
4.0793,0.71377,2
1.3563,-1.991,3
-2.9736,1.3451,1
-3.2136,-0.53525,1
-2.0557,-1.746,1
-0.073325,1.6709,3
1.5305,2.6288,1
2.0217,3.2753,3
-2.5366,1.9094,2
3.2979,-1.0981,2
4.4932,1.5895,3
-0.9852,-1.177,3
-0.23394,1.1041,3
-1.2571,-0.65518,1
0.70914,1.6085,3
-3.0007,-1.1282,1
2.5566,2.1237,3
1.7864,2.4608,3
-1.1477,2.3127,1
0.58108,-1.6045,2
-2.2885,0.76146,1
0.62425,0.55287,1
-1.0767,-2.3956,2
-3.2662,-2.3281,1
-2.6403,3.7065,2
-1.2436,-5.6186,2
-5.771,-4.7506,2
-0.628,-3.5789,1
2.2484,3.8037,3
-2.9498,2.7535,1
2.4212,1.8802,2
3.3117,-4.6004,3
-4.1218,-1.0011,1
3.4995,1.8647,3
3.4826,2.046,1
-2.9773,-1.0278,2
-0.13923,0.73434,3
0.45958,-1.1246,1
0.40783,2.5526,2
-0.61038,-4.9916,1
3.8339,4.047,3
-4.1652,-3.9328,1
-0.78639,3.3851,3
-2.958,-6.1666,3
1.2835,0.17739,3
-3.2103,0.70706,1
-1.5889,-4.0478,2
5.0339,0.97874,2
3.8192,5.0972,3
-2.0241,-1.2979,1
-1.6415,-1.8093,1
-3.1527,-1.9219,1
-0.62711,-1.5524,3
-1.4223,1.5229,2
0.66841,1.6335,2
2.3246,-0.60514,3
-0.90806,-0.41917,2
1.497,-0.51446,1
-0.53378,0.79974,1
-4.2084,-4.4532,1
-2.6622,-3.7955,2
-3.1636,0.016443,3
1.292,-1.816,2
3.1148,-1.3815,2
1.3412,0.70221,3
1.9889,-5.4616,3
-0.98244,-1.3888,1
-0.39468,1.0659,3
0.35881,0.0026925,2
0.74559,1.4154,2
0.15218,3.8859,2
-0.28338,-1.0644,2
5.8793,2.5285,3
1.5788,-1.4205,3
-2.3003,0.60152,1
-1.9635,1.3049,3
0.040615,-2.5988,2
-1.0396,-0.85428,2
0.67393,-2.7371,1
-0.63698,5.0774,3
0.52078,-3.3305,3
-0.11938,-2.3182,1
-0.47932,0.62319,2
-0.53845,-2.7447,3
2.5877,4.0071,2
0.4134,-0.43077,3
2.5583,-2.6961,1
3.5297,-0.11622,2
-1.9578,2.0219,2
-0.0073834,1.7229,2
2.1523,-2.178,3
-2.2155,-0.98169,1
-0.5248,-0.10451,2
6.0913,3.4779,3
0.66861,2.0251,3
-1.2296,0.095877,3
-5.3473,-4.3868,1
-0.77022,-0.29183,1
-2.2714,0.55108,3
2.557,1.0698,2
-2.1649,-7.2335,1
-0.10329,2.2812,2
-1.1757,-1.1003,1
3.4794,2.3769,3
-1.2925,2.1209,3
-0.7077,1.4671,3
2.9633,-1.0817,2
0.67881,-0.29789,1
0.13761,-0.035559,2
3.7399,2.0612,3
0.35414,-1.8893,3
-2.774,-3.8759,1
-0.33549,4.5394,3
0.73039,-3.3862,2
0.81128,0.47206,2
1.033,0.98052,2
3.5427,5.0443,3
0.60025,0.71084,2
2.8941,3.1441,2
1.6934,0.21074,3
-1.6897,0.59154,3
-4.3966,-3.856,1
1.4572,0.30717,3
-0.38986,2.279,2
3.5556,1.7538,3
1.0871,-4.2154,2
-0.077303,1.6072,1
1.4672,0.089331,1
-2.597,0.36418,1
3.3328,0.52784,3
-0.20747,0.69429,2
2.0401,1.3826,3
-0.9614,-0.055717,1
1.2642,0.59522,3
1.0338,2.6182,3
0.93209,-1.3786,3
2.2161,-3.0258,3
-1.2084,-1.0021,2
2.0159,-0.74527,2
0.5521,2.2614,3
1.1627,-2.3745,2
0.93906,-1.4558,1
-0.79167,0.24815,2
-2.1775,-0.73143,3
4.0092,-2.1994,3
-4.5953,-1.3482,1
-2.3437,0.60349,1
0.38042,-3.4091,1
0.98039,-2.1088,1
-1.397,-2.0447,2
-2.37,1.757,1
2.0436,3.6728,3
-1.7672,-4.1404,2
-2.8344,-0.90178,1
-3.0576,-0.8066,2
0.14725,0.11668,1
3.9712,3.246,3
1.0486,0.92457,3
0.79626,0.36385,1
-0.13442,-2.3682,2
1.2041,1.0571,2
0.94842,-1.4159,3
3.3677,-0.94895,1
0.55785,-4.7751,1
0.59131,-0.31957,3
5.7263,4.2455,3
3.0698,0.92305,2
0.2583,0.74658,1
-1.5354,-1.2509,1
-0.76165,1.7044,3
0.27315,-2.1673,2
-2.5405,-2.7256,3
-3.278,0.030908,2
1.9537,-2.2777,3
2.256,3.2298,1
0.74219,1.5024,1
1.1734,-1.7941,2
0.18353,1.1673,3
0.58389,2.4356,2
3.5822,2.0538,2
0.4724,-4.416,1
2.329,0.83147,1
2.1032,5.439,3
4.7946,3.724,3
1.5254,-0.53589,1
-0.79507,0.82567,2
-1.866,-1.5702,2
-2.6868,-1.9633,2
1.9728,0.71178,2
0.69316,-0.47747,3
0.10443,0.87975,1
-2.2163,0.40262,3
-1.3497,-4.089,1
1.2186,-0.88676,3
-2.933,1.9983,3
3.134,2.5247,3
-2.4101,3.5087,2
2.4351,1.6023,2
-0.36165,-0.8979,1
1.7639,2.1009,3
-1.5682,-1.2335,2
-2.3067,-6.0234,1
4.4831,2.1903,3
1.3514,4.9766,3
0.72178,2.1674,3
1.7059,0.29216,2
-0.62552,-3.5668,2
-1.5223,2.5601,3
0.23,0.76754,1
-2.6489,-2.7586,3
0.57938,0.52127,1
1.0289,-3.2298,1
1.2778,4.7339,3
-4.2899,-4.6213,1
0.59443,1.5646,2
-0.42238,0.44372,1
-0.34164,0.85893,3
-0.97359,2.6715,3
-3.2548,-2.3567,1
-1.8062,0.3554,3
-2.1727,-3.8441,1
-0.11826,-2.2847,2
0.015712,3.3102,1
0.55635,-1.0079,2
5.1305,-2.0698,3
1.2701,-0.99597,3
-0.58956,-2.4192,1
-2.0351,0.41501,2
4.83,3.8419,2
5.6675,0.74498,3
2.6173,3.7959,3
0.95115,1.7446,1
-1.2885,-2.4121,1
-1.1648,2.6713,3
4.2076,-1.1631,3
-2.4016,-3.8931,2
0.90713,0.058009,3
2.834,-0.12047,3
-5.2273,-1.4758,3
0.24598,1.7632,3
1.0666,-2.2495,1
0.69739,1.3813,3
-0.73787,2.7294,3
0.88365,0.23065,3
2.1596,3.5314,3
-0.10024,-0.66243,3
-0.6454,-1.8501,1
-3.0862,0.7757,3
3.6504,1.379,1
-0.20369,-3.4586,3
-2.645,0.32493,2
0.30402,-1.7306,3
0.48179,0.61493,3
-1.0335,-2.6242,1
-3.2325,-4.017,1
-2.4866,1.6537,2
-2.3085,1.1992,3
-0.12757,2.1171,2
4.6287,2.5197,3
-1.2225,-0.56474,1
-2.0598,-0.4114,2
-1.2279,-2.4535,2
-1.3392,-1.677,2
1.0897,-1.0088,1
-1.4104,1.2006,2
-3.0065,0.029085,1
-3.0135,0.50818,2
0.17966,2.638,1
-2.2292,-0.30009,1
-2.66,-1.6278,1
-1.4481,-1.592,1
-1.1888,2.1383,3
4.686,-0.93282,3
3.9016,0.17278,3
4.5001,2.8972,3
2.7078,2.8711,1
-0.20372,0.68389,2
-1.6774,0.72227,2
2.1583,1.3993,2
-0.41633,-1.5457,1
0.40007,-3.4577,1
1.0132,3.0096,2
-1.0136,4.1461,3
2.8687,0.19125,3
0.95725,0.10678,2
-1.2373,1.2589,1
1.5078,4.6649,2
0.37902,-2.2699,1
0.055881,3.5532,3
0.18289,3.5749,2
-1.6411,-2.5374,3
4.7661,4.0256,3
-1.9856,-2.4323,1
-0.22878,-2.7237,1
0.74252,-5.0189,1
-0.24886,-0.65561,3
0.22186,-2.8677,1
1.5648,-1.6706,2
-2.4006,-0.22819,1
-0.5867,-3.5412,3
0.37882,-1.0767,3
-1.29,-2.3352,2
-1.6144,-1.8921,1
-0.066659,-3.4756,2
-3.7701,0.52613,2
-3.3232,-6.9312,1
-2.1081,-3.7113,2
-0.61102,-0.82472,2
0.87012,1.4138,2
2.1296,2.4629,3
2.1107,1.7286,3
1.8112,2.7125,3
-3.2228,-3.5796,2
-3.1825,0.91447,2
1.5782,0.42148,1
-0.40919,-4.0189,1
-1.9706,3.629,3
-0.19084,-0.58281,2
0.37704,-1.1289,2
-0.32934,-0.61335,3
0.3359,1.548,2
0.53412,3.2953,3
-5.3098,1.3141,1
0.3602,-1.9526,3
1.8896,0.2165,3
1.4877,2.6561,3
-2.9351,-1.9962,1
-2.2483,-3.0659,1
1.6814,3.8982,3
0.57766,1.5968,3
3.3339,3.5045,3
-4.228,-4.484,1
0.085859,0.12716,2
2.3295,2.9635,3
-1.7735,-0.65633,2
-2.4409,-0.52494,1
-0.31144,1.7917,2
4.3604,1.1644,3
0.97552,1.477,3
2.7664,3.0315,2
0.24944,-1.1033,1
1.768,0.66603,3
5.4483,-2.2639,1
-1.5089,-1.4048,2
1.3154,0.28458,3
2.139,1.5786,2
-0.32393,1.281,2
-4.4909,1.7988,1
2.849,-3.6041,3
-3.4694,-1.3374,2
-0.41478,1.8809,3
0.010433,-1.8801,3
-1.3192,0.38042,1
1.9759,-3.3058,1
0.7124,-1.2273,2
-1.7807,-2.8621,1
-2.2894,-1.4868,1
-2.9322,-1.9611,1
-0.011301,-3.0668,1
-1.1717,0.18056,2
-3.4709,-0.41254,1
-0.31222,1.6764,3
-1.8206,0.67342,1
0.78959,1.728,1
0.76798,3.6112,2
-4.2612,1.9665,2
-5.9625,2.9018,1
2.6313,1.0826,2
-1.9088,-2.5198,3
1.3386,-2.478,1
-2.0637,0.46545,1
-1.4817,1.0451,1
-1.0714,-1.4671,1
2.47,-2.7234,3
2.941,0.21096,2
-1.0751,-0.12394,1
2.5607,-0.73962,3
3.531,2.9812,2
3.2138,0.084159,3
2.9398,0.19065,2
-1.1661,-0.98481,1
1.1297,1.0772,3
-1.7956,-2.9635,2
2.293,-3.1914,2
-0.89569,1.4612,2
-0.67689,-1.1902,1
3.6797,-1.0315,1
-3.1414,0.46743,3
-1.2485,-0.25356,3
0.35946,-4.5927,2
-3.476,-2.2025,2
-2.1817,0.034045,3
0.58141,-5.9154,1
-2.3309,0.048823,1
-5.4635,-3.0253,1
1.5057,-0.53602,2
4.071,4.8512,3
0.48058,-0.053574,3
0.71085,-1.5849,1
-2.0327,-0.59163,3
-2.6545,-1.2719,1
-1.8781,-3.7141,2
-1.0139,2.0292,3
-1.2128,-3.3814,1
1.3992,-0.44006,3
1.9041,3.1672,2
-2.3611,-1.7453,2
-1.7892,2.7226,1
-1.0372,0.36522,1
4.2197,4.1192,3
-1.831,-3.3566,1
-2.0999,-2.3659,3
-2.0414,-2.0441,1
-1.4212,4.8337,3
2.5496,2.3994,2
-1.9004,1.5715,3
-0.63624,-3.9586,3
0.24709,1.9243,3
-0.6702,-0.99878,3
5.5118,2.2452,3
-5.6424,-2.3788,1
2.4187,-5.148,1
-1.9529,-2.5803,3
1.0379,0.59752,2
-3.0642,-2.7901,1
-2.532,-1.1373,2
-4.005,-3.8816,1
-1.9881,-3.106,3
-5.131,-2.5252,1
-4.0391,-2.9534,1
0.33332,0.74827,1
3.9138,-0.71501,1
-3.0339,-0.20608,1
3.3447,2.5848,2
-2.0751,-3.4108,1
-1.7668,-3.4668,1
0.64057,2.7774,3
2.6194,-0.72004,2
5.8606,2.1721,1
0.10417,-0.5738,3
1.8452,-0.91365,2
2.0747,-2.0832,3
1.1067,3.1656,3
4.6829,-2.8043,1
-0.89841,5.6689,3
-1.9039,-3.2287,1
3.1883,0.53003,3
2.8773,-0.20988,3
-0.91781,3.6959,3
-0.29796,-4.1747,1
-0.018034,-1.4139,1
1.3418,-1.7743,1
4.7061,0.793,3
-2.3911,-0.097064,1
-1.444,0.40771,3
-0.15473,0.99513,2
2.8723,-0.80356,1
-2.2078,-3.1496,1
-4.2627,-1.7525,2
2.3183,0.57789,2
-7.0807,-2.4639,1
-0.0061364,0.9215,1
-1.6877,-1.1223,1
0.64438,0.64493,2
-2.1949,0.77059,1
4.7446,-0.65202,1
-2.4709,1.0071,1
-2.5856,-2.6108,1
-1.0402,-4.0975,1
-5.8257,-2.9294,1
4.4475,2.3246,3
-0.60102,0.23081,2
-4.1282,-2.9747,1
3.1931,-1.4109,3
6.5578,4.9323,3
0.68571,3.1275,3
0.011548,1.5732,3
-1.0647,0.83478,3
1.8459,0.50607,1
-2.0822,0.37692,2
4.9811,6.0008,3
1.2441,0.71192,3
2.8778,-1.0879,2
0.87564,-1.4646,1
1.1539,4.8387,3
-1.2937,-4.8223,2
0.79545,-1.0062,3
0.19948,5.825,3
-2.4892,1.3078,1
1.3586,0.45737,2
0.34316,6.3172,3
1.5897,1.7537,2
-2.4969,-1.9808,1
0.362,-1.6641,2
1.7544,1.863,3
1.419,1.4388,1
0.13082,-1.0683,3
-1.6206,-4.6946,2
2.3506,4.8544,2
2.3661,0.14367,3
0.93849,-1.9407,2
-1.7578,3.9066,2
0.92305,1.8402,1
-3.9475,-0.64784,1
-4.8927,-2.8143,1
2.0103,3.2971,3
-1.3165,-4.2273,2
3.1301,1.9829,3
0.098082,0.26107,3
-2.7251,-0.57979,3
1.7215,1.9912,3
-3.0917,-0.80525,1
-2.4152,-4.1848,2
-0.41338,1.536,2
0.075532,0.19392,2
-1.5343,0.25602,1
0.89701,-2.6987,3
-3.254,-2.4087,1
2.2451,-2.486,3
0.64443,-3.3242,1
3.6017,4.5409,2
0.14293,0.84092,2
3.9632,0.30077,3
3.8416,0.88109,1
1.8293,-3.5524,3
-2.0399,-0.78175,3
0.20729,0.79703,1
1.315,1.1306,3
2.5696,0.32003,2
-0.58912,0.4488,1
-1.7149,0.82348,3
-0.67599,1.3094,1
-2.4127,-2.1711,2
-1.6813,-3.2294,3
-0.59334,-0.36411,3
-2.5767,2.1972,2
1.9377,-0.74119,3
2.3336,6.0668,3
-2.1414,-1.3499,1
-3.6625,-1.4048,2
-0.11462,1.1462,2
1.8114,0.9186,3
-5.0877,-2.1496,2
1.207,1.4064,2
-0.57235,1.645,3
2.8675,2.6794,3
-3.6332,1.1334,1
0.41067,-0.59523,2
-2.5379,-0.50563,1
-2.0138,-4.7938,2
-1.2233,-1.9407,1
-1.6236,-3.6859,1
2.9867,0.71211,2
1.4625,1.9146,1
-3.9538,-4.6377,1
-2.5193,0.46399,2
0.4976,-0.2786,1
-4.2765,0.67587,1
2.8805,1.9003,3
4.9177,0.15958,3
-1.039,-2.3768,2
-2.5187,-1.0613,2
2.7699,2.3712,3
2.6703,5.2505,2
3.2744,2.9325,3
-2.9723,-2.0932,1
-5.0727,-4.1427,1
0.85654,2.5519,1
-1.975,2.1275,2
3.5701,-2.0827,1
-1.4446,3.1126,2
4.6227,1.5275,3
2.2878,-1.0741,2
-3.6926,-3.6275,2
-4.4728,-1.7695,3
0.39879,0.33462,3
-5.824,1.1344,2
