-0.77693,2.7183,2
-1.1462,0.90752,2
-1.0501,-1.0376,2
1.3014,2.1853,2
0.20935,-3.5614,2
-0.65626,-0.49092,2
3.229,-1.3609,2
0.13062,1.0617,2
0.32732,1.0461,2
-1.3244,0.34226,2
3.7992,-1.2558,2
-1.0986,-1.9478,2
-0.63272,-1.5267,2
0.50398,-0.37106,2
-1.9891,2.0653,2
1.1031,-2.6459,2
4.9253,2.6936,2
3.7836,1.07,2
4.7603,0.32978,2
-2.7282,-0.41874,2
0.66149,1.1898,2
-1.9863,-1.5133,2
-2.5668,1.0045,2
-0.27873,-0.59081,2
-0.43001,0.31738,2
-1.2774,1.5603,2
2.6482,3.6484,2
-1.4046,4.9595,2
0.97196,-1.4109,2
-0.89473,-0.36558,2
-1.3915,-0.86299,2
-0.43272,-0.92422,2
2.9873,0.10465,2
0.79936,-0.25011,2
-2.8504,-1.6414,2
-1.9136,-2.5166,2
0.67259,-0.42626,2
-1.2962,3.9408,2
-0.16743,1.2882,2
0.5214,-2.074,2
3.4885,-0.85898,2
-1.76,1.0131,2
-0.076,-3.6743,2
2.1953,0.70062,3
3.4705,2.5092,3
0.20306,-1.8137,1
-1.3902,1.7599,2
-0.95927,-1.1858,2
0.96051,1.0946,2
-4.6809,-3.3098,2
0.10959,-2.8807,2
4.4645,0.85061,2
-1.3048,-0.78552,2
-2.1749,-0.86686,2
1.476,1.1654,2
1.5158,0.55332,2
-0.52022,-0.0064475,2
2.236,-0.93929,2
5.1809,-2.5832,2
2.2251,1.7993,2
4.0032,0.75571,2
0.97691,0.35716,2
-1.0699,-5.6619,2
-4.7475,5.3188,2
-0.19583,0.42928,2
2.8531,4.2169,2
0.7577,0.50959,2
2.1392,2.199,2
1.9123,-0.49662,2
-0.15879,-2.3908,2
-0.99657,2.4443,2
-0.71963,-2.1762,2
0.37735,-0.87092,2
-0.64273,0.22736,2
-1.8363,0.012121,2
-2.2425,-1.4861,2
0.83315,-2.4012,2
2.9374,1.7617,1
-2.358,0.44557,2
-0.71033,0.33161,2
7.2254,-1.7075,3
0.29025,1.7907,2
-0.95259,1.0334,2
-0.57549,3.064,2
4.7317,0.62491,2
-0.078093,4.454,2
-0.68228,-2.8104,2
2.8529,2.3846,2
-0.62122,-3.0673,2
-1.0616,-1.034,2
0.89748,-0.55194,2
2.0928,0.14919,2
-0.27637,-0.43373,2
0.75137,3.2214,3
2.0914,2.3848,2
4.1672,-1.0957,2
1.9034,2.945,2
2.3243,2.9619,2
-0.030783,1.8779,2
-1.1402,-1.4494,2
2.3232,-0.58575,2
-2.585,4.3641,2
1.6647,-2.9723,2
1.9904,-1.8461,2
2.7649,-2.2753,2
-4.0321,0.045833,2
1.9518,2.0259,2
3.4601,0.32643,2
-0.80352,2.9869,2
2.2158,0.29059,2
0.3718,-0.85917,2
-1.7256,-0.35512,2
-1.72,-2.3205,1
3.8535,4.4153,3
-0.1783,-0.024708,2
-1.6254,-0.76304,2
-1.5201,0.33388,2
1.2272,-3.6365,2
-2.0499,0.82483,2
-1.0781,-0.61839,2
2.5721,-1.3162,2
-1.8432,0.38298,2
0.81737,-1.4032,2
-2.1055,2.4001,1
-2.6754,1.7854,2
-3.8082,-0.70141,2
0.83918,0.84369,2
-0.18264,-2.9375,2
0.48445,4.9464,2
-0.037655,-0.35692,2
-0.20269,-3.9007,3
-4.1344,-0.24097,2
3.62,1.6752,3
0.035306,-1.3367,2
-0.63964,1.3677,2
0.087448,1.3891,2
1.1691,-2.3759,2
-7.3558,-6.7964,2
-1.3855,0.029772,2
1.5819,0.28528,2
-0.96982,3.2476,2
2.4238,-2.7501,2
1.1817,1.0581,2
3.8234,1.7952,2
1.7087,-2.5186,2
2.5195,-3.1682,2
2.9995,-0.80979,2
3.3002,3.0565,2
0.64539,1.5473,2
0.82509,3.7026,2
2.7004,-2.6039,2
-2.6628,-1.8107,2
-1.3497,-4.0649,2
-0.19459,4.1808,2
-1.3123,-0.78419,2
3.8157,-0.18969,2
-0.60377,-1.9294,2
5.6743,-1.2711,3
3.5232,5.1713,2
0.91664,2.0887,2
-4.0316,-3.8639,2
-2.5452,0.56406,2
-1.8937,-1.9557,2
-4.9168,1.549,2
-1.5249,-2.4828,2
0.87377,-3.3774,2
-0.27957,-1.3049,2
1.5884,-3.0432,2
-1.8224,1.0186,2
3.0874,-1.6476,2
-2.626,0.58618,2
4.3675,4.0142,2
-0.79459,2.3147,3
4.921,0.79009,2
1.4198,-3.4864,2
0.48934,-1.9732,2
1.8985,4.2081,2
1.8993,3.4837,2
3.4883,2.9958,2
-0.49207,2.5035,2
1.9799,0.66405,2
4.1543,-1.3516,2
-2.6749,-0.48801,2
3.76,3.0361,2
-1.3605,-0.31902,2
-0.5184,1.4236,2
2.9147,-0.24568,2
-2.4225,-3.9663,1
1.0897,-1.4688,2
2.7797,3.8024,2
-0.50529,3.0968,2
-2.5028,-1.241,2
-1.3515,-3.071,2
1.6416,1.1129,2
0.50455,-1.406,2
1.8918,-2.3145,2
-4.6481,-2.0418,2
-1.2111,0.42957,2
-0.60785,-6.6761,2
0.12592,-1.4526,2
2.7888,2.7981,2
2.4885,0.66747,3
-1.1904,1.9566,2
-4.3752,-3.7427,2
3.946,2.3494,2
1.2403,2.8096,2
4.6049,-0.021939,2
-2.5772,2.7834,1
1.6411,-0.39443,2
2.1309,2.8646,2
0.59068,0.016685,2
0.73166,2.6574,2
1.4122,-1.1478,2
3.8704,-0.48246,2
-0.61623,1.6934,2
1.7029,2.9744,2
2.0714,-1.7544,2
-3.5688,-1.2062,2
2.9412,1.604,2
3.6891,1.5008,2
-2.5574,1.4812,2
-0.14968,-1.0324,2
0.83389,4.5483,2
-1.0875,0.77135,2
2.9174,0.72128,2
0.84879,-1.0688,2
-3.7803,2.4162,2
-0.43981,-0.017778,2
-3.5911,-0.32316,2
4.3985,-5.1834,2
1.5639,-0.088698,2
-3.2277,-2.8425,2
-0.59865,0.12682,2
-3.0596,0.62556,2
-3.1879,1.7799,2
2.1748,-2.3274,2
3.5298,4.0623,3
-2.0457,-0.043928,2
1.4993,-3.1191,2
2.988,-3.7518,2
0.56898,-2.4361,2
-1.7771,-0.90461,2
1.9333,0.72555,2
-4.142,-0.58492,2
2.2479,3.1615,3
1.8289,0.54608,2
-2.0495,2.209,2
4.4676,0.57467,2
-1.4025,-6.058,1
-0.39895,-1.7032,2
0.36716,2.3734,2
1.7781,-0.24958,2
-1.0214,-4.225,2
-1.8682,3.0547,2
4.2734,2.0199,3
-0.17063,-2.2252,1
-0.29415,0.83025,2
-0.33744,2.1721,2
-1.7236,-4.4583,2
-3.7983,-4.7126,2
1.7603,-2.8278,2
-2.4445,-1.9704,2
-3.1464,0.62359,2
1.657,-0.80111,2
-1.7781,0.52056,2
0.82725,0.024606,2
0.93605,-2.0177,2
-0.0191,1.9382,3
0.23483,-3.625,2
-0.3843,1.2169,2
0.98448,2.0763,2
-2.2483,2.2825,2
0.71052,-0.022037,2
3.7137,2.4565,2
6.4834,3.5456,2
4.5506,-0.067686,2
0.081012,1.6181,2
2.017,-0.52361,2
-1.2822,0.17135,2
3.1511,0.68831,2
-1.3046,1.1442,2
-2.7756,-2.5477,2
-0.016651,-1.4151,2
-2.4187,-2.5119,2
-0.8252,-1.4767,2
6.5586,-3.2697,2
3.1073,-3.5087,2
0.51986,3.6409,2
0.26817,1.5291,2
0.8837,-1.4418,2
-6.9951,-1.9379,2
3.8939,-0.48191,2
1.9034,-1.7415,2
3.0585,0.32168,2
-0.74699,0.96379,2
-1.1722,-0.67679,2
0.47783,-3.4472,2
0.77093,-1.0658,1
-1.1627,-1.5038,2
2.0374,-1.7818,2
1.5469,1.5057,2
2.7731,-0.38045,2
-1.3215,-1.9307,2
1.9359,-0.82606,2
-1.1035,0.39309,2
2.6639,-0.9454,2
3.812,7.2567,3
4.1776,1.5268,3
-1.8716,-0.52726,2
3.0957,0.85218,2
3.9797,-4.2633,2
1.1543,0.89409,2
4.2868,1.9956,2
-0.15335,1.1847,3
-1.3771,-2.3769,3
0.36586,2.6218,2
1.4006,-0.70208,2
-2.4063,-1.516,2
2.0343,-0.59526,2
-0.43182,-2.6549,2
1.1768,2.0778,2
1.056,0.13999,2
-1.9652,-5.2423,2
-2.8087,-0.11769,2
-3.1017,-0.13006,2
1.6316,0.24741,2
3.419,-3.1635,2
-2.1731,1.0184,2
-0.8127,-0.054405,2
-1.7986,-3.5364,1
-1.9826,-3.0768,1
4.4853,-2.5341,2
-1.2417,1.6579,2
-2.1428,-0.36816,2
0.56211,-3.3559,2
0.67553,-1.0076,3
0.75403,-0.68256,2
1.8873,-2.402,2
-6.6184,-2.6232,2
1.3917,0.26648,2
-0.4116,-2.2374,2
-2.1923,-2.0377,2
-2.0394,2.5523,2
-0.24318,-0.27739,2
-1.0846,1.1134,2
4.9668,2.9291,2
-3.0392,0.090974,2
2.6087,-0.44512,2
-2.15,1.0023,2
-1.4989,-3.991,2
3.6923,1.0881,2
-2.3546,-3.1517,2
-1.2021,-1.5868,2
1.3765,0.78774,2
5.4453,1.0114,2
-1.7261,-3.4409,2
1.5973,0.96622,2
0.026566,-1.8175,2
-0.70381,-2.5907,2
-1.4369,0.40541,2
-0.52739,-2.8912,2
-1.0818,-5.0065,2
4.6721,4.2164,2
1.9016,-0.38515,2
-1.1327,-3.8164,2
-0.18646,-1.4433,2
1.0572,5.7591,2
1.2201,0.012846,2
-1.5439,-1.9137,2
-0.44558,-0.22563,2
0.95637,-3.9633,2
4.9574,1.8958,2
0.7177,0.50002,2
1.8485,-2.3132,2
-0.16262,0.13521,2
2.159,2.313,2
-2.9673,-0.62846,2
-5.0479,-3.2684,2
1.5957,-0.83139,2
-0.32141,-1.4859,2
2.1184,-0.66416,2
3.0527,-2.1792,2
-0.98387,0.65844,2
2.7345,1.7446,2
-1.1144,-3.281,2
-1.3229,1.5892,2
-5.4404,-1.7915,2
0.70425,-0.75659,2
-3.1664,0.57085,2
-1.4688,1.8735,2
0.2444,-1.5745,2
1.5069,2.9939,2
1.931,-0.57622,2
-0.2632,-0.83008,2
-1.407,-1.275,2
-2.5506,-3.6838,2
-1.7223,0.38162,2
0.91605,-3.8779,2
-0.3835,0.16008,2
2.6924,4.109,2
0.33365,2.9803,2
-3.9441,0.17346,2
0.59379,-0.34233,1
0.72453,0.82953,2
2.6517,-1.5747,2
6.219,2.4761,2
-2.6007,0.12599,2
0.88872,0.68233,2
-4.2822,-2.1673,2
2.8635,-1.5624,2
-0.97938,-4.4209,1
1.1524,4.0446,3
2.4396,0.9169,2
1.4589,2.8541,3
2.6724,1.8242,2
0.91577,-3.1767,2
-1.2659,1.2674,2
-3.1953,1.201,2
-1.0536,-1.8979,2
0.47375,3.46,2
-0.70904,-1.2939,2
-1.3474,-0.2459,3
1.0964,-0.57508,2
-1.2911,-0.80393,2
1.4536,0.54139,2
1.335,-2.6415,2
-3.1669,0.49412,2
0.60453,-0.23925,2
-1.3884,1.1724,2
0.65688,-1.0736,2
-4.3156,-2.1275,2
-0.13739,-4.0726,2
-2.7548,-3.3135,2
2.6636,-1.9621,2
0.038834,0.73714,2
-1.6057,-3.6888,2
2.1599,4.002,2
5.2683,5.781,3
0.4693,1.8286,2
1.8652,-5.7797,2
-1.1215,0.81769,2
0.478,2.3685,2
-2.2818,0.57117,2
0.29353,0.56929,1
-0.89534,3.4546,2
-2.5782,0.14304,2
1.7871,1.7879,2
0.083997,-4.8839,2
-2.3166,3.3308,2
3.6667,1.9401,1
2.2742,-0.81393,2
4.0556,3.5058,2
0.89282,-2.5947,2
-0.025624,-1.7271,2
0.64257,-2.5951,2
1.5033,-1.2868,3
-2.6992,-2.0121,1
1.1269,-2.5135,2
-6.8288,-3.7302,1
-2.1269,1.2808,2
-4.4247,-1.976,1
-0.64098,1.7621,2
1.4117,-3.6395,2
1.2953,0.33909,2
2.1872,5.9219,2
4.3555,6.3873,2
-2.4363,-1.8146,3
-1.9377,0.20111,2
1.3765,1.368,2
3.467,2.6001,2
-3.7505,1.1805,1
-0.48804,-0.69289,2
0.093202,1.2916,2
4.3352,1.9596,2
1.209,0.3925,2
-2.7723,-0.48047,2
1.1399,1.7317,2
2.86,1.1848,2
-0.63793,4.3936,2
-1.7243,2.7446,2
-3.155,-1.1265,2
-0.4336,-1.4771,2
-1.0298,2.2154,2
-2.1332,0.97445,2
-0.32486,4.3022,2
1.1746,0.61186,2
-1.8991,0.96294,2
0.54342,2.1263,2
-1.2587,-2.5251,2
-0.91093,-0.93369,2
-3.6536,-2.4103,1
-2.6863,4.2364,2
2.2498,-0.28635,3
1.4661,0.97889,2
1.1665,0.35555,2
-1.3804,0.071205,2
-0.056967,4.0103,2
-0.75913,-0.28131,2
-0.81124,-3.8691,2
2.0329,2.1414,2
-0.56023,1.3224,2
-1.4802,3.7711,2
1.0661,-0.46061,2
-1.2456,0.58281,1
1.1064,1.361,2
-1.4175,2.3784,2
-5.4626,-3.4101,2
0.071365,1.2893,2
1.9543,-2.3257,2
1.6423,0.63682,2
-2.7726,1.2954,2
1.0723,0.050919,2
-0.26994,4.8403,3
-2.4414,-0.70778,2
-3.3326,4.4903,3
1.1701,2.7422,2
1.8922,1.0724,2
0.55664,-4.362,2
-0.22878,3.4269,2
0.021796,0.0061183,2
-0.50007,-0.08525,2
2.8727,-0.71742,2
-1.8908,1.5718,1
-1.8358,-4.745,2
1.2378,3.7091,2
0.14889,-0.92084,2
-1.9278,-1.9063,2
-0.93636,-0.74878,2
-0.42596,-0.075001,2
-1.4506,-1.0554,2
0.071787,-2.273,2
-3.2729,-0.44876,2
-3.8901,0.91194,2
-0.8395,2.8024,2
-0.84848,0.82192,2
-0.81629,-2.2053,2
-1.1306,-1.328,2
-1.9081,-0.92516,2
0.17422,1.1078,2
-0.73992,0.71597,2
1.4789,-2.0149,2
-1.6463,-5.8466,2
-0.80609,1.6335,2
2.3309,1.4727,2
1.4422,2.4331,2
-2.2826,-0.21557,2
2.3575,2.5442,2
3.8473,0.81108,1
-4.6713,-4.484,2
-0.77029,0.31323,2
2.2377,-2.4015,2
-0.73879,1.9485,2
0.57664,-0.76048,2
1.8486,4.3657,2
0.47201,0.23988,2
0.73124,4.6593,2
-0.41084,2.3737,2
0.047011,-0.37438,2
2.4094,0.99577,2
-0.79697,-6.1393,2
-2.3197,1.7992,2
-2.409,2.2151,2
-0.29077,2.8128,1
-2.8677,3.4687,2
2.6907,-1.2573,2
2.4554,0.19832,2
-1.1436,3.7767,2
-0.70478,-0.2048,3
-1.1576,0.40942,2
0.23174,-4.3747,2
3.3434,-0.048084,2
-3.1219,-0.64419,2
1.2802,-1.4696,1
-2.6982,2.7852,2
1.4993,0.65023,2
1.6102,1.132,2
1.7541,-2.4136,2
3.3561,2.2433,3
-0.24634,-0.27262,2
1.4956,-0.77068,2
2.2698,-0.044275,2
-0.4403,2.9216,2
1.0303,-0.19913,2
-1.6303,-2.9035,2
2.0127,3.3791,2
1.9585,4.0076,2
2.6953,0.6513,2
1.3805,0.65682,2
-1.1658,-0.77393,2
-3.2178,-0.74117,2
-0.032179,1.1199,2
-1.7852,-1.1927,2
-0.5435,-0.30835,2
-1.8126,-1.2058,2
-0.53693,-0.77476,2
-1.56,1.4618,2
-0.58876,2.4264,2
1.4568,2.9153,2
-3.8387,-1.4716,2
-0.081037,0.24638,2
-3.1475,-4.1075,2
-2.4239,-0.21359,2
-0.42722,-0.3252,2
1.5371,0.47515,2
2.3614,-3.4779,2
3.6738,2.0513,2
-1.1771,0.7706,2
-1.5201,0.29504,2
1.0893,-0.11106,2
-1.6669,-2.6833,2
1.011,3.5599,2
2.2218,0.62185,2
-0.20345,1.1193,2
1.8665,-1.4107,2
-1.6335,-0.48361,2
0.023724,1.2656,1
-0.5371,0.57216,2
3.6896,-0.8425,2
-0.72819,-1.6946,1
1.2157,-2.9391,2
3.9026,-0.6627,2
-1.3139,2.0525,2
3.4789,-0.31474,2
-0.67508,-3.9132,2
-1.012,-0.58175,2
-0.7619,1.8838,2
-2.0458,-1.4817,2
-1.5663,0.37633,2
-2.7567,1.9826,2
-3.4499,-3.0374,2
3.1113,1.3121,2
2.0751,-0.98793,1
2.5181,-0.11262,2
2.6689,-1.4736,2
3.1502,-1.1429,1
-2.7524,-0.32115,2
2.1083,2.9868,2
3.539,1.8211,2
0.08811,2.5485,2
-0.16071,2.3511,2
-2.4385,-3.587,2
4.4869,4.0228,3
0.20298,1.4755,2
-1.8988,2.9988,2
-1.5242,-1.9448,2
1.3362,1.3384,2
0.11652,2.46,2
-0.63256,1.2855,2
1.2159,3.7189,2
1.441,0.75305,2
-3.3062,-1.9035,2
-0.88214,0.89281,2
0.37197,-1.2563,2
-2.7637,-4.0832,2
2.8436,2.2376,2
0.31871,0.015432,2
0.51208,-0.077333,2
2.8749,-1.0097,2
1.5533,1.8997,2
0.11213,-0.6876,2
-0.019574,0.6765,2
3.1028,3.8519,2
-0.1156,-1.4603,2
3.8686,2.7283,2
-1.4325,3.1755,2
-1.4611,-0.77921,1
-0.31045,-0.80179,2
-1.1505,1.5556,2
-0.89112,-4.0389,2
0.71476,-2.8978,2
4.1007,-2.722,2
-2.9059,0.53412,2
-0.54231,-0.12579,2
0.36596,3.0718,2
6.6437,0.65523,2
-1.1566,-1.0698,2
1.4888,1.7418,2
-1.2077,-0.10853,2
-2.425,-3.5076,2
6.6414,7.4485,3
-2.9769,-1.9273,2
3.2178,1.6459,3
-2.594,-2.0182,2
0.74813,-4.79,2
-0.60684,1.8532,2
-0.82381,1.0992,2
-1.2784,1.1344,2
1.5024,1.2063,2
4.8584,-2.2133,2
-0.27052,2.1223,2
0.70319,0.74781,2
1.9727,1.0479,2
1.0213,2.5229,2
3.1008,-1.7657,2
-0.58569,1.0287,2
1.3785,2.2873,2
-1.2507,2.6673,2
0.022048,-0.88107,2
0.70965,-1.4914,2
-4.6847,-0.1766,1
0.098558,0.80727,2
0.1339,-3.6163,2
-0.23154,-4.0468,2
-1.1448,-3.2661,2
-1.7738,-1.3367,2
1.8668,5.1625,2
2.8535,1.5422,2
-2.8274,2.947,2
0.020016,1.1431,2
-1.3294,0.71681,2
0.10767,-1.008,2
2.9305,-0.36736,2
-4.931,-5.1215,2
-2.014,1.0371,2
1.6276,-0.63637,2
1.6556,-1.9863,2
-0.31749,-0.60571,2
4.2504,0.91314,2
-1.5513,1.5057,2
-2.4654,-2.0307,2
-3.133,0.84388,2
0.090552,-0.79554,2
1.9724,0.31497,2
-3.554,1.4294,2
1.6562,-2.5464,2
1.8875,0.22104,2
1.0319,-1.7209,2
1.1403,-1.1167,2
-3.8766,-3.3389,2
0.79907,2.3848,2
3.2659,-0.19221,2
-4.1037,-6.3145,1
-0.1824,-2.4814,1
1.2128,-0.77046,2
3.7644,6.1082,2
0.16572,3.3926,2
-3.6341,1.4501,2
-2.6568,1.5191,2
-1.4399,-0.29993,2
-0.46537,0.49204,1
3.7116,-1.0749,2
-0.25397,-3.7246,2
-2.9996,-3.9032,2
-2.3526,-0.41684,2
1.4298,-1.5809,2
4.1899,0.53405,2
-3.7243,-0.89919,2
-1.5067,-0.33601,2
2.506,1.9306,2
-1.8184,4.8392,2
0.81139,0.50655,2
-3.147,-0.13381,1
1.1265,0.92817,2
4.2689,1.7826,2
-0.23785,0.71135,2
-1.4368,-6.3757,2
-2.3701,-0.10401,2
-6.8321,-1.1718,2
2.9753,2.9374,2
1.1732,-1.4862,2
-0.8134,0.24987,2
-1.9553,0.30776,1
-3.1509,2.6175,2
-1.2443,-1.8467,2
-2.8955,-1.1254,3
-1.1776,-0.55634,2
0.58038,-1.137,2
-3.6632,-0.81603,2
-0.99617,0.0030325,2
-1.4723,0.12442,2
0.10379,0.7389,2
-0.39434,-3.7518,2
0.95852,-2.9731,2
-4.5299,0.43777,1
2.5874,-1.4378,2
-1.2944,-1.9727,2
4.0896,-3.0123,1
0.11339,3.2314,2
3.5394,-1.0237,2
2.0722,-0.90183,2
1.8624,0.43864,2
0.38183,4.1849,2
-0.97081,0.58557,2
2.9332,-0.038111,2
-1.018,-2.5378,2
1.1507,-2.8459,2
1.3305,4.0068,2
-3.6241,-0.28611,2
-2.0468,1.0465,2
-0.32367,1.154,2
-4.8483,-0.28033,2
-2.7213,-0.27058,2
-0.27095,-1.3078,2
0.50796,0.29922,2
1.0759,1.3339,2
2.4425,7.7644,2
-2.129,-0.75255,2
4.0905,-0.60668,2
-4.7239,-1.1359,2
1.6622,1.0415,2
-2.8102,1.6289,2
0.66622,-1.2882,2
-4.6962,-3.5172,2
-5.3931,1.9817,2
1.1363,1.2556,3
1.9421,0.48564,2
-0.48968,-2.5829,2
-0.84498,-2.8109,2
1.4179,0.80572,2
-1.3166,1.2929,2
1.522,1.5977,2
2.2806,-1.2112,2
-1.6487,1.0213,2
5.3037,3.9584,2
-1.3295,-1.121,2
-2.6502,-1.1894,2
2.8605,-2.3361,2
0.93352,1.2997,2
3.6288,1.0703,2
-0.48746,-2.3492,2
0.45864,-0.41872,1
3.0031,-0.81596,2
-1.9797,-0.1145,2
-0.36824,-2.3843,2
-2.9107,-3.3884,2
2.6138,2.0149,2
2.7166,-1.4986,2
0.21204,0.13489,2
2.722,-1.9193,2
-1.7448,1.7641,2
3.1819,-1.1038,3
-2.9481,-1.2796,2
2.2227,-3.7892,2
0.39778,0.717,2
0.95614,0.88004,2
0.3377,2.1662,2
-0.1321,2.4729,2
1.4807,-1.8297,2
2.1565,2.2084,2
0.95102,-3.053,2
-1.747,6.3945,2
2.8742,0.00051109,2
2.065,0.7995,1
0.85995,-1.2578,2
-2.7005,-2.1187,2
3.9189,-0.9986,2
-1.1854,-0.78735,2
0.45123,-0.79578,2
1.0119,0.28124,2
-0.47004,-0.71664,2
-2.9309,-0.063715,2
-0.18795,-1.1879,2
0.25765,1.9075,2
-3.7652,-1.5838,2
-0.070007,-0.091394,2
-2.8196,-1.9116,2
1.9121,1.7592,2
1.08,0.86069,2
-1.2367,1.1273,2
-0.96906,1.9831,2
-0.58404,0.23648,2
0.89574,-3.8135,3
1.3402,-0.64028,2
1.0701,4.2748,3
-1.8656,-9.5959,2
-0.43354,-0.80715,2
1.7111,0.024515,2
1.3027,-0.040572,2
-1.8715,1.402,2
4.0845,1.5776,2
0.23699,-0.21026,3
-1.8801,0.40693,2
3.2177,2.257,2
3.2615,3.3071,2
-1.598,0.17412,2
-2.6732,-1.1406,2
5.6261,0.93001,2
-1.5849,-2.9271,2
2.4908,-0.75991,2
2.7646,-5.6808,2
-2.0482,2.8389,2
2.9121,1.911,2
-1.0776,1.5196,1
-1.974,-2.666,2
2.6446,1.8706,2
1.5038,-0.99344,3
-2.4053,0.886,2
-2.6769,-0.84719,2
1.1833,-1.6952,2
-0.55326,-0.10299,2
-0.84947,0.37463,2
-2.023,4.6389,3
2.4829,-0.066308,2
-2.0984,-0.61635,2
1.2854,-1.0507,2
2.3498,-0.27643,2
-1.303,3.2939,2
4.4381,1.5474,3
-2.195,-1.141,2
2.7502,3.1149,2
1.021,1.0674,2
-1.6523,-1.3122,2
1.9392,0.6247,2
-4.9011,1.9353,2
-0.80226,-3.9423,2
-4.5636,0.66901,2
0.76158,1.8562,2
1.5348,-0.7611,2
1.6285,-2.1373,2
-4.0453,-3.8178,2
-3.1741,0.17993,2
2.5303,3.4091,2
-1.8894,-1.9782,2
-0.9025,0.7728,2
-0.75682,-0.25082,2
-1.0632,0.5898,2
0.49656,-0.2605,2
0.63359,-2.1396,2
-0.10058,-0.086793,3
-0.33591,-2.2261,2
-0.52497,-0.025979,2
-0.91454,0.3579,2
0.17478,0.26465,2
-1.2061,-2.6128,2
-0.45248,0.48673,2
1.9214,-0.48787,2
2.9054,7.0706,3
-2.8315,-0.2483,2
3.2216,3.6868,2
-1.6425,1.5545,1
2.7614,0.5161,2
-0.70054,-3.867,2
-2.0941,-1.991,2
-2.1177,1.7556,2
-2.3576,-0.85376,2
1.0257,-3.1377,2
-0.57706,-4.6089,2
-2.6203,-3.9754,1
2.1194,2.4268,2
0.25043,-1.395,2
1.0223,0.60426,2
2.2036,3.2198,2
-1.4786,-3.2141,2
4.4777,0.57379,2
-4.8186,-1.1505,2
3.1121,1.2222,2
-3.4295,2.6883,2
3.4491,-0.47236,2
-1.6407,1.4953,2
1.5306,2.844,2
1.2247,1.0861,2
-2.2596,-1.129,2
2.6355,-1.6748,2
-0.58562,-3.1207,2
1.2926,-2.6324,2
0.11816,-0.34777,2
-0.29701,-3.6088,2
-1.5782,-1.5285,2
2.1603,3.6514,2
0.51336,-0.00726,2
1.036,0.70924,2
1.9308,0.45676,2
-1.3163,-3.156,2
0.95967,0.26101,2
0.20966,-0.020866,2
-3.5649,0.48388,2
3.3153,2.596,2
1.7365,-1.9784,2
-4.5847,-1.3594,2
2.9963,0.78852,2
-1.2055,-0.73687,2
2.8104,-1.0756,2
-0.90217,1.2204,2
0.58755,0.64474,2
-0.98104,-1.8045,2
0.38723,-1.5985,2
2.0217,5.6746,3
0.50899,1.0866,2
2.2815,-3.8272,2
2.044,2.9657,2
0.46477,0.25184,2
-3.9927,-0.91709,2
4.5671,3.6494,2
-4.3272,-3.1022,1
-0.52058,1.4195,1
-1.2896,-3.2358,2
-1.6022,-2.18,2
-0.79627,-2.4302,2
-0.16653,1.5729,2
1.9789,0.86119,2
-0.11514,2.1494,2
1.4987,-2.4703,2
0.31061,1.1731,2
-3.9708,3.0771,2
2.4065,4.0101,3
-3.0665,0.18767,2
-1.55,-0.644,2
-2.0697,-0.56475,1
-2.1806,0.64664,2
3.3741,4.6127,2
-4.5665,-1.9339,2
2.6803,1.2953,3
1.0878,3.0782,2
-3.2133,-4.7895,2
-2.4405,-0.48054,2
-1.5381,-0.17264,2
-0.4517,-0.014093,1
-3.6185,0.10862,2
-0.92809,-2.62,2
-2.4787,1.1247,2
0.045914,-2.0674,2
-5.5715,-6.0189,2
-2.1162,-2.4733,2
-2.8357,1.0699,2
0.6405,-1.6898,2
1.8301,2.2002,1
2.6401,1.8626,2
2.7266,-0.12801,1
2.2502,3.0274,2
1.4074,-1.1012,2
-0.99885,1.3608,2
-1.8641,1.4353,2
1.8058,-3.5082,3
0.98138,2.8293,2
-1.9586,-1.5511,2
-3.2549,-5.6858,2
-2.9787,1.2811,2
-0.034497,-0.73092,2
-0.56387,-0.090692,2
1.8167,2.6066,2
1.3547,1.325,2
0.98913,-3.3313,2
0.70425,-1.1965,2
1.702,2.3766,2
-7.2928,-1.858,2
0.19857,0.10952,2
-0.51576,1.2437,2
-0.56477,-2.9654,2
-3.3853,-1.591,2
2.2546,2.2139,2
1.214,8.7125,2
0.63834,-2.4286,2
-2.0998,2.6741,2
4.4195,1.82,2
-2.8928,-2.5241,2
-1.6628,0.75667,2
-0.49806,-0.12367,2
0.53734,-3.2669,2
2.2948,3.3142,2
1.7264,1.1663,2
0.041564,-0.73038,2
0.74927,4.5651,2
-2.7477,0.30978,2
0.85214,-3.3478,2
1.3574,1.1428,2
1.2565,0.79,2
2.3214,2.1287,2
9.6889,6.0441,2
-1.9909,-0.36233,2
1.4479,2.4118,2
3.3677,1.0974,2
-2.0338,0.857,2
1.4178,3.7019,2
-1.6936,-1.2726,2
-0.9673,-3.9906,2
-0.96627,-0.57011,2
4.0444,0.53502,2
4.5866,2.9858,2
-1.6286,2.0763,2
-1.9747,-0.51456,2
2.0368,2.9511,2
-2.2764,1.5441,2
2.1501,1.3114,2
4.044,-0.31798,3
-0.57577,-1.1311,2
-2.1988,1.3178,2
-2.8688,1.6332,2
2.2077,2.5706,2
-1.8476,-4.7036,2
-0.38519,-2.452,2
-2.1022,-2.9446,2
-1.4991,4.5958,2
0.50775,1.6609,2
1.0545,0.54843,2
-3.9513,-1.4113,2
1.7515,0.66245,2
0.15426,-0.028637,2
2.6045,-2.0299,1
-0.35073,2.8339,2
1.4618,-2.4257,2
-1.3856,-1.4252,2
1.211,-2.6966,2
-3.6215,-4.3493,2
-0.46804,-0.40817,2
1.0865,0.897,2
0.81276,1.1184,2
-1.781,2.6964,2
-0.80737,-3.2465,2
-3.0683,-1.0718,2
0.36788,0.053826,2
-0.26646,1.4532,2
1.8291,3.3379,2
-0.23277,0.191,2
-1.5477,-0.018993,2
0.38506,-2.7014,2
3.2407,-2.7826,2
3.7044,0.52857,3
-0.072841,-1.9445,2
5.5933,2.48,3
1.1757,-4.0304,2
0.8168,0.99295,2
0.32578,3.782,2
-4.6466,-3.9764,2
-0.61183,0.54747,2
-0.88571,1.0824,1
2.0017,1.6965,2
-4.7393,-4.2387,2
-0.91945,0.55949,2
-3.7013,-1.489,2
-3.936,0.41125,2
-1.0669,1.7506,3
6.6333,2.277,2
1.2742,-0.22978,2
3.4546,-2.6362,2
1.3522,-0.53834,2
1.1805,2.635,2
2.5261,1.234,2
-3.2234,-2.2227,2
2.0273,-0.83648,2
-0.47141,-1.0099,2
-4.0132,-4.4196,2
2.6567,0.1862,2
7.5001,5.1813,2
0.016471,1.1162,2
-1.4536,0.86943,2
-0.46787,-2.6374,2
3.2998,2.9507,2
1.4912,2.13,2
1.1763,-0.96567,2
-5.5442,0.087341,2
0.59068,4.3483,2
5.4928,3.2779,2
0.53144,3.022,2
-3.9994,-2.1276,2
-1.5686,1.2998,3
2.996,-1.7326,2
2.6193,2.3548,2
-0.71055,4.5508,2
0.41388,1.4099,2
-0.57447,2.8482,2
-2.2501,1.22,2
3.0288,2.6858,3
-1.2864,-6.2044,2
1.1648,-1.5419,2
2.2676,3.0755,2
-0.51829,1.9793,2
0.35947,-0.96895,2
2.0003,-1.055,1
-1.1312,0.26322,2
2.9624,-1.5184,2
-0.19736,-3.2374,2
-1.5564,1.574,2
3.8181,-0.02028,2
-1.0921,-1.2076,2
1.7999,2.5552,2
-2.5716,2.6075,2
-1.6367,-5.2553,2
-0.012683,-0.35149,2
-2.2874,-1.528,2
-3.2436,-0.41746,2
2.6434,0.43857,3
-2.6748,-2.5861,2
2.0605,2.3804,2
-0.34986,3.5122,2
-0.3658,-0.72621,2
-0.56284,-2.763,2
0.035153,-1.1541,1
-3.0453,-0.23231,3
2.9986,-1.2123,2
2.779,0.68514,2
1.8645,-1.7929,2
0.8948,1.9351,2
-3.3815,-1.3624,2
-1.7819,0.94742,1
1.3593,-1.9516,2
0.57006,-0.1432,2
-0.098045,-1.1196,2
-0.81128,2.3512,2
1.0055,-1.1262,2
-0.80789,1.5713,3
-0.4279,-0.31915,2
1.7097,1.4904,2
-0.67733,-3.9093,2
-0.77945,-0.67982,2
0.77438,3.5015,3
0.79839,-3.1023,2
-0.33366,2.9635,2
-5.5263,-1.7838,2
-2.0773,-3.2323,2
-4.6099,-1.579,2
-1.027,-1.8613,2
0.061656,2.2073,3
0.9971,1.4378,2
-2.6018,4.5191,2
-1.1743,2.8864,2
-0.61117,-2.7851,2
-2.3664,2.6517,2
2.2448,-2.9353,2
1.3909,-2.5739,2
-2.113,0.47966,2
1.7442,-2.0822,2
0.1615,2.7996,2
-1.1481,-0.73957,2
2.2501,2.3418,3
-0.22759,1.7374,3
-2.6302,-1.118,2
1.9489,1.1358,2
3.4117,-0.35462,2
1.1981,2.6499,2
-2.7112,2.0675,2
2.8136,-0.42915,2
1.486,0.0010605,2
2.7437,-2.0082,2
2.7312,1.441,2
0.73217,-1.6127,2
3.9396,3.8748,2
-0.81516,0.226,2
1.7081,3.0115,2
1.2143,3.4563,3
1.693,1.1585,2
2.4649,-2.6858,2
-1.247,-1.6206,2
-0.5252,2.3757,2
-5.7492,2.1742,1
0.16526,0.67568,2
-0.22136,0.81259,1
-3.0052,-0.14089,3
0.96536,0.18059,2
-1.4291,0.73091,2
-2.3251,-2.3044,2
0.23386,-1.2956,2
1.1442,-0.098713,2
-3.1708,-3.4775,2
-0.6054,-2.4945,2
-3.9786,1.9171,2
1.9644,-0.91458,2
0.27437,0.8236,2
-1.593,4.0172,2
2.4274,-1.7968,2
-5.1169,-0.016382,2
0.53857,5.2055,2
-3.884,-4.2948,2
2.1348,3.1679,2
-2.043,-5.0588,2
5.2489,3.7691,2
6.6044,-0.92098,3
3.6464,0.32039,2
0.21165,3.1741,2
0.66659,1.7561,2
-0.11886,2.8316,2
-5.4942,-4.3473,2
-1.1434,-1.0104,2
-1.5772,0.71397,2
-1.7994,-4.6901,2
-0.79548,-3.1066,2
3.5912,-2.7374,2
-4.0121,-3.4111,2
-5.7284,-2.1807,2
-3.6315,0.50851,2
0.91548,3.3083,2
-3.8971,-2.5568,1
3.27,0.97029,2
3.4488,3.3441,2
-2.7407,0.81794,3
-2.3253,-3.1904,2
2.5228,-1.8703,2
-2.5517,-0.5921,1
1.731,0.42827,2
4.258,0.19865,2
4.6388,2.1767,2
1.9553,0.068549,1
-3.6317,-0.30556,2
-2.6412,-4.9751,2
-6.2477,2.2411,1
2.0793,0.24958,2
-0.86193,1.5537,2
2.3217,0.97542,2
2.7039,1.3282,2
0.0084145,3.1937,3
4.6254,2.5119,3
-1.9737,0.47249,2
0.44562,0.35371,2
0.49309,3.6749,2
-4.6125,-1.609,2
3.5159,3.991,2
-0.86339,2.4357,2
0.88142,-1.6706,2
6.3356,2.0584,2
6.7543,0.43875,2
2.104,-0.68292,2
3.1131,-1.3199,2
3.0512,0.17557,2
-0.86683,0.53757,3
-0.79124,-1.1737,2
-0.83398,2.3912,3
0.25631,-1.7401,2
-0.70613,1.9343,2
2.8876,1.1289,1
-1.1678,-3.6528,2
-0.89267,-2.96,1
1.8386,-3.8988,2
-0.72795,1.2769,2
-1.4886,-2.307,2
1.002,2.1639,2
1.7065e-06,2.6205,2
0.091908,0.27347,3
2.0504,3.3321,3
-3.4013,5.5799,2
0.67251,0.87266,2
-0.044299,-1.3343,2
3.3219,2.1126,2
-1.2087,-0.2974,2
-1.1901,0.4229,2
-1.4765,1.2407,2
-1.9113,1.3922,2
4.5277,4.5642,2
-3.3566,1.3223,2
-4.6198,-1.0204,2
3.7891,1.9012,2
0.45341,0.94156,2
1.1344,-0.27401,2
-2.8659,1.8824,3
-4.524,4.0745,2
-1.435,-4.3152,2
-0.29334,-1.1525,2
1.6067,-3.3191,2
1.444,-0.92224,2
3.2917,2.7624,2
1.254,-1.3926,2
1.9865,2.1077,2
1.8322,-1.5873,2
-0.20543,1.681,2
0.38751,-0.24732,2
-3.2868,-0.0005041,2
-3.2645,0.12738,2
0.34071,1.0648,2
1.5773,1.2435,3
1.1715,-0.028819,2
1.5251,2.001,2
-4.1039,-2.845,2
-0.0068254,0.79574,2
-1.0525,-4.3385,2
1.2982,1.9666,2
-3.6926,1.0838,2
-4.6934,-3.4223,2
-1.1801,-2.8733,2
-1.3148,1.265,1
0.6763,0.747,2
-1.7327,3.0412,2
2.0558,-1.9586,2
-0.45429,-2.6814,2
0.35196,4.0367,2
2.3829,3.5128,2
1.7689,-1.4427,2
0.38681,-1.1478,2
1.4705,-3.5247,2
1.9838,-1.5798,2
-0.32858,0.005589,3
-1.0305,-1.0227,2
-0.42271,2.7957,2
0.06559,-0.92518,2
-0.51917,0.83381,2
-1.4589,-0.71872,3
-4.1963,2.6842,2
-1.5552,0.26766,2
-2.0868,0.34754,2
-0.045073,1.8571,2
1.6352,3.0274,2
1.9906,1.6086,2
0.28684,-0.38142,2
4.2963,-0.38734,2
3.6201,3.0699,2
3.721,1.7048,2
-0.052651,-0.4554,2
-1.3016,0.10956,2
1.2796,-1.9492,2
-0.60957,0.71616,2
1.4198,1.7808,2
1.6798,-1.9668,2
-1.1314,-2.0002,2
0.56125,-2.6768,2
0.016225,1.3418,2
0.86071,-0.43697,2
4.3824,1.8333,3
4.0096,1.1247,3
4.3671,-0.35569,2
0.29747,-3.196,2
0.01599,-1.1947,2
-2.2254,-2.6042,2
-2.6156,2.9819,2
-1.7304,-0.062923,2
2.7284,0.82837,1
-2.761,0.056775,2
1.9497,-1.2594,2
2.479,1.5278,2
-1.7129,0.58356,2
-2.095,3.0897,2
2.6425,1.9878,2
-1.5932,-1.2953,2
0.41938,-0.97153,2
0.9878,-2.8988,2
1.2225,0.39804,2
1.3479,-0.18477,2
4.0347,3.7905,3
-0.24566,-5.9515,1
2.1945,-0.65043,2
4.4508,-0.10839,2
-6.0206,0.71625,2
1.4935,0.064601,2
2.974,0.38546,2
3.3493,1.2908,2
0.3631,1.2422,2
1.2037,1.0505,2
0.059256,0.55911,2
-3.3941,1.8075,2
0.93273,6.8761,2
-3.3465,0.99789,2
-1.3169,-0.74143,2
-2.5472,-3.3796,2
2.4999,4.6579,2
-0.010156,-1.2435,2
-1.9689,2.7148,2
1.9535,2.7035,2
-3.3609,-1.8319,2
1.2832,1.5372,2
0.99386,-0.8439,2
-3.5019,-2.0601,2
-0.71967,-0.40647,2
0.7021,-1.1289,2
0.15481,7.4426,2
-2.6101,1.3207,2
-1.8149,-0.5835,2
-0.75147,0.15821,2
-0.64669,0.64099,2
2.5579,-1.1076,2
-0.02683,-0.10866,2
-2.3809,0.17365,2
-0.38937,-1.7094,1
-0.35852,-1.7736,2
4.498,-0.86217,2
-1.4559,-3.7337,2
0.25927,2.1724,2
-3.1392,-2.5585,2
-0.2055,5.4661,2
2.929,1.0435,2
3.6573,0.35953,2
-0.84078,-1.1057,2
3.7568,0.091776,2
3.4461,-4.6913,2
0.77657,2.1322,2
1.2468,-0.79024,2
0.60737,3.9526,3
-1.6164,0.13839,2
2.0339,1.3749,2
3.5499,-4.0114,2
0.63418,1.7088,3
1.4554,3.3008,2
-3.7871,0.16168,2
3.03,3.1622,2
7.1396,5.0823,2
-1.6514,1.7996,2
2.649,-1.8785,2
-0.028822,0.99533,2
0.99441,-0.35347,2
0.84418,-0.24352,2
-1.4964,-1.3672,2
3.0768,0.1466,2
-2.5042,-2.7976,1
-0.52604,0.97646,2
-0.71657,-3.125,2
-0.70346,-5.2172,3
1.4158,-2.3971,2
0.067117,-1.3396,2
1.2113,3.2842,2
-1.4647,0.72241,2
-0.053394,2.2317,2
-0.2335,4.1306,2
1.6252,2.2806,2
1.6393,1.4506,2
2.9018,0.35612,2
3.1938,2.1535,2
-1.5227,1.6784,2
2.4175,2.0969,2
-0.29571,-0.05801,2
2.657,0.45055,2
-3.9857,0.90932,2
3.5213,3.8437,2
-1.5244,-1.1193,2
-1.0332,1.4588,2
3.3349,0.90634,2
0.71015,0.21683,2
-2.6612,-0.74203,2
-0.45152,-3.6177,2
-4.8353,-3.4503,2
-0.066079,-1.4469,2
-1.5542,-1.356,2
1.0568,1.8552,2
-4.9845,-3.4538,2
0.17565,1.5056,2
1.3737,-2.1492,2
-0.16137,3.2745,2
-3.9497,-0.96708,2
0.37109,1.4748,2
3.3694,0.47963,2
-1.7334,-4.0708,2
0.21812,0.90367,2
2.1944,2.8733,2
1.2666,1.8428,2
-4.7498,-0.020975,2
2.0243,-1.3589,2
1.234,3.9333,2
0.93934,2.6825,2
-2.4027,0.15005,2
-0.12878,-3.077,2
0.91599,-0.51005,3
-1.7319,-0.73392,2
-4.6869,0.018844,2
-2.9923,-2.1415,3
-1.5742,-3.4106,2
-0.28483,1.0875,2
0.56323,2.2645,2
-2.124,-5.1493,3
-3.6261,-2.3809,2
-0.24623,-0.42322,2
5.6492,-1.0718,2
0.075787,1.6936,2
2.8455,-0.61348,2
-0.57468,-1.4001,2
-1.7525,3.6636,3
-0.23999,0.57023,2
-4.9153,-0.40186,2
3.568,0.20639,2
0.64708,-1.5262,2
1.7669,3.0045,2
0.39623,0.42052,2
4.6107,-1.0985,2
-5.4754,1.078,2
3.6039,1.5349,2
0.22971,-2.6901,2
3.4291,-3.8492,2
-0.33206,-3.2008,2
3.2027,-0.1289,2
-0.51677,1.6269,2
-2.5883,2.3973,2
1.1144,-0.29548,2
-0.84649,-0.21591,2
3.9084,0.80034,2
-2.0086,-3.8704,2
-0.2821,-2.4109,2
1.4931,2.816,2
-1.1541,-0.59323,2
-0.36339,0.4184,1
1.2204,-1.6569,1
1.2688,1.5031,2
2.9013,2.1734,3
5.5612,-2.4483,2
-1.436,-1.0343,2
-2.8415,-2.4948,2
-2.6133,-3.2833,2
3.1446,-0.58503,2
-1.0328,2.8237,2
-0.82147,1.238,2
-0.60619,0.14209,2
-2.3994,0.18096,2
3.074,-1.7961,2
-1.0307,0.89976,2
4.0436,0.59776,2
-1.4702,0.63803,2
3.9301,-0.75589,2
-0.21496,1.7221,2
1.3518,1.5861,2
0.96864,-4.8281,2
-1.3348,-1.33,2
-1.1627,-2.4389,2
1.4377,0.29813,2
0.84265,1.0988,2
1.2721,3.7802,2
0.07418,-1.0198,2
-2.5069,-0.24382,2
-0.38466,-3.2647,2
1.628,-1.4524,2
-0.29413,0.19368,2
2.0955,-1.009,2
-1.9014,-2.8095,1
4.3406,0.3471,2
-0.68856,-4.033,1
-3.2437,-1.0268,2
-1.58,1.7887,2
1.43,2.3272,2
-1.16,-2.2104,2
3.5139,1.9814,2
1.5074,0.34543,2
2.6725,5.4991,3
-1.2173,-0.4369,2
-3.9211,-0.90258,2
5.6639,2.1539,2
0.6251,-1.8651,2
0.5292,1.7998,2
-0.72242,-0.12439,2
3.5873,0.21206,2
1.1682,1.7238,2
-1.4506,1.2129,2
-0.064248,2.8296,2
0.092397,-1.082,2
2.7109,4.2463,2
1.2483,0.56418,2
-1.0273,-2.6442,2
-0.7663,3.5876,2
-0.58547,1.6845,3
4.2317,5.7707,2
-2.9524,-3.4431,2
-1.0865,-1.4536,2
-0.72854,-1.4053,2
-2.2782,-1.1212,2
-1.5877,1.2703,2
-1.7643,-0.91422,2
2.2912,-0.19359,2
1.1337,0.29211,2
1.8391,-1.4948,2
1.0306,1.712,2
0.22918,-2.6487,2
0.036952,-2.3481,2
-0.17078,2.6268,2
3.6593,4.9426,3
-2.9815,-1.296,2
-1.7977,-0.26311,2
1.237,-1.8932,2
1.0272,-3.049,2
-1.3514,-2.272,2
-1.8002,-3.5593,2
0.88169,0.33121,2
-2.7186,1.3314,2
-3.4152,-1.9145,2
2.5436,-1.2521,2
-0.96836,2.1965,2
3.2082,-2.87,2
1.9595,0.68576,2
0.060528,2.243,2
1.7074,3.1808,1
1.1125,-3.3267,2
0.8907,3.7882,2
0.51533,-0.66486,2
-1.8896,1.9499,1
0.72066,-2.6068,2
0.13473,-1.3886,2
1.6164,-0.12755,2
-3.0131,-0.2291,2
0.89871,2.7806,1
1.3098,-3.1648,2
-2.163,-3.6418,1
1.1439,0.64425,2
3.3566,-0.53381,2
0.99161,1.452,2
-3.0944,1.9732,2
0.099876,4.4876,2
0.10282,-4.056,2
1.8527,5.5881,2
3.217,4.86,2
-5.8934,0.61038,2
0.36449,0.5445,2
0.83232,-0.70107,2
-1.3633,3.5318,2
-0.24822,0.84309,2
-2.7783,-3.0466,2
0.99207,2.7559,2
0.091096,1.0968,3
1.9297,-0.9749,2
-3.1291,0.50145,2
1.9789,-1.0534,2
-3.256,-3.0466,2
-1.2216,-3.6335,1
1.7889,1.3451,3
-2.4434,0.80552,2
-3.784,-3.7314,2
5.5581,4.6443,2
4.2212,2.259,2
-0.71438,-0.153,2
4.7522,-2.5543,2
-4.3299,-0.58388,2
1.9525,0.018958,2
3.1932,-2.1137,2
0.48174,0.72795,2
-3.0477,-0.32256,2
-0.725,-2.3119,2
0.9759,5.3186,2
-0.56625,-0.82721,2
3.3977,2.0516,2
2.717,0.10047,2
-1.64,2.6026,2
1.3738,3.3117,2
3.8299,-0.10721,2
0.016587,0.30671,2
-0.92208,0.54916,2
-1.1474,-2.5936,2
0.63967,0.78839,2
-1.0383,-3.2225,2
2.2162,2.3447,2
-1.7786,1.738,1
1.7743,-0.99431,2
-2.4013,1.3151,2
1.4374,0.70556,2
2.0236,-1.3068,2
2.1451,4.1245,2
-4.1569,1.5871,2
-0.45516,-1.4357,2
0.3621,0.5313,2
-2.4121,-0.50629,2
2.3944,1.6248,3
-0.31547,0.63656,2
-2.0674,-0.76114,1
-1.8469,-0.97189,2
0.34023,1.0184,2
-0.59066,0.9789,2
1.1482,0.96755,2
1.602,-0.23569,2
3.0214,0.89153,2
2.5341,1.0066,2
1.3911,1.6602,2
-2.8654,0.22904,2
1.2621,-6.3375,2
2.6344,-2.6907,2
-4.104,0.74104,2
0.8639,-3.4186,2
1.9945,-0.041963,2
1.1345,1.6482,2
-0.51771,0.88522,2
2.0008,0.31865,2
3.929,0.33209,2
2.1422,-1.5728,2
2.397,0.16126,2
0.82879,-1.2652,2
4.6098,2.7223,2
1.0643,1.5605,2
1.6618,1.1454,2
-3.6089,-0.87491,2
0.60509,0.52377,2
1.31,-3.4288,2
-1.5229,-1.8008,2
2.8759,1.7735,2
-1.371,-4.136,1
-2.1025,-1.0159,2
-3.0105,-0.27047,2
3.6485,3.3082,3
3.2002,2.744,2
2.0606,2.1407,3
1.5962,1.4782,2
-0.80517,0.94293,2
-1.7016,-3.0148,2
1.4912,0.75654,2
-0.12979,2.1782,2
-0.051368,0.4539,2
-2.028,-4.2668,2
-1.6745,4.696,2
-2.7034,-0.71266,2
-0.98492,0.53675,1
0.32754,0.82871,2
-0.98501,2.5041,2
2.155,0.071569,2
-2.3892,1.6813,2
1.7562,0.70548,2
1.2773,0.79286,2
-1.169,-2.4818,2
-0.11965,-1.1194,2
-2.3582,-2.7596,2
-0.65613,1.3959,2
0.86164,0.67103,2
-0.58694,1.1738,2
-0.48164,-2.6749,1
-2.0368,1.817,2
-4.0658,-3.5602,1
-0.68821,3.3749,2
0.10405,1.5859,3
0.76036,-1.7115,2
4.2988,-1.129,2
1.0287,-2.3312,2
5.887,1.6491,3
-1.0855,-2.2554,1
-0.24039,-0.77647,2
-0.33415,0.16286,2
0.2861,1.7268,3
-1.5013,2.1658,2
0.062153,1.1589,3
0.98977,-1.1473,2
-0.064122,5.7045,2
-1.1121,-2.4086,2
0.18907,-1.8169,2
-1.5968,3.585,2
4.4686,-1.8214,2
0.20034,-3.4326,2
1.3169,-0.75913,2
1.9277,1.9138,3
-0.29536,3.2272,2
-2.1664,-1.2813,2
1.0131,2.0023,2
1.3891,3.1354,2
-0.40696,0.012494,3
-2.2846,-3.6892,2
0.89367,1.6095,3
2.9884,-1.1523,2
0.7362,3.1953,2
-0.49716,-0.88232,2
0.77664,3.2164,1
-1.5966,-0.17726,3
1.5078,1.139,2
-0.78884,2.4097,2
2.4329,1.7939,2
3.0525,2.8913,3
-1.7115,-0.38474,2
-2.2676,1.0489,2
-0.29498,2.0767,2
-2.6762,1.764,2
-4.1584,-1.0262,2
2.495,2.8211,2
0.15927,-2.2194,2
-2.8183,0.11359,2
1.4179,2.2705,3
1.5406,3.4032,2
2.6134,-4.4751,2
-0.021947,3.4475,2
-2.1797,-2.4825,2
1.6207,-2.1626,2
0.088566,-2.1948,2
-2.6152,-1.1013,2
-2.4484,2.682,2
-0.27681,-4.9981,2
-2.2691,-0.74845,2
-1.6875,-0.045828,2
4.3316,-1.0544,2
1.7168,2.564,2
-1.4183,-0.84371,2
4.2514,-0.029916,2
0.48006,0.53042,2
-1.9108,1.5231,2
3.4431,-1.7278,2
1.3838,2.7126,2
-2.9231,1.8408,2
2.081,1.348,2
-2.6247,1.2179,2
1.2062,0.14209,2
1.3834,0.34852,2
-1.7992,-1.0043,2
-4.1926,1.4798,2
0.21403,-4.2359,2
-1.3269,-1.4246,2
5.1129,2.7728,2
-1.3835,-1.853,2
0.13447,-1.4839,2
3.1871,0.04603,2
1.3515,-1.9839,2
-0.67557,-1.7417,2
2.7268,-1.9596,2
2.1096,-2.916,2
-2.841,-3.2329,1
0.14789,0.64783,3
3.2285,-1.9314,2
-0.92972,-1.8304,2
-3.8723,-0.082267,2
-2.9424,1.5461,2
1.2833,0.080647,2
3.4443,-0.50147,2
1.2787,1.1692,2
0.46558,-0.69277,2
2.9056,-2.7996,2
-1.9987,-2.2151,2
0.68061,-0.52392,2
-0.1902,0.52209,2
-1.0099,-0.21352,2
0.3088,0.49297,1
-1.5066,1.6403,1
3.2428,1.6169,2
-1.8013,-3.4427,2
1.3423,-5.8932,2
3.8457,2.7328,2
0.11873,1.204,2
3.7301,2.7522,2
0.68479,-0.54814,2
2.2723,-2.1809,2
2.9808,0.26904,2
3.1138,2.1791,3
1.8998,0.52691,2
-1.8904,3.3042,2
-2.2418,-2.4103,2
-0.71029,-1.006,2
-1.3694,0.19231,2
3.252,3.1288,2
2.7623,0.98633,2
2.5944,1.7464,2
2.3748,-1.0761,2
-0.71995,-2.334,2
0.98057,1.4159,2
1.3514,-0.95293,2
1.6708,-2.1421,2
0.59334,-4.6769,2
0.10789,-1.9648,2
-2.1515,-0.62001,2
1.0299,-0.54481,2
-1.2142,-2.8964,2
-1.5942,1.9865,2
-0.93997,-2.4877,2
3.9537,-3.1633,2
0.52958,-4.4706,2
0.44898,2.2671,2
-1.9374,-2.7567,2
-4.6066,-2.0378,2
-3.5064,2.2768,2
1.4351,0.14089,3
1.0516,-1.2264,2
5.3539,0.31691,2
-1.5264,0.070351,2
0.61025,0.23737,2
1.4632,1.7371,1
-3.9883,-1.2869,2
-0.82388,-1.5727,2
3.8101,-3.4556,2
4.3426,2.0224,2
-0.034732,-2.4577,2
1.6675,-1.3653,2
-3.7688,0.93833,2
0.0083635,-2.4867,1
2.5477,3.0121,2
3.6529,6.1351,2
-2.1484,-1.3136,2
-0.024752,-0.8447,2
-1.3092,-0.68462,2
-0.24345,0.49482,2
0.71078,2.2633,2
5.2303,2.172,2
0.17671,3.8583,2
-1.0819,-1.9033,2
-0.94256,2.4802,2
-1.8522,-0.31962,2
-0.83898,-2.065,2
-0.19535,0.32695,2
-0.47261,-2.378,2
-3.737,-1.0503,1
3.81,1.8035,2
1.4398,3.2485,2
4.2595,-0.75812,2
2.0599,-1.8899,2
0.58769,0.88699,2
0.16177,-0.44162,2
-1.1751,-1.7621,2
-1.0552,0.98819,2
-3.8942,1.8674,2
0.18299,0.64592,2
0.35766,0.97576,2
-0.059539,-2.7955,2
0.079067,0.11324,2
-1.3629,-2.1873,2
-0.16844,-1.7942,2
5.4223,-1.0661,3
0.72965,5.3828,2
1.2966,0.85132,2
1.1567,2.4938,2
-2.2512,-5.0029,2
-1.2251,1.116,2
1.7577,-0.4763,2
2.6213,4.7857,2
2.5003,0.094787,3
3.7497,-2.0435,2
-0.21848,0.23463,2
1.4577,-0.62814,2
-1.4882,-1.0393,2
4.996,3.7321,2
-0.042168,1.0739,2
0.34856,-2.4827,2
-1.5308,-1.7122,2
-4.0374,-4.47,3
-3.3235,-1.8281,2
-3.9721,-0.23791,2
-0.5685,2.3238,2
-0.49417,-4.1158,2
2.9726,-1.3242,1
-1.5546,2.1214,1
-3.2808,0.57383,2
-0.72105,-0.01847,2
0.03211,0.40472,2
1.5545,-1.882,2
0.43117,1.4928,2
0.73723,-2.9043,2
0.25425,0.17344,2
-1.5987,-0.84907,2
-1.086,0.97956,2
-1.909,-0.31454,2
0.051113,2.0287,2
-2.1422,-0.60013,2
4.5534,4.4337,2
-0.14515,-3.0573,2
0.98056,-3.3344,2
-0.94499,-0.67231,2
-2.1861,-2.6719,2
0.18797,0.42571,2
-0.69788,-0.37434,2
1.0571,-1.5751,2
2.4081,-4.0531,3
0.12992,-4.2041,2
1.5099,-3.0798,2
-0.085243,0.48658,2
-0.0031525,-1.8897,2
0.89229,-0.7857,2
2.9755,0.7328,2
-1.9013,-2.0814,2
-0.8403,-1.0963,2
-4.7554,7.752,2
-1.9927,2.4881,1
-0.24964,-2.1622,2
1.1334,-3.6432,2
2.6955,2.2766,2
-2.5419,2.6893,2
-1.0622,-3.1128,2
0.90843,3.3023,2
-0.8636,-1.0742,2
-0.15622,1.0839,2
-0.032965,0.75325,2
2.7037,0.0029292,2
0.55932,-0.97001,2
-1.3614,-0.087865,2
3.8191,0.34793,2
1.996,-0.48381,2
-1.368,-2.2032,2
2.3818,-3.2137,2
0.17423,2.5313,3
2.7308,-0.53597,1
-0.70255,-1.8013,2
-3.3231,-4.8153,2
-0.98152,0.61247,2
-3.8357,0.29171,1
0.18743,2.0185,2
-3.0968,-2.924,2
1.7619,-2.9544,1
2.0121,0.19426,2
-0.44865,-1.3235,2
0.88511,-2.7867,2
-0.75067,-2.0057,2
1.599,1.5348,2
1.1922,-0.59204,2
-2.2933,-1.1488,1
-0.77864,-1.0983,2
-2.2886,-2.3036,2
-2.6613,0.81739,2
2.042,0.96214,2
0.8129,-4.2357,2
-0.5717,-1.996,1
1.3451,0.35597,1
-7.3008,-2.9001,2
-0.064003,2.0694,2
3.81,-0.9474,2
-0.63678,4.3544,2
4.7276,-2.381,2
2.4344,1.3421,2
0.47815,-1.899,2
0.16579,-2.1249,2
-1.4071,-1.8961,2
0.027044,-0.010849,2
-1.2201,-1.8438,2
6.2015,-1.0421,2
-0.22849,-1.8613,2
-0.83305,-3.2073,2
-0.019935,1.7347,2
-3.1065,-2.4002,2
-3.8942,-0.11919,2
1.7231,2.5207,2
1.5785,0.020734,2
-0.46431,3.2844,2
-2.6478,-2.6476,2
-1.7338,1.6366,2
-2.4662,0.60363,2
-3.6115,-1.007,2
-0.77622,-3.2065,2
-0.42699,2.5877,2
-0.89581,3.0575,1
-1.1234,-1.3307,2
3.0422,-0.3796,2
4.0489,1.6575,2
0.66364,1.1047,2
-3.046,0.048625,2
0.3247,-0.82033,2
0.56775,-0.67955,2
-1.5762,-3.7715,2
1.8064,0.70743,2
1.667,1.6037,2
1.2328,-0.32948,2
3.282,-1.154,2
0.54895,1.6813,2
-0.6343,-0.45756,1
1.0708,0.37694,2
2.9009,-1.6332,2
-0.58591,-2.1734,1
-0.7478,1.9877,2
-4.2319,2.1944,2
-1.7973,1.0648,2
-0.29342,-2.7645,1
0.24124,1.7601,2
0.90398,-2.0189,2
-1.2448,0.56966,2
-0.98282,-0.52386,1
-1.8577,-0.3031,2
-1.7951,-1.3095,2
3.4211,6.3994,2
-1.9319,4.2119,2
0.29892,3.4639,2
-4.2056,-5.1383,2
-2.0724,2.3906,2
-1.6642,0.32377,2
0.87336,2.9314,2
-0.72384,1.778,2
0.76808,-0.095324,2
0.40624,2.1347,2
0.88437,4.0627,2
0.27091,3.2395,2
1.7071,0.87272,2
-0.84126,3.6748,3
-3.4884,-3.1595,2
2.9619,-2.1037,2
1.5981,-1.4218,2
4.7015,1.5515,2
1.0302,0.11425,2
4.5951,1.193,3
-0.72864,4.5324,3
-2.3777,0.13651,2
0.03513,-3.1256,2
-5.8318,-0.69741,2
0.76126,0.81168,1
-1.2718,2.4732,2
3.0837,0.13682,2
-1.791,-3.6973,2
-0.3975,2.2869,2
1.3186,3.8119,2
-1.6021,1.7977,2
2.5308,-1.4006,2
4.8795,3.3807,2
-0.23515,0.079548,2
-0.25934,-0.13833,2
-0.69286,2.1408,2
-2.3136,1.3308,2
-0.3568,3.0793,2
2.0423,-0.4009,2
-0.11524,1.2436,2
-0.79419,0.37651,2
0.76612,2.4544,2
-1.7766,0.79457,2
-2.3148,-2.4698,2
0.22102,-0.59564,2
0.001102,0.11613,2
-1.2368,2.4672,2
1.5046,6.4917,2
0.12375,-1.2964,2
1.7627,0.37722,2
0.0090697,-3.5102,2
0.035232,0.023851,2
2.1408,0.34193,2
0.99183,0.69063,2
-3.0004,-4.266,2
-1.2413,-1.3575,1
-0.87162,-0.19462,2
0.96338,-0.66163,2
0.14244,0.10589,2
-3.122,0.81933,2
1.3715,-4.0933,2
0.20042,-1.7119,2
-1.155,0.20609,2
1.7257,2.7577,2
3.4617,0.21694,2
2.2979,1.7425,3
0.18851,0.057582,2
-2.2492,1.6141,2
-1.4031,2.8804,2
1.2494,-3.046,3
0.010707,-3.8127,2
-1.246,0.12864,2
3.3222,3.233,2
-2.9993,-3.3284,2
-5.9556,-1.7815,2
2.087,6.2719,2
-2.1666,-1.7967,1
2.1258,-0.17367,2
0.12138,2.4015,2
2.153,6.168,2
-0.98598,-1.1021,2
3.5815,0.95955,2
2.2539,3.4869,2
-0.83981,-1.678,2
0.90995,-2.9868,2
0.91944,2.3264,2
-3.5247,-0.99602,2
0.60904,-2.3078,2
-0.59208,-3.1499,2
1.4583,-0.81543,2
0.7438,0.48816,2
1.8213,0.73055,2
-3.3355,-4.567,1
1.0677,1.7586,2
1.2435,-1.9379,2
-1.6259,-4.9754,2
2.5803,-0.27615,2
-1.3665,0.66784,2
-0.67167,-3.2813,2
0.92677,0.18014,2
3.637,-0.48993,2
-1.6942,1.3572,2
-2.0661,-4.0469,2
0.62763,-6.0112,2
0.98987,-5.2656,2
-2.544,1.1575,2
-0.013214,-0.017399,2
3.039,0.17371,2
0.024507,0.058367,2
-0.16252,-0.53476,2
0.0060668,2.3143,2
-0.032227,-1.1697,2
3.8146,0.13441,2
2.2374,1.9565,2
-2.3654,-2.668,2
-1.2971,0.75702,2
-3.9583,-0.22831,1
2.9717,0.68151,2
-1.7072,-2.5543,2
-5.1769,0.87956,2
-1.1929,-1.9696,2
-1.2261,0.62505,2
0.20623,1.9318,1
-1.5038,-1.025,1
0.44786,1.9488,2
-2.1107,0.96697,2
4.0823,4.8416,2
-2.3259,-3.2255,2
2.16,0.41947,2
-1.186,2.0582,2
0.253,0.61129,2
-1.9644,-4.2771,2
-3.8118,0.18381,2
3.4991,0.0060076,2
3.8596,-0.63596,2
-1.2051,0.3092,3
1.0099,-2.8754,2
0.50563,1.0933,2
2.6123,-1.4975,2
-4.2292,0.82264,1
-1.4602,-0.12027,2
3.2561,-3.3477,3
2.9205,-0.5927,2
0.53489,-1.3296,2
4.6488,3.1402,3
1.0262,-1.1371,2
0.398,-1.6971,2
2.3727,0.84614,2
1.6973,-2.2417,1
0.23475,1.6242,2
-1.2064,0.12602,2
-0.36417,0.066077,2
-2.2131,1.8896,2
-5.0272,-2.3011,2
-2.1938,-4.1662,2
-1.7276,4.9588,2
1.0089,-4.8949,2
-0.75187,-0.68038,2
-0.89588,-1.6659,2
5.2006,1.4494,2
1.8493,0.0039895,2
-0.68187,-0.63029,2
-1.0713,0.18991,1
-3.9232,-3.9387,2
-1.4526,-3.4538,2
1.0515,0.55111,2
1.5196,0.54874,2
-1.2805,1.1274,2
-0.063925,3.04,2
-1.3221,1.1145,2
1.9514,5.2365,2
1.9315,0.10488,2
-0.78656,-2.2447,2
4.4266,0.45937,2
-4.5815,-1.2182,2
0.6867,0.19845,2
0.35034,0.62827,1
-0.50166,-1.9087,2
-0.24046,-3.0775,2
-0.3806,0.30046,3
-1.5552,-2.6332,2
-2.4894,2.3954,2
2.4978,3.0089,3
0.84664,3.5332,2
-1.7554,1.8022,2
2.465,1.0752,2
-1.7945,2.8116,2
-2.0342,-3.7377,2
0.39578,2.0509,2
-2.7514,-2.5266,2
1.1261,-3.726,2
2.4612,1.1242,2
-0.50019,-1.8477,1
5.5116,1.9103,2
0.077251,-3.3208,2
2.6637,0.54007,2
0.14328,-0.34682,2
-0.19454,-4.5928,2
-0.85904,2.7695,2
-1.0546,-1.485,3
-1.6866,2.3645,2
1.4105,-1.767,2
-5.903,-5.1899,1
-1.4021,-2.3134,2
-4.5916,-2.8158,2
-6.7944,-1.1663,2
1.1052,1.4209,2
1.8608,0.53708,2
-0.29334,1.0655,2
-0.014324,0.2178,2
-0.55987,-4.9607,2
1.6352,2.2144,2
-3.6534,2.6411,2
0.97244,-1.3369,2
-0.5935,2.1445,2
2.7273,0.84587,2
-1.0136,-0.22908,2
-0.16813,1.1439,2
-4.1181,-1.6807,3
0.37366,0.88993,2
2.8448,-1.0096,2
-0.11441,-0.56465,2
-6.5101,-4.1906,2
-0.011254,-1.8253,2
-1.5898,0.23902,2
0.42703,-0.40567,2
2.4679,1.673,2
3.1257,-1.4667,2
2.8155,-1.7413,2
-1.9729,-0.23316,2
1.6405,2.4594,2
2.8211,3.0988,2
-1.6563,-3.5912,2
1.0053,0.40864,2
0.63232,0.42864,2
0.25395,2.2176,2
0.022133,-0.2645,2
-2.0834,-0.19142,2
-1.4522,-1.2816,2
-2.8685,-2.8977,2
-2.7899,-2.6607,2
0.47181,-1.0186,2
-2.0644,-2.0879,2
1.2795,1.3061,2
4.242,-1.0291,2
-3.1719,-0.76984,2
1.1825,1.7341,2
-1.2119,-2.1351,2
5.3718,1.0621,2
1.8329,-2.8516,3
2.9327,0.50588,2
-1.7235,1.0585,2
-1.2294,-2.4561,3
-2.9562,1.0531,2
-4.4125,-1.671,2
1.2465,2.5683,2
2.1284,0.96303,3
-1.2014,-4.6086,2
-4.9477,0.71228,2
2.1597,0.29391,2
-1.2278,-4.2383,2
2.161,-1.8847,2
2.5437,0.98406,2
-1.3848,1.6506,2
-3.6018,-4.5974,2
1.1229,-0.70782,2
1.027,2.056,2
0.93907,0.31733,2
1.6309,1.5392,2
0.34481,1.9772,2
-0.93148,-2.0124,2
-1.8004,2.8713,2
1.6943,-0.019893,2
-0.1451,0.68479,2
-0.26905,0.92894,2
1.4038,-2.4726,2
2.0301,1.614,2
1.4058,4.6309,2
3.8395,-0.75413,3
-1.2318,-0.21067,2
-0.93682,-2.4541,1
-0.43785,1.6354,2
2.728,0.60076,2
3.1626,0.76009,2
-0.48656,0.84889,3
0.7528,0.85359,2
-4.6565,-1.6562,1
-0.19101,1.308,2
3.2797,1.9381,2
-1.3337,1.2833,2
5.4747,-1.155,3
-2.5464,1.0707,2
-1.1126,-2.0419,2
5.9063,2.0297,3
-0.62843,-4.6089,2
1.7495,1.9123,2
-7.2332,-2.663,2
-2.2129,-3.0661,2
-2.0964,0.089302,3
3.9888,3.1723,2
-2.3176,1.084,2
-0.46358,0.62349,2
0.8309,-0.58022,2
1.1764,4.122,2
-1.1787,-3.6211,2
1.4723,-0.86445,2
0.028607,1.6125,2
-0.45439,2.1114,1
-4.2841,-1.1504,2
1.5069,1.5583,2
-0.82676,0.5287,2
-2.1251,2.4063,2
-1.3288,-1.4398,2
-1.4349,-3.6728,2
0.68088,0.23219,2
-1.8449,-4.4728,2
1.0758,3.0283,2
0.69376,0.5616,2
-1.2119,-0.69932,2
2.1765,-1.9206,2
2.2737,-4.4538,2
0.063524,1.9631,2
0.38291,-0.9286,2
-0.77993,-1.6672,2
-1.0879,1.0943,2
-0.22422,2.3414,2
-1.1343,-1.1591,2
0.21707,3.5116,2
0.048012,1.0841,2
-0.024743,3.1088,2
0.94628,0.85582,2
-0.85034,2.0403,2
2.6735,2.0879,2
0.30303,-0.98627,2
-1.1361,-1.0537,2
0.14312,3.5204,2
-1.6217,-3.5867,2
0.20076,2.4013,2
-0.1086,-1.5607,2
1.1876,0.41642,2
1.4762,-0.058692,2
3.8086,2.971,2
0.63332,-2.8647,2
1.1711,1.0369,2
3.5486,2.8779,2
0.43163,2.5584,2
-1.2638,0.043274,2
-0.44173,1.7318,2
3.4007,2.8109,2
1.0296,-1.233,2
-0.69528,2.5932,2
-0.7934,-0.7634,2
0.23808,2.6441,2
-5.2457,2.5478,2
1.1379,3.0171,2
-2.8223,-0.34966,2
0.75613,2.7367,2
0.82282,-1.5236,2
-2.3137,-2.4427,3
4.9809,3.4722,2
-2.0026,3.0741,2
0.72027,-1.2919,2
-2.7827,-2.6287,1
-0.56037,-1.4512,2
-6.4355,-1.6532,2
0.96483,5.8549,2
0.40906,-0.67032,2
1.9203,1.0122,2
-2.8901,-2.4328,2
0.41346,3.2881,3
0.4781,3.6836,2
2.9121,-0.10756,2
-0.044143,-1.2286,2
1.9496,0.84847,2
-0.028215,-0.75628,2
-1.0151,2.3647,2
-1.5505,1.0883,2
1.0748,-3.0294,2
1.5516,0.12409,2
-0.59317,-2.6843,2
4.807,-1.9584,2
-3.5019,-1.444,2
-0.35336,4.4511,2
0.85826,3.8279,2
1.1992,3.3026,2
-2.167,-1.4885,2
2.0433,0.43091,2
-0.18909,-1.8298,2
-1.5553,-3.6797,2
4.5204,-1.4246,2
-2.6698,-2.1958,2
-6.2973,-0.72288,2
-1.4384,-3.0338,2
-0.73819,2.7104,2
-0.73095,-0.82408,2
-3.3109,-0.13262,2
-3.0883,1.699,2
1.4427,-4.2948,2
-1.1503,-0.27593,2
-0.27635,-1.3907,2
-1.2914,1.6888,2
0.90022,-1.4032,3
0.35847,0.63464,2
0.33385,2.6576,2
1.981,-1.3312,2
-1.6128,-4.5174,2
-0.034765,-0.67887,2
-3.5416,-2.8308,2
-1.018,-3.564,2
-3.4374,-0.25829,2
1.8364,-0.03069,2
-3.5004,2.7772,2
-1.5437,-4.4698,1
3.3783,1.3103,3
0.95674,-1.2844,2
-0.58451,2.8434,2
0.76152,-0.85128,2
2.5687,0.50305,2
2.7897,0.0055941,2
2.115,2.539,2
0.59601,-1.9691,2
-4.4424,0.45186,2
0.54244,-2.0374,2
3.5611,0.74286,2
2.618,1.0329,2
2.6586,1.7846,2
-1.3506,-5.0958,1
-0.323,1.6764,2
-6.7922,3.5509,2
-1.0634,-4.7393,1
-1.1042,-2.0721,2
-3.7338,0.55942,2
-3.5275,-0.32708,1
0.6046,0.50604,2
-3.2242,-0.98039,2
1.7345,2.6938,2
-0.87853,0.8923,2
2.5409,-1.8399,3
0.51927,-1.8294,2
-0.073953,-1.4366,2
-0.71533,1.3285,2
2.0075,-2.0491,2
1.6621,3.4502,2
-1.4272,-0.54775,2
-2.5337,-1.1878,2
-3.8899,-3.9205,2
-0.36604,-1.0531,2
0.49513,0.37636,2
1.0844,-0.63345,2
1.4308,-2.0122,2
-1.572,2.1091,3
0.83727,-2.5831,2
-3.008,-2.9228,2
-0.45516,-1.0868,2
0.10595,1.0476,2
-3.4501,-0.73403,2
1.2563,1.0209,2
-0.27644,3.3538,2
2.7304,1.6567,2
1.4884,-1.9024,2
3.0006,0.39607,3
2.9621,-1.9611,2
0.067626,-1.6817,2
0.58759,0.28939,2
-1.5131,-1.9301,3
1.2907,2.572,2
-0.69236,-1.732,2
-2.1847,1.7298,2
0.63222,-0.22149,2
1.947,-0.39284,2
-0.85032,-0.32302,1
3.2318,2.5434,2
2.0601,1.3803,2
5.0434,0.88092,2
1.7094,2.3032,2
0.39169,0.0026072,2
0.94081,-4.3817,2
3.9267,0.47178,2
0.12556,0.85166,1
-5.7405,-0.42879,2
3.9374,5.4695,2
2.7838,2.1528,2
2.4705,5.5814,2
-2.9059,-2.6068,2
-2.1355,-6.4814,2
0.38146,2.6356,2
1.3194,-0.83082,2
-4.7773,-2.3706,2
-0.8751,1.1399,2
1.0314,1.6281,2
-3.432,0.78902,2
-2.0203,-2.7031,1
0.27505,0.26724,2
-0.40639,1.6854,2
-0.76327,1.8092,2
4.0017,1.6823,2
-2.2853,-0.079478,3
1.5371,-0.13265,2
-0.73945,1.4729,2
-1.2782,-0.19915,2
2.2548,-0.9744,2
-4.172,-2.3335,2
0.43098,-4.5029,2
0.37417,0.4018,3
-1.5455,1.5757,2
5.1738,5.2625,2
1.0561,-4.0865,2
1.5498,0.93653,2
4.7505,2.4126,3
0.57523,-0.46682,2
1.0131,-4.0042,2
1.0548,0.1849,2
-1.5715,-1.9525,2
0.87269,-0.50867,2
-2.3564,0.28874,1
2.6201,2.7814,2
0.79335,3.1227,2
1.5132,-4.4122,2
0.1715,1.3642,2
2.7471,-0.94308,2
-0.030597,-2.4419,2
-0.29753,4.1461,2
-4.1283,-3.3739,2
4.0632,-1.6078,3
1.5016,-0.9936,2
-0.26144,0.57415,2
2.215,4.0689,3
1.871,-2.0525,2
-1.0398,-1.4752,1
0.094266,-4.9696,1
-5.5523,0.277,1
-1.2541,1.2306,2
-0.46133,-2.4863,2
1.3377,-1.948,2
-0.24463,-4.3153,2
-3.2526,-0.16934,2
0.47283,2.3469,2
1.7047,-2.1723,2
-3.5605,-2.0157,2
1.9721,0.57499,2
1.879,3.2057,2
0.3879,3.5812,3
1.9585,-0.65666,2
1.5473,2.1608,2
1.5388,2.6106,2
1.5232,0.070125,2
1.632,-1.0489,2
-0.35313,-2.3771,2
-1.9041,-0.41469,2
0.25879,-1.0534,2
-7.3213,1.3443,2
1.2996,-2.7008,2
-3.0996,-1.5173,2
-0.81393,1.4547,3
-0.17451,0.31832,2
0.23119,-0.25403,2
1.0553,1.8946,2
-3.9322,-0.7575,1
1.1068,1.5374,2
0.78357,2.2291,2
0.20855,0.069657,2
-0.76626,-3.4184,2
4.513,-4.5107,1
0.49436,0.64846,2
0.45788,-0.50856,2
0.3737,-2.1037,2
2.2516,-0.26365,2
0.45643,-1.638,2
0.85657,-1.4981,2
-4.3188,-7.0436,2
1.2239,-1.897,2
1.4092,-4.3429,2
0.50567,-0.62079,2
1.5957,1.0268,2
2.0732,0.54037,3
3.7286,2.2221,2
-1.3698,-1.6007,2
0.22025,1.511,2
-0.16591,2.305,2
3.8789,3.6897,2
4.0307,3.1073,2
-4.9443,-0.87469,2
1.221,2.511,2
-0.13984,-4.4819,2
0.7571,1.59,1
-1.7026,-0.91633,2
3.2865,-1.4441,2
-0.50763,0.80973,2
3.381,-0.33068,3
-0.19028,-0.62098,2
0.99152,1.7088,2
-4.2424,-0.65102,2
0.96504,1.3318,2
1.5363,-1.7256,2
1.8589,1.2031,2
-2.1943,0.88815,2
-0.027703,0.0023067,2
3.8277,1.8502,2
-1.7491,-1.1323,2
1.7744,-0.64525,2
0.54246,1.8034,2
-1.0799,0.75782,2
-2.0155,-2.3966,2
-2.9368,1.3898,2
2.2308,4.2507,2
1.7849,3.5498,2
-1.02,0.012459,2
0.86377,2.2776,2
1.9207,-3.8623,2
-0.71878,0.051795,2
2.1974,-1.4187,2
0.58636,-0.22562,2
0.75115,1.1628,2
-2.0678,2.3668,2
-0.79149,-2.1868,2
-1.912,-0.25255,3
2.8198,0.70045,2
1.4067,2.6535,2
1.902,0.4141,2
0.086853,2.8725,2
1.0426,-0.34071,2
0.54661,-2.0338,2
-2.0283,1.6685,2
0.10676,-0.65712,2
-0.88171,-0.58976,2
0.6159,-1.0003,2
-2.5345,3.6565,2
-3.1832,1.7304,2
0.72055,-1.2158,2
2.652,-0.6852,2
2.827,-1.961,3
-2.2148,-3.1843,1
0.37774,1.1746,1
-2.6919,-0.47858,2
-0.17028,-0.079692,2
-3.4637,-3.662,1
-3.8773,0.23865,2
2.1301,-1.6716,2
-4.8927,1.2987,1
0.72579,0.95417,2
-4.4472,3.4881,2
2.0935,0.41939,2
-2.1233,-0.75704,2
-0.51984,-4.0968,2
5.0226,0.071439,2
0.96896,2.0868,2
1.8547,0.68237,2
2.2235,-0.86506,2
3.0524,1.5975,2
1.862,5.1524,3
-3.2125,1.3906,2
1.5019,-1.9271,3
0.83556,3.4644,2
-0.43985,-1.7581,2
4.9517,2.3604,2
0.53457,-1.4711,1
0.3072,2.5916,2
-4.3518,0.82209,2
2.5025,1.2573,2
2.0343,4.0838,3
-2.6323,1.5398,2
-1.347,1.768,2
-2.6319,0.11425,2
-0.47913,0.76125,2
1.3497,1.1132,2
-4.6459,0.04225,1
-2.3913,1.5801,2
3.2992,1.1504,2
0.0050169,-0.15877,2
2.8387,2.2274,2
-5.2194,-1.4583,2
-3.6756,-4.566,2
2.4271,0.41666,3
-1.7115,-0.72306,2
-2.5005,2.7692,2
-0.24644,0.88941,2
-1.459,-2.6914,2
-0.54035,-0.96556,2
0.46298,0.49169,1
3.7149,-0.51321,2
-2.3089,-0.91417,1
-0.90677,-3.4126,2
8.3018,-1.9798,2
1.8562,4.3758,2
3.1128,-0.35015,2
-1.9855,1.1594,2
4.9731,2.8968,2
-1.8632,3.1294,2
1.9825,-0.53557,1
-1.2844,-0.98087,2
-2.8931,-2.4459,1
-0.60293,3.0468,2
1.2508,-1.8882,2
0.81085,-4.504,2
-2.096,-1.3708,2
0.74714,2.7055,2
-2.1577,-2.0181,2
-3.0175,1.1792,1
3.7237,-1.0847,2
0.62415,4.2864,2
1.4686,-1.4606,3
-2.6694,-4.4561,2
0.043121,1.466,2
1.6174,0.17097,2
1.7087,-0.13714,3
-1.2375,-4.9716,2
0.70832,1.5674,2
-2.016,0.7357,2
3.448,1.2717,2
-2.1046,1.853,2
0.48761,0.73703,2
0.67009,4.3786,2
3.2725,-2.8648,2
-1.4567,-1.0779,2
0.39876,-3.6532,2
-0.87096,-1.2694,2
1.5881,1.6736,2
-2.1557,1.0894,2
3.6378,1.3026,2
2.5382,-2.4408,2
1.3365,4.9479,2
-2.4623,0.47287,2
0.7519,-0.36955,2
1.3097,-2.4435,2
1.2271,-0.60656,2
-0.80921,0.30538,2
1.54,1.5555,2
-0.48991,-1.7957,2
2.0012,-2.4302,2
-0.31901,-0.35109,2
2.1579,2.11,3
-1.6199,-4.6917,2
-0.30299,4.6993,2
3.9312,-1.6507,2
-3.8086,1.0805,2
4.3496,-1.1132,2
1.2496,-0.12681,3
1.5355,3.0866,3
0.41968,-2.3535,2
-2.4032,0.35207,2
-0.89237,-1.9631,2
-2.1337,1.8262,2
-0.30952,-0.76738,2
3.9721,3.0033,2
0.80455,2.0815,2
0.99391,-1.3682,2
3.2538,3.8757,2
-2.5011,-1.1331,2
-4.3225,-1.2846,2
0.48518,1.9499,2
3.7462,2.8905,3
2.8537,0.12037,2
1.7022,-0.16828,2
-4.2138,2.9983,2
-0.61048,-0.99972,2
3.9231,-0.26882,2
1.1278,1.172,2
-3.497,-2.989,2
0.21707,1.2634,2
0.22655,0.28647,2
-2.8359,-1.1352,3
3.8177,2.1394,3
1.0239,-3.0098,1
1.7825,-1.9303,2
1.9051,1.7985,1
0.693,-2.0854,2
0.076875,2.2452,2
2.8533,4.3544,3
0.51575,-0.22994,1
-0.80929,-0.14713,2
-1.5762,0.69141,1
-3.394,0.14645,2
3.8109,0.59388,2
4.2444,-0.039129,3
-0.62113,-0.83048,2
1.5257,-0.42618,2
1.5159,1.5498,2
1.67,-1.1908,2
0.79784,3.4458,2
-1.0687,-1.5563,2
-1.2172,-2.9755,3
2.4689,1.5003,2
-1.2322,0.60182,2
-0.52167,0.75052,2
0.57025,1.6363,2
0.33468,-0.99593,2
-1.9584,-1.871,2
1.2221,0.99247,2
-2.0402,1.691,2
1.1072,0.31713,2
-1.2229,-1.6421,2
0.85617,2.8463,2
-2.0143,1.2816,2
-1.1292,0.25172,2
0.97633,-2.6423,2
-1.3211,0.034517,2
1.0666,-0.51627,2
-1.2152,-2.4266,2
0.096192,0.33215,2
1.4909,0.1204,2
2.2295,-0.63837,2
-1.8275,-2.7951,2
-0.29179,-3.6935,2
1.7784,-3.9606,2
4.0249,-1.7464,2
-1.3277,-1.8007,2
-2.3871,-2.0802,2
2.2877,-2.1665,2
-2.1207,-3.4418,2
2.6222,0.49755,2
3.7021,1.1837,2
2.4671,-1.2181,2
-1.4383,-3.3581,2
-0.55383,-2.6306,2
0.23172,1.3313,2
2.3206,1.1846,3
2.6732,0.59622,2
2.1723,2.1577,2
-1.1207,0.82731,2
-0.67125,-1.4959,2
-0.90867,-4.9471,2
1.5033,-0.53504,2
-5.2395,-1.5981,2
0.87895,6.5605,2
-0.80439,-0.90844,2
2.9444,0.80289,2
0.51785,-3.0223,2
0.32545,-0.85115,2
2.0441,-0.33744,2
1.3476,0.76734,2
0.24375,0.89241,2
1.8645,-0.51328,2
-1.4017,-2.0633,2
4.4904,-0.9079,2
5.0211,-0.70375,2
-0.16232,0.71751,2
1.0555,1.4514,2
0.60485,-0.29615,2
-0.49372,3.0687,2
-2.3502,3.6612,2
0.28629,-3.1618,2
-2.6077,1.6918,2
-0.30176,-1.2608,2
1.078,-4.9643,1
1.9465,-0.90566,2
-2.4287,-4.0877,1
-0.47557,-1.7985,2
2.1898,1.9808,1
0.75269,-1.5551,2
-0.1671,-0.17328,2
0.35364,-0.11522,2
2.8092,4.0166,2
0.52392,1.2136,2
0.53202,3.982,2
-0.36622,0.56234,2
0.61586,-5.8056,2
0.0074138,1.5918,2
0.96398,-2.9511,2
1.1996,-0.060314,2
1.7752,1.5128,2
-3.2609,3.0264,2
0.22087,2.4676,2
-1.4699,-3.0724,2
3.0551,-3.6778,2
-0.29801,-1.6413,2
6.1834,-1.0037,2
0.99217,-0.97622,2
2.2704,2.1277,3
-1.03,-1.5086,2
-2.8485,0.41767,1
0.067312,2.025,2
-4.9014,0.35072,2
-1.344,1.4555,2
1.0319,2.0276,2
-0.82685,-2.3597,2
1.1368,1.9021,2
-1.5594,-0.51685,2
-1.0215,-0.2245,2
2.0646,-1.3568,2
5.0728,-0.10371,3
0.38214,0.91792,2
1.9271,4.749,2
-0.98563,0.49846,2
-2.2696,3.8599,2
0.20799,1.8792,1
-4.1132,-3.2422,2
-0.5041,0.30062,2
0.52197,-1.9495,2
-2.6498,-0.091208,2
-0.67642,-2.1624,2
-3.6728,-0.96777,2
0.77981,-1.6033,2
