-2.5029,-1.199,2
1.0845,0.13641,2
0.43729,-1.4242,2
-2.9133,4.0275,2
-0.6039,-1.7115,2
1.3551,1.6943,1
4.2546,-1.195,2
1.9883,2.3687,2
-0.65802,-1.9978,2
-3.1759,0.6206,2
3.533,0.32904,3
1.2611,4.032,2
-1.653,-0.23629,2
-3.5245,0.82803,2
-5.3424,-5.0072,2
0.23673,-5.0229,2
-1.4361,-1.2773,1
1.1769,0.92904,2
2.4408,5.5583,2
2.0676,-0.7448,2
0.10952,0.85458,3
-1.9086,-0.64151,2
-2.5464,-1.2207,2
-3.4634,-3.3062,2
2.2693,1.4203,2
0.43779,-0.39235,2
-0.94213,-2.8674,2
-3.4069,-3.11,2
1.478,1.1344,1
3.597,2.3013,3
-0.14909,2.7509,2
2.1506,-3.4513,2
1.6361,-4.0085,1
-0.70874,-0.39107,2
1.1322,-2.8737,3
0.92888,2.3386,3
2.0407,-2.6742,2
-3.1382,1.3529,2
1.5108,-0.58534,2
1.1406,1.844,2
-1.8727,0.093076,2
-0.10126,1.5335,2
-0.59201,-2.476,2
2.5669,-2.3694,2
-0.8683,2.1587,3
1.1471,-1.6245,1
0.4088,-0.32956,2
-0.62904,-4.3446,1
-1.6274,1.1124,2
3.4396,1.7845,2
-2.975,0.38914,3
0.68867,-0.35706,1
0.85888,5.0646,1
-2.3359,-2.3582,2
-4.0935,0.09964,2
-2.0782,-3.3423,2
0.8514,-0.094746,2
-4.6437,-0.085975,2
-3.9484,1.3441,2
4.0289,1.2514,2
-0.63569,-0.10061,2
2.414,-0.5245,2
1.7727,4.3848,3
-1.239,-1.9908,2
-3.245,-3.2261,2
5.8871,-1.2048,2
-0.31075,-0.76006,2
-0.25986,0.27519,2
1.4356,-2.0904,2
2.0866,1.1883,2
0.33027,1.6488,2
-2.0548,2.6338,2
2.3854,0.68313,2
-0.45305,0.90135,2
-0.43596,2.5775,2
2.3604,1.862,3
-1.355,-2.2446,2
1.6808,-1.2482,2
0.67381,-0.33042,2
-0.96483,-2.1344,2
-3.6122,3.1025,1
-3.42,-2.4596,2
0.054805,2.6482,2
-1.9412,-4.1781,2
-0.58897,-0.030475,2
0.14745,0.36196,2
-0.12288,-3.4102,2
4.4128,0.54414,2
2.6623,4.1257,3
2.3805,0.68302,2
1.4195,3.3199,2
5.0995,2.7371,3
-0.3053,-4.2979,1
0.44803,3.3391,2
-2.9316,1.2894,2
-1.3447,-0.021805,3
2.3701,1.0888,2
2.0843,0.15255,2
-0.45672,-2.6294,2
2.7542,-0.27263,2
2.3359,-0.77159,2
-1.2924,0.44929,2
2.2995,-0.71825,2
1.6772,-1.2823,2
2.2688,1.1768,2
1.4896,-2.7297,2
-0.75406,1.4656,2
-0.097449,-0.46,2
-1.2039,2.0469,2
-0.42389,2.013,2
-1.1828,-0.1358,2
3.721,-0.51797,2
0.12182,-0.32933,2
-0.43928,-1.5899,2
-0.34415,2.0239,2
-3.9186,-5.6385,2
1.5201,1.7156,2
-3.067,-1.1936,1
4.205,-2.1689,2
5.4978,-0.80049,2
-2.8237,0.64912,2
5.9801,4.436,3
-1.0737,-1.5927,2
0.86068,-1.1561,2
2.214,-0.26729,2
0.061233,0.18213,2
0.63745,-1.7867,2
0.20844,-0.42762,2
-0.74294,0.92126,2
-0.68595,-1.787,1
3.2606,0.60553,3
-2.3125,-1.7069,2
0.17851,3.6582,1
-4.988,-2.1842,2
-0.33287,-0.20693,2
2.7322,-1.327,2
-0.7196,2.3066,2
-0.063709,-0.60564,1
4.3992,2.3,2
0.88825,1.4437,3
0.016897,-2.4975,2
2.1395,-0.58973,2
0.28097,-1.3668,2
2.4325,-2.8429,2
-1.0084,1.9044,2
1.042,2.1782,1
-3.156,0.68668,1
-0.26199,1.7488,2
-0.49106,-0.15456,2
-1.0358,-3.0198,1
-0.53704,1.2833,2
0.35444,4.1711,1
4.073,0.83907,2
3.6073,0.43688,2
1.1924,-0.53354,2
0.94611,-0.51684,2
-1.6017,4.2728,2
-1.594,1.8821,2
4.6634,0.72688,2
4.0601,4.9074,3
-4.7428,-1.2182,2
-0.031418,0.74384,1
-0.70333,1.2827,2
-0.78462,-0.69141,2
-0.027188,-0.65119,2
5.629,0.19458,2
5.1108,2.3736,3
-0.92879,1.6097,2
-2.5153,-0.57561,2
-4.2271,-0.57049,2
-2.8596,-2.8896,2
-3.0913,-1.4609,2
-1.4431,-3.7776,1
-1.5842,-0.23906,2
2.4438,0.42629,2
0.23701,-0.18694,2
-1.819,-1.1808,2
-2.083,-2.2872,1
-1.3826,-2.574,2
3.7369,-2.0382,2
0.87045,-1.7362,2
1.5086,-1.9306,3
1.2872,1.3423,2
0.92282,-0.96925,3
-0.39894,-0.667,2
-1.6162,-1.419,2
-0.90298,-1.4265,2
-0.64616,-4.0873,2
-4.4894,1.1416,2
-1.9973,-1.7454,2
-3.8082,-2.2157,2
-1.8452,0.71027,2
2.3246,1.5948,2
-1.1875,3.0169,2
0.4096,0.42866,2
2.1091,-2.5073,3
0.95854,1.664,2
-2.1877,1.8932,2
1.4598,2.5976,3
2.0843,-2.1149,2
2.403,-0.42293,2
1.3978,-0.83312,2
-2.3326,1.1039,2
-0.7816,-4.0927,2
-0.1737,-3.3854,2
-1.4851,-1.2794,2
-0.11848,-0.5675,2
-1.5114,-3.6611,2
0.1351,1.6713,2
0.019513,-1.233,2
-1.0725,-1.5463,2
1.2056,-1.1457,2
-1.1201,0.30805,2
-0.86191,-0.59358,2
0.7063,1.4162,2
0.5103,-0.3974,2
1.9198,2.9883,2
-0.34364,0.63806,2
4.8563,1.3174,3
0.93035,1.1259,3
4.3506,-1.5892,2
2.2616,0.76807,2
0.82412,2.6879,2
-2.0813,-3.0401,2
0.511,-1.2844,2
2.8171,-0.28306,2
-2.6178,-2.1126,2
-0.89547,0.59788,2
1.8742,-5.7525,2
-3.0319,1.0242,2
0.79775,-1.0647,2
1.9151,2.1151,2
-1.803,0.76193,2
-0.39433,-0.52112,2
-1.4467,-2.1953,2
3.0694,-0.39935,2
-0.26602,1.972,2
3.0128,-2.8157,2
-5.6777,-3.3307,2
-2.7128,-0.36846,1
-3.4772,0.34507,1
2.9955,3.0254,2
-3.5727,0.23211,2
-0.155,-0.39965,2
-0.20275,-0.27905,2
-3.3521,-1.3538,2
-2.8347,-0.28874,2
-0.69828,-1.351,1
-1.3364,-2.1373,1
1.8032,3.4498,2
2.4002,6.2001,2
4.3749,1.3357,2
0.33768,-1.881,2
3.3342,1.9836,3
-3.6179,0.60691,2
-1.8347,3.1681,2
2.6613,1.8612,2
0.0546,0.89684,2
0.53722,2.6403,2
-2.7889,-4.4911,2
0.60748,-1.1627,2
-2.1308,0.18265,1
2.95,2.1454,2
1.6585,3.6749,2
-0.04426,1.122,2
0.53013,1.2294,2
-1.6316,-2.8991,1
-0.56696,3.3094,2
-0.36707,-0.78958,2
-3.2238,3.7999,2
-0.60117,-0.06856,2
0.070909,-1.5338,2
1.9916,1.2335,2
2.32,1.8612,3
-3.6224,-2.4571,2
-0.48497,-6.0179,2
-2.7642,-1.7094,3
1.9591,-1.4842,2
1.7014,4.0477,2
-0.41045,1.35,2
3.0869,2.9115,3
2.2703,1.3117,1
0.10123,0.80013,2
1.1886,0.50288,2
-2.839,2.5345,2
-2.2919,2.5458,2
-2.0895,0.11463,1
2.1814,-3.0349,2
-1.9167,-4.2281,2
0.12338,-0.49016,2
-4.0762,-0.073969,1
1.1605,2.0975,2
0.14379,1.9803,1
-4.4597,3.4249,2
3.0261,4.5692,3
1.8654,5.6037,2
-1.795,-0.31477,2
-1.142,1.1747,2
-2.8958,-1.5859,2
-5.1097,0.096236,2
-6.3959,-5.472,2
3.4348,2.1358,2
-1.7257,-1.5469,1
0.80095,0.36659,2
2.894,2.8922,3
0.72624,0.37784,2
-0.77115,-4.1609,2
-0.67582,-0.20476,2
1.3197,-0.45406,2
-0.22788,-0.70438,2
0.92503,0.085011,2
-3.1716,4.9136,2
-3.0798,1.4282,2
-1.5327,-1.0612,3
1.9004,0.76089,2
0.20199,0.76602,2
-0.61331,-1.826,2
1.7682,1.8882,2
3.935,1.9315,2
-1.6168,2.1357,1
-2.4761,2.1657,2
5.2241,8.1704,3
1.0189,2.6091,2
-2.6202,-1.0611,2
1.6366,4.5247,3
-2.1464,2.5778,2
-1.3236,2.7472,3
-0.091429,-0.1318,2
-0.31203,-2.456,2
1.8808,1.8679,3
4.7517,1.6878,2
1.332,-2.0775,2
1.5052,1.0376,3
3.7038,2.1927,2
-2.1766,-0.45859,2
-1.8979,0.24252,2
-0.64485,-3.0427,2
-1.4734,4.8332,2
0.95068,0.93633,2
0.74253,-2.6381,2
-2.578,-4.9057,2
-2.0648,1.9446,3
-2.7833,1.2729,2
-1.8087,-1.0303,2
2.1345,-0.20741,2
1.6752,-0.36624,2
-2.3916,-2.1812,2
0.70498,2.1683,2
-1.2029,-2.5185,2
1.7027,0.68953,3
-0.93963,-0.40681,2
1.5931,0.89794,2
-0.30405,-2.5293,1
-0.58947,-0.92499,2
0.43606,2.0523,2
1.8705,-3.7936,2
-0.94436,1.0835,2
-0.83437,-0.35839,2
1.9319,2.3421,2
-2.4256,-0.26137,2
0.43095,0.21558,3
2.6734,2.0897,2
-5.0474,-2.785,1
0.40164,0.78697,2
0.75496,4.4912,2
3.6025,2.1441,2
2.85,3.4384,2
-1.7852,-2.1082,2
-1.7458,1.3239,2
-0.11103,1.6184,2
-0.86071,-0.81985,2
0.62588,0.66789,1
3.0204,-3.7099,2
2.0792,1.497,2
-5.8551,1.2586,2
-3.1736,-1.6583,1
4.8554,4.2891,2
-0.80092,0.028966,2
-1.7551,-0.25423,2
-3.3949,-1.0955,2
2.938,-1.5981,2
2.2698,0.80314,2
0.94422,2.4089,2
2.778,-0.44319,2
1.3926,-0.28302,2
-0.25488,-3.0826,2
-0.72728,-1.3082,2
2.3369,0.36342,2
-1.6945,0.61509,2
-2.218,0.075995,2
-1.534,-1.1603,2
2.8961,-3.0335,2
-1.9252,-4.5399,2
-0.36272,2.7997,2
-1.3592,-3.4439,1
-0.39809,-0.098291,1
1.2563,1.6,3
4.6769,7.8649,2
0.13437,3.3082,3
-2.9888,-1.1955,2
-0.94877,-1.6756,2
-3.2319,-2.2357,1
-1.9551,4.9616,2
1.2316,-0.18511,2
-2.8065,1.946,2
1.3685,-1.4493,1
0.25718,1.4119,2
-3.1213,-5.3438,1
0.33275,0.81783,2
-1.6036,2.2131,2
0.12444,4.4832,2
2.1083,2.1073,2
-2.7827,-3.8143,3
0.85406,-0.68248,2
2.3504,-3.5035,1
1.589,1.5574,2
0.0071826,-3.7191,2
-1.5405,-2.8118,2
0.61836,-1.7771,2
2.5384,-2.1184,2
2.7512,2.0675,2
-3.298,-3.4524,1
1.3925,-1.9559,2
-6.4482,1.3509,2
-3.7584,3.6061,2
-1.4034,2.0811,2
2.37,-3.5306,2
-1.3247,2.0223,2
1.6666,2.9006,2
-1.3621,-2.6564,2
-1.043,-0.21453,2
-0.5891,-1.5199,2
-3.042,0.24384,1
1.4356,1.5226,3
2.8758,-1.9883,2
1.654,0.83793,2
-0.23916,-0.77973,3
-0.087933,-0.7032,2
-1.2172,3.4105,2
3.5164,0.19674,3
-1.7867,1.6703,2
-1.5391,-2.7846,2
-2.4129,-0.57125,2
0.93155,1.1181,3
4.2984,-1.1182,2
-0.80662,-3.7487,2
0.36482,0.29394,3
1.9295,2.1638,2
1.644,-0.33222,2
-1.3149,2.2049,2
-4.4781,-4.3656,2
4.2153,-1.0073,2
-3.1629,-1.9014,2
3.2119,-1.1299,2
-2.3881,-3.3963,2
-0.27372,1.6582,2
-0.46847,-3.9248,2
0.87096,0.91765,2
-3.7096,0.75275,1
-0.40304,-2.6,3
-1.6712,-2.7106,2
-0.44616,1.8701,2
-3.674,-2.7217,2
2.5246,-3.1594,2
-1.3924,0.30712,2
3.7522,4.6223,2
4.321,-3.3767,2
-3.4065,-4.9987,1
2.6167,1.6997,2
1.4948,-0.44299,2
-5.6768,-2.3182,2
-0.9619,0.45287,2
-0.45254,-2.6124,2
1.2471,-0.46981,2
6.1868,-0.093063,2
-0.15318,0.085743,3
-1.8711,-5.9663,2
0.17538,4.1093,2
-0.842,1.545,2
1.056,-1.1968,3
0.37086,-0.1248,3
1.6018,2.5326,1
-0.67923,2.3326,2
0.63599,2.2926,2
2.2336,-3.1085,2
-3.4307,-2.9531,1
-0.90451,1.9519,2
-5.042,1.1439,1
-5.2287,-1.3523,2
-3.2504,-0.92154,2
0.3826,-1.4613,3
-2.9991,-2.8036,2
-3.1907,0.17593,2
2.8375,-0.67534,2
1.6551,-1.7455,2
-3.6247,-1.8581,2
1.0315,2.0961,2
0.59121,0.48605,3
-0.65857,0.81804,2
0.94552,0.54988,2
1.605,1.9245,2
-2.2793,0.17482,2
2.3522,0.12909,2
0.1335,1.3536,2
-2.3341,-0.23006,2
-0.55044,-0.32645,2
-1.6668,-1.5955,2
3.0605,-2.0614,2
2.5188,-0.50626,2
5.2411,5.1933,2
-2.2242,-0.72722,2
0.67198,1.2654,3
0.75344,3.3338,2
-1.2539,-4.026,3
-1.3838,1.2971,2
2.3589,-0.23345,3
1.073,1.6024,2
2.1978,1.9524,2
-4.6097,-1.4421,2
2.677,-3.0202,2
-1.1219,1.8337,2
-1.9311,1.2633,2
-0.74106,-1.533,2
3.1126,-0.063905,2
-2.763,-1.8888,3
-5.7631,-2.5683,2
-0.36675,-0.017521,2
2.4484,0.29412,2
-0.54962,-2.4919,2
1.8548,2.6283,2
-1.3478,2.2839,2
1.7269,1.2598,2
-1.9628,-1.3188,3
2.4419,-1.6173,2
-3.0139,-2.1068,2
-1.3652,-0.5253,2
-4.6951,-0.78472,1
1.3081,2.237,1
-1.8418,1.4989,2
-2.746,-0.41145,2
0.042717,2.2156,2
-2.2705,-0.86068,2
-0.81285,0.50956,2
-1.0179,-2.5881,2
-1.9103,2.5315,2
-1.4428,-0.72939,1
3.1635,1.5647,2
0.37176,-0.3763,2
0.47484,-0.40014,2
-0.18799,2.247,2
-4.5228,2.9694,2
-1.9208,-1.4935,2
2.9304,3.1858,2
3.0489,1.8326,3
-1.1776,-0.63385,2
1.7194,-1.0917,3
-3.7298,-0.63202,2
0.28404,1.7538,2
-4.4514,-1.8097,1
-0.8279,2.0134,2
3.2114,0.29972,2
-4.4114,-2.0639,2
-1.965,-2.0259,2
-0.83663,1.1982,2
4.3079,2.8584,3
1.5787,-1.4019,2
-2.2238,-1.6166,2
0.49399,3.2071,1
-1.3597,-3.0393,3
5.4779,1.8103,2
2.8923,3.4307,2
-1.0066,-0.57995,1
2.516,2.6701,2
4.2259,0.94659,2
-3.1542,-0.70279,2
-4.4974,0.90081,2
0.92641,5.5187,2
0.15816,2.2132,2
0.68758,2.3596,2
-0.13882,-3.2152,3
-5.6287,-2.7381,2
-4.6627,-1.1032,2
0.81102,0.55561,2
4.306,0.65953,2
-3.0446,0.19599,2
0.22496,-0.14142,3
0.78316,0.71327,2
-0.81459,-0.45823,2
-1.5632,-0.61229,2
4.5325,0.61263,2
2.9956,-3.2547,2
-2.1572,-1.0378,3
-1.9119,1.0564,2
-0.80984,-0.14347,2
0.87322,-1.9393,2
0.91095,0.22726,2
-0.92941,0.64851,2
-2.2503,1.137,2
-0.42017,-1.7132,2
-2.6253,1.3362,2
4.5288,2.7029,2
1.0542,-1.1968,2
-0.26438,-1.1385,2
1.1072,-2.2675,1
-5.839,-3.2803,1
0.56579,-4.4301,2
3.3501,-4.403,2
-1.3582,-1.796,2
-2.9057,-0.19926,1
3.3393,0.43871,2
-2.0848,-3.1591,2
0.039528,1.1736,1
-1.4112,-4.1434,2
-1.7471,-4.0764,1
-0.23234,1.3878,2
-4.2587,-3.6878,2
0.94495,2.7899,1
-2.6431,-0.11822,2
-0.9704,-0.9988,2
0.90063,-1.4937,2
-3.6106,-2.4813,2
0.76544,-0.10096,2
-2.2781,4.2923,2
3.19,-1.2224,2
2.7258,2.008,2
0.57856,0.57209,2
-0.26454,-2.2625,3
-0.61065,-0.16826,1
0.93126,-0.031977,2
0.74909,0.80355,2
-4.8893,-4.1917,1
1.615,2.0246,2
-0.58308,-2.1537,2
1.5025,3.2353,2
-1.3739,1.7865,2
-0.91687,2.2814,2
-2.7735,-2.3643,2
-1.186,-0.72975,2
-2.7799,-1.0544,1
1.3623,-0.053079,2
2.4791,-4.1106,2
2.2123,2.9591,2
-3.0874,-2.6237,2
2.7193,-0.91906,2
2.3601,1.4726,2
-0.38857,-0.87297,1
1.6914,-0.64969,2
-0.032494,2.3546,2
1.0003,1.5575,2
0.57933,3.3146,2
2.8584,2.9696,2
0.1655,-3.2188,2
-3.2843,-4.8902,1
2.1228,1.6346,2
-0.19954,-1.5241,2
-2.2688,-1.1903,3
-3.6339,-2.1172,2
-1.3676,1.5972,2
0.99491,-2.1267,2
-1.5591,1.3468,2
-0.62241,-1.042,2
-0.3087,1.6726,2
-3.8149,2.2747,1
0.61002,-2.7307,2
0.56115,2.059,2
-2.126,-1.1004,2
-1.3404,-0.44145,2
-3.3811,-4.8192,1
-2.2623,-3.3998,2
-2.6413,0.89132,2
-2.6413,-0.22515,2
-3.2765,-1.4872,2
-2.6291,-0.1629,2
-2.4793,-0.88878,2
-0.69636,-1.2595,2
-0.63918,-1.4063,2
0.52114,-2.0519,2
-3.4722,-0.93873,1
0.84507,1.1061,2
-2.8435,-1.0627,2
-0.052836,1.5006,2
-1.8217,0.3157,2
1.2845,-1.1733,2
0.49891,0.039497,2
2.8771,-2.5676,3
6.0663,0.63504,2
2.3582,-1.768,2
-2.0798,-0.54214,2
1.7038,-0.060082,2
-0.86631,-0.020947,2
-0.86259,-0.27777,2
-4.0932,-0.060755,1
-2.8632,0.55642,2
-1.7951,-1.083,1
2.3553,2.4614,2
-0.3585,-0.4519,2
-2.7696,0.71146,2
0.9212,-1.9052,2
-0.37654,-3.7013,2
0.37465,-3.4396,2
0.6142,0.54008,2
-4.4724,-2.522,1
4.2002,1.8347,2
-4.6089,-1.6485,1
5.3378,-0.23603,2
1.996,-0.34646,2
0.060465,0.34273,2
-4.3395,-2.8351,2
-1.3905,-2.0345,2
-1.7026,0.62445,2
-0.013532,1.4405,2
0.60814,0.99068,2
-0.65586,-0.59611,2
-0.45485,2.1778,2
-1.9236,-0.90786,2
-0.86357,1.556,2
2.2106,-3.2972,2
-1.6555,1.9812,2
1.6459,1.194,2
-1.0629,0.92986,2
1.6818,0.13493,3
-1.4805,-4.9626,2
6.6448,3.17,2
-2.1488,0.044516,1
-1.5971,-2.3059,2
-2.622,0.306,2
1.8289,4.6607,2
-2.428,3.7201,2
-0.34735,-0.59501,2
2.3002,0.4714,2
-2.5775,-2.743,2
-0.20484,0.81165,2
-2.4842,2.9532,3
0.73764,3.2708,2
-1.0597,-2.6443,2
-2.7429,0.67174,2
-3.2052,4.2064,2
2.3858,4.1081,2
0.84831,-2.6784,2
0.031453,-0.59451,2
2.0974,-3.7716,2
1.6191,1.7041,2
-1.9515,0.87879,1
1.6332,-0.74061,2
1.2498,1.7745,2
0.21217,-3.4565,2
0.35292,0.70632,2
0.92549,-4.7426,2
2.402,0.67586,2
2.1612,0.39262,2
0.0059869,-3.5556,2
1.0412,-2.0008,2
-1.8071,-2.3857,2
1.4343,-1.9742,2
1.1156,5.1189,2
-1.7397,-0.25844,2
-1.1125,-0.79495,2
-4.0164,1.1227,2
-0.26371,0.054508,2
3.4281,0.21653,2
-0.20938,0.39767,1
2.101,0.48281,2
-0.1113,-3.373,2
0.23633,-3.32,2
2.0496,0.50377,2
-2.75,-2.7076,1
1.3538,-3.5433,2
-1.4185,0.38408,2
1.9596,2.1574,3
0.45484,1.1904,2
6.1692,1.6791,3
2.3199,-0.15353,2
-3.5912,2.0772,2
-1.3513,0.58657,3
-1.8459,-4.8301,2
0.41853,2.4214,2
2.155,2.096,2
1.3954,-0.28359,1
-0.50429,-2.4826,2
2.0336,2.9818,2
1.0643,-4.707,2
1.1788,3.3474,2
1.5101,1.176,2
-0.59903,3.6234,2
-0.17418,1.0604,2
-1.2511,0.45117,2
0.31894,-2.0014,2
-3.6003,1.5695,2
-4.0417,0.86118,2
-2.9778,-6.4069,2
-1.0937,0.68009,2
-3.8009,-0.92814,2
3.2952,2.0494,2
-2.6942,-5.0387,2
2.1074,-1.7173,2
1.8647,-1.127,2
1.2705,4.654,2
-1.5201,-2.7244,2
-1.9007,0.36923,2
-0.7911,-2.0292,1
1.0827,-1.6819,3
-3.3174,-0.027121,2
-0.93037,-3.6357,2
2.0655,1.0894,2
3.2075,-0.95123,2
-3.5639,-1.4528,2
-1.1094,4.5797,2
-2.4875,1.5276,2
2.045,-2.9389,2
-2.2888,-0.062106,1
-1.7927,1.0556,3
0.26151,-2.6368,2
-2.4537,1.3886,2
-0.90173,3.6169,2
1.5055,1.2259,3
-0.69643,-0.94568,2
2.8476,6.5814,3
1.011,0.20175,2
0.65883,0.63332,2
-5.2464,-7.2773,2
3.8847,1.9104,2
-4.5932,-0.795,2
-1.3484,1.1318,2
2.0018,-1.8051,2
-0.97763,-3.1023,1
-0.2378,1.7794,2
3.0744,0.076477,2
0.29054,0.11975,2
1.0263,0.49593,2
-4.5017,-4.0546,2
-5.2167,3.6235,2
-2.7199,3.519,2
-1.269,-0.34421,2
-0.67542,0.1651,2
2.9286,2.1821,3
-1.8653,-4.6695,2
0.82536,-1.1327,3
-0.15394,2.9492,2
-1.9969,0.34945,1
0.161,1.8276,2
2.2749,-0.44356,2
-0.65558,1.8807,2
0.0017912,-1.4167,2
0.67666,-0.28257,2
-1.821,5.2596,2
-0.94951,-2.1552,2
1.3032,-2.6433,2
-3.0615,0.31443,2
-0.66774,5.3518,1
-0.33447,-1.6747,2
4.6176,1.5355,2
-2.3879,-2.6462,2
-1.8692,1.985,1
-3.879,0.89859,2
-2.6716,-0.20453,2
2.1011,1.5018,3
1.72,-2.7142,3
-4.3057,-1.0065,2
2.5498,-0.15928,2
-3.9469,1.6508,2
2.6871,1.8534,1
-1.2037,-1.2372,2
-2.7403,3.2021,2
0.1733,2.6187,2
-0.89864,-1.6185,2
2.1309,1.7587,2
0.9354,-3.0758,2
0.91778,-1.1565,2
3.8774,-0.90559,2
1.8687,-0.25938,3
0.56193,5.3907,2
2.3094,2.8536,2
1.4414,0.11824,1
-3.5958,0.61919,2
-1.4828,0.58443,2
-4.5944,-1.7477,1
0.72907,0.29988,2
-0.71602,-1.2068,2
-1.6028,-2.9809,2
2.2231,-2.2872,2
2.2576,-2.5936,3
-4.3052,-0.71995,2
1.2628,-1.5997,2
2.9351,0.18141,2
0.75408,-1.4216,2
-0.92783,0.99789,2
1.4596,0.10531,2
-0.015849,-1.0733,2
2.278,-1.0102,3
-0.17517,5.891,2
-1.5699,-1.485,2
2.4245,-3.7971,2
0.1726,-0.31145,2
-1.0083,0.45989,2
1.6016,-3.7789,2
-1.9788,-2.0945,1
1.6974,1.0365,3
2.1302,-0.15131,2
3.1879,0.73656,3
-3.6068,3.2013,2
-0.43085,1.7499,2
-6.2038,-2.7081,1
-0.31168,1.7117,2
-2.4563,-0.36574,2
1.3192,-1.52,2
0.94757,-1.1694,2
-1.8547,-0.65351,2
-0.68093,-1.8914,2
-3.0949,-0.81801,2
2.0396,3.1538,2
-0.37829,-1.1202,2
2.6999,3.481,2
1.2338,1.0729,2
2.1409,-1.9408,1
-0.37594,-1.7815,2
5.0633,1.2709,1
-2.6859,-1.4646,2
1.0268,1.8815,2
0.77013,-0.47411,1
-2.4433,0.94889,2
-0.49691,-1.4398,2
-1.7994,-0.84942,2
-1.7493,-0.96908,2
2.2125,0.60185,2
-4.1054,1.3787,1
1.104,-1.8899,3
2.4277,-0.31809,2
0.52835,-0.29143,3
1.5976,3.142,2
-0.92093,2.7315,2
-1.3213,2.7693,2
-2.3012,0.052823,3
0.68868,5.2161,2
-1.675,4.2287,1
-2.6624,0.59694,2
-0.51799,3.1628,3
-1.4863,1.4775,2
-2.2168,0.084743,3
-4.325,4.1742,2
-1.8564,-2.0532,2
0.0067231,0.50053,2
-3.3772,-1.6554,2
-2.2627,4.8672,2
-1.9078,-7.1139,1
-2.1325,-1.4363,2
0.65931,-1.1898,2
2.5842,-0.51255,2
-0.10041,-0.42699,2
-4.1347,1.9672,2
-0.50949,2.9657,1
-0.51052,3.3407,2
-1.7067,0.86353,3
0.31235,-0.10148,2
0.088654,-3.3066,2
-3.9971,5.398,2
0.54472,0.54489,2
-3.1089,-0.86729,2
3.3016,3.1717,2
1.2807,3.8807,3
2.6757,0.53236,3
-1.4257,-0.11001,2
0.32829,1.9029,2
-2.888,-1.9683,2
-1.086,1.2999,2
0.72817,-1.6128,2
-0.71882,-1.4892,2
-2.3112,0.84377,2
-1.4616,-0.31307,3
-1.1477,0.95845,3
-2.233,1.155,2
2.4695,-1.6958,2
-2.9835,-1.4238,2
2.3636,1.0373,2
2.181,-0.25044,2
1.4065,-0.93766,2
3.62,2.2097,2
-1.3447,-1.4931,2
-1.4519,-2.1174,1
-2.8958,-1.4446,1
3.9074,1.2145,2
0.1207,4.0887,2
-1.6266,-0.06944,2
5.2267,1.1233,2
-0.42827,0.99936,2
2.4004,-0.37595,2
1.9611,0.72951,3
2.1774,2.1324,3
-1.0203,1.6573,2
1.9917,-1.3014,2
-4.7445,1.6057,2
0.46181,-3.9624,2
2.1219,-6.1497,2
-0.69876,-0.10415,2
0.8859,-2.6625,2
1.4663,0.66258,2
-1.2974,0.35766,2
-1.4768,-3.087,2
-0.47452,1.0835,2
-0.42142,-1.9426,2
1.7968,-3.9663,2
-2.0715,-0.98849,2
-0.34,-0.34155,2
-0.68419,2.4311,2
2.1198,0.21732,2
-0.22747,-2.3355,2
-0.43438,-1.7304,2
-2.3961,-4.0262,2
0.95418,-2.5087,2
-0.53057,-1.3652,2
1.341,-1.4886,2
-2.0306,0.42544,2
-1.8525,1.6232,2
0.66523,1.2537,2
1.7475,0.74192,1
-0.19978,1.2897,1
1.8255,-1.6761,2
-1.4851,-2.1512,2
1.169,1.5405,2
0.40169,1.4997,3
0.064491,0.90455,2
6.6518,6.0043,3
-0.88767,1.1333,3
-1.4639,-0.10331,2
0.23341,-1.6495,2
0.09745,-0.99058,2
-1.753,-3.5097,1
3.9271,0.49257,2
-5.3901,-3.1352,2
3.2111,-0.77635,2
-0.34703,1.0088,3
-1.2317,-2.447,2
1.3213,-1.4413,1
3.6285,4.0924,3
-1.2038,3.8801,2
-1.5944,-1.223,1
-2.3273,5.6491,3
0.69076,-1.7076,1
6.3721,-0.65157,3
3.441,-2.1146,2
0.064554,2.7191,2
0.40039,1.4957,3
2.6188,0.65636,3
0.64199,4.681,2
-0.10161,3.1323,2
-1.275,1.677,2
0.76375,4.1922,2
0.47107,-1.6109,2
-2.2994,0.30991,2
-2.8722,-3.979,2
-0.13007,2.5727,1
3.9534,3.9187,3
1.1278,1.3543,2
-4.378,0.25597,1
-1.3039,-4.2458,2
1.9759,2.0088,2
0.52018,1.9123,1
-2.0296,-3.5617,1
-0.13449,-1.1927,2
2.5941,-1.4198,2
-0.57879,-1.7656,2
2.5563,-0.2829,2
0.047688,-0.48457,2
0.67713,0.9597,2
3.5403,1.4094,2
-3.0753,-0.82157,1
-3.8824,-1.2123,2
2.9409,0.26742,2
-1.6818,1.317,2
0.39285,-0.026484,2
-1.3123,-0.91605,2
-1.8693,0.88887,2
0.378,0.8795,2
-3.4017,0.020542,2
0.83298,-1.5721,2
0.97094,0.84804,2
2.3016,0.84068,2
2.5432,-0.46626,2
-0.73522,-1.6024,2
3.7414,-1.6655,3
-0.22103,-0.38055,2
-3.4906,1.9735,2
0.1569,-1.86,2
-4.5961,2.5122,2
3.0552,0.085679,2
0.48646,0.085335,1
-1.2495,-1.6313,2
1.7602,1.2307,3
1.6026,-0.17307,1
1.6184,2.7443,2
1.4344,-0.52024,2
0.56051,3.1923,3
-0.75159,2.1124,1
3.6082,-1.7871,2
-0.811,-0.62503,2
-0.82458,2.0329,2
4.1574,0.051044,2
0.91618,-0.48735,2
1.7222,0.047169,2
1.5733,3.1217,2
0.45468,-2.3871,2
2.4184,-0.55767,2
1.9803,3.5469,2
1.369,0.53514,2
-0.72361,-1.8035,2
-3.4813,2.9545,1
-0.96571,4.439,2
-1.2978,-0.9255,2
1.4887,-2.0148,2
3.3434,0.083643,2
-1.8263,0.95138,2
-0.42165,-1.2311,2
-1.3497,0.40269,2
0.081026,-4.6089,2
-1.6254,-1.5991,2
1.6983,-1.1565,3
1.1521,-0.38528,2
-0.81912,3.7524,2
0.97886,4.6465,2
-0.2089,-2.6452,2
-3.8784,-1.8923,1
-1.5019,1.6917,3
1.1483,2.0367,3
-0.61575,1.9161,2
0.82321,1.325,3
1.1977,0.7304,2
-2.9923,-4.7544,1
1.4979,3.3575,2
3.7783,0.61674,2
-1.7611,3.7819,2
-4.5436,-1.4735,2
0.6604,1.0925,2
-0.65925,-2.6507,2
-0.43083,0.83278,2
2.2863,2.7533,2
1.9395,3.7586,3
-1.3789,-1.4605,2
-1.7072,-3.5179,2
2.6121,6.6248,3
0.80645,1.1011,2
-0.67661,-3.297,2
-0.64748,2.4716,2
-0.53527,2.267,2
0.62482,0.041833,2
-3.0134,-8.637,2
1.7607,0.12351,2
-0.87325,-1.803,2
0.41055,0.60425,2
0.76927,0.85008,3
-1.4225,-3.0019,2
-3.3427,-0.67429,2
-0.43371,-0.99308,2
4.8685,2.2,2
3.3777,1.1688,2
-0.84077,0.4105,1
0.4635,-1.4864,2
-4.2557,-4.9645,1
-3.6556,-6.8064,1
-0.8829,-1.2787,2
-2.9402,0.073891,1
1.0839,0.66604,2
1.4328,2.4782,3
-2.2123,0.83356,2
-0.80219,-2.9926,2
-0.25695,-0.83849,2
0.95646,0.13643,2
-0.30191,-0.90519,2
-1.4516,-0.28543,1
-1.6575,0.37185,2
-0.046675,-2.4754,2
0.15531,-0.22484,2
0.69682,-4.6836,2
0.19758,0.39364,2
1.7308,-0.98037,2
3.5949,0.91502,2
2.1886,-0.3783,2
0.53123,-0.5881,2
1.3099,-0.16699,2
-3.3586,-2.0883,1
0.92662,2.8028,2
0.57361,-1.9185,2
0.1146,-3.4403,1
0.77561,-0.33264,1
1.704,-1.1702,3
-2.9179,-1.75,2
-2.0921,-1.9733,2
-0.19907,-0.21348,3
-2.6132,3.5339,2
-0.40214,1.7536,2
0.29009,-0.62732,3
4.4523,-0.42616,2
-1.9273,-4.3881,2
-4.6771,-4.3778,2
0.13751,0.16575,2
0.31781,-0.40506,2
1.3811,-0.44276,2
-1.4969,-1.746,2
-0.48976,-4.6777,2
2.9052,4.1627,2
1.1157,-3.2116,2
-0.83287,-2.6345,2
-1.7254,0.15712,1
3.104,-1.2028,2
3.8373,3.2282,1
1.2505,0.68204,2
-2.7199,-0.91151,1
-1.0978,-2.9821,2
0.37209,3.0676,2
-2.2347,-4.9602,2
1.9799,1.8906,2
1.3347,-0.53267,2
5.292,-1.314,3
1.4219,-3.9469,2
-6.5191,-0.58321,2
2.4671,-1.5503,2
-2.9391,3.7428,2
1.5771,0.31889,2
1.171,2.5422,2
0.82523,0.94073,2
-3.5751,-0.72411,2
-0.55423,-0.072201,2
-3.0817,-0.82955,1
0.66011,2.3528,3
0.29196,-3.7342,2
0.82282,2.7172,2
1.6773,1.7534,2
0.92269,1.8198,2
2.3253,2.5973,3
-1.68,0.75398,2
5.0366,-0.42464,2
0.83686,1.2625,2
-0.95851,1.5593,2
-1.675,-0.54507,2
-0.56123,0.97246,2
1.4335,1.277,2
0.73959,1.1368,1
-2.0774,-1.2624,1
0.45869,2.4051,2
1.0031,-0.55485,2
-4.1521,5.7199,2
-1.2236,0.40511,2
-1.0237,-1.4007,3
2.4869,-0.12745,3
2.4677,-5.231,2
0.82832,-0.92478,2
2.8504,-2.2995,2
-2.1685,0.86277,1
1.4622,-0.15885,3
0.6996,2.1493,2
-4.0114,-0.45063,2
0.99415,-5.3744,3
-6.0643,-2.7998,1
-2.5116,1.6885,2
1.1042,-1.0949,2
0.74364,-2.4205,2
-1.8265,-1.5443,2
1.73,0.26911,3
-2.533,0.020405,2
-1.6891,-0.79667,2
1.2869,2.7432,2
3.637,0.57795,2
-1.2332,0.14069,2
-1.9924,-2.3033,2
3.234,3.1392,2
0.21807,-1.7244,2
2.1744,-0.50288,2
3.7723,-0.13754,2
-3.4082,2.237,2
0.72449,-2.8831,2
5.0676,-1.0943,2
-2.718,3.4092,2
-0.58297,-2.5357,2
-0.53073,-1.5118,2
0.79169,-1.6521,2
1.4077,2.2953,3
-0.56857,-0.70434,2
-0.76835,5.0313,2
1.1662,0.3815,2
3.5095,3.0315,2
0.6244,0.98388,2
3.0318,1.7039,2
-4.136,-1.398,2
-3.3266,0.80299,2
-1.4241,1.3774,2
-1.2852,-0.14195,2
-2.0199,-0.82351,2
-1.8907,-0.839,2
2.3693,3.4444,2
-0.25317,-1.6564,2
0.64035,3.5522,2
-2.0052,1.0432,2
-1.3722,1.0517,2
-0.74524,-2.6122,2
-5.0021,1.9389,2
0.41955,-1.6069,2
-0.72866,-0.79096,2
0.1561,-4.3368,1
-0.79879,-1.8639,2
-1.4175,0.78496,2
-1.2524,3.0007,2
3.3102,-1.6054,2
-1.2294,1.271,2
2.4644,3.6845,3
1.5786,-8.1901,2
-0.68569,4.6432,2
-3.6576,-2.1362,1
2.5833,1.3309,2
-2.7988,-5.3219,2
-3.3722,-2.7155,2
-0.37878,-0.71339,2
0.84497,-0.22946,2
1.7851,1.3774,2
-3.4449,1.8629,2
0.35899,2.5493,2
3.472,1.9743,2
-2.3005,-4.2589,2
1.1356,-0.50454,2
-1.2775,1.247,1
0.060254,-5.0743,2
-1.8982,-1.8471,2
-3.8879,-1.6618,2
2.4363,-2.8171,2
2.067,-2.8954,3
-0.9484,-3.2642,2
-8.4169,-4.4175,2
-1.3911,-1.5204,2
-1.9604,-0.90599,2
1.2941,1.6459,2
-1.7275,0.22575,2
1.6937,2.2055,2
1.7296,0.59183,2
-2.2826,-0.64366,1
-3.451,0.26758,2
3.1981,-1.766,2
-0.57814,0.86922,2
-0.75854,-4.0559,2
-2.575,2.8067,2
3.2294,-3.904,2
-0.59692,3.2995,1
0.27298,-0.27373,1
3.1774,-0.8278,3
-0.77114,2.8193,2
-0.34591,0.21582,1
1.2788,3.6483,2
-3.1334,1.612,2
0.74406,-0.18933,2
5.8052,3.3759,2
0.369,2.6469,3
-1.4457,-1.1104,2
2.6581,2.4561,2
-3.668,-1.3569,2
-1.9268,-0.87497,2
-0.092952,-1.905,2
-1.601,0.30861,2
0.03146,3.3378,2
1.4359,1.9028,2
-3.0569,-4.3307,2
2.6534,-0.30675,2
-1.316,0.41122,2
0.44879,0.95155,2
5.4064,5.4953,3
-1.4588,2.15,2
0.78267,-1.1004,2
0.52069,-1.4371,2
1.8305,-0.22401,2
-1.8418,3.5318,2
0.50876,4.3056,2
-3.2763,0.69116,2
2.6226,0.38665,2
0.80057,-3.8862,3
-0.70257,-6.0348,2
1.4105,-4.5974,2
3.4486,1.5315,2
1.1662,-1.3039,1
-0.029114,-0.12384,2
-3.6639,-0.92032,2
1.5005,1.6743,2
2.6173,-0.52202,2
-3.9029,-0.066623,2
-0.10456,1.7444,2
-0.89828,0.66237,3
-0.0061245,-2.6581,2
0.18022,4.2365,3
0.10316,-0.56401,2
1.299,-5.0288,2
0.6802,0.92086,2
-2.1568,0.66079,1
2.4325,0.11266,2
-1.8883,0.20431,3
1.7466,1.2625,2
3.5348,-2.4665,2
-1.2705,0.64931,2
1.4014,-2.5796,3
1.6651,-4.1376,2
-0.2611,-1.4889,1
2.0247,-0.56023,2
5.5705,-2.672,3
-4.3609,3.6564,2
2.142,-0.79952,2
-3.0167,1.5252,2
3.151,3.292,2
3.6341,0.12786,2
-1.1677,2.2058,3
-1.4585,-4.085,2
-2.901,1.3021,2
-5.8388,-0.20933,2
0.57399,0.29035,2
2.0638,1.4474,1
0.49246,0.057307,2
1.0278,1.5173,2
2.2901,2.9313,2
0.28336,-1.605,2
-0.23179,0.77549,2
-4.2444,-3.2596,2
-1.3023,2.6091,2
3.3126,-3.9403,2
-1.6765,2.2046,2
-1.392,0.50102,1
2.7021,-0.40277,2
2.0635,-0.71858,2
4.0174,3.744,2
2.2242,-0.49299,2
-0.51707,-1.1341,2
1.837,-0.95232,3
1.9346,-0.5439,1
-5.4318,-1.0178,2
1.4498,-1.001,2
1.0776,-3.1662,2
-0.40364,0.94409,2
4.032,1.834,2
2.325,3.8432,3
3.0388,0.35833,3
-4.0083,-1.2749,2
-0.91275,0.59155,2
0.9961,2.2359,2
1.0816,2.5604,2
-1.1828,-0.24462,2
0.84645,-1.9239,2
0.082214,2.1741,1
0.56686,2.3673,2
-0.85617,2.69,2
-3.5647,-1.7047,2
-0.95109,-1.062,1
-1.3213,-4.8429,2
-0.46007,1.0304,2
2.6005,0.95283,2
-0.37014,-0.95717,2
0.98796,-0.10933,2
-0.94468,0.7215,2
-0.50728,-0.058327,1
-1.2861,-2.993,1
3.4366,1.5463,2
0.32881,1.7504,2
1.0019,-1.8614,2
-2.3043,-0.097641,2
0.44479,-2.2574,2
1.0481,-2.4482,2
1.4395,2.0386,2
-3.176,1.6817,2
-1.9636,-2.1958,2
-3.3604,-2.617,2
0.44012,-1.2498,2
-2.0412,-0.2819,2
-2.1738,-1.7689,1
2.7075,1.5664,1
4.7744,-3.2213,3
-1.2405,1.4231,3
-2.3998,-1.8286,2
-0.070705,0.98771,2
-0.14267,0.40063,2
2.3216,0.81729,2
5.6066,1.0952,3
2.5325,0.69686,2
-0.67545,-1.3884,2
2.1851,4.5143,2
-3.2197,4.6962,2
-4.187,-2.434,2
0.40475,2.1067,2
1.1883,-4.6049,2
-0.13227,3.3091,2
0.34523,-3.8298,2
0.42441,-3.2161,1
-1.146,-2.318,1
4.854,2.3818,2
-3.6862,-3.9785,2
2.4159,3.8043,2
2.0936,0.74797,3
-1.0872,-5.2894,2
-3.1929,-1.2874,2
-0.99322,1.661,2
-0.44354,-1.3024,2
-2.9034,0.50173,2
-3.5106,2.0494,2
0.77988,-3.1095,2
0.82328,-0.95883,2
-1.8703,-2.1048,3
-1.6742,1.2435,2
-3.5872,-1.4268,2
-0.76567,2.7125,2
6.9158,-0.64405,3
1.3731,-0.3068,2
-1.0339,2.8972,2
-3.076,1.7754,2
2.6054,-1.3317,3
0.71076,-0.16665,3
-0.73174,-1.1642,2
-3.8757,-1.8315,2
-3.4688,-7.408,2
-0.40545,-0.57882,2
-1.5519,0.77374,3
1.813,0.80459,1
0.5543,2.0186,2
-2.7315,-0.046061,2
1.025,-3.475,2
-0.71892,-1.5077,2
-1.5808,-1.5114,2
-0.61353,-0.69853,2
0.80742,1.9336,2
0.91883,1.1782,2
-2.5369,-3.572,2
-3.7775,-3.0502,2
-3.0967,-1.8123,2
5.4048,3.6904,2
1.1457,-3.1307,2
-7.2681,-1.7976,2
1.3494,2.8219,2
0.81165,-1.2981,2
1.2261,0.23215,2
2.2944,2.7014,2
0.77254,-1.4898,2
-2.6601,-1.4593,2
2.1641,0.58967,3
-0.0086311,-1.7885,2
-0.38994,2.0806,2
-1.9436,0.26756,2
-1.3629,-0.85106,2
-1.4475,-3.7937,2
0.8532,-1.2604,2
1.9427,1.431,3
-0.02446,0.92738,2
-1.4894,-1.4138,2
0.065495,0.74401,1
0.43317,2.4932,2
-2.3723,-0.84725,1
-0.2443,-0.13978,1
0.5831,3.5126,3
1.8235,0.27912,2
0.28694,4.7143,2
2.6602,6.0994,2
0.54774,1.4004,2
3.6555,-3.0077,2
3.7099,1.3542,2
1.6079,3.7782,2
-3.0241,-1.0329,2
0.7587,-2.7052,2
-2.3987,-1.7292,2
3.3826,-1.7766,2
-2.5311,1.5665,2
0.18024,2.3669,2
1.6311,-2.0601,2
-0.30123,-1.6812,2
-2.4126,1.0782,2
4.3629,0.71299,2
0.9842,-0.33527,2
-0.2462,-3.602,2
-2.5862,0.085405,2
1.8497,2.5177,2
-1.2181,-3.5147,1
-2.5025,-1.3099,2
2.6635,3.9118,3
-0.65444,-4.6748,2
-1.684,-4.102,2
0.79637,1.081,2
-2.6869,0.39545,2
2.8641,0.77672,3
4.0438,0.42021,2
0.0027599,2.9664,2
2.8421,1.6802,2
-1.2996,-2.7808,2
-1.1265,0.94571,2
1.1714,0.12586,2
3.5961,3.9088,3
2.7601,-3.8853,2
-1.868,2.3287,2
1.1035,1.195,3
-1.4902,3.861,2
1.839,-0.21701,2
-0.99821,-1.4094,2
0.14613,-1.3544,2
-1.2025,-1.9562,2
-1.5276,1.6315,2
-0.53482,-2.4246,2
-1.9054,-0.63481,2
1.0015,0.91968,1
3.504,1.8606,2
0.52323,0.21468,2
2.5181,-0.39493,2
0.79464,-0.074499,2
0.65557,2.128,2
-1.5362,-0.14115,2
-0.89334,0.39419,2
1.0867,-0.26338,2
-1.2201,-0.28187,1
1.7006,1.6907,2
1.9225,-0.65402,2
2.4106,1.7937,2
0.85812,-6.6816,2
-1.921,-2.2803,1
-4.3119,3.8645,2
-1.6635,1.8162,2
4.1149,-1.622,2
-0.44498,1.403,2
-2.454,-1.8837,3
3.4891,1.6498,2
0.18189,-1.2824,1
1.522,1.2065,2
-1.2691,-1.1079,2
-2.0121,0.16328,2
2.6842,1.092,2
0.47502,-3.1238,2
-1.3392,-1.5102,2
0.75712,3.0103,2
-2.8213,-2.1351,2
0.029935,0.78714,2
2.8921,-0.48731,1
-2.5383,-3.6199,1
-0.35648,-2.6298,1
0.32981,-2.7609,2
3.25,3.8685,2
1.8114,5.564,2
1.0899,0.46318,3
1.7156,3.0328,2
4.4559,-2.2799,2
3.2026,2.1776,2
2.7633,-0.41172,2
-0.73375,-1.6722,1
4.436,4.7789,3
-0.58944,-0.009275,2
-2.6058,-2.7015,2
-3.1908,0.11325,2
1.5,4.1971,3
2.1015,0.065318,2
-0.5253,4.2827,2
-1.9168,0.45717,2
1.2371,-1.5891,2
-0.44092,0.54622,2
0.8326,-1.3171,3
-3.437,0.46615,2
-0.12231,-0.07493,2
-5.9448,-0.66944,2
1.6661,-4.9813,1
-4.0724,1.0889,2
0.61268,-0.22193,1
-0.88823,-0.36676,3
-2.3072,-3.8403,1
3.563,3.7867,2
-1.0418,0.20824,2
-3.0644,3.0514,2
2.8786,2.4751,3
0.8374,-0.82466,2
-0.96673,-3.405,2
-3.9363,-3.5092,2
1.418,-2.7901,2
-1.7128,-2.4841,2
0.82503,0.57443,1
0.73468,2.1924,3
1.6292,-1.7314,2
1.4885,-0.42669,2
-1.8209,-0.62346,2
0.64149,1.0159,2
-0.01705,2.8379,3
-1.8834,-0.74517,2
-1.925,1.1912,1
1.0046,0.66389,2
-1.0817,0.10661,2
-0.59417,-3.2604,2
2.1833,-1.9917,2
0.79774,1.0903,2
1.1345,4.0624,2
4.9831,2.2572,2
1.021,0.41777,2
-0.73154,1.5539,2
0.99717,1.604,2
-0.95877,1.4357,2
0.61833,2.0979,2
3.3457,-0.86019,2
1.9007,-0.2768,3
-1.8617,-0.10541,2
-0.23323,-2.2958,2
-1.5874,0.55611,2
-0.5963,0.26936,2
1.8296,2.8692,3
-3.7716,0.52715,2
1.5993,-0.64524,2
1.2375,3.8992,1
-1.4369,0.26705,2
2.987,2.4255,2
0.84771,-1.1115,2
-0.86158,-0.22322,1
1.0403,-1.3183,2
-0.63454,3.1474,2
1.7437,1.8656,2
0.52522,0.3988,2
5.2137,-3.1388,2
1.9768,-2.2775,2
-5.2877,0.55494,1
-1.058,-0.19784,2
-1.498,1.1617,3
0.96414,1.9357,1
-0.17224,3.8635,2
0.51116,-1.1363,3
2.1099,-1.1905,2
-0.86037,3.7796,3
-2.0776,-0.13842,2
1.5501,-0.50818,1
-1.6709,-3.0947,2
-2.0462,-2.4306,1
5.2854,-1.3035,2
0.57508,-3.8432,2
1.206,2.4514,2
-4.6172,-0.74324,2
1.4874,-1.3077,2
-3.0492,-0.67848,2
0.88448,-0.2662,3
-1.8492,3.2833,2
-3.2875,-2.4402,2
2.7501,1.4732,2
-2.3105,2.9665,1
0.19725,2.8469,2
-4.5552,-5.5562,2
-2.6253,0.12325,2
-3.468,-1.2822,1
-0.25655,-0.029249,2
-1.419,2.126,2
1.4987,4.2873,3
-4.3629,-4.8096,1
3.0134,2.9174,2
1.17,-0.52526,2
1.0223,1.7623,2
0.42994,-3.4117,1
0.61319,0.53716,2
0.11604,-1.5937,2
-0.74693,-1.5188,2
3.7776,-1.993,2
4.4631,-0.9875,2
1.9232,0.47335,2
-0.42445,1.7157,2
-1.0971,-1.1323,2
0.28706,-4.0947,2
-3.5478,-1.9285,2
-1.6371,-2.3925,2
0.58106,3.5724,2
4.8049,6.4652,2
0.30679,-3.7912,2
3.7159,-0.12135,2
0.88099,-0.020608,2
4.2262,-0.9507,3
3.825,3.0485,2
-0.22733,1.7562,2
4.2568,0.89451,2
-1.9145,2.3237,2
-5.3952,-3.0431,2
0.023108,-3.2074,2
-0.16936,-2.1998,2
1.2621,2.7002,2
-0.42725,0.032167,2
-3.4346,1.0596,2
3.1422,0.56834,2
1.5457,0.30601,2
-0.72399,3.3011,2
1.554,0.14688,2
-0.74967,1.1242,3
-0.80474,-3.489,2
-1.2174,0.70521,2
-0.8721,-1.4994,1
-2.0137,-1.177,1
-1.6713,-2.4968,2
2.4599,0.48879,2
-0.76018,2.3762,3
-3.2195,-2.3944,2
3.5458,0.50769,3
1.761,-1.762,2
3.6751,3.342,2
1.8182,3.3797,2
1.0744,-4.1329,2
5.3922,1.9364,2
-0.45701,2.5412,3
0.16753,0.032275,2
0.014518,2.3443,2
-1.3055,0.62137,2
-3.5308,-2.2463,2
4.6472,-0.21223,3
1.6846,0.030179,2
-2.8461,0.083935,2
-2.1381,-0.28268,2
3.4786,-1.0028,2
-1.9325,1.042,2
0.1404,1.9057,2
-1.9121,1.3768,2
0.90604,0.45454,1
3.3048,0.7829,2
2.0246,2.1742,3
3.5297,-0.40246,2
0.44056,-1.2955,2
-1.912,0.29933,3
-1.1762,3.0442,2
1.9377,0.037182,2
2.1502,2.0208,2
-3.1578,3.197,3
2.762,-3.4917,2
-0.10298,0.14219,2
-1.1705,0.27476,2
0.12243,-1.8996,2
-1.567,3.3374,2
2.3173,3.7687,2
-1.8531,0.60698,2
-2.8368,-0.066123,2
-3.174,-4.7117,2
2.7355,1.2272,2
-0.027037,0.020119,2
-1.3295,-0.77355,2
-2.2785,-0.35362,2
-1.1462,2.0135,2
1.3602,-1.818,2
-2.0982,2.5217,1
3.1015,0.096031,3
-2.5779,-0.59712,2
-1.0412,-2.4701,2
-5.2151,1.7194,3
1.7108,1.5421,1
1.4562,1.0764,2
2.0925,-0.37881,2
-1.4747,0.36951,2
2.8019,2.5518,2
-2.7113,0.29512,2
-1.1575,-2.5625,2
-0.86103,0.7252,2
0.12258,-0.82838,1
1.9022,-0.3101,1
-1.9339,-0.047748,2
-0.16605,-0.33981,2
-4.6159,-2.7347,2
4.8169,1.7391,2
-1.3347,0.71838,1
3.5664,2.5342,2
0.80534,-3.7915,2
2.1015,1.5251,2
5.194,4.6503,3
-2.3351,-0.052668,2
0.3213,0.041279,2
-3.9587,0.62095,2
-1.1557,-0.74147,2
-0.62181,3.21,2
-3.6651,-0.39548,2
3.5745,1.4425,2
-1.1494,1.9048,2
-1.4782,1.0857,2
-4.6623,-3.1558,2
1.3575,-1.6854,2
-0.15263,2.4518,2
-2.5632,0.30063,2
-2.3777,1.764,2
4.2374,2.9756,2
-3.1378,-0.47293,2
1.0123,-3.6851,2
-3.3406,0.84656,2
-4.2152,1.5272,2
-1.6047,0.97727,3
0.45756,-1.4652,2
-0.48663,1.4742,2
-3.816,-2.8779,2
-2.2329,3.815,2
0.32563,-1.1618,2
1.061,-1.1963,2
0.99809,0.64518,3
1.4688,4.1213,2
1.8669,1.3552,3
1.1029,-2.785,1
2.413,2.9958,2
1.7396,1.1099,2
0.077991,-0.80003,1
1.5824,2.74,2
-1.1349,1.2985,1
1.8035,-1.0484,2
-2.6184,-0.89931,2
-0.87095,-0.50929,2
2.4132,3.1885,2
1.8024,-2.6089,2
-1.6584,-1.6319,2
4.2314,-1.3048,2
-2.7093,0.73788,1
0.83523,1.1035,2
-0.19111,-2.0581,2
-0.92208,-2.2532,1
-1.5247,0.81139,2
-2.5241,3.899,2
-1.7428,-0.41455,2
5.7808,4.9588,2
-1.5563,-3.1775,2
1.331,2.4207,2
2.2177,0.87876,2
3.1079,3.8283,2
0.75371,-1.947,2
-0.84074,3.5758,2
-3.1276,2.8199,2
1.5024,0.63885,3
-1.1617,2.0611,2
1.7781,0.13912,2
-1.4591,-1.2052,2
2.6641,-0.2277,2
-0.62076,-0.15978,2
-2.6041,-0.44221,2
3.7346,1.6608,2
-0.44371,0.19881,2
3.6704,1.9405,2
-1.0848,-2.7952,2
-1.0766,2.5918,2
1.0859,-3.8275,2
-0.76417,-0.97599,2
-2.929,-1.3973,2
4.1386,1.5222,2
-2.2138,-1.7393,2
-4.2724,-2.1971,1
-1.8531,-0.91941,2
-1.2437,-3.7144,1
1.4215,0.065833,2
-0.27605,2.3582,2
0.34527,2.2439,2
2.3522,-2.6063,2
3.4854,-1.9327,2
0.50397,-1.4723,2
-0.5662,0.25048,2
-0.15126,2.1153,2
2.342,1.0761,1
-1.3273,-2.7123,2
1.1857,1.6779,2
0.19217,-0.55994,2
-3.4643,0.008529,2
-1.2879,0.45331,2
0.29805,0.39418,2
0.53681,-2.7227,1
-0.29091,0.19918,2
1.222,1.9663,2
1.0373,4.3035,2
-1.0251,-2.1211,2
-4.2212,-1.0015,2
-0.59139,-1.1891,2
1.0048,2.3414,2
-3.4503,0.3753,2
1.1191,0.45164,2
1.2112,1.3347,2
2.9925,-0.7041,2
-0.38342,2.8802,2
-1.9876,0.29446,2
-3.2193,-1.7581,2
0.88592,-0.42835,2
0.34478,-0.86487,2
1.2685,0.68254,2
0.87182,0.99806,2
2.205,1.0667,2
-0.22265,0.1947,2
0.28358,-1.6785,2
-0.18626,0.67705,2
-1.3512,-2.5819,1
-1.9705,-0.084018,1
-0.75091,1.6094,2
2.2626,-6.6512,2
2.5658,2.1471,3
-5.0461,-5.5235,1
1.785,-2.1221,2
-0.91041,-1.7763,2
-0.14315,1.5712,2
-4.383,1.157,1
1.8715,-1.8377,2
2.1634,3.8822,2
-0.84192,-0.14018,2
-2.3678,0.29793,3
-1.4026,0.44453,2
-0.34041,-3.9079,2
2.9493,1.4317,2
2.2363,2.7824,2
2.5756,-0.83136,2
1.8003,0.94752,2
1.4897,-3.8641,2
-1.1166,-0.51266,2
-2.2509,2.8805,2
2.0184,0.038521,2
-0.67628,-1.8487,2
1.9129,-1.8674,2
-1.989,-2.4003,1
4.0535,-0.49916,2
-0.89263,-1.4113,2
-1.3979,1.137,3
3.1149,2.2235,3
-2.6157,-2.1432,2
1.9858,4.5333,2
2.9067,-0.71937,2
1.894,0.24683,2
0.44882,-1.2237,1
0.075843,-2.1172,2
1.7415,1.6946,2
0.84016,2.4003,2
-0.089596,-1.7717,1
2.7531,3.8534,2
0.64531,0.20566,2
1.09,3.1784,3
2.877,3.649,2
1.0707,-1.2484,2
1.0272,5.1706,2
-0.55777,4.1147,2
1.7133,0.24418,2
-2.4088,0.80646,3
2.6691,-0.45589,2
0.025213,0.47818,2
0.24815,0.032443,2
0.36986,-1.4363,3
1.1396,-0.52101,2
1.9371,3.1383,2
-1.3745,-2.3454,2
3.7799,-1.271,2
-2.5019,1.4459,2
0.12002,-1.155,2
1.9941,-1.543,2
-6.5128,-0.67464,1
0.39279,-0.37594,3
0.66929,0.27117,2
-2.7422,-4.517,2
-4.1699,-1.5292,2
-0.30751,1.065,2
-0.36516,0.67049,1
-2.3648,1.4051,2
-1.7369,-1.9144,1
0.2783,-3.6503,2
3.9999,3.6162,2
-0.028856,-0.48518,2
-0.72991,-0.68392,2
-3.723,-3.4428,2
0.11551,-1.7007,2
2.2365,1.8635,2
-0.1764,-2.449,2
-1.7432,-0.06301,2
-1.554,-0.11364,2
-0.6132,-0.13595,2
-3.5194,-2.2488,2
4.1569,4.6613,2
-2.3563,2.1191,2
0.94563,0.41324,2
2.1927,1.7611,2
-3.6098,1.2974,1
-0.53311,-3.0517,1
2.705,3.0535,2
-2.159,-2.6984,2
0.51046,-2.1578,2
3.6071,1.7334,3
-6.6859,-3.2722,2
-1.8404,1.3544,3
-2.3093,0.60607,2
0.23536,4.3036,2
-1.7648,-0.5407,2
1.9166,-0.62311,2
1.4879,1.8387,2
1.778,2.5542,2
-2.2974,1.2807,2
-2.7568,0.39488,2
-0.32987,-0.015885,2
-2.1186,-2.332,2
-1.6463,-0.86273,2
0.37396,-3.1122,2
1.6837,2.0729,2
1.0114,-1.5242,2
0.16862,-1.0599,2
2.0893,-5.1408,1
-1.2776,2.6937,2
-5.2347,-3.2875,2
-0.53704,1.1327,2
-1.2497,-1.8199,2
-0.70417,-0.43042,2
-0.22449,0.81549,2
0.5316,-1.8767,2
1.9828,2.8588,2
-1.0001,1.4513,2
1.2685,1.4397,2
0.33253,3.1952,3
-2.4847,1.6843,2
-0.77016,-1.1304,2
-3.8164,-1.6405,2
-3.6907,-4.9533,2
-1.1881,3.3401,2
0.34492,1.8124,3
1.5065,-2.9976,2
1.7343,0.66678,2
3.4066,-1.1977,2
-2.9582,-0.15761,2
0.70705,-0.32094,2
-0.050142,0.39837,2
-0.07616,1.0541,2
0.49193,0.84817,2
-3.1903,-3.516,2
4.9984,1.8496,2
4.28,1.3823,1
0.64384,-1.6699,1
-1.7568,-0.022813,2
-4.4649,1.0718,2
-0.53541,1.4531,2
-1.3358,5.1333,2
2.4015,-1.7189,2
-0.86266,0.61135,1
-1.4948,1.3159,2
0.64494,2.7087,2
-1.5848,0.79985,2
4.0753,0.01748,2
0.718,-2.5285,2
-2.5787,3.2119,2
0.4351,-0.066591,2
-2.9362,-0.68,1
-3.6452,-0.14308,1
-2.0958,1.107,2
-3.6585,-1.5982,2
-0.41434,-0.19124,2
-3.612,-4.083,2
-2.2327,-2.2877,2
-2.5278,-7.1835,2
0.28777,-0.46755,2
0.94344,0.76784,2
-0.3247,-3.0743,2
-1.6994,3.5712,2
2.99,-0.30729,2
-1.4189,0.17228,2
-1.4511,0.28551,2
0.95668,0.38551,2
0.863,-0.60369,2
-1.8425,-5.1084,2
-3.7556,-0.7373,2
2.9859,-0.28142,2
2.0053,-2.6888,2
3.6115,2.1542,2
-4.3058,-1.4357,1
-0.99151,1.7678,2
5.4866,4.2549,3
1.0825,0.59988,2
-1.709,-2.9953,2
-2.2654,-2.4601,2
-0.12391,2.7814,2
1.2771,-0.29148,2
-0.61169,-5.7276,2
2.4654,2.3201,2
0.81413,2.4569,2
-0.37155,1.6698,2
-3.4933,-4.8184,1
6.5426,2.0369,2
1.3276,-1.7081,1
-3.5565,-1.4217,2
7.4588,0.86499,2
-1.955,-1.3071,1
-0.20914,-2.7593,2
-1.986,-2.0034,2
2.4983,2.8393,2
-3.5781,0.89791,2
1.7866,0.54608,2
-0.77246,2.2678,2
-0.32796,0.30369,3
-0.42297,2.3874,2
0.50108,-0.91458,3
1.1261,4.0201,2
0.028727,2.6778,2
3.5748,1.488,2
-4.8926,-1.913,2
0.33925,-1.1637,2
-1.323,0.12553,2
-0.9557,3.9121,2
3.1932,-0.94861,2
0.63957,-0.19448,2
0.3199,-0.87682,1
0.87769,-3.099,2
-0.024363,3.4205,2
-2.6628,-3.0752,3
-0.23504,-1.8831,2
0.75792,-0.17112,2
0.33538,-1.932,2
-3.8148,-4.4493,2
-0.69912,-1.4359,2
1.6423,0.34194,2
0.0099389,-2.7675,2
-3.5863,-1.489,2
-2.0648,0.83766,2
1.6816,4.6987,2
0.12114,4.0002,2
0.5165,-0.82052,2
-4.1777,-3.0799,1
-0.62444,0.89694,1
4.4829,5.1816,2
0.40519,4.4681,2
0.48901,-0.9316,2
0.34912,0.94306,1
-2.0493,0.79821,2
-2.7825,-2.1029,2
4.4862,1.3547,2
3.1491,-0.72441,2
1.2755,-0.069326,2
-0.26659,-1.3265,1
2.6895,1.107,2
2.5158,-1.1271,3
-1.0526,-1.2754,2
0.1703,-0.14137,2
1.162,0.53527,2
-2.7911,-0.62007,2
-0.21693,0.76518,2
0.023757,-3.7158,1
1.8929,0.34094,2
-0.71586,-2.6442,3
4.3246,-1.2173,2
1.6509,0.6833,3
1.0715,-0.93576,2
1.7237,4.1762,2
-2.7971,-0.51175,2
0.8914,0.20904,2
-2.9764,-1.8787,2
2.4185,-0.52514,2
-1.2173,1.2897,2
1.7584,1.1908,2
0.38196,2.2146,1
0.9081,-2.1228,3
-5.4979,-1.6975,2
0.99682,-3.0902,2
0.72796,2.8581,2
-0.10731,0.91718,2
2.0326,1.4789,2
-3.3577,-0.35774,3
-1.5926,3.0179,2
1.3551,-0.85626,2
5.8189,2.8801,2
-5.3323,-3.1521,1
-1.3607,-1.2362,2
-2.3849,4.4215,2
-1.6428,-4.9797,2
0.36961,2.1012,2
-1.5872,0.34352,2
3.1465,4.6038,3
-1.2051,0.085479,2
0.68232,3.0426,1
1.8875,-1.6214,2
-0.39279,-0.84358,1
-2.0962,-0.94069,3
4.5608,0.78542,2
-2.1237,0.032079,2
1.0988,-1.2865,2
1.4903,0.64496,3
-3.6584,-3.1032,2
-0.79804,-4.9869,1
2.5813,2.4129,2
2.1806,-2.9686,2
1.0414,-2.1096,2
-0.33837,1.3787,2
3.8733,-4.2382,2
1.1975,-2.4549,2
-0.93731,-1.5196,2
2.0545,-2.4906,2
0.072644,1.9543,2
1.2735,-2.7111,2
-1.926,-1.7979,1
2.2725,-2.0895,2
2.2963,1.5529,2
-0.83163,3.6964,2
0.86342,0.57564,3
-0.84005,1.6924,3
-3.7021,-2.9236,2
1.6771,4.1207,3
3.1783,-1.0458,2
2.9053,2.8948,2
-0.11711,-3.6475,2
-1.5226,2.6048,2
1.628,-2.1419,3
0.16061,-5.5142,1
-1.1781,-2.8341,2
1.0728,-1.7488,2
0.68893,-1.875,1
0.52919,-0.22039,2
0.5894,0.54258,2
-1.7396,-0.062516,2
1.764,1.4423,2
1.4842,3.4869,2
-2.1331,-4.5866,2
0.44657,-1.2729,2
0.16965,-2.6509,2
4.2808,1.6081,3
-3.9485,2.0476,2
0.6217,1.6022,2
1.7318,0.7751,2
0.96345,1.9279,2
3.0447,0.81938,2
2.6445,0.50217,2
0.72841,2.1293,2
0.090118,4.0367,2
-0.83555,-0.43205,2
0.25964,2.6325,2
-2.5063,-2.9709,2
0.23294,0.97863,2
-3.6903,-0.15375,2
-2.7674,0.24646,1
1.2255,0.92959,2
-1.568,-1.2239,2
-4.4292,0.13232,2
0.068612,2.0337,2
0.89654,-2.2451,2
-3.2948,-7.6428,2
0.38546,-1.8794,2
1.5601,2.2133,2
-0.16278,-2.7135,2
-0.24784,2.4119,2
0.12815,-1.4896,2
1.6182,2.1323,1
0.25071,-2.3265,2
-3.8163,-3.1938,1
-0.34816,0.60912,2
-1.7785,2.775,2
-2.447,-0.40842,2
-3.3979,2.4618,2
-4.8089,-1.7343,2
5.9527,3.9611,2
-3.4959,0.96145,2
-6.1852,3.598,2
0.078442,-0.6371,2
0.35809,-1.6108,2
2.339,2.6902,2
-2.2192,-0.87959,2
-0.70455,-0.1541,2
-3.3297,-2.0034,2
3.0369,-0.18335,2
1.459,-1.4665,2
-2.9613,-2.1099,2
-4.0276,-0.17613,2
1.7874,4.9598,3
1.643,1.3878,2
7.0175,-1.5264,2
-3.3736,-0.99074,1
-0.52677,5.5567,2
-4.5411,-1.4249,2
1.3054,1.7199,3
-2.8998,-3.3959,3
2.2216,-1.2232,2
0.44072,1.2098,2
-0.8278,-5.0841,2
-0.64369,-0.51098,2
3.6391,1.8714,1
-2.7447,-0.67872,2
-0.79617,-1.9486,2
0.48074,-0.9568,2
2.3997,2.4302,2
-1.1767,-3.5507,2
0.35839,1.7401,2
-2.5444,2.9599,2
1.4184,-3.3248,2
-2.1251,-0.9584,2
0.98275,0.8186,2
2.6184,0.40128,2
-0.4896,3.2287,2
0.83808,-1.0216,1
3.5537,1.4375,3
2.2725,1.2328,2
1.2496,0.93369,2
-2.4394,2.8202,2
3.251,0.60081,2
0.22933,-2.6836,2
-0.22566,-2.0426,2
-1.7991,-0.63499,2
-0.59651,1.1392,2
-2.6184,0.18513,2
-0.88125,-1.2167,2
-0.90683,-0.92084,1
0.80349,1.9911,2
0.55888,1.2913,2
1.903,-0.94976,2
1.9057,5.0882,3
2.0927,0.031714,2
0.82401,-0.24176,2
-4.5005,2.021,1
0.070406,-2.3197,2
-1.2062,1.329,2
1.9415,3.9849,2
-4.3062,-4.2078,2
0.98489,-1.8303,2
2.0315,0.82733,2
-3.2246,0.37969,2
-0.36394,1.5926,2
-1.2398,-0.42193,2
-0.077534,2.3952,2
0.14986,0.80154,2
3.8954,1.2488,2
-0.13584,1.6207,2
-1.4946,-2.279,2
0.65643,-4.1805,2
-2.8788,2.9301,2
-0.14354,-3.1611,2
-3.8054,-1.907,2
1.2749,-0.30071,2
-2.5655,0.98526,2
2.1319,4.2196,2
-1.4752,-2.8828,2
-1.0644,1.1129,2
-2.4338,2.6938,2
-0.0494,-2.2747,1
-2.5671,3.4006,2
1.2974,1.4847,3
-2.1482,-2.04,2
0.91267,2.3949,2
1.4734,1.5097,2
-2.5423,1.9653,2
2.1181,0.97403,2
1.2422,0.66985,2
-0.77275,-2.809,2
1.0264,1.6463,2
-4.9288,-3.0601,2
-0.47349,-1.816,1
3.4065,-2.1611,2
1.5091,1.2298,2
1.5184,0.58218,3
1.8475,0.34699,2
-1.1574,2.8347,2
-0.83447,2.1979,2
-0.1015,1.7195,2
-0.22943,0.10966,2
0.00064298,1.4467,2
1.2217,0.069004,2
-1.5433,-1.8398,2
-2.2857,-1.2905,2
-3.4669,-1.4999,2
-3.1356,-2.0269,2
5.095,0.40522,1
-3.9963,-3.0389,2
-0.86455,-2.8392,2
0.15882,2.3928,3
-0.22646,-0.76399,2
0.37771,-1.2276,2
1.5009,-2.1198,2
2.4854,-1.6987,2
-3.0444,-0.999,2
-4.9014,-4.0123,1
-4.7894,1.4732,2
-1.4909,-0.44571,2
0.30753,2.9699,2
-3.4316,-2.2991,2
2.023,1.9686,2
3.7868,-1.2293,2
2.2499,1.4908,2
-0.53123,-6.2313,2
1.7683,1.7554,2
1.0282,3.2618,2
-2.5865,-0.60164,2
-1.3088,-2.9687,1
-3.2105,-3.6107,2
-0.221,-1.3895,2
-0.32631,0.6355,2
-1.2203,3.0539,2
0.44485,0.18132,2
-2.3803,-1.1826,2
0.49361,2.4995,2
-4.5891,-4.9295,1
1.8524,-2.2118,2
-0.53516,2.1832,3
-1.0294,-3.5947,1
-3.0722,0.16076,3
-0.98566,1.7717,2
-0.97517,0.20951,2
2.8348,-0.23642,2
2.0202,3.2836,2
-0.91665,-4.8265,1
-2.2083,-3.0166,2
1.5205,2.4932,2
1.5565,2.3947,2
-5.2312,-2.4989,2
-0.67992,2.066,2
5.5057,-0.36415,2
-2.0725,1.1392,2
-1.565,1.86,2
-0.47951,0.8424,2
-2.6828,-1.8123,2
4.4807,0.25147,2
0.70495,-0.86586,2
4.6958,-1.8589,1
-0.69946,1.3419,3
-0.22566,2.2315,2
-1.3334,0.74293,2
5.073,-5.0012,3
4.8745,1.6963,2
-2.8862,-2.3145,2
0.53434,-5.218,2
-0.65739,1.9855,3
-2.0228,-2.2488,2
-0.13212,0.25802,3
-0.084438,-0.44341,3
-1.808,-2.8009,2
-5.9594,-4.7717,1
2.4912,3.1279,2
-2.7669,-3.8216,2
-0.032892,-4.353,2
-1.9119,-3.1192,2
1.5791,3.4179,2
-0.58948,-1.1448,2
-2.3006,-0.42298,2
2.3083,-1.3414,2
-1.9096,3.3546,2
1.3358,1.1432,2
-0.34958,-0.85689,2
-3.3101,-1.6996,2
0.20131,-0.90859,2
0.55308,1.242,2
-0.75107,4.7484,2
-0.42904,-1.9706,3
0.02589,-3.0618,2
2.8528,0.78246,2
5.2034,3.4496,3
-0.82136,0.28296,2
-4.4038,-0.24934,2
-2.0331,0.15753,2
2.6376,-2.1419,2
-0.99034,-3.9194,2
3.8609,0.95143,2
0.29434,-1.6654,2
2.2301,1.2686,2
6.1449,2.5537,2
-4.9663,0.52538,2
2.1618,-1.7917,2
2.8313,-1.5268,2
1.9061,2.0154,1
1.6449,2.5877,2
1.8875,3.1211,1
-2.3661,-1.6801,2
1.2953,2.7898,2
1.2662,-0.78465,2
-1.3653,-1.2904,2
-2.5939,1.7561,2
3.7923,2.0867,3
2.549,-2.7373,2
0.54785,4.6266,2
0.86542,-1.1723,2
-1.9763,-0.58208,3
0.86808,-0.23855,2
-1.2769,-5.4221,2
2.6986,1.0612,2
0.63917,0.38657,2
2.1881,1.2865,2
0.13864,-0.030869,1
0.17543,2.1386,2
-1.4469,-1.8271,2
-1.0793,-0.56181,2
5.3234,-1.8074,2
-0.31375,0.46048,1
2.5072,1.209,2
-2.3082,2.2411,3
5.4294,1.1329,2
2.962,0.74564,3
-1.916,-3.3804,1
6.8665,1.0847,2
-1.0491,-4.7418,1
-0.6414,-4.017,2
-0.85697,2.6934,3
2.7224,-1.0599,2
0.14176,4.6762,2
-0.47627,-1.1133,2
-4.1392,-0.071026,2
-2.9072,1.2502,2
0.45651,3.1982,2
3.1582,1.9322,2
1.2274,0.47951,2
-0.10052,4.3249,2
-0.92489,-0.51372,2
2.8895,1.302,2
0.26222,0.47462,2
3.4018,0.94449,2
-3.2463,-0.49627,1
-0.71256,1.2725,2
1.8677,2.803,2
1.6445,-1.1009,1
-3.7353,-0.95639,2
-2.0025,-1.8471,2
-0.35549,-4.2637,3
-0.98981,0.78759,2
2.4681,1.485,2
-0.58251,-2.0615,2
-2.3749,-1.9329,2
2.7065,-0.96641,2
-2.6292,0.16969,2
3.2121,0.17634,3
-1.0082,0.69632,2
1.2398,1.9743,2
1.756,2.1937,2
5.1452,0.38815,2
0.19897,-1.2302,2
1.1696,-1.0137,1
-0.18259,0.63629,3
2.3865,-0.70307,2
-2.4457,-3.2793,2
-0.24726,-0.7847,2
-1.6472,4.9276,2
-2.7285,3.0502,3
-2.4578,3.6291,2
-4.0178,-2.6118,2
1.4992,1.9754,2
0.95418,1.9889,2
-0.023334,-2.014,2
-0.79017,-3.5929,1
-4.7073,0.29001,2
-0.090409,-5.7214,2
-4.4657,2.781,2
0.93245,3.0211,2
1.3378,-0.014989,2
-1.2989,-0.72007,2
-2.3385,-0.27512,2
-1.8245,-0.23512,3
-1.5121,3.7154,2
-0.49857,4.2161,3
1.0793,2.0472,2
0.77449,-1.8359,2
-2.4487,0.60633,2
-1.7595,2.9309,2
-1.814,1.2628,3
-2.8016,0.086013,2
0.70583,-3.0359,2
1.9887,0.42426,1
-0.2738,-1.6845,1
-3.2545,-4.4271,2
1.1136,-0.081067,2
-0.70508,-0.84005,3
-1.3454,1.3541,2
0.3261,4.6065,2
-0.63873,-1.1634,2
0.24419,0.43926,2
0.14489,2.0248,2
0.67376,3.3449,3
1.3325,-1.4563,1
0.061953,-0.93965,2
6.5122,3.6974,2
3.7002,3.0455,2
2.2492,-0.76139,2
0.71692,2.0865,1
1.275,6.0428,2
-0.8689,1.5339,2
0.084623,-0.41783,2
0.20262,-4.7152,2
1.2579,2.5214,3
5.0177,-0.13076,2
-2.5231,-0.36841,1
5.1125,4.8651,3
-3.5345,-3.4901,1
1.2738,-1.4503,2
0.17995,-0.056544,2
3.7414,4.4107,2
6.6071,4.0666,2
0.57991,2.5621,2
-0.054866,2.504,2
1.5314,2.602,2
-1.0105,-2.6134,2
1.0894,-0.28969,2
-1.7787,2.258,2
2.5274,-2.8793,1
-0.7346,1.423,2
2.736,-2.3998,1
1.2841,-0.26516,2
-1.3045,1.874,2
0.86458,-1.7124,2
-2.2136,1.5659,2
1.676,1.3558,2
-5.4009,-5.2818,2
-4.1976,-1.0047,2
2.9634,2.5333,2
2.7476,1.5156,2
-3.2735,-1.6941,2
-1.0607,1.7095,2
-2.5154,0.70015,1
-1.2125,0.28423,1
0.50473,2.544,2
3.604,6.1036,3
3.2833,2.7996,2
-1.2127,0.43843,2
-1.2104,1.9295,2
1.2811,-1.0905,2
-1.1006,-1.9939,2
-0.051901,-2.7448,2
3.6596,0.93039,2
1.7011,0.36426,1
4.111,1.4636,2
3.8145,-2.3315,2
0.050027,1.9924,2
0.96332,0.83498,1
-0.43303,2.7944,2
3.6923,-1.2577,2
3.4283,1.4299,2
1.538,-1.1657,2
1.0256,0.44989,1
1.0658,3.0359,2
-6.4083,-4.0953,1
-5.717,-1.3421,2
1.1253,-1.5059,1
-1.2889,-3.3931,2
-1.7539,-1.1088,2
2.1226,-0.17352,2
1.0011,-0.20299,3
-0.61084,1.5575,2
3.2312,4.3098,2
-0.24485,-0.31437,2
1.9316,2.6615,2
-1.0583,1.9043,2
-1.2897,1.4774,2
1.588,1.6811,2
2.4124,-1.9545,3
0.58522,0.18152,2
-4.6721,0.037015,2
1.8521,-3.7925,2
2.1859,-0.10883,2
0.76523,-0.77157,2
1.8373,-0.18499,3
-1.596,-1.8712,2
-0.6412,-1.9208,3
-0.1095,-0.73332,2
-0.18145,0.0092902,2
0.52098,-0.9288,2
-1.472,1.3546,2
4.4655,0.50864,2
-4.346,0.061855,2
-0.24235,2.0751,2
3.4633,2.0212,3
1.1601,2.6971,2
2.7428,-0.87143,2
-0.37374,3.729,2
-4.3032,0.50062,2
-1.2761,4.3854,2
2.2771,2.9482,2
0.30545,2.8423,2
2.0533,-1.1119,2
-7.8278,0.84755,2
1.9527,3.0704,1
-2.4573,-2.3851,2
-3.9334,-1.3306,3
0.96013,-4.3315,1
-2.7388,-2.0706,2
4.8879,0.62775,2
-2.6834,-0.18927,2
0.98621,1.5986,2
-1.9056,2.626,2
-3.4999,-5.7926,2
4.3791,1.1272,3
-1.2917,-5.5284,2
1.8347,1.134,2
6.4617,-1.748,2
-1.6451,-2.4389,2
-2.8359,-0.66334,2
-1.0728,0.79806,2
3.0056,3.2941,2
1.1772,-0.527,2
-0.53106,2.2234,3
-0.88842,-4.1638,2
0.75326,-2.8767,2
-3.171,0.3443,2
-1.7338,-1.7262,1
1.0597,1.5028,1
0.60185,6.0584,2
-0.91817,-1.04,1
3.0912,-0.97739,3
2.4517,2.2574,1
-0.76708,-2.0517,2
-3.1905,-3.5696,2
0.50235,1.6497,2
2.924,-0.34163,2
1.8099,2.1268,2
-5.7168,-3.8357,2
-1.7518,2.4263,2
3.9424,3.7889,2
-0.80379,0.75491,2
3.0293,-2.2373,2
0.59129,1.1168,2
-2.4432,3.8062,2
-1.8395,-1.3161,2
0.67367,-0.26347,2
1.9079,0.4623,2
2.9623,2.064,2
0.80373,1.9915,2
1.6792,-0.5479,2
-1.9023,-3.1725,2
3.0633,3.6045,2
1.3972,5.0293,1
-0.63708,1.0486,1
-1.1099,0.53805,2
1.1234,0.90711,2
0.31448,-1.3036,2
-0.19847,-0.28577,2
1.7267,0.00051084,2
1.5419,0.97975,2
-2.1588,0.54754,2
0.88014,-0.46343,2
2.3999,1.7839,2
2.061,-1.5736,2
0.79343,2.5485,2
2.9991,0.82923,2
2.1748,-4.2895,2
0.59578,-4.779,2
2.5582,-1.1882,2
-0.24121,-2.0788,2
1.0897,-0.81374,2
-1.8126,1.8526,2
0.057244,0.17913,1
-0.60999,0.38951,2
-1.6104,0.08195,2
-1.5593,1.2429,2
-2.696,-5.3111,1
1.2425,-0.08541,2
1.3631,1.5439,2
0.42885,-2.3275,2
-2.7169,-3.0833,1
1.3067,1.9749,2
0.76618,1.224,2
-0.31064,-2.8844,2
-0.46724,-2.8932,2
-3.2281,-0.48003,2
0.54484,-2.1816,2
4.1778,-2.1696,2
-0.97914,-1.388,2
1.2786,-3.1909,2
0.19077,1.4114,2
-1.3324,-0.48036,1
-0.68874,-1.0979,2
5.5899,-2.1102,2
0.98946,-1.0483,2
3.4602,3.0223,2
2.1044,5.939,2
0.79965,0.7109,2
1.9793,0.77736,2
-0.10904,1.5642,2
1.9306,3.4456,2
1.613,1.7326,2
-4.8145,-2.2039,2
-2.5839,0.33726,2
3.6436,-1.6381,2
0.755,3.4191,2
-0.33277,-5.0595,2
-2.6354,-5.4602,2
-1.3171,0.38848,2
-1.8375,3.5537,2
-0.49604,3.4692,3
-1.7901,-2.5161,2
4.781,-3.2606,2
-4.9519,-1.6241,2
0.89929,-3.7926,2
-3.0502,-3.4671,2
-1.0162,2.9793,2
0.80114,-0.067508,3
0.2264,-2.0846,2
0.18551,-0.90321,2
4.1335,-1.3066,2
0.098179,0.096262,2
0.59546,-3.634,2
-0.75058,-1.7572,2
-1.4207,-2.4696,1
-2.7332,2.6907,2
0.93013,2.191,2
3.1558,0.26,2
-1.114,0.29158,2
-3.4999,2.0513,2
-0.60836,3.7234,2
1.0643,-2.5076,1
-2.3304,-2.317,2
-0.17582,-2.0077,2
-0.86851,1.3683,2
-2.3166,-1.1365,2
4.0499,-0.72775,2
0.77185,3.482,3
-4.5593,-2.1903,2
-0.67336,-0.69852,2
1.6846,-0.69224,3
-1.732,-0.79254,2
0.37664,2.5474,2
1.1949,3.2848,2
-4.1223,0.62222,2
-2.2498,1.0634,2
-0.30094,0.67231,2
-2.1208,1.43,2
-0.73532,-2.9093,1
-1.2493,0.53497,2
-1.9836,0.32028,2
-0.57402,0.06098,2
-3.216,2.2637,2
1.575,0.25367,1
-2.9873,1.6303,2
-1.2213,-1.1879,3
-0.28757,-0.34847,2
3.6389,-1.2451,2
-4.3588,-2.7822,1
0.43383,-3.5468,1
2.1245,-2.1871,2
-0.99757,0.73926,1
-4.0466,-0.22645,2
0.13861,3.3801,1
1.0348,-0.88099,2
-5.2069,3.9031,2
-2.0229,1.3471,2
2.9669,0.35867,2
-0.47486,1.9811,2
-3.6606,-0.20813,1
3.5298,-0.75019,2
-0.63875,1.8646,2
2.279,4.1964,3
5.5056,0.49967,2
3.4246,1.277,2
3.1728,-0.30167,2
-4.9578,-0.13248,2
-0.77545,-0.70415,2
-3.0879,3.499,2
0.93718,3.6835,2
3.4355,2.3817,2
-1.0327,-1.9146,2
-2.6476,2.8884,2
2.9735,2.9929,2
2.1586,-0.97851,2
2.892,1.1863,2
3.9119,1.2645,2
-0.056736,-3.7393,2
0.30115,-0.048782,1
1.4775,-3.3719,2
0.73138,1.5038,2
-0.80703,0.50713,2
-1.0316,2.645,2
1.5802,-2.222,2
0.98103,-0.64086,2
-0.53619,-5.2303,1
0.59446,1.6963,2
0.3889,-0.41685,2
3.9138,2.4593,2
0.71899,-2.8685,2
3.4639,-0.59146,3
-1.2703,-4.6147,2
-1.3506,-3.8714,2
0.24443,-1.8707,2
-1.2791,-4.303,2
3.8812,2.0557,2
3.2818,-1.5198,3
-2.0402,-4.246,2
5.946,0.63169,3
-1.891,3.8215,2
1.0857,0.577,2
-1.5443,-0.23279,2
2.231,4.3455,3
1.9471,-0.16046,2
-1.6739,2.4736,2
-1.5504,-2.2781,2
2.0825,1.0839,3
6.6727,-1.935,2
-2.7282,0.79333,2
0.11057,-0.39969,2
-3.3222,-1.1539,2
1.218,-0.43661,3
0.78991,1.8452,2
1.3763,0.53259,2
1.5337,-2.318,2
1.7747,-1.7025,2
-1.7505,-1.7357,2
1.109,0.11882,2
-0.66468,-4.8636,2
4.8021,2.5827,2
-0.34962,-0.35505,2
1.0929,1.1487,2
1.637,-5.0281,2
-2.9774,-2.9948,2
-2.2214,-5.4391,2
-3.2688,1.2994,2
0.82016,3.453,3
0.76976,2.8993,2
-0.18015,-0.94589,2
3.4978,-1.6751,3
3.7043,-4.3278,2
1.9738,-2.1748,2
-0.15341,-2.3014,2
-0.64155,-1.504,2
2.5269,-2.3828,2
-0.85924,-4.8286,2
-2.5946,0.39356,2
-0.080302,1.7767,2
0.19599,1.6123,1
-0.59969,-0.078561,2
-2.7978,-0.93062,2
1.736,2.2771,2
-1.0135,-1.8025,1
3.1036,3.0056,3
-1.4514,-3.0451,2
2.0496,-3.8366,2
-3.2076,-2.1645,2
-3.1007,0.24425,2
-1.112,-1.0997,2
-1.5999,-5.7181,2
-1.8384,2.2566,2
-0.78391,-3.2214,2
0.79895,-0.25748,2
5.0507,4.1293,2
0.90642,-2.6446,2
1.742,3.0639,3
3.9192,-0.4794,2
-1.4136,2.1715,2
0.099857,2.2914,2
-2.1574,-2.5735,2
1.0782,-1.2678,2
1.7593,2.5869,3
-0.98186,-0.4211,3
2.3974,0.94259,3
