7.8824,6.9327,3
4.5791,-1.0481,3
5.8218,8.5909,3
5.7023,6.2292,3
4.8893,7.3261,3
4.171,4.485,3
3.3457,1.5596,3
5.0632,4.3663,3
7.9129,5.2431,3
5.2473,2.1262,3
4.0522,7.7084,3
4.1572,-0.89884,3
6.3901,2.128,3
5.6718,2.558,3
3.4752,6.5398,3
5.4135,5.7574,3
4.5459,4.3615,3
0.29632,2.0483,3
3.2364,9.3286,3
4.9392,5.0437,3
6.6477,6.6122,3
0.35228,-2.1609,2
-8.7946,-3.6114,1
1.5434,-0.92163,2
2.147,1.7352,3
3.7533,9.9557,3
3.295,3.2758,3
4.8099,3.3807,3
7.5742,2.4034,3
-8.0237,-8.0149,1
5.8235,6.0306,3
-6.4648,-8.6521,1
0.91664,-0.67523,2
5.5076,4.4602,3
3.8694,6.5448,3
7.8979,7.1043,3
4.8558,2.2048,3
5.4619,2.2645,3
7.7108,4.2769,3
-3.8668,-3.6921,2
9.0608,4.9998,3
3.9498,7.3,3
4.0119,3.978,3
1.8251,6.0459,3
7.2174,2.7262,3
4.0204,5.8544,3
4.451,9.1799,3
8.7306,7.5783,3
6.1312,5.2444,3
3.4787,1.3718,3
0.80516,-4.072,2
5.2443,7.0873,3
5.7902,7.6651,3
2.4337,5.3211,3
1.1274,2.7052,3
4.7979,6.0118,3
0.16325,4.6376,3
7.9843,10.377,3
1.9521,4.6082,3
6.9553,3.4927,3
2.2685,3.5048,3
2.4263,0.89503,3
4.5039,4.9443,3
-0.57299,5.5092,3
4.9496,9.8345,3
4.1314,5.3299,3
5.3177,2.4566,3
-2.6639,0.49883,2
-1.3811,4.5726,3
5.8985,4.1207,3
4.9728,0.033875,3
2.3057,1.2439,3
6.1538,1.9935,3
6.8782,5.8318,3
-6.5909,-2.1951,1
-2.627,-1.2268,2
2.8965,6.4003,3
4.1955,8.0584,3
4.2634,5.7857,3
7.504,5.6825,3
5.502,3.8869,3
4.9658,2.4568,3
5.9734,8.6181,3
5.4105,6.609,3
2.4368,3.0485,3
0.21857,1.8943,2
8.9188,6.4638,3
5.4084,2.9484,3
7.4035,6.2273,3
-5.3558,-5.6868,1
3.3896,6.2647,3
6.0197,6.4488,3
5.1071,8.3169,3
5.2041,0.75244,3
5.8841,5.5765,3
3.5563,0.050579,3
4.4185,6.5617,3
5.6758,4.0081,3
5.9963,3.8948,3
6.9673,2.9868,3
3.7953,2.9951,3
-8.2311,-2.3007,1
5.8758,4.2189,3
3.2127,2.7645,3
0.35861,0.60281,2
6.3695,6.2631,3
3.7313,7.7943,3
-3.7996,-2.0941,2
3.9897,3.8411,3
2.64,1.1186,3
3.0783,6.3979,3
-3.9007,-7.4806,1
10.05,7.9016,3
4.8634,6.6715,3
-4.7017,-3.7143,1
6.8323,6.6351,3
-1.2745,2.4528,2
2.1473,10.341,3
6.2356,8.8019,3
-7.0826,-5.3445,1
6.5531,2.8687,3
2.0197,5.6638,3
3.3929,7.5982,3
4.6719,1.4186,3
6.2404,5.4339,3
6.6177,6.3953,3
6.8189,8.2135,3
-0.49496,6.8261,3
7.4932,6.0102,3
4.4088,7.4133,3
7.6012,7.3946,3
2.7705,3.1078,3
5.2523,8.9345,3
5.8134,8.2483,3
2.7288,1.1496,3
7.6082,6.7986,3
7.3017,1.8218,3
3.2281,2.8506,3
6.8875,2.9384,3
4.1168,4.9258,3
1.474,-3.569,2
-5.1959,-2.5036,1
4.1355,3.9231,3
1.4307,1.8589,2
4.9234,9.4796,3
4.4728,2.8272,3
0.39223,1.7022,3
2.69,1.1199,3
5.921,-0.27633,3
3.7555,5.012,3
1.3552,2.574,3
8.3417,5.7988,3
-1.0194,-1.4566,2
5.9673,5.5661,3
5.4587,4.6705,3
2.4024,2.4908,3
5.7693,10.673,3
3.6969,5.4933,3
-7.0856,-3.3578,1
0.26701,4.9831,3
7.5127,6.9651,3
2.6861,1.7145,3
3.2961,4.6999,3
-1.7222,-2.3028,2
4.9098,8.0033,3
4.0504,4.2046,3
2.9982,3.7914,3
6.1297,6.1912,3
5.8459,5.6647,3
8.991,2.4004,3
5.0223,4.2196,3
4.8495,3.4153,3
3.6663,5.9196,3
3.5472,6.4993,3
5.3745,8.8352,3
1.372,1.699,3
-2.5796,1.6935,2
2.8987,3.8137,3
5.411,6.5108,3
-7.8239,-1.3512,1
3.8267,4.9347,3
-2.8172,-3.1712,1
2.8027,4.5253,3
7.8848,3.4321,3
3.5657,1.8697,3
4.7178,5.1317,3
2.5363,8.2888,3
4.669,3.0354,3
6.6977,3.9045,3
0.79419,0.97084,2
-0.29927,0.18511,2
8.4454,11.066,3
-0.12124,-4.3363,2
7.0915,5.7868,3
-0.22137,0.51044,3
10.396,8.5993,3
1.5232,8.0528,3
8.4304,6.9512,3
6.1255,4.7325,3
5.7543,8.5122,3
1.9424,4.0882,2
2.7762,3.1789,3
0.3656,9.6345,3
4.0394,5.2874,3
5.8068,7.4666,3
1.5061,7.489,3
3.8967,3.5202,3
-2.1454,1.6584,2
-3.2479,-4.111,1
4.9439,7.2369,3
2.2552,3.6748,3
5.7073,4.0492,3
4.6522,5.8449,3
-2.7708,-5.3091,1
0.04454,2.0505,3
1.3709,2.711,3
5.7845,7.8282,3
2.3667,6.6012,3
6.2094,3.8591,3
4.8106,2.5206,3
3.2549,8.945,3
3.3071,6.8676,3
0.86458,3.6953,3
0.18686,1.3252,2
6.9567,3.8677,3
4.9832,4.7841,3
3.7826,2.0775,3
4.959,1.6073,3
3.27,2.7093,3
5.3435,4.0954,3
8.768,3.0911,3
5.6874,4.8542,3
-5.162,-6.0082,1
5.8039,7.0522,3
3.7111,2.8948,3
3.2219,3.065,3
4.7815,7.8857,3
2.0571,2.4408,3
4.8186,5.9476,3
6.4981,5.5028,3
8.8098,9.0216,3
2.4429,3.6577,3
5.6602,4.0399,3
4.0495,5.3257,3
6.8057,8.1384,3
4.1307,3.9393,3
0.58106,7.748,3
6.3602,6.5372,3
4.8795,8.018,3
4.3569,5.1457,3
3.5004,5.6769,3
2.8608,6.7244,3
-1.6771,0.848,2
-2.5247,-1.3295,2
6.4175,4.6233,3
-2.7957,-1.9945,1
3.5585,5.6635,3
5.5115,6.1689,3
-1.1346,2.1178,2
6.8797,5.5583,3
5.6371,6.6876,3
4.2577,3.919,3
5.3938,4.9224,3
6.328,4.5777,3
4.2781,3.0202,3
5.1393,5.4897,3
7.1442,5.78,3
5.8993,0.81377,3
4.0005,3.4016,3
6.1314,0.45302,2
7.296,4.8563,3
4.5119,2.5159,3
5.8775,5.1606,3
6.198,2.9855,3
3.2772,6.2306,3
7.3599,8.2541,3
2.2083,2.6152,3
3.9174,6.2053,3
0.29208,1.9177,2
6.0597,2.7744,3
3.3799,8.1002,3
7.8271,6.498,3
5.0131,3.3379,3
5.3033,3.5174,3
5.8813,7.3832,3
7.3675,6.4528,3
2.6611,4.1814,3
5.0917,4.9132,3
5.9851,4.8266,3
6.336,5.8166,3
6.4477,4.6997,3
1.669,3.8061,3
-0.29578,4.7998,3
3.5923,3.9987,3
5.3187,5.3611,3
0.90915,4.9326,3
3.0921,5.4613,3
4.6325,2.5089,3
7.6141,1.0387,3
5.8942,3.3714,3
-6.5391,-6.3396,1
4.2736,6.1383,3
5.2974,7.1393,3
5.8782,4.017,3
5.5992,5.7553,3
4.23,1.7941,3
0.98462,3.2891,3
3.3539,11.001,3
1.4102,5.1165,3
4.8964,10.087,3
1.3678,6.9893,3
3.0264,2.166,3
6.4256,7.474,3
5.3955,4.2136,3
4.2735,2.5444,3
3.9248,3.3438,3
2.7679,5.9371,3
-9.5132,-4.4455,1
6.132,4.8432,3
5.6275,4.7368,3
4.3656,5.2754,3
7.0982,5.4586,3
9.4005,3.8807,3
1.5918,2.4256,2
2.7098,1.9073,3
-5.1912,-0.59091,1
5.9786,4.2169,3
2.7597,6.2911,3
1.3574,10.074,3
-5.5917,-4.7218,1
-8.2014,-5.0631,1
1.3354,4.4479,3
4.8646,7.8434,3
4.4996,-1.6032,3
2.524,4.6699,3
6.1448,5.455,3
3.8963,4.1276,3
5.353,2.5962,3
3.6975,9.4678,3
6.5958,7.0988,3
3.1987,2.0571,3
7.3977,5.4526,3
6.6863,6.9506,3
5.597,3.0646,3
3.9659,2.0052,3
3.7944,-0.08711,3
4.0223,4.5725,3
4.91,4.2453,3
0.85937,-0.76968,2
0.61906,1.79,3
4.4007,5.3359,3
5.1562,7.999,3
5.5882,9.0122,3
3.4649,0.51205,3
3.6523,2.6937,3
5.8172,0.59322,3
-1.309,1.3999,2
1.5511,5.7015,3
7.9917,4.2107,3
5.4382,5.9941,3
7.2071,8.5892,3
1.8777,3.2377,3
7.1063,4.6324,3
7.5525,7.7336,3
3.7259,8.2463,3
5.4066,6.36,3
4.078,4.856,3
5.6002,3.7481,3
2.794,3.1332,3
4.9808,7.2181,3
1.0957,5.3946,3
6.2321,4.2544,3
5.6842,5.1499,3
-1.5365,-1.8103,2
3.7457,6.902,3
3.6604,3.8471,3
-3.6469,3.0105,2
0.93894,1.6614,2
3.81,2.3234,3
2.5959,6.242,3
-1.6592,0.4399,2
3.7424,-1.9959,2
5.2778,4.51,3
2.9074,1.1422,3
8.261,8.3037,3
5.4502,6.9252,3
1.532,1.7831,3
4.6816,3.1771,3
6.9323,6.518,3
4.6163,3.8194,3
0.87856,1.3292,2
7.98,9.2707,3
5.5557,2.6905,3
5.2167,-1.7589,3
0.58225,5.3413,3
6.967,6.6967,3
2.7717,0.36065,3
4.6415,10.522,3
6.8981,-0.55774,3
5.3421,3.4453,3
3.3855,4.6884,3
11.381,3.1652,3
4.1702,7.4514,3
-0.056999,0.70543,2
-0.96226,0.63301,2
1.8305,4.3751,3
8.6864,5.82,3
0.40657,2.5175,2
6.2521,6.705,3
5.8801,7.9058,3
7.1409,9.8779,3
5.2006,6.1986,3
4.022,2.5127,3
3.9216,6.8716,3
6.8027,6.9157,3
0.054223,6.1199,3
8.6087,8.3554,3
6.4475,6.6013,3
8.0419,2.5526,3
6.8398,4.155,3
1.9304,1.673,3
1.6626,-0.38492,2
-5.6485,-1.239,2
5.4312,5.7403,3
11.572,6.1146,3
1.1334,-1.6685,2
4.6741,6.5101,3
4.623,5.0662,3
4.5283,0.44478,3
3.9313,5.2276,3
3.7834,4.0771,3
8.0913,7.9104,3
5.2711,4.1258,3
6.0667,8.2404,3
7.2614,4.1884,3
4.3452,4.3363,3
4.1617,8.3702,3
4.9828,3.2988,3
5.7694,5.6983,3
8.5227,2.3584,3
7.3608,7.142,3
3.3402,3.7986,3
3.7782,5.3814,3
4.7846,6.7497,3
8.9643,4.9713,3
3.029,5.359,3
7.4308,7.9633,3
-1.3743,0.30855,2
-0.34876,2.1066,2
3.2122,3.661,3
5.4034,7.64,3
6.8085,8.5552,3
4.3071,1.3192,3
3.8681,7.7073,3
-8.7146,-4.1856,1
3.3723,6.2846,3
4.7595,6.6402,3
4.9175,4.8472,3
6.233,2.9488,3
9.3682,5.4564,3
2.2473,-2.6355,2
4.1953,0.60055,2
-4.7648,-2.7631,2
4.9324,5.8361,3
8.9518,2.0147,3
-6.2995,-3.4901,1
5.2371,5.5401,3
4.2371,6.2351,3
5.8772,4.2142,3
2.8161,8.2432,3
-5.7387,-6.2068,1
2.6101,2.531,3
5.6489,1.7612,3
6.669,6.8432,3
-0.71526,-2.351,2
2.7509,6.4151,3
5.7518,7.0844,3
1.5384,0.44204,2
-0.31462,0.64177,2
1.323,5.6602,3
3.1117,5.0615,3
3.0162,4.9419,3
4.7477,-1.475,3
3.3413,1.9724,3
2.8688,0.68107,2
4.0722,5.7116,3
6.0932,3.6069,3
2.7194,10.327,3
1.928,10.167,3
5.5609,3.1279,3
2.9722,2.8716,3
4.2569,2.899,3
4.8697,6.2917,3
8.1577,6.0507,3
4.5612,4.1095,3
8.8924,2.2019,3
7.6357,5.4729,3
2.9861,6.7285,3
4.6522,3.0192,3
6.3006,3.0038,3
2.8778,2.6509,3
-2.7853,0.17784,2
1.1617,5.3619,3
3.3509,3.1363,3
2.3502,0.54367,3
-1.2126,-2.8393,2
8.0361,4.5198,3
5.5243,6.0695,3
5.8603,6.1574,3
2.5312,6.9342,3
6.0472,5.7514,3
2.9703,6.2662,3
6.6208,3.185,3
-0.068294,3.8786,2
4.6231,5.8545,3
3.6734,3.9654,3
-0.66244,5.7743,3
5.9484,4.6294,3
3.8135,7.1147,3
-0.98181,5.7691,3
8.0064,3.2976,3
6.8608,1.1257,3
2.225,4.5414,3
3.8096,4.8978,3
4.6051,2.5737,3
4.904,4.3631,3
-0.35596,4.5566,3
-1.8058,2.8804,3
0.79346,7.5055,3
3.4281,6.6467,3
2.6231,7.5472,3
5.0875,0.68996,3
5.3616,3.744,3
7.2062,8.7131,3
4.0259,6.2067,3
5.7254,7.8349,3
6.7734,4.4267,3
3.1616,1.7362,3
3.9586,5.4153,3
1.0411,2.586,3
2.2812,4.5971,3
5.625,3.8795,3
2.4071,1.8987,3
5.3679,7.6549,3
5.0496,2.6088,3
8.4406,8.6646,3
1.7257,2.9548,3
3.7796,9.7226,3
5.4431,2.0214,3
2.4445,4.9236,2
8.9496,7.1874,3
8.479,3.1685,3
2.9683,6.0112,3
-4.7411,-5.5596,1
-0.3215,4.3562,3
3.6579,7.6935,3
8.762,9.2026,3
8.9237,6.4726,3
6.8242,4.7276,3
4.9386,4.8001,3
1.1441,4.9919,3
0.88686,3.2327,3
9.9165,4.5578,3
5.5486,5.7733,3
-4.0276,-2.1832,2
4.7726,4.1739,3
8.9006,6.3995,3
5.2974,7.6598,3
-7.9967,-5.5073,1
7.36,5.1868,3
6.4455,4.9946,3
4.7288,4.2519,3
6.0757,7.2849,3
3.0869,4.5545,3
2.8263,2.6804,3
-4.0552,-1.2337,1
4.4839,4.3161,3
3.6946,3.4535,3
5.4508,6.699,3
4.2284,8.5594,3
5.7926,8.005,3
7.1632,6.8212,3
4.0241,4.9668,3
6.3335,5.3002,3
4.3403,4.1247,3
6.02,6.1461,3
6.4063,6.4826,3
5.2899,6.3825,3
6.6671,5.6185,3
7.7558,4.9646,3
5.4647,6.6681,3
6.5703,7.185,3
1.1288,2.3153,3
11.206,2.1443,3
3.3842,2.8324,3
6.442,8.9889,3
4.1825,7.9741,3
2.962,4.5232,3
6.7984,6.2487,3
3.8301,4.6676,3
1.9501,-0.45578,2
5.1189,7.9705,3
1.2362,5.5549,3
4.8828,5.6615,3
2.5066,8.5876,3
3.552,5.3272,3
10.25,8.9178,3
6.4477,3.2322,3
5.1553,5.5955,3
2.4865,5.3826,3
-1.0247,-4.0151,1
6.2763,8.7468,3
6.1655,4.7103,3
5.3345,6.7081,3
-1.895,-3.2531,1
4.8812,3.7544,3
0.17035,2.7474,2
0.81359,6.406,3
4.5729,8.0039,3
9.2449,6.287,3
3.1152,3.1749,3
2.7347,8.993,3
4.8801,6.1131,3
2.3924,0.49559,2
5.4599,9.2522,3
3.9163,9.3037,3
3.2433,8.0579,3
8.5252,3.8042,3
3.9911,3.4731,3
0.37748,2.8451,3
1.1179,-3.2822,1
5.9921,6.1625,3
1.8566,4.8856,3
7.5257,4.3956,3
1.1668,7.7213,3
4.5632,3.8681,3
2.3887,5.0359,3
3.9985,5.1474,3
7.7387,4.8143,3
-1.8515,4.9582,2
5.4788,2.6046,3
-3.7502,-7.5911,1
6.6684,6.2303,3
-1.7542,-0.51942,2
4.9093,5.596,3
6.4554,2.8929,3
1.6228,0.25221,2
6.4626,8.8138,3
8.8871,6.2791,3
5.3299,4.0476,3
8.5422,1.6656,3
4.7098,4.672,3
10.121,8.2487,3
6.0521,6.3996,3
3.6108,6.4692,3
6.7763,6.5362,3
6.9531,3.7869,3
6.3358,6.7435,3
4.1647,4.4706,3
4.7549,5.3082,3
8.104,4.2953,3
4.9143,3.7675,3
6.1712,7.9779,3
2.6954,7.8813,3
3.7101,7.1002,3
2.4948,3.3477,3
8.0247,2.8934,3
4.403,4.7628,3
-3.9248,1.4943,2
7.0553,4.8826,3
1.3099,0.55867,2
8.5812,5.907,3
7.3693,12.632,3
8.5605,3.6569,3
2.0277,5.3553,3
3.1898,3.4025,3
5.884,6.457,3
2.8674,7.4739,3
6.656,5.0663,3
4.4673,5.0576,3
7.3351,1.923,3
7.4913,5.4067,3
2.4722,4.1754,3
6.2284,4.3483,3
7.9109,7.8392,3
8.7581,6.239,3
0.83484,4.9699,3
4.6126,3.5389,3
-1.8339,1.8234,2
3.6809,7.7838,3
4.9541,5.3088,3
-1.6775,3.9204,2
1.2559,3.3769,3
7.2561,11.771,3
9.5974,9.2438,3
2.5932,3.249,3
4.283,6.3892,3
0.60815,3.3718,2
0.099773,0.33091,2
6.9393,6.6533,3
6.9565,4.8627,3
6.4271,6.0204,3
4.1253,0.4281,3
3.9604,3.1881,3
3.2558,6.1521,3
4.2941,5.3126,3
6.8063,3.7378,3
4.1011,5.2147,3
3.1133,2.6189,3
7.3994,4.6475,3
0.83589,0.023268,2
4.7005,7.0567,3
5.1179,5.4172,3
4.4104,5.8202,3
3.9473,4.2539,3
-0.29555,-1.7547,2
-0.057043,6.1574,3
8.9795,5.094,3
-5.5018,-5.4739,1
0.69097,-1.8763,3
1.5903,1.3815,3
1.9646,2.5752,3
7.6526,4.3018,3
3.9982,4.1772,3
3.0055,6.951,3
2.2858,2.3502,3
-1.0927,7.802,3
4.6129,12.479,3
5.8589,3.7052,3
6.9993,8.4888,3
4.3779,3.463,3
4.5615,5.7211,3
2.5741,1.0306,2
6.638,6.2025,3
6.2862,6.7914,3
5.9636,4.7298,3
7.0234,2.8074,3
4.3077,8.7364,3
9.0458,7.5601,3
4.997,4.5939,3
-1.0034,-5.4747,1
7.4201,5.2361,3
6.3621,5.6709,3
0.1878,5.0302,3
5.6824,4.9046,3
1.9551,3.7045,3
6.3318,5.9039,3
0.41981,3.6014,3
5.4607,4.8372,3
5.9496,5.8004,3
-1.074,4.5368,3
2.4962,4.4776,3
4.2933,4.121,3
2.209,-0.45169,2
6.9691,5.3063,3
3.1006,-0.78376,2
4.3933,8.5179,3
0.56303,2.7756,2
5.1874,2.5405,3
6.1872,2.2413,3
2.206,5.2869,3
0.60229,2.6955,3
4.1637,5.8547,3
6.0874,5.3153,3
3.1276,6.9479,3
4.5513,6.8057,3
1.5409,6.6559,3
2.1646,5.1792,3
-1.4384,0.66328,2
3.8259,9.7546,3
4.2309,5.5782,3
3.1467,4.1237,3
8.5313,5.7548,3
1.741,6.6261,3
4.8141,10.353,3
6.0495,7.4938,3
5.6712,8.3816,3
5.7972,3.0518,3
0.85,-0.12818,2
6.7936,6.7849,3
2.2442,1.68,2
4.512,6.6219,3
2.7641,7.8676,3
5.3523,5.4145,3
4.3807,8.1253,3
5.1715,0.092107,3
11.205,8.4268,3
2.6863,7.3914,3
2.8995,4.2251,3
5.2071,3.7021,3
2.1293,0.52118,3
-2.2766,-5.5033,1
7.382,6.4383,3
10.568,6.3003,3
7.6441,7.6121,3
4.6122,8.3324,3
3.6121,4.2031,3
3.631,5.5374,3
5.8679,5.7933,3
-0.36892,0.49322,2
3.8259,-0.41449,3
3.9298,8.4116,3
3.924,2.74,3
3.4907,6.3797,3
7.0368,1.7029,3
4.8107,6.3795,3
4.3395,1.8091,3
3.2228,-3.5607,2
4.4802,6.753,3
5.6986,11.295,3
6.7016,7.6095,3
-1.4515,1.2942,2
6.8291,6.3804,3
-3.6934,-0.11697,2
-1.2094,0.043646,2
3.9618,8.0097,3
5.6337,2.9199,3
7.3031,3.9326,3
3.082,4.7239,3
1.9229,6.6247,3
5.0958,6.2963,3
4.4149,2.4284,3
3.2514,2.189,3
5.2663,5.2306,3
6.9007,7.0712,3
4.0411,2.0708,3
-0.23046,-2.8197,1
1.2976,-0.90769,2
0.7847,5.343,3
3.4831,4.919,3
-1.6796,-3.2465,2
4.3846,5.5279,3
1.6612,-2.2756,2
4.7268,4.8196,3
2.1306,3.4602,3
5.5724,7.2125,3
2.651,1.2874,3
6.5592,6.6566,3
5.0355,8.0413,3
6.5538,2.404,3
3.8477,6.3761,3
-0.24326,4.3946,2
-4.8204,-6.731,1
3.3748,9.2612,3
0.708,-0.073224,2
7.0181,5.2824,3
8.9376,1.445,3
7.2383,8.0775,3
-3.4137,1.4876,2
2.1883,5.4382,2
4.3916,3.7027,3
6.0365,6.7706,3
3.9194,9.4074,3
1.5619,2.2365,2
7.7655,6.782,3
6.7282,6.1482,3
5.0235,4.0108,3
0.037073,4.7616,3
10.095,7.543,3
5.5013,6.8779,3
3.4589,6.7742,3
6.1375,2.7458,3
2.9203,1.0131,3
8.023,3.2971,3
6.0284,4.136,3
-0.62747,-1.2526,2
8.1883,6.1893,3
3.13,6.906,3
4.0198,7.3194,3
5.0951,4.8642,3
-3.035,-2.1818,1
4.1774,4.1701,3
6.2786,2.9488,3
8.088,3.9995,3
4.0211,6.1103,3
4.0952,5.9758,3
4.7112,4.6849,3
8.1469,7.952,3
10.148,3.3594,3
5.8197,3.8581,3
8.627,9.7016,3
6.8073,2.0379,3
3.0478,3.8025,3
2.0181,-3.7079,2
6.824,2.9556,3
2.559,3.6109,3
8.085,4.2977,3
7.006,6.5631,3
4.2565,5.6464,3
4.1684,4.1147,3
4.8776,9.1829,3
7.304,5.6574,3
-1.8128,-0.55352,2
-1.7615,0.17243,2
8.5887,5.1851,3
5.7652,6.3736,3
4.4363,1.3429,3
5.0978,3.9131,3
6.5987,8.4996,3
5.2296,6.8653,3
7.664,2.6359,3
4.1222,6.7141,3
5.4869,6.0081,3
-1.7613,-4.5613,2
7.5112,3.1563,3
5.7799,4.4162,3
5.3105,9.7208,3
4.5237,7.7972,3
-7.8542,-7.1826,1
4.9999,4.3184,3
4.2028,6.9378,3
7.0513,3.9532,3
6.7314,0.15651,3
3.308,4.8571,3
2.1697,1.3124,2
7.2044,8.0413,3
5.6655,5.7683,3
1.6717,0.52245,3
-0.49707,0.53344,2
7.6882,-0.49444,3
2.2452,4.9157,3
1.7754,-1.4501,2
5.9163,1.9163,3
0.70997,1.4918,3
4.6035,4.7349,3
-2.5244,0.63392,2
1.0752,3.5139,3
7.925,2.6058,3
6.0466,4.0297,3
7.3335,8.2251,3
-7.3565,-7.3371,1
0.63888,2.9435,3
8.2033,6.5093,3
3.2627,1.6544,3
3.8944,1.8573,3
7.0035,3.659,3
2.148,2.2886,3
6.4288,5.0905,3
0.85928,-0.80521,2
7.0703,8.2938,3
9.4207,7.8069,3
6.0352,2.536,3
6.2043,6.8625,3
6.2067,1.549,3
-4.6212,-3.3803,1
1.5148,-0.30273,2
7.6814,2.1332,3
4.1976,4.8981,3
8.9053,7.7263,3
6.6632,5.5007,3
6.0458,3.1089,3
3.9483,9.0145,3
-3.7646,-0.29178,2
6.5395,7.5536,3
6.5825,7.248,3
6.2409,6.5621,3
9.2691,9.1975,3
-0.43338,-1.4585,2
7.3733,6.3965,3
3.4697,6.6184,3
3.8171,3.4179,3
6.5451,1.4,3
0.55402,-0.47207,2
7.8843,8.3454,3
7.4428,2.3644,3
8.1599,4.5571,3
6.4702,4.902,3
5.6824,10.045,3
-5.7186,-4.7581,1
0.84715,0.98771,2
5.9881,2.7523,3
2.5968,0.78127,3
4.1748,3.948,3
4.2168,1.9176,3
1.9015,3.0402,3
3.5358,7.2427,3
2.4209,7.7086,3
0.59662,-1.0308,3
5.2366,4.8621,3
4.6103,3.5786,3
4.9059,4.0608,3
4.5797,8.0049,3
4.4711,9.5135,3
-1.5637,-0.70493,2
8.3958,5.109,3
-1.5294,0.49339,2
-5.7682,-2.8307,1
4.5364,3.5418,3
2.3071,0.20118,2
8.551,1.2507,3
-3.693,-1.0492,1
1.5889,3.0404,3
5.8927,6.2617,3
3.2373,3.3094,3
3.945,5.3412,3
0.98241,-0.56161,2
-3.7012,-1.2973,2
3.6636,4.2391,3
2.4701,4.6952,3
4.1547,2.0462,3
5.9079,5.5674,3
0.62689,2.8706,3
0.76748,2.8174,2
0.83596,4.4217,3
-0.11366,-2.2485,2
7.6565,7.3818,3
-2.2311,3.4274,2
5.4284,2.3927,3
5.6275,1.5372,3
-2.6603,-0.47475,2
9.7306,7.6571,3
6.1879,5.6883,3
5.5809,4.4057,3
3.5942,3.4747,3
6.4093,9.5946,3
-0.11733,2.0926,2
6.6224,1.6587,3
1.6084,5.0113,3
4.3699,7.1211,3
7.3782,6.7811,3
5.2099,-0.85014,3
7.1928,4.7116,3
5.1967,5.3214,3
6.737,6.6768,3
3.0334,4.5623,3
6.4194,5.1292,3
9.2819,4.8453,3
7.3649,4.3587,3
3.5336,5.7531,3
8.1112,6.8269,3
4.7768,3.0541,3
-0.38124,4.2863,2
9.5722,5.7584,3
-5.6593,-3.6737,1
6.8595,3.548,3
4.4214,5.4817,3
7.2953,10.924,3
8.8147,4.8361,3
5.9937,3.2506,3
2.9557,5.9415,3
6.5281,7.6814,3
7.5415,4.9106,3
3.6269,-0.62626,2
1.2323,-0.81755,3
4.1935,3.712,3
6.5952,3.1282,3
5.8676,3.7346,3
4.5819,3.7635,3
3.8396,-0.57687,2
4.4337,8.8446,3
8.1599,7.7992,3
4.6734,3.0592,3
7.3523,1.8502,3
-3.4786,-2.3009,1
3.8742,1.8709,3
7.0611,8.4596,3
1.3885,-0.49155,2
5.0699,3.5687,3
0.95073,-0.87354,2
6.514,8.442,3
4.7012,3.8694,3
7.286,3.6635,3
-2.1254,-5.1805,1
-1.1435,-4.1105,1
-5.8881,-5.2474,1
-5.8356,-6.6958,1
6.2977,5.3217,3
3.8987,4.3429,3
4.7222,5.1616,3
6.0348,5.0126,3
7.5015,0.9953,3
4.8726,1.491,3
4.2216,8.9992,3
3.4515,5.9803,3
5.8096,3.6096,3
4.9977,5.1141,3
7.6312,9.2638,3
9.5227,4.2133,3
-3.6105,-2.6524,1
6.0731,7.3006,3
5.1357,0.018077,3
2.7601,8.0524,3
5.4603,7.3785,3
-1.1426,-1.182,2
5.625,2.4325,3
4.9247,6.4962,3
4.5321,4.8461,3
5.7773,7.6364,3
8.5095,2.9408,3
6.7071,10.304,3
6.8879,6.6956,3
-6.0461,-8.2081,1
3.4452,2.3683,3
7.6337,4.5616,3
4.5695,-0.52893,2
4.8551,5.5222,3
7.3478,4.1542,3
6.3186,7.3311,3
-1.3138,-2.5244,2
-2.5949,-4.0086,1
4.3897,7.777,3
1.7018,4.4847,3
2.0754,7.4192,3
5.4986,0.5606,3
2.6863,5.9834,3
8.1178,4.7764,3
6.2717,3.7336,3
6.9286,6.1608,3
4.4677,8.5224,3
-4.3151,0.81302,1
7.3648,2.7726,3
6.5146,6.3218,3
3.7995,8.0269,3
3.7851,2.7704,3
6.542,3.4635,3
-1.7477,2.0105,2
6.5106,6.0936,3
4.9767,8.389,3
5.2426,3.4751,3
-1.9538,-1.277,2
5.1935,5.1981,3
6.159,4.8258,3
2.4372,6.8637,3
1.8929,6.7678,3
-0.42798,-3.5376,1
-1.7808,-1.837,2
6.5803,-0.067542,3
2.977,5.2724,3
4.9517,2.0637,3
5.8196,2.5158,3
-6.5938,-3.4634,1
6.0362,7.093,3
-5.7654,-8.3049,1
6.7286,7.398,3
5.4567,5.2489,3
8.6508,8.6378,3
-1.8306,-5.08,2
2.1765,4.4965,3
0.033346,-1.8368,2
5.9935,4.5715,3
5.8295,6.5114,3
3.1677,5.1479,3
6.6382,4.4341,3
6.1412,1.9542,3
7.5472,8.8984,3
-1.6692,0.55937,2
2.7163,3.0679,3
5.8616,7.1231,3
5.0244,5.25,3
6.958,1.3935,3
7.6615,4.8201,3
2.7047,5.3625,2
-2.9923,-2.6003,1
2.8264,1.9681,3
3.5001,0.40288,2
2.8731,5.3935,3
6.2481,8.4701,3
5.416,1.6576,3
2.8834,7.3999,3
5.4868,4.8104,3
1.4124,2.3744,3
6.234,4.2069,3
4.6518,4.7942,3
-4.3099,-4.832,1
6.0115,7.454,3
6.953,6.6983,3
4.5535,5.3548,3
5.7669,3.9625,3
5.7537,5.9709,3
9.4694,6.6636,3
8.6069,5.2173,3
3.5083,4.3459,3
6.7936,5.6532,3
7.29,3.5017,3
6.7147,2.7687,3
7.2055,8.031,3
7.7592,8.1523,3
7.3282,5.9144,3
8.4335,4.8401,3
-0.3123,-0.72244,2
5.1472,4.1174,3
3.643,3.5415,3
3.295,2.7031,3
3.4558,3.8437,3
6.7897,7.7423,3
3.5431,0.31128,3
0.81057,5.5174,3
7.8166,6.5232,3
3.9674,4.7774,3
2.8744,3.902,3
9.1589,5.5201,3
7.1151,7.1186,3
4.2712,9.2474,3
4.1811,4.7682,3
3.6883,3.7364,3
3.1379,1.1448,3
-1.954,-6.2689,1
3.4195,3.8695,3
5.6411,9.2876,3
8.3816,6.8222,3
-4.2484,-7.6635,1
4.2862,4.4969,3
4.4634,7.2327,3
4.407,7.1475,3
1.7984,4.0472,3
5.1573,8.3908,3
7.4249,5.0733,3
7.7305,7.7292,3
-0.9953,2.8813,3
3.0417,6.7885,3
3.0817,7.347,3
2.3346,0.76609,2
7.0348,6.7074,3
7.2166,5.3529,3
5.5007,6.9044,3
1.431,4.9708,3
7.8433,5.765,3
8.6744,10.061,3
4.8358,5.8602,3
-3.0446,-2.7623,2
8.2473,6.6556,3
3.1251,7.176,3
5.3056,5.9743,3
9.3804,3.4763,3
8.4359,5.1944,3
6.7681,3.7302,3
4.2476,2.9212,3
4.1403,3.6225,3
4.9336,-0.16766,3
7.8775,6.5679,3
4.33,3.1232,3
4.5948,3.6555,3
8.2335,4.9437,3
4.7068,1.7302,3
1.9292,4.1533,3
-1.5582,1.8317,2
3.9555,4.2187,3
6.1806,5.0104,3
3.5474,4.4865,3
5.2644,4.9804,3
9.491,3.9706,3
6.9444,6.7337,3
4.9381,5.7044,3
3.968,5.9133,3
5.2818,11.265,3
7.4071,6.775,3
1.885,0.68284,2
5.4476,2.7487,3
2.8734,6.392,3
6.1032,7.2371,3
5.2838,4.7852,3
4.4446,5.7285,3
2.0544,8.2828,3
1.8359,2.9073,3
6.7992,7.0082,3
2.253,5.9649,3
8.0641,6.1325,3
0.39278,-2.289,2
5.3551,3.1923,3
3.7276,4.9788,3
2.2388,4.9913,3
1.9186,-1.611,2
1.7665,1.7156,3
6.6881,4.8411,3
5.1206,5.248,3
6.4139,5.293,3
-1.1525,0.73116,2
5.9458,3.507,3
4.0631,4.081,3
2.3905,-1.1485,2
5.5153,10.093,3
6.4182,3.8667,3
1.9945,2.6367,3
5.8805,0.24113,3
5.2502,9.4799,3
5.221,3.6057,3
9.1467,6.6375,3
3.7494,6.378,3
4.7139,9.4414,3
2.0795,7.5725,3
-1.5136,-2.2361,2
3.8912,6.7131,3
2.4855,1.602,3
-1.5871,2.3158,2
5.5388,1.6818,3
2.4144,2.767,3
-0.4728,4.7456,2
3.2434,4.9853,3
2.1839,3.438,3
1.5029,0.39189,3
2.4117,3.1117,2
4.2015,7.6054,3
-1.3122,-2.9751,2
1.7967,4.9169,3
3.7573,2.7692,3
4.7447,5.4479,3
-8.6903,-7.7839,1
2.0729,6.3925,3
7.872,6.966,3
2.9067,2.4151,3
-1.084,0.16875,2
4.6105,5.1178,3
3.6964,2.909,2
4.2726,5.0143,3
2.6016,3.9527,3
6.3182,4.3254,3
4.0549,4.8223,3
0.97778,3.0686,3
3.5288,7.5822,3
2.6643,-0.67045,2
7.321,4.7642,3
2.7532,3.0948,2
5.58,6.2257,3
4.897,4.2774,3
4.8864,4.8865,3
4.8132,5.6266,3
2.667,3.7845,3
6.1687,6.5065,3
1.5311,3.5091,3
7.6688,4.3082,3
6.2525,4.1013,3
8.8983,9.9079,3
4.4288,2.7673,3
3.3332,6.3234,3
8.0338,5.5693,3
8.2137,7.7277,3
0.12088,3.5468,3
9.0218,5.4149,3
9.8803,8.0222,3
7.3127,5.8103,3
-1.8079,-1.3755,2
9.0569,2.851,3
2.8728,5.19,3
2.3071,4.6953,3
0.72365,-1.6058,2
0.74903,6.8789,3
6.9825,7.2696,3
4.5914,8.2706,3
5.2022,0.31895,3
2.8156,4.266,3
4.4096,2.7625,3
5.1785,0.87159,3
5.6368,7.0261,3
5.4137,3.5273,3
3.2136,5.6123,3
4.2465,6.3137,3
2.3437,2.0273,2
5.315,4.5323,3
3.5166,5.6869,3
5.5043,8.4026,3
7.0472,6.6115,3
4.3135,2.5237,3
2.574,5.1717,3
1.5867,1.5582,3
2.5734,3.2346,2
1.3515,5.5656,3
5.7099,6.5623,3
6.8367,1.223,3
6.4354,3.8919,3
3.9631,8.1972,3
5.5201,7.3001,3
3.7938,3.5972,3
1.3163,6.2868,3
1.2346,6.9747,3
6.9824,4.7796,3
5.8049,5.7113,3
5.7858,5.3288,3
-1.9345,0.27881,2
4.1909,6.4437,3
3.3254,5.2011,3
1.2203,3.9178,3
-1.3499,5.1821,3
3.7931,4.6125,3
2.7217,0.95357,3
8.5423,8.2595,3
4.0734,4.6016,3
2.8102,3.5027,3
4.1679,6.2763,3
3.8671,6.5056,3
2.9326,6.8602,3
7.132,5.4111,3
-6.5305,-4.6385,1
6.8707,5.942,3
5.3389,6.6753,3
8.892,7.7411,3
8.3036,8.6384,3
4.342,4.8469,3
4.7266,10.691,3
4.4325,5.4339,3
2.92,3.9664,3
2.8137,3.5078,3
2.7795,5.15,3
6.3344,4.2435,3
-4.8417,-7.8455,1
6.33,6.0624,3
7.5096,4.2561,3
8.177,3.6656,3
7.0108,5.3948,3
5.6124,4.9469,3
7.2896,6.8941,3
4.7651,2.4645,3
5.4073,6.2487,3
-1.0926,-0.24067,2
0.082473,0.62583,2
5.3179,6.163,3
4.1836,6.257,3
5.9341,4.508,3
6.9098,7.8498,3
4.4077,9.5962,3
-2.3422,0.81041,2
6.2515,4.0446,3
5.0247,3.9832,3
0.67918,-1.5645,2
1.7184,2.7717,3
5.3408,6.727,3
-5.9855,-7.5768,1
1.5668,6.3086,3
3.6702,3.7008,3
4.6872,4.4585,3
1.6222,6.5279,3
8.2734,7.6974,3
5.7509,3.2019,3
4.2461,5.0046,3
5.389,3.1566,3
8.846,6.9237,3
3.5531,4.6253,3
4.2451,5.6579,3
7.5747,6.8091,3
2.6285,5.168,3
5.7999,2.7511,3
8.3768,6.3067,3
4.3371,5.0213,3
2.9617,0.44166,3
6.2426,7.0762,3
7.4832,8.2819,3
5.7682,2.6555,3
3.8919,2.6299,3
6.2469,3.1142,3
7.5077,7.7004,3
7.8069,5.1345,3
2.8072,4.3992,3
4.3469,5.098,3
4.4177,6.8701,3
-0.24224,1.5599,2
0.14712,-3.0097,2
0.89017,4.006,2
3.2504,4.1833,3
3.4124,4.342,3
6.6849,4.0542,3
0.92153,2.1156,2
3.7266,1.0907,3
6.3969,5.3012,3
3.9384,6.8987,3
7.2973,6.2131,3
5.7063,7.3802,3
0.7429,1.7566,3
0.52172,2.9715,3
3.2818,4.2764,3
-8.8706,-4.1264,1
3.0869,7.2419,3
2.7683,7.3122,3
7.5259,7.8598,3
8.6362,6.4491,3
8.6311,6.3775,3
-0.2583,3.7716,3
7.9173,3.9951,3
3.4063,2.0103,3
4.4413,4.6195,3
4.7766,6.4771,3
8.3178,5.9516,3
1.8665,6.2947,3
5.4983,8.1235,3
8.3586,6.8734,3
-0.18151,1.993,2
5.3081,4.4523,3
4.2461,5.3581,3
1.4561,-0.5346,2
3.2215,-0.47207,3
1.1823,0.26504,2
-2.0128,-0.83219,2
4.8653,5.6802,3
6.254,5.6494,3
6.3642,6.254,3
2.7881,6.771,3
2.2601,2.3844,3
-1.1128,-2.9423,2
7.1651,4.2963,3
4.7392,1.7769,3
1.7199,5.9544,3
4.9811,5.0198,3
6.7192,3.564,3
10.945,4.0613,3
4.1729,4.0102,3
9.5965,5.7477,3
-2.3912,-1.7562,2
1.2682,6.696,3
5.4791,4.8878,3
-5.051,-4.5183,1
7.8392,1.0418,3
2.0542,3.1545,3
-6.3791,-7.1175,1
3.0238,1.2434,3
4.6706,6.6024,3
7.68,8.5384,3
6.5083,4.5181,3
5.288,0.58819,3
6.3769,6.6496,3
9.0075,6.1992,3
7.1347,6.8943,3
7.3084,4.993,3
-1.821,-5.6813,1
2.9449,7.4695,3
2.8188,4.8649,3
-4.5332,-4.4717,1
2.6508,2.9829,3
3.8505,0.7331,3
0.35076,0.47563,3
7.5353,7.6139,3
2.2117,7.2479,3
5.9131,4.3202,3
2.8589,7.3636,3
4.0673,4.052,3
5.3528,4.9339,3
-9.2706,-1.9466,1
4.0925,1.2574,3
8.2522,5.6469,3
6.5201,4.9145,3
1.1115,-0.0059495,2
4.8344,5.4845,3
-5.3742,-9.2157,1
3.2315,1.7606,3
8.8466,10.022,3
3.496,4.7717,3
3.0071,-0.83867,2
3.2366,1.6935,3
4.7893,4.4648,3
1.553,3.6563,3
5.4222,3.6762,3
3.3908,8.9416,3
5.6977,5.864,3
6.1428,7.3871,3
-1.6336,-2.8388,1
1.2439,1.9906,3
3.6797,6.055,3
3.7263,4.3247,3
5.7347,5.1975,3
6.9029,6.5056,3
1.8207,-2.7701,2
4.5976,7.3041,3
6.6776,3.0856,3
5.6861,5.4895,3
3.2467,6.2321,3
0.23827,1.5127,3
2.8459,3.4513,3
-0.035661,0.13068,2
11.274,7.0095,3
-0.28173,1.2614,2
2.7867,4.955,3
4.4617,5.9537,3
-3.2378,0.69021,2
-1.7153,-0.1702,2
2.8031,6.222,3
-1.8667,3.2806,2
8.3748,5.0479,3
5.6059,1.8766,3
0.016981,5.7951,3
7.3011,8.2995,3
8.0065,5.2274,3
3.9048,4.8855,3
5.1324,3.3179,3
4.4466,2.6441,3
2.7161,3.2715,3
5.3491,7.2736,3
-4.5122,-6.0717,1
-3.9537,-2.0613,1
-3.7463,-4.0555,1
3.5019,2.2712,3
4.5388,5.7029,3
2.9453,7.8672,3
4.2053,8.4159,3
9.4043,7.1498,3
7.3685,4.9405,3
8.3803,4.6155,3
6.4601,7.6115,3
0.52668,0.69367,3
6.8438,5.8515,3
2.0536,3.7276,3
5.6463,4.4347,3
4.5088,7.8224,3
4.5251,7.98,3
7.2483,9.8341,3
10.244,7.151,3
6.3022,1.9712,3
4.2012,7.7233,3
7.6817,5.4246,3
4.9346,6.2761,3
-0.28471,2.6685,3
5.5684,6.5616,3
6.0174,9.7736,3
3.326,6.6197,3
1.6846,0.072703,3
1.3941,5.0164,3
7.0079,6.7791,3
2.6172,4.2259,3
4.0541,4.4348,3
4.7268,6.4921,3
5.7467,2.0209,3
1.1268,7.4542,3
8.0815,4.3677,3
2.928,6.018,3
6.518,7.7921,3
-2.4896,-0.017193,2
-3.9551,-4.8213,1
-0.058567,5.1171,3
5.6066,4.2474,3
3.6035,4.0273,3
4.8126,-0.45549,3
4.2655,4.8536,3
5.7148,5.9089,3
5.82,2.5038,3
4.6055,3.7229,3
4.5025,8.8936,3
6.0889,8.6629,3
7.1101,2.7101,3
6.4152,8.4828,3
6.7975,8.4666,3
6.8078,5.18,3
6.6818,4.235,3
-0.70024,2.7155,2
6.7063,7.6579,3
6.2767,2.9613,3
2.0874,4.8519,3
5.2296,8.1726,3
10.084,3.524,3
1.6985,5.8074,3
2.1216,8.9617,3
7.3421,11.21,3
3.4844,3.7146,3
1.5623,5.0511,3
3.6332,7.7491,3
5.5757,8.7135,3
5.2996,5.1541,3
1.2818,5.1929,3
7.8924,3.6988,3
-0.058808,-3.3949,2
7.8383,7.4718,3
10.296,6.226,3
2.1053,2.8659,3
6.6516,4.478,3
4.8045,8.1677,3
2.4867,2.2836,2
4.8113,2.7211,3
4.8861,0.80504,3
3.4979,4.5096,3
4.2224,3.1948,3
8.1258,7.48,3
7.0956,7.4179,3
3.812,5.4429,3
5.4409,5.8057,3
4.3937,8.0612,3
1.9327,5.4867,3
4.4649,6.5301,3
2.3329,-0.89575,2
3.2856,3.7318,3
3.2624,4.0923,3
1.7355,2.0137,3
0.99551,0.76361,2
5.6994,4.2477,3
6.2503,5.5596,3
6.0774,6.9919,3
2.5891,5.1039,3
2.0099,-0.30327,3
7.9457,3.7252,3
0.3467,8.6007,3
-1.8641,-0.27772,2
2.2904,8.2927,3
5.8322,8.9927,3
4.6563,7.7033,3
5.1935,5.2565,3
2.3004,1.1098,2
4.9118,2.4129,3
5.8803,5.8898,3
5.3203,6.8017,3
5.0954,4.9557,3
6.939,6.8996,3
5.495,6.6039,3
4.2232,7.215,3
-1.0152,-2.644,2
3.6659,6.2795,3
6.9012,10.121,3
-8.6053,-8.766,1
1.9318,-0.17423,2
4.6265,3.5825,3
1.8244,2.6804,3
5.004,4.8197,3
-3.4275,-3.5064,2
4.7607,7.9994,3
4.0412,6.9888,3
3.3197,5.053,3
4.6728,8.3029,3
4.9132,3.4475,3
2.6859,4.1341,3
2.8136,6.9389,3
6.086,5.962,3
6.2481,3.4161,3
6.0661,6.3189,3
-1.3859,0.99426,2
6.4302,5.5269,3
10.716,8.486,3
5.0559,3.8011,3
4.2589,5.891,3
1.3489,5.2193,3
3.3937,8.4254,3
8.4748,5.5833,3
5.5306,2.3693,3
6.1351,6.0526,3
3.9191,1.9594,3
-9.9131,0.51955,1
4.6135,3.6673,3
8.5923,5.4195,3
5.2388,9.5762,3
4.8675,6.293,3
5.6857,6.0391,3
5.0187,4.4153,3
7.056,4.7475,3
6.6344,5.8698,3
3.9308,4.7739,3
6.1395,6.8793,3
4.9303,7.0183,3
11.358,4.8367,3
7.1162,7.5868,3
3.9615,8.5186,3
5.9531,5.3991,3
5.3959,3.951,3
0.88932,3.0157,3
4.7387,4.4563,3
1.7883,7.6464,3
6.591,9.5342,3
8.7729,2.0873,3
4.955,4.219,3
7.4695,0.3125,3
6.4713,3.5653,3
4.2165,10.309,3
0.067994,0.15823,2
3.1993,1.493,3
6.9441,5.4183,3
4.1876,5.1301,3
4.5003,2.5294,3
3.5237,5.5849,3
-2.9151,4.4745,2
8.7394,4.5014,3
4.1577,7.3555,3
8.374,5.7976,3
4.8751,3.4109,3
7.8014,9.0417,3
3.9784,5.5454,3
4.2891,9.1053,3
5.1622,6.0608,3
2.1106,6.0714,3
4.0863,2.9816,3
5.377,1.9346,3
6.7944,8.8631,3
11.084,6.5665,3
-0.19887,1.6401,2
5.6146,5.6201,3
4.8612,4.0097,3
9.2128,4.8718,3
3.2796,-0.49355,2
1.9518,6.2533,3
4.6543,5.5722,3
4.3216,3.033,3
5.5223,1.8503,3
6.5144,7.2935,3
-1.6154,-0.77193,2
6.5951,5.1654,3
6.3728,7.6841,3
0.35242,2.0434,2
4.1518,9.2496,3
5.2579,3.2064,3
5.5294,7.2019,3
9.0853,7.6873,3
5.8076,2.9158,3
1.4513,-0.78469,2
10.237,5.9024,3
-5.5947,-5.4848,1
6.5767,1.5651,3
5.8946,4.846,3
3.3598,4.0849,3
3.2523,7.3052,3
4.8698,6.37,3
4.3157,4.2644,3
1.3227,3.0567,3
2.7178,4.4294,3
-3.8534,-0.092159,2
0.3554,-2.6559,2
3.7121,6.1989,3
8.0756,4.4787,3
2.2807,5.7544,3
-1.7146,-1.4748,2
3.5115,9.3444,3
3.394,2.0788,3
4.7767,8.1406,3
1.177,5.8535,3
6.8285,1.6564,3
2.542,4.718,3
4.4699,5.0513,3
4.6624,2.7705,3
1.6072,2.3681,3
-6.7255,0.082398,1
2.6891,5.1829,3
7.175,5.0504,3
-0.065191,-3.1886,2
4.1916,4.0355,3
2.8864,3.5414,3
3.5672,5.145,3
5.0635,6.5719,3
7.8988,4.6996,3
4.8818,1.889,3
5.1291,4.7363,3
5.2041,5.5536,3
-0.56015,-1.5415,2
2.1483,1.4213,3
5.6074,4.4465,3
4.9837,6.8787,3
4.1142,6.1744,3
7.478,10.283,3
6.4247,4.1611,3
6.8688,4.7918,3
6.0377,6.1457,3
2.8129,5.6897,3
0.69806,3.0752,3
0.31651,4.9402,3
6.4055,3.3689,3
3.4904,5.7896,3
0.014915,0.66914,2
6.6673,6.41,3
4.6648,5.1517,3
5.9829,3.6116,3
11.081,5.6249,3
10.343,7.2629,3
8.6154,11.719,3
4.8437,2.9504,3
4.8253,3.0264,3
4.6917,-0.11768,2
3.8285,4.1323,3
4.4282,5.1866,3
11.49,6.0253,3
6.5517,4.6825,3
-2.2246,-0.6191,2
5.2557,8.9766,3
6.3595,6.4945,3
4.1632,3.8911,3
3.5633,5.304,3
2.3228,3.5356,2
3.1227,7.403,3
4.5478,6.5272,3
5.21,4.4717,3
4.9912,6.4979,3
-0.93935,2.8572,3
6.4218,4.3915,3
0.92202,1.1292,3
9.053,7.0497,3
6.6852,4.2338,3
0.86521,-0.75173,2
6.2243,9.7768,3
4.7045,7.7509,3
5.9661,7.1576,3
6.4622,5.1819,3
7.7963,6.5267,3
4.8666,4.9356,3
5.3017,5.7604,3
6.2188,8.5228,3
5.4065,6.8938,3
8.5491,6.9492,3
4.639,6.1776,3
2.4915,3.7224,3
8.0549,4.783,3
3.874,3.2664,3
-1.651,1.2247,2
2.5604,9.3647,3
7.1193,4.9831,3
5.47,5.0626,3
4.65,6.2788,3
6.0521,1.1758,3
2.0015,1.0797,2
7.2445,4.4818,3
5.2047,8.7678,3
2.5888,4.544,3
3.8882,2.3378,3
6.841,7.2464,3
3.1698,5.0404,3
-3.8862,-4.3318,2
3.9872,4.3523,3
4.1155,1.7563,2
-3.7892,-7.7219,1
2.3243,2.1547,2
4.0646,5.1744,3
0.071248,0.52138,2
6.1086,2.5014,3
8.6359,4.3143,3
7.9671,6.2485,3
3.0182,7.1466,3
2.8268,5.0554,3
8.0309,0.76009,3
4.4181,1.7455,3
3.248,1.758,3
-1.7063,2.0426,3
6.9659,2.6027,3
3.652,4.0356,3
-2.7355,-7.601,1
9.6067,5.6224,3
6.6729,5.9002,3
2.7849,3.2675,3
3.1485,5.6734,3
3.9734,3.1426,3
3.68,7.5516,3
-3.3392,-7.4108,1
-5.7575,-3.9201,1
-2.3211,-1.5257,2
4.0548,5.8296,3
2.6423,0.47293,3
6.0405,1.7162,3
-2.9974,2.5592,2
3.7055,2.2286,3
6.5295,6.7656,3
0.48353,-0.94496,2
-7.073,-8.1026,1
2.1385,5.0126,3
5.2385,4.2297,3
7.4518,7.2308,3
4.8995,6.3402,3
6.0529,7.6798,3
7.9048,6.6871,3
4.5029,3.1696,3
0.68023,0.55223,2
9.3858,5.3007,3
7.3153,6.8139,3
5.6416,4.9191,3
6.906,3.685,3
2.4712,6.7517,3
6.272,5.162,3
6.6893,4.0702,3
7.6651,6.1947,3
5.4037,4.8158,3
7.551,3.8494,3
5.5698,4.6056,3
0.28544,-0.93928,2
7.1552,4.6268,3
1.0933,6.8254,3
7.7422,2.3497,3
1.8305,9.1026,3
1.6923,3.356,3
1.2655,5.7259,3
8.7296,6.0291,3
-1.5672,-4.6779,1
6.7324,4.3746,3
1.3516,1.3145,3
8.27,2.8353,3
6.3582,5.4617,3
9.1777,4.2895,3
1.3707,-1.1964,2
-5.044,-2.6407,1
1.7332,3.7914,3
9.6982,8.1708,3
1.6219,2.4059,3
3.5267,7.6762,3
6.7581,7.2794,3
9.7159,7.3026,3
0.35395,1.3797,3
4.511,3.1297,3
2.934,6.1918,3
5.491,5.9385,3
4.9468,4.8889,3
7.0933,2.1824,3
5.131,5.1983,3
6.4405,5.4226,3
7.4187,0.47243,3
6.1515,4.0078,3
2.8549,5.3733,3
-1.0811,0.75038,2
7.8419,5.4991,3
5.7144,5.5492,3
3.3107,2.718,3
7.0268,4.9607,3
7.1959,7.2297,3
4.1111,5.917,3
1.9167,1.243,3
5.4595,6.4472,3
9.8329,5.1416,3
-1.5759,0.41177,2
3.839,6.0786,3
-6.3632,-2.5176,1
2.533,2.4232,3
2.6296,3.2337,3
4.2819,5.539,3
1.4987,-0.4771,2
-0.90727,-1.6079,2
4.956,4.313,3
5.3817,5.2946,3
3.1404,2.2506,3
-7.28,-9.4155,1
-0.42579,3.7915,2
7.1124,2.846,3
8.2825,5.3673,3
5.3032,8.5004,3
2.6104,5.3827,3
9.6804,8.4193,3
-0.11987,3.5785,3
3.298,5.2925,3
3.8604,4.609,3
6.4047,1.9488,3
4.7967,5.4866,3
7.937,6.1156,3
3.4815,8.836,3
3.0127,3.604,3
5.647,3.1311,3
-0.91833,-1.0763,2
5.6552,5.9267,3
1.6961,5.6434,3
0.76229,-1.3029,2
5.4932,1.4431,3
8.2114,5.0077,3
4.7156,6.179,3
5.683,2.6667,3
6.1948,6.4111,3
-3.538,-1.3017,2
4.3961,6.5315,3
2.1486,5.4721,3
0.26431,6.2906,3
3.5397,6.9583,3
7.3408,5.1961,3
2.6883,7.184,3
3.9052,7.1674,3
4.985,7.5529,3
3.2441,5.4549,3
3.1749,6.6953,3
5.3618,7.735,3
4.7645,4.4634,3
0.80638,3.0939,3
-5.7648,-4.5044,1
6.1027,6.2779,3
3.0508,3.0269,3
5.3668,4.626,3
4.0577,3.6687,3
2.3718,2.811,3
3.3841,5.6114,3
9.359,5.3484,3
8.2727,6.0207,3
3.7142,4.0999,3
5.6837,5.4804,3
5.5036,5.051,3
3.7364,5.602,3
7.8492,5.8128,3
8.4297,4.0958,3
6.5239,8.2121,3
4.8862,5.0824,3
-4.147,-2.677,1
4.8135,5.1732,3
-0.025988,7.8622,3
3.3308,6.1014,3
8.6137,8.0339,3
-0.44574,4.0941,2
3.9891,5.8255,3
-0.72349,-2.5682,2
4.0237,5.3533,3
4.0396,4.873,3
4.5926,6.8,3
3.423,0.059127,3
4.2744,-0.56346,3
7.8673,4.0871,3
1.7911,4.0462,3
2.0501,-4.2449,2
4.307,5.4533,3
2.0308,4.2177,3
7.5218,7.1465,3
-7.9788,-5.6784,1
-3.4501,-3.9033,1
6.4996,0.4664,3
7.2338,2.858,3
-1.1725,-0.23854,2
3.2992,6.1166,3
4.8508,7.2089,3
7.738,4.3273,3
5.3293,6.9755,3
2.9014,3.0484,2
-0.38047,-0.2863,2
3.4343,3.4261,3
3.814,3.5186,3
6.5919,3.8342,3
6.3188,5.3279,3
7.3824,7.1855,3
3.5323,7.1439,3
5.6883,4.0619,3
6.4782,6.9779,3
0.40687,-0.31301,3
5.0421,6.3467,3
-2.3681,-3.3322,1
4.4863,4.1021,3
-2.5493,-2.9705,2
4.3334,4.6805,3
0.028859,1.3627,2
6.968,3.5714,3
6.096,6.9994,3
7.7164,3.9088,3
9.6391,4.889,3
10.657,6.2877,3
4.2815,2.6304,3
1.3844,4.0133,3
5.765,2.3411,3
3.0526,4.1133,3
7.7732,7.3808,3
4.0174,6.5252,3
-5.6047,-2.5167,1
4.2359,3.3764,3
4.0251,5.7464,3
5.0077,6.6179,3
1.7131,2.613,3
6.546,6.9164,3
3.8504,2.2387,3
3.5968,1.5596,3
5.921,2.0059,3
2.1135,5.4514,3
4.1938,5.4075,3
5.5663,8.3065,3
0.81038,5.4668,3
1.1186,8.5634,3
6.3158,5.5568,3
-0.60516,2.4875,2
1.266,5.4271,3
2.6446,2.4466,3
-5.7417,-4.9333,1
1.7182,3.8511,3
2.9062,3.0744,3
8.8289,7.9744,3
8.521,3.863,3
7.7037,6.3606,3
3.6891,-1.4518,2
3.8442,2.6057,3
6.9274,6.1897,3
5.627,4.2685,3
6.0142,4.0161,3
-4.0495,-0.34055,1
4.9151,1.6831,3
3.2355,4.1532,3
2.1443,4.8056,3
-9.1686,-8.0761,1
5.6032,5.068,3
11.512,6.8675,3
2.014,4.5938,3
7.5298,9.7411,3
7.118,3.2784,3
0.88744,-2.0399,1
7.008,3.4171,3
3.9575,3.3542,3
6.8887,9.2495,3
3.5926,7.7406,3
3.6556,8.5239,3
8.9344,7.3372,3
-2.4775,-1.5245,2
7.1775,1.0549,3
6.0025,0.20052,3
7.095,5.2203,3
6.5251,4.8147,3
1.4911,5.7941,3
12.708,7.5192,3
3.7895,7.8712,3
-0.32241,3.0303,3
8.3885,2.7399,3
-7.8877,-5.0136,1
4.4425,4.927,3
4.7467,3.0414,3
5.84,4.9279,3
4.0457,3.4704,3
6.1472,1.1613,3
-2.3322,1.8407,3
4.249,6.3593,3
4.0519,6.9145,3
5.2929,4.7747,3
8.8228,5.3148,3
-3.3199,-1.7829,1
-3.8373,-8.1092,1
3.1567,6.4646,3
5.6214,4.8728,3
1.0829,4.706,3
0.967,-1.1154,2
4.889,7.4935,3
3.7698,4.763,3
5.3673,7.4226,3
2.9582,3.4868,3
7.0935,10.473,3
1.3171,4.5061,3
3.7494,4.1237,3
2.2236,7.1226,3
9.1679,6.2522,3
-2.6546,-3.9251,2
8.8891,2.7128,3
2.0102,-0.16084,3
3.9832,8.1155,3
3.895,0.93902,3
4.343,2.7338,3
9.5178,4.605,3
5.9666,3.6871,3
4.1197,2.3303,3
5.4012,7.0733,3
3.2776,4.9385,3
4.5514,4.5514,3
-0.044598,-0.82482,2
6.1843,4.9407,3
2.683,1.1458,2
2.1258,2.7886,3
6.438,2.0809,3
5.6855,1.5602,3
7.7162,7.139,3
6.32,9.1445,3
3.6504,4.9522,3
6.3143,5.5525,3
-3.2088,-4.9926,1
3.4376,2.5084,3
6.3661,5.6264,3
-3.4434,-6.5644,1
5.7266,4.5328,3
4.458,1.1996,3
4.054,5.3265,3
6.1601,5.4973,3
2.3215,5.7369,3
9.7293,6.9226,3
0.47725,1.9608,3
3.1501,6.6906,3
5.4648,1.1385,3
5.7511,7.974,3
7.6506,5.5048,3
-3.0672,-2.8696,2
6.8444,0.95867,3
5.8076,5.4114,3
7.3425,3.9373,3
1.4196,3.8434,3
8.7441,5.633,3
1.236,1.031,3
5.9636,5.0665,3
-3.0905,0.71776,2
4.4876,5.2337,3
7.7939,11.686,3
4.6807,4.3177,3
7.7763,12.044,3
10.077,8.1578,3
7.7257,6.5963,3
2.7308,5.6308,3
5.2191,3.4326,3
6.4861,7.9462,3
7.2135,5.2766,3
7.3301,3.6298,3
6.7099,2.8551,3
7.5442,8.462,3
5.0679,4.054,3
-0.12723,2.6354,3
7.1125,5.8548,3
5.6133,5.5305,3
3.4661,7.6881,3
4.9779,7.2748,3
-3.2715,-1.7594,1
-4.6201,-7.2269,1
5.2741,5.3045,3
5.6826,5.3999,3
2.4015,4.375,3
2.8584,3.0386,3
1.1208,3.2286,2
8.1082,6.5436,3
5.6665,5.3138,3
2.2466,2.2595,2
-2.0941,1.6056,2
7.3568,4.2386,3
6.3163,9.5042,3
-1.7185,6.6338,2
3.078,6.6664,3
0.56899,3.4867,3
3.2767,7.1735,3
3.1687,8.9462,3
2.4824,3.3246,3
8.4372,4.7507,3
-2.0104,-4.452,2
1.2868,0.020477,2
1.1523,2.7419,2
3.973,1.9832,3
3.6843,4.6909,3
2.4921,3.2441,3
3.8302,4.2852,3
3.0772,5.4214,3
6.9355,7.6379,3
4.3505,4.3446,3
-0.59873,4.1877,2
3.6644,6.1445,3
3.1596,6.5771,3
9.609,3.2004,3
8.2263,8.3996,3
8.0302,10.26,3
5.5751,5.9453,3
0.55981,-0.45414,2
6.1151,9.3312,3
4.6259,2.4644,3
5.5013,2.5703,3
5.4175,2.2269,3
-2.0857,-1.4897,2
1.934,2.0887,3
-1.0806,-0.80976,2
2.1201,1.5736,3
6.622,2.8895,3
9.0392,6.5513,3
2.032,6.0597,3
5.6788,4.3595,3
-2.6031,0.41603,2
-0.41981,-4.4882,2
7.1349,5.0232,3
2.7745,7.0706,3
4.2053,7.3548,3
1.1581,1.6737,3
4.6708,5.1688,3
7.4276,6.5039,3
4.3582,4.2435,3
4.8399,3.2789,3
-0.26324,2.7086,2
3.6676,6.6105,3
5.3949,7.6507,3
8.2007,3.4605,3
8.7127,5.9825,3
6.5476,6.8962,3
2.2172,6.1552,3
7.4571,5.5094,3
-3.1656,-3.6814,1
-4.2809,-3.6186,1
6.0654,5.6399,3
5.4007,4.9775,3
2.947,7.7156,3
6.3486,7.2679,3
4.5669,4.154,3
4.924,8.8492,3
3.8609,4.9833,3
3.9509,3.2678,3
1.9986,8.9528,3
-3.893,-1.4525,2
-6.3836,-4.7399,1
4.6455,8.1962,3
-5.6943,-2.4752,1
5.283,2.8073,3
3.6208,4.5545,3
1.3911,3.1505,3
5.4475,7.6457,3
2.0061,-2.6101,3
10.69,8.6979,3
12.022,7.4375,3
3.7252,5.715,3
5.2543,2.1836,3
3.3289,1.9267,3
4.5167,7.1502,3
4.6129,5.7178,3
6.2807,7.717,3
0.21148,1.4448,2
4.0483,6.0083,3
4.5778,7.7287,3
2.0562,1.8159,2
2.785,5.68,3
6.3055,4.7767,3
1.771,1.3454,3
6.2056,4.678,3
2.5508,5.338,3
2.0499,6.23,3
1.8698,5.2562,3
4.6032,5.0214,3
5.8774,3.5021,3
5.3358,7.3918,3
-7.4649,-5.691,1
-2.7075,-4.1415,1
5.9207,6.3563,3
-0.82227,-1.3669,2
1.2257,0.25104,3
4.8395,-1.8893,3
3.0039,3.3595,3
1.3653,-0.57408,2
4.4439,5.0899,3
5.0769,0.48945,3
3.1602,3.7717,3
-4.2853,-5.7155,1
3.1954,6.761,3
5.1093,7.3929,3
-2.7189,2.8864,2
2.852,5.5412,3
5.2056,9.4114,3
4.3849,3.2011,3
2.6539,4.8293,3
4.8566,6.7663,3
2.4158,6.2962,3
5.5862,2.3402,3
1.135,4.5353,3
6.3833,5.1369,3
3.3682,0.17043,3
7.1684,3.009,3
2.4215,4.6322,3
1.2114,2.4172,3
-0.39713,-1.0701,2
-0.55364,-6.3366,1
5.7828,3.8042,3
8.1569,7.6654,3
8.1796,4.1763,3
0.99837,4.6648,3
3.2629,4.73,3
4.3964,5.2725,3
3.4362,8.2244,3
7.7052,7.6431,3
3.6408,5.1959,3
-1.1316,-0.46433,2
-1.0092,2.718,3
4.8815,4.9075,3
4.4681,1.4947,3
7.6152,8.6614,3
8.1249,4.693,3
4.2276,1.6347,3
4.4652,2.0915,3
7.2285,5.7694,3
3.8379,6.5793,3
-0.41937,2.2542,2
-0.78908,0.83501,2
5.6007,6.0994,3
-0.21324,1.2387,2
-2.6357,-4.948,1
2.9328,3.3428,3
4.0512,4.6432,3
1.9884,4.9008,2
7.6674,8.0044,3
5.8945,3.5674,3
3.7215,8.0195,3
4.6202,6.7749,3
3.4378,5.2799,3
-3.0055,-6.5339,1
5.4457,5.7841,3
3.5241,2.487,3
6.4097,7.2391,3
5.9863,4.4216,3
2.4777,6.1579,3
9.8505,6.1414,3
7.2658,5.0349,3
0.79281,-1.1915,2
4.3927,3.3058,3
6.0633,5.1498,3
2.6204,6.5189,3
6.0186,7.8224,3
3.8735,5.7397,3
5.3764,6.0431,3
-4.0093,-9.0308,1
0.98809,1.0098,2
4.0664,6.5536,3
-1.7493,3.8744,2
6.127,6.0218,3
6.4116,6.3792,3
6.7015,5.623,3
2.5931,5.5281,3
7.9324,5.4054,3
5.2901,5.7478,3
-5.9817,-3.7803,1
3.6175,12.042,3
6.1339,6.3797,3
6.0194,9.9249,3
6.8431,3.9278,3
0.49321,5.4389,3
4.439,4.1846,3
4.9918,7.3318,3
5.786,7.2718,3
3.8581,1.1533,2
1.5439,2.1162,2
5.8338,5.6386,3
6.9011,11.238,3
5.6292,6.027,3
1.5577,4.5673,3
-0.090164,4.0066,3
4.3087,5.9086,3
8.4448,6.8861,3
5.7216,2.3558,3
5.0072,3.2772,3
2.8247,2.6713,3
2.9274,4.7454,3
1.6027,4.7335,3
4.6109,-2.1057,2
5.7506,7.7385,3
4.9457,4.5173,3
3.5961,-0.64678,3
8.6442,4.757,3
2.7968,3.6687,3
1.2202,4.8124,3
4.692,1.8535,3
9.4674,5.7662,3
4.1283,1.6,3
-2.9959,-4.67,1
7.485,4.1987,3
-0.25474,2.7864,2
3.4452,3.1107,3
4.152,2.7676,3
3.4135,6.8405,3
2.3682,3.7279,3
4.5226,5.5439,3
3.4856,3.3201,3
1.6155,4.6156,3
5.7776,6.5074,3
3.2308,6.0761,3
4.5089,3.7497,3
3.5757,5.697,3
1.4034,2.7839,3
5.4862,6.2388,3
7.0005,3.9119,3
5.6064,5.403,3
5.6126,5.2091,3
4.2758,3.9884,3
7.272,4.8759,3
6.0571,2.7713,3
7.5938,4.7705,3
3.4265,4.0482,3
6.7235,4.2601,3
7.9533,8.9302,3
-0.16636,0.029784,2
6.3241,1.7523,3
6.6171,6.0695,3
6.1336,8.2435,3
-4.5295,-3.5875,1
1.9859,1.284,3
2.7702,7.3323,3
-0.77253,6.9318,3
5.4367,2.2337,3
6.8027,6.1003,3
2.8489,2.5949,3
4.9987,4.4834,3
10.132,5.2062,3
7.0992,4.7151,3
4.7988,3.3263,3
4.4849,4.8135,3
1.6169,5.0043,3
6.2189,5.9677,3
1.7325,0.61494,2
6.3239,5.7991,3
2.3352,6.4781,3
3.5604,3.9561,3
0.5935,2.0956,3
-0.5979,0.064436,2
7.3876,8.3521,3
3.2112,4.5526,3
7.9231,6.7049,3
2.7517,4.7566,3
2.9316,0.96096,3
10.13,7.6907,3
5.9187,3.7906,3
1.3239,-1.0837,2
3.4494,3.8583,3
7.9647,6.6358,3
1.6872,7.432,3
2.2269,-0.42002,2
7.1587,6.2427,3
1.4489,5.6756,3
7.6231,10.626,3
5.9454,5.6913,3
2.4035,4.2026,3
3.2188,-0.72792,2
2.9367,6.2828,3
3.1241,1.7602,3
9.805,3.016,3
3.0092,2.3202,3
2.6296,5.1954,3
5.6328,6.6028,3
4.0358,4.2868,3
5.4824,8.9323,3
0.23635,1.0459,2
-4.7393,-6.2413,1
10.48,7.5007,3
8.8946,2.6074,3
4.5734,5.9963,3
4.63,6.0594,3
4.846,3.0355,3
2.9123,5.1974,3
9.1297,11.067,3
-2.6421,1.0454,2
4.7417,2.2562,3
4.6111,5.308,3
4.5671,2.4193,3
6.2738,4.0783,3
7.8668,7.1544,3
3.6684,1.0876,3
7.2369,3.6739,3
5.3302,3.3568,3
7.1325,5.3878,3
4.6116,9.1554,3
-0.88889,4.7803,3
8.4758,5.127,3
4.0051,2.7918,3
5.5532,6.6508,3
3.663,6.4026,3
5.9439,5.8813,3
6.5326,8.8336,3
7.064,4.0904,3
3.311,5.9714,3
3.8653,3.4718,3
7.0781,6.5135,3
2.4753,3.9353,3
1.2546,1.6692,2
5.4445,5.3952,3
10.03,6.4634,3
6.2895,3.3169,3
2.289,2.066,2
0.020661,-4.3306,1
7.2805,5.8049,3
6.5684,7.5438,3
3.6011,5.1077,3
3.5603,3.3703,3
5.7324,2.7116,3
2.6765,0.34247,2
2.0755,5.4267,3
7.8447,7.5486,3
4.706,4.7378,3
5.0897,3.3291,3
3.4124,5.6759,3
8.7568,3.4636,3
4.3475,6.8237,3
-3.7621,0.24655,2
8.7069,7.1944,3
3.1811,6.2193,3
-3.1414,-3.6292,1
5.7556,12.246,3
0.13387,-0.032926,2
5.8809,1.2489,3
4.7719,3.68,3
5.7245,7.1798,3
2.107,2.3854,3
7.2135,5.7304,3
6.4238,3.48,3
8.0657,4.4815,3
7.3468,4.2793,3
4.1602,6.0158,3
5.8405,0.23702,3
12.744,3.89,3
-0.72715,1.6702,2
6.3375,2.9974,3
0.5976,0.32263,2
4.3587,1.0142,3
2.9806,3.3943,3
-0.07227,1.6155,2
9.7591,3.8168,3
4.4757,6.2342,3
5.4426,5.026,3
5.9317,1.7675,3
5.0597,8.2858,3
8.2076,0.48372,3
3.4476,5.4477,3
3.9724,3.3864,3
3.9324,10.896,3
2.3175,4.823,3
11.96,7.067,3
2.5851,2.1251,3
5.4531,6.4371,3
1.1406,6.0482,3
-0.58676,-1.4407,2
3.9207,3.0919,3
6.559,5.1561,3
2.1468,5.6936,3
4.8009,8.7763,3
6.8775,6.5799,3
2.5219,8.6545,3
1.8705,1.1771,2
3.8092,1.9515,3
1.5287,-0.25218,3
2.8591,3.4221,3
2.3681,2.747,3
-1.7341,-2.2939,2
6.4587,1.2119,3
3.9584,10.413,3
5.6289,3.7082,3
0.7084,7.9894,3
5.8936,8.1044,3
1.311,4.6265,3
7.6527,8.6597,3
1.4608,5.0182,3
-5.81,-2.8205,1
5.0353,7.2181,3
7.7883,4.5857,3
2.0826,3.9401,3
6.1742,6.4924,3
5.9177,0.32228,3
3.7373,5.5201,3
5.1341,4.4479,3
4.817,4.8077,3
6.9174,5.3343,3
5.994,4.3601,3
10.54,2.7237,3
8.2278,4.1473,3
-3.2445,-3.3707,1
-7.0177,-3.6368,1
5.7196,1.352,3
2.7823,3.8458,3
1.3201,4.3409,3
-1.3897,1.3025,2
5.1396,9.4322,3
-2.7477,-5.4337,1
6.619,4.7813,3
8.2528,11.747,3
4.5562,8.4551,3
3.2848,4.8375,3
3.9809,4.9999,3
7.5292,2.6565,3
3.0426,7.0571,3
8.6254,4.18,3
-0.023587,-0.46222,2
6.2552,3.786,3
-0.079191,5.4015,3
7.3147,0.49076,3
3.3783,4.6665,3
2.335,5.7653,3
5.3373,7.1326,3
1.0463,3.5564,2
-3.8022,-4.2464,1
1.3715,2.8657,3
3.2496,1.6421,3
2.8618,-0.60137,2
7.9935,5.8021,3
4.0563,3.8681,3
7.3687,4.8313,3
5.3142,3.7127,3
2.3782,5.5552,3
-3.833,-2.4671,2
5.6289,5.5843,3
-0.12613,0.97816,3
4.3608,3.7281,3
6.0906,8.0287,3
1.9084,5.8369,3
5.4195,2.8489,3
4.0344,7.451,3
6.2675,1.2632,3
5.218,7.632,3
5.4543,5.2168,3
3.9638,5.5771,3
4.8894,2.8642,3
7.2245,5.282,3
8.9066,5.8857,3
8.1212,4.2267,3
-3.8758,1.7621,2
7.5584,4.0257,3
3.8031,7.7356,3
4.4239,4.0064,3
6.7411,4.8171,3
8.1052,7.8511,3
1.8558,-1.6407,2
2.4559,4.3764,3
2.1583,3.9372,3
7.0998,6.9097,3
10.462,7.8945,3
3.8573,4.1955,3
6.343,6.7278,3
7.3815,7.5035,3
2.3395,3.832,3
5.223,5.4389,3
4.4562,5.2425,3
10.034,5.5737,3
-2.1149,5.6688,2
3.7807,6.5932,3
8.8169,6.2953,3
5.4019,6.0832,3
8.1635,10.821,3
3.1247,1.7472,3
1.1422,5.6118,3
7.7758,5.033,3
2.4975,5.4841,3
4.7918,6.1945,3
5.297,3.919,3
-2.188,0.12867,2
0.026842,-1.0644,2
1.007,4.856,3
-2.0254,-0.64716,2
1.591,5.0003,3
4.4572,1.7473,3
9.4239,6.7779,3
0.88201,0.12989,2
6.1172,5.2135,3
5.7584,5.0409,3
2.9887,3.4144,3
3.3675,4.1155,3
4.5279,2.6404,3
2.0117,4.3118,3
4.9093,7.461,3
0.65943,1.195,3
7.5793,6.0365,3
2.1519,3.3028,3
5.1077,7.1321,3
2.5011,-0.40451,2
4.7307,3.8364,3
5.2665,5.4928,3
4.8819,2.2133,3
5.103,6.5504,3
10.334,7.8798,3
7.2293,3.5315,3
1.9467,2.5287,3
-4.3525,-5.0178,1
5.5775,3.0668,3
7.5577,5.1993,3
6.195,5.7857,3
0.87963,3.7241,3
3.4941,5.1749,3
8.2977,2.8882,3
10.613,8.4851,3
4.9319,3.2509,3
6.9232,8.289,3
2.9919,5.9822,3
2.5974,1.5715,3
-3.1787,-6.4292,1
5.429,4.1747,3
4.3404,5.593,3
0.21823,2.6099,3
5.6176,9.1654,3
1.5496,4.6511,3
-2.044,-2.1366,2
2.8969,3.6928,3
4.5096,4.6535,3
3.3677,5.8155,3
-4.7649,-8.5159,1
9.3742,5.0937,3
-1.6383,-0.79294,2
3.8483,5.7023,3
2.9967,7.0167,3
3.1205,5.6625,3
5.2243,4.7886,3
-1.0935,2.0579,2
7.0829,2.6299,3
1.57,4.8214,3
2.5032,0.63994,3
7.7402,5.4759,3
2.4022,-2.4108,3
4.9741,3.2228,3
2.4427,6.1938,3
3.499,1.6514,3
8.5379,7.3087,3
5.2786,2.8842,3
5.5348,4.6005,3
-2.6084,-2.1801,2
4.663,2.2659,3
3.0532,-0.20419,2
6.8032,7.9327,3
11.598,6.5725,3
5.2467,5.8678,3
3.7872,3.2027,3
7.0841,3.5941,3
2.9462,5.3625,3
2.709,3.6902,3
4.7613,3.027,3
7.9118,6.314,3
1.3534,-0.14645,2
5.1329,3.94,3
4.3653,5.7842,3
-2.5356,0.21784,2
2.2401,4.285,3
1.1175,3.2572,3
7.6168,7.6704,3
5.0941,6.8295,3
4.8731,8.1552,3
6.7818,5.4655,3
6.5141,4.0775,3
5.8009,4.9612,3
1.5696,7.686,3
4.258,5.4555,3
9.5826,11.345,3
6.1904,1.971,3
4.3404,8.1465,3
1.3336,3.9212,3
3.6878,6.3983,3
-0.45757,3.9505,3
5.1669,2.7573,3
2.9928,5.2668,3
3.5103,-0.19762,3
7.0637,3.8896,3
5.4419,5.0087,3
4.1293,7.2871,3
4.627,8.8192,3
4.6374,-1.0627,3
2.1957,2.0897,3
4.3885,4.3057,3
2.371,1.4239,2
2.7638,3.7112,3
5.2093,2.7312,3
7.489,7.7993,3
-1.5456,-0.98609,2
2.2582,0.94532,3
2.5842,3.0051,3
0.81958,0.32254,3
2.8005,5.7765,3
-2.8904,-1.0674,1
8.76,8.1467,3
5.3424,7.4947,3
3.7516,2.2247,3
6.4759,4.4233,3
6.4675,4.7839,3
1.8248,-1.0725,2
6.0229,3.61,3
-3.5834,-4.8596,1
2.3943,2.9757,3
4.5769,6.6101,3
7.8582,2.5946,3
2.3188,2.7435,3
5.634,7.546,3
5.1044,7.2619,3
-2.5945,-5.7425,1
10.846,6.0045,3
5.1544,1.835,3
-1.1083,3.3816,2
4.2209,0.8735,3
4.1372,1.7029,3
2.3798,4.3553,3
2.0381,1.2955,3
-3.8272,-5.5998,1
6.62,6.6932,3
7.9048,2.8663,3
7.7575,2.6552,3
7.1952,4.9029,3
4.9957,2.6043,3
5.1374,9.0569,3
1.9288,2.9473,3
3.3598,9.7039,3
7.0438,6.797,3
0.047091,0.63155,2
4.5702,6.5442,3
-5.2572,-6.087,1
4.1901,8.8806,3
-0.55519,6.688,3
3.8614,8.3577,3
3.9997,4.8983,3
0.14869,-0.028869,2
0.45517,-2.9322,2
6.2248,4.56,3
3.2796,4.3879,3
5.5924,3.9647,3
7.5044,3.9315,3
2.4696,-0.045198,2
5.0963,5.4682,3
7.0803,4.6401,3
2.1612,2.642,3
1.4259,7.9278,3
10.027,6.6256,3
5.7009,6.676,3
5.5025,6.2348,3
4.2478,7.421,3
4.3336,5.0128,3
4.0432,7.7615,3
6.6433,4.8962,3
1.7708,2.4535,3
1.1534,-4.6755,2
6.2763,1.1148,3
7.006,3.4124,3
2.2647,5.6856,3
2.0425,6.3744,3
4.6412,3.2573,3
8.8121,2.6533,3
5.8431,6.6445,3
5.7055,4.2897,3
4.8861,-0.0014783,3
5.6288,3.1093,3
-3.1375,-3.6272,1
3.3351,6.2722,3
-0.28219,-0.24604,2
-2.9646,-5.1843,1
4.5899,4.7672,3
10.125,4.8895,3
-2.9555,-1.8876,2
5.8017,6.4848,3
4.7066,7.9671,3
9.059,8.6791,3
5.7761,3.6652,3
1.2819,3.4731,3
8.4532,5.4392,3
6.3924,3.7905,3
2.3996,6.6561,3
4.6957,5.8203,3
6.2882,4.9545,3
4.3673,4.6919,3
4.1718,5.6404,3
2.3536,4.9773,3
3.1877,5.0219,3
5.0308,4.3026,3
0.034001,-0.57162,2
3.8799,2.6115,3
1.5634,0.16512,3
2.3818,7.1875,3
6.5637,1.5517,3
4.0237,2.8562,3
4.7656,4.5111,3
2.9099,6.0155,3
3.1021,1.7273,3
2.318,4.2607,3
3.7732,4.0967,3
1.2861,4.1978,3
3.044,7.7074,3
2.2957,8.855,3
8.6634,5.9607,3
4.739,4.0775,3
4.1342,2.5285,3
-1.6297,4.8632,2
6.4684,5.652,3
8.4942,7.3586,3
3.8647,4.6189,3
13.624,8.4339,3
6.0426,2.8916,3
6.005,5.137,3
