2.9228,4.4697,2
3.7754,1.9546,3
-2.573,2.8118,1
-2.9429,-2.0194,1
1.512,-1.318,1
2.2766,4.1595,3
3.5061,3.6598,3
0.43941,-0.41829,1
-0.0079127,-0.075762,1
-3.2947,1.2495,1
-0.14226,-3.0694,2
1.5495,-0.28291,1
-0.58982,1.1911,2
0.12624,-0.928,3
-0.88248,0.68663,2
2.9965,0.89583,3
3.6279,2.3767,3
1.6613,-0.082938,3
1.8753,-0.069039,1
4.6328,4.4106,3
4.7717,3.9636,2
2.986,0.99811,3
5.0675,0.42928,3
1.4856,-2.7227,1
-2.5209,-3.0487,1
-1.6707,0.3541,2
-1.5199,-0.14501,2
-0.47494,2.7356,3
-1.945,1.4172,1
-3.292,-6.0512,1
-0.17503,1.2344,1
-1.0349,1.6016,1
-6.2346,-3.8056,1
-5.1693,-1.1467,1
4.8004,1.2716,2
1.7817,-0.79479,3
2.4196,0.61835,3
-4.3011,-1.8431,1
2.3811,2.1131,3
0.49827,2.6741,1
-0.95943,0.97707,3
3.1915,-0.65899,3
5.5691,-0.34641,1
0.28698,3.1212,1
2.1892,0.094019,1
-0.1486,3.6049,3
-7.1971,-1.8921,1
0.83384,-2.7368,2
1.6409,-1.6344,1
1.8246,2.0948,3
0.49069,-0.98497,1
-2.8377,1.0572,3
-2.2084,0.34075,1
-3.3623,-4.5984,1
-1.8349,-4.0021,2
3.503,0.44118,3
-0.17459,4.9808,3
-3.641,-7.0459,2
0.095689,-0.082877,2
3.2953,-0.39118,3
2.0501,-1.2406,3
-2.7864,-3.7415,1
-0.39019,-2.796,2
-3.9671,-1.4281,1
-0.18176,0.49623,3
5.3771,0.016493,3
-3.8329,-0.46808,1
-1.3057,-1.3455,3
-4.8522,-3.1215,1
0.24913,-2.3917,1
2.8671,0.62849,3
-0.19831,-2.6262,2
2.5343,1.3005,1
0.4164,2.3601,3
1.4953,-0.27289,1
-2.4027,0.41213,2
-2.3291,-6.2427,1
0.29177,-2.7137,3
2.5692,-1.4797,3
-0.066467,-4.083,2
0.16053,0.95044,2
-0.16216,2.6057,1
2.8775,2.2969,2
4.8998,3.2131,3
1.9816,2.4535,3
-0.56567,0.6437,2
-0.17135,-2.4482,2
0.22967,-1.7602,3
1.2002,3.1853,2
3.249,0.4474,3
1.5435,-3.2503,1
0.084633,-1.0387,3
3.3593,3.9271,1
-1.6628,2.2435,3
0.18026,1.0943,2
0.39542,0.26146,2
0.33062,0.64359,2
-0.84228,-0.31661,2
-2.3833,-1.6454,1
4.0295,0.82539,3
0.67712,-1.079,1
-4.1344,-3.8693,1
1.0807,-2.5083,2
1.3808,-0.64279,3
-6.5612,-2.1906,1
0.91859,0.093064,2
-1.5971,0.23558,1
5.4139,-1.0086,3
-0.44935,-0.31528,2
-1.9715,0.52444,1
-0.20509,-2.6353,3
2.9587,-3.8431,1
2.81,0.99647,2
-2.4914,-1.3341,2
1.204,2.5864,3
-4.2566,-2.3248,1
3.2885,4.9164,3
-3.288,-2.4722,1
0.749,-3.1829,3
2.2793,3.5181,3
0.35872,1.6098,2
0.010334,0.35053,2
0.19009,2.6003,3
1.6865,-2.089,3
4.8455,-2.2744,3
1.4505,1.6082,2
2.6926,0.12467,2
3.3626,2.4481,3
0.68861,1.684,3
1.5222,2.1294,2
1.2438,-1.895,1
-0.33559,1.8978,2
-0.81338,1.3083,1
-2.0308,0.50696,2
2.4713,1.5279,3
-1.4131,4.5669,1
-0.22629,-0.31326,1
3.345,0.41948,3
-3.278,1.6174,1
-2.7279,2.2901,1
4.1903,1.5056,2
0.40478,3.3141,3
-1.8974,-3.1262,1
0.64261,-3.5369,1
-3.514,-4.6514,1
4.9629,-0.5354,3
0.02473,0.43453,3
1.7759,-1.7442,2
-0.62129,-0.1662,1
3.6493,4.8734,2
0.81719,-0.034828,3
2.9005,-0.69959,1
-4.0875,3.2441,1
-0.67877,-3.6355,1
-0.73437,-1.6757,1
-0.72287,-2.8135,1
-6.6758,-1.1262,1
-2.6213,-0.77143,2
0.57596,1.2081,2
-0.69696,1.3492,2
0.41374,-1.9647,3
1.5189,3.028,2
-7.4376,-3.0945,1
-0.08922,1.6085,2
-0.36486,-0.62711,3
-0.50706,-2.9219,3
-0.76881,-0.26197,1
1.9565,2.9119,2
1.7823,-0.36411,3
0.29515,1.1272,2
-0.94985,2.9948,3
1.1919,1.198,1
-3.3905,0.13595,3
-2.2199,-1.9071,2
-1.961,0.31155,2
0.36264,1.4655,3
0.43009,2.0599,2
-1.2447,0.20784,1
0.85644,0.54668,1
-0.46423,1.7512,3
-0.18903,-0.14045,1
-2.4323,-0.014809,2
-1.1663,-1.8763,1
-2.5372,-0.2938,2
-0.84947,0.60639,1
5.4918,5.2283,3
2.5494,-2.4775,2
0.12308,1.541,3
-0.31505,-3.9248,2
1.6207,1.9287,1
-2.6757,2.2184,3
4.0514,1.8183,2
-0.53989,3.3914,2
-3.4175,2.1023,3
-1.7581,-3.3099,1
0.53341,-2.7843,2
-3.2386,-2.6803,1
1.9204,2.8514,2
-2.7323,-2.8984,1
1.6919,-0.76472,2
0.8891,-4.2669,3
-4.1097,-1.3546,2
1.4878,3.406,3
-1.9059,-6.4835,1
-3.3923,0.040619,1
0.62413,0.6397,3
-0.17285,-0.45195,2
0.12079,0.0042895,1
0.66934,-1.1708,2
2.5154,-3.796,1
1.3462,-0.61605,2
-1.289,-4.1163,1
0.27714,-3.9517,1
-1.0496,-1.9959,2
-1.523,-1.6336,1
-1.3032,0.49222,2
0.050696,2.2158,3
1.2043,-3.7214,1
-2.4175,-1.2986,3
0.45953,0.50637,3
-2.8069,1.386,2
1.4347,-3.6442,1
0.79969,1.1508,1
-2.2858,0.47194,1
1.9327,-0.74264,3
0.96598,2.1867,3
0.74943,-1.7423,2
-1.3772,-1.4828,2
0.34293,1.9433,3
1.2559,4.6679,3
-4.1862,-2.8493,2
1.541,-1.8843,2
1.5964,-2.5087,1
-1.3157,2.6357,2
-1.7639,-2.9933,3
-1.8202,0.36554,2
1.8612,5.4676,1
1.4661,-1.2469,1
-0.33614,-3.5551,2
2.2749,1.8841,1
-1.426,0.42463,2
-2.282,-3.0499,1
-0.10934,-0.92175,2
-2.231,1.191,2
2.0494,1.6805,3
1.325,-1.3604,1
0.17372,-3.735,2
1.6861,1.4791,3
0.88382,2.4016,3
-0.42182,-4.2829,1
-0.90698,-1.1678,1
-2.1943,-5.1031,1
-0.097639,1.309,3
-0.33214,-1.2354,2
-3.6428,-4.1774,1
3.0841,-0.047645,3
3.695,2.9883,3
5.605,0.95437,3
-2.6022,1.6826,2
-2.4212,-0.86448,2
0.11215,-1.6538,2
1.4986,3.6335,3
1.7258,1.5357,2
3.5688,3.9711,3
-2.7052,-0.32334,3
1.3535,2.2369,2
-0.77464,1.8199,1
0.25577,-1.531,3
-1.3328,-1.6729,1
-1.5002,-0.15527,2
-0.76995,4.2558,3
-1.522,1.2399,1
-3.6391,0.27699,1
-0.49977,-1.6375,1
-0.79656,-3.6245,2
-0.92558,0.77419,3
0.65407,3.7126,2
1.5454,1.5023,2
0.82193,1.0079,1
-0.51955,-1.29,1
-3.529,1.483,1
-1.9753,-1.4672,2
0.7151,-1.0386,3
0.861,-0.982,1
2.7035,-0.27647,1
-5.1428,-2.1676,1
-0.48383,1.7237,3
-1.0821,0.39674,1
1.2091,-0.04383,3
-2.1938,1.7299,1
1.6259,0.95582,1
-0.93218,-0.091557,3
-4.5856,2.6505,2
-1.1406,0.0053431,3
-0.43307,3.3454,3
2.6598,2.03,3
-3.7099,0.36574,3
-1.7138,-5.7631,1
-3.4462,-3.5928,1
0.45315,0.051993,3
1.9553,4.3446,2
-3.09,2.5803,2
4.3276,-2.9106,2
1.2053,3.0503,1
-0.90822,-2.897,2
2.8638,-2.8253,2
3.7175,-0.77193,2
0.069819,-0.19298,1
1.8338,-0.17313,3
4.4822,-0.41082,3
0.29162,-0.46356,3
-0.95682,3.5127,2
-0.54789,1.0394,3
-1.554,1.4286,1
1.1817,3.7259,3
-1.3706,0.2945,1
-1.1948,4.0108,2
0.36633,0.50718,3
2.058,-2.7543,2
2.1948,1.9664,3
-2.8091,-1.0232,2
-0.0043188,-4.7652,1
3.4205,2.4645,1
0.53477,-2.8597,1
-1.6087,-0.2228,1
0.25583,1.7225,3
-0.84937,-2.1964,3
1.9704,1.101,3
-0.75985,-2.0395,3
-1.1387,-0.41122,3
3.7278,0.48063,3
0.47457,4.8804,3
0.41966,2.0603,3
-0.13777,-1.8798,2
0.078032,-1.4747,1
2.4927,-0.19105,1
-1.0138,-2.3999,2
1.6062,-3.3178,1
-4.0114,-2.4881,2
-4.0721,-3.634,1
2.5198,-0.40254,3
1.0542,-1.8443,3
-5.8486,-2.9431,1
1.4081,2.881,1
2.5091,-6.5148,2
-1.2529,-0.67736,1
2.485,-2.6938,2
-2.2483,-4.0113,3
-4.5527,-3.2037,1
-0.50627,2.0296,2
0.26589,2.5308,3
-4.9441,-0.074096,1
2.9257,0.37958,2
1.0214,0.9129,2
0.31701,0.22493,3
-0.63271,-0.45207,1
-0.98049,-1.8378,2
0.56196,1.0596,2
-2.9312,-1.156,1
-2.5863,3.199,3
1.1169,2.6656,3
-2.2594,-2.3031,1
0.15623,-3.9055,1
1.1182,-0.10208,3
0.59464,1.2537,1
2.611,2.5623,3
-1.3824,0.76635,2
0.35271,-0.77469,2
0.93822,3.7032,3
-1.0286,-0.66353,2
-1.6462,-1.5657,1
-0.84218,0.59325,2
0.4158,-2.7509,2
3.0012,3.2512,3
1.8295,1.3448,3
5.4928,4.1523,3
3.1622,1.5626,1
-2.6636,1.3361,3
-2.1834,-2.7225,1
1.4034,-1.5837,1
0.72504,3.5857,3
3.4685,2.7988,1
4.2509,2.3749,3
1.8452,1.12,2
-1.8967,0.61741,1
1.2128,-5.607,2
2.2785,5.3874,2
-1.921,-1.3328,1
1.1113,-1.1172,3
-1.1034,2.16,2
-1.6973,-2.2119,1
-1.4975,-2.972,2
-5.4912,2.5211,1
-1.8573,-2.9919,1
2.1641,1.2572,3
-1.6679,0.1169,3
-0.098075,2.4173,3
1.2827,-2.112,2
4.7033,0.46077,3
-2.9686,-1.7545,2
1.4336,-1.9982,2
-4.4881,-0.75181,1
-0.96803,4.2536,3
-0.37099,-2.3868,1
-2.6772,-0.48526,3
1.7157,-2.312,3
1.5096,2.9903,3
-0.69441,0.02115,1
0.97267,1.2129,3
-0.48859,0.61743,3
2.5234,0.51635,1
-0.51728,-0.9747,1
-3.4507,-1.1891,2
4.6146,1.6835,3
-0.98506,-0.74686,1
-4.4645,1.881,3
-0.020719,0.50824,2
1.6128,0.32134,2
1.3827,-1.7378,3
-1.8872,3.5216,3
1.8914,4.3748,3
2.728,2.4745,1
2.2899,-1.751,2
-1.024,-0.4327,3
0.61435,-0.40682,3
-2.4318,-3.3706,1
1.4427,4.5262,2
1.1784,-1.4397,1
-2.947,-2.2098,1
1.691,3.2771,3
-0.6878,3.0534,1
-2.4765,-2.7753,1
-0.032618,0.42122,1
0.096915,-2.1762,1
-2.4685,-4.4771,1
1.0561,3.307,3
-1.1866,-0.23352,3
0.26314,-1.5038,3
-0.94725,-4.8797,2
-2.335,-1.997,2
-2.9774,-0.30319,1
1.7158,-1.0591,3
-2.5409,-6.0827,2
-2.2712,3.2503,3
-0.84087,-1.071,1
-1.7235,-1.3551,3
1.7649,1.4323,2
-2.1455,-0.85183,1
2.3578,-0.85593,2
0.51094,2.3434,1
-2.3493,-0.25234,2
0.82638,-3.0271,3
2.3869,1.0259,3
-2.3204,0.48093,1
-0.71598,-2.0533,2
-2.8535,1.0506,1
-2.337,-0.18729,1
-2.2915,1.3257,2
3.3492,1.5038,3
-0.99641,-1.27,2
1.2486,-0.3212,3
-1.7318,-6.828,1
1.1388,-3.2264,3
-4.4984,-4.678,1
1.9374,4.8421,3
-3.9952,0.26919,1
2.1937,1.1092,3
1.6122,3.2507,3
1.4227,-3.0738,2
1.1601,1.3771,2
0.47701,-0.020096,1
-0.12295,2.5006,3
-2.3894,2.7188,1
2.1227,1.2106,3
-2.4193,1.0489,3
0.63928,-0.74829,3
1.6979,-1.7329,3
3.7417,-0.75873,2
0.85559,-0.57513,1
0.8385,1.3029,3
-2.2672,-0.086986,2
-1.757,2.4522,3
0.92828,-1.8682,2
2.1165,1.1623,3
-3.765,-4.9768,1
0.97744,-2.0223,1
2.6901,-4.1101,1
0.84006,1.6767,3
2.9701,2.9429,3
3.0085,-0.3695,2
-4.1905,0.72006,1
-3.7344,-0.4842,1
2.4864,1.9566,3
-0.21385,1.0179,3
-0.69735,0.82006,2
3.3222,1.4339,3
6.2079,3.9217,3
-2.3957,-1.099,1
2.8322,3.4768,3
1.6231,-1.6641,2
-1.3549,-2.0306,1
-1.7795,1.4263,1
-5.6274,-1.6002,2
-0.68744,2.0531,3
1.6643,0.82367,1
-2.2474,-0.75696,1
1.1714,-2.0959,3
1.07,1.5478,3
-2.2572,0.32114,3
-0.42304,1.5089,3
1.9585,-0.098086,2
-0.47395,-1.6877,3
-1.1098,-0.86201,2
-2.2183,1.621,3
2.2196,1.5131,2
-3.3603,-0.75254,2
0.25334,2.4987,3
-2.4909,-1.909,1
-0.83051,2.2384,3
4.8154,3.8246,1
-6.284,-3.2673,2
1.4183,1.161,2
1.2587,-3.2962,2
-0.94687,2.6468,3
0.50198,2.9627,3
-1.3669,-0.10741,1
0.032606,0.40353,1
2.5349,-0.73383,1
-2.4772,-0.0059276,1
2.1476,3.2282,1
1.5146,-3.4343,2
0.16723,0.21458,3
-2.4872,-1.1644,2
-0.13306,-5.0673,2
-0.48467,4.0493,3
1.542,-0.80865,2
3.7652,2.1911,3
-1.9601,-3.5855,2
4.936,6.6161,2
-1.1138,-0.14898,1
-2.1021,2.0636,3
1.1008,1.7652,3
-1.2502,-2.1143,1
-3.8472,-2.2555,3
-1.1289,-3.2125,2
-1.1003,-0.88684,1
-0.86509,-1.3867,1
-1.8363,-1.8325,1
0.60394,-1.7574,1
1.9929,-0.55102,3
-2.7493,-1.7388,1
-1.8005,-3.1239,1
-2.5466,1.4832,3
-3.6524,-0.15977,1
-3.7561,-2.7691,1
-1.12,-2.1087,1
4.4713,4.5335,2
-1.1672,1.1146,3
-0.16971,0.68553,1
3.1062,-2.1246,1
-2.3924,-2.2418,2
0.66244,1.4227,2
-1.733,3.4524,3
-6.0606,1.8385,1
-2.474,-1.073,1
4.8079,-0.64228,3
0.22887,2.0484,3
-3.8006,-2.1973,2
0.09367,-1.9192,2
0.14543,-0.32861,2
-0.19407,0.12296,1
3.6109,0.43675,2
1.5403,0.65647,1
-0.60901,0.13879,2
0.07029,-3.1552,1
0.37637,-4.293,1
-1.5297,-0.068301,2
1.249,-3.1502,2
4.5339,-1.343,3
-1.8955,-2.2161,1
4.1247,1.8784,2
1.0499,-1.9012,1
2.9951,-2.0895,2
-0.30188,0.070763,1
-1.6126,2.3705,3
-2.9591,-3.3029,1
1.8527,0.18581,1
0.76954,-1.2726,1
2.231,2.8908,3
-1.5929,0.72886,3
-1.3667,2.5808,3
-3.0942,-2.1949,1
3.5584,-0.11551,1
-1.592,0.76054,1
-1.4802,3.2357,3
4.1433,2.765,3
2.3642,2.9273,3
1.1899,0.41794,1
4.048,1.5753,2
2.448,-1.8249,2
-2.4043,0.5862,2
2.0183,5.7312,3
2.4138,1.3547,2
-2.6364,-5.1131,1
0.97766,-4.9068,1
-1.367,-0.32494,3
0.011298,-1.0853,3
2.0586,-1.1052,3
-1.2165,4.5409,3
-1.8017,0.86374,3
2.8235,0.33274,3
-2.0249,-3.7945,2
-1.1597,0.74702,3
1.0041,-0.70124,3
0.04029,-1.5987,2
-1.2663,2.2204,2
3.162,-4.0883,2
2.8818,2.3317,3
2.1185,0.58122,1
2.4382,0.31299,3
1.0138,1.712,3
-1.2134,-0.8222,3
1.0072,-2.8613,2
-0.95495,-1.0232,1
0.69201,0.62354,3
2.1777,3.9176,2
5.9924,0.33649,2
-2.1574,-2.6708,1
-2.1304,0.051304,3
1.6361,-2.021,2
-2.2293,-2.1141,1
0.8607,-1.8365,1
-0.8592,1.4202,3
1.5472,-1.2961,3
-1.3064,-1.4199,2
-0.17991,-0.036464,2
1.0379,-5.2161,2
-4.6595,5.2278,3
1.3479,-0.25512,3
2.7248,6.1523,3
-0.077734,-3.2388,3
1.1234,-0.023728,2
-3.5563,-2.6909,1
-5.6634,-3.4741,1
-2.5676,-2.2746,1
-0.38445,4.5424,3
3.0762,1.2817,3
1.3788,-2.4239,2
-2.0761,-1.508,2
-0.83543,3.4866,2
-2.3291,-1.6006,1
-0.97575,-2.1576,1
0.079895,-2.9251,1
0.58728,-2.5192,2
1.0976,0.9525,2
-1.5425,-1.8109,1
-2.7431,-2.0543,2
1.5832,3.4219,1
0.013152,-2.1704,2
-1.5417,0.59191,2
-5.4644,-4.2944,2
4.2185,0.92552,3
-3.1416,-0.5547,3
3.2535,-3.2548,1
1.5574,0.019214,2
0.063584,1.7504,3
-2.9942,-1.8539,1
0.37233,-1.2094,2
3.8372,0.22252,3
0.9761,0.41613,1
-6.8012,-0.70955,1
1.6958,-3.0653,1
-2.55,-6.146,1
-2.9153,-2.3111,1
2.6868,-5.0725,3
1.0201,1.4612,1
1.7553,-1.2779,3
-1.8814,-0.70166,1
-1.1671,-0.49988,1
-0.73845,-1.2723,2
0.51605,2.0524,3
1.8717,0.60449,1
-1.3171,-2.5471,1
0.13133,-0.14987,3
3.832,0.80969,3
-3.1307,-1.7151,1
-0.5162,-5.0377,1
4.0615,0.23192,3
-0.64287,1.6052,1
-1.0442,-2.3595,1
-3.1286,-1.7441,1
-2.3717,-3.7506,2
-0.58556,-0.407,2
-2.3061,-0.73811,3
1.6789,-1.1516,2
0.86592,3.5029,3
2.8061,4.103,3
-0.23912,-0.84729,3
2.1908,-1.5812,1
2.2818,-0.11382,2
0.52353,-2.9877,1
-0.55429,-0.60211,1
-0.60149,-0.21048,1
5.6504,5.2808,3
-0.39318,0.35978,2
1.3685,-2.0175,2
-0.93613,-0.23075,3
0.069176,2.0561,2
0.87503,1.2065,3
2.8104,0.68279,3
0.98828,-0.10883,3
2.3243,-1.0192,2
0.27741,0.24936,1
-2.7075,-3.4899,1
1.2656,2.8638,3
-0.41604,-2.8181,1
0.28114,-0.60749,3
-2.5222,3.3227,3
-4.6852,-2.2817,1
3.123,-0.61851,2
-3.9876,-5.209,2
-0.77292,0.6392,2
1.3084,1.0386,1
1.4108,-1.3751,3
0.53364,-1.4724,2
-1.3664,-3.4157,1
0.60165,0.67673,2
2.6625,6.0575,3
-0.41468,1.1907,3
5.77,2.0394,2
3.236,-2.4742,1
1.0581,-2.0358,1
1.9133,-0.58766,2
0.56628,-0.97238,1
-1.1774,-0.23347,2
1.459,2.5383,3
0.86958,-0.78512,3
-4.7537,-2.1319,1
3.9265,-0.8303,2
-3.4512,-4.8107,1
-0.75766,-0.34771,3
-1.8985,0.31709,3
2.0178,-0.20982,2
-1.4315,1.7813,1
-2.0109,-0.21673,2
-2.5636,-3.6682,2
1.9377,0.098109,3
-2.3277,2.6755,1
2.7699,1.0461,3
0.95958,0.72351,1
1.0109,-2.2108,2
3.9275,2.1942,2
4.8842,2.7422,3
2.5815,1.3325,3
-1.7063,2.4294,1
-0.77687,-1.415,2
4.2854,-0.43915,3
-2.3879,0.2985,3
-0.63887,-0.84917,3
-1.6502,0.054377,2
-3.1495,-2.9853,1
-2.4129,-3.4672,2
1.5143,-1.4193,1
-1.6369,-3.2519,2
1.7635,0.73274,1
0.76323,4.0141,2
-0.036238,3.2221,3
2.0664,-3.9828,1
-0.92403,-0.40802,3
3.0446,-1.187,1
-2.7198,-5.1257,1
-0.13026,0.1384,2
-0.87064,-0.84653,1
-2.5535,1.0962,2
2.1051,-2.4006,2
1.1032,3.2177,1
-0.080074,0.30427,1
-0.30699,-1.1197,1
-3.3684,0.73146,1
-0.24511,-0.5179,1
1.5029,1.3125,3
3.1275,0.6247,3
2.5647,0.38856,3
1.3539,1.7815,2
6.4984,4.5836,3
-0.24355,4.2848,1
-2.8295,-1.5361,1
-1.4791,1.4641,2
-0.10571,0.53801,1
3.5895,-2.1089,2
0.27452,-1.5474,1
-2.0535,1.1949,2
1.4206,4.4063,3
2.6177,2.0815,3
3.4504,0.23008,3
1.3185,-0.3619,2
-2.3426,2.4401,1
-3.5671,-0.68118,1
2.4745,1.1617,2
-4.8331,1.7648,2
1.4753,0.82006,1
0.072824,-1.159,1
2.2369,3.16,1
-0.038348,1.5753,3
-7.1598,-1.519,2
3.0047,3.7568,2
0.25447,-1.2963,1
-3.1609,3.3626,2
-0.90165,-2.5323,1
-2.2086,1.0487,1
0.67383,-2.3764,2
-0.010118,-2.4729,1
2.7345,3.4235,3
2.8592,-0.66471,3
-2.0966,-1.0808,2
2.2,2.6249,3
-1.1937,0.34641,1
1.3915,-2.6725,3
-3.2179,-1.3569,1
3.0736,1.5772,1
0.14136,-1.919,3
-3.6573,-3.0081,2
2.6863,2.8371,2
-0.31447,2.7078,2
-0.89546,1.2996,2
0.7948,0.03082,3
-2.3435,1.5886,1
2.1229,2.8221,3
-5.3246,-4.9179,2
0.63885,1.9742,2
-1.0082,-0.76398,2
0.71212,-4.0226,1
4.2301,2.2063,3
0.946,-2.5759,3
-4.456,-2.6336,1
2.222,-0.26359,2
-1.0532,-0.84314,2
0.92801,-4.3465,1
0.98398,-1.9861,3
-1.4232,-5.3373,3
-0.54018,2.7028,2
0.62009,-1.6807,3
3.6682,0.65576,3
0.46542,1.8575,2
-2.1249,-0.12906,2
-0.5732,-2.8959,1
2.5983,-1.9091,3
3.1151,-0.811,3
-1.5566,2.0447,3
-3.8831,-1.2474,1
-4.4478,-2.2423,1
4.6507,0.014889,2
-1.3319,0.92006,3
-2.6437,0.7503,2
0.81681,-3.3051,1
0.15468,-5.6798,2
-1.1422,-1.4766,1
-1.9856,-5.4898,1
1.6761,1.5473,3
1.1888,2.8504,2
-1.8051,-1.2312,1
-5.4848,-2.5453,1
-3.7055,-0.60081,1
3.1996,6.3502,3
-4.0813,1.8881,1
3.142,0.51414,1
-0.75041,0.32525,2
1.3114,2.393,2
0.72712,-1.7666,3
0.881,3.2754,3
2.2366,-0.9383,1
-1.5679,-5.0548,1
0.60081,-2.5338,1
-0.14531,-1.8174,2
-3.2784,3.5899,2
-2.3829,-0.076427,2
-2.646,0.58731,3
4.1907,-1.0581,2
0.42372,2.8444,3
0.37796,1.5553,1
3.0634,3.201,1
-0.10448,4.2499,3
-0.54213,-0.97101,3
-0.59337,-0.48635,2
1.4411,1.7744,3
1.0754,-0.6904,2
0.83014,1.7898,3
-0.10406,-0.21495,1
-0.18141,-3.8075,1
-0.91815,1.8578,3
-0.50193,2.1598,1
-1.4361,-4.1813,3
5.1264,3.769,1
-3.317,-0.237,1
5.455,2.5831,3
-0.53078,-1.4041,3
0.98101,0.62789,3
3.2715,-1.4289,3
-3.1823,1.2332,1
-1.2091,-2.5128,1
-0.73433,0.24928,2
-5.047,-2.3764,1
2.058,-1.3675,1
2.2267,1.1575,3
1.5806,0.85307,3
-2.2009,0.60845,1
-0.97478,1.1225,2
0.51683,0.065636,2
0.41781,-0.56933,3
-0.14335,0.58185,2
-3.7597,-1.1017,1
0.76439,-0.71079,3
-3.1314,-4.0421,1
-3.8801,-2.2514,3
1.5078,0.4145,1
-1.5545,0.067958,3
1.7095,3.2384,2
-0.28265,-0.62117,3
1.2914,2.0666,2
-0.35681,-3.4005,1
-0.17652,-0.022462,2
-3.1864,-0.4417,3
0.56787,0.61615,1
-5.6909,-4.0061,1
-0.68875,4.585,1
1.3615,0.15034,3
0.56899,-0.85843,3
3.0259,0.42298,3
-2.2977,-1.1043,1
-1.5383,2.5533,1
1.7383,1.4178,3
-2.8057,-1.683,2
3.7512,1.9054,3
3.0827,4.8328,2
-0.45894,0.35293,3
-2.3927,3.0358,3
1.7823,1.4312,3
-1.2597,2.1548,3
0.71235,0.044462,2
-4.4752,-2.0617,1
-3.3246,-1.5139,2
-2.189,-0.63646,1
1.8577,-1.06,3
-5.4224,-1.2375,1
3.5122,0.1295,3
-0.14772,1.6098,2
1.3122,0.35654,3
-2.377,-3.2351,2
-1.8521,1.7778,2
0.85535,-1.5334,1
1.0234,0.71205,3
-1.4528,-2.4804,1
-0.48612,2.6471,1
4.0442,4.1656,3
1.3422,0.40735,2
-3.1697,-2.6916,1
-2.2973,-3.2154,1
-2.5289,0.20259,2
-0.13672,0.51494,1
0.85592,-0.13833,2
-2.1279,-3.0495,1
-2.0854,-0.175,2
-4.0453,-3.1484,1
-0.0088553,-3.7526,1
-1.1488,-1.2511,2
-3.6091,-3.5867,2
3.4043,-1.6693,1
5.0213,-1.1628,2
2.0913,3.8897,3
-0.042121,3.8435,2
2.2332,2.3265,3
1.6561,-0.14572,2
0.81901,-0.42608,1
2.9464,3.5626,1
-3.7156,-1.4726,1
4.1929,4.3001,3
1.9736,2.2298,3
-0.36758,0.57974,3
-1.2173,-0.20576,3
3.3197,3.9403,3
-3.4339,-1.1625,1
-2.6518,-0.013041,3
1.3673,1.9801,2
1.2519,0.33872,2
-2.1467,0.44716,3
1.3843,-1.2573,3
-0.75715,0.09559,2
-2.2533,-0.13965,2
-1.0614,-2.4298,3
2.3439,-2.1365,3
-3.2592,0.019058,2
1.74,-0.83817,2
3.9855,-0.89921,2
-1.577,-1.9602,1
-2.4029,0.17637,1
2.2221,1.548,3
3.9871,0.19054,3
1.5239,1.2249,3
-2.9082,-4.0606,1
0.7132,-1.7043,1
-1.098,-1.898,2
-1.541,-0.6026,1
-2.6948,-1.0605,1
-0.76351,-1.9284,2
1.796,4.6273,3
-0.68857,2.9664,3
0.13618,2.6558,3
3.2662,2.3278,3
-6.8342,-1.2384,1
1.1839,3.198,3
3.6317,0.029534,2
2.7722,-0.11822,1
0.73612,-1.4457,3
-2.3355,-1.3069,2
-0.36873,2.8682,3
1.7836,3.4981,2
-1.8895,0.82647,1
-0.5202,-1.8675,2
0.57747,-2.441,1
1.5534,4.2085,1
4.0183,0.52765,3
0.98146,1.1878,3
1.2476,1.2017,3
2.1564,-3.5467,2
0.72808,-3.7684,2
-1.915,-1.3003,2
-0.80451,1.0077,3
-4.732,-4.643,1
1.7696,-2.9312,3
-1.0508,-1.8533,2
0.43599,-1.4688,2
4.9706,0.97128,3
3.4305,2.0279,2
-1.5936,-1.7764,3
2.9123,1.5734,2
1.5746,1.9674,3
-1.2452,0.70655,2
-3.7636,-3.3517,1
-2.7705,-3.3019,2
-3.8179,-3.5598,2
1.9418,1.2991,3
-2.1503,-2.3751,1
-4.5509,-1.9794,1
-4.6691,0.79099,1
-3.5825,-0.83992,2
1.2456,-1.724,2
2.2455,-1.104,3
2.4447,2.5123,1
0.80376,-1.6399,1
2.0795,-0.36375,3
0.56783,-3.694,1
-4.3721,-6.1196,1
5.4904,-1.6139,2
1.1253,-0.27216,1
-6.5045,0.98443,1
2.1816,2.7827,3
-1.6214,-2.7526,2
-3.1399,-4.1219,2
-3.8263,-2.0918,2
4.8022,1.0867,3
1.6531,-5.8052,2
-0.30736,-2.1011,2
-1.0827,2.8919,2
-2.6575,0.87669,2
-0.71775,0.43638,3
-0.99836,1.5841,2
-0.81263,-3.3678,2
-2.109,-1.7319,1
-1.8353,-2.6152,2
0.45106,5.4481,3
-2.5824,0.11316,1
3.1098,0.66493,3
2.2337,1.7188,2
-0.0015865,2.3995,3
0.20855,1.014,1
-3.0078,-0.62854,1
1.0091,1.5139,3
3.92,1.3071,3
-0.16766,-3.1175,2
-1.465,0.38046,2
-1.3012,0.33748,2
1.4342,1.6707,2
-2.4849,0.836,3
-3.2682,-2.6784,1
-2.4643,1.025,1
1.5991,3.7212,3
-1.2764,0.35505,1
0.75472,1.5167,1
-0.91661,0.48378,3
0.56919,1.2408,2
6.6166,6.7509,3
2.6147,-2.9776,2
-0.64583,0.068907,2
-2.9139,-1.7297,1
-0.19955,0.13009,3
-1.8128,-1.5229,2
1.61,-2.5023,3
2.4516,1.9244,3
1.2605,3.3058,1
-3.0674,-3.4027,1
2.6018,1.4921,3
3.1011,3.2134,3
0.82051,2.9216,3
5.4214,-2.8266,3
1.7318,1.1897,2
2.6667,1.5974,1
-1.4062,-0.82574,3
5.7405,-0.6298,2
0.29355,-1.2854,1
-0.71198,-3.188,1
1.2036,0.62568,2
2.5196,3.5657,3
-1.4154,-3.9115,1
2.5494,-0.053442,3
-1.2885,-1.355,1
-2.3521,-2.8294,1
1.1546,-0.97347,2
-0.98692,-2.6202,1
-1.5365,-1.8287,1
3.951,1.4818,2
0.35276,-0.60155,3
2.9944,-2.8705,2
-0.12481,2.0744,3
-0.76313,-4.3233,2
1.1148,0.044399,1
0.45828,-0.65167,1
-0.86913,3.6663,3
-1.0738,-0.53499,1
-1.3782,1.4267,3
1.0597,1.772,3
0.042825,-0.98485,3
1.5612,-1.9284,1
2.2897,5.0734,1
-0.47794,-1.0412,2
1.3766,4.2796,1
0.49767,-2.0978,1
0.043992,2.3766,1
-2.0064,1.4835,1
-1.4502,2.824,3
-1.471,-5.0711,1
1.1041,-2.7222,2
4.1562,1.0856,1
0.14652,0.85046,2
1.5892,0.38832,2
-3.2396,1.746,1
0.20913,1.3777,3
-1.2806,-1.2694,2
-2.3112,1.1542,2
-0.65246,2.8265,3
0.37241,-0.60127,1
1.8409,4.345,3
5.4419,-0.51057,3
-2.1835,1.8131,2
-6.1589,-2.1726,1
-0.66464,0.58493,2
-0.57005,-1.4891,1
-3.3728,-1.3334,3
-2.2038,0.24223,2
1.2873,2.8624,3
-0.33196,-1.4725,1
0.67677,0.034702,3
0.60406,-0.38356,1
-1.5276,-1.7574,3
0.025898,-1.4295,3
1.3851,-1.9604,1
-0.83276,1.8522,3
-2.0462,-3.6456,1
-1.4708,0.13995,2
-3.7707,-3.2486,2
-3.0307,-2.4876,1
0.87179,-0.84,3
0.11206,3.0119,2
-4.8155,-2.2319,1
0.084521,2.6354,3
-2.4632,2.9602,3
1.7592,1.79,3
-1.3738,-1.8653,1
-2.7148,0.72162,1
3.1447,1.2494,3
1.0883,1.7323,1
3.6052,-1.187,1
2.9682,2.8128,3
-5.9557,0.10268,1
1.6649,3.3724,3
-0.77315,1.748,2
-2.9801,-2.2634,1
1.5092,0.17688,3
-4.7343,-2.2784,1
2.3622,4.2723,3
-2.5876,-2.8646,3
-4.1365,-1.0509,3
-2.5002,3.5254,1
0.22104,1.553,3
-1.6272,-0.032758,2
-1.0519,-2.1316,2
-1.8626,0.87114,1
0.51408,3.5448,1
-2.4837,-1.191,1
1.6903,2.5823,2
-1.9264,-0.4369,1
-2.1872,0.10597,1
-0.33498,-3.2555,2
1.8607,-1.4057,2
3.7746,-1.0849,2
3.243,0.93107,2
1.8948,-1.8732,3
-0.2215,1.3269,1
-1.9182,0.066529,1
2.2874,6.2743,3
2.1883,-0.61037,1
-0.28871,2.5579,3
-1.1298,1.5422,1
3.1768,3.9087,3
0.78467,1.8611,2
1.5959,3.309,2
2.8887,0.28264,3
-0.29413,-3.1072,1
-3.9355,-1.0603,2
-1.4284,-2.4851,1
2.5393,-1.008,2
2.1098,4.074,3
-0.77382,1.7683,1
-0.73064,-2.423,2
0.41796,-2.3131,2
1.5277,1.1644,3
-3.2433,3.0758,2
2.8548,3.4978,3
3.5119,2.3367,2
-4.0968,-3.0528,3
-2.386,-1.1297,1
-3.2516,3.5117,2
-0.55439,0.26447,1
-6.137,-5.8918,1
-0.58073,1.5208,2
-1.8343,-2.2988,3
2.7687,2.6132,3
-1.7862,2.8661,1
3.2721,4.0881,3
-0.37804,0.48369,3
2.8616,0.68177,3
-1.5476,-1.913,3
1.6619,0.42377,2
1.7942,2.364,1
-3.6073,0.85103,1
-0.44744,-1.0812,3
-1.6352,-2.5911,2
3.4123,-1.9779,2
0.33835,2.4467,2
1.4072,0.3738,1
0.42705,0.63079,1
-2.3342,-2.1668,2
-0.76726,-3.3422,1
-1.5004,-0.15983,2
-0.19391,-2.9314,2
-1.558,-2.0149,1
0.62436,3.4117,3
7.9651,2.162,3
-0.66042,3.0635,2
2.8821,1.6458,3
-0.46665,2.8324,3
0.031721,-0.53696,2
-0.40063,-0.15512,3
-2.5635,-4.5684,1
-1.7275,3.1649,3
-1.1752,-1.3741,1
-1.7945,-1.8081,2
1.041,0.85931,2
2.1277,-2.6013,2
-1.6012,0.12457,1
-2.7611,-2.2616,2
2.2691,-2.6952,2
3.2046,0.34352,3
1.051,0.39888,1
1.969,2.1325,1
-1.5604,-3.2508,3
2.8884,-1.1532,2
0.54274,3.8427,3
-0.69401,-0.13625,2
1.9424,2.2346,3
-4.8541,-0.99083,1
-4.1671,-1.0223,1
1.3406,0.30464,1
-2.0765,-5.223,1
-0.18559,-0.37655,2
0.42721,-1.491,1
4.1896,1.1883,3
1.6508,1.4879,3
-2.7064,-3.1173,1
-3.5733,-0.56275,3
2.5859,3.3599,2
-0.37179,1.3577,1
0.21141,2.2124,3
0.28799,-2.8146,1
-3.6121,-3.125,1
0.76894,-0.93708,3
-3.645,-3.6406,1
-3.5686,-1.3289,1
0.015403,-0.8409,3
0.054754,0.98563,2
1.3734,1.2082,3
-0.63558,3.0336,3
-2.2469,-3.5455,2
1.6459,-0.59148,1
-1.7851,-3.7211,1
1.244,-0.70949,2
4.154,2.7264,2
2.4659,2.2211,3
-1.8879,-2.7404,1
0.31417,-1.9366,3
0.69134,-0.41468,1
1.6537,0.36806,1
-1.336,-2.3721,1
-0.4791,1.5971,2
1.9716,0.627,3
4.7778,1.6142,3
-1.047,-1.458,1
2.6995,-0.11958,2
-3.1516,-0.69618,1
-2.4721,-1.6639,1
-3.3978,-0.86876,2
2.6642,-0.61873,2
4.2653,-1.1559,3
0.52357,-0.45375,2
-2.0329,-0.17072,1
2.8104,-2.2066,3
4.9065,3.8819,2
0.16484,0.41447,3
-3.5261,-0.36765,1
1.9277,3.4303,2
4.2411,-0.3551,3
-1.0858,-3.6709,3
0.39284,1.0288,2
-3.0441,0.6602,2
-0.014732,-0.52011,3
-1.969,0.27635,1
2.7682,-1.3006,3
0.99678,3.0859,2
-2.1436,-1.6719,1
-2.3371,-0.47097,2
-0.65075,3.6459,3
0.44551,-4.1239,3
-1.2486,-1.0817,1
-4.9992,-0.072964,2
-1.7177,1.5375,1
1.5275,-0.44504,3
0.089366,1.1668,3
0.79417,-0.48503,1
0.013089,-0.84817,3
3.2021,2.3988,3
3.3828,-3.5695,3
0.018112,2.3544,2
4.2779,-1.2389,1
3.1097,2.6773,3
-1.1407,-1.2843,1
-1.482,0.091574,3
-4.4395,-2.9296,1
-0.12143,-2.8425,1
-4.159,1.1411,3
1.3661,-2.4968,3
0.015661,1.3028,1
-0.56691,-2.4036,1
-1.1234,-2.5009,1
-1.4082,-3.8849,2
0.67106,0.8642,2
1.5669,-0.65389,1
-1.8065,-3.3115,1
0.0022993,-1.6609,1
-3.3971,-0.32704,3
-0.84912,1.708,2
1.485,4.0408,3
-2.0484,-2.4916,2
-0.65461,-1.9607,3
-1.5818,3.5254,2
5.7148,-1.2792,3
0.53012,0.23139,1
0.51724,3.667,3
0.44155,-1.0523,2
3.1077,1.1703,3
-0.7357,1.6843,1
-4.0107,-3.2824,1
-1.9672,-0.32858,2
1.478,-3.2214,1
-1.6811,-2.982,1
1.9255,0.84983,3
0.77312,-0.55133,3
-1.9961,-2.1349,3
-0.86156,-0.90155,1
1.4944,-1.2136,3
2.5095,4.4408,3
-3.9003,0.8109,1
0.7747,-2.8458,3
1.6988,1.6461,1
-4.6606,-1.6682,2
-1.0369,1.5993,3
1.0977,1.8121,3
-3.8505,0.96435,2
0.012586,-1.7519,1
-1.4779,0.75658,2
-1.1608,-1.3695,2
-0.040561,-2.8492,2
-0.62676,-1.967,1
-0.035617,-1.3712,2
2.7145,1.2904,3
5.5828,0.53849,2
-1.9524,-3.6517,3
1.2772,2.242,2
-0.023467,0.04897,3
-1.4505,-4.4124,1
3.8171,3.2906,3
-1.0197,-0.36385,1
2.2076,1.9758,3
4.1864,-0.72123,1
-0.039631,1.2672,3
-1.6707,1.326,1
1.6064,2.1879,3
1.2222,2.7387,3
1.5364,4.0467,3
0.63916,-0.54357,2
1.6973,-1.0098,2
1.9382,-0.32746,2
-1.1768,0.74537,3
3.2908,-3.9874,2
1.6133,-1.0482,3
-0.72591,-3.8032,1
-2.2881,-4.4764,1
0.51203,3.4279,2
0.92829,-0.2017,3
-2.4595,0.19333,2
2.0243,7.1194,3
-0.049813,-4.4242,1
-3.1312,-0.041914,3
0.54778,2.4365,1
-0.099394,-2.4415,2
2.7825,1.3228,3
1.2242,-2.0711,3
-1.2645,-3.1335,1
-0.41382,-0.50974,2
-1.1953,1.833,3
0.20997,2.6571,3
-2.1646,-2.1517,1
0.54508,-0.65157,3
0.4085,-0.17432,2
-5.6312,-2.3859,2
3.4635,1.4497,3
-3.9574,-2.3783,1
1.3647,-2.4799,2
-0.052538,1.7385,3
2.0388,-0.063895,1
-2.4524,3.0521,2
1.567,2.3192,2
1.8195,-1.5938,3
-2.0837,-3.8847,1
-1.2594,1.1358,3
0.48506,0.69504,3
0.71127,0.77349,2
3.9621,3.8091,3
-5.1684,0.0036262,3
-1.0473,-0.81299,1
4.3667,-0.026338,2
-2.4165,3.3562,1
0.84141,-1.8902,1
-0.59571,-0.0094896,1
1.1944,2.8318,1
0.088182,0.11121,2
1.9771,1.0707,3
-1.9687,0.74511,1
0.53842,0.19884,1
-0.73018,1.9665,1
-2.6847,-1.9809,1
-1.876,0.12964,3
3.4254,-0.92239,3
1.6489,-0.063189,3
-7.8912,-4.8356,1
-0.45259,-0.0090782,3
1.0646,-1.2069,1
7.2674,1.1528,3
0.41323,3.3698,3
1.4972,0.72472,1
-2.8692,-1.9622,1
-0.20514,-1.624,1
3.9343,-0.29082,3
1.6906,1.5241,3
-0.52993,-1.3373,3
-3.3186,1.946,3
6.8758,0.59484,3
-3.222,1.2736,3
-2.3924,-2.4013,1
0.15617,4.333,3
-0.95191,-0.029854,1
-2.6558,-0.21142,3
1.3403,0.39705,1
0.85987,-7.3752,1
-5.8574,-2.4325,1
1.8665,-0.84909,3
0.87098,4.1648,1
-3.214,-0.24684,3
-2.0371,-2.6399,1
-2.0411,0.26732,2
0.51392,-1.6336,1
-2.6656,-1.6944,1
-3.75,-1.7387,1
1.0383,-2.4836,1
-2.8744,-2.1525,2
-0.43779,-0.11627,2
2.7931,2.2793,1
1.66,1.3899,1
-3.2016,-3.1766,1
-1.0219,-4.7556,1
1.3145,2.7134,2
-1.3491,-3.6567,2
-0.12838,-0.43793,2
-0.46557,1.7197,2
-1.7765,-4.014,1
2.0534,-1.5462,1
-2.3643,-0.49569,2
-2.8252,-2.3454,1
-2.7814,3.5596,1
-2.8547,-0.39124,1
-0.85646,-2.0164,2
-2.5357,-1.5106,3
-0.1687,-0.99329,3
-0.16912,3.322,3
-1.2626,1.3396,2
-1.5006,2.4059,1
3.3293,0.21685,2
1.5396,2.1139,2
0.77103,-0.92655,3
-1.2631,-2.8754,1
1.0444,4.0163,3
0.9149,-1.1904,2
0.81963,0.88438,2
4.2962,0.56934,3
0.5856,3.2978,1
-2.2428,-3.1467,2
0.032396,2.5139,3
-2.3802,3.4103,1
-2.507,-0.4604,2
-1.5369,1.0528,2
6.855,-0.57258,3
4.4203,-1.1266,1
-1.3816,1.4745,2
-1.1843,-3.5323,1
-2.0493,0.87563,2
4.5476,1.7988,3
-0.17703,1.8586,1
0.032991,6.4363,2
-0.74767,0.37449,1
-1.4366,-2.6109,3
2.9764,3.1444,2
2.0108,0.78331,3
-0.71952,0.8296,2
-1.7817,-0.022408,1
0.92452,0.88482,3
-1.7789,-1.4597,3
-0.69783,2.3569,3
-2.2049,-0.13615,1
-1.4599,-1.1129,3
-6.2586,-3.0681,1
-4.987,-3.0526,3
-2.0848,1.8417,1
0.039586,0.19485,3
3.6603,-0.86571,2
-0.34846,1.2699,2
-1.0245,2.1764,3
2.9157,2.1224,2
-0.47526,-0.68399,3
-1.66,-0.40802,1
1.2092,-0.49249,2
0.03116,1.6569,2
-1.6491,4.2828,3
3.8981,2.9312,3
2.0516,1.3121,2
4.9309,-0.5522,2
-0.8777,2.014,3
3.9484,0.51083,3
0.25202,1.9344,3
1.7025,0.58858,3
0.58839,-1.9904,1
-0.29516,2.377,3
0.70489,2.7187,3
2.1525,0.84886,3
0.7691,3.554,1
3.0773,-4.8723,1
3.8161,2.736,3
-0.10094,-4.5925,1
-1.5341,0.33003,1
-1.477,-1.6157,1
5.6204,0.93946,2
-1.7156,-0.69149,1
-2.3572,-2.6585,3
-3.0246,-2.1305,1
2.6419,2.3139,3
1.6328,-4.2351,1
0.97439,1.3841,1
-3.2763,1.1207,1
3.21,-0.22926,2
-1.5728,2.9291,3
2.9294,4.169,3
0.85429,-0.16144,2
-1.151,-3.7965,1
-0.17021,-4.6551,1
2.8918,4.9246,1
0.10446,1.1212,2
-2.5962,-2.1789,2
-0.42289,-3.0274,3
-1.5632,-0.24821,2
-3.5918,-0.054369,2
-0.49261,1.1467,3
-2.9452,0.62333,1
0.71395,3.7815,2
0.78146,2.227,1
-0.83296,1.0823,1
1.4442,-4.8062,1
0.2209,2.9844,3
-3.0808,-1.6097,1
1.8138,1.7054,3
1.1061,-0.32784,1
-0.27593,-0.81634,1
-3.3535,0.56882,2
5.6079,0.51606,3
-3.3648,-3.4848,3
2.2904,2.799,3
2.881,2.8178,3
-1.7579,1.9416,3
0.45489,3.4277,1
-3.0349,0.25657,1
0.85133,-0.37301,1
-0.16972,-2.341,2
-5.8783,2.3987,2
1.0191,-2.7382,2
0.9677,-1.8639,2
-1.164,4.849,2
-0.81736,-1.7626,2
-4.8234,-6.7256,1
-5.3043,3.3336,1
0.24468,-0.37248,1
-1.0359,4.2223,3
-1.0012,-0.56487,3
0.17051,-0.097985,3
2.1566,0.45125,3
-2.3301,-0.18405,2
-0.40979,-1.2833,1
-2.0508,-2.4136,3
3.0745,3.9266,3
-2.6861,-1.1205,1
-0.32647,-3.3134,2
0.63111,-1.9041,1
2.0354,1.538,3
-0.18785,-2.1998,2
3.1472,-0.19176,1
4.9955,6.4839,3
0.045217,-1.2385,1
-0.56766,0.07672,1
2.5469,1.8886,3
1.9183,0.11409,3
1.1268,0.35829,2
-3.9192,-5.9311,2
3.6405,0.98661,3
-2.5175,-2.939,3
3.7876,1.4265,3
2.3412,3.3556,3
1.4488,1.9897,1
-1.3448,-1.7462,1
0.018599,-0.56279,1
-2.6122,-1.9613,1
0.74895,-0.77917,2
-0.54414,-0.36989,3
2.7237,4.6246,3
-2.6976,-1.1391,1
-3.9042,-2.8248,2
-1.8264,-2.0624,1
-3.7216,-1.9722,1
-0.30995,-2.0412,2
-2.4935,2.6478,2
5.0803,0.9464,1
-0.66483,1.1719,1
-3.8692,-2.0836,1
3.7001,2.1043,3
-3.1773,-0.5242,2
-0.22909,-1.5027,3
-2.3088,-2.0561,1
0.54811,1.6875,3
1.7022,4.6874,3
-1.244,-4.5133,1
-0.30028,-1.7401,3
0.6109,1.1795,1
2.7496,1.437,2
-3.1149,-3.7862,2
3.4007,-1.8055,3
3.6848,3.3722,3
-3.6784,1.3316,1
2.6147,-0.74382,3
-1.1121,-1.9493,2
-0.75646,2.0857,3
3.4746,0.82372,3
0.21757,-2.2216,1
0.73427,-3.5024,3
0.079826,0.028439,2
-1.2059,1.1413,2
2.7473,1.4134,3
-2.1057,-0.62348,2
1.42,-0.37795,2
-1.6036,-2.0791,3
-0.63997,-2.5624,3
-0.51436,2.3162,1
4.6843,3.2718,3
3.159,-0.40526,3
-1.8918,-2.2689,1
0.56867,4.4121,3
-2.0971,0.87914,1
2.8871,1.3204,1
-4.1783,-1.5344,1
0.31906,-0.23467,2
0.3262,-2.7408,1
1.0098,-4.9102,1
1.0198,2.2947,3
-3.995,2.8685,1
-4.4543,-4.4486,1
0.66305,2.9547,3
-2.3288,4.3911,1
-3.2081,-3.2104,1
-3.7933,-1.2108,2
0.58223,-1.3503,1
-1.4523,1.0471,2
0.67532,-0.1268,1
-0.64889,0.75431,1
-0.99444,-1.9853,1
-1.0073,3.8999,1
1.4277,-0.29121,2
-1.2856,-0.59593,3
-0.53579,5.3757,3
1.8743,2.236,2
0.58386,3.4065,3
3.9664,0.63723,3
2.7172,3.236,3
5.1218,-0.48445,3
-1.3648,-0.63104,2
0.73412,2.5355,1
-2.9842,-1.4712,1
1.3046,2.3397,3
-2.1423,1.3995,2
3.0537,0.77693,3
-0.58211,-0.62858,1
-0.81916,-5.7289,3
2.6873,1.7191,3
-1.1135,0.33457,3
0.86311,1.1544,2
-0.067915,2.9806,3
-0.89954,3.4172,1
3.7753,0.24654,2
0.55206,-2.1171,1
-2.697,2.6577,3
1.3659,0.64133,2
-1.8734,3.8655,2
-0.17535,0.51083,3
-0.6367,-0.90116,2
1.5924,-0.54787,1
-5.5229,1.405,1
-1.8907,0.23853,2
-1.0724,3.8077,3
-1.5082,-3.7651,2
3.9251,6.029,3
0.079783,4.0643,2
0.41066,3.3123,3
-0.80835,-0.2409,3
0.20707,2.0377,3
1.3864,-4.5325,1
-4.3761,0.76351,3
0.78627,-2.4632,1
1.6222,2.9294,3
0.87411,-1.2677,1
0.8234,-2.1299,2
-0.29759,-0.1583,2
0.093845,2.7037,3
-1.4661,-2.3992,1
3.0829,2.0097,2
3.999,1.8328,3
-1.4847,-2.7488,1
-0.33168,-0.68223,3
-3.1027,2.0106,3
-0.7221,1.9296,1
6.5779,2.6675,3
5.5197,-0.29724,1
0.43896,1.3211,3
-0.25394,-2.5436,2
1.6846,0.033151,3
0.094198,-0.28675,3
0.081106,-0.99057,1
0.31838,-1.275,2
-0.21877,-1.342,1
-0.59801,0.20393,2
0.28986,6.7211,2
-3.4872,1.7888,1
-2.087,1.6258,1
0.21918,1.6649,1
1.892,-1.2922,1
-3.4027,-4.2518,1
-1.905,3.6082,3
0.93198,-0.33939,2
-2.4996,-4.1642,1
-1.2307,-0.89902,2
-1.5278,-1.4128,1
-1.6937,0.082107,1
1.1456,4.4374,3
0.41463,5.5014,3
1.9671,1.9872,3
1.823,-1.2372,1
3.0452,-0.55915,3
-0.55138,0.58887,1
1.7827,2.276,1
-0.21575,-3.7225,1
-0.79549,1.5353,3
1.0416,2.8135,3
2.3426,-0.13175,3
0.7385,-0.52898,3
-3.5016,-4.2954,1
-0.69699,2.1764,3
-0.1491,-0.41169,3
0.79885,0.057745,1
-3.1612,-0.66864,1
-2.7023,-2.6241,1
-2.3644,-1.8192,1
2.2141,3.1815,2
-1.9926,-5.5353,1
2.2174,1.103,3
4.1534,0.84937,2
-0.42856,0.01572,2
-2.1511,-0.15251,2
1.3937,1.442,3
-2.0014,1.2289,2
-3.3057,-2.3734,2
1.7576,-1.134,3
-6.4594,-1.2283,2
0.99141,-5.0861,1
0.33421,-3.4177,1
4.8038,4.7598,3
-0.063219,0.14886,2
0.85872,0.95542,3
0.20842,4.1523,2
-0.93792,2.3585,3
-0.69124,-0.58054,2
1.701,0.24591,2
1.7115,0.15498,1
0.86946,2.4862,1
-4.7851,-3.2206,1
-1.3637,-1.0264,2
-1.9467,-4.6544,1
-2.509,-0.022026,1
3.1185,-4.1349,2
1.6023,3.8021,3
-0.10765,0.53352,1
-2.7527,-1.601,1
-0.15376,3.5301,3
-0.40481,-1.0523,3
0.14043,0.28897,2
-3.2156,1.3672,2
0.7048,-1.5643,1
2.5401,-1.761,2
-0.69633,1.9165,3
2.9342,3.497,2
0.42757,0.46221,1
-0.4732,0.71932,3
0.27473,1.2978,2
4.2011,2.1445,3
-3.4653,-0.013452,3
-0.47102,-0.30264,3
0.8738,0.15297,2
-0.20525,3.1057,3
3.4517,0.32566,1
-1.4117,1.2819,1
1.7945,0.87111,2
0.19567,1.4378,3
1.5907,0.29991,1
5.4039,1.9247,1
1.1897,-3.0966,2
0.78043,-1.6382,3
4.6399,0.38649,3
3.4699,2.186,3
-0.60417,2.6792,2
-1.3061,1.0389,1
1.3592,0.043026,1
-3.5182,-1.8635,3
-1.8257,-0.29683,1
-1.9533,0.125,3
1.2946,5.1792,3
-0.091567,-0.33205,1
1.7807,-6.8834,1
-1.1375,-4.7411,1
0.092835,0.83828,3
-1.5774,0.79995,3
6.7954,2.8924,2
-4.0078,-1.7036,1
4.1845,4.6705,3
-2.2461,-2.1635,2
1.4738,0.97667,3
2.4818,-2.0474,3
-1.8877,-0.571,3
2.4171,0.554,3
1.5076,1.5072,3
-1.9943,1.2752,1
0.15557,1.0481,3
-2.0486,1.0438,2
-2.3409,0.059286,2
2.1933,1.986,3
-0.51808,3.8701,3
0.92522,-1.6695,1
-1.8179,4.9416,3
4.8967,2.5743,3
2.4262,0.52983,3
-2.9275,0.7661,2
0.051658,-2.5514,2
4.269,1.3022,2
-1.3823,-2.3477,1
-2.808,3.2499,3
2.5505,0.72448,2
-0.30006,0.049958,3
-0.7816,-4.2036,1
-2.2049,0.80747,1
-0.002551,0.50523,1
-3.2247,0.85363,2
5.0113,2.4901,3
3.49,-0.66881,3
6.7504,0.31744,1
-1.253,-0.85649,1
-3.2941,0.28582,1
-0.23601,0.905,3
-2.2577,-3.751,2
3.8899,0.02083,3
-1.063,0.27995,1
3.9787,-0.42236,1
-4.1035,-6.2662,1
0.35306,-0.5457,1
-0.90565,2.5622,3
-0.26021,-1.079,2
-1.3479,-1.5481,1
-3.0243,-4.0281,1
4.3008,-0.57498,3
-1.6537,0.78351,1
0.39089,-0.42248,2
3.8697,0.89386,1
3.6233,3.5738,2
-1.5661,-2.8776,2
-3.4246,1.2329,3
-2.8651,-0.98276,2
1.8467,1.798,3
-6.7488,0.77652,2
1.158,0.38389,2
1.6357,1.0559,3
3.4648,-1.6709,3
0.81462,-0.77858,2
1.8186,2.0408,2
0.80069,2.7127,2
-3.2967,2.3679,3
0.4235,-1.3436,3
1.2886,-0.64062,3
2.1656,-2.017,2
-3.258,-0.44774,1
-0.039364,2.1816,1
-1.3504,-1.6861,1
1.0143,1.4481,3
2.8451,3.5708,2
-0.053164,-1.0306,2
0.0054139,1.8661,2
-1.5484,2.0298,2
1.52,2.0248,3
-0.91737,-0.30255,1
3.0795,0.88722,3
1.0864,4.357,3
3.1518,0.41761,2
1.2618,0.56665,3
0.40839,-3.4749,2
-0.45341,-0.68837,3
3.6277,-2.233,1
0.69774,2.4385,2
2.0606,2.2565,2
-2.7073,-0.12089,3
2.7679,-1.0304,3
-0.78234,-1.2773,1
-6.0773,-2.26,1
0.066754,0.15517,3
4.0515,-1.2521,2
2.0747,1.2881,2
2.9292,-2.5594,3
1.1845,-1.2593,2
3.68,3.411,3
-1.0141,-1.8271,1
-4.187,-5.3245,1
0.49053,4.3495,2
-0.11325,-1.3414,2
-2.2792,-4.9423,1
0.75545,-0.50923,2
-4.0641,-2.5506,1
-2.2328,-0.74473,3
2.3333,-1.7158,1
3.5599,3.24,3
-0.48056,1.9597,3
-1.1609,0.80928,3
2.4101,-0.78172,2
-0.71945,-0.81786,1
-0.87582,4.6652,1
-2.701,-2.3885,3
-5.3616,-2.467,1
-1.3668,2.1247,1
4.6502,4.088,3
-0.59605,-2.0053,3
1.1458,0.12422,3
0.68766,0.81618,2
-4.26,-3.5478,1
-0.14509,1.9164,2
-2.4058,-4.107,1
2.1284,0.13288,2
1.861,3.7311,2
-3.9019,-4.4233,2
-0.72878,2.555,3
3.469,2.5935,2
-1.4483,-0.29325,2
-1.332,0.89592,2
-4.2617,3.2449,2
2.7442,3.0819,2
1.7544,1.984,3
-1.2218,1.3916,2
-3.6023,-1.3858,1
-3.4894,1.5818,1
4.6151,-0.3745,1
2.3217,3.473,2
1.3615,1.343,2
0.28497,1.358,2
1.6846,-3.0315,2
2.6711,1.5778,1
2.0038,-1.7645,2
1.2875,1.6646,2
1.8305,2.0481,3
-1.0977,5.1138,3
0.26949,0.6499,3
-4.1543,-1.9458,2
0.3538,3.7403,2
4.5825,2.201,3
-2.9847,-0.61476,1
-3.707,4.1597,3
-3.7077,-0.19074,1
2.2619,-3.1882,2
-4.1165,-0.83991,1
0.39886,0.88489,1
-0.037904,-1.6771,3
-1.3313,-3.3907,1
-3.1239,-2.4203,1
2.9289,-0.41129,3
-1.5167,-2.9622,2
-2.6353,1.4898,1
5.3967,1.041,3
4.8155,-0.16665,2
0.84535,1.5429,3
-4.2537,-2.5661,2
0.099239,-1.0159,2
1.8484,2.8436,2
-1.1696,-7.0061,2
-2.8146,-1.8789,2
-3.7145,-2.1868,1
2.6032,0.48045,2
0.41574,-4.4017,1
-1.5672,-0.090944,2
0.04557,-0.2685,3
-1.0717,-0.70931,1
-2.993,-0.6835,3
-2.8942,-3.4267,1
0.73349,-0.65234,3
0.70972,6.207,3
-4.0102,-1.8903,1
-0.86996,-3.6617,1
-2.6869,-2.4771,1
-2.5311,0.77859,3
1.6782,4.1658,3
-3.7627,-5.8691,1
3.0262,4.4035,3
-0.72458,2.5138,3
2.1366,4.4092,3
1.5099,5.2846,3
1.6427,2.4629,3
0.5901,4.3755,2
-4.4775,1.003,3
0.66376,-2.1771,3
4.5345,-1.4369,1
2.153,-0.72087,3
-3.0942,2.6516,2
3.2482,1.2843,3
0.46314,0.80394,1
-1.0774,8.0953,2
-4.2094,2.4335,1
5.9096,2.3022,3
1.2419,-2.8538,3
-2.1301,-2.01,1
-0.90925,0.0085255,3
0.058704,-0.4159,3
-0.86225,-2.6759,2
6.0741,-2.8035,3
3.5615,-1.9083,2
1.8215,1.5518,2
0.6571,-1.4665,2
0.5618,-2.8427,1
-1.2728,1.7141,2
-3.4315,4.7418,2
0.68676,-0.95483,2
2.7112,3.6363,2
-0.47654,0.15339,3
0.12793,-2.4776,1
-0.18241,1.5289,3
1.2793,1.0439,3
-1.5825,0.84946,1
0.17774,-3.1672,1
-1.8041,1.0273,2
2.2411,-2.2811,3
-2.66,-1.6269,2
2.7848,-0.032113,3
0.24796,-0.51826,1
-2.6664,2.9058,1
1.1757,1.2045,3
0.9803,-3.7213,1
2.1216,-0.11171,3
-1.3083,-1.2679,2
0.36019,0.29538,3
0.2997,-2.3781,1
-2.2609,-1.6733,1
-0.52578,0.94229,1
-0.19395,1.7099,3
-1.4779,-0.90797,3
7.3533,5.648,2
3.0237,-1.1481,3
-0.22028,-2.0205,2
1.0377,-1.4195,3
-2.5087,0.55195,1
1.4555,5.6332,3
-0.25687,2.5456,2
0.63905,-0.63166,2
-3.2864,-1.3981,1
-1.8383,-2.8347,2
2.4052,-2.7216,3
1.129,-3.1951,2
3.3344,-2.7542,3
-3.0329,-2.6053,1
2.3803,-2.1512,1
-0.71246,-1.1682,2
3.4413,5.1555,3
-4.4933,-2.7572,1
1.2543,0.89875,3
-0.063536,-0.55045,2
1.8175,-1.1618,1
-1.3784,-0.25074,2
1.2226,1.2187,2
-4.5282,-1.7771,1
1.4249,-3.7788,1
-0.16081,-1.2285,3
1.0152,2.1607,3
-0.51381,1.29,1
-1.6254,-4.9036,2
-0.81851,2.6937,3
5.397,-1.1502,3
-0.91461,-2.6983,1
1.3392,-1.1286,3
-2.7136,-2.3617,1
-2.104,0.60721,2
0.29649,3.0053,3
2.3691,1.4599,2
1.9808,0.29794,2
-0.85838,-1.7229,1
-0.41001,0.39749,1
5.3506,1.2299,3
-0.70747,-1.8843,2
-1.8273,-2.5161,2
1.431,-0.61157,3
-1.8092,-2.1609,2
-1.2167,-5.1026,1
0.46638,-0.39282,3
0.41427,0.57485,2
1.5881,-1.8814,1
-2.347,2.3417,1
-1.9221,-5.4643,1
4.3221,1.5589,3
2.7225,2.4394,3
-1.5734,-1.713,2
-0.088282,-1.1142,1
1.9501,0.28999,2
-2.4777,-0.79041,1
2.0488,-3.3188,2
1.265,-3.2506,1
1.5056,-4.5768,1
-3.8568,-2.0731,1
-3.467,-2.825,3
-0.41677,-4.2599,1
-1.2524,-0.46817,3
-0.44344,0.8795,2
5.1339,2.5748,3
-0.28158,0.74141,1
-7.4897,-2.133,1
1.6035,-2.9632,1
-1.5096,-4.3101,1
0.44365,-1.863,1
-0.38478,0.13673,2
5.2259,-0.23338,3
-1.3331,-0.84058,3
-0.29111,3.4047,3
1.9999,-3.134,1
0.39757,-1.8512,1
-0.93716,0.19825,1
4.6457,0.75921,3
0.28976,0.60367,1
-3.9561,-2.0261,1
-4.628,-1.3627,1
-3.376,0.59319,3
-4.1465,-2.0141,1
3.4741,0.58857,2
-1.672,-2.0035,1
-2.771,0.40347,1
2.962,1.5424,2
0.049453,2.8912,3
-6.4003,-6.6406,1
-1.3342,-2.2635,2
-0.28007,-1.4417,2
0.37667,-1.1853,2
-5.2969,-3.038,1
2.0359,0.59452,3
-0.93472,0.88028,2
1.964,1.9271,3
-1.9424,0.059939,1
0.26191,3.0685,3
-1.8206,1.0282,3
3.4259,-4.0579,2
0.58141,-0.4625,1
0.14839,-0.4692,1
4.0212,2.2547,1
0.057906,-0.12319,2
2.2974,4.2632,3
1.6929,0.99388,3
-0.58536,-2.4121,1
-0.36982,-0.15733,1
1.4954,-2.4413,2
-0.12585,1.9218,1
2.2833,-1.4244,1
3.1271,1.6934,3
1.6721,3.4712,2
0.14219,-2.7145,2
1.8919,1.3935,3
1.8359,-1.2016,2
0.56602,2.1159,3
0.46684,1.9407,3
-2.8641,2.5689,1
0.18426,2.0584,3
-0.47583,1.328,2
2.6887,1.4871,3
-0.41677,1.3975,1
-5.0385,-5.1207,3
1.9919,-0.88238,2
-0.39503,3.617,3
-0.62932,0.34154,1
1.7398,-1.2375,3
-2.283,-0.75082,2
0.79805,5.3882,3
-2.1073,-2.8586,1
-0.80711,0.12757,3
1.6175,3.503,2
-1.5754,-1.6603,2
5.0666,-2.4951,3
1.587,1.0686,3
1.6946,1.0502,2
3.1283,0.58892,3
2.0527,2.3465,2
-0.26545,-1.1711,3
1.7888,4.2576,3
1.2707,3.3613,3
-0.64564,-3.4281,1
4.8574,2.1723,3
-1.4551,-2.8637,1
1.022,1.7005,3
0.98361,-2.3936,1
-2.7504,-6.6184,1
3.6818,1.4483,3
0.067014,0.42822,2
2.4468,-0.27353,3
1.9479,0.57082,3
0.27223,-4.4287,2
2.8211,4.7996,3
4.306,-3.6476,1
2.5685,-2.0094,1
-2.0504,1.6834,2
-0.12681,2.5354,1
-0.045309,1.2643,1
0.19357,3.2832,2
2.6709,0.73061,2
5.9603,1.137,3
-1.0311,2.7386,1
3.9296,0.12079,2
-0.17546,2.0765,3
-2.2583,-0.4505,1
-2.85,0.25521,1
-0.29301,3.8159,3
1.3084,3.1806,3
-0.43392,-3.2014,1
0.27207,1.5353,2
-4.6464,-3.1971,2
-2.3123,-2.8937,1
0.27128,1.0199,3
0.69784,1.4355,1
-2.9411,2.4389,3
-0.8424,-0.33684,2
1.3793,-0.53677,1
3.8094,-1.5856,3
-0.14456,-1.2471,2
2.8545,-0.73337,3
1.0995,-0.96688,1
1.1295,-0.32495,3
1.9605,-3.3116,2
-2.2004,3.3446,3
-1.9757,-2.936,2
2.6307,3.0201,3
5.013,0.91483,2
6.1982,2.4131,3
-0.21978,-0.67283,1
0.46981,-0.21253,2
0.090286,-0.59072,2
-3.4157,1.6841,3
0.22267,1.762,2
0.18184,-0.25241,2
-0.63536,-3.178,2
1.0867,3.2045,1
-4.2098,-3.7278,1
0.26152,0.037312,3
-1.3844,2.7908,1
2.6881,2.8918,3
2.6653,-1.9688,3
-2.1154,-1.9324,2
4.319,-1.5223,2
1.8382,0.69277,3
3.1261,3.2439,1
-2.709,-5.2262,1
-1.8008,0.066449,1
4.6943,0.96615,3
2.7324,1.364,3
-0.31964,2.0945,3
-0.44244,-2.4761,2
-1.2589,1.9576,3
-0.3133,-0.97902,1
-0.074733,0.54479,2
0.45808,-1.9319,3
4.4859,-2.6777,2
2.2306,0.15395,3
1.9767,-3.2764,3
-1.5198,1.1775,1
3.962,0.16172,3
2.6971,-0.7665,3
-2.6893,0.33124,2
3.4552,2.6952,3
-2.584,4.1098,3
0.11629,-0.85569,2
-2.2455,1.5579,2
2.3776,5.147,3
-0.31425,-0.8366,3
-1.8164,0.89872,1
0.15537,-0.84227,1
-0.12688,1.0154,3
3.4641,-0.10476,1
-0.4828,-2.1119,2
-0.73282,-2.7684,2
-1.0635,-1.4719,2
-0.73836,6.3157,3
-0.26833,2.4422,3
6.3708,1.5042,3
-1.9292,-0.37316,3
1.8363,1.4234,2
-2.339,-1.9174,1
-3.7371,-4.0734,2
-0.37053,0.35238,3
1.4839,-1.7914,2
-2.8674,1.8581,3
-1.6729,-0.38048,2
1.885,1.2956,2
0.71136,0.96874,2
-1.3028,0.73749,3
-2.0111,-1.4654,1
-0.76104,0.82667,3
-4.6898,0.2806,1
-0.092978,0.21807,1
-0.30106,1.122,1
0.58057,1.5701,3
-1.2389,-0.83807,1
2.0929,0.031219,1
5.3872,0.0024598,3
1.625,1.6602,3
3.9814,4.6568,3
2.423,1.9683,3
-1.7784,-1.976,2
-1.2064,-0.1641,1
3.6529,5.2043,3
0.59439,-0.41376,3
1.6076,-1.1863,2
1.4577,-4.2056,1
0.8102,2.291,3
2.3797,-2.5687,2
-1.3926,2.6279,3
1.6518,3.0286,3
0.11357,-2.5208,1
1.1131,-1.9999,3
-1.1899,-3.4894,1
-1.029,-1.1841,1
-2.5919,-2.2009,3
5.3501,-1.232,3
1.5465,3.8013,2
-2.5107,-1.7626,3
1.1209,-2.186,1
0.49683,-1.9843,1
-1.5485,-1.0568,1
0.14285,-0.29431,1
2.3977,1.6717,3
0.97372,-1.1535,3
-1.3292,7.4329,3
0.43731,1.0339,1
4.3975,1.8051,2
-0.61688,0.55782,2
-2.7692,1.323,1
-1.1462,-0.93489,2
0.098411,1.0274,3
-1.332,-2.4659,3
3.6625,2.5768,3
-2.6707,-0.73077,3
-0.4944,1.5482,3
1.3878,0.98739,1
-0.91037,-4.6863,2
0.50342,-1.2385,3
-2.328,0.3428,2
-5.1686,-2.8473,1
0.88699,1.7666,2
-0.32378,-3.8854,2
-5.3369,-2.2286,1
-3.8273,4.0466,2
0.12266,-3.0731,3
3.8482,2.3947,3
-0.11453,-0.97399,1
2.3605,-0.87559,2
-1.5377,-2.9703,3
-1.2298,1.941,2
-2.5868,-1.1989,2
1.1903,2.1749,2
-1.7283,-2.0776,2
0.97649,3.0859,3
0.43403,-1.7103,2
0.3678,-1.2906,1
-2.547,-0.93051,1
1.9341,0.035432,2
-2.6737,1.7307,2
1.0974,-1.5734,1
4.5896,0.82686,3
0.4585,2.9469,3
0.50553,-0.41803,1
0.32361,2.3082,2
1.1028,0.94408,2
1.1797,1.9885,3
0.24182,-1.8648,2
2.2516,-4.8149,1
-0.24905,-0.95553,1
-1.2584,0.17812,1
-4.2636,-5.0443,1
1.14,4.0689,2
-1.7534,-0.16357,2
1.6698,-1.1603,3
3.0373,4.8643,2
1.4068,0.2998,2
-4.4015,-2.6108,1
1.3664,-0.65111,2
1.4472,1.9593,2
0.94696,-2.7895,1
1.0873,-4.4191,2
-0.25894,-3.3479,1
0.38204,2.3298,2
2.6912,0.79896,2
2.3752,-0.39049,2
-1.0267,-2.1732,3
1.2968,2.6272,2
1.2007,1.9766,1
-2.0782,-1.9973,3
-0.3488,2.9434,3
-0.73215,2.9031,2
-3.0714,-2.4793,1
4.9436,0.68252,2
-2.7947,-0.38765,1
1.2423,0.36795,1
0.019355,-0.83202,2
-3.4691,-3.8097,1
0.060644,1.443,1
3.9362,-3.0625,2
-1.9499,0.9965,1
-1.4812,1.6159,1
1.4172,-1.2379,1
1.0139,0.028906,1
-1.7504,-0.39244,2
4.123,0.44036,3
3.7978,-0.017003,2
0.29462,0.94719,3
-1.4611,-1.1221,1
-1.6443,-3.1623,2
1.1782,-2.2526,3
-1.838,-3.5206,1
-3.3757,0.21332,1
-0.32594,-1.1632,1
-0.74366,1.3909,2
-1.4524,-5.7299,1
2.635,-0.22959,2
0.90925,-0.4666,3
2.3173,-2.1469,3
3.0164,-0.13611,2
0.18456,-0.92823,1
5.285,0.6653,2
-0.25525,0.71942,1
3.6846,4.5087,3
1.8338,1.0288,3
2.8928,0.121,2
2.2998,1.1431,2
2.2615,-2.8083,1
0.148,-2.645,1
0.97664,-1.6895,1
0.1047,2.5799,1
2.7997,-3.5199,3
2.1645,3.7564,1
1.2344,1.2546,3
0.13611,2.5037,2
0.96556,5.1462,3
4.9225,-1.75,2
2.1832,1.6732,3
-2.3251,0.17522,1
-4.9211,0.45531,1
2.0487,-0.8028,2
-3.6544,-0.48049,1
2.1067,-0.27008,2
0.72063,-4.4135,3
-1.6298,0.18354,1
4.758,-2.8226,3
3.6204,2.6646,2
1.6781,1.4023,3
1.0176,2.2735,2
-0.35878,-2.415,2
-1.7749,-1.8631,1
0.13096,0.59853,1
2.2174,-1.2385,1
-0.24178,1.0048,2
2.8924,-3.1488,3
1.3392,-1.6331,3
-1.3044,-1.6273,1
0.62796,0.39182,2
1.1413,0.1252,2
1.1501,0.59761,1
0.68885,-2.3698,2
2.4592,3.4906,3
-1.9054,-0.29539,3
0.99188,-3.9916,1
2.3103,5.7293,2
-0.33124,3.0716,3
-1.1354,-4.0374,1
-2.5324,0.15365,3
-1.7348,0.8777,3
0.82735,0.55231,3
3.6445,4.5659,3
-1.6012,-2.2473,2
-1.5313,1.3601,3
3.5432,-1.5543,3
1.5554,3.2557,2
-0.36774,-1.9295,1
3.2669,2.2471,3
-1.3328,4.7173,3
-0.30627,1.9179,2
0.19147,1.6816,3
-1.0148,3.0884,3
1.2172,2.0729,1
-1.8427,0.87683,3
2.2777,3.4759,2
3.0635,-2.5936,2
1.4109,-2.2171,1
-3.5347,-0.049275,1
-0.61836,1.9892,2
-0.011292,0.93445,3
2.6861,-3.6976,2
-0.2434,2.2236,1
0.57048,0.21698,3
1.9336,3.2456,3
-0.28184,-1.5232,3
1.5669,1.0471,1
-1.9097,-3.751,1
0.67319,3.9161,3
-1.1101,3.8815,3
1.4224,1.0628,3
-1.7308,1.761,1
-5.3541,-4.034,2
3.7126,-1.6028,1
-1.6065,-1.8511,1
2.2572,2.5379,2
1.8965,2.3808,2
3.9859,2.0147,3
-1.1688,-2.2364,1
2.2664,-1.914,1
-1.2104,-2.0502,2
1.9796,3.7152,3
4.4439,3.0433,2
-1.4255,3.3689,1
1.972,-0.58107,2
1.2128,-1.4298,2
-1.7647,-1.7639,1
4.961,1.3679,1
0.33361,1.678,3
-2.3548,-0.3745,2
1.411,0.99989,3
-0.47185,-2.276,2
4.4063,-0.72732,2
1.3678,2.8723,3
3.9995,0.028462,2
-0.75492,-0.34442,1
4.9961,4.6866,3
4.829,0.78542,3
-1.8196,3.0576,1
1.0908,-1.4659,2
-1.2972,-0.30541,2
0.81274,0.77188,1
-2.0879,-5.0955,1
-3.1634,4.4078,3
2.7112,3.7509,3
-2.2673,-3.1225,1
-1.6924,-5.0027,1
1.7138,-0.67511,2
1.1801,-1.0722,2
-0.30881,0.90908,1
1.1243,0.96387,2
-0.063199,-1.1584,2
2.3329,1.0767,3
1.0122,-1.0782,1
-0.56603,1.4899,2
1.7563,1.8314,3
-2.2004,-2.8192,1
-1.0194,1.6078,3
-3.3942,-3.9676,1
1.7001,2.4715,3
2.7293,1.6147,2
0.50007,-2.7318,1
1.7242,-3.5662,2
0.79785,-1.8237,2
-2.1425,0.46133,3
0.17849,-2.0694,3
-2.2398,-1.8075,1
-2.1444,-0.65768,2
1.5873,-1.4687,3
-3.8989,-0.60683,1
3.2725,0.12998,3
1.6489,5.4115,3
0.90123,0.5845,2
1.4811,-0.80362,3
0.81542,1.0719,3
0.83441,4.232,3
-0.77011,1.6672,2
0.4732,-3.7382,1
3.0644,0.65924,3
2.1776,4.4036,3
-1.2089,-3.9751,3
-5.1615,3.3804,3
0.35995,-1.0056,3
-0.72809,-4.8088,1
-3.8281,-4.5514,1
-1.5808,-1.7067,1
3.333,0.47469,3
-0.98,-6.3329,3
-0.80242,0.58012,3
2.4745,-1.0207,3
1.3921,-1.293,2
-3.4263,-2.6058,1
-4.7793,0.95977,2
-0.45354,0.075521,1
1.748,1.2268,3
2.3249,0.086573,2
0.71706,1.3639,3
-0.26334,-1.2669,2
-0.3696,-1.7313,3
2.3003,-2.4542,3
0.27331,-0.4455,1
0.48254,1.3751,2
0.52191,1.263,3
2.0314,3.492,3
2.161,-4.6765,2
-2.7116,-1.3762,2
1.1798,3.7654,3
1.8795,1.7959,2
-3.6636,-2.1817,1
1.4496,1.5144,3
0.25841,1.4843,1
1.5892,-0.64167,1
-3.4661,-4.5282,1
2.1915,-1.8278,3
-3.0365,1.913,2
-1.8321,-0.44975,1
0.25178,-3.6702,1
-2.7376,0.22119,2
1.0229,0.15509,3
-3.1536,-0.68816,1
-1.5551,-3.8505,3
-2.8588,2.3062,3
-2.9981,-0.21418,2
0.53759,1.6101,3
-1.5881,-1.5233,2
0.72953,2.75,3
1.4757,0.86123,3
-2.1617,-0.89568,1
-2.2188,1.2894,1
0.1051,-6.23,1
1.7362,-1.9113,1
3.5479,0.76595,3
-1.466,-2.6115,1
-2.1436,-2.5428,1
1.6283,3.2285,2
0.49057,0.93454,1
3.9322,-0.19429,3
0.59092,0.91943,1
1.9999,-3.0687,3
-2.956,-2.8615,2
1.2847,-4.5963,2
1.5761,-0.41881,3
-1.9636,0.1521,2
2.1472,2.757,3
0.64226,0.61223,2
1.6027,-0.7095,1
-0.68219,-0.18878,3
-1.2329,0.93623,2
1.7208,0.97004,2
0.71211,-1.5073,1
1.4641,3.2313,3
-2.3496,0.35841,1
-2.0525,-1.9455,1
-1.5427,-3.5747,2
-1.7742,3.2234,1
0.73711,-4.8555,1
1.1213,0.94209,3
0.46508,-0.45843,2
-0.0021238,-2.4623,1
0.67924,-1.5906,1
-3.3506,1.8109,3
4.2823,4.3112,3
-2.2957,0.77665,3
0.8458,-0.89751,1
-1.0825,2.4501,3
-1.0637,2.4859,2
1.5676,0.55526,1
-0.54529,-2.8055,1
-2.8452,-1.0186,3
-2.1431,-1.8095,2
2.9076,2.3025,3
5.0321,1.1437,2
3.9384,2.642,3
-3.7578,-2.6417,3
0.34343,2.3884,1
-0.68025,-0.53407,1
-0.34609,-1.6017,2
1.1919,2.0389,3
0.71129,0.9714,3
-0.78573,0.83478,3
3.8902,-1.5915,1
3,-1.0082,1
-1.0482,-2.0743,1
2.1509,2.5129,3
-1.1325,-3.2712,1
-3.8189,-5.7387,1
-1.9091,-1.6345,2
1.9307,0.72153,2
-0.3024,-2.2201,1
1.6342,3.614,3
-1.2582,1.3784,3
-1.6699,-1.4958,2
-3.6203,1.1154,3
-3.7283,-2.6001,1
-1.4749,-1.5154,1
3.4626,-0.42178,3
-7.4385,-2.1564,2
2.2575,0.63096,3
1.0435,-1.4315,2
-3.4181,-2.1344,2
3.5044,1.175,3
-0.63688,1.2444,1
0.44082,2.1039,3
-1.7179,0.51053,1
-0.05306,-0.33911,1
0.59677,1.1589,3
-1.8347,3.0618,3
-3.5029,3.3379,2
3.1247,1.7703,3
3.3409,0.75906,2
-0.1016,-1.5545,1
-2.7577,-3.1779,1
0.38312,1.0606,3
0.53849,0.060013,1
2.404,-0.00013978,1
-4.2684,1.2536,1
1.6098,-2.5475,3
2.9155,3.2849,2
0.87341,-3.0237,3
3.8231,2.3887,1
-3.075,-4.611,1
3.9198,-1.4342,3
1.5591,0.77355,3
-3.6062,-3.7611,3
3.4478,2.8855,3
-1.0244,2.8315,2
0.87424,-2.5199,2
0.51568,1.5608,2
1.4234,-0.52518,3
0.4948,-0.34879,1
-1.4207,2.4203,3
-1.7029,-1.0461,1
0.027698,2.9547,3
1.7255,-0.99321,3
-0.4316,-1.197,2
0.1762,1.6935,2
4.8573,0.67128,3
2.404,1.3038,2
0.91454,0.4826,2
-7.1043,-3.0992,1
0.49703,-1.9679,3
3.7754,3.5616,2
0.090464,5.0807,3
2.8289,1.0605,3
2.7227,2.1984,3
-0.93514,4.9564,3
1.1493,0.58487,3
-0.13621,-0.054577,1
-0.096465,-1.4442,3
-2.0772,-3.9454,1
-0.29163,7.3997,3
0.88742,3.2204,2
0.31085,0.60328,3
5.1131,-0.77124,3
-0.51697,1.7961,2
0.62714,-0.072547,3
0.63615,1.9203,3
1.5897,4.3879,3
-1.1211,0.37235,2
-0.33208,4.0465,2
4.9574,3.4037,3
1.5451,-0.13617,2
-1.5846,1.5508,3
0.48273,3.076,3
1.8114,-1.0379,3
2.3755,1.0479,2
-0.53513,1.1743,3
-0.3854,1.4515,3
-1.5691,-1.5979,2
-1.251,1.2385,2
0.40418,1.8129,3
-0.40688,1.2926,3
2.2961,-1.4138,3
1.618,-4.2906,1
0.6876,-1.0771,3
-3.1146,-3.2247,1
-2.9615,0.74501,3
2.8477,-0.064759,3
0.65853,3.3829,3
1.7292,-1.1446,3
4.6885,1.3714,3
-6.5988,-0.43934,2
2.4154,2.4522,3
-1.9718,1.9228,3
-0.25614,-2.1723,1
-0.86021,5.0122,2
0.35904,-2.5183,1
-0.60617,-3.5355,3
-2.6346,2.4837,1
2.2645,-0.77845,1
-2.3493,-2.5694,1
1.0574,-2.7746,1
-0.74526,-1.4647,2
-5.2993,-2.8059,2
4.2035,1.0598,2
-3.9923,-0.99407,1
1.972,6.9469,3
1.5746,0.092423,3
-1.4003,-5.7923,1
-4.29,-2.6213,1
-1.8275,1.9626,2
-2.3702,-0.68611,2
-1.152,-3.1775,1
1.3568,3.4649,3
1.7496,0.36031,2
-3.8537,-2.445,3
1.2267,-0.30294,3
1.77,1.3989,3
1.3662,0.61054,3
1.3973,-3.9922,1
-4.2103,-2.8251,3
4.4394,1.0529,3
-0.53036,-7.5784,2
2.7068,1.7766,1
0.60494,-1.0933,1
2.8003,-1.4229,2
-2.1341,0.92433,3
-3.0914,-3.9139,2
1.6989,0.80216,3
0.90427,-0.35902,3
-1.5298,-0.613,2
0.41902,2.8191,2
5.3288,-2.3494,3
2.7769,-0.94884,1
2.2932,1.5258,3
-2.0023,-0.43602,2
0.53398,-0.19475,1
3.7281,0.80375,2
-3.1251,-2.8031,1
2.3531,0.75505,3
-1.5087,-0.36721,1
-4.0159,-6.0132,1
-0.33611,0.73772,3
2.5594,0.34325,3
-2.8765,1.9774,1
-0.42386,2.2048,3
0.46853,-0.93293,3
2.1539,3.9142,3
-6.0332,-4.5526,2
3.4352,4.8299,2
-3.6317,-1.1775,1
-0.34468,1.0801,1
-0.53129,1.3578,2
3.2917,3.7035,2
-2.4042,-0.53845,1
0.70999,-1.1903,2
0.40451,2.8451,2
3.0752,1.8966,2
3.2035,0.79979,3
1.6992,0.28126,3
0.32635,0.97634,1
-0.1764,-4.0349,1
-1.5087,2.0291,3
0.99215,0.43355,1
2.4889,7.461,3
-1.0611,-2.0563,2
-1.659,-1.4776,1
-2.0117,-1.3438,1
-2.7665,-1.7104,1
-4.1451,-1.4778,1
-2.5149,-0.77096,2
-4.5045,-1.1806,2
3.786,-0.57134,3
-0.76611,0.59603,1
-0.065023,-1.2099,2
-2.2995,-3.9561,2
-1.1026,-1.3311,3
1.3901,0.47386,1
-3.1936,-3.255,1
0.90219,2.5796,3
-1.7115,-4.7611,2
-4.0715,-3.7715,2
0.96959,-0.51019,3
1.7677,0.51891,3
1.4442,4.1111,1
-0.5987,-3.0787,1
-2.1391,-1.6683,1
-2.0315,0.30743,1
-1.4857,0.60728,2
0.33784,-3.0905,2
1.9654,-2.2803,3
-1.878,-2.3883,1
-0.3418,-1.8216,2
1.3418,-4.7699,1
1.5027,1.0732,3
-0.17083,2.7238,1
-0.22931,-3.8882,1
-2.5789,2.3384,3
-1.7008,-4.641,1
-2.2469,-3.3351,1
2.6332,2.3008,2
1.2243,-0.69912,1
1.2573,4.6171,3
-1.2401,-2.8622,2
0.90838,3.0074,3
3.0189,2.4895,3
3.7908,0.70887,3
-0.00090521,1.5011,3
-1.7578,-0.71564,1
2.605,1.4237,3
3.509,-2.5841,1
0.68673,-0.30046,1
2.9653,0.63202,3
-4.6512,2.6887,2
-0.6283,3.6738,3
-3.5274,-1.8491,3
-1.2834,-1.1974,3
-3.2945,1.8481,3
2.2474,2.4616,3
1.6971,-0.24748,1
-1.9797,1.155,3
-2.1778,-4.5498,1
-1.035,1.2145,1
-2.489,-3.1076,1
0.14854,-0.30849,2
-0.52814,2.2824,3
2.9569,2.2785,3
-0.23298,-2.995,2
-3.0083,-1.7385,1
4.0372,3.4355,2
1.3566,-3.3913,1
-2.0463,3.6245,1
2.0769,-2.9114,3
2.8859,-2.1103,2
1.3558,-0.16138,3
