-2.1298,-3.584,1
4.5257,0.7021,3
-0.57343,1.4945,3
-0.77362,1.4536,2
-0.37482,-2.1992,3
-1.151,-1.9236,1
2.4235,3.457,3
-0.016626,3.1293,3
1.1885,3.901,3
-2.7411,0.95515,3
-3.7514,-3.8849,3
-1.6447,-2.5669,3
2.3456,-0.83433,3
1.1046,0.41497,3
0.39052,-0.27437,3
-0.99429,1.746,3
1.5971,4.9644,3
2.8555,1.3072,3
3.2493,3.0444,3
3.3042,2.3156,3
0.92055,2.7119,3
-0.024199,-2.6393,3
-0.54144,3.3237,3
1.9198,0.77394,3
-2.4855,-1.8097,3
6.4903,0.64566,3
1.1027,1.0223,3
-0.9794,-2.7727,3
0.23094,-1.2947,3
-1.0286,0.58574,3
0.50002,0.0062204,3
3.2749,0.69122,3
3.8238,0.18539,1
1.9166,1.8427,3
-1.1119,-1.3322,2
2.794,2.4569,3
0.066131,0.62026,3
-0.84208,-1.9446,3
4.4079,0.94879,3
-2.4322,-3.1834,2
-3.0946,-0.80867,1
-1.0055,1.5387,1
-0.028356,1.0352,3
-5.0483,-0.89134,3
-1.0494,-2.4924,3
1.2875,2.0388,3
-2.4613,-2.3166,3
3.563,-2.2104,3
-1.5446,3.6738,3
1.5191,3.4096,3
-0.63747,2.2342,3
2.286,3.2273,3
6.0354,1.1108,3
3.1902,0.34639,3
-0.68033,-1.1209,3
4.9068,1.7516,3
0.36539,-4.6431,3
3.8331,-0.95351,2
1.0148,-0.064438,3
0.77208,3.1338,3
2.237,2.1426,3
2.7533,4.5417,3
-0.32657,1.2385,1
0.29746,-0.37254,3
1.1194,0.091999,3
0.44829,3.8759,3
1.0468,2.9027,3
-1.7433,3.0183,3
2.5385,3.8275,3
5.565,3.3355,3
-1.3978,1.2142,3
-3.0763,-0.29411,3
2.3295,0.58655,3
0.55664,1.623,3
2.2134,0.20479,3
-0.17601,1.3742,3
0.68445,2.4422,3
2.6554,3.4423,3
-0.50992,0.59407,3
1.2069,1.7747,3
3.0955,2.3569,2
3.7855,-0.13714,3
-1.6621,-3.9013,3
-0.81069,2.8421,3
3.1034,1.5312,3
2.1622,2.3909,3
-0.13399,-0.9663,3
-5.1635,2.9266,3
2.4131,5.5392,3
0.56611,-1.0485,2
3.8974,1.4743,3
-3.7868,-1.0554,3
1.5601,-3.6603,2
0.27441,-0.58658,3
3.4719,1.9402,3
-1.3139,0.32916,3
0.65201,0.6593,3
-0.67959,0.18752,3
0.57677,3.6568,3
4.9061,2.0384,3
2.7128,-0.12025,3
-0.66178,0.023581,3
-0.49558,1.575,3
2.4526,-1.2265,3
-0.371,2.9852,3
0.51756,1.5759,3
-0.39093,0.57511,1
-1.6881,-3.6104,2
2.4723,0.82626,3
0.16169,4.2645,3
1.2925,0.043557,3
1.6691,-4.0528,3
3.9232,1.1304,3
1.8754,-0.40902,3
-0.91129,1.1732,3
0.065021,0.18285,2
2.515,1.5256,3
-2.61,0.91619,1
0.03961,-1.5097,3
1.6346,-1.3877,3
0.74984,-0.31196,3
3.5396,1.9594,3
0.22786,4.0264,3
2.9616,4.8923,3
1.6078,-1.4131,3
0.6582,4.3189,3
0.19619,1.2984,3
-0.26568,1.9653,3
2.7765,-0.14189,3
-1.3736,1.6147,3
0.95053,-2.1351,3
-0.26959,0.17014,3
3.3981,0.65146,3
-0.65098,-0.88374,3
3.3726,5.3243,3
-1.2809,-0.34671,3
3.2397,-0.78066,3
2.1329,-0.21198,3
-1.8021,-3.2663,1
-2.4703,0.34679,2
-4.3154,-3.1871,1
-2.0672,-2.4806,3
1.1955,1.9554,3
1.5247,0.58681,3
2.0071,5.0524,3
2.6293,3.0982,3
1.9521,-1.0065,3
-0.35566,-1.2976,2
-0.18719,0.34729,3
1.1391,-0.51372,3
-0.62696,-1.4768,3
3.9441,0.40643,3
2.4588,-0.045964,3
2.7831,2.5122,3
1.5261,2.0674,3
0.96197,-0.18451,3
0.96113,0.73834,3
3.1277,2.2067,3
1.9116,1.355,3
-0.94279,-3.3746,2
2.7174,3.8084,3
-1.6681,-3.6416,3
-0.28337,-0.1576,3
1.726,2.7888,3
-0.0045137,5.5931,3
5.3775,1.2339,3
-2.8562,-3.7587,3
2.4588,3.0695,3
4.0646,3.646,3
1.6943,-1.62,3
-3.0155,-3.1406,2
0.036672,0.62006,3
-1.269,4.2364,3
1.2571,1.7478,3
0.52485,1.6673,3
2.1025,-1.6628,3
-0.94686,-3.9886,3
1.5125,-0.11603,3
0.96063,4.3086,3
0.14028,0.010242,3
-1.9287,0.7317,2
-0.69341,-2.3318,1
4.0162,1.2127,3
2.637,6.8519,3
2.6063,-2.0502,3
-0.98665,1.1753,3
2.0765,0.2346,3
0.12431,-1.6232,1
1.8559,-0.38552,1
-2.2183,-2.1039,3
1.5903,0.090013,3
-3.2814,-1.894,3
3.1781,6.7036,3
-0.056344,3.7638,3
2.2281,-3.5133,3
3.1832,-3.5443,3
1.7256,3.7673,3
1.5228,0.17056,3
-2.6316,0.18978,3
1.6215,2.1801,3
2.011,-0.23921,3
1.4012,1.5952,3
-1.6171,1.197,2
-0.91562,-2.0115,3
-0.49535,3.331,2
3.4402,-2.8372,3
1.3699,-0.82718,3
0.99745,1.1233,3
2.2549,0.31465,3
2.2676,-0.31158,3
4.3463,0.4354,3
-1.1498,-2.5956,3
3.3331,-0.22591,3
2.3724,-0.56406,3
0.39127,2.9671,3
-1.5843,0.13442,3
-1.6775,-0.96771,1
1.8782,0.034159,3
1.0208,-0.94784,3
-1.5236,3.0793,3
-5.4168,3.1152,2
-0.70938,3.9655,3
2.9989,0.13304,2
-0.012468,2.145,1
2.2211,2.0393,3
0.48801,2.9436,3
-4.1503,-3.194,3
1.0114,-1.9971,1
3.6635,0.88653,3
1.3922,-2.4254,3
-1.0056,-1.6276,3
1.9111,-0.39563,3
-0.63095,-0.70233,2
1.4148,1.4743,2
0.87943,1.1539,3
1.3627,4.124,3
0.88034,-0.16701,3
2.1928,4.4631,3
-1.1907,2.9256,3
-2.4035,0.52364,3
3.7448,-0.68144,3
1.5308,-1.3002,3
-0.46577,0.55246,3
2.1526,-2.2577,3
3.6432,-0.068167,3
2.2287,2.0055,3
1.6487,3.5146,3
4.9381,4.0262,3
4.4926,-0.55021,3
0.092799,1.1682,3
0.3456,-1.0682,3
1.1248,1.4482,3
4.9395,-2.5031,3
4.0821,-2.2247,3
2.927,1.7097,3
1.0914,0.5603,3
0.79083,3.1015,3
3.5333,-0.13143,3
6.4657,1.808,3
2.0452,-1.2469,1
-2.7438,-0.73171,3
-1.1433,1.2224,3
1.8966,-0.31627,3
-3.8977,2.596,3
-4.3843,-1.1792,3
1.893,2.0419,3
0.51734,0.21625,3
3.5807,-0.28711,1
4.1354,3.5235,3
2.0571,-4.0333,3
2.9476,1.286,3
1.4024,-1.8776,3
3.0561,1.085,3
3.0622,2.975,3
1.0261,0.26966,3
-0.933,-1.4867,1
0.75438,0.1453,3
-2.6561,-4.1071,2
1.291,0.91409,3
2.4729,2.6072,2
0.10372,0.89639,3
-0.042973,1.0361,2
-1.9494,-0.49038,3
-1.003,0.8472,1
1.1007,0.84041,1
0.00019346,-0.78976,3
3.1384,-1.7588,3
1.1896,3.618,3
0.25121,-2.3598,1
4.6325,4.0191,3
2.4444,-0.67761,3
1.3104,-1.1127,3
1.0474,0.48363,3
-1.5439,-0.10642,1
3.3699,2.2106,3
1.9553,-3.3282,3
2.3183,0.64517,3
-2.5273,1.7073,3
-0.069565,-0.61857,2
-2.0326,-0.96523,3
5.595,1.1951,3
-3.9091,1.1658,2
1.0052,2.1232,3
1.6507,2.7195,3
-1.8414,1.2044,3
-1.3558,3.3991,3
2.2359,3.0309,3
-1.9637,1.0435,3
-2.205,2.1311,3
-0.045059,0.061907,3
1.6915,-1.9699,3
2.9064,-1.0341,3
0.31689,-0.84663,3
1.213,-0.093513,3
-0.11769,-3.899,3
1.6685,0.14536,3
3.1979,3.4626,3
1.5594,2.1629,3
3.8409,0.60874,2
0.36546,1.9414,3
-1.4341,3.9347,3
3.1422,1.234,3
3.9506,1.836,3
-3.2318,0.87618,3
1.5077,1.9398,3
-1.5558,1.0106,3
-4.0635,-1.2754,1
-2.208,1.949,3
-4.6201,-1.1465,2
0.63057,-3.2802,3
-0.34924,1.1516,3
5.1964,2.5838,3
-1.5194,0.50421,3
0.36359,1.6964,2
1.9418,-1.7767,3
-0.36438,-0.066999,3
1.3036,-0.070583,3
0.39328,-1.2955,3
-1.3945,-0.64212,3
-2.866,3.104,1
1.647,-2.0999,3
0.27377,2.7557,3
-2.9913,-1.8462,3
4.5462,2.3759,3
2.1814,-0.83535,3
1.8826,-0.78033,3
3.546,1.4789,2
0.40776,4.5094,3
1.9426,-2.6236,3
3.3926,2.7899,3
3.0452,-0.11952,3
0.29725,-1.4543,3
2.8863,1.1785,3
-0.47141,4.9264,3
0.11299,-0.22441,2
-1.5748,1.4491,2
3.593,0.9003,3
3.0074,3.2284,3
0.32161,2.3929,3
-1.4966,1.8747,3
-3.3137,-2.8128,1
-0.50175,3.5661,3
4.0391,3.5144,3
2.8315,1.775,2
-2.8157,-1.8041,3
-1.1462,-1.8561,3
-0.040732,3.2017,3
-2.7402,-1.1267,3
2.1612,3.2211,3
2.8074,1.9017,3
3.584,-0.86922,3
6.0058,3.5418,3
0.73983,1.9067,3
-1.2102,0.13903,3
1.6216,3.1462,3
-0.34983,1.3168,3
-0.52433,1.4546,3
-2.087,-0.479,3
-0.79982,0.80913,3
-0.15761,1.2618,2
-2.6992,2.202,1
0.077299,0.76277,3
1.4589,2.75,3
-0.8267,2.3332,3
1.6031,-3.7884,3
5.9461,0.91856,3
4.6778,3.6928,3
1.4375,-3.4439,3
-2.8587,-1.2373,3
0.48466,1.7461,3
0.46571,-1.6558,3
1.8023,0.38317,3
-0.68889,-1.9704,3
0.29965,4.4578,3
3.3156,1.2416,3
-1.1224,0.18905,3
-1.4137,1.3015,3
2.0505,3.1469,3
-0.39571,0.021366,3
2.6116,3.232,3
2.3074,3.8949,3
2.6172,-0.952,3
0.82783,-5.9717,3
3.3868,-2.0358,3
2.5905,-1.4672,3
2.6944,1.6758,3
2.406,0.35356,1
-1.7712,0.67523,3
1.5445,1.5486,3
-0.71313,2.0288,3
-0.093111,2.4026,3
-1.372,-0.97715,3
2.457,4.3529,3
1.9708,-0.017569,3
0.33673,1.453,3
0.25184,2.46,3
0.33109,2.6778,2
0.32557,1.0436,3
1.0059,5.3707,3
-3.6381,-0.35783,3
-0.84359,-0.71852,3
-2.6818,2.913,2
1.3147,3.2313,2
-1.9208,0.69377,3
-4.1575,-3.4216,2
2.4501,-0.12153,3
-0.61862,1.0797,3
2.3319,-1.7162,3
-0.47335,-0.76716,2
-1.346,-2.0064,3
-2.651,-1.2241,2
-0.20827,-2.1769,2
3.8764,-1.0924,3
0.75489,-0.42466,1
0.97061,0.029603,3
-1.3063,-1.612,3
-3.0193,-0.097535,3
-1.1928,-3.6818,3
0.46786,0.26454,3
1.593,-1.8322,2
0.018394,4.1007,3
2.6243,-0.74534,3
0.80103,-0.31504,3
1.7828,1.3256,3
4.3782,2.6395,3
-0.68019,-4.4404,1
0.90793,0.38176,3
3.9499,1.4014,2
1.7573,-0.5655,3
-1.1635,-0.75375,3
-1.911,1.992,3
-2.3784,0.51229,3
-1.8928,4.0451,3
-0.89225,2.0067,3
-2.3431,3.6001,3
1.9265,-1.1348,3
5.3244,-1.128,3
-0.0073553,2.397,3
0.49521,3.1564,3
-0.5637,-2.057,3
2.1436,1.1205,3
1.8843,0.44188,3
0.92189,-1.1897,3
3.4374,1.7719,3
0.42571,1.3537,2
2.0896,2.5841,3
3.4568,2.1715,3
-0.74685,-1.3816,3
0.90582,2.7061,3
1.1199,3.0309,3
-3.7557,0.584,1
0.096402,0.62479,3
2.8105,0.3666,3
2.5205,3.627,3
0.33902,1.7081,3
3.9061,4.5518,3
-1.3582,0.99258,3
0.32528,1.4842,3
-0.5142,-0.91938,3
-0.32882,-0.26994,3
2.3343,1.242,3
2.2625,-0.9351,3
0.60152,3.1496,3
2.9229,0.11637,3
-2.3858,-1.0537,3
-4.5333,-0.26633,1
0.27202,-1.4416,3
-0.10812,-0.86523,3
1.2279,4.1001,3
-0.77477,-0.83942,3
5.0217,7.0549,3
0.22677,2.2636,3
0.78376,-0.7946,3
3.8219,1.4508,3
2.7022,0.40777,3
2.1897,0.32322,3
-4.0215,-1.6518,3
0.64898,0.64698,3
0.78664,-1.4132,3
0.77746,-2.6913,3
5.0153,-4.0372,3
0.15822,0.070256,3
0.20407,2.1422,3
2.1012,2.7928,3
2.6445,0.50755,3
1.9635,-1.4689,3
-1.1721,0.86771,3
2.6482,-0.42949,2
0.46308,0.49693,3
0.49566,0.43901,3
0.17931,4.086,3
-0.99655,-1.4985,3
-1.6103,-2.7709,2
2.4391,-2.4881,3
3.8134,-2.2451,2
1.6628,2.2348,3
2.3977,-0.2596,3
-0.60428,-0.43169,3
-2.4789,-0.47652,1
2.0899,2.6258,3
-0.315,3.3008,2
-0.97324,1.3252,2
0.61202,-0.44107,3
1.4939,5.8791,3
2.2187,4.7852,3
-4.429,3.5454,3
-0.86415,0.24412,3
-0.040091,1.2179,3
-2.9414,0.23648,3
-0.54717,-3.4121,3
0.43833,0.86252,2
0.59884,1.3348,3
1.8811,-0.039809,3
-0.37477,0.51186,3
-2.2691,0.65126,2
5.0812,-0.7465,2
1.6026,-0.73401,3
-0.2961,-5.6604,3
5.9777,2.0324,3
0.37222,3.3884,3
-0.46098,-2.4188,3
0.97205,-3.3914,3
-0.59249,3.4987,3
0.26615,-1.5102,3
-3.133,1.2774,3
3.6338,1.8309,3
5.0679,-2.1041,1
1.7666,2.1598,3
3.6105,-1.2153,3
-0.28656,-0.49719,3
3.5597,-1.4344,3
0.74397,2.9277,3
-2.9237,1.402,3
1.5645,1.9748,3
-0.97198,-2.3675,3
1.7261,0.44254,3
1.0499,3.2429,3
-1.4014,-1.4087,3
0.51626,-0.75204,2
-3.7353,-2.3772,2
5.4137,1.6861,3
0.26324,-5.6848,2
-3.7812,-1.1184,2
1.5823,6.6133,3
5.1124,-1.7407,3
-2.0779,0.12631,3
-0.24855,1.636,3
-3.885,1.3288,3
1.6379,2.2251,3
2.6899,-2.0802,3
0.18764,0.1922,3
-2.8243,0.7223,3
2.7648,-3.3424,2
-0.034909,3.5581,3
-1.8579,2.6962,3
0.22724,4.1284,3
3.7191,2.0014,3
3.4761,-0.58495,3
-2.5067,-0.87893,3
-0.18884,-0.19432,2
-0.38835,1.5898,3
-0.36087,-0.70545,3
-0.59913,-1.6838,3
0.91996,2.2144,3
0.24218,2.1029,3
4.7128,0.77785,3
-0.62292,2.1123,3
1.9231,2.9582,3
-1.0063,-0.59034,3
0.56998,0.26045,3
-1.3965,5.0629,3
0.31013,2.4709,3
2.4568,-1.2095,2
-0.61748,-1.7527,3
-1.6846,-1.0633,1
4.0781,1.1373,3
-1.278,0.53235,3
2.0766,3.6108,3
2.8836,-0.60047,3
4.2606,0.21417,3
2.1431,2.6127,3
-0.28268,0.12579,3
-1.7774,-3.446,3
0.90853,1.9388,3
2.9143,-0.061491,3
1.1315,0.63741,3
-1.0759,-1.4167,3
-0.058828,1.5865,3
3.4435,1.6407,3
-0.74431,3.9652,3
-1.8131,-0.099776,2
3.5231,5.3653,3
0.79825,-0.28822,3
0.60115,-0.9001,3
6.7362,1.9354,3
3.1447,0.0039391,3
0.16404,3.7407,3
-1.1631,-0.41328,3
-2.2675,-1.6222,1
1.9333,3.2961,3
0.952,1.9419,3
-1.9248,0.38434,3
1.1733,-3.9691,3
0.87367,0.58982,3
-1.058,-0.68666,3
1.2837,0.2238,3
3.1141,1.8401,3
4.8567,2.0312,3
0.98298,0.97361,3
1.0039,-1.8043,2
2.1185,0.7128,3
-2.6054,3.339,3
0.47638,4.2657,2
-0.024162,2.0399,3
-2.2208,-0.088427,3
-1.3693,0.064488,3
2.92,-1.3594,3
1.3278,1.7533,3
0.28087,-0.33076,3
-0.72207,-2.4164,3
2.4492,4.3028,3
2.3774,-0.5897,3
5.1059,3.0366,3
1.5223,3.2943,3
2.3539,-1.8953,3
1.9119,6.0417,3
0.45778,1.2783,3
-0.62261,5.1052,3
3.3941,-3.3164,3
0.29996,-0.63451,3
4.0058,0.065349,3
0.91749,0.57536,3
0.39787,0.39931,1
2.6543,2.4764,2
-1.014,0.69949,3
2.4527,0.52751,3
-2.7393,-2.804,2
2.0184,5.4677,3
3.5316,0.76289,3
-2.1746,3.0387,3
0.15644,3.7721,3
3.0626,2.8968,3
3.1155,5.1404,3
3.0921,5.165,3
1.1451,2.8499,3
5.6425,3.6766,3
0.12352,0.31538,3
-1.0459,1.6698,3
-0.531,0.45764,3
-2.3909,-1.6123,2
3.7439,2.4336,3
2.8026,2.7278,3
1.4807,4.6386,3
1.4201,-1.086,3
-1.1001,2.4002,3
3.3231,2.2769,3
-4.1149,2.1164,2
3.0849,2.7342,3
1.2575,1.6532,3
1.0332,0.42728,3
4.4999,-0.3771,3
4.3501,3.9527,3
3.4965,5.049,3
0.62623,-0.41244,3
-2.1026,-0.12772,2
1.9092,5.2408,3
-2.057,1.592,3
-1.8724,-2.7863,3
1.5432,0.104,3
1.4068,5.7825,3
0.082456,-0.83543,2
-2.9633,0.8537,3
0.034125,-2.2576,3
-3.4435,2.6577,3
-0.95648,3.0314,3
1.3539,1.713,3
4.1291,3.1144,3
-2.1435,0.70005,3
-1.7281,0.43018,3
-1.2236,-3.7067,1
1.61,0.32707,3
1.6825,3.8729,3
1.9395,-0.13376,3
0.12456,-4.0897,3
-2.6741,-0.080313,3
-0.49673,5.8806,3
5.8182,2.041,3
-3.9359,0.46905,3
0.44683,3.2249,3
-0.13479,1.0597,3
1.2641,1.0003,3
1.2202,2.3284,2
0.0040198,1.3861,3
-1.9026,-0.97006,2
0.75782,4.8333,3
0.05255,-0.95765,3
6.4686,1.2144,3
1.185,-0.87586,3
-6.5604,1.9392,3
7.6221,5.8392,3
1.9465,2.9592,3
6.2096,3.1015,2
-2.8366,-2.6645,1
0.74005,0.88292,3
1.533,1.6873,3
2.3077,-1.7906,3
1.8277,3.4747,3
5.0546,0.70003,3
-0.99517,-0.4297,2
-3.2694,-0.675,2
0.60754,-1.5632,3
0.6496,-2.712,3
1.1058,1.3958,3
-0.19876,2.5623,3
-0.4089,4.1197,3
3.8413,-2.9175,3
-2.7846,-2.4532,3
1.8878,-0.40377,3
0.73721,3.7352,3
-0.04183,-1.462,3
-2.3484,-2.586,3
1.112,1.1983,3
2.7695,-0.070599,3
-2.2753,2.9031,2
1.5499,-1.7086,3
1.8309,1.3829,3
3.3632,1.1959,3
4.9112,3.6487,3
0.6116,-2.8437,1
-0.57465,0.030169,3
1.7559,-1.7239,3
1.3991,-2.4641,3
3.4997,0.27273,3
0.1314,2.93,3
0.22115,-1.1197,3
-0.069753,-0.21848,3
-0.84727,-2.0261,3
0.46093,4.1972,3
1.1417,2.7035,3
-1.1482,-4.6858,2
0.99666,2.1303,2
-1.3973,-1.2672,3
2.4691,1.4227,3
-0.04099,1.0553,2
1.6738,0.34281,3
2.2357,-4.6192,2
2.458,4.4495,3
7.0755,4.2091,3
1.0763,2.3591,3
3.5269,-0.72732,3
2.0705,2.8816,3
-0.75304,-2.2527,3
1.0488,2.0841,3
1.141,2.7567,3
-0.37193,-1.9808,3
1.1441,4.0243,3
-0.18268,-0.57714,2
-1.8193,-0.071533,1
0.34833,1.8867,3
2.9731,5.9344,3
3.978,3.3406,3
1.3053,-3.6705,3
1.6912,4.5054,3
2.1397,3.1154,3
3.1725,0.37308,3
1.8539,0.24056,3
-0.78456,1.0082,3
2.1418,3.463,3
-0.80624,-0.38858,2
2.8311,1.2572,3
-0.92502,0.71335,3
-0.30222,-1.8265,3
-2.1226,0.049597,3
3.7633,4.8252,3
0.38181,-1.7581,3
1.3671,0.21615,3
0.49706,-0.82759,3
3.1806,-4.8437,3
0.85285,2.3474,3
-0.12216,0.34958,3
0.014845,5.003,3
-1.5157,2.9092,3
2.1261,1.2151,3
2.9134,3.3575,3
2.1069,-1.5548,3
2.0076,2.0176,3
3.9626,-1.6879,3
0.55421,0.040448,3
-1.7918,-0.3762,3
-0.21686,-0.26945,3
-1.7787,2.2664,3
1.5197,0.10281,3
2.8415,0.47221,3
1.1207,-1.0735,3
1.0229,1.1567,2
-4.0186,0.42073,1
0.6231,2.9456,3
-0.0091579,-0.61148,3
-2.6507,-2.8834,3
-2.6919,3.4963,3
-0.29744,3.4257,3
4.9834,0.0083266,3
-1.5944,0.40739,3
1.6958,4.2849,3
2.6399,1.1485,3
3.8808,-0.1231,3
-0.44875,-4.9007,3
1.3935,-2.0094,3
-7.224,-4.0082,1
9.2241,-0.76381,3
-2.8285,-3.3005,3
4.1539,0.48564,3
0.057515,-0.99496,3
-0.05694,2.9162,3
-2.3114,0.71411,3
1.5846,-1.8185,3
2.9055,-1.2845,3
-1.0337,1.9416,3
3.6519,1.2591,3
1.9682,1.3673,3
-0.10777,1.1309,3
1.2945,3.3791,3
0.93951,2.7331,3
-1.8584,0.64177,3
4.5917,4.1263,3
2.4442,-1.1226,3
4.4073,1.008,3
-0.2056,0.99868,2
3.1294,-0.33859,3
6.7204,3.3685,3
1.9276,1.6723,3
1.3763,3.8132,3
0.093854,2.8842,3
1.0224,2.4067,3
4.9645,4.4292,3
-0.47624,0.86952,3
0.87904,-0.32577,3
3.1987,2.362,3
0.737,-2.7741,3
1.6477,1.4486,3
4.7528,1.5287,3
1.0725,-0.32898,3
1.5629,2.5172,3
-1.2529,1.2825,3
2.103,5.7785,3
0.67062,2.6938,3
-1.2349,3.0148,3
1.2097,3.9811,3
2.1686,-0.9493,3
3.5345,4.1255,3
1.0374,2.5569,3
1.2461,3.5417,3
-2.2142,-1.0625,3
3.1951,-1.7856,3
1.8904,-0.59604,3
1.7669,-1.7292,3
-0.017178,-0.98464,2
-1.009,-0.35117,3
-3.815,-6.133,3
-0.14811,3.252,3
0.296,2.5298,3
-3.9691,2.9342,3
4.4489,3.4377,3
-0.32368,0.64916,3
2.7394,-2.656,3
-3.661,-2.1058,1
-3.7884,0.32939,3
-3.1229,1.4395,3
5.7344,1.341,3
-0.38592,2.8691,3
0.43657,4.4051,3
3.1019,7.2699,3
1.8528,-1.532,3
2.6938,1.5773,3
1.2283,-0.21222,3
-1.2643,2.9963,3
1.7959,2.0598,3
3.6443,2.9821,3
2.4287,-1.0294,3
1.6216,0.77817,3
-1.117,-1.4648,3
2.7305,3.7857,3
4.5644,1.5656,3
1.8015,4.401,3
1.8927,1.1451,3
-1.6636,2.4329,2
0.38955,0.20433,2
3.7511,3.7152,3
-0.54049,0.026507,3
-0.18759,3.4812,2
-2.3931,0.18758,3
-0.18384,1.19,3
-4.0524,-4.5666,3
-2.7028,-4.0772,1
-0.095245,-0.058538,3
-1.1336,-2.4907,3
3.2918,-1.9969,3
-3.8821,5.0033,3
2.0493,0.13435,3
1.3079,2.7451,3
0.18644,-1.5893,3
1.1109,0.73167,2
-2.1928,2.0642,3
0.089861,-0.51087,3
-0.34467,1.9603,2
3.0873,5.0757,3
5.9145,1.8513,3
3.2843,1.9719,3
-1.3695,-1.5431,3
1.8821,0.7881,3
1.2751,1.1982,3
2.0986,1.1504,3
3.496,3.8883,3
1.278,1.1143,3
3.7956,1.0152,3
3.4797,5.7256,3
2.5051,-3.737,1
2.1227,1.146,1
4.7912,4.1101,3
3.2565,-1.7621,3
1.452,-0.43581,3
-0.82734,0.30109,3
-0.54437,3.2737,3
0.56725,0.025741,3
-0.15808,3.8899,3
3.3967,1.3012,3
0.86833,1.659,3
0.28571,0.039645,3
0.79491,-1.0768,3
2.078,1.2436,3
2.5292,-1.2183,3
2.4972,0.8634,2
3.2324,-3.3542,3
5.6122,3.6751,3
3.7261,5.6311,3
-0.02502,3.0202,3
1.9822,2.2507,3
0.083474,-2.282,3
1.1474,-0.49739,3
2.3928,1.7342,2
1.218,1.0406,3
2.1723,2.737,3
-0.95658,5.6185,3
0.85315,3.7857,3
6.8374,4.7115,3
0.10038,-0.0449,3
2.6478,1.0514,3
4.3815,-2.771,3
-1.5987,-0.18257,3
2.182,1.7097,3
1.1915,1.1928,3
-4.223,2.8066,2
2.1931,0.0053154,3
-1.9429,0.89884,2
0.72133,-3.56,2
3.1523,-0.88869,3
-3.7173,-7.102,1
3.3423,0.1318,3
-0.94673,-2.0773,3
1.2365,2.1566,3
1.2068,0.23692,3
4.289,2.4679,3
-1.4435,-1.2944,1
-0.80068,0.87789,3
2.2605,3.1909,1
-1.2882,-1.2518,2
-0.13751,1.3433,3
-2.1683,1.004,3
-0.75849,4.4388,3
-1.0896,2.3215,3
4.5731,0.30013,3
1.6361,0.58123,3
5.0087,0.074301,3
5.0242,3.465,3
-1.4548,2.1286,3
-0.35328,1.8659,3
3.8437,2.9272,3
-0.41751,0.51375,3
0.45734,2.2558,3
-0.44577,3.3214,3
1.4112,0.55223,3
3.9212,1.6381,3
2.1352,1.4868,3
0.35136,-1.2037,3
0.27512,0.66835,3
2.7779,-0.31344,3
0.7531,-2.5588,3
2.2366,1.5493,3
3.6007,0.022377,3
-0.13889,2.537,3
-2.0207,0.010528,3
-0.17656,-1.4404,3
1.6608,0.6636,3
-0.51028,0.13732,3
1.7459,2.4073,3
-0.16133,-0.72969,3
-1.2668,0.95299,3
2.1077,2.3046,3
-2.071,0.60006,3
1.2206,4.1892,2
5.6838,3.0162,3
-2.049,0.23701,2
-1.5077,-0.75865,3
-0.74348,1.7555,3
2.3573,0.69023,3
2.9613,3.0123,3
3.6964,6.6561,2
1.3637,-3.4178,3
-1.7818,5.3985,3
-1.4452,4.7697,3
-0.31066,2.8452,3
2.6672,1.295,3
1.1362,0.81953,3
2.691,-2.1049,3
6.3373,-0.62205,3
4.5594,1.4404,3
0.71181,2.1571,3
5.0359,2.1381,3
0.36138,2.2852,3
3.1118,1.1252,3
-4.8282,1.4357,3
0.585,-0.59585,3
5.9996,-0.34621,3
0.35428,-0.61774,2
-1.5571,-0.46526,3
2.2715,4.0309,3
-1.2254,2.1939,3
2.438,-2.3014,3
-0.62142,-4.8506,3
-0.73458,2.9919,3
0.78989,1.5626,3
1.9542,-0.17736,3
2.6459,-0.80339,3
0.60609,0.89198,3
-2.3025,-0.6801,3
2.6995,1.0164,3
-2.1388,-4.5055,1
1.9783,1.6822,3
1.1325,-0.078885,3
0.75599,2.048,3
4.135,0.065428,3
2.6948,3.0194,3
2.1463,2.0103,3
0.23155,0.70463,3
0.28257,3.6156,3
0.71684,-1.3296,3
1.7064,2.5729,3
0.87879,0.47108,3
0.51404,0.90523,2
-0.53382,-1.3549,2
0.069901,3.1912,3
1.0431,0.85327,3
-2.2046,-2.098,3
0.30808,0.1357,1
-1.3404,4.024,3
1.7661,1.6582,3
2.3857,-0.032365,3
3.2401,3.5727,3
2.586,3.7553,3
0.90738,2.0756,3
2.9962,-0.19317,3
4.1793,0.49964,3
1.6316,1.3256,3
-1.6505,-1.8164,3
1.3016,1.1604,3
5.5506,3.4819,3
3.0923,-1.5779,3
0.72936,1.3022,3
1.9562,-1.6908,3
3.8329,0.88341,3
2.2661,-3.0915,3
-1.1,0.24597,3
2.5842,2.4898,3
0.76148,1.273,3
-0.47263,0.76318,3
3.2931,1.5406,3
0.96277,-0.35402,3
3.06,3.5503,3
-1.3136,-0.75334,3
1.051,-0.0081813,3
0.83529,-3.1789,3
2.951,3.8913,3
0.40813,1.9072,2
-3.3451,-0.47648,3
-2.2528,-1.2414,2
1.2036,0.82811,3
1.9965,2.3598,2
-0.37064,5.8042,3
-1.8276,-0.34035,3
-0.84375,1.8343,3
1.5354,-2.2234,3
-2.8449,2.5778,3
-1.5333,-2.1341,3
1.5225,0.39259,3
2.3607,1.282,3
-3.6488,0.49392,3
-1.8219,-0.10192,1
2.1833,-0.13701,3
1.5386,0.32215,3
0.57684,2.6464,3
-0.3272,1.831,3
-0.093421,3.5028,3
0.59288,-1.8463,3
1.739,-2.5445,3
-4.7927,-1.058,2
3.2456,0.042031,3
-0.81568,0.50047,3
1.3133,1.7083,3
-3.3787,-0.97072,3
1.7184,2.815,3
1.8949,-1.3968,3
1.4937,4.7563,3
1.57,3.5543,3
-0.044434,-0.20717,2
-2.3436,1.9395,3
3.8251,2.8975,3
-1.1656,1.3638,1
0.41119,-0.55256,3
6.2248,1.5986,3
-0.55704,-1.222,3
-0.66701,1.6671,3
1.7082,1.8589,3
-4.6525,-2.2493,3
1.4675,-2.0877,3
3.0578,0.90144,3
1.8089,1.6161,3
4.7276,1.2697,3
0.46449,5.3863,3
-0.11709,-1.7349,2
5.3675,4.052,3
1.5344,-0.47936,3
1.2706,2.1803,3
3.0796,2.4349,3
0.43186,-0.95749,3
-0.79741,3.1444,3
0.79909,2.1445,3
2.0784,2.5424,3
-0.72782,2.1277,1
0.56786,-5.4943,3
-0.47313,-3.2997,3
-0.75516,-3.4146,3
-1.0383,2.0528,3
1.1797,-0.91943,3
5.8136,-0.32169,3
2.2173,4.3351,3
0.16728,-2.9445,3
2.7369,1.3983,3
0.27383,-1.938,3
-3.8277,-1.8971,3
4.8505,-2.7812,3
0.67523,1.608,3
0.69506,-0.58527,3
-0.1619,-1.3423,3
1.0837,0.63355,3
-0.64668,-0.57535,3
-3.1123,2.0691,3
-0.37051,-0.56646,3
-1.2011,2.5602,3
-0.6016,1.2161,2
1.4774,3.5333,3
1.9647,0.79703,3
0.92346,0.36395,3
-0.61964,1.2629,3
0.79696,2.4027,3
3.9671,3.237,3
1.1056,-0.85782,3
-1.348,-1.8254,3
0.19709,-0.87351,3
-1.0978,-1.3736,3
2.6737,3.9146,3
-0.77601,1.9502,3
-2.6352,0.70649,3
2.93,0.86689,3
3.8541,4.3164,3
-2.7103,2.5063,3
0.62353,-1.2319,2
2.5469,-0.94029,3
1.9102,3.7034,3
2.4931,-1.8489,3
3.5078,1.5363,3
-0.62419,-0.28559,3
-5.5362,0.12698,2
0.50773,1.4107,3
0.04162,-2.2522,1
1.9914,7.0608,3
2.9622,2.5953,3
-0.22684,0.29092,3
-2.5563,-1.3594,3
-0.95921,-0.076246,3
2.192,1.5435,3
1.4191,0.068167,3
-2.1969,-0.4276,3
1.6807,-1.3147,3
-0.9888,0.42921,2
-0.64257,2.6529,3
0.46589,-0.32856,3
-2.937,-0.26614,3
0.70107,-3.5501,3
1.2612,3.0594,3
-2.3271,3.1994,3
2.349,-0.51214,3
1.5314,-0.85859,3
-0.43338,-3.5838,2
-0.47182,1.8148,3
-2.0518,-2.6318,3
2.446,1.0358,1
-1.5061,-3.2059,3
0.22759,0.80341,3
2.3357,-2.6454,3
2.9728,0.029599,3
-3.6027,-1.728,3
1.6388,2.3387,3
0.64716,2.3169,3
-2.3733,4.9746,3
4.9736,1.1034,3
-0.21088,6.0531,3
-2.7689,1.5808,3
3.973,5.082,3
2.1979,-1.4437,3
3.5316,-4.0843,3
2.8359,0.43206,3
3.6848,3.6326,3
1.082,2.4523,3
1.7941,-1.271,3
3.2722,3.7558,3
2.4533,1.4237,3
-1.5202,-3.7932,3
-0.65909,-0.18213,2
2.716,0.64703,3
0.75528,-0.96977,3
2.9649,0.19738,1
2.7441,4.2909,3
1.3866,0.85903,3
2.5164,0.025248,3
1.4442,5.832,3
-1.4675,-1.091,3
0.16013,2.8765,3
-0.3065,-3.5646,3
1.3294,1.5302,3
5.847,3.25,3
0.8314,-1.2456,2
3.4442,5.1353,3
3.6623,0.71616,3
-0.70133,-0.7082,3
-0.57193,-2.0959,3
-1.113,-2.1736,2
4.7364,-0.77152,3
-1.6436,3.2411,3
4.6881,-0.64274,2
0.77454,-3.8163,3
3.455,0.70243,3
-4.9385,-0.45472,3
2.1927,3.6827,3
-1.7808,-1.676,3
-1.4332,-0.37522,3
-0.43751,2.1316,1
0.10846,-0.90643,3
0.58935,0.84659,3
1.3861,-1.5314,3
-0.15984,-1.1898,2
-0.074138,-0.15319,3
0.78953,-1.6296,3
3.0586,2.5659,3
5.9951,1.4709,3
-0.22985,-0.39431,3
3.5296,0.38214,3
-1.5162,1.9996,3
1.986,0.8441,2
4.1775,4.192,3
1.0791,0.80682,3
0.7851,1.0043,3
1.4319,2.5321,3
3.738,7.0687,3
3.4115,3.8013,3
0.94724,1.761,3
1.5658,1.2238,3
1.0995,-3.075,3
2.4591,-0.54161,3
-0.8619,1.389,3
0.73292,2.2527,3
3.1398,3.2439,3
0.52722,-3.7276,3
-0.14028,-3.7962,3
1.2548,2.4862,3
0.3726,0.2232,2
2.6639,3.3814,3
1.739,3.4,3
-1.8483,2.713,3
1.6395,-0.21791,3
-2.7084,3.4122,3
2.7194,-0.27406,3
-4.2172,-2.9303,1
2.7477,-0.10596,3
-0.0831,0.70661,3
1.554,1.0849,3
6.773,2.4545,3
-4.8989,1.6379,1
1.28,2.3274,3
2.6816,1.5968,3
2.4404,0.23631,3
1.4426,1.206,3
-1.2528,2.7447,3
1.8829,1.6645,3
-3.2929,-3.0946,3
-3.1085,-3.6504,2
0.3892,1.6035,3
-2.7907,-1.3689,3
3.3898,3.5684,3
2.4824,-1.491,3
2.5896,0.091888,3
0.94718,0.94466,3
0.93474,1.1938,3
4.831,-2.0276,3
-0.21298,-1.4993,3
-2.1766,0.62869,3
1.5396,0.93022,3
0.88948,2.8386,3
0.17403,-0.99404,3
-0.10625,1.3994,3
3.2985,1.844,2
2.7454,-0.73083,3
-0.25119,3.1527,3
1.888,-1.034,3
3.7551,3.7458,3
-1.0645,0.42725,3
0.072199,-1.5031,3
-3.9296,-3.579,1
2.9339,1.9687,3
2.6495,-0.3325,3
0.065506,1.8856,3
-1.063,1.7518,2
-0.37068,-4.0936,3
-2.6566,2.6482,2
1.0786,0.31271,3
-0.66031,2.0808,3
-0.56773,4.096,3
-0.52942,-2.6958,3
-2.3567,-0.45867,3
2.4766,1.6308,3
-4.3231,-3.8136,1
-3.2096,-1.7187,3
-5.0897,-0.42692,1
-0.25221,-1.8879,3
0.02269,-1.0591,3
-3.5848,5.2353,3
-4.6766,-6.4078,1
-0.41971,3.2761,3
1.5806,-0.78764,3
-0.62382,-0.44531,3
2.9721,2.6592,3
3.1749,1.1673,3
1.4384,0.46786,2
0.31278,2.7364e-05,2
-2.1767,-1.6992,1
-1.9111,3.7345,3
2.8525,2.1168,3
-2.238,-3.2535,3
1.5034,2.915,3
0.30026,-1.4995,2
-1.9817,1.8734,3
0.1233,-2.731,3
1.843,-3.6452,2
3.8497,0.51917,3
-0.75047,0.70958,3
3.7488,0.35717,3
0.56288,-2.853,1
1.9624,1.4689,3
0.24844,-0.5412,1
4.4242,7.7691,3
0.64945,1.481,3
-5.0634,-1.4711,1
-1.7256,4.4581,1
3.3493,-1.052,3
4.2191,1.8376,3
5.5872,-1.4221,3
3.6801,-0.72615,2
-3.4987,2.9462,3
1.8563,-0.19056,2
-2.31,-1.3767,1
0.17908,2.2506,3
1.9017,1.6581,3
-0.33976,-0.97513,3
5.5181,4.2779,2
-2.8958,2.1641,3
3.5217,1.0476,3
0.22752,-0.33726,3
-2.9386,2.9241,2
0.64407,5.9888,3
0.15571,-1.3932,3
3.82,2.3799,3
1.7421,-2.884,3
-2.3451,0.71044,2
-0.71445,-0.42994,3
-1.7307,1.7847,3
3.4786,-2.7613,3
3.1413,1.7505,3
1.3444,0.71247,3
-1.3519,-2.4348,2
3.8705,-0.73413,3
2.1806,5.8323,3
1.6796,0.74728,3
1.2479,5.5241,3
1.1239,4.0071,3
0.52273,0.79762,3
6.0376,-2.3069,3
0.07887,-1.759,3
2.8265,-1.7392,2
3.9328,-0.88856,3
1.4463,-0.62961,3
0.91793,1.2696,3
1.5118,6.006,3
-3.7185,-1.7125,3
-1.5429,-0.9479,3
-2.5954,-3.2789,3
-1.7648,3.8162,3
-0.55454,8.2772,3
3.1248,3.9288,3
-0.59232,0.65083,2
-0.57537,-0.2711,3
1.3688,1.8469,3
3.3641,3.4612,3
2.4344,2.5667,3
4.1889,-0.16428,3
-1.9467,-1.198,2
-3.7474,-1.448,1
0.91404,-0.40626,2
-3.4737,0.48645,2
2.9969,4.5259,3
-1.9092,2.3465,3
0.64978,-3.068,3
-0.06289,-0.019216,2
0.91322,2.2661,3
-0.79139,-1.4318,3
4.3163,5.7402,3
1.9112,-1.8637,2
0.90929,3.9814,3
2.6594,0.062742,3
1.7667,-0.004007,3
2.0909,-0.58151,3
4.002,5.1652,3
3.1281,1.6298,2
2.5334,2.5492,3
1.738,-0.29343,3
0.53075,-0.80651,3
-0.26782,-2.6696,3
-3.7582,2.7671,3
0.93575,3.0456,3
3.7728,0.19818,2
1.6104,-1.4646,3
3.0495,1.8639,3
3.6524,6.195,3
-2.858,-2.9899,3
-1.9008,2.6187,2
1.3126,-2.391,2
-2.3361,2.1628,3
-2.9681,0.035496,3
0.099201,5.8429,3
-2.4147,0.53595,3
0.28106,0.49891,3
2.3008,3.0502,3
-1.2381,1.3691,3
0.43602,0.93151,3
1.3114,0.60754,3
1.2323,0.37619,3
-0.059596,2.9386,2
0.83504,-1.1251,3
0.1372,-1.5827,3
1.9243,1.7757,3
3.9737,-0.87126,3
2.4634,-0.70918,3
-0.35758,0.14499,1
-1.0949,3.2894,3
-0.24734,0.067313,3
-2.9021,3.662,3
-1.7003,5.6978,3
3.0614,0.95791,3
-1.0466,-1.5827,3
5.1331,4.3321,3
-1.0677,-3.6752,3
0.93486,1.7944,3
0.41081,2.91,3
-0.53649,-0.35017,3
2.2874,1.0252,3
1.3766,0.9805,3
-0.60192,0.13806,3
-1.7744,-0.36952,3
3.8377,-3.5706,3
-2.2276,-0.70259,3
3.8424,1.5456,3
1.3291,-0.21025,2
1.7881,-1.2143,3
0.84113,-1.2726,2
0.60095,-1.9978,3
-1.9181,3.5219,3
4.1741,4.3125,3
3.2806,-2.8245,3
1.4035,-2.3729,3
0.72448,1.0034,3
6.6719,1.1962,3
1.1987,-0.95826,2
2.1709,2.3587,3
-1.2309,1.6419,2
0.27763,2.0231,3
1.5329,-1.4402,3
2.7451,0.42102,3
-0.094875,-1.9225,3
-1.256,0.72732,3
4.6037,5.2385,3
-4.8275,-0.24891,3
-0.82132,1.9187,2
1.4561,-0.074116,3
-0.45002,-1.1583,3
0.63325,4.6881,3
0.38453,2.6716,3
3.3397,4.9044,3
0.1331,-3.8515,2
0.096364,-0.30114,3
3.0715,-0.54368,3
-0.74033,1.1905,3
-1.6819,1.0988,3
2.7772,0.20804,3
2.0834,0.7217,3
-1.3861,4.933,3
-5.7095,1.1394,1
-0.7005,3.06,3
1.2596,-2.2736,2
-2.1684,-0.52162,2
2.4173,3.5776,3
1.9536,5.1888,3
-0.44549,-0.16889,3
0.24956,-0.25285,3
-3.805,-0.39344,3
-0.45575,-4.1888,3
-0.86377,-0.47809,3
2.5044,1.1453,3
-0.39643,3.6864,3
-3.7133,-3.2641,3
0.91227,1.6072,2
6.4761,4.444,3
2.6433,-2.3937,3
-2.8426,-2.192,3
3.1087,3.0943,2
4.2903,1.0052,3
2.3736,0.6951,3
3.1533,-0.92181,1
2.4563,3.4416,3
2.7776,-0.28787,3
-0.66666,4.4761,3
1.5378,2.8579,2
5.5906,3.9695,3
-0.47386,3.0204,3
0.26989,3.3748,3
-0.036878,0.92767,3
-0.43193,2.7928,3
2.4119,2.9781,3
-3.7799,-1.4683,2
-0.94484,3.9816,3
2.6489,1.7253,3
3.3155,4.0701,3
-1.6283,-2.0243,3
0.72518,-1.1023,3
-0.25501,0.98815,3
2.7317,0.78052,3
4.5357,0.54288,3
-2.1234,-0.27894,2
-0.23523,-0.57579,3
1.9611,4.6865,3
4.378,1.842,3
-3.1313,-2.9568,2
2.686,1.1519,3
0.36639,1.6457,3
1.7649,-0.090375,3
-1.4643,2.3324,3
0.79604,-3.5232,2
0.86418,0.24374,3
-2.0449,-1.3817,3
-1.8324,-1.8283,3
3.3564,2.5639,3
1.9015,1.9827,3
3.4263,0.45299,3
5.1588,-0.33395,3
-1.6932,3.2405,3
-1.8397,1.6954,3
0.9335,1.9564,3
3.8317,1.3822,3
-2.18,-5.8325,2
0.51677,5.3606,3
1.9581,3.4135,2
1.9875,1.5653,3
-0.45375,-0.7175,3
2.4443,-1.9783,1
2.9545,2.7937,3
1.5876,0.53829,2
-0.023703,-1.2728,3
-0.057545,1.1804,3
3.9028,-0.065029,3
-2.3768,-2.5515,2
1.8898,1.1091,3
2.8477,2.5011,3
0.23001,1.9663,3
-0.89876,1.5473,3
1.358,1.4921,3
-0.42815,-3.0577,1
1.1237,2.0196,3
4.7524,1.4821,3
-0.067884,-2.6109,3
2.9884,-2.1848,3
0.024397,-0.48036,3
4.1096,0.85988,3
1.3712,-0.30326,1
1.9555,3.8719,3
1.8627,3.2543,3
-0.79284,0.6281,1
3.0401,2.1837,3
-2.1314,2.547,3
5.1808,1.6768,1
-2.8009,-1.5989,3
-0.64911,-0.018576,3
0.62772,2.8673,3
0.35627,1.7586,3
-4.733,-3.3122,1
1.9932,1.0941,3
2.1917,4.2276,3
0.68228,3.7958,3
3.3304,-2.7896,3
-3.4884,-1.5138,3
-0.82983,-1.1102,3
0.57811,3.9076,3
2.5642,1.1023,3
-0.85074,0.99505,2
3.7417,-1.3305,3
4.429,1.9403,3
0.95452,1.2069,2
0.13976,-0.80754,3
-2.51,-4.223,2
5.2595,0.026682,3
3.8578,0.68724,3
0.92516,1.1286,3
0.65862,2.2233,3
4.4027,0.44533,3
1.8411,-2.4503,3
-1.5855,-2.1332,1
2.818,1.576,3
4.2655,-2.9285,3
2.4992,0.067489,3
2.742,2.7102,3
0.54978,-0.91238,3
4.1333,-1.2933,3
-1.2846,-0.10217,3
2.5202,2.5829,3
0.26001,0.22348,3
-1.212,-2.0622,3
-1.4686,2.2062,3
2.3747,0.4584,3
1.9511,3.0596,3
-1.4059,2.8057,3
0.59145,-2.4294,3
3.5942,-1.6658,3
1.2253,2.6933,3
-1.4407,0.60301,3
4.7678,3.813,3
1.4962,-1.3958,3
0.63764,1.2066,3
2.2585,2.5887,3
0.32667,-2.4765,3
4.7719,1.394,3
6.3884,2.7698,3
0.67888,-0.048704,3
2.3093,-0.46318,3
1.2891,-1.0153,3
2.7339,2.5966,3
0.99322,-2.2801,3
-2.5738,1.9516,3
2.2027,3.6492,3
0.20822,0.34331,3
0.067221,2.6529,3
-1.8275,-0.075698,3
-1.7858,-0.34506,3
5.6137,3.2012,3
2.1396,-1.1436,3
5.0706,-0.62526,3
-2.2637,-1.3774,3
0.56608,3.0836,3
-0.6407,1.5196,3
-2.8777,-0.4785,3
2.6055,4.7401,3
3.9542,3.4549,3
1.383,-1.1026,2
2.0079,2.2186,3
0.076084,4.8941,3
-1.0105,0.41548,3
2.6394,2.0312,3
2.3926,-1.2854,3
3.7007,0.1526,3
0.83263,5.359,3
4.6183,-2.1733,3
1.9175,0.80074,3
-5.0865,0.25664,1
2.6283,3.5931,3
-1.2521,1.4877,3
0.72783,0.37654,3
-2.8786,2.9664,1
1.8355,0.8115,3
2.5733,1.8414,3
-0.77078,-0.0257,3
-0.47852,0.7152,3
-2.7907,2.3968,3
2.0389,1.864,3
3.6725,1.6486,3
3.9252,5.7582,3
-3.3006,-1.3757,3
3.6424,3.5612,3
-3.5292,-2.6089,3
-1.6823,1.5984,3
0.26083,-2.1401,3
3.3338,-3.9644,3
0.4306,1.8406,3
3.7268,0.20119,3
2.2976,-4.1984,3
3.8896,-2.8179,3
1.2747,0.44596,3
3.2635,-1.0575,3
0.14497,3.7913,3
2.0936,5.2816,3
1.7553,1.1476,3
4.5983,6.6881,3
-2.9501,4.489,3
0.65111,-2.6039,3
-1.0302,0.43899,3
-0.94421,-0.19273,3
5.391,5.2318,3
-4.7389,-2.1308,3
4.0509,0.72367,3
0.054363,-2.5315,3
4.2731,-1.6986,3
2.3937,-1.4075,3
1.22,-0.35716,3
0.11601,-0.64867,3
3.12,-1.9249,3
-2.2725,-0.38538,3
2.6205,1.3997,2
2.5574,2.3907,3
-0.01075,-0.091211,3
2.0013,2.0819,3
1.5969,1.1007,3
1.3912,1.9426,3
5.7316,2.4459,3
-0.48174,2.912,3
2.5585,0.26812,3
-1.9084,-3.7177,3
0.64015,0.56336,3
-0.38619,1.6067,3
-3.386,1.6385,3
-4.2105,0.81393,3
3.6081,1.1955,3
-2.4293,-0.49585,3
3.3899,3.9166,2
0.0019876,-0.38952,3
-4.1625,-3.8834,3
2.2972,1.6808,3
2.8109,0.20936,3
1.2623,0.38857,3
-1.5786,1.6403,3
1.2172,1.2717,3
1.4026,-0.26574,1
3.9295,3.7753,3
0.34368,-0.59311,3
-2.0143,2.0992,3
1.9782,5.5189,3
-5.4645,-1.4899,1
0.46204,-2.3663,1
0.7463,0.26052,3
3.4069,1.4171,3
0.064122,2.5884,2
-0.81516,-1.5686,3
-1.7748,-1.5438,1
-0.83609,0.12883,3
0.413,1.4237,3
1.2775,3.8532,3
3.0198,-0.12832,3
4.3906,1.9908,3
2.071,0.58897,3
2.3326,-0.25126,3
-2.1017,-1.7254,3
1.4593,3.9713,3
-0.34386,-0.74472,3
0.53987,5.0013,3
4.2807,1.4947,3
-4.2464,4.2108,3
2.9395,0.89302,3
3.6485,-1.5438,3
-2.1384,-0.56268,3
-3.59,2.1514,3
0.68666,0.27566,3
3.4522,0.89625,3
1.9067,-1.401,3
-3.6948,2.0667,3
1.2686,1.9726,3
-0.20112,0.12189,3
0.75503,-1.2266,2
4.2913,3.8047,3
-1.4544,1.3893,3
3.6836,-3.2996,3
0.098906,7.541,3
1.9059,4.1794,3
4.1813,-0.52904,3
3.5556,4.2336,2
3.7581,2.3715,3
1.9843,0.16995,3
-0.05688,-1.4001,3
1.1706,-3.1231,2
-2.6602,0.405,3
-0.42139,-0.44431,3
-1.2422,-1.528,3
-1.8382,-2.3751,3
1.0352,2.4032,3
2.1939,0.55752,2
-2.5786,2.2458,3
-0.068434,5.2596,3
1.461,0.39267,3
-1.4131,-1.3333,3
2.2746,-3.1308,3
2.3914,-1.6532,3
-1.2589,-3.0172,3
1.4452,3.3161,3
2.5634,-1.6745,3
-0.94194,1.894,3
-0.14741,1.0294,3
1.411,5.3735,3
2.0894,4.3673,3
1.4773,4.2731,3
4.8523,0.073068,3
-0.43107,1.4646,3
1.5772,2.1552,3
3.5889,3.0757,3
6.3958,0.91844,3
1.9845,2.0554,3
1.5893,0.96213,3
3.3968,0.54397,3
-0.83833,1.6539,3
0.063136,2.766,3
-0.69848,1.2348,3
-0.10093,-2.3037,3
0.76373,3.3079,3
1.9705,2.5841,2
5.2356,2.3626,3
-0.29229,0.62881,3
3.0728,0.228,3
1.4524,1.3845,3
-0.024531,0.78009,3
0.0090076,0.96919,3
-3.7371,0.68161,3
1.707,2.736,3
-0.32107,-0.073461,3
0.14687,2.2962,3
0.72073,1.8615,3
2.2343,-2.6975,2
-0.34495,2.4866,3
-2.3254,0.29016,3
0.80276,1.8826,3
0.21261,0.57127,3
2.29,0.37217,2
4.1608,2.3381,3
0.9028,-1.4622,3
1.7167,-1.0999,3
0.31043,2.8404,3
-2.0197,-2.7952,3
-1.1673,-5.5919,1
-1.3271,-2.8919,3
0.2894,0.64247,3
-2.7557,-4.2138,1
-0.28542,-0.10065,3
1.3198,0.9513,3
0.39382,-0.71561,3
1.2941,3.7793,1
-0.0022309,2.4734,3
-0.23137,-2.6648,2
-1.0934,0.3086,3
-2.6857,0.58419,3
0.97245,-1.3529,3
-0.77397,1.6421,3
-0.20503,0.070389,3
5.5962,1.1482,3
1.2432,3.8199,3
3.5945,-1.1989,3
1.751,-1.4564,3
2.9517,0.6188,3
-2.2147,0.71991,3
2.8007,3.7647,3
4.2289,5.0315,3
0.76996,3.697,3
1.6723,-0.46438,3
2.9342,-0.091569,3
1.9411,2.8087,3
-1.5787,2.1141,3
4.4542,4.5795,3
1.1173,1.0521,3
1.1099,0.074669,3
3.1334,-0.20125,3
-3.146,-2.2979,3
1.1919,1.2842,3
2.2213,3.1737,3
0.7506,1.1283,3
-0.60538,1.5241,3
1.9187,-0.13636,3
-2.5014,-0.7436,3
0.85573,2.1403,3
-0.32462,0.46115,3
2.4907,3.2139,3
3.1638,2.4654,3
-1.1669,-2.19,3
4.1276,-0.17964,3
3.1153,2.3052,3
2.0223,0.27554,3
-0.31363,1.9148,2
1.1644,5.4322,3
0.33627,3.2261,2
-1.2266,1.4128,1
1.035,3.723,3
-1.5711,0.22383,3
-0.28194,-1.2156,3
3.723,-2.489,3
-1.9132,-1.2559,2
-0.35978,2.2094,3
2.3651,0.37661,3
-0.5838,1.5165,3
0.77814,-2.0218,3
1.9203,-0.73607,3
-2.2372,0.8977,2
1.5244,0.13226,3
0.91302,0.44695,3
6.8246,3.2302,3
0.3261,2.3061,3
-0.44172,-0.2374,3
6.027,3.53,3
0.44468,0.15116,3
1.5416,-0.0096381,3
-1.9262,0.63257,2
3.1249,2.6905,3
-1.9813,0.78067,3
1.1352,-1.9766,3
-0.6951,-4.8009,1
-1.2005,2.8761,3
5.0745,-1.0701,3
3.7902,-0.48405,3
-2.2346,5.5996,3
3.8269,3.2372,3
-0.21636,2.8204,3
2.1311,1.9572,1
-0.28856,1.2037,3
6.5361,7.9008,2
1.1305,-0.24394,3
1.6672,2.0098,3
-2.1754,-3.2643,2
0.84717,0.66454,3
4.4385,1.4307,3
-1.0413,2.9678,3
-0.51726,-4.5409,1
-4.9525,0.55306,1
1.4554,-1.2282,3
5.0843,2.5622,3
-1.1488,0.40366,3
0.33185,-2.3744,3
-6.3772,0.34855,3
0.31611,4.2334,3
0.065778,-1.8249,3
1.7684,3.2406,3
1.0551,2.9511,3
-1.7409,1.5315,3
-2.3646,2.6212,3
-1.6382,-0.65658,2
3.4964,0.24911,3
-1.4355,-0.16986,3
-1.2215,-0.98152,1
-1.0898,2.3747,3
-1.2007,1.4935,2
-3.7196,-0.2746,3
3.9194,0.34435,3
1.2967,-0.48847,3
2.1457,-1.0886,2
1.7768,0.037271,2
0.40665,-3.0732,1
6.2677,2.5276,3
1.1932,-6.1502,3
-1.0402,-0.29333,3
1.047,-1.446,3
-1.6865,0.38079,1
0.24543,4.8144,3
0.27862,1.4925,3
-0.45401,-0.42292,3
-0.41614,1.348,3
3.8182,5.5353,3
1.0136,1.2274,3
-0.12191,0.45322,3
1.2844,-0.19301,3
-1.9561,-0.60745,3
1.6075,1.0024,3
0.34892,2.6081,3
6.6302,3.4039,3
3.6033,5.038,3
-1.7212,-2.7088,2
-0.70164,-2.145,2
0.70594,2.6993,3
-0.79821,0.44405,2
3.4982,-1.0404,3
0.89078,2.1811,3
-2.6261,0.87758,3
1.0325,-0.57254,2
5.4623,2.351,3
1.9303,2.3916,3
0.22953,1.4614,2
2.9825,3.0438,3
3.4046,0.96895,3
4.9272,0.28719,3
5.6967,0.56266,3
-1.079,-1.6494,3
2.2089,5.7439,3
3.686,2.0349,3
1.15,-2.1152,3
-0.15367,3.4029,3
1.6203,0.27561,3
-0.0093294,0.94571,2
-3.6983,1.7476,1
1.9721,0.40795,3
-3.0349,-3.0079,3
1.539,3.1999,3
0.21322,1.6628,3
1.1458,-1.5484,3
2.1321,2.764,3
0.86875,-0.072674,3
2.4705,0.52642,3
3.0869,4.3283,3
2.2584,-0.14859,3
3.4286,2.2651,3
2.4292,0.36951,3
-4.2066,-3.308,2
0.65069,1.5568,3
-3.028,0.59039,3
4.3242,2.0812,3
3.6155,-1.5905,3
-0.75278,-1.436,3
-2.7596,3.5557,3
0.51141,-3.4075,1
-2.2866,-2.5671,3
2.8594,4.7986,3
-0.38138,-3.7528,3
4.0578,5.0819,3
0.48393,2.1229,2
-1.5207,2.2494,2
3.6202,-3.1333,3
-0.59292,1.137,3
4.4829,-1.4475,3
-2.9594,3.4988,2
1.4792,5.1421,3
0.90368,4.9826,3
0.8764,-0.78557,3
1.5093,0.17144,3
-0.33795,0.15955,3
-2.1683,-0.25589,3
-0.77111,-2.4636,2
-0.024678,-0.20931,3
0.14966,-0.1474,3
0.8591,-0.91075,3
5.3406,0.63658,3
-0.84963,4.2373,3
-0.52457,2.1537,2
-0.91464,0.76357,3
0.70561,0.49573,3
2.0608,-1.1735,3
-1.5104,-1.5684,3
-0.46747,1.0093,3
7.1789,0.43083,3
-1.8552,0.74771,3
-0.42933,-2.2029,3
4.6596,6.7495,3
3.9298,-1.8172,3
1.5496,0.18842,3
-1.3311,-2.857,2
-0.18502,1.2551,3
0.89792,2.226,3
-1.4799,2.0029,3
2.7728,-0.17863,3
-1.9174,-1.6449,1
0.73316,-0.83641,3
1.7184,-1.0608,3
-2.0127,-2.5068,3
1.8139,0.56971,3
-3.5306,-1.2991,3
-0.093426,2.6849,3
-1.2082,-1.5001,3
4.3518,1.1392,2
-2.6889,-1.4046,3
0.29713,1.9344,3
-1.5908,4.8535,3
3.3997,-1.4105,3
1.126,-1.2642,3
-1.9212,-1.1926,3
-0.9634,2.8756,3
1.4839,-1.1632,3
-4.4963,1.3916,3
2.1286,-0.19511,3
2.3176,2.3486,3
0.0031756,1.2882,3
0.80563,2.4743,2
5.5018,5.3596,3
0.35586,0.10301,3
-2.3555,-0.7909,3
2.8339,0.52261,3
-0.54267,1.997,3
-0.48669,0.21421,2
-0.52072,1.8308,3
1.5562,1.8634,3
-1.3152,3.1139,3
3.3947,0.1907,3
4.8829,-0.6193,3
-0.081106,0.35086,3
-0.24753,0.11933,3
2.5171,-0.98169,3
-1.3579,4.574,3
-1.5489,0.32496,3
0.79353,3.7809,3
2.941,1.6053,3
3.3332,6.2884,3
-2.8198,4.1635,3
3.586,4.5493,3
-2.4678,2.9078,3
-0.28119,0.71917,3
-1.1521,-1.267,3
2.9293,0.20981,3
3.615,-1.0214,3
5.9184,1.7854,3
0.72357,-1.1877,3
1.5554,0.097568,3
1.8946,2.5684,3
1.0647,4.6661,3
2.5973,-0.5896,3
5.2822,0.11921,3
0.9452,-2.0909,3
-1.591,3.0608,3
1.8563,-1.3796,2
3.4345,0.76336,3
1.8981,2.7599,3
3.2302,1.4168,3
-0.99861,2.7483,3
4.0288,7.1635,3
1.7105,0.7508,3
0.4451,-1.8646,3
-6.4343,-1.925,1
-0.60603,3.7699,3
6.1121,5.4091,3
2.2994,1.7185,3
1.4847,-2.6566,3
0.25803,2.1084,3
1.4531,0.78252,3
3.1576,-0.69317,3
0.21272,0.62267,3
-2.6042,-3.0803,3
2.7275,1.1635,3
4.791,3.3886,3
-2.4416,0.12545,3
-0.18318,-1.9096,3
2.016,4.7052,3
2.0464,2.0598,3
1.5,0.77529,3
-0.12652,-0.1116,3
-4.19,-1.1535,2
-0.3279,0.80527,3
-0.66717,0.84111,3
-0.22696,3.0652,3
-0.6984,-0.44978,3
1.3704,-1.1825,3
1.5049,1.3016,3
1.112,3.7977,3
1.1402,2.1497,3
4.0812,2.0135,3
3.8575,-0.21739,2
-0.040353,-2.0031,1
-0.93945,-0.95804,3
1.8584,0.65989,3
-1.4373,-0.92689,3
0.53782,1.3263,3
-1.6623,1.1712,3
1.732,1.1899,3
0.53503,2.7431,3
2.7572,0.41749,3
3.7627,3.3606,3
-3.5262,-0.63881,3
-3.7427,0.34931,2
1.1749,3.5128,3
4.6993,-0.20546,3
3.0088,1.2073,3
3.9526,2.5045,3
0.89386,-3.0246,2
-1.3035,2.9509,3
-0.59842,-0.070019,3
0.39608,1.4569,3
1.276,0.035485,3
5.312,4.3035,3
4.584,2.25,3
3.8543,2.4004,3
1.2003,0.86057,3
0.81088,0.13664,3
0.83428,4.5426,3
2.5308,1.9731,3
1.1262,-0.36218,3
0.64518,4.4275,3
0.24879,-0.038063,3
-0.21032,2.3197,3
3.5269,4.2462,3
4.5321,4.9758,3
1.5212,0.98809,3
-3.7024,0.51337,3
3.1847,-0.17497,3
3.0882,1.3476,3
3.5456,-0.83126,3
5.5996,1.8154,3
-1.0901,-1.2083,3
4.2614,3.6008,3
0.64324,0.37624,3
-1.6487,1.1502,3
-0.20965,-4.7255,1
-2.3989,2.6377,2
-4.2869,-0.29584,3
3.2331,4.0001,3
-0.020008,2.045,3
3.8206,-0.95559,3
1.5099,1.9964,3
-4.5884,-2.0094,1
0.68054,-1.6931,2
1.1604,-1.7371,3
-1.0009,-0.67902,3
-1.1519,4.8005,3
-0.32285,4.082,3
5.1672,0.64511,3
-0.53185,3.2891,3
2.6896,5.0996,3
0.0423,-4.2102,3
-0.16204,1.2554,3
0.54447,1.9924,3
2.9499,-1.1404,3
0.38933,-0.90445,2
1.966,1.4485,3
2.1711,-2.0099,3
1.1387,1.9625,3
0.83198,0.37411,3
3.3398,-0.74489,2
5.1248,3.4489,3
-2.9378,-1.1635,3
0.79706,-1.7007,3
2.1831,-0.76541,3
2.6074,4.8087,3
1.4801,3.2623,3
1.8739,7.5838,3
-0.5091,1.9804,3
2.2615,2.3035,3
1.3896,-3.6095,3
-0.13745,0.57272,2
-1.6243,2.5701,3
2.1122,4.9869,3
-0.49029,-4.2352,2
2.7534,3.5739,3
0.62931,-0.92364,3
6.5279,1.8562,3
-0.23473,4.4701,3
-1.7673,1.4826,2
-2.1689,1.6578,1
-0.040015,0.87751,3
-1.4245,2.3283,3
2.0789,0.94792,3
-2.2888,-2.3773,1
1.9348,2.4595,3
1.558,0.009718,3
3.6829,2.7278,3
1.0108,1.6042,3
-0.58597,0.72851,3
-2.1585,-0.9469,3
0.57692,-0.66897,3
-2.0386,-2.2526,3
1.9415,-0.39444,3
-1.8469,2.1394,3
2.3458,1.2138,3
0.33781,1.8158,3
-2.1851,1.1744,3
-1.2643,-1.6606,3
3.7217,-0.87003,3
2.9015,-2.0932,3
-0.85456,3.0351,3
0.71613,0.84886,3
-3.7247,-2.4811,3
1.2542,2.6478,3
1.869,2.5493,3
3.749,1.179,3
0.19561,2.3056,3
-0.16696,-0.45844,3
-1.5395,0.68647,3
4.2559,0.71948,3
-0.77395,3.8604,3
-2.3579,-0.43453,1
-1.4552,-3.3645,1
1.9191,-5.3249,3
5.3721,-1.5156,3
2.0369,-0.96086,3
2.9717,3.1365,3
0.063488,1.127,3
2.09,2.7281,2
2.3379,1.0488,3
1.52,0.896,3
2.1587,3.2541,3
0.034815,5.627,3
-0.52512,-0.83571,3
0.65534,0.43698,3
-2.9784,-0.70545,3
-0.34697,2.5947,3
-3.6957,2.5685,3
-1.1523,1.7915,3
1.0711,1.2859,3
1.355,2.0532,3
0.55791,-0.54834,3
0.95612,1.0327,3
-0.9903,2.1573,3
3.3704,-1.5641,3
-0.22364,0.91918,2
-0.40187,-0.72002,3
0.88758,1.8111,3
1.6179,1.178,3
2.2799,2.9166,3
-0.70392,-3.9847,2
0.20525,0.6975,2
-3.1462,-1.3425,3
0.96072,-0.71953,1
2.3991,-0.26321,3
0.2765,-8.0091,3
1.2017,1.7938,2
0.61394,2.5985,3
2.5038,1.0198,3
1.2736,1.0361,3
-2.3976,-1.5632,3
3.238,2.3477,3
1.6773,2.5024,3
-3.9866,-3.0259,3
3.0963,3.791,3
2.4878,0.5387,3
0.42291,4.1379,3
0.44496,5.1817,3
0.16243,0.34478,3
-4.6492,-1.8525,3
-3.905,-0.091363,3
0.81684,1.9223,3
-0.95008,0.55669,3
4.3868,0.86757,3
2.5627,3.045,3
5.3833,4.6863,3
-2.49,-0.59521,1
-2.7204,0.12726,3
2.5103,-3.5201,3
0.74594,1.3269,3
1.6354,1.3214,3
2.4293,-0.27182,3
1.8924,1.2047,3
0.11285,-4.5797,1
2.8416,0.36049,3
0.63369,4.197,3
3.1284,-2.0409,3
0.44952,1.8186,3
2.8407,-2.7352,3
6.864,3.0412,3
1.9413,-1.9589,3
1.0805,0.097416,2
-1.9198,1.5772,3
2.0323,1.1894,3
-0.22742,2.1192,3
-4.8787,-0.0098206,3
4.2574,1.6,3
6.3247,4.0858,3
3.6219,-0.40629,3
-0.47799,-4.7445,3
1.0307,2.3515,3
0.10481,3.5667,3
2.9301,4.7154,3
0.38131,-1.8196,1
0.42648,-2.0667,3
3.6097,-0.51022,3
2.4534,-2.4378,3
-3.5391,1.9661,2
0.043582,4.0541,3
0.19649,-1.0053,1
2.7943,1.3179,3
2.9552,-1.1199,3
0.013248,1.3276,1
3.1523,-1.7362,3
3.4489,-0.21679,2
1.2785,-0.063919,3
1.2289,-2.4233,3
1.833,3.7867,3
5.89,1.5505,3
-0.452,0.28821,2
-2.5682,-2.9187,3
0.5706,-2.5469,3
1.7497,2.1183,3
-2.8132,0.47249,3
1.1764,-1.3993,1
0.12136,-4.628,3
3.1237,2.8836,3
-1.0382,0.9155,3
-1.8141,1.9161,3
-1.6375,0.65923,2
4.1866,2.2001,3
1.4697,-0.15735,3
1.3611,7.2862,3
-3.1157,-0.96226,3
1.9621,1.5545,3
3.4157,0.15738,3
3.0326,1.0591,3
-2.6967,0.32229,2
0.19186,-1.4382,3
-1.4348,6.7175,3
2.0855,1.7244,3
-2.8781,0.55065,3
-1.0209,0.633,3
1.9924,-0.1997,3
-0.1346,-3.7029,2
0.4302,-3.2039,3
-0.50006,2.6853,2
2.1207,0.65471,2
0.61853,-0.18592,3
-1.1371,-2.0079,3
-0.95729,2.7761,2
0.53258,-2.0806,3
4.7517,3.3329,3
3.4156,4.611,3
0.74521,2.9244,3
2.6093,1.6935,3
1.7247,1.5423,3
-2.229,0.12334,3
0.26382,-1.478,3
1.7734,0.26743,3
3.4722,0.38387,3
4.0732,2.7239,3
2.6824,4.2183,3
3.5459,0.45681,3
-1.1043,4.1002,3
7.0255,4.7942,3
1.7333,-1.4377,3
1.5093,-0.9741,3
5.3725,0.2707,3
-1.1879,-1.3248,2
-2.8632,0.3272,3
0.60902,0.73236,2
3.7753,1.5782,3
-5.3067,-3.3305,3
0.12359,0.48983,3
1.9531,-2.2732,3
0.15131,3.42,3
-3.4231,-0.93385,3
0.3892,1.7735,3
0.70824,0.82914,3
3.1043,2.7045,3
-2.0402,0.49246,3
-1.7793,-1.8093,3
-2.072,0.38756,3
-1.4022,-1.8141,3
0.62192,-1.8383,3
3.2341,5.4867,3
0.28994,-0.14304,3
1.9002,1.2728,3
0.71647,-0.046358,3
-1.3834,2.778,2
2.1969,0.74329,3
-0.46457,1.7858,3
0.15057,0.055713,3
-0.51023,3.3491,2
-0.53761,3.3489,3
-1.8832,2.041,3
1.1819,1.74,3
2.8005,2.1542,3
-3.4665,0.67186,3
-2.2628,2.8585,2
2.2319,2.0832,3
2.591,0.071576,3
3.0336,-1.6785,3
0.28861,0.50629,3
-3.4783,-1.0859,3
-0.12483,-2.5549,3
-1.9149,-1.2306,1
-1.7843,2.5978,2
0.64272,1.8953,3
1.0599,3.5806,3
1.7046,-0.16746,3
-3.6454,-5.7524,1
1.8117,3.6446,3
1.8125,4.4901,3
1.591,2.1784,3
-1.0465,-0.0051553,3
-3.2289,0.32566,2
4.1256,3.4358,3
0.072696,4.2735,2
1.4311,2.256,3
-3.7966,-2.5932,3
4.5987,1.2007,3
-0.30945,2.4784,1
-3.143,1.147,3
0.37578,0.058802,3
1.6605,1.1784,3
-2.2357,1.81,3
1.1618,-0.46966,3
3.0801,-1.5593,3
3.6219,0.57777,3
-3.2066,-0.028556,2
0.56817,-0.56006,3
3.7881,3.3169,2
2.6483,2.9906,3
0.80186,2.0756,3
0.91671,2.8334,3
-0.40192,0.29006,3
0.16124,-3.3356,3
0.95276,-3.4141,3
0.84062,-1.4977,2
-0.90218,0.88114,3
4.3477,0.45365,3
5.6529,-1.6312,3
2.4542,-1.0381,3
3.2048,1.9293,2
3.8233,0.015626,3
-0.95962,-0.32846,3
1.7218,0.18529,3
0.48577,3.5913,3
-0.27813,-4.3869,3
1.3417,0.41728,3
-2.0127,0.25602,3
3.8487,2.5429,3
2.1114,1.9957,3
0.65699,3.8596,3
-0.44162,-2.4381,3
0.67131,4.0467,3
0.12749,3.5803,3
2.4661,-2.7786,3
0.98291,3.8452,3
-0.39073,4.043,3
1.5749,2.9713,3
0.31436,-1.2379,3
1.3618,-1.9443,3
2.4504,-0.57862,3
4.9673,4.5325,3
0.81744,0.36876,3
1.9779,-3.9042,2
1.6217,4.9487,3
1.4436,-4.7469,3
-1.3482,1.4221,3
2.0328,2.6553,3
2.3697,2.7645,3
-7.0996,-1.4646,1
2.2837,0.96216,3
1.2654,-1.7692,3
-1.187,1.3893,3
0.35943,3.1161,3
-1.6771,2.4983,1
3.2989,3.8281,3
6.3132,2.2593,3
-1.6057,-0.31649,3
0.85446,5.2194,3
-0.35325,2.3332,3
-0.89082,-2.0331,3
1.0015,-1.0051,3
1.5606,1.0494,3
1.8616,1.3725,3
-0.39185,3.0905,3
0.38998,2.4078,3
-3.0512,2.6982,3
-1.8062,1.9704,3
3.115,0.076306,3
0.20558,1.4972,3
0.61426,-1.7656,3
-0.76432,0.18885,3
0.85675,3.2611,3
4.7558,-0.92879,3
4.3423,4.6069,3
2.7214,-1.354,3
-2.2991,-2.0117,3
2.4025,2.59,3
0.14585,-1.9666,3
-1.639,-0.15005,3
0.61042,2.014,3
3.3692,1.725,3
-2.479,0.85802,3
-0.7784,-1.6949,3
-0.99702,3.8948,3
0.97985,1.0117,3
2.2812,5.3228,3
0.64252,-0.83252,3
3.9143,2.0363,3
2.0989,2.0076,3
-1.189,-1.3742,3
0.47807,1.4062,3
-0.47218,-2.2907,1
1.3654,4.7893,3
4.2734,0.083179,3
-0.08235,-0.28838,3
1.1082,1.8324,3
2.4272,3.254,3
-5.9843,-1.1776,1
-3.4874,-0.13345,3
3.6554,2.8376,3
3.9437,-0.0084211,3
0.99844,5.7928,3
4.0423,1.2139,3
3.6305,2.9907,3
1.9323,1.2284,3
1.2822,5.3005,3
-3.0353,-2.8915,3
-2.5538,1.0405,3
0.14105,2.7674,3
3.3101,2.6797,3
1.048,-0.31504,3
4.2514,2.8473,3
-2.7661,-3.092,2
0.55334,-2.3211,1
2.1837,-1.5219,3
-0.312,1.6694,3
0.65165,-2.0387,3
-2.7358,1.852,3
-0.71164,1.6732,3
-1.4668,1.1091,3
5.4569,5.175,3
-3.3046,-0.19815,3
0.10068,1.6325,3
6.0101,2.1177,3
1.4156,-1.7798,3
1.2903,1.7999,2
2.8553,4.4379,3
0.3987,0.19798,3
0.53904,3.0725,3
4.39,1.3662,3
-1.0975,-1.613,3
0.303,1.6916,3
4.6229,2.4611,3
2.0203,0.84913,3
2.7056,-1.4783,3
4.0567,4.3594,3
2.6742,-1.0341,3
0.38226,-3.7408,3
1.82,-1.1372,3
-3.4269,-1.7479,1
-1.6314,-2.1333,1
-1.256,0.20694,3
1.1698,1.0745,3
4.7922,1.1238,3
2.4123,2.5195,3
0.30208,1.9736,3
-1.597,0.12658,3
-1,-0.91256,3
-1.6229,0.23093,3
-1.04,-1.9191,3
-1.1289,0.55671,3
-3.353,-0.9316,3
4.6855,1.6428,3
4.1615,-0.87412,3
-1.5907,2.3274,2
0.57263,1.3416,3
1.0902,2.1917,3
-0.64292,1.0877,3
-3.5672,-3.5247,1
3.4595,1.2744,3
1.3052,-1.7902,3
4.5381,1.9419,3
0.61552,1.6651,3
-2.7317,3.9697,3
1.1583,3.5115,3
1.623,6.1293,3
-0.63116,3.7018,3
2.78,-1.3853,3
1.0632,1.9043,3
3.313,5.3002,3
-0.62138,0.24104,2
0.909,2.1819,3
-3.2365,2.1396,3
3.2811,3.7873,3
3.6768,1.0693,3
2.4539,4.0381,3
1.8399,0.074488,3
3.6843,0.016684,3
0.77016,0.88279,3
-4.351,-0.14879,2
-2.8669,1.9535,2
1.081,0.50213,2
-3.4035,0.76539,2
1.8652,0.81267,3
3.4824,1.3423,3
1.104,-0.24907,3
1.1711,1.0914,3
1.2044,0.78214,3
0.74482,2.8625,3
1.4201,-3.7794,3
3.3689,-0.63256,3
-3.083,-3.0721,1
-0.82036,0.22658,3
1.6388,-0.89287,3
0.093789,-3.3704,3
2.4791,1.1741,3
-5.8176,-2.2578,2
0.20835,0.85713,3
-3.2923,1.8775,3
3.0901,3.6897,3
1.8228,2.6516,2
-7.342,-1.413,1
4.1648,3.2866,3
2.4779,0.30093,3
0.41383,-3.0609,3
-0.094835,-0.52873,3
-0.12832,0.066915,3
0.71725,0.26173,3
1.5862,4.1686,3
4.4078,3.2902,3
2.2726,-0.28099,3
1.0847,-1.4761,2
-2.7154,1.6735,3
-0.048373,-0.39979,2
5.5614,0.37754,3
-1.1868,-0.42686,3
4.0215,0.30319,3
-0.88799,3.7095,3
1.6969,-0.48494,3
1.9454,0.022689,3
0.89272,1.5337,3
3.1462,-0.3106,3
-1.3795,2.4179,3
2.1713,0.93513,3
-1.6912,0.89658,3
1.0305,5.2841,2
-1.6027,2.0211,3
-1.2001,3.3317,1
0.33483,-1.0351,3
3.0157,-1.2005,3
5.8474,-2.4961,3
0.80185,5.2228,3
0.13683,-3.7914,3
-1.1643,-0.76951,3
1.7936,0.48349,3
-1.7483,-1.8639,3
2.2231,-3.1725,3
3.7549,4.0131,3
-0.82683,0.61683,3
-3.0442,-0.30999,3
0.80086,-1.0518,3
1.825,-1.7465,3
1.3651,-0.71247,1
5.3166,0.8087,3
1.5884,1.2509,3
2.4653,3.8927,3
1.0011,-0.24086,3
-1.9096,-0.69185,3
-0.91408,-0.5803,3
0.31287,3.9754,3
-0.24946,-0.95654,3
-3.7403,-2.6889,3
5.1362,1.2179,3
-2.2118,2.7282,3
2.2606,-1.9544,3
4.6848,4.0452,3
0.47228,-2.8966,2
1.8866,1.4416,3
-1.0748,4.9193,3
3.8827,-1.241,3
1.3028,2.3127,3
2.5449,-1.1938,3
0.78229,2.7478,3
0.0049051,1.1574,3
-0.51792,-0.65577,3
3.3326,-0.74652,3
-0.64602,-0.64113,3
1.0326,2.3935,3
4.7702,2.7481,3
1.2889,2.4547,3
3.0275,1.1625,3
1.6037,4.0169,3
-1.0235,-0.1499,1
-3.8246,0.33055,2
-0.40724,-1.359,3
-3.008,1.6067,3
3.751,2.0232,3
-2.8498,1.9859,3
3.5513,-1.7708,3
1.8114,2.5466,2
5.7996,0.32541,2
1.45,3.7846,3
0.95788,1.0557,3
1.0921,1.6117,3
3.2372,2.0771,3
0.36646,-0.10226,2
2.3271,2.9159,3
-0.96333,-2.8287,3
2.0692,1.4668,3
1.9704,3.146,3
-0.24965,-0.94568,2
1.0313,-0.89732,3
3.07,-0.79212,1
1.268,-1.0504,3
2.3447,0.20686,3
-3.1837,0.24325,3
-3.3522,-2.1709,2
6.2862,0.88903,3
-0.012287,-1.6686,3
1.5968,4.9592,3
0.72331,-1.6037,3
-0.0042818,1.8051,3
0.76201,-0.37289,3
2.8987,-2.8834,3
1.9492,1.3167,3
1.5953,0.88793,3
4.6506,0.94435,3
-2.1243,-1.0409,3
-1.0288,0.6347,3
1.3071,2.0509,3
0.45238,0.71163,3
2.3052,7.1269,3
1.0952,1.6368,3
0.30703,-0.18947,3
1.7097,2.004,3
0.78439,-1.9044,3
1.6671,4.4471,3
-0.64295,5.4829,3
2.2656,4.0207,3
1.3757,0.7447,3
-1.3904,-1.2994,1
-0.57765,-3.3701,3
3.2,1.5752,3
2.4185,0.89525,3
0.25129,1.8761,3
1.9093,2.7735,3
2.2957,-1.3791,3
1.2363,4.1484,3
0.78005,-2.5921,3
4.3097,6.3772,3
-1.1275,2.0453,3
-4.9442,-1.6929,3
4.0009,2.0923,3
5.7965,1.1093,3
-1.3423,0.64591,3
2.1457,0.95925,2
-0.10286,1.1784,3
3.1534,5.986,3
6.0173,4.7826,3
3.1753,4.138,3
-4.5552,1.4612,3
6.1781,3.4385,3
-0.7036,-0.19005,3
0.046264,1.9149,3
-2.9785,-2.0309,3
-2.4955,-2.5974,3
1.462,4.9931,2
-3.11,-1.4072,1
1.9607,0.91438,3
3.831,-0.61986,3
7.0623,2.5277,3
-1.7024,-1.5146,1
3.1982,2.1146,3
-0.61105,-0.012707,3
3.0993,4.4088,3
3.54,5.9911,3
0.59945,-1.324,3
-2.0616,-1.9101,3
0.11855,2.7133,3
1.1754,0.32846,3
1.5322,1.0773,2
0.13187,-1.2795,3
-0.88832,0.93414,3
5.9599,5.1733,3
-1.6398,-2.3593,3
-1.87,-3.318,1
0.54969,1.7848,1
2.535,0.301,3
0.33508,1.6522,3
3.3778,-2.2614,3
0.76341,3.5159,3
-1.0457,1.3319,3
3.2734,2.9994,3
4.5342,0.85249,3
-2.0066,3.0676,3
1.0933,-0.49763,3
2.6006,0.21138,3
-3.0667,-2.3759,3
-0.032555,-2.9303,2
1.8481,-0.13504,3
-0.12836,1.4287,3
5.3921,2.4044,3
4.1203,1.7611,3
-0.45932,-2.0168,3
2.5263,-0.413,3
-1.5667,-0.85204,3
2.2402,2.6687,3
0.9201,4.5066,3
-0.65771,-0.50496,3
-4.4022,-0.18884,3
0.26813,3.1721,3
1.1148,0.58693,3
1.9639,2.5063,3
-0.81765,2.1436,3
0.81765,-3.2409,3
-0.77078,1.1385,3
-1.8499,-2.4021,1
0.33352,6.2239,3
1.3224,1.9085,3
-1.4714,0.72898,3
0.60703,2.6687,3
1.2894,3.038,3
2.5819,2.5059,3
0.0031621,-1.4993,1
3.5736,-3.7572,3
4.4302,4.1601,3
1.6,1.1805,3
-1.8908,1.3698,3
0.7779,-1.3108,3
1.519,3.8884,3
2.2864,0.20666,3
3.9994,1.0648,3
2.3657,-0.22762,3
-2.1492,3.7264,3
0.11934,3.9877,3
5.9462,1.6643,3
-2.5984,1.4986,3
3.8995,-0.30363,2
-1.0592,-0.3606,2
0.80622,1.3181,3
1.3959,-1.5965,3
-2.0689,2.2453,3
0.11697,-0.95873,3
0.67549,3.498,3
0.93068,-2.3521,3
-4.2312,0.33144,2
1.8593,3.7824,2
2.1843,1.538,3
3.499,-0.24224,3
-1.2441,1.811,3
0.94468,-0.0068512,3
1.6942,-2.2724,3
5.6272,-0.48785,3
0.93879,0.73086,3
-1.6121,2.6996,3
3.9938,0.8926,3
3.0708,2.2478,3
1.8991,0.52885,3
-0.55879,-2.466,3
3.9585,1.5779,3
-2.564,-2.3524,2
-1.0789,-3.7153,3
2.2461,1.9413,3
2.688,-1.0319,3
-1.6253,0.39673,3
2.2373,-0.13285,1
1.3361,-1.6883,3
0.24363,-1.1362,3
1.0276,0.84847,3
7.3075,1.1534,3
1.0444,0.95436,3
1.4144,-0.91279,3
-0.095243,-0.50751,3
1.5327,0.12593,3
-0.12003,-0.53908,3
-3.3989,-1.1117,3
5.5582,2.2534,2
1.1195,-1.0403,3
2.7095,-0.79684,3
2.3247,3.7389,3
0.78135,1.2751,3
-1.5288,1.3882,3
1.6902,2.3496,3
0.5739,-6.5619,3
2.0433,-1.8257,3
-4.1626,-6.8426,1
-0.58306,-4.3144,1
1.5366,0.57615,3
3.6795,-0.80321,3
-0.79944,-3.2521,3
2.8643,-0.062126,3
-4.4405,-2.033,3
-0.38542,3.7049,3
3.7864,2.7023,2
2.5424,-1.8592,3
4.3109,1.0764,3
1.1359,2.2504,2
2.7073,3.2452,3
