3.5851,-0.44674,2
-2.5732,1.1639,3
-6.2969,-0.26757,1
-0.62896,0.95515,2
0.56526,0.89418,3
-0.92421,0.041357,3
1.5114,1.4641,1
-1.0652,-0.14417,2
-2.5975,-3.7897,3
0.60753,-0.39037,2
0.66267,-0.286,3
0.49684,-1.3712,1
1.6559,3.4595,3
-2.2568,-0.19422,2
-3.345,-5.3876,1
-2.4521,-0.079798,3
-3.6221,-1.9265,1
2.1719,0.60987,3
1.7576,1.9464,2
-3.511,-0.55258,1
-1.2266,2.0986,1
0.21542,-3.505,1
1.0279,0.37641,2
-6.4856,-1.51,1
0.83594,-1.6778,1
-1.0893,-3.8324,1
-2.9345,-0.56592,2
2.6692,3.3456,3
-2.0633,-1.9494,2
1.2256,0.15908,1
2.3891,4.5497,2
1.5189,-2.6713,2
-1.4392,-3.5522,2
0.33421,0.30284,3
2.7588,0.562,3
-4.5062,0.46387,3
-5.2184,0.20213,1
0.41146,-0.62231,1
-0.58957,1.0546,2
-4.4986,-5.196,1
2.4283,1.6982,2
1.1149,0.45574,1
-1.5721,1.9301,2
1.0804,1.998,2
-2.3866,-4.0201,1
4.8798,2.2642,3
1.7156,-0.50016,3
0.19325,2.653,2
1.3019,5.0629,1
-2.6201,-1.1907,2
-0.23526,-2.1866,3
-0.91727,-0.42597,2
0.81404,-2.3836,3
-2.9949,1.7097,2
1.4789,-1.9197,3
-0.8308,-1.2984,1
1.5783,1.7473,2
-3.8738,-0.3582,1
-3.1454,-1.0715,1
-0.18538,0.58132,3
0.34612,-0.31136,3
-0.92267,0.59987,3
4.8187,0.67193,3
1.49,2.5367,1
-1.4332,-1.8552,2
0.39987,-2.0723,2
-1.8871,-0.47047,2
-2.4269,1.3373,3
4.6751,1.932,3
-1.4918,2.8838,3
-1.446,5.8784,2
-0.61703,-0.96728,3
-1.1407,-2.8808,2
-0.44197,1.2278,1
-1.1074,-1.7376,1
-1.4515,0.74253,1
-3.2353,4.836,2
-0.77515,-2.5754,1
-3.6531,-3.4575,1
0.70309,-0.28559,2
2.1192,0.76345,1
-2.157,1.5736,2
0.82474,0.80846,3
-0.53557,-3.1566,1
-2.3107,0.22917,2
0.1412,-2.6082,1
-6.0262,-1.8204,1
1.2738,-0.74381,2
-5.07,-1.5539,3
3.226,6.2926,3
-2.476,-1.8324,1
-2.0906,-0.56002,2
-0.39295,-1.2431,1
-0.91912,-2.9928,1
2.96,0.38338,2
2.9227,0.44706,3
-0.17868,1.7391,3
-1.0726,-1.1175,1
-2.2004,-2.0468,1
-0.99514,0.88634,3
-3.5172,-1.1937,1
1.733,0.30156,3
-0.67608,2.5645,1
-2.0983,-1.0217,1
1.593,-0.08592,3
2.4344,0.19444,2
-0.36315,-3.5523,2
-2.0133,1.0259,3
-1.702,1.0202,1
1.9082,0.33225,1
0.82106,-0.14471,2
1.9049,0.41354,3
2.9087,-0.62656,2
1.7484,7.1254,2
-1.5591,-0.80055,1
-1.5226,-1.5801,1
-1.166,0.039903,2
1.7741,3.3828,3
-0.34747,1.9536,3
-2.0808,0.0937,3
-0.0079769,-3.2502,2
1.0883,-1.5057,3
-3.1329,1.8908,2
-1.6868,-0.024728,2
-1.7086,-0.34894,1
4.4554,2.6136,3
-0.95061,1.509,2
0.22276,0.24206,3
0.61802,-1.9084,1
0.36295,1.3935,3
0.13128,1.0433,1
1.1254,-1.7453,1
-2.2801,1.8835,2
-2.1921,-2.2844,1
-2.9282,-4.3354,1
-4.1275,0.65922,3
0.36874,0.86838,3
6.2298,4.2034,3
-2.1797,-1.6958,1
3.9412,3.2726,3
-1.6524,-3.361,2
-3.3969,-0.52363,3
4.135,-0.21142,2
0.21864,-0.69023,2
-0.36847,2.4898,3
5.319,-1.9036,3
0.98588,-0.45592,3
-0.71084,1.2747,3
-0.21777,1.9661,1
-2.1476,-2.0866,2
-0.32121,-5.3023,1
2.94,4.0527,3
4.6697,1.2079,3
1.7162,0.56105,1
0.31112,1.9103,2
-5.0245,-0.1336,1
-1.243,-2.9177,1
-3.5582,-0.11252,2
1.2656,-2.4149,2
-1.2899,-0.95108,2
0.32082,-0.22131,3
1.7512,-1.8559,3
0.1396,-2.0034,1
-3.846,1.7005,1
1.7577,2.0979,2
0.90978,-0.21929,3
1.2953,-2.4554,3
1.738,4.2176,3
-4.7113,-3.2991,1
2.1688,3.0601,2
-3.2157,0.84627,2
0.79234,3.0678,2
-1.1652,-1.1518,1
-1.9528,-3.2248,1
-2.8591,-3.8265,1
-0.9533,-5.769,1
0.44506,3.2822,1
-2.0841,-1.445,2
-1.0086,1.4504,3
3.4337,3.5162,3
2.4127,0.99951,3
-2.7483,0.31563,1
-0.84007,0.34282,1
-2.8541,1.9136,3
0.64418,-0.51247,1
-0.34032,0.27403,2
-2.065,1.3597,1
0.7025,-3.3447,1
0.38964,3.7342,1
-1.849,2.8201,3
-0.98642,-0.67938,2
-1.8505,-2.1483,2
0.31466,4.0171,3
4.2462,1.6458,1
1.0502,-0.32619,1
2.3964,1.0951,1
-1.4733,3.7728,1
1.105,-1.6604,1
2.1997,-1.2211,1
-0.97725,-0.017655,3
0.8379,-1.6081,1
-1.3591,-2.3184,1
1.2828,-0.52404,3
0.43851,-0.71289,1
2.6466,-0.61642,2
-3.3321,-0.92184,2
-1.5886,-1.3873,1
5.0573,2.4277,3
-4.1338,-0.26036,1
2.4134,2.3982,2
2.9626,2.4164,3
2.447,0.23744,2
-1.6078,1.9416,1
0.44477,5.3155,2
3.6617,2.8615,2
0.58494,-0.37844,1
1.176,1.1434,3
0.12995,-0.57856,3
0.16494,-2.9485,2
-2.8909,-1.9999,2
2.8743,1.8127,3
-0.32403,1.2482,1
-1.6679,4.6227,2
-2,-3.1365,2
2.0492,0.78396,2
-1.5206,-3.0955,1
-3.1016,-0.89592,1
3.4539,1.2621,1
-3.6577,0.71672,1
-2.3939,-2.5892,1
3.35,1.2413,3
-3.5989,0.69288,2
6.1901,0.22851,3
1.4824,-2.8082,2
-0.77088,-1.87,1
1.34,-1.9033,2
-1.8835,-3.0068,2
2.853,-0.66689,2
3.2795,-0.25512,1
-0.58427,-0.87654,2
1.1716,1.4375,2
0.99231,-3.8324,2
1.335,1.4047,3
0.84983,2.139,2
2.4191,0.70222,2
-4.5982,-3.0576,1
4.245,-0.56279,2
2.5009,1.9183,1
-3.8341,-1.9059,1
-0.52274,-0.087347,1
-1.3692,-0.83325,1
0.81132,0.26602,2
0.37459,1.0717,2
-3.8466,-3.3998,1
-5.1316,2.6391,2
-1.0537,-2.7938,3
3.2299,-3.3753,1
2.8299,3.9755,3
-3.7378,-1.3291,1
3.2282,-1.3007,2
-0.71538,0.24966,3
-0.54393,2.4296,2
-2.0546,0.33098,1
1.0447,-2.2435,2
3.0635,2.4611,3
-2.5299,-1.3698,1
-1.7946,-1.3488,2
0.24606,1.6708,2
0.61426,-3.0105,2
-0.51481,1.9599,2
-0.052327,-4.2208,2
1.4914,-1.3576,2
-6.3036,-3.0073,1
3.486,-1.6418,1
-1.2618,-0.61732,2
-4.5631,3.5081,1
1.1727,4.5043,2
0.70005,1.0452,2
1.0913,-2.8185,2
-1.7777,-1.9489,2
2.1666,4.6132,2
2.7051,2.9691,3
-0.84629,-0.45875,1
1.2261,-2.4392,2
-1.0673,0.81229,1
0.16952,0.88919,1
-1.5566,5.0411,3
5.1233,0.23249,2
-1.4006,0.055532,1
-0.10102,0.039845,3
-4.3878,0.96376,1
0.56658,-2.2928,3
-0.32804,2.3641,3
-0.82334,-2.7813,3
-1.5405,-2.0482,1
3.7463,2.5829,2
-1.2514,-3.1263,2
-1.1887,-0.41024,1
-2.8917,-0.78528,3
-2.7059,2.0176,1
1.3379,-4.7009,3
4.505,1.4506,3
0.083975,1.5092,1
0.56778,-0.39739,2
2.269,-2.5507,2
-2.4045,2.9471,1
3.2012,-0.73805,3
-2.0401,-2.3077,1
1.2446,-2.094,3
0.98206,2.0437,3
-1.2767,-6.3406,1
-1.1446,-2.3597,3
-4.1822,-0.64455,2
0.062406,-1.088,1
-1.7516,4.5752,2
2.6905,-0.85894,3
-0.74501,1.996,3
7.3608,-0.27516,3
0.52934,1.3429,3
1.2065,0.9124,2
0.091969,-1.5216,2
3.6238,5.8209,3
1.7666,2.3502,1
-0.90297,2.4213,3
2.7004,0.50688,3
4.1195,-1.8046,3
4.3091,1.8103,3
-0.28698,-1.6674,2
-2.4359,-0.11402,2
-0.70063,-0.30066,3
-1.044,0.3745,3
-0.996,0.6901,2
-1.0582,-1.8602,1
0.62899,2.3353,3
-1.4117,-5.5307,1
3.5884,4.1578,2
1.3434,0.78143,2
2.3333,-0.19452,1
5.4351,3.8966,2
-1.8989,-1.844,1
0.85696,0.60795,3
1.045,0.13144,1
-0.77331,-3.6348,1
3.3646,-2.0988,1
1.6613,2.743,1
1.2456,-0.64531,1
-1.9507,2.7464,1
0.67078,0.40328,2
-1.7658,0.53125,2
0.68739,3.8453,2
-2.0318,0.76141,1
3.8891,0.14885,3
-0.44236,3.0753,3
-2.2355,-2.2304,1
1.8133,-1.7009,3
2.0043,5.9558,2
0.17913,0.12485,2
2.2046,1.2105,2
1.7581,-1.9624,1
0.10509,-3.7878,3
0.09947,-1.3212,3
1.782,-0.90968,1
-0.44116,-3.6064,2
-4.8845,-3.8991,1
-3.6695,-2.238,1
-3.6943,-1.5473,1
-1.3778,-1.5787,2
1.5982,-2.3398,1
-0.15508,-1.0738,1
-1.2396,-0.81335,2
3.6035,1.8545,3
-1.5577,0.25622,2
-0.38578,0.46736,3
1.7309,-0.95634,1
-4.2806,-1.325,1
-0.43184,0.62809,1
0.27283,0.88933,3
3.4192,1.2316,3
3.775,0.14729,1
2.3153,1.8195,2
0.21208,4.5119,3
1.1143,3.0528,2
-1.2729,1.5614,3
-1.321,-1.0269,1
2.9047,0.83567,1
-4.5961,-1.0229,1
-0.53869,-0.99885,2
0.013742,-1.7409,1
-0.71846,1.0737,2
-2.5569,-2.696,1
0.97359,2.2537,2
2.2993,3.6819,3
1.3776,-0.75424,1
0.30985,-0.57632,2
-1.5129,-1.4404,3
-2.8648,-4.3918,2
-1.5683,1.59,1
1.1616,-0.001943,3
-2.4866,1.2892,2
-0.64029,-1.9778,2
-2.466,-1.396,1
0.078918,1.5447,2
-1.2818,2.1859,1
0.86128,0.17031,2
2.1376,3.5777,3
0.95875,-1.0852,1
1.3254,-2.323,2
-0.95875,-0.34849,1
0.72998,2.3399,3
0.86104,2.284,3
1.7319,-2.0395,2
5.0019,1.8942,2
2.3782,-4.3995,1
-4.4174,-0.13151,2
-1.7527,1.0095,1
0.34518,0.55588,1
2.8071,0.3307,3
0.32392,2.6333,3
-4.3126,-1.074,1
0.08338,1.746,2
1.4907,-0.79062,2
-0.88843,0.2376,2
0.99948,0.74537,3
1.5115,-1.4124,1
-0.77454,1.7958,3
1.295,-2.1013,2
-3.4349,4.0356,1
3.1766,3.3059,3
2.8438,1.3042,3
-0.11846,1.437,3
-3.8451,-2.6532,1
1.0389,-1.1511,2
-0.24325,4.4594,3
-4.1123,-1.1752,1
3.4763,-1.3267,3
2.0729,-1.2775,1
-0.2752,3.0237,3
1.6689,-0.46196,2
0.30572,-2.6122,1
0.39034,-0.72647,1
0.40772,2.8393,2
-3.4746,-1.2678,1
2.4319,-0.50676,2
2.3005,0.48887,2
-2.9854,2.1296,2
-1.1247,-2.4622,3
-0.68615,-1.4976,2
0.19515,-0.87797,2
-2.2512,-2.0488,2
-1.4563,-2.0054,1
1.9365,-1.4077,1
1.1966,-2.414,3
3.3693,-1.7559,2
1.0095,0.32145,1
-0.17169,-0.85325,3
3.317,-0.86864,3
-3.0366,-1.3623,3
0.41854,-2.2358,1
-5.4778,-5.3977,1
0.85479,0.038955,2
0.13588,-0.23224,1
-4.3439,1.2525,1
1.4742,4.061,3
3.2852,4.3688,3
-1.6873,0.65761,1
0.2198,-3.5841,1
-2.1524,3.9147,3
0.32522,0.83351,1
-2.9657,0.71262,1
-2.5729,-4.3642,2
-0.18695,-0.31489,1
-0.47431,-1.2887,2
1.299,1.7101,3
-0.26165,0.44735,1
-1.539,0.97191,1
3.0665,-0.50594,3
1.317,1.1396,2
2.1372,-2.6128,3
0.69821,1.5644,3
-1.4459,2.777,2
1.0511,4.1111,2
-1.161,0.20144,3
4.4349,-0.049378,3
-0.19152,-3.7327,2
-1.0645,3.8043,2
-0.086167,-0.65655,2
1.9405,1.1655,2
2.3203,-0.081223,2
1.3872,0.44182,1
0.48317,-1.0265,1
2.1004,1.2755,3
-0.14563,-1.4746,1
-0.92146,-0.96291,1
-4.133,-2.4704,2
0.20095,2.942,2
-1.285,1.0584,1
-0.88419,-2.613,1
1.1845,-2.0568,3
0.44914,1.5687,3
-4.241,-2.0598,1
0.0027503,1.1155,1
-2.2205,-0.01822,2
0.53867,-0.22739,1
-3.9181,-0.52426,1
-0.032886,0.77285,1
-2.1125,-0.49342,1
-1.1832,1.5639,3
-0.25084,-3.011,1
-3.951,1.397,1
1.4371,-0.5212,3
3.3762,1.4533,2
-0.62551,-0.41518,1
-1.7149,0.36198,1
5.9843,3.0815,2
-0.4741,-0.44286,2
0.43006,-0.054867,1
-0.13793,1.1671,2
-0.71111,3.424,3
-0.27983,1.8798,2
-2.2573,-1.3038,2
4.1857,2.4098,2
2.7698,0.51511,3
1.2979,-2.0716,2
-1.1056,-3.8764,1
0.83733,2.183,3
-0.65993,1.784,2
2.511,-1.7933,2
-0.36004,1.4272,3
2.2206,1.8807,2
0.84425,-1.8504,2
1.1013,1.4603,3
-1.2028,0.41426,2
-1.6764,1.1487,1
-0.36957,-2.9027,1
3.0023,1.1332,2
-2.229,-1.1858,1
0.9959,4.3491,3
-2.2612,-0.72223,2
-1.1866,-0.040406,2
-1.4153,0.018352,3
-5.3563,1.3653,2
2.2095,1.1949,3
1.9709,-0.55893,3
4.2424,4.73,3
-3.5684,-1.3248,2
0.87971,-0.59813,2
-1.5612,2.562,3
0.93653,1.3945,1
-4.1054,-2.4863,2
-3.2724,2.5173,2
2.2393,-1.4362,3
0.50783,1.9395,2
1.6646,2.1323,3
-0.11896,-0.48318,3
-2.4726,-2.1885,1
-2.1814,-3.0606,2
0.25018,2.5268,1
-1.5783,-0.40789,1
-0.9118,-2.9816,3
0.12777,2.4958,1
-1.8052,-1.0023,1
-1.3346,3.2349,3
4.7402,2.2594,3
-2.277,-4.1003,1
-0.81653,-0.52891,3
0.20542,1.7637,1
-0.096088,-1.7864,1
1.9438,-1.4069,3
-2.2441,-2.0037,1
0.69994,-1.9717,2
4.9878,-1.483,2
0.32377,-4.0735,1
0.78904,0.36371,3
-1.9314,0.86988,2
-1.4794,-0.51836,1
-1.1069,-3.1282,2
-2.332,-0.77805,1
-2.2816,-1.7139,2
0.3205,0.14519,1
4.1222,1.2641,2
-0.70444,1.3506,1
-1.5094,-1.938,2
-2.9749,0.1353,3
-1.4263,-1.9094,2
1.8361,3.1572,2
4.828,-3.146,2
-2.3375,1.11,2
3.5045,1.8257,3
1.6713,1.6936,3
-0.90381,-1.3961,1
0.55879,-1.4106,3
-3.4558,-2.2316,1
-0.024269,1.447,3
1.8799,2.6661,1
1.8099,2.4628,2
1.2287,-2.5623,3
1.0594,-0.3223,3
2.2501,0.53892,3
-0.79676,0.2556,2
-0.073662,0.031387,2
3.117,0.46479,2
3.7835,0.56851,2
5.4015,-0.3897,2
-3.3834,-0.76679,2
-1.853,-0.68094,1
-2.5693,1.3445,2
1.1891,-0.67461,1
3.23,4.1118,3
0.080656,-1.4076,1
5.9739,3.5235,3
1.428,0.097078,3
0.85586,0.23845,1
1.7121,0.46867,2
-0.36731,0.65477,2
-0.29201,0.92903,3
2.2831,-0.0080785,1
-0.092891,-3.1844,2
-0.12962,3.9807,1
0.2559,-0.56108,3
0.18806,0.35231,1
-0.7188,-1.0843,2
-0.65895,-0.2636,2
-1.8463,-5.5231,1
-3.4023,-0.73052,2
1.0075,-1.0698,1
0.79178,-2.9571,2
-0.041186,-0.8943,2
-1.4366,-0.23762,2
-1.3433,-2.5209,2
2.3056,1.9903,1
-2.6825,-4.122,1
-2.9932,-2.8141,2
1.0936,-3.3912,2
0.054139,0.086695,2
0.069684,-1.0961,3
-0.64724,-0.41299,2
0.16773,1.6257,2
1.4446,2.9148,1
3.4939,-4.247,1
-1.7445,0.15872,3
4.6518,-0.20346,3
3.0901,0.61577,3
0.65862,-0.85437,3
-1.0439,-1.1842,3
-0.27052,-1.7675,3
-0.080994,3.7204,3
-0.063025,-3.9763,1
0.27077,-0.20924,3
0.63426,-3.6195,3
-2.7259,-2.5107,2
-1.9201,-2.2406,1
1.148,-1.5942,2
2.5245,-0.80751,3
2.1746,4.6055,2
4.2201,2.058,3
2.0777,3.4013,3
-0.65505,-2.8095,2
5.9121,1.6295,2
4.222,1.7819,2
-3.6622,-0.77642,1
3.4935,0.084681,2
5.4129,-0.17338,2
-0.19217,-1.7798,1
-1.5714,-0.58321,2
0.58119,2.2272,3
-0.57204,-1.4332,3
-2.6623,-1.2852,3
-3.5678,1.0726,1
-0.63292,1.2252,2
-0.59406,-0.33276,3
1.207,0.099101,3
1.6221,0.75992,1
-0.60029,-1.836,1
1.4879,-0.23058,2
1.5872,-0.26387,3
0.51422,1.5823,3
0.36292,-0.78148,3
-1.8882,0.3725,2
-0.84523,-3.995,1
6.3457,6.4505,3
-2.3062,-2.7454,1
1.1101,-3.2176,2
2.4326,-2.0712,3
-1.5249,-2.3524,1
-3.7198,-0.54921,2
-1.0582,4.8979,2
-2.6653,2.257,1
2.2339,0.92977,3
-4.4295,-0.49498,1
0.58049,2.5555,1
-0.86364,0.068361,2
-3.4536,-6.2427,1
-1.8555,-0.87445,1
5.0149,-1.6904,3
1.2284,-3.3532,2
1.9451,-1.8386,3
-0.44619,-2.3784,2
2.9727,1.0763,2
0.24493,-3.3524,2
-0.024573,-0.94613,1
-1.0567,-0.32528,2
0.097915,2.9191,2
-4.0329,-0.95546,2
5.1092,1.5364,3
-1.2497,-1.7357,2
1.3779,3.8129,2
-1.8571,-1.4724,2
0.1017,0.49354,1
0.35583,0.75351,3
2.0015,3.1382,1
2.9445,0.31156,2
0.51736,3.5538,2
-2.9384,0.2706,2
2.1838,1.3344,3
-1.7939,-0.25427,3
1.7309,0.2519,3
3.6916,1.6392,3
1.908,-3.8807,2
-2.0236,2.5394,1
2.8538,1.1924,2
6.2179,2.7105,3
-1.5541,1.1551,1
4.0869,-0.30879,3
1.3788,2.5687,2
3.2143,5.7116,3
-0.50177,-4.9179,3
-0.69857,0.92757,3
-1.5756,-1.0116,1
2.2389,1.9719,3
2.513,-0.52402,1
0.76595,-1.294,2
-1.5749,-3.2625,1
3.5083,0.98995,1
2.5086,5.831,1
-2.8311,-3.0536,1
-1.823,-0.58134,1
0.10196,-2.0721,2
-2.7331,0.56798,2
1.737,3.3121,2
-3.943,2.8636,3
-4.8841,-0.077724,1
0.672,1.9033,3
0.14782,0.86668,2
2.5709,-2.824,2
2.4195,3.7126,2
2.7276,-1.1371,3
-3.837,2.3071,1
-0.1187,0.80918,1
1.5269,-0.1311,2
1.0027,-0.79902,3
2.2097,4.1409,2
-0.54216,1.1397,3
0.084981,2.1537,2
-1.3741,-1.8786,1
-2.4759,-3.1813,1
5.3172,-1.9059,3
-0.17124,5.555,2
-0.012805,-0.12764,2
2.2669,2.5921,3
2.2879,1.8928,3
4.5537,0.41787,3
2.8368,-1.3207,3
-0.93755,4.5679,3
-5.5118,-3.9036,1
2.6383,2.8146,3
-5.3392,2.9576,3
0.3117,0.066933,2
1.0378,-0.90853,3
-1.478,-0.012198,1
3.6941,-0.17063,1
1.8395,0.80755,3
-0.89213,-1.7119,2
-1.0088,-0.1518,3
-0.70049,-1.6946,2
-0.56472,-2.6492,3
-6.0356,-5.0312,1
0.85063,-1.9824,3
3.0923,3.3922,3
1.5665,0.28882,3
2.6791,1.2596,2
1.7344,-1.4647,2
-2.6132,0.051846,1
0.34102,4.3197,3
0.088297,-0.60324,2
2.1449,2.5021,3
-2.6201,0.17618,3
2.2322,3.4016,2
-0.15265,1.4343,2
-0.95435,2.2552,2
0.10812,-0.84084,2
-1.3153,1.6794,2
3.29,3.6768,2
2.9742,0.5823,2
0.54236,1.8636,1
-1.0823,0.13556,1
-3.8071,-0.36776,1
3.8243,-1.7422,2
-5.2594,-1.0713,2
1.3308,2.2855,2
-2.4141,-3.7718,2
2.5623,3.172,1
1.3988,2.5465,3
-4.6176,0.2802,1
-1.2862,0.091979,3
-0.37776,0.28453,2
-2.0388,-2.135,2
-2.4435,-4.3053,1
-3.8868,-1.477,2
5.7876,1.7654,3
3.3701,2.539,2
0.79041,0.5174,3
3.185,1.1624,3
-4.1896,-3.2812,1
-1.5982,2.1967,3
2.2652,-1.7888,2
3.5174,3.6309,3
-1.659,1.9695,2
1.6293,-1.8664,1
0.41161,2.4328,3
1.854,2.0884,3
1.224,1.4131,2
4.0958,-0.88359,2
0.020238,0.79452,3
1.9619,-0.11031,2
-1.8698,1.2843,2
-2.3858,0.028149,2
-2.1732,-3.0603,1
2.7577,2.0707,2
-3.0271,-2.8861,1
-1.099,-1.8416,2
1.2593,8.0145,3
-1.2793,0.14925,3
-5.5978,1.1745,2
-2.6497,3.0298,2
-0.37598,-3.8031,2
-2.1218,-0.14252,1
-1.9425,1.1394,3
-1.2333,-1.0141,1
2.4076,-3.6175,1
4.4488,0.46501,2
-1.8782,1.9448,3
-0.73199,-3.1642,1
2.5503,-2.5737,1
-1.1435,1.7557,3
0.89883,-3.6144,2
-1.4618,2.0923,2
-4.5944,1.608,2
2.3495,-0.22463,1
-1.9859,-2.6806,1
1.1462,0.9406,2
2.0198,3.7763,3
-1.3973,-1.0853,1
-0.75252,-1.5293,2
1.8919,2.8006,2
-1.5878,-0.65636,1
-1.3599,1.2155,1
4.5735,4.1574,3
-0.85124,-0.88212,1
-3.3842,-2.8963,1
0.8884,1.8407,3
1.4696,3.285,1
-1.6539,-1.566,1
-1.3498,0.040096,1
2.707,4.0621,3
5.2057,0.92778,3
5.5591,2.025,2
4.3916,-1.6204,3
0.85845,-2.385,1
3.564,1.165,2
-1.1281,1.3868,2
-0.96807,2.8895,2
0.83105,-0.2026,3
5.1173,1.2419,3
4.7843,-1.862,3
4.2313,0.25716,1
1.2294,-1.9604,1
-0.57401,-1.0066,1
3.8737,3.1402,3
2.1657,-1.2982,1
2.7681,3.1098,3
-1.4645,-0.14665,2
-1.3142,-1.3626,3
-0.63674,-3.4778,2
1.9766,1.4742,2
-0.42842,-0.23092,2
1.2099,-6.0003,2
2.5736,-0.94152,3
-0.13228,-0.84778,2
-1.6892,1.4109,3
-2.5872,1.947,3
-0.43253,0.42658,2
-0.61997,-4.1775,1
4.4526,0.60276,1
-2.6308,-0.24391,2
4.4104,0.83444,1
0.41201,-1.4267,1
-1.1695,1.2954,1
-2.6752,-1.7418,3
-0.64256,4.9691,2
0.54135,-1.2099,1
-1.43,0.40532,3
0.23705,-6.9667,1
2.6582,3.0764,3
-3.936,-0.69039,1
4.1321,-1.7352,3
-4.6858,-1.4083,3
-1.1213,-0.49574,3
-5.8586,-4.0223,1
0.78815,-0.28292,3
-3.4709,-3.7501,1
-4.309,-2.9085,1
-6.0385,-3.5934,1
4.065,1.5693,2
2.3477,4.3035,2
-0.47377,-3.987,1
1.3115,3.3943,3
0.78155,0.99332,2
-0.23902,-0.86806,2
-4.7164,1.881,2
-2.0535,-0.16128,2
0.28412,-1.1739,2
-1.6994,3.1125,2
-1.9817,-0.65615,3
-1.1403,-1.4364,1
-2.3402,-1.2424,2
0.85898,-0.95032,3
-1.4472,3.925,3
-3.7765,-0.067973,2
-0.38893,3.173,3
-0.13672,2.0689,3
3.7644,1.6079,2
3.0586,1.5686,2
-0.039554,0.75097,3
-0.9213,-1.6077,1
-1.6588,1.1695,2
-2.8972,0.145,2
0.78362,-4.5784,3
3.2758,0.3623,2
2.3626,-0.61155,1
0.19119,0.32438,3
-1.3873,-2.0856,1
-0.39122,-0.62207,2
5.087,2.9905,3
-0.50694,1.16,2
0.062907,0.65864,2
1.533,-3.9485,1
4.6034,2.8458,3
-0.52567,2.81,3
0.93392,4.0188,2
-2.5732,-0.67917,2
-1.568,3.8598,3
-0.92882,-2.4956,2
2.1829,5.0491,3
0.55679,1.4638,1
-3.6473,-4.3157,1
-0.40759,1.8555,3
1.7702,1.0952,2
-3.6043,-2.2322,1
1.1233,-3.8184,1
2.4691,3.804,3
1.9211,-1.8117,2
-1.3991,-2.8224,1
6.2561,4.617,3
0.69076,0.17704,2
-0.031445,-1.7596,3
1.7272,0.57367,3
-1.9761,0.13374,1
0.84855,1.586,2
1.7377,3.6764,3
-2.9417,-5.5153,1
-1.8204,-0.35068,2
-0.13903,0.074456,2
2.5113,-0.28779,1
1.1011,1.7364,1
-3.6715,-1.2485,1
1.0812,-0.44006,1
-0.71628,1.7626,2
0.040727,1.0413,2
0.057557,0.30788,2
-2.7183,0.033888,2
-2.9713,2.4755,1
-1.6232,-3.0688,1
0.6431,-3.0177,1
4.5558,0.38696,2
-5.3638,-1.3315,2
-2.132,-5.2481,1
-6.0983,-2.3204,1
-1.111,-2.0723,2
-0.82451,0.4175,3
0.4392,-2.3185,1
3.8751,-1.1747,3
0.49302,0.013673,2
1.9368,0.23885,3
1.6943,-1.3073,3
-1.8789,1.8167,2
-2.7877,-2.7155,2
1.071,-2.0019,3
0.96029,0.91425,3
-1.0256,-0.586,2
-2.3669,2.1239,3
-1.8374,-2.2107,2
0.066112,-1.1651,3
1.2272,-2.4991,1
2.4548,1.337,3
-3.1938,-2.2284,1
0.35397,-1.8212,1
0.97398,5.4522,2
-1.7877,-0.78335,1
-3.3947,-0.67026,2
1.3932,3.1658,3
-1.8135,2.3621,1
1.6596,0.65655,3
2.3201,-0.75032,2
0.97354,-0.71753,2
-3.5935,5.5323,1
2.5842,-0.85819,1
0.29517,-0.45937,3
-4.1857,-0.40382,1
0.22714,-2.777,3
-1.7105,-2.5735,1
-0.70132,-0.65002,2
-0.94248,-0.47822,2
-1.163,2.6504,1
1.2611,-0.80394,2
-1.1475,-1.1302,1
2.5094,-0.037711,3
2.0863,1.9353,3
-0.25269,0.54827,2
2.1942,1.1497,3
-6.0184,-1.3011,1
-5.1999,-1.3334,3
-1.2043,3.3917,2
4.0231,1.8759,3
1.5429,2.3799,3
-2.4975,0.7667,1
-2.4911,3.8775,2
-0.52561,-2.4057,2
-0.88137,-2.9975,1
1.1336,0.20473,2
-2.1159,-3.3455,3
-1.5202,0.1542,2
0.12135,0.99102,3
-5.666,0.1799,1
-0.72768,3.5044,2
1.1706,6.2472,3
-1.9525,-3.8746,2
1.0962,4.1705,3
0.51939,3.2729,1
-3.8471,-1.1267,2
1.2419,2.227,3
0.44278,-0.38176,2
2.3219,0.38562,3
-0.38367,2.6633,2
3.4823,2.3408,3
-2.045,3.1664,1
2.1951,-0.72626,3
-1.4764,0.70911,3
-1.5255,-3.9812,2
0.3041,-0.38132,2
-1.6005,0.20917,1
4.0112,2.8026,3
2.6493,-0.21556,2
0.15561,-1.5769,1
1.542,2.815,1
1.1709,2.4599,3
-1.3226,1.1599,1
0.20059,3.1078,2
2.0648,-2.5711,2
-0.56494,-0.10136,2
1.0884,1.0967,3
-2.4737,-1.4361,1
0.69562,-0.5952,2
1.1894,4.8984,3
4.9951,1.8519,2
-1.1462,0.3714,3
3.001,1.22,3
0.5997,-4.961,1
-2.9051,1.5172,3
-0.02232,1.8385,2
-1.9015,-3.5774,1
1.9697,0.87336,1
-0.27412,3.3585,3
-1.1628,1.1673,1
-0.16525,-2.9275,2
-0.36314,1.6826,1
-6.7438,-6.3398,1
-3.817,1.1121,1
0.60491,1.3443,2
-1.0084,1.2659,2
0.43439,1.2167,3
-1.2668,1.9578,2
4.4912,0.11529,2
0.85223,-0.92248,1
-1.9882,-4.2066,3
-0.22162,-3.2552,3
1.4192,-2.2602,2
1.6541,0.59658,3
-1.8215,-2.3544,2
-0.68616,-2.4276,1
0.75151,1.7067,2
1.136,1.9388,2
1.2723,0.11887,2
2.1225,5.3314,3
-0.23024,2.3979,1
-1.1267,0.56378,2
-1.5005,-0.69392,2
3.4097,2.7664,2
2.8935,-5.6336,1
2.4938,-1.4771,2
1.7135,2.6879,3
-6.9813,-6.9432,1
-0.012534,-1.5507,2
-1.8903,-0.48374,2
2.189,5.466,3
2.974,8.2547,2
-0.52293,-2.6019,1
0.77931,-1.0055,3
-1.9731,0.91587,1
0.72101,1.9722,2
6.9985,3.2087,3
-3.3065,-3.859,3
2.5688,0.53038,2
3.7234,4.6826,3
-2.0724,-3.9414,1
2.8477,2.3672,3
-1.5244,-1.946,1
2.6415,1.2261,2
2.6188,0.091281,1
1.2139,0.42744,2
1.0185,1.4436,3
3.9008,2.6515,3
-2.5218,2.5464,1
-1.4159,0.57991,3
-1.5436,0.38822,1
0.027235,0.39362,1
3.7614,-1.0366,1
2.048,-0.90596,3
2.0669,2.9062,3
0.56864,-5.075,1
3.958,2.7146,3
-2.7857,0.96694,1
-0.95439,4.0391,3
-0.0077713,-0.3196,1
3.5974,4.9667,3
4.4025,0.08732,3
-0.31832,-0.64274,2
-0.91616,-0.24314,3
0.30643,-3.2092,2
0.40152,-0.40134,3
-2.0482,0.34881,1
1.4261,-2.9987,2
2.2879,2.8217,3
2.036,3.068,3
1.6867,2.5086,3
5.1141,4.5048,3
-0.72834,-1.6446,2
-1.5408,1.1092,3
-0.11864,1.6209,1
1.4836,-0.053547,1
1.7237,-0.69691,3
5.7522,-0.97835,3
-2.2103,2.029,3
-1.4952,-1.232,1
-4.407,-3.248,1
0.36972,-0.61624,1
-4.0071,-6.0345,1
2.437,3.0907,2
0.16228,2.5067,1
0.22608,-0.52792,2
-0.027783,0.99239,1
-2.7583,3.1643,3
0.56414,0.83067,3
0.82653,-0.9803,3
0.8522,0.46871,2
2.4544,0.4071,2
-4.6448,-0.69195,2
-4.1795,-0.000677,2
0.52242,-1.2223,2
-0.41412,3.2208,3
2.3318,-2.2311,1
-7.9219,-2.4337,1
0.22268,-0.079543,1
-1.1756,1.5064,3
2.2777,2.8177,3
2.4969,4.3016,3
-2.1322,-1.0629,2
-0.19876,-1.01,2
0.090617,-0.49876,2
1.1207,1.9447,3
0.75063,2.4663,3
1.1311,1.8856,2
6.2835,0.97725,3
1.2362,-2.1836,3
-1.6103,3.6468,2
0.38686,4.4225,1
0.61837,1.1311,2
0.35543,4.0314,3
3.7848,-0.71547,3
-2.2464,-3.4876,2
-0.6236,-0.40087,1
-9.5539,-5.0723,1
-4.5266,-3.4694,1
-3.1656,-0.61784,2
-0.83511,-2.7511,3
3.3827,-2.0754,3
-2.0785,-0.76578,1
-0.41238,-3.2507,1
-1.8137,1.3559,1
1.5947,3.342,3
0.13945,-0.89868,3
-0.68597,2.8589,1
0.79698,0.97548,2
1.1501,-0.76306,3
5.251,3.0954,3
0.99357,-1.5967,1
0.69584,-2.4645,3
1.741,0.55137,3
-0.97547,4.5574,2
1.7496,2.4052,3
-1.5026,3.7382,3
0.91614,-1.8163,3
1.781,-2.0624,1
-3.2991,-1.8127,3
-3.7338,-3.2626,2
3.8287,2.3996,2
-0.076817,-2.3691,2
4.0666,3.8886,3
0.097541,0.64796,1
3.2798,1.7294,2
-2.7931,0.81258,1
-0.93259,-1.4372,1
-0.12283,-2.6998,1
2.7829,0.4723,3
5.6605,1.9547,3
0.58363,-1.2958,2
-1.7825,1.3102,2
-0.84098,-1.2186,2
-0.70315,0.38647,3
-5.2964,-3.1986,1
-3.6042,-3.6471,1
-4.016,-5.1642,1
-1.4699,-1.8189,1
3.6568,0.98203,3
-2.901,4.145,2
0.16554,-0.32835,3
1.2164,-2.3227,2
-0.14763,-2.5499,1
0.23445,-0.73963,2
0.50456,-1.1029,3
-2.6361,-2.5492,1
4.5358,-0.2504,2
-1.3442,-0.2125,2
-2.1628,0.8927,3
1.5575,-2.9612,2
0.92617,-3.9313,1
-3.9008,0.097859,1
-0.61207,5.9621,3
1.2062,1.4674,2
-4.3513,-1.9097,2
-1.2703,1.503,3
-0.5614,-0.75788,3
0.01643,-0.013704,2
-1.2993,-4.2546,1
-2.342,4.591,1
2.9873,-2.2384,2
5.2071,2.5024,3
-0.43284,2.3096,2
-2.6756,-3.3536,1
0.56491,-4.082,2
0.21169,1.7012,3
-2.0381,-2.6764,1
-0.25162,0.33485,1
1.0435,0.49337,3
3.2904,6.13,3
-4.6947,-1.7366,1
-0.31143,0.13481,3
-2.2077,-1.9983,2
1.2706,4.6838,2
-1.3709,-1.4254,2
-0.79939,3.7795,3
-1.2782,0.38166,2
-0.36098,1.4361,1
-0.033158,-0.82493,2
0.62629,-1.3236,2
3.0129,1.1168,2
1.6074,-2.4142,3
1.6176,2.8661,3
1.6095,-2.0254,3
0.11023,-2.0008,3
2.9982,3.6543,2
-3.3648,-2.4538,1
0.0074822,-1.3435,1
1.1434,0.23862,2
-0.36558,2.5902,3
-4.3628,0.74204,1
-4.083,-2.8382,1
0.3956,-2.2391,2
1.0103,-0.36965,3
6.2761,1.8611,3
0.52711,-0.056107,1
0.3196,0.21114,3
-4.8956,-2.5299,1
-2.0883,0.76396,2
2.1561,1.6572,3
-0.69383,0.061237,2
-1.1166,3.7159,2
0.58381,0.21389,3
0.1762,-4.6544,3
-4.9714,-2.4817,1
-1.3329,-0.82448,3
-1.7827,-1.2739,2
-3.7105,-0.61845,1
-2.7179,-1.4865,1
-2.5419,-4.1168,1
-0.48583,3.6054,3
0.70941,-2.0703,2
3.8682,1.4171,2
0.00070475,0.5496,1
0.21164,3.951,3
-3.5133,1.8895,2
0.68266,2.2039,2
-2.4046,-1.1313,2
-0.77966,-2.7126,3
1.108,-4.4388,2
-0.2257,0.66696,2
-2.6388,-2.509,2
-1.8176,1.0138,2
3.5084,-2.4207,1
0.15589,1.1324,1
1.3162,0.027637,1
-1.7516,1.1505,1
-3.5707,1.4012,1
-0.40389,-1.9489,3
-0.69411,-1.3963,1
3.3924,-0.30291,3
-1.7437,-1.763,2
-1.4633,2.1985,1
-4.153,-2.152,1
1.7,-2.3092,2
-4.2398,-0.25854,2
0.23736,-2.7246,3
-0.8552,0.67492,2
3.5349,1.528,3
8.2566,-0.77822,3
-0.73373,2.3388,3
-1.1047,-3.7257,2
-1.3569,-5.2024,1
1.9378,1.7417,2
2.5234,-0.64674,3
-2.505,2.4467,3
-0.042088,-1.0332,2
-0.98045,3.6405,1
2.2934,1.9409,3
-4.0425,-2.5457,1
-1.5241,-0.20061,2
-3.8576,-1.477,2
-2.8002,1.6414,2
-0.82651,-0.089156,1
2.7162,-2.9797,3
3.6139,-0.56077,2
2.2457,-3.5543,3
-3.1206,-2.5098,2
-1.0258,1.9048,2
1.3647,-1.2539,3
-1.0038,1.7032,2
-1.6206,-4.401,1
-3.6463,0.93317,1
-1.7413,0.36721,1
-4.4767,-4.0893,1
-0.44134,-2.6546,1
-3.4678,0.19865,2
1.2445,0.7691,3
-0.95354,-2.9239,1
-1.3058,-0.98354,2
0.91101,-0.92724,1
-2.062,-0.76455,1
-2.7562,0.64611,2
2.1087,-1.4918,2
-0.073332,-3.3173,1
1.1348,0.27872,1
0.48431,-0.024915,1
0.94443,-2.6192,3
-2.3662,-1.1202,1
1.793,5.3519,3
-1.795,-3.9251,1
-1.1348,0.33768,2
-5.3657,-2.7794,1
-2.6376,1.9897,3
-3.7543,0.62352,3
-2.2515,1.556,1
2.0991,1.2556,2
-1.6028,-1.68,2
-2.6326,-4.3174,2
-6.3298,-0.54229,2
-2.0147,1.945,2
0.029573,-2.2487,1
-1.9122,3.7055,2
-1.8603,2.2057,3
1.195,-0.68754,1
1.712,3.614,1
-0.78517,-0.75894,3
0.65136,-0.32542,3
-3.8788,0.6288,1
-1.8515,0.095391,1
0.92704,-1.8248,3
0.62264,1.6523,2
-1.2406,-1.9713,1
3.2416,2.8492,3
4.8259,3.197,3
6.6565,2.6009,2
3.3626,0.2856,3
-3.6344,-0.66584,1
1.033,0.15047,3
-1.7501,1.6335,1
-4.0907,-2.8118,1
-2.4288,-3.4732,2
3.0204,0.42055,3
-2.2485,-0.7602,3
-3.4297,-0.4307,2
-3.6373,-2.288,2
-2.9498,2.9475,2
-4.2141,0.23989,3
-3.745,-0.0067802,2
-0.14842,-1.1308,3
-1.9198,-1.3744,2
-1.3439,-2.9903,1
-5.012,-2.8635,1
2.2672,-1.3503,2
-0.63346,-3.4629,2
1.5535,-1.384,1
1.9655,2.5588,3
-0.48692,1.013,1
3.1049,-2.7975,2
0.12964,-1.8224,1
-1.4867,0.34765,3
3.648,5.9542,2
2.8856,1.5772,2
0.77071,-2.2703,3
1.0292,1.2586,2
0.37105,1.0232,3
1.9259,2.91,3
-0.43926,1.6211,3
-1.5674,-5.3368,1
-0.64464,-1.6191,3
0.7033,-1.8238,3
-1.3272,-5.2813,1
0.48245,3.1901,2
2.6517,1.9899,3
-0.85125,2.1146,2
0.81571,0.72975,3
0.19789,0.58749,2
-0.8575,2.7172,2
-0.17676,-1.6305,1
1.8849,-0.92617,1
1.0068,1.4601,3
-1.8809,-2.3824,3
-7.3391,-2.7063,1
-4.2113,2.1529,1
-3.8376,-4.2289,1
-1.684,0.67243,3
-1.5968,1.1946,3
1.3885,0.14262,3
1.1641,1.9408,2
-1.9985,2.5165,3
1.9039,-2.8879,3
-0.02517,-0.26342,2
3.0893,0.18094,3
-2.2163,-3.4019,1
-2.3243,-2.6917,1
-4.5142,0.81098,2
-0.13987,-0.15141,2
-1.8612,0.08633,1
1.8099,-0.79104,3
-0.865,0.046787,3
0.22909,0.69443,2
-2.3144,-1.4941,1
-1.8809,-1.4434,3
0.3184,-2.0154,3
5.8709,0.37761,2
0.22793,-2.2375,1
4.6888,-0.65259,3
3.221,1.2322,2
-2.8361,-0.58882,2
-0.93309,1.4243,2
-2.2721,1.6913,1
-1.5971,-5.3069,3
-1.0943,-1.978,1
0.24687,0.75721,3
-0.05127,0.38156,1
4.5009,1.5958,3
-3.8614,-0.11068,1
1.9179,-3.302,1
1.2495,2.4871,3
-2.3881,-3.7837,2
-4.7034,-1.328,1
2.9803,4.9907,1
-1.1383,1.9711,2
-1.3289,-2.9612,1
-0.46166,0.28597,1
-1.1721,0.4847,1
5.8209,1.2299,3
-1.0808,-1.2086,1
0.66683,1.2177,2
3.4494,0.21966,3
-2.8045,0.33452,1
-1.2723,-0.48253,1
2.1949,2.7698,3
-1.2509,3.7136,3
2.469,0.53153,1
-1.402,-5.0382,2
2.4513,1.3997,3
-0.6847,3.3283,2
0.13312,0.46031,3
3.3362,0.16088,3
0.26807,-0.14782,3
2.2927,-0.48264,3
2.0194,2.5577,3
-0.14366,-1.436,1
0.14148,-0.58793,1
0.83587,6.1193,2
2.5715,1.5648,3
-2.2147,-2.2546,2
-2.3704,0.62152,1
1.4316,2.3715,2
0.22912,1.5892,2
1.1102,-0.36775,2
0.20654,-2.2048,1
5.1672,0.68639,2
-4.1227,-1.5289,1
-1.3734,-1.8399,2
1.2461,3.5018,3
-3.9621,-5.324,1
-1.1285,-4.9707,1
-0.11902,1.9429,3
-0.25465,-3.1729,1
-1.2539,-3.6319,2
2.7932,1.5437,3
5.9468,4.0892,3
-2.3248,-0.11915,2
4.0085,0.40695,1
2.9446,2.9327,2
4.9746,1.0533,3
2.8486,3.5937,3
0.87088,0.64591,3
0.62604,-4.962,1
-0.73879,3.6234,2
0.43437,-4.2479,1
-1.3081,0.27745,3
4.0389,-0.93338,1
-1.8309,1.0775,1
1.0505,3.4314,3
-2.4912,-0.09065,2
-1.3633,-0.9149,1
1.5152,-0.17955,3
1.1601,1.2249,2
-1.8873,3.6406,2
3.6963,-1.3987,3
1.287,3.4038,3
1.457,-0.36568,3
2.3383,7.3038,2
2.737,0.38225,1
-3.596,-2.5496,1
-1.4199,-2.5715,3
-0.45827,-1.0867,1
0.13612,-0.01619,3
1.0953,5.5246,3
4.9376,-4.8828,2
3.3935,0.87632,3
3.8582,0.5882,3
1.1215,-1.6379,1
2.9346,0.57845,3
-0.25007,2.1732,3
-1.8903,-3.3341,1
-0.89557,-3.153,1
0.56896,-3.0363,2
-3.3998,3.0437,3
-3.0157,-0.51663,2
-1.2831,-4.2539,3
0.78266,-5.1936,2
2.8545,-0.58722,2
-1.5153,-6.9706,1
1.9613,-3.4599,1
1.512,-0.3594,3
1.271,2.8673,3
-5.8999,-0.3536,1
3.2184,-0.22379,3
-1.3953,-3.2727,1
0.99185,-0.82058,1
-0.39308,3.5114,2
-0.76473,-1.4706,2
-0.53881,0.88488,2
7.1592,1.8703,3
-0.81766,-3.9166,1
0.85268,-0.33419,3
1.8487,-1.501,1
-2.4133,-1.3546,3
-2.6776,-0.09873,3
-0.39709,0.32086,1
-1.3584,0.72673,2
-1.1969,0.16617,2
4.6126,-0.70695,3
0.56395,6.2585,1
-5.1088,-2.7251,1
-5.3139,-0.27561,1
0.77949,0.97357,3
-0.6134,-0.076967,3
-1.6254,-2.6322,3
-2.1581,-3.8386,1
-2.6032,-0.70841,2
1.0541,3.8154,2
-1.0404,0.75405,3
4.483,5.005,3
-2.56,0.16846,1
2.3097,0.47242,2
-1.9507,0.56693,2
-1.9482,2.1977,2
2.3196,4.9768,3
1.7166,-1.3108,3
-3.722,2.7457,2
0.31132,3.8382,3
-2.5694,1.0457,2
2.6364,1.5446,2
-1.2594,-2.5064,1
2.0065,-1.7333,1
0.86558,-4.9989,1
-0.22221,-2.2247,3
2.321,2.1617,3
-3.1296,2.6097,3
-0.82339,-2.3659,3
-3.2866,0.20901,2
-0.068742,-1.2954,1
1.7485,-2.3338,3
2.1484,-0.076535,1
-1.9818,1.6687,1
4.0297,-0.074802,1
-1.264,0.55927,1
2.358,-0.94034,3
-1.0135,-2.5702,2
-1.6198,-1.8526,2
-0.14842,-1.7097,2
-2.1576,-1.7412,1
0.77796,1.9907,3
5.0008,0.74353,1
-0.58363,3.6687,3
-0.73016,6.3898,3
0.57037,-1.5219,2
-2.3644,1.1972,1
-1.275,-3.7647,1
-1.6129,0.23151,2
-1.0903,-1.1573,1
1.1142,-0.86665,3
5.3757,5.2415,3
0.30622,-0.14668,3
0.34788,-1.1168,2
-1.0439,0.027799,3
-0.062305,0.96982,3
-1.0978,1.0868,3
-1.4852,4.8202,3
1.1585,1.3592,3
-2.3618,1.9098,2
-5.4627,-2.6171,1
-0.090203,4.0135,3
-0.14903,2.0019,3
1.3119,-1.0788,2
-2.5075,2.5526,1
2.4793,-0.62161,3
-0.89801,-1.8888,3
1.1174,-0.064482,1
3.34,0.2498,2
-0.52933,-3.4409,1
0.90137,1.7213,3
-2.1805,-0.54701,1
0.67429,1.4764,3
-1.4292,-2.2816,2
-3.0553,-3.2313,1
0.2379,0.98922,2
-0.45342,-0.47368,2
-1.0225,1.4058,1
-0.13951,-2.8039,3
1.0665,3.4657,2
2.1944,0.14877,3
1.96,1.8706,2
0.090347,-4.7091,1
-2.0658,-1.3069,2
-0.17836,-3.2139,1
-1.3664,-2.9172,1
3.2808,0.10695,3
0.045782,-0.93465,3
-1.6669,-4.3843,1
-1.0432,0.45174,3
-1.1835,-0.76519,1
2.7979,1.0854,1
-3.55,0.60255,1
1.7485,0.40899,3
-1.5437,-1.477,2
0.58467,0.79686,2
0.44153,0.3144,3
-2.9409,-0.78966,3
-0.25507,-2.8644,1
-1.881,0.060769,1
4.4062,-0.70462,3
-0.2248,1.6382,2
0.81226,-3.8154,1
5.743,0.57852,3
1.8563,2.0004,1
-0.81696,-1.6497,3
0.10776,0.88576,1
-3.1569,1.7292,3
1.2598,4.4223,3
1.2211,-1.8714,3
3.3724,0.44898,1
0.70319,-2.9285,1
-0.70859,-1.7731,2
2.971,0.45418,2
0.24992,0.40191,1
-0.73692,-0.91417,1
-2.2821,-0.33222,1
1.2512,1.2396,1
0.2365,0.77739,1
1.8319,0.048078,2
3.3514,-0.76268,2
-0.41762,-1.5955,2
0.11411,0.45949,2
3.238,2.0761,2
3.1879,3.4524,2
-1.0872,2.3303,2
-1.4617,0.77094,3
5.0407,1.7167,3
5.267,5.6536,3
3.8831,5.0817,2
-3.1093,-1.0067,1
-1.784,-1.3279,3
-2.4395,3.7231,1
1.4412,5.5581,3
0.7787,-3.0484,3
-1.8726,3.3113,2
1.7769,-1.5423,2
0.16307,1.7189,3
0.049008,0.93689,3
-3.9927,-0.49763,1
-1.1016,1.3839,3
1.6564,1.8235,2
-0.31031,1.8555,3
-1.5968,-3.5957,1
2.2096,-0.61913,2
-2.0296,-3.853,2
-0.061658,2.0755,1
0.16408,2.8118,3
-2.034,-3.1775,1
-0.21025,1.3539,2
3.3618,-0.60637,3
0.36213,-1.6076,1
-0.38908,-0.090615,3
0.69208,-0.063025,3
-1.2133,2.444,2
1.0373,-4.7639,1
1.088,0.52957,2
-1.9829,4.2265,3
0.54527,-1.7982,2
2.6595,-3.0721,3
2.2779,-0.69035,1
-5.9963,1.4998,2
-0.054495,-1.3751,2
2.3867,-0.072185,3
-2.6695,1.9584,2
-3.2701,-0.28363,1
-3.0222,-1.2177,2
2.9636,2.0299,3
0.29828,-0.1552,2
-3.6014,-4.2628,1
-2.9778,1.0469,1
-1.9383,2.5859,3
5.1805,-0.06033,2
0.52032,5.986,2
-3.6135,0.64636,3
-0.60445,-0.65133,2
-4.145,-0.78009,2
1.8762,0.78635,3
1.8566,2.0589,1
4.2816,5.5744,3
-1.9218,1.0151,1
0.71603,0.7806,2
-1.0829,-0.5638,3
1.207,1.7895,1
-3.2693,-0.109,1
-1.0874,-2.3987,3
1.1244,0.042589,1
-0.14253,0.67147,1
-1.8039,-2.8253,1
1.9922,-1.2647,3
3.4099,-0.39606,2
-0.12391,-5.6515,1
0.80685,3.5276,3
-2.0138,-1.8509,2
-0.29367,3.2694,3
2.5282,3.0963,2
-0.77843,0.54866,1
4.111,1.7352,3
-0.96313,3.4901,3
-1.8776,0.9102,3
-3.5073,-1.5077,2
-2.5334,0.87832,1
3.2626,-4.6465,2
1.9964,-2.2328,2
1.0782,2.5829,3
1.7059,-1.8305,2
1.4032,0.98696,3
2.2192,-3.2279,2
0.21156,-2.7137,2
0.69272,-0.69606,3
1.0764,-0.38385,2
-0.53697,0.31041,1
-1.2865,-0.80488,2
0.34317,-1.112,2
-2.3779,1.516,3
4.1328,3.5613,2
1.2061,-0.34787,3
-0.88999,-4.5779,1
0.64129,-1.9844,3
1.3085,0.71729,2
0.71502,0.99586,1
1.4799,-1.9849,2
3.2724,2.5349,3
-0.18612,1.2436,1
0.49106,1.8809,3
-0.85592,-0.70911,1
5.6761,0.31413,3
0.44374,0.13735,2
0.31724,-0.0098748,1
-1.9704,-0.047273,1
1.3932,3.0897,1
3.1565,4.6312,3
3.0508,-3.2408,2
-2.3003,1.2083,2
2.9321,-0.76974,3
0.81595,0.61957,3
-0.8402,-0.014792,3
-2.0292,-0.52387,3
0.48469,-2.4068,3
-0.52092,0.01133,3
-1.1953,-4.2468,2
1.6462,2.533,2
1.2663,2.4606,3
-1.0073,-3.9898,3
1.0545,0.81099,2
-4.6231,-2.4772,1
0.078734,-1.8802,2
0.37312,-0.88615,2
1.6541,0.81675,1
-0.55298,-0.87235,1
1.7002,0.61064,2
-0.82455,0.8972,2
-0.70062,-2.8051,1
-1.8601,1.8956,1
-1.3481,-0.93892,2
-1.1268,-2.2669,2
-0.90736,-0.5202,1
-0.10044,-1.4991,1
1.4002,2.8841,1
-3.0884,-2.5475,1
-3.2267,4.0693,3
-0.45649,-1.8442,2
-4.6586,-2.857,2
-0.39032,1.1618,2
0.19374,-0.68365,1
1.0895,1.7862,2
-4.8077,-1.8023,1
-0.79397,-2.3817,1
-0.90969,-0.47579,3
-1.5349,0.92721,2
0.18723,-4.465,2
3.8972,0.11323,1
2.9136,3.1098,2
0.99395,0.15529,3
0.28258,-0.068828,1
-1.0583,1.1386,2
1.5407,1.8499,1
-1.2539,0.44826,2
0.21129,-1.425,2
2.4975,2.6526,2
0.87808,0.35106,3
-1.7463,3.0468,1
1.1097,-2.0173,1
-4.2861,-1.3509,1
1.7441,1.3907,3
-4.5988,-1.142,1
-0.96258,-2.4009,3
-0.4582,-0.96137,2
-1.0841,-0.14315,2
2.4977,2.3686,3
3.1103,1.0394,3
0.054818,2.4972,3
0.38916,-0.37135,1
-1.2084,1.9738,3
-0.27302,3.7289,3
-4.749,-1.251,1
-0.60271,2.0739,3
2.7157,2.8134,3
-2.0558,0.24576,2
1.8432,5.8746,3
2.0374,-0.74925,1
1.2779,-2.1186,1
-1.6106,3.4831,3
-0.87324,-0.88397,2
-1.1774,0.29715,3
1.1427,0.41831,1
-6.253,-1.0823,1
-0.70797,3.1546,1
3.9496,-1.4323,3
2.8187,1.6424,3
-0.059905,0.87778,3
0.28061,-3.9978,3
1.4228,-1.5974,3
-1.5228,-1.141,2
-3.3446,-1.2715,1
0.73283,1.2491,3
-1.3154,-4.394,1
0.52545,0.071748,1
3.2746,3.2353,3
0.24761,0.22743,2
1.4868,-0.62301,2
-1.0113,5.0729,2
-2.049,-0.088068,1
2.0121,4.0879,2
1.8301,3.0156,3
0.53891,1.5151,1
-1.7026,3.4913,3
0.059274,-1.2893,2
-0.90225,-1.7961,1
4.6708,0.63128,3
-0.29266,2.8895,3
-0.69126,-0.59044,2
2.9516,-0.84701,3
-0.48949,2.8821,1
0.86249,0.15098,3
-4.6862,-2.7943,1
0.96068,-3.1383,1
0.53532,2.4104,1
2.9408,0.83221,2
0.059258,1.361,3
2.0948,0.20408,2
1.4564,-1.4822,3
1.1695,1.5803,3
-0.59377,-1.5875,1
-0.73646,0.4093,3
0.32715,0.23858,1
-7.1615,-5.5205,1
-0.97474,1.5389,2
0.075006,-1.0746,2
0.28619,-1.0205,1
0.7446,-0.87848,2
-0.11345,0.306,1
0.14144,3.6265,3
2.1607,4.7403,3
-2.433,-3.9304,1
0.24365,1.322,2
-0.11347,1.4344,2
-1.716,-0.59382,1
-1.9767,-3.1152,1
3.15,4.2293,2
0.4236,4.763,3
-1.2992,-1.5978,1
-1.359,-1.5965,1
-1.2257,-1.2118,1
-2.5358,-2.051,1
-2.7461,2.3511,1
0.097716,1.5112,2
-2.5349,-1.9875,1
-0.72571,-3.1962,2
-2.5453,-4.0565,1
-0.18075,-7.1564,2
0.91373,-4.2365,1
-2.8255,-0.72335,2
2.2816,-0.065338,1
-2.1935,-3.1271,1
2.5575,3.1369,2
0.50743,4.2078,1
2.0303,0.66915,3
-0.81926,-3.356,2
2.5986,3.0382,3
2.3063,-1.7836,1
1.0823,1.8342,2
2.5067,4.8955,2
1.0835,-0.49808,2
-2.368,-4.1282,3
2.0183,-2.9733,3
-2.896,-1.4841,1
2.4594,0.27963,2
2.8755,1.2288,2
1.7973,3.1844,1
-1.3804,-5.5952,1
2.7023,2.8132,2
2.7545,0.36217,2
3.3564,4.1965,2
-1.6178,-1.0922,1
-0.63272,0.85876,3
-0.43518,-4.1121,1
0.031232,-4.2912,3
-0.27517,1.9981,3
0.65232,3.1006,3
2.758,0.46728,1
-0.87291,-0.57563,2
-1.1472,1.282,2
1.9691,-1.404,2
0.94832,2.4198,3
-0.35953,-0.5899,2
-2.3272,-2.0583,2
1.1512,1.3805,2
3.0454,-1.7653,1
0.4047,0.77007,1
-1.8019,0.78781,2
-3.8398,-0.15629,1
-1.3008,-3.27,1
-0.75512,-0.31877,2
2.4057,-1.8693,3
-0.23926,1.6057,1
-1.0586,-3.6081,2
-0.13246,3.4314,3
-0.47564,-3.4134,2
-0.33333,3.1996,2
-1.6286,-0.74658,2
-3.82,0.22331,2
0.93057,4.2912,3
2.5929,2.2592,3
1.1703,-2.4722,1
3.3908,-0.096934,3
0.12169,-0.95986,3
1.4363,-0.58283,3
-0.88072,0.75616,2
-0.97736,-4.1702,1
-1.4607,2.5077,1
1.4339,-0.99207,3
1.5579,1.1187,1
-1.8866,-1.7358,1
-2.0328,-0.33452,3
-0.29959,-0.28224,1
1.5756,2.156,2
3.5308,-2.3275,3
-2.1898,-2.9117,1
-2.9725,1.2155,1
-4.1385,-4.4268,1
-4.2556,0.63041,2
0.66127,-0.68485,3
-5.0581,-2.2148,1
-1.1993,4.0967,3
-0.81077,3.9905,1
-2.3947,1.1767,2
-1.6084,-1.1333,2
0.62863,0.28736,3
-2.9841,-3.0609,2
0.26597,0.83354,3
3.7887,2.6021,3
0.16342,2.087,2
-2.7332,1.3203,2
0.13696,3.2226,2
-0.93588,-5.4635,1
0.1098,1.1085,1
-0.48256,-0.61694,1
1.9186,3.2876,3
1.5444,2.7716,2
-2.934,-1.4783,2
5.2771,2.8501,3
2.3786,-0.96285,2
-1.5026,0.60433,2
-1.4371,1.5446,2
-1.9819,-4.8636,2
-0.88185,-2.4941,1
0.5088,-2.4171,1
3.4044,-0.67665,2
0.42472,2.0386,3
0.53104,-0.71063,2
3.2484,-2.5772,3
2.033,2.8748,1
1.9123,-4.098,1
-1.0995,-0.5724,1
1.8712,-1.7575,3
-0.2285,1.7949,2
-2.9135,0.50097,1
3.7363,1.3888,3
2.7627,-0.30583,3
1.2187,-0.80369,1
-0.10696,0.02138,2
2.9037,-0.13792,2
1.1111,-0.39075,2
-2.8341,-0.15112,1
1.6101,0.55144,3
2.6301,0.02859,1
-3.27,-2.7717,1
-1.2354,0.6008,2
-2.3574,-6.5735,1
-1.4276,0.26049,2
0.32663,-0.67488,3
-2.8609,-2.7855,1
-2.3049,0.24346,1
-0.99666,0.55029,1
-0.088563,1.4866,1
2.7326,1.1228,3
-3.1529,-1.667,2
-1.2083,1.7127,1
-0.86335,-1.4376,3
5.4368,3.3822,2
-0.073222,1.061,2
1.3232,1.0845,2
-2.87,0.067615,3
0.38174,-1.099,3
0.19121,-2.6085,1
-1.2309,-0.25866,2
0.52418,-0.40738,2
-2.7471,0.57698,1
3.3447,-0.050178,2
1.416,-0.04112,1
1.6739,-4.3961,2
1.7437,-0.78914,3
0.81747,1.5065,3
-2.5229,-1.1802,1
-3.0556,-4.0867,1
0.47758,0.037276,2
-0.64379,-1.7513,2
-3.9713,1.6035,2
-4.3121,-4.0001,1
-1.2334,-6.2967,2
-2.9752,-1.597,2
1.1155,1.7445,3
0.33283,2.0005,1
-1.0068,0.48779,2
-0.25822,-1.8453,1
1.1542,-0.99401,2
-0.96299,-3.4164,1
1.351,-1.1918,2
-3.4293,-1.9779,1
4.6641,3.2179,2
-1.8564,-2.2252,2
-0.72934,-0.18871,2
0.42361,4.291,3
-0.67684,-1.7112,3
1.1754,0.54064,1
-2.2957,0.52255,3
-1.1927,-4.4877,2
0.72289,2.8925,3
1.935,1.5117,2
5.3891,2.7667,3
-1.3317,2.1489,2
0.7025,-3.3575,1
-1.9828,1.6562,3
0.84818,0.097211,3
0.91892,-1.9367,2
-0.99094,-0.43778,1
0.52016,2.2184,2
1.5693,-3.4374,2
3.1733,-4.5802,3
2.1932,2.2913,3
-1.0118,-5.1786,1
-1.8689,1.1585,2
0.95955,0.1909,2
-0.25755,0.53789,1
0.34632,1.2854,1
0.10593,4.11,3
0.057404,1.4615,2
-2.7125,0.52199,2
1.0826,0.44025,1
-1.5603,-0.70094,1
0.20433,0.077328,3
0.39737,-1.2153,1
2.8956,-2.4519,3
-2.2518,-5.0181,2
-1.851,-0.96001,1
3.1127,-4.997,1
-3.4502,-2.1864,1
-0.63047,0.08638,2
-3.1344,-2.0861,2
2.8703,0.89075,1
-0.44348,2.0181,2
-0.67084,1.8163,1
0.26615,0.92289,3
-0.50863,0.59045,3
-1.779,-1.1722,1
5.1344,1.2699,2
0.37288,-4.1187,1
-2.3882,-1.5154,2
-0.72586,-2.2988,1
0.65278,-0.63483,1
1.4725,-1.8856,2
-2.4482,0.88776,1
-1.5619,-2.2873,1
-1.2672,1.0795,3
1.0041,3.5686,1
-0.32471,-0.97386,2
-1.4197,0.16254,1
2.8956,2.4786,2
4.7313,6.5002,3
-2.1682,2.4976,2
-2.9994,-3.5889,1
-3.3342,0.96578,1
-0.23209,2.7541,3
-4.0474,-1.1954,2
-2.9238,-3.7438,1
-0.65136,-3.0833,1
3.6382,0.56387,3
1.9508,-0.43733,2
0.96204,4.174,2
-1.1146,0.06619,2
5.3158,0.86045,3
-3.5453,2.0238,2
-1.327,-4.5428,1
2.742,1.3587,2
0.5969,1.2828,3
-2.7527,-2.0353,2
0.17473,0.73158,1
0.41448,1.2896,3
-1.3779,0.32808,2
-0.78969,-4.0723,1
1.1719,1.3829,3
2.7561,2.5798,3
3.6666,3.5058,2
-3.6876,0.59855,3
-0.5717,-0.42966,1
0.7584,0.62093,3
-1.9895,3.7845,2
1.2494,3.0254,3
-1.5342,-3.2072,1
-4.0299,3.5615,3
-3.3593,2.1148,1
-0.14894,0.30569,3
0.69313,1.456,2
1.2136,1.8722,1
2.3224,0.26482,2
1.026,2.6862,1
4.9348,4.2031,3
2.5332,-1.8503,2
3.4356,1.4438,2
2.5201,1.5864,2
2.6748,-1.5279,2
-3.6719,-4.5571,1
-1.1165,0.72405,2
-2.8667,0.82448,3
-1.2123,-1.2729,1
-2.023,-3.1104,1
-2.799,-2.4211,2
-2.2164,4.1273,3
-3.5263,-3.4824,1
0.3914,0.87337,2
-0.51362,-1.9046,3
4.3656,1.0382,3
-0.67647,2.3987,3
-2.5863,-1.1012,1
2.7391,0.095479,1
-2.3657,1.5898,1
1.6181,1.7851,3
-1.7786,-3.7361,2
-5.7452,-8.3282,1
-4.4595,-0.43811,1
1.1501,-0.45204,3
1.7385,-1.5629,2
0.74737,2.4024,3
-1.9485,0.17084,2
-3.9688,-0.59822,1
4.3692,1.2001,3
2.3507,1.4028,2
2.4028,2.5116,3
1.1758,3.774,2
-2.4992,2.2461,1
4.1126,2.2964,1
2.8824,0.82101,3
0.26494,-5.3236,1
-1.3975,-1.0315,2
1.4476,0.051285,2
0.34576,3.2978,2
1.1092,0.85731,1
-0.31347,0.074651,1
4.4464,-2.6182,3
2.5767,2.036,3
-1.0338,-2.1125,1
-4.3529,-4.4135,1
-1.6498,-0.46037,1
1.4215,2.3724,3
0.018936,-2.3262,2
2.7218,0.35026,2
3.9272,1.0497,3
3.2753,1.3068,3
3.677,1.8077,3
-3.0316,-1.2879,1
0.39534,-0.35417,3
-1.7911,-0.42793,1
2.3078,1.6407,3
-1.2562,1.61,1
1.8675,0.74312,2
1.1387,0.14049,3
-4.024,-1.5837,1
-1.0289,-3.1774,1
2.3758,-0.71701,1
1.8649,2.0719,1
1.4188,-0.20077,2
-0.18887,-0.33478,2
3.5825,1.1805,1
3.7012,1.8731,2
1.2731,-2.0526,3
-0.16664,-0.47622,3
0.76047,2.8823,3
-5.0256,1.6723,1
-1.5148,-3.1626,2
-2.2481,-0.17145,1
-1.0348,-0.46648,2
1.5568,-0.21756,1
-3.7251,0.1781,3
1.6096,-3.9632,1
0.70475,-2.6251,2
3.7236,3.9923,3
2.1585,-1.3708,1
0.82769,3.1851,1
-0.81157,-4.2066,1
3.7716,2.7872,3
1.7756,0.53757,2
-0.6579,3.3835,3
-3.3055,1.2978,1
-1.4482,-1.2972,1
-2.5161,-4.0765,1
0.72174,-1.9197,2
3.2143,-0.63469,1
-2.2248,-6.7299,1
4.1458,3.9643,3
-2.9001,-0.18596,1
0.88599,-3.0054,1
-2.3183,-0.8056,1
-1.3123,-2.3044,1
-4.201,-1.0459,2
2.2379,2.4726,3
0.5299,2.234,3
-2.4677,2.3139,2
-0.8188,1.3102,3
-2.004,2.3226,2
0.86944,1.5045,3
3.0077,-0.14005,3
2.1103,3.4004,2
-0.80221,0.13547,2
4.421,0.67734,3
2.4674,-2.1878,2
-1.495,1.8389,1
2.1432,1.6023,2
2.1276,3.3734,3
-0.66281,-3.2113,2
-0.66247,0.67907,2
-3.8362,-1.0996,1
-2.8232,-1.3695,1
1.8588,-0.30286,1
-0.20081,0.6214,2
-0.21308,2.3343,2
-3.2222,-0.84881,1
2.0394,0.19468,1
-4.2226,-0.89208,2
-1.3442,0.84753,2
-0.7438,1.9734,3
1.0823,-0.27807,2
2.9081,4.9653,3
3.476,-1.0146,1
2.2738,4.0833,3
2.0505,4.3739,3
1.5556,-1.431,1
4.5509,0.35881,2
2.7169,0.43972,1
-0.090901,1.2055,2
0.34515,-0.24123,1
-0.29269,4.7664,2
-6.8094,-4.1208,1
2.6593,2.9169,3
-4.7249,-0.72253,2
-0.19754,-2.213,1
1.7763,2.875,3
-1.893,0.63814,1
-1.251,-1.5214,1
1.41,-0.91172,3
-2.5317,2.5036,2
-1.8314,1.335,3
0.21984,-0.18825,2
2.4494,-2.4069,1
-2.1554,-0.51651,2
2.4031,3.221,2
-3.0148,-0.9466,2
1.0837,-2.1878,3
-1.3303,1.5168,1
0.033751,0.5318,3
2.1057,1.0589,3
-2.1468,-2.5412,1
1.2678,-0.14174,3
2.5527,-0.58609,3
-1.7989,0.69587,2
-2.1284,0.07812,2
2.4237,0.61853,3
-2.0615,-2.7682,1
-0.92292,-2.6737,2
2.8412,1.2813,3
-0.27957,-1.99,2
0.31102,-0.57999,2
-0.22403,2.4361,1
-4.6709,-1.7013,2
0.2544,0.66904,1
-0.93153,-4.1224,1
0.51863,-3.6128,1
-0.36087,-0.39989,2
-4.8689,-0.23824,1
0.21079,-1.6103,3
2.7336,-1.4535,1
5.1413,-0.99635,3
1.4218,0.47914,3
-1.3862,0.66098,2
0.12364,0.89507,3
-4.5535,3.5878,1
0.16112,-2.8781,1
0.46119,1.3059,1
1.6119,4.831,3
-1.8845,0.38575,1
-1.9136,0.65197,3
0.21785,2.8763,2
-2.8774,-1.3963,2
0.78181,3.6213,3
0.48237,1.8086,3
0.45183,1.57,3
1.9051,-3.3843,1
0.94612,-2.1344,1
-2.6714,0.5486,3
1.6642,-3.9815,2
-0.069025,1.2614,2
2.2093,5.752,3
-2.817,-4.7028,2
-1.4573,0.84314,1
1.7152,1.7918,1
3.9529,2.0616,3
-1.9925,-2.9533,1
-2.8441,-1.9935,2
-0.52186,-0.69592,2
1.3464,0.84247,2
6.4731,4.2239,2
-1.3761,-1.2741,2
0.40544,1.8949,1
1.4073,0.79943,3
-0.046605,2.1527,3
1.0239,-0.16167,2
1.2962,-1.9704,1
-1.7211,-3.8269,1
0.12151,-2.4126,2
2.436,2.7357,3
-2.7835,0.19873,2
-3.1599,-2.1397,3
4.5071,1.797,2
-3.2048,1.5647,1
-0.21458,3.3705,3
3.4201,-0.35885,1
-1.1267,-4.0288,1
0.30839,-1.9517,2
-3.4326,-6.0102,1
-4.5583,-1.723,2
1.695,1.0146,2
2.2246,1.4005,2
-0.94578,2.7851,3
-2.1865,0.91355,1
-0.043615,-0.5151,2
-1.9048,-0.20688,1
-2.0917,-1.3323,3
1.3989,2.9776,3
2.9413,0.083392,3
-0.88945,-0.98199,2
-1.0253,-6.9875,2
-0.46501,1.6615,1
-3.3632,-0.55321,2
-1.9029,0.9674,3
0.55813,-1.9744,2
1.5342,3.4227,3
-6.2975,1.0719,1
0.2527,-0.65178,1
-1.6855,0.91509,1
-2.2644,-2.8641,1
1.0303,0.026732,2
3.1448,2.5958,2
3.9021,3.9344,2
-0.63382,-0.47125,2
-3.3478,-2.298,1
1.5681,2.8292,2
1.7218,0.95194,3
1.8093,-1.4186,2
-2.0521,-0.09295,2
4.4005,2.9168,3
0.39376,-1.4575,1
1.0057,2.2787,3
1.7468,3.1132,3
-2.5142,-0.78168,1
-4.0435,-2.2532,1
3.9609,1.6667,3
3.1362,-1.1185,3
-2.3452,-1.1458,1
0.20734,0.39413,2
0.45527,-2.1003,1
5.1705,6.2217,3
3.6997,0.66118,2
-3.3456,0.46143,1
-2.1973,0.64323,2
-2.4621,-2.8684,1
3.1198,4.1929,3
-2.0134,2.6139,1
4.8205,0.76823,3
0.5395,0.25971,2
-1.5008,0.12638,3
-2.8908,0.91916,2
-3.4167,-3.7182,1
-3.8762,-0.91935,2
3.2832,2.0386,3
3.1886,2.2567,2
-0.69715,-0.97798,2
-2.5856,0.90844,1
-1.7474,1.0738,2
0.81413,3.3302,2
-3.1144,0.49624,1
-1.8485,-0.091864,1
-2.1236,-1.9555,3
-2.8143,-0.79934,1
-0.34541,0.46332,1
-0.30815,3.3692,1
-0.43806,0.18602,2
-1.0064,-0.047133,2
-1.9829,-1.745,1
3.0356,-4.2385,1
2.0737,0.52824,1
-0.713,0.70255,3
-0.41372,2.4893,1
4.1354,-1.6758,1
-1.6444,-3.2069,2
-0.87829,0.79249,3
-0.8362,0.48004,2
2.5363,0.85598,2
-1.9896,0.69993,2
-0.80845,3.1357,2
3.8568,3.0905,3
-1.8606,2.6954,2
-0.14687,4.2158,3
-2.0049,4.9592,2
0.19968,3.1192,3
2.0051,0.80014,2
3.9317,-1.375,3
0.57334,1.5046,2
0.69359,-6.2166,1
-1.6776,0.97334,3
-1.6786,-0.12307,1
-2.1803,0.65223,2
1.5869,-2.308,2
-2.1544,-1.3427,1
0.87596,1.9716,1
1.0212,1.0576,3
3.4187,4.003,1
1.9667,0.26783,2
0.051453,-2.1272,1
2.3997,-1.1625,3
0.67027,0.11282,2
0.3145,1.3723,3
-3.5829,0.89031,3
-2.1647,-2.2504,1
-1.6812,-2.965,1
0.18821,0.65333,3
2.0203,1.8551,3
-1.4775,-3.347,1
2.8147,-1.0062,3
4.7027,1.6421,1
-0.9447,3.6185,3
-1.1621,1.7865,2
0.18792,2.8296,2
-1.9246,-2.9006,1
1.6515,1.8849,1
2.6288,4.4977,2
3.0452,-0.47113,2
-0.16231,1.3241,3
-0.97169,-2.6095,2
1.2255,0.93972,2
-3.9064,-0.40216,1
1.7117,1.89,3
-1.341,-0.76226,1
-2.7892,1.5173,3
0.033826,-0.77546,1
-0.95027,1.7425,3
-1.0666,1.317,1
-1.0549,1.7065,3
-2.3535,-2.1226,2
-1.811,-0.92721,1
-3.7135,-0.56152,2
2.4882,-3.4845,2
-4.9467,-3.5893,1
-0.36727,-0.40285,3
-0.62463,-0.17946,3
-6.6253,-1.0148,1
-0.29028,-2.9313,1
1.3732,2.4316,2
0.63461,1.9091,1
0.73196,-0.45934,2
1.0634,-0.65828,1
-5.0038,-1.2944,1
2.6216,1.8644,2
-1.6729,3.1585,1
1.3953,2.9814,1
0.63894,4.6075,3
0.62236,-1.3633,1
-6.4741,0.58058,1
1.0776,-2.7261,2
-5.1203,-1.3427,1
1.7214,0.48576,2
1.0032,-0.89887,1
2.6305,1.3493,3
-2.3389,-1.985,2
-2.168,-2.4129,3
-0.50241,-0.53465,3
-1.3362,-1.3926,1
2.9061,3.9616,2
-0.076678,1.3429,1
-0.1124,-0.60762,2
-6.8178,0.26492,2
-0.94153,5.6371,3
-0.22581,-2.1389,1
-1.891,0.23953,3
0.69671,1.2293,2
1.8293,0.61456,2
0.12129,4.4474,2
0.734,-0.29107,3
3.3572,2.046,3
3.8821,-1.0401,2
0.68598,-3.1018,1
1.3546,1.2232,3
0.11634,0.89875,2
-4.4528,1.9102,1
3.4167,4.809,3
-0.55379,-0.070224,1
-2.0765,-1.0728,3
-1.3085,-3.7779,1
3.6265,-0.89545,2
2.7033,1.7443,3
0.97887,1.2833,1
-2.4756,-1.3716,1
1.8266,0.52916,2
-2.4707,-2.8933,1
2.138,2.7793,3
-3.0337,-3.8759,1
0.32264,-1.2041,1
3.7511,2.9479,2
0.62772,1.98,3
1.4069,2.987,2
4.5082,8.116,3
2.8016,1.5985,1
2.1016,-3.3749,2
0.033061,1.1989,2
0.67309,-0.72351,1
0.65969,-0.12826,1
1.3531,1.6231,2
-2.7703,0.12587,3
-5.1614,-0.9826,2
1.4711,0.88786,1
-3.332,0.84903,1
-4.2675,-2.5121,1
1.9883,-3.6742,1
0.79766,1.3108,2
-1.6676,-4.1228,2
-1.9995,-3.9723,1
3.286,-0.21382,2
-2.3403,-1.6085,1
2.9814,-0.46182,2
1.3675,-0.55768,2
-1.1639,0.59246,1
0.79945,-3.7662,3
1.0604,-0.045165,3
1.3329,2.9711,3
-3.9303,-1.4287,1
-0.59051,2.7373,2
0.21314,1.2033,3
-6.2931,-2.3855,1
-0.69596,1.6772,1
0.75555,1.8441,3
1.42,-1.4231,1
0.46689,-1.6319,1
-0.96864,1.6381,2
2.0017,-2.6208,2
0.36274,-1.6786,2
4.9771,-0.0015492,3
-3.7118,0.033063,1
0.54491,-0.78694,1
0.23795,1.8305,3
-1.2066,-0.94262,1
-0.77572,-1.9855,2
-0.67199,0.61101,2
4.4476,-3.1971,2
1.1441,3.2069,2
4.7712,0.53836,3
-2.6107,-4.5802,1
3.1908,-1.5796,1
-2.5025,-3.9451,1
-4.4358,0.64375,3
0.90401,-1.7433,3
2.1023,2.8275,3
2.8391,-4.0665,1
-0.83047,-0.087442,2
0.44703,1.0291,2
-0.11546,0.58086,3
-1.1354,0.68131,2
-1.4614,-0.35582,1
-1.7956,0.80804,2
0.29759,-0.3996,3
2.8798,-0.16492,3
0.6256,2.6855,1
-1.2296,-2.1184,2
3.2141,2.6703,3
1.2944,4.417,1
-4.1119,2.2294,1
0.32455,1.7792,3
-3.2887,3.3102,3
-1.8061,1.1562,1
0.31481,1.2603,2
-3.1398,0.40399,2
0.32817,-0.35884,2
0.91507,3.1265,3
-0.086005,-5.2083,3
1.3063,-0.61845,2
-1.2472,0.81619,1
-4.9753,-1.2985,1
1.6261,-3.2884,2
1.1503,0.58803,2
-1.2827,0.24862,2
-1.213,-4.839,1
-2.1159,-0.91842,1
-4.7518,0.14192,2
-0.40087,1.6245,1
-4.321,-0.78501,1
-2.6765,0.70703,1
-3.9129,-1.2036,1
-1.8163,0.36975,3
1.2098,1.939,2
3.2028,0.89541,3
4.251,-1.483,3
1.258,0.64478,3
1.0969,-1.3962,3
-1.5216,-1.0702,1
-1.2187,-1.0365,2
-2.402,-2.9128,1
2.3787,3.8421,3
2.6476,-3.7265,3
-0.20705,0.91444,3
4.5147,-1.145,3
-0.69265,-1.967,1
2.5857,2.867,2
1.9216,0.90314,2
-0.60238,-5.8149,1
-1.417,0.65804,1
0.06298,-4.1459,3
-0.36775,1.1779,1
-4.0521,1.2568,2
0.4015,3.1019,1
0.31706,1.928,2
5.1142,1.0567,3
1.5634,1.0595,3
-2.759,-4.0688,1
-1.1377,-2.8028,1
-2.2761,-0.51156,1
-1.7085,-2.712,1
0.071328,-1.0104,1
-0.3281,-3.3691,3
0.57206,1.3755,3
-1.4747,-2.7355,1
1.8604,-0.9417,3
-1.3586,-0.51071,1
1.9074,4.052,3
2.8987,1.3059,3
0.066188,-0.18927,1
-1.8462,-3.2838,2
0.66163,2.6088,3
-1.1067,2.4491,3
1.3459,3.6684,2
-2.068,2.7017,1
-0.11867,1.8377,2
0.63215,-0.23224,1
-1.5629,-0.30421,1
1.0502,-2.6544,3
-4.643,-1.6505,1
-1.3058,-3.3917,1
1.2214,-6.1287,1
-1.3247,1.8007,2
-0.26075,-0.57925,1
5.0489,2.5795,3
0.46109,2.156,3
-2.5963,1.8013,3
-2.4679,2.1743,3
2.7884,4.0465,2
0.19644,-0.2326,2
0.14513,1.5797,1
3.4209,-3.0405,2
-0.68955,-1.7941,1
-2.106,2.4757,2
2.5896,-1.4128,2
0.86031,0.05412,3
-0.1855,4.3055,3
-5.2683,-1.702,2
3.3248,4.5444,3
-1.6599,-0.9803,1
3.321,0.064153,3
-0.12963,2.5798,2
-1.766,0.50257,1
1.8254,1.9217,2
-2.1153,-2.8783,1
-0.44793,-2.2652,3
2.6108,0.59227,3
-4.0014,-2.3889,1
2.1429,3.1157,1
3.5315,0.25196,3
-2.9556,-0.8612,1
2.7472,2.6623,3
2.0176,-0.23029,3
-1.3267,-2.4875,1
-0.94799,0.21465,3
3.3775,5.1462,3
5.9777,4.8909,3
-2.0795,-1.0656,1
-2.6852,1.0018,3
-0.22334,0.58042,2
3.7121,0.55073,1
-0.29962,1.8294,3
-1.6406,-1.9568,1
3.0509,0.3874,2
1.9736,4.4682,2
-0.22537,-1.7115,2
0.099983,-4.4144,1
-1.7427,-0.2891,3
1.2144,4.1542,2
-2.7188,-2.9508,2
-1.8875,0.43127,3
-2.0766,2.5006,2
-1.8442,0.28252,2
0.40931,2.4505,2
0.15202,1.6481,3
-2.9837,-2.1077,3
1.8601,-0.84339,1
-0.47973,2.7573,2
-0.77911,-0.37013,1
-1.2947,3.6563,2
2.7285,3.9661,2
0.12341,-2.3818,1
-3.5823,-3.1442,3
-1.0193,0.77467,2
-1.2306,2.7287,1
1.2608,0.58976,3
0.21372,0.73288,2
0.83683,-0.19655,3
0.70292,3.4446,1
-0.31429,2.6119,1
2.1164,-0.3643,3
1.5711,3.1498,1
3.2445,3.9427,3
-0.10093,-2.5333,1
-4.7818,0.16136,2
0.27549,-0.87474,2
-4.7048,-0.55377,2
0.12578,-1.3464,2
1.1004,-2.7222,1
2.2987,2.6166,2
2.94,-0.71357,1
0.81425,3.7423,1
-0.33267,0.10197,1
2.107,3.9346,3
1.2217,-0.33052,3
0.78958,5.4428,1
-0.62303,-1.0923,1
1.4399,1.9891,3
-1.0225,-3.5597,1
1.2285,3.0073,3
1.6837,-0.11436,2
-1.7957,0.52959,2
-1.0334,2.4174,3
-1.9037,1.2385,2
-1.5093,4.9984,3
1.0305,2.2503,3
0.32061,1.5592,2
-1.9383,5.5319,2
0.60315,2.3858,1
0.83332,-2.0838,2
-0.76047,-1.7173,1
1.9616,-0.64026,1
-0.85739,-3.381,2
-0.019608,-2.4644,1
-0.16766,-0.50194,3
-0.050337,4.7727,3
2.1207,2.226,3
-1.2573,-1.5039,1
-4.3452,-3.0302,2
-0.28397,1.2877,2
-0.50417,-1.4106,3
-1.651,0.73713,3
-2.2991,-1.3851,2
-1.7225,0.51243,1
-0.17944,2.4205,2
-4.4777,4.486,2
-1.9813,-2.8847,1
-0.25055,-0.26597,1
3.383,-2.4284,3
3.8343,3.8034,2
3.7066,-1.9724,3
2.4141,-2.1607,3
-2.0069,0.84621,3
5.0611,1.5573,2
0.54935,1.2975,2
-2.5688,0.24475,3
-2.4933,-0.73371,1
1.0259,2.3664,3
0.73542,-2.1925,2
0.059904,-0.20087,3
-1.6107,0.69995,1
0.15037,-1.1579,3
0.38482,-3.99,1
-0.86088,-1.2319,2
1.6338,1.6681,3
1.0688,-0.78572,2
0.32084,-3.9352,2
-1.5919,-1.5828,1
0.97111,-1.4274,2
-3.1501,-3.867,1
4.0909,0.67101,3
-1.5746,-2.9705,1
3.141,0.071402,3
-1.7614,-0.48918,3
-4.0373,1.8355,1
-1.1261,0.84717,1
1.6415,0.93154,2
-3.8617,-1.4452,2
-6.0664,-2.9576,1
-0.47658,1.7561,2
-1.9847,0.96389,2
-0.025545,0.78085,2
-0.63276,0.89262,2
2.5137,1.5714,3
0.68208,3.5558,2
3.9121,1.8172,3
-1.4368,0.34599,1
0.21838,-1.5047,3
-0.061702,-0.22778,3
0.12111,-1.8027,2
2.4802,-2.0849,2
3.337,0.80777,2
-6.5121,-0.40564,1
0.17042,3.4416,1
-1.3643,-1.8633,1
-0.90838,0.11403,3
-2.9635,1.8804,1
-0.31417,2.689,2
-0.36914,1.4411,3
0.57889,-0.09921,3
-2.7984,-0.33008,1
-1.0693,-1.1775,3
1.5694,2.7354,2
1.5904,0.68351,3
2.3097,1.7606,2
3.9029,-1.8101,1
-1.7382,-2.731,1
0.48182,2.6679,1
-1.7661,0.84299,2
-1.6319,-3.1632,1
2.0626,3.8978,2
1.8544,-0.6302,3
0.40254,-0.47663,3
3.3317,2.3244,3
-1.6122,-1.7209,1
1.2551,0.519,3
-1.6092,0.77246,2
-4.0962,-0.35167,3
-4.0154,-1.5102,2
-1.1998,1.7668,2
-0.60155,-3.3787,2
0.049034,5.1235,3
-3.0845,1.8437,1
2.1543,0.65725,3
-4.362,-3.3337,1
1.8209,-0.27238,2
-2.6651,0.75924,1
-0.20221,0.58242,2
-0.47704,-0.29177,2
2.4076,2.5268,3
2.9967,-0.28205,2
2.2412,0.25259,3
-0.50974,-1.7956,1
-3.981,-1.4415,1
-1.4274,2.4069,1
2.1549,-2.0897,2
4.169,-0.60688,1
-3.5063,-1.2837,1
-0.62638,1.3092,1
4.2411,1.5625,3
3.3878,-1.0772,2
1.4162,0.82866,3
-2.3016,-4.5652,1
-1.7354,-3.0981,1
1.942,0.084752,3
-2.9311,0.88383,3
3.9294,-0.22527,1
-1.6152,-2.9123,1
-2.7468,-1.3742,3
0.29259,2.6606,3
-3.4813,-0.087081,2
1.5795,2.4479,3
-2.6671,-4.8373,1
3.192,-3.248,1
-2.735,-3.0847,1
3.0933,2.8469,3
4.0902,1.8661,3
